21 22 1
21 22 2
21 22 3
21 22 4
21 22 5
21 22 6
21 22 7
21 22 8
21 22 9
21 22 10
21 22 11
21 22 12
21 22 13
21 22 14
21 22 15
21 22 16
21 22 17
21 22 18
21 22 19
21 22 20
21 22 21
21 22 22
21 22 23
21 22 24
21 22 25
21 22 26
21 22 27
21 22 28
21 22 29
21 22 30
21 22 31
21 22 32
21 22 33
21 22 34
21 22 35
21 22 36
21 22 37
21 22 38
21 22 39
21 22 40
21 22 41
21 22 42
21 22 43
21 22 44
21 22 45
21 22 46
21 22 47
21 22 48
21 22 49
21 22 50
21 22 51
21 22 52
21 22 53
21 22 54
21 22 55
21 22 56
21 22 57
21 22 58
21 22 59
21 22 60
21 22 61
21 22 62
21 22 63
21 22 64
21 22 65
21 22 66
21 22 67
21 22 68
21 22 69
21 22 70
21 22 71
21 22 72
21 22 73
21 22 74
21 22 75
21 22 76
21 22 77
21 22 78
21 22 79
21 22 80
21 22 81
21 22 82
21 22 83
21 22 84
21 22 85
21 22 86
21 22 87
21 22 88
21 22 89
21 22 90
21 22 91
21 22 92
21 22 93
21 22 94
21 22 95
21 22 96
21 22 97
21 22 98
