89 92 1
90 92 1
91 92 1
89 93 2
90 93 2
91 93 2
89 94 3
90 94 3
91 94 3
89 95 4
90 95 4
91 95 4
89 96 5
90 96 5
91 96 5
89 97 6
90 97 6
91 97 6
89 98 7
90 98 7
91 98 7
89 99 8
90 99 8
91 99 8
89 100 9
90 100 9
91 100 9
89 101 10
90 101 10
91 101 10
89 102 11
90 102 11
91 102 11
89 103 12
90 103 12
91 103 12
89 92 13
90 92 13
91 92 13
89 93 14
90 93 14
91 93 14
89 94 15
90 94 15
91 94 15
89 95 16
90 95 16
91 95 16
89 96 17
90 96 17
91 96 17
89 97 18
90 97 18
91 97 18
89 98 19
90 98 19
91 98 19
89 99 20
90 99 20
91 99 20
89 100 21
90 100 21
91 100 21
89 101 22
90 101 22
91 101 22
89 102 23
90 102 23
91 102 23
89 103 24
90 103 24
91 103 24
89 92 25
90 92 25
91 92 25
89 93 26
90 93 26
91 93 26
89 94 27
90 94 27
91 94 27
89 95 28
90 95 28
91 95 28
89 96 29
90 96 29
91 96 29
89 97 30
90 97 30
91 97 30
89 98 31
90 98 31
91 98 31
89 99 32
90 99 32
91 99 32
89 100 33
90 100 33
91 100 33
89 101 34
90 101 34
91 101 34
89 102 35
90 102 35
91 102 35
89 103 36
90 103 36
91 103 36
