17 18 1
17 18 2
17 18 3
17 18 4
17 18 5
17 18 6
17 18 7
17 18 8
17 18 9
17 18 10
17 18 11
17 18 12
17 18 13
17 18 14
17 18 15
17 18 16
17 18 17
17 18 18
17 18 19
17 18 20
17 18 21
17 18 22
17 18 23
17 18 24
17 18 25
17 18 26
17 18 27
17 18 28
17 18 29
17 18 30
17 18 31
17 18 32
17 18 33
17 18 34
17 18 35
17 18 36
17 18 37
17 18 38
17 18 39
17 18 40
17 18 41
17 18 42
17 18 43
17 18 44
17 18 45
17 18 46
17 18 47
17 18 48
17 18 49
17 18 50
17 18 51
17 18 52
17 18 53
17 18 54
17 18 55
17 18 56
17 18 57
17 18 58
17 18 59
17 18 60
17 18 61
17 18 62
17 18 63
17 18 64
17 18 65
17 18 66
17 18 67
17 18 68
17 18 69
17 18 70
17 18 71
17 18 72
17 18 73
17 18 74
17 18 75
17 18 76
17 18 77
17 18 78
17 18 79
17 18 80
17 18 81
17 18 82
17 18 83
17 18 84
17 18 85
17 18 86
17 18 87
17 18 88
17 18 89
17 18 90
17 18 91
17 18 92
17 18 93
17 18 94
17 18 95
17 18 96
17 18 97
17 18 98
