228 104 1
228 105 2
228 106 3
228 104 4
228 105 5
228 106 6
228 104 7
228 105 8
228 106 9
228 104 10
228 105 11
228 106 12
228 104 13
228 105 14
228 106 15
228 104 16
228 105 17
228 106 18
228 104 19
228 105 20
228 106 21
228 104 22
228 105 23
228 106 24
228 104 25
228 105 26
228 106 27
228 104 28
228 105 29
228 106 30
228 104 31
228 105 32
228 106 33
228 104 34
228 105 35
228 106 36
228 104 37
228 105 38
228 106 39
228 104 40
228 105 41
228 106 42
228 104 43
228 105 44
228 106 45
228 104 46
228 105 47
228 106 48
228 104 49
228 105 50
228 106 51
228 104 52
228 105 53
228 106 54
228 104 55
228 105 56
228 106 57
228 104 58
228 105 59
228 106 60
228 104 61
228 105 62
228 106 63
228 104 64
228 105 65
228 106 66
228 104 67
228 105 68
228 106 69
228 104 70
228 105 71
228 106 72
228 104 73
228 105 74
228 106 75
228 104 76
228 105 77
228 106 78
228 104 79
228 105 80
228 106 81
228 104 82
228 105 83
228 106 84
228 104 85
228 105 86
228 106 87
228 104 88
228 105 89
228 106 90
228 104 91
228 105 92
228 106 93
228 104 94
228 105 95
228 106 96
228 104 97
228 105 98
228 106 99
228 104 100
228 105 101
228 106 102
228 104 103
228 105 104
228 106 105
228 104 106
228 105 107
228 106 108
228 104 109
228 105 110
228 106 111
228 104 112
228 105 113
228 106 114
228 104 115
228 105 116
228 106 117
228 104 118
228 105 119
228 106 120
228 104 121
228 105 122
228 106 123
228 104 124
228 105 125
228 106 126
228 104 127
228 105 128
228 106 129
228 104 130
228 105 131
228 106 132
228 104 133
228 105 134
228 106 135
228 104 136
228 105 137
228 106 138
228 104 139
228 105 140
228 106 141
228 104 142
228 105 143
228 106 144
228 104 145
228 105 146
228 106 147
228 104 148
228 105 149
228 106 150
228 104 151
228 105 152
228 106 153
228 104 154
228 105 155
228 106 156
228 104 157
228 105 158
228 106 159
228 104 160
228 105 161
228 106 162
228 104 163
228 105 164
228 106 165
228 104 166
228 105 167
228 106 168
228 104 169
228 105 170
228 106 171
228 104 172
228 105 173
228 106 174
228 104 175
228 105 176
228 106 177
228 104 178
228 105 179
228 106 180
228 104 181
228 105 182
228 106 183
228 104 184
228 105 185
228 106 186
228 104 187
228 105 188
228 106 189
228 104 190
228 105 191
228 106 192
228 104 193
228 105 194
228 106 195
228 104 196
228 105 197
228 106 198
228 104 199
228 105 200
228 106 201
228 104 202
228 105 203
228 106 204
228 104 205
228 105 206
228 106 207
228 104 208
228 105 209
228 106 210
228 104 211
228 105 212
228 106 213
228 104 214
228 105 215
228 106 216
228 104 217
228 105 218
228 106 219
228 104 220
228 105 221
228 106 222
228 104 223
228 105 224
228 106 225
228 104 226
228 105 227
228 106 228
228 104 229
228 105 230
228 106 231
228 104 232
228 105 233
228 106 234
228 104 235
228 105 236
228 106 237
228 104 238
228 105 239
228 106 240
228 104 241
228 105 242
228 106 243
