200 203 1
201 203 1
202 203 1
200 204 2
201 204 2
202 204 2
200 205 3
201 205 3
202 205 3
200 203 4
201 203 4
202 203 4
200 204 5
201 204 5
202 204 5
200 205 6
201 205 6
202 205 6
200 203 7
201 203 7
202 203 7
200 204 8
201 204 8
202 204 8
200 205 9
201 205 9
202 205 9
200 203 10
201 203 10
202 203 10
200 204 11
201 204 11
202 204 11
200 205 12
201 205 12
202 205 12
200 203 13
201 203 13
202 203 13
200 204 14
201 204 14
202 204 14
200 205 15
201 205 15
202 205 15
200 203 16
201 203 16
202 203 16
200 204 17
201 204 17
202 204 17
200 205 18
201 205 18
202 205 18
200 203 19
201 203 19
202 203 19
200 204 20
201 204 20
202 204 20
200 205 21
201 205 21
202 205 21
200 203 22
201 203 22
202 203 22
200 204 23
201 204 23
202 204 23
200 205 24
201 205 24
202 205 24
200 203 25
201 203 25
202 203 25
200 204 26
201 204 26
202 204 26
200 205 27
201 205 27
202 205 27
200 203 28
201 203 28
202 203 28
200 204 29
201 204 29
202 204 29
200 205 30
201 205 30
202 205 30
200 203 31
201 203 31
202 203 31
200 204 32
201 204 32
202 204 32
200 205 33
201 205 33
202 205 33
200 203 34
201 203 34
202 203 34
200 204 35
201 204 35
202 204 35
200 205 36
201 205 36
202 205 36
200 203 37
201 203 37
202 203 37
200 204 38
201 204 38
202 204 38
200 205 39
201 205 39
202 205 39
200 203 40
201 203 40
202 203 40
200 204 41
201 204 41
202 204 41
200 205 42
201 205 42
202 205 42
200 203 43
201 203 43
202 203 43
200 204 44
201 204 44
202 204 44
200 205 45
201 205 45
202 205 45
200 203 46
201 203 46
202 203 46
200 204 47
201 204 47
202 204 47
200 205 48
201 205 48
202 205 48
200 203 49
201 203 49
202 203 49
200 204 50
201 204 50
202 204 50
200 205 51
201 205 51
202 205 51
200 203 52
201 203 52
202 203 52
200 204 53
201 204 53
202 204 53
200 205 54
201 205 54
202 205 54
200 203 55
201 203 55
202 203 55
200 204 56
201 204 56
202 204 56
200 205 57
201 205 57
202 205 57
200 203 58
201 203 58
202 203 58
200 204 59
201 204 59
202 204 59
200 205 60
201 205 60
202 205 60
200 203 61
201 203 61
202 203 61
200 204 62
201 204 62
202 204 62
200 205 63
201 205 63
202 205 63
200 203 64
201 203 64
202 203 64
200 204 65
201 204 65
202 204 65
200 205 66
201 205 66
202 205 66
200 203 67
201 203 67
202 203 67
200 204 68
201 204 68
202 204 68
200 205 69
201 205 69
202 205 69
200 203 70
201 203 70
202 203 70
200 204 71
201 204 71
202 204 71
200 205 72
201 205 72
202 205 72
200 203 73
201 203 73
202 203 73
200 204 74
201 204 74
202 204 74
200 205 75
201 205 75
202 205 75
200 203 76
201 203 76
202 203 76
200 204 77
201 204 77
202 204 77
200 205 78
201 205 78
202 205 78
200 203 79
201 203 79
202 203 79
200 204 80
201 204 80
202 204 80
200 205 81
201 205 81
202 205 81
200 203 82
201 203 82
202 203 82
200 204 83
201 204 83
202 204 83
200 205 84
201 205 84
202 205 84
200 203 85
201 203 85
202 203 85
200 204 86
201 204 86
202 204 86
200 205 87
201 205 87
202 205 87
200 203 88
201 203 88
202 203 88
200 204 89
201 204 89
202 204 89
200 205 90
201 205 90
202 205 90
200 203 91
201 203 91
202 203 91
200 204 92
201 204 92
202 204 92
200 205 93
201 205 93
202 205 93
200 203 94
201 203 94
202 203 94
200 204 95
201 204 95
202 204 95
200 205 96
201 205 96
202 205 96
200 203 97
201 203 97
202 203 97
200 204 98
201 204 98
202 204 98
200 205 99
201 205 99
202 205 99
200 203 100
201 203 100
202 203 100
200 204 101
201 204 101
202 204 101
200 205 102
201 205 102
202 205 102
200 203 103
201 203 103
202 203 103
200 204 104
201 204 104
202 204 104
200 205 105
201 205 105
202 205 105
200 203 106
201 203 106
202 203 106
200 204 107
201 204 107
202 204 107
200 205 108
201 205 108
202 205 108
200 203 109
201 203 109
202 203 109
200 204 110
201 204 110
202 204 110
200 205 111
201 205 111
202 205 111
200 203 112
201 203 112
202 203 112
200 204 113
201 204 113
202 204 113
200 205 114
201 205 114
202 205 114
200 203 115
201 203 115
202 203 115
200 204 116
201 204 116
202 204 116
200 205 117
201 205 117
202 205 117
200 203 118
201 203 118
202 203 118
200 204 119
201 204 119
202 204 119
200 205 120
201 205 120
202 205 120
200 203 121
201 203 121
202 203 121
200 204 122
201 204 122
202 204 122
200 205 123
201 205 123
202 205 123
200 203 124
201 203 124
202 203 124
200 204 125
201 204 125
202 204 125
200 205 126
201 205 126
202 205 126
200 203 127
201 203 127
202 203 127
200 204 128
201 204 128
202 204 128
200 205 129
201 205 129
202 205 129
200 203 130
201 203 130
202 203 130
200 204 131
201 204 131
202 204 131
200 205 132
201 205 132
202 205 132
200 203 133
201 203 133
202 203 133
200 204 134
201 204 134
202 204 134
200 205 135
201 205 135
202 205 135
200 203 136
201 203 136
202 203 136
200 204 137
201 204 137
202 204 137
200 205 138
201 205 138
202 205 138
200 203 139
201 203 139
202 203 139
200 204 140
201 204 140
202 204 140
200 205 141
201 205 141
202 205 141
200 203 142
201 203 142
202 203 142
200 204 143
201 204 143
202 204 143
200 205 144
201 205 144
202 205 144
200 203 145
201 203 145
202 203 145
200 204 146
201 204 146
202 204 146
200 205 147
201 205 147
202 205 147
200 203 148
201 203 148
202 203 148
200 204 149
201 204 149
202 204 149
200 205 150
201 205 150
202 205 150
200 203 151
201 203 151
202 203 151
200 204 152
201 204 152
202 204 152
200 205 153
201 205 153
202 205 153
200 203 154
201 203 154
202 203 154
200 204 155
201 204 155
202 204 155
200 205 156
201 205 156
202 205 156
200 203 157
201 203 157
202 203 157
200 204 158
201 204 158
202 204 158
200 205 159
201 205 159
202 205 159
200 203 160
201 203 160
202 203 160
200 204 161
201 204 161
202 204 161
200 205 162
201 205 162
202 205 162
200 203 163
201 203 163
202 203 163
200 204 164
201 204 164
202 204 164
200 205 165
201 205 165
202 205 165
200 203 166
201 203 166
202 203 166
200 204 167
201 204 167
202 204 167
200 205 168
201 205 168
202 205 168
200 203 169
201 203 169
202 203 169
200 204 170
201 204 170
202 204 170
200 205 171
201 205 171
202 205 171
200 203 172
201 203 172
202 203 172
200 204 173
201 204 173
202 204 173
200 205 174
201 205 174
202 205 174
200 203 175
201 203 175
202 203 175
200 204 176
201 204 176
202 204 176
200 205 177
201 205 177
202 205 177
200 203 178
201 203 178
202 203 178
200 204 179
201 204 179
202 204 179
200 205 180
201 205 180
202 205 180
200 203 181
201 203 181
202 203 181
200 204 182
201 204 182
202 204 182
200 205 183
201 205 183
202 205 183
200 203 184
201 203 184
202 203 184
200 204 185
201 204 185
202 204 185
200 205 186
201 205 186
202 205 186
200 203 187
201 203 187
202 203 187
200 204 188
201 204 188
202 204 188
200 205 189
201 205 189
202 205 189
200 203 190
201 203 190
202 203 190
200 204 191
201 204 191
202 204 191
200 205 192
201 205 192
202 205 192
200 203 193
201 203 193
202 203 193
200 204 194
201 204 194
202 204 194
200 205 195
201 205 195
202 205 195
200 203 196
201 203 196
202 203 196
200 204 197
201 204 197
202 204 197
200 205 198
201 205 198
202 205 198
200 203 199
201 203 199
202 203 199
200 204 200
201 204 200
202 204 200
200 205 201
201 205 201
202 205 201
200 203 202
201 203 202
202 203 202
200 204 203
201 204 203
202 204 203
200 205 204
201 205 204
202 205 204
200 203 205
201 203 205
202 203 205
200 204 206
201 204 206
202 204 206
200 205 207
201 205 207
202 205 207
200 203 208
201 203 208
202 203 208
200 204 209
201 204 209
202 204 209
200 205 210
201 205 210
202 205 210
200 203 211
201 203 211
202 203 211
200 204 212
201 204 212
202 204 212
200 205 213
201 205 213
202 205 213
200 203 214
201 203 214
202 203 214
200 204 215
201 204 215
202 204 215
200 205 216
201 205 216
202 205 216
200 203 217
201 203 217
202 203 217
200 204 218
201 204 218
202 204 218
200 205 219
201 205 219
202 205 219
200 203 220
201 203 220
202 203 220
200 204 221
201 204 221
202 204 221
200 205 222
201 205 222
202 205 222
200 203 223
201 203 223
202 203 223
200 204 224
201 204 224
202 204 224
200 205 225
201 205 225
202 205 225
200 203 226
201 203 226
202 203 226
200 204 227
201 204 227
202 204 227
200 205 228
201 205 228
202 205 228
200 203 229
201 203 229
202 203 229
200 204 230
201 204 230
202 204 230
200 205 231
201 205 231
202 205 231
200 203 232
201 203 232
202 203 232
200 204 233
201 204 233
202 204 233
200 205 234
201 205 234
202 205 234
200 203 235
201 203 235
202 203 235
200 204 236
201 204 236
202 204 236
200 205 237
201 205 237
202 205 237
200 203 238
201 203 238
202 203 238
200 204 239
201 204 239
202 204 239
200 205 240
201 205 240
202 205 240
200 203 241
201 203 241
202 203 241
200 204 242
201 204 242
202 204 242
200 205 243
201 205 243
202 205 243
200 203 244
201 203 244
202 203 244
200 204 245
201 204 245
202 204 245
200 205 246
201 205 246
202 205 246
200 203 247
201 203 247
202 203 247
200 204 248
201 204 248
202 204 248
200 205 249
201 205 249
202 205 249
200 203 250
201 203 250
202 203 250
200 204 251
201 204 251
202 204 251
200 205 252
201 205 252
202 205 252
200 203 253
201 203 253
202 203 253
200 204 254
201 204 254
202 204 254
200 205 255
201 205 255
202 205 255
200 203 256
201 203 256
202 203 256
200 204 257
201 204 257
202 204 257
200 205 258
201 205 258
202 205 258
200 203 259
201 203 259
202 203 259
200 204 260
201 204 260
202 204 260
200 205 261
201 205 261
202 205 261
200 203 262
201 203 262
202 203 262
200 204 263
201 204 263
202 204 263
200 205 264
201 205 264
202 205 264
200 203 265
201 203 265
202 203 265
200 204 266
201 204 266
202 204 266
200 205 267
201 205 267
202 205 267
200 203 268
201 203 268
202 203 268
200 204 269
201 204 269
202 204 269
200 205 270
201 205 270
202 205 270
200 203 271
201 203 271
202 203 271
200 204 272
201 204 272
202 204 272
200 205 273
201 205 273
202 205 273
200 203 274
201 203 274
202 203 274
200 204 275
201 204 275
202 204 275
200 205 276
201 205 276
202 205 276
200 203 277
201 203 277
202 203 277
200 204 278
201 204 278
202 204 278
200 205 279
201 205 279
202 205 279
200 203 280
201 203 280
202 203 280
200 204 281
201 204 281
202 204 281
200 205 282
201 205 282
202 205 282
200 203 283
201 203 283
202 203 283
200 204 284
201 204 284
202 204 284
200 205 285
201 205 285
202 205 285
200 203 286
201 203 286
202 203 286
200 204 287
201 204 287
202 204 287
200 205 288
201 205 288
202 205 288
200 203 289
201 203 289
202 203 289
200 204 290
201 204 290
202 204 290
200 205 291
201 205 291
202 205 291
200 203 292
201 203 292
202 203 292
200 204 293
201 204 293
202 204 293
200 205 294
201 205 294
202 205 294
200 203 295
201 203 295
202 203 295
200 204 296
201 204 296
202 204 296
200 205 297
201 205 297
202 205 297
200 203 298
201 203 298
202 203 298
200 204 299
201 204 299
202 204 299
200 205 300
201 205 300
202 205 300
200 203 301
201 203 301
202 203 301
200 204 302
201 204 302
202 204 302
200 205 303
201 205 303
202 205 303
200 203 304
201 203 304
202 203 304
200 204 305
201 204 305
202 204 305
200 205 306
201 205 306
202 205 306
200 203 307
201 203 307
202 203 307
200 204 308
201 204 308
202 204 308
200 205 309
201 205 309
202 205 309
200 203 310
201 203 310
202 203 310
200 204 311
201 204 311
202 204 311
200 205 312
201 205 312
202 205 312
200 203 313
201 203 313
202 203 313
200 204 314
201 204 314
202 204 314
200 205 315
201 205 315
202 205 315
200 203 316
201 203 316
202 203 316
200 204 317
201 204 317
202 204 317
200 205 318
201 205 318
202 205 318
200 203 319
201 203 319
202 203 319
200 204 320
201 204 320
202 204 320
200 205 321
201 205 321
202 205 321
200 203 322
201 203 322
202 203 322
200 204 323
201 204 323
202 204 323
200 205 324
201 205 324
202 205 324
200 203 325
201 203 325
202 203 325
200 204 326
201 204 326
202 204 326
200 205 327
201 205 327
202 205 327
