228 73 1
228 73 2
228 73 3
228 73 4
228 73 5
228 73 6
228 73 7
228 73 8
228 73 9
228 73 10
228 73 11
228 73 12
228 73 13
228 73 14
228 73 15
228 73 16
228 73 17
228 73 18
228 73 19
228 73 20
228 73 21
228 73 22
228 73 23
228 73 24
228 73 25
228 73 26
228 73 27
228 73 28
228 73 29
228 73 30
228 73 31
228 73 32
228 73 33
228 73 34
228 73 35
228 73 36
228 73 37
228 73 38
228 73 39
228 73 40
228 73 41
228 73 42
228 73 43
228 73 44
228 73 45
228 73 46
228 73 47
228 73 48
228 73 49
228 73 50
228 73 51
228 73 52
228 73 53
228 73 54
228 73 55
228 73 56
228 73 57
228 73 58
228 73 59
228 73 60
228 73 61
228 73 62
228 73 63
228 73 64
228 73 65
228 73 66
228 73 67
228 73 68
228 73 69
228 73 70
228 73 71
228 73 72
228 73 73
228 73 74
228 73 75
228 73 76
228 73 77
228 73 78
228 73 79
228 73 80
228 73 81
228 73 82
228 73 83
228 73 84
228 73 85
228 73 86
228 73 87
228 73 88
228 73 89
228 73 90
228 73 91
228 73 92
228 73 93
228 73 94
228 73 95
228 73 96
228 73 97
228 73 98
228 73 99
228 73 100
228 73 101
228 73 102
228 73 103
228 73 104
228 73 105
228 73 106
228 73 107
228 73 108
228 73 109
228 73 110
228 73 111
228 73 112
228 73 113
228 73 114
228 73 115
228 73 116
228 73 117
228 73 118
228 73 119
228 73 120
228 73 121
228 73 122
228 73 123
228 73 124
228 73 125
228 73 126
228 73 127
228 73 128
228 73 129
228 73 130
228 73 131
228 73 132
228 73 133
228 73 134
228 73 135
228 73 136
228 73 137
228 73 138
228 73 139
228 73 140
228 73 141
228 73 142
228 73 143
228 73 144
228 73 145
228 73 146
228 73 147
228 73 148
228 73 149
228 73 150
228 73 151
228 73 152
228 73 153
228 73 154
228 73 155
228 73 156
228 73 157
228 73 158
228 73 159
228 73 160
228 73 161
228 73 162
228 73 163
228 73 164
228 73 165
228 73 166
228 73 167
228 73 168
228 73 169
228 73 170
228 73 171
228 73 172
228 73 173
228 73 174
228 73 175
228 73 176
228 73 177
228 73 178
228 73 179
228 73 180
228 73 181
228 73 182
228 73 183
228 73 184
228 73 185
228 73 186
228 73 187
228 73 188
228 73 189
228 73 190
228 73 191
228 73 192
228 73 193
228 73 194
228 73 195
228 73 196
228 73 197
228 73 198
228 73 199
228 73 200
228 73 201
228 73 202
228 73 203
228 73 204
228 73 205
228 73 206
228 73 207
228 73 208
228 73 209
228 73 210
228 73 211
228 73 212
228 73 213
228 73 214
228 73 215
228 73 216
228 73 217
228 73 218
228 73 219
228 73 220
228 73 221
228 73 222
228 73 223
228 73 224
228 73 225
228 73 226
228 73 227
228 73 228
228 73 229
228 73 230
228 73 231
228 73 232
228 73 233
228 73 234
228 73 235
228 73 236
228 73 237
228 73 238
228 73 239
228 73 240
228 73 241
228 73 242
228 73 243
228 73 244
228 73 245
