228 4 1
228 5 2
228 6 3
228 4 4
228 5 5
228 6 6
228 4 7
228 5 8
228 6 9
228 4 10
228 5 11
228 6 12
228 4 13
228 5 14
228 6 15
228 4 16
228 5 17
228 6 18
228 4 19
228 5 20
228 6 21
228 4 22
228 5 23
228 6 24
228 4 25
228 5 26
228 6 27
228 4 28
228 5 29
228 6 30
228 4 31
228 5 32
228 6 33
228 4 34
228 5 35
228 6 36
228 4 37
228 5 38
228 6 39
228 4 40
228 5 41
228 6 42
228 4 43
228 5 44
228 6 45
228 4 46
228 5 47
228 6 48
228 4 49
228 5 50
228 6 51
228 4 52
228 5 53
228 6 54
228 4 55
228 5 56
228 6 57
228 4 58
228 5 59
228 6 60
228 4 61
228 5 62
228 6 63
228 4 64
228 5 65
228 6 66
228 4 67
228 5 68
228 6 69
228 4 70
228 5 71
228 6 72
228 4 73
228 5 74
228 6 75
228 4 76
228 5 77
228 6 78
228 4 79
228 5 80
228 6 81
228 4 82
228 5 83
228 6 84
228 4 85
228 5 86
228 6 87
228 4 88
228 5 89
228 6 90
228 4 91
228 5 92
228 6 93
228 4 94
228 5 95
228 6 96
228 4 97
228 5 98
228 6 99
228 4 100
228 5 101
228 6 102
228 4 103
228 5 104
228 6 105
228 4 106
228 5 107
228 6 108
228 4 109
228 5 110
228 6 111
228 4 112
228 5 113
228 6 114
228 4 115
228 5 116
228 6 117
228 4 118
228 5 119
228 6 120
228 4 121
228 5 122
228 6 123
228 4 124
228 5 125
228 6 126
228 4 127
228 5 128
228 6 129
228 4 130
228 5 131
228 6 132
228 4 133
228 5 134
228 6 135
228 4 136
228 5 137
228 6 138
228 4 139
228 5 140
228 6 141
228 4 142
228 5 143
228 6 144
228 4 145
228 5 146
228 6 147
228 4 148
228 5 149
228 6 150
228 4 151
228 5 152
228 6 153
228 4 154
228 5 155
228 6 156
228 4 157
228 5 158
228 6 159
228 4 160
228 5 161
228 6 162
228 4 163
228 5 164
228 6 165
228 4 166
228 5 167
228 6 168
228 4 169
228 5 170
228 6 171
228 4 172
228 5 173
228 6 174
228 4 175
228 5 176
228 6 177
228 4 178
228 5 179
228 6 180
228 4 181
228 5 182
228 6 183
228 4 184
228 5 185
228 6 186
228 4 187
228 5 188
228 6 189
228 4 190
228 5 191
228 6 192
228 4 193
228 5 194
228 6 195
228 4 196
228 5 197
228 6 198
228 4 199
228 5 200
228 6 201
228 4 202
228 5 203
228 6 204
228 4 205
228 5 206
228 6 207
228 4 208
228 5 209
228 6 210
228 4 211
228 5 212
228 6 213
228 4 214
228 5 215
228 6 216
228 4 217
228 5 218
228 6 219
228 4 220
228 5 221
228 6 222
228 4 223
228 5 224
228 6 225
228 4 226
228 5 227
228 6 228
228 4 229
228 5 230
228 6 231
228 4 232
228 5 233
228 6 234
228 4 235
228 5 236
228 6 237
228 4 238
228 5 239
228 6 240
228 4 241
228 5 242
228 6 243
