74 77 1
75 77 1
76 77 1
74 78 2
75 78 2
76 78 2
74 79 3
75 79 3
76 79 3
74 77 4
75 77 4
76 77 4
74 78 5
75 78 5
76 78 5
74 79 6
75 79 6
76 79 6
74 77 7
75 77 7
76 77 7
74 78 8
75 78 8
76 78 8
74 79 9
75 79 9
76 79 9
74 77 10
75 77 10
76 77 10
74 78 11
75 78 11
76 78 11
74 79 12
75 79 12
76 79 12
74 77 13
75 77 13
76 77 13
74 78 14
75 78 14
76 78 14
74 79 15
75 79 15
76 79 15
74 77 16
75 77 16
76 77 16
74 78 17
75 78 17
76 78 17
74 79 18
75 79 18
76 79 18
74 77 19
75 77 19
76 77 19
74 78 20
75 78 20
76 78 20
74 79 21
75 79 21
76 79 21
74 77 22
75 77 22
76 77 22
74 78 23
75 78 23
76 78 23
74 79 24
75 79 24
76 79 24
74 77 25
75 77 25
76 77 25
74 78 26
75 78 26
76 78 26
74 79 27
75 79 27
76 79 27
74 77 28
75 77 28
76 77 28
74 78 29
75 78 29
76 78 29
74 79 30
75 79 30
76 79 30
74 77 31
75 77 31
76 77 31
74 78 32
75 78 32
76 78 32
74 79 33
75 79 33
76 79 33
74 77 34
75 77 34
76 77 34
74 78 35
75 78 35
76 78 35
74 79 36
75 79 36
76 79 36
74 77 37
75 77 37
76 77 37
74 78 38
75 78 38
76 78 38
74 79 39
75 79 39
76 79 39
74 77 40
75 77 40
76 77 40
74 78 41
75 78 41
76 78 41
74 79 42
75 79 42
76 79 42
74 77 43
75 77 43
76 77 43
74 78 44
75 78 44
76 78 44
74 79 45
75 79 45
76 79 45
74 77 46
75 77 46
76 77 46
74 78 47
75 78 47
76 78 47
74 79 48
75 79 48
76 79 48
74 77 49
75 77 49
76 77 49
74 78 50
75 78 50
76 78 50
74 79 51
75 79 51
76 79 51
74 77 52
75 77 52
76 77 52
74 78 53
75 78 53
76 78 53
74 79 54
75 79 54
76 79 54
74 77 55
75 77 55
76 77 55
74 78 56
75 78 56
76 78 56
74 79 57
75 79 57
76 79 57
74 77 58
75 77 58
76 77 58
74 78 59
75 78 59
76 78 59
74 79 60
75 79 60
76 79 60
74 77 61
75 77 61
76 77 61
74 78 62
75 78 62
76 78 62
74 79 63
75 79 63
76 79 63
74 77 64
75 77 64
76 77 64
74 78 65
75 78 65
76 78 65
74 79 66
75 79 66
76 79 66
74 77 67
75 77 67
76 77 67
74 78 68
75 78 68
76 78 68
74 79 69
75 79 69
76 79 69
74 77 70
75 77 70
76 77 70
74 78 71
75 78 71
76 78 71
74 79 72
75 79 72
76 79 72
74 77 73
75 77 73
76 77 73
74 78 74
75 78 74
76 78 74
74 79 75
75 79 75
76 79 75
74 77 76
75 77 76
76 77 76
74 78 77
75 78 77
76 78 77
74 79 78
75 79 78
76 79 78
74 77 79
75 77 79
76 77 79
74 78 80
75 78 80
76 78 80
74 79 81
75 79 81
76 79 81
74 77 82
75 77 82
76 77 82
74 78 83
75 78 83
76 78 83
74 79 84
75 79 84
76 79 84
74 77 85
75 77 85
76 77 85
74 78 86
75 78 86
76 78 86
74 79 87
75 79 87
76 79 87
74 77 88
75 77 88
76 77 88
74 78 89
75 78 89
76 78 89
74 79 90
75 79 90
76 79 90
74 77 91
75 77 91
76 77 91
74 78 92
75 78 92
76 78 92
74 79 93
75 79 93
76 79 93
74 77 94
75 77 94
76 77 94
74 78 95
75 78 95
76 78 95
74 79 96
75 79 96
76 79 96
74 77 97
75 77 97
76 77 97
74 78 98
75 78 98
76 78 98
74 79 99
75 79 99
76 79 99
74 77 100
75 77 100
76 77 100
74 78 101
75 78 101
76 78 101
74 79 102
75 79 102
76 79 102
74 77 103
75 77 103
76 77 103
74 78 104
75 78 104
76 78 104
74 79 105
75 79 105
76 79 105
74 77 106
75 77 106
76 77 106
74 78 107
75 78 107
76 78 107
74 79 108
75 79 108
76 79 108
74 77 109
75 77 109
76 77 109
74 78 110
75 78 110
76 78 110
74 79 111
75 79 111
76 79 111
74 77 112
75 77 112
76 77 112
74 78 113
75 78 113
76 78 113
74 79 114
75 79 114
76 79 114
74 77 115
75 77 115
76 77 115
74 78 116
75 78 116
76 78 116
74 79 117
75 79 117
76 79 117
74 77 118
75 77 118
76 77 118
74 78 119
75 78 119
76 78 119
74 79 120
75 79 120
76 79 120
74 77 121
75 77 121
76 77 121
74 78 122
75 78 122
76 78 122
74 79 123
75 79 123
76 79 123
74 77 124
75 77 124
76 77 124
74 78 125
75 78 125
76 78 125
74 79 126
75 79 126
76 79 126
74 77 127
75 77 127
76 77 127
74 78 128
75 78 128
76 78 128
74 79 129
75 79 129
76 79 129
74 77 130
75 77 130
76 77 130
74 78 131
75 78 131
76 78 131
74 79 132
75 79 132
76 79 132
74 77 133
75 77 133
76 77 133
74 78 134
75 78 134
76 78 134
74 79 135
75 79 135
76 79 135
74 77 136
75 77 136
76 77 136
74 78 137
75 78 137
76 78 137
74 79 138
75 79 138
76 79 138
74 77 139
75 77 139
76 77 139
74 78 140
75 78 140
76 78 140
74 79 141
75 79 141
76 79 141
74 77 142
75 77 142
76 77 142
74 78 143
75 78 143
76 78 143
74 79 144
75 79 144
76 79 144
74 77 145
75 77 145
76 77 145
74 78 146
75 78 146
76 78 146
74 79 147
75 79 147
76 79 147
74 77 148
75 77 148
76 77 148
74 78 149
75 78 149
76 78 149
74 79 150
75 79 150
76 79 150
74 77 151
75 77 151
76 77 151
74 78 152
75 78 152
76 78 152
74 79 153
75 79 153
76 79 153
74 77 154
75 77 154
76 77 154
74 78 155
75 78 155
76 78 155
74 79 156
75 79 156
76 79 156
74 77 157
75 77 157
76 77 157
74 78 158
75 78 158
76 78 158
74 79 159
75 79 159
76 79 159
74 77 160
75 77 160
76 77 160
74 78 161
75 78 161
76 78 161
74 79 162
75 79 162
76 79 162
74 77 163
75 77 163
76 77 163
74 78 164
75 78 164
76 78 164
74 79 165
75 79 165
76 79 165
74 77 166
75 77 166
76 77 166
74 78 167
75 78 167
76 78 167
74 79 168
75 79 168
76 79 168
74 77 169
75 77 169
76 77 169
74 78 170
75 78 170
76 78 170
74 79 171
75 79 171
76 79 171
74 77 172
75 77 172
76 77 172
74 78 173
75 78 173
76 78 173
74 79 174
75 79 174
76 79 174
74 77 175
75 77 175
76 77 175
74 78 176
75 78 176
76 78 176
74 79 177
75 79 177
76 79 177
74 77 178
75 77 178
76 77 178
74 78 179
75 78 179
76 78 179
74 79 180
75 79 180
76 79 180
74 77 181
75 77 181
76 77 181
74 78 182
75 78 182
76 78 182
74 79 183
75 79 183
76 79 183
74 77 184
75 77 184
76 77 184
74 78 185
75 78 185
76 78 185
74 79 186
75 79 186
76 79 186
74 77 187
75 77 187
76 77 187
74 78 188
75 78 188
76 78 188
74 79 189
75 79 189
76 79 189
74 77 190
75 77 190
76 77 190
74 78 191
75 78 191
76 78 191
74 79 192
75 79 192
76 79 192
74 77 193
75 77 193
76 77 193
74 78 194
75 78 194
76 78 194
74 79 195
75 79 195
76 79 195
74 77 196
75 77 196
76 77 196
74 78 197
75 78 197
76 78 197
74 79 198
75 79 198
76 79 198
74 77 199
75 77 199
76 77 199
74 78 200
75 78 200
76 78 200
74 79 201
75 79 201
76 79 201
74 77 202
75 77 202
76 77 202
74 78 203
75 78 203
76 78 203
74 79 204
75 79 204
76 79 204
74 77 205
75 77 205
76 77 205
74 78 206
75 78 206
76 78 206
74 79 207
75 79 207
76 79 207
74 77 208
75 77 208
76 77 208
74 78 209
75 78 209
76 78 209
74 79 210
75 79 210
76 79 210
74 77 211
75 77 211
76 77 211
74 78 212
75 78 212
76 78 212
74 79 213
75 79 213
76 79 213
74 77 214
75 77 214
76 77 214
74 78 215
75 78 215
76 78 215
74 79 216
75 79 216
76 79 216
74 77 217
75 77 217
76 77 217
74 78 218
75 78 218
76 78 218
74 79 219
75 79 219
76 79 219
74 77 220
75 77 220
76 77 220
74 78 221
75 78 221
76 78 221
74 79 222
75 79 222
76 79 222
74 77 223
75 77 223
76 77 223
74 78 224
75 78 224
76 78 224
74 79 225
75 79 225
76 79 225
74 77 226
75 77 226
76 77 226
74 78 227
75 78 227
76 78 227
74 79 228
75 79 228
76 79 228
74 77 229
75 77 229
76 77 229
74 78 230
75 78 230
76 78 230
74 79 231
75 79 231
76 79 231
74 77 232
75 77 232
76 77 232
74 78 233
75 78 233
76 78 233
74 79 234
75 79 234
76 79 234
74 77 235
75 77 235
76 77 235
74 78 236
75 78 236
76 78 236
74 79 237
75 79 237
76 79 237
74 77 238
75 77 238
76 77 238
74 78 239
75 78 239
76 78 239
74 79 240
75 79 240
76 79 240
74 77 241
75 77 241
76 77 241
74 78 242
75 78 242
76 78 242
74 79 243
75 79 243
76 79 243
74 77 244
75 77 244
76 77 244
74 78 245
75 78 245
76 78 245
74 79 246
75 79 246
76 79 246
74 77 247
75 77 247
76 77 247
74 78 248
75 78 248
76 78 248
74 79 249
75 79 249
76 79 249
74 77 250
75 77 250
76 77 250
74 78 251
75 78 251
76 78 251
74 79 252
75 79 252
76 79 252
74 77 253
75 77 253
76 77 253
74 78 254
75 78 254
76 78 254
74 79 255
75 79 255
76 79 255
74 77 256
75 77 256
76 77 256
74 78 257
75 78 257
76 78 257
74 79 258
75 79 258
76 79 258
74 77 259
75 77 259
76 77 259
74 78 260
75 78 260
76 78 260
74 79 261
75 79 261
76 79 261
74 77 262
75 77 262
76 77 262
74 78 263
75 78 263
76 78 263
74 79 264
75 79 264
76 79 264
74 77 265
75 77 265
76 77 265
74 78 266
75 78 266
76 78 266
74 79 267
75 79 267
76 79 267
74 77 268
75 77 268
76 77 268
74 78 269
75 78 269
76 78 269
74 79 270
75 79 270
76 79 270
74 77 271
75 77 271
76 77 271
74 78 272
75 78 272
76 78 272
74 79 273
75 79 273
76 79 273
74 77 274
75 77 274
76 77 274
74 78 275
75 78 275
76 78 275
74 79 276
75 79 276
76 79 276
74 77 277
75 77 277
76 77 277
74 78 278
75 78 278
76 78 278
74 79 279
75 79 279
76 79 279
74 77 280
75 77 280
76 77 280
74 78 281
75 78 281
76 78 281
74 79 282
75 79 282
76 79 282
74 77 283
75 77 283
76 77 283
74 78 284
75 78 284
76 78 284
74 79 285
75 79 285
76 79 285
74 77 286
75 77 286
76 77 286
74 78 287
75 78 287
76 78 287
74 79 288
75 79 288
76 79 288
74 77 289
75 77 289
76 77 289
74 78 290
75 78 290
76 78 290
74 79 291
75 79 291
76 79 291
74 77 292
75 77 292
76 77 292
74 78 293
75 78 293
76 78 293
74 79 294
75 79 294
76 79 294
74 77 295
75 77 295
76 77 295
74 78 296
75 78 296
76 78 296
74 79 297
75 79 297
76 79 297
74 77 298
75 77 298
76 77 298
74 78 299
75 78 299
76 78 299
74 79 300
75 79 300
76 79 300
74 77 301
75 77 301
76 77 301
74 78 302
75 78 302
76 78 302
74 79 303
75 79 303
76 79 303
74 77 304
75 77 304
76 77 304
74 78 305
75 78 305
76 78 305
74 79 306
75 79 306
76 79 306
74 77 307
75 77 307
76 77 307
74 78 308
75 78 308
76 78 308
74 79 309
75 79 309
76 79 309
74 77 310
75 77 310
76 77 310
74 78 311
75 78 311
76 78 311
74 79 312
75 79 312
76 79 312
74 77 313
75 77 313
76 77 313
74 78 314
75 78 314
76 78 314
74 79 315
75 79 315
76 79 315
74 77 316
75 77 316
76 77 316
74 78 317
75 78 317
76 78 317
74 79 318
75 79 318
76 79 318
74 77 319
75 77 319
76 77 319
74 78 320
75 78 320
76 78 320
74 79 321
75 79 321
76 79 321
74 77 322
75 77 322
76 77 322
74 78 323
75 78 323
76 78 323
74 79 324
75 79 324
76 79 324
74 77 325
75 77 325
76 77 325
74 78 326
75 78 326
76 78 326
74 79 327
75 79 327
76 79 327
