228 54 1
228 55 2
228 56 3
228 54 4
228 55 5
228 56 6
228 54 7
228 55 8
228 56 9
228 54 10
228 55 11
228 56 12
228 54 13
228 55 14
228 56 15
228 54 16
228 55 17
228 56 18
228 54 19
228 55 20
228 56 21
228 54 22
228 55 23
228 56 24
228 54 25
228 55 26
228 56 27
228 54 28
228 55 29
228 56 30
228 54 31
228 55 32
228 56 33
228 54 34
228 55 35
228 56 36
228 54 37
228 55 38
228 56 39
228 54 40
228 55 41
228 56 42
228 54 43
228 55 44
228 56 45
228 54 46
228 55 47
228 56 48
228 54 49
228 55 50
228 56 51
228 54 52
228 55 53
228 56 54
228 54 55
228 55 56
228 56 57
228 54 58
228 55 59
228 56 60
228 54 61
228 55 62
228 56 63
228 54 64
228 55 65
228 56 66
228 54 67
228 55 68
228 56 69
228 54 70
228 55 71
228 56 72
228 54 73
228 55 74
228 56 75
228 54 76
228 55 77
228 56 78
228 54 79
228 55 80
228 56 81
228 54 82
228 55 83
228 56 84
228 54 85
228 55 86
228 56 87
228 54 88
228 55 89
228 56 90
228 54 91
228 55 92
228 56 93
228 54 94
228 55 95
228 56 96
228 54 97
228 55 98
228 56 99
228 54 100
228 55 101
228 56 102
228 54 103
228 55 104
228 56 105
228 54 106
228 55 107
228 56 108
228 54 109
228 55 110
228 56 111
228 54 112
228 55 113
228 56 114
228 54 115
228 55 116
228 56 117
228 54 118
228 55 119
228 56 120
228 54 121
228 55 122
228 56 123
228 54 124
228 55 125
228 56 126
228 54 127
228 55 128
228 56 129
228 54 130
228 55 131
228 56 132
228 54 133
228 55 134
228 56 135
228 54 136
228 55 137
228 56 138
228 54 139
228 55 140
228 56 141
228 54 142
228 55 143
228 56 144
228 54 145
228 55 146
228 56 147
228 54 148
228 55 149
228 56 150
228 54 151
228 55 152
228 56 153
228 54 154
228 55 155
228 56 156
228 54 157
228 55 158
228 56 159
228 54 160
228 55 161
228 56 162
228 54 163
228 55 164
228 56 165
228 54 166
228 55 167
228 56 168
228 54 169
228 55 170
228 56 171
228 54 172
228 55 173
228 56 174
228 54 175
228 55 176
228 56 177
228 54 178
228 55 179
228 56 180
228 54 181
228 55 182
228 56 183
228 54 184
228 55 185
228 56 186
228 54 187
228 55 188
228 56 189
228 54 190
228 55 191
228 56 192
228 54 193
228 55 194
228 56 195
228 54 196
228 55 197
228 56 198
228 54 199
228 55 200
228 56 201
228 54 202
228 55 203
228 56 204
228 54 205
228 55 206
228 56 207
228 54 208
228 55 209
228 56 210
228 54 211
228 55 212
228 56 213
228 54 214
228 55 215
228 56 216
228 54 217
228 55 218
228 56 219
228 54 220
228 55 221
228 56 222
228 54 223
228 55 224
228 56 225
228 54 226
228 55 227
228 56 228
228 54 229
228 55 230
228 56 231
228 54 232
228 55 233
228 56 234
228 54 235
228 55 236
228 56 237
228 54 238
228 55 239
228 56 240
228 54 241
228 55 242
228 56 243
