128 131 1
129 131 1
130 131 1
128 132 2
129 132 2
130 132 2
128 133 3
129 133 3
130 133 3
128 131 4
129 131 4
130 131 4
128 132 5
129 132 5
130 132 5
128 133 6
129 133 6
130 133 6
128 131 7
129 131 7
130 131 7
128 132 8
129 132 8
130 132 8
128 133 9
129 133 9
130 133 9
128 131 10
129 131 10
130 131 10
128 132 11
129 132 11
130 132 11
128 133 12
129 133 12
130 133 12
128 131 13
129 131 13
130 131 13
128 132 14
129 132 14
130 132 14
128 133 15
129 133 15
130 133 15
128 131 16
129 131 16
130 131 16
128 132 17
129 132 17
130 132 17
128 133 18
129 133 18
130 133 18
128 131 19
129 131 19
130 131 19
128 132 20
129 132 20
130 132 20
128 133 21
129 133 21
130 133 21
128 131 22
129 131 22
130 131 22
128 132 23
129 132 23
130 132 23
128 133 24
129 133 24
130 133 24
128 131 25
129 131 25
130 131 25
128 132 26
129 132 26
130 132 26
128 133 27
129 133 27
130 133 27
128 131 28
129 131 28
130 131 28
128 132 29
129 132 29
130 132 29
128 133 30
129 133 30
130 133 30
128 131 31
129 131 31
130 131 31
128 132 32
129 132 32
130 132 32
128 133 33
129 133 33
130 133 33
128 131 34
129 131 34
130 131 34
128 132 35
129 132 35
130 132 35
128 133 36
129 133 36
130 133 36
128 131 37
129 131 37
130 131 37
128 132 38
129 132 38
130 132 38
128 133 39
129 133 39
130 133 39
128 131 40
129 131 40
130 131 40
128 132 41
129 132 41
130 132 41
128 133 42
129 133 42
130 133 42
128 131 43
129 131 43
130 131 43
128 132 44
129 132 44
130 132 44
128 133 45
129 133 45
130 133 45
128 131 46
129 131 46
130 131 46
128 132 47
129 132 47
130 132 47
128 133 48
129 133 48
130 133 48
128 131 49
129 131 49
130 131 49
128 132 50
129 132 50
130 132 50
128 133 51
129 133 51
130 133 51
128 131 52
129 131 52
130 131 52
128 132 53
129 132 53
130 132 53
128 133 54
129 133 54
130 133 54
128 131 55
129 131 55
130 131 55
128 132 56
129 132 56
130 132 56
128 133 57
129 133 57
130 133 57
128 131 58
129 131 58
130 131 58
128 132 59
129 132 59
130 132 59
128 133 60
129 133 60
130 133 60
128 131 61
129 131 61
130 131 61
128 132 62
129 132 62
130 132 62
128 133 63
129 133 63
130 133 63
128 131 64
129 131 64
130 131 64
128 132 65
129 132 65
130 132 65
128 133 66
129 133 66
130 133 66
128 131 67
129 131 67
130 131 67
128 132 68
129 132 68
130 132 68
128 133 69
129 133 69
130 133 69
128 131 70
129 131 70
130 131 70
128 132 71
129 132 71
130 132 71
128 133 72
129 133 72
130 133 72
128 131 73
129 131 73
130 131 73
128 132 74
129 132 74
130 132 74
128 133 75
129 133 75
130 133 75
128 131 76
129 131 76
130 131 76
128 132 77
129 132 77
130 132 77
128 133 78
129 133 78
130 133 78
128 131 79
129 131 79
130 131 79
128 132 80
129 132 80
130 132 80
128 133 81
129 133 81
130 133 81
128 131 82
129 131 82
130 131 82
128 132 83
129 132 83
130 132 83
128 133 84
129 133 84
130 133 84
128 131 85
129 131 85
130 131 85
128 132 86
129 132 86
130 132 86
128 133 87
129 133 87
130 133 87
128 131 88
129 131 88
130 131 88
128 132 89
129 132 89
130 132 89
128 133 90
129 133 90
130 133 90
128 131 91
129 131 91
130 131 91
128 132 92
129 132 92
130 132 92
128 133 93
129 133 93
130 133 93
128 131 94
129 131 94
130 131 94
128 132 95
129 132 95
130 132 95
128 133 96
129 133 96
130 133 96
128 131 97
129 131 97
130 131 97
128 132 98
129 132 98
130 132 98
128 133 99
129 133 99
130 133 99
128 131 100
129 131 100
130 131 100
128 132 101
129 132 101
130 132 101
128 133 102
129 133 102
130 133 102
128 131 103
129 131 103
130 131 103
128 132 104
129 132 104
130 132 104
128 133 105
129 133 105
130 133 105
128 131 106
129 131 106
130 131 106
128 132 107
129 132 107
130 132 107
128 133 108
129 133 108
130 133 108
128 131 109
129 131 109
130 131 109
128 132 110
129 132 110
130 132 110
128 133 111
129 133 111
130 133 111
128 131 112
129 131 112
130 131 112
128 132 113
129 132 113
130 132 113
128 133 114
129 133 114
130 133 114
128 131 115
129 131 115
130 131 115
128 132 116
129 132 116
130 132 116
128 133 117
129 133 117
130 133 117
128 131 118
129 131 118
130 131 118
128 132 119
129 132 119
130 132 119
128 133 120
129 133 120
130 133 120
128 131 121
129 131 121
130 131 121
128 132 122
129 132 122
130 132 122
128 133 123
129 133 123
130 133 123
128 131 124
129 131 124
130 131 124
128 132 125
129 132 125
130 132 125
128 133 126
129 133 126
130 133 126
128 131 127
129 131 127
130 131 127
128 132 128
129 132 128
130 132 128
128 133 129
129 133 129
130 133 129
128 131 130
129 131 130
130 131 130
128 132 131
129 132 131
130 132 131
128 133 132
129 133 132
130 133 132
128 131 133
129 131 133
130 131 133
128 132 134
129 132 134
130 132 134
128 133 135
129 133 135
130 133 135
128 131 136
129 131 136
130 131 136
128 132 137
129 132 137
130 132 137
128 133 138
129 133 138
130 133 138
128 131 139
129 131 139
130 131 139
128 132 140
129 132 140
130 132 140
128 133 141
129 133 141
130 133 141
128 131 142
129 131 142
130 131 142
128 132 143
129 132 143
130 132 143
128 133 144
129 133 144
130 133 144
128 131 145
129 131 145
130 131 145
128 132 146
129 132 146
130 132 146
128 133 147
129 133 147
130 133 147
128 131 148
129 131 148
130 131 148
128 132 149
129 132 149
130 132 149
128 133 150
129 133 150
130 133 150
128 131 151
129 131 151
130 131 151
128 132 152
129 132 152
130 132 152
128 133 153
129 133 153
130 133 153
128 131 154
129 131 154
130 131 154
128 132 155
129 132 155
130 132 155
128 133 156
129 133 156
130 133 156
128 131 157
129 131 157
130 131 157
128 132 158
129 132 158
130 132 158
128 133 159
129 133 159
130 133 159
128 131 160
129 131 160
130 131 160
128 132 161
129 132 161
130 132 161
128 133 162
129 133 162
130 133 162
128 131 163
129 131 163
130 131 163
128 132 164
129 132 164
130 132 164
128 133 165
129 133 165
130 133 165
128 131 166
129 131 166
130 131 166
128 132 167
129 132 167
130 132 167
128 133 168
129 133 168
130 133 168
128 131 169
129 131 169
130 131 169
128 132 170
129 132 170
130 132 170
128 133 171
129 133 171
130 133 171
128 131 172
129 131 172
130 131 172
128 132 173
129 132 173
130 132 173
128 133 174
129 133 174
130 133 174
128 131 175
129 131 175
130 131 175
128 132 176
129 132 176
130 132 176
128 133 177
129 133 177
130 133 177
128 131 178
129 131 178
130 131 178
128 132 179
129 132 179
130 132 179
128 133 180
129 133 180
130 133 180
128 131 181
129 131 181
130 131 181
128 132 182
129 132 182
130 132 182
128 133 183
129 133 183
130 133 183
128 131 184
129 131 184
130 131 184
128 132 185
129 132 185
130 132 185
128 133 186
129 133 186
130 133 186
128 131 187
129 131 187
130 131 187
128 132 188
129 132 188
130 132 188
128 133 189
129 133 189
130 133 189
128 131 190
129 131 190
130 131 190
128 132 191
129 132 191
130 132 191
128 133 192
129 133 192
130 133 192
128 131 193
129 131 193
130 131 193
128 132 194
129 132 194
130 132 194
128 133 195
129 133 195
130 133 195
128 131 196
129 131 196
130 131 196
128 132 197
129 132 197
130 132 197
128 133 198
129 133 198
130 133 198
128 131 199
129 131 199
130 131 199
128 132 200
129 132 200
130 132 200
128 133 201
129 133 201
130 133 201
128 131 202
129 131 202
130 131 202
128 132 203
129 132 203
130 132 203
128 133 204
129 133 204
130 133 204
128 131 205
129 131 205
130 131 205
128 132 206
129 132 206
130 132 206
128 133 207
129 133 207
130 133 207
128 131 208
129 131 208
130 131 208
128 132 209
129 132 209
130 132 209
128 133 210
129 133 210
130 133 210
128 131 211
129 131 211
130 131 211
128 132 212
129 132 212
130 132 212
128 133 213
129 133 213
130 133 213
128 131 214
129 131 214
130 131 214
128 132 215
129 132 215
130 132 215
128 133 216
129 133 216
130 133 216
128 131 217
129 131 217
130 131 217
128 132 218
129 132 218
130 132 218
128 133 219
129 133 219
130 133 219
128 131 220
129 131 220
130 131 220
128 132 221
129 132 221
130 132 221
128 133 222
129 133 222
130 133 222
128 131 223
129 131 223
130 131 223
128 132 224
129 132 224
130 132 224
128 133 225
129 133 225
130 133 225
128 131 226
129 131 226
130 131 226
128 132 227
129 132 227
130 132 227
128 133 228
129 133 228
130 133 228
128 131 229
129 131 229
130 131 229
128 132 230
129 132 230
130 132 230
128 133 231
129 133 231
130 133 231
128 131 232
129 131 232
130 131 232
128 132 233
129 132 233
130 132 233
128 133 234
129 133 234
130 133 234
128 131 235
129 131 235
130 131 235
128 132 236
129 132 236
130 132 236
128 133 237
129 133 237
130 133 237
128 131 238
129 131 238
130 131 238
128 132 239
129 132 239
130 132 239
128 133 240
129 133 240
130 133 240
128 131 241
129 131 241
130 131 241
128 132 242
129 132 242
130 132 242
128 133 243
129 133 243
130 133 243
128 131 244
129 131 244
130 131 244
128 132 245
129 132 245
130 132 245
128 133 246
129 133 246
130 133 246
128 131 247
129 131 247
130 131 247
128 132 248
129 132 248
130 132 248
128 133 249
129 133 249
130 133 249
128 131 250
129 131 250
130 131 250
128 132 251
129 132 251
130 132 251
128 133 252
129 133 252
130 133 252
128 131 253
129 131 253
130 131 253
128 132 254
129 132 254
130 132 254
128 133 255
129 133 255
130 133 255
128 131 256
129 131 256
130 131 256
128 132 257
129 132 257
130 132 257
128 133 258
129 133 258
130 133 258
128 131 259
129 131 259
130 131 259
128 132 260
129 132 260
130 132 260
128 133 261
129 133 261
130 133 261
128 131 262
129 131 262
130 131 262
128 132 263
129 132 263
130 132 263
128 133 264
129 133 264
130 133 264
128 131 265
129 131 265
130 131 265
128 132 266
129 132 266
130 132 266
128 133 267
129 133 267
130 133 267
128 131 268
129 131 268
130 131 268
128 132 269
129 132 269
130 132 269
128 133 270
129 133 270
130 133 270
128 131 271
129 131 271
130 131 271
128 132 272
129 132 272
130 132 272
128 133 273
129 133 273
130 133 273
128 131 274
129 131 274
130 131 274
128 132 275
129 132 275
130 132 275
128 133 276
129 133 276
130 133 276
128 131 277
129 131 277
130 131 277
128 132 278
129 132 278
130 132 278
128 133 279
129 133 279
130 133 279
128 131 280
129 131 280
130 131 280
128 132 281
129 132 281
130 132 281
128 133 282
129 133 282
130 133 282
128 131 283
129 131 283
130 131 283
128 132 284
129 132 284
130 132 284
128 133 285
129 133 285
130 133 285
128 131 286
129 131 286
130 131 286
128 132 287
129 132 287
130 132 287
128 133 288
129 133 288
130 133 288
128 131 289
129 131 289
130 131 289
128 132 290
129 132 290
130 132 290
128 133 291
129 133 291
130 133 291
128 131 292
129 131 292
130 131 292
128 132 293
129 132 293
130 132 293
128 133 294
129 133 294
130 133 294
128 131 295
129 131 295
130 131 295
128 132 296
129 132 296
130 132 296
128 133 297
129 133 297
130 133 297
128 131 298
129 131 298
130 131 298
128 132 299
129 132 299
130 132 299
128 133 300
129 133 300
130 133 300
128 131 301
129 131 301
130 131 301
128 132 302
129 132 302
130 132 302
128 133 303
129 133 303
130 133 303
128 131 304
129 131 304
130 131 304
128 132 305
129 132 305
130 132 305
128 133 306
129 133 306
130 133 306
128 131 307
129 131 307
130 131 307
128 132 308
129 132 308
130 132 308
128 133 309
129 133 309
130 133 309
128 131 310
129 131 310
130 131 310
128 132 311
129 132 311
130 132 311
128 133 312
129 133 312
130 133 312
128 131 313
129 131 313
130 131 313
128 132 314
129 132 314
130 132 314
128 133 315
129 133 315
130 133 315
128 131 316
129 131 316
130 131 316
128 132 317
129 132 317
130 132 317
128 133 318
129 133 318
130 133 318
128 131 319
129 131 319
130 131 319
128 132 320
129 132 320
130 132 320
128 133 321
129 133 321
130 133 321
128 131 322
129 131 322
130 131 322
128 132 323
129 132 323
130 132 323
128 133 324
129 133 324
130 133 324
128 131 325
129 131 325
130 131 325
128 132 326
129 132 326
130 132 326
128 133 327
129 133 327
130 133 327
