228 84 1
228 85 2
228 86 3
228 84 4
228 85 5
228 86 6
228 84 7
228 85 8
228 86 9
228 84 10
228 85 11
228 86 12
228 84 13
228 85 14
228 86 15
228 84 16
228 85 17
228 86 18
228 84 19
228 85 20
228 86 21
228 84 22
228 85 23
228 86 24
228 84 25
228 85 26
228 86 27
228 84 28
228 85 29
228 86 30
228 84 31
228 85 32
228 86 33
228 84 34
228 85 35
228 86 36
228 84 37
228 85 38
228 86 39
228 84 40
228 85 41
228 86 42
228 84 43
228 85 44
228 86 45
228 84 46
228 85 47
228 86 48
228 84 49
228 85 50
228 86 51
228 84 52
228 85 53
228 86 54
228 84 55
228 85 56
228 86 57
228 84 58
228 85 59
228 86 60
228 84 61
228 85 62
228 86 63
228 84 64
228 85 65
228 86 66
228 84 67
228 85 68
228 86 69
228 84 70
228 85 71
228 86 72
228 84 73
228 85 74
228 86 75
228 84 76
228 85 77
228 86 78
228 84 79
228 85 80
228 86 81
228 84 82
228 85 83
228 86 84
228 84 85
228 85 86
228 86 87
228 84 88
228 85 89
228 86 90
228 84 91
228 85 92
228 86 93
228 84 94
228 85 95
228 86 96
228 84 97
228 85 98
228 86 99
228 84 100
228 85 101
228 86 102
228 84 103
228 85 104
228 86 105
228 84 106
228 85 107
228 86 108
228 84 109
228 85 110
228 86 111
228 84 112
228 85 113
228 86 114
228 84 115
228 85 116
228 86 117
228 84 118
228 85 119
228 86 120
228 84 121
228 85 122
228 86 123
228 84 124
228 85 125
228 86 126
228 84 127
228 85 128
228 86 129
228 84 130
228 85 131
228 86 132
228 84 133
228 85 134
228 86 135
228 84 136
228 85 137
228 86 138
228 84 139
228 85 140
228 86 141
228 84 142
228 85 143
228 86 144
228 84 145
228 85 146
228 86 147
228 84 148
228 85 149
228 86 150
228 84 151
228 85 152
228 86 153
228 84 154
228 85 155
228 86 156
228 84 157
228 85 158
228 86 159
228 84 160
228 85 161
228 86 162
228 84 163
228 85 164
228 86 165
228 84 166
228 85 167
228 86 168
228 84 169
228 85 170
228 86 171
228 84 172
228 85 173
228 86 174
228 84 175
228 85 176
228 86 177
228 84 178
228 85 179
228 86 180
228 84 181
228 85 182
228 86 183
228 84 184
228 85 185
228 86 186
228 84 187
228 85 188
228 86 189
228 84 190
228 85 191
228 86 192
228 84 193
228 85 194
228 86 195
228 84 196
228 85 197
228 86 198
228 84 199
228 85 200
228 86 201
228 84 202
228 85 203
228 86 204
228 84 205
228 85 206
228 86 207
228 84 208
228 85 209
228 86 210
228 84 211
228 85 212
228 86 213
228 84 214
228 85 215
228 86 216
228 84 217
228 85 218
228 86 219
228 84 220
228 85 221
228 86 222
228 84 223
228 85 224
228 86 225
228 84 226
228 85 227
228 86 228
228 84 229
228 85 230
228 86 231
228 84 232
228 85 233
228 86 234
228 84 235
228 85 236
228 86 237
228 84 238
228 85 239
228 86 240
228 84 241
228 85 242
228 86 243
