152 155 1
153 155 1
154 155 1
152 156 2
153 156 2
154 156 2
152 157 3
153 157 3
154 157 3
152 155 4
153 155 4
154 155 4
152 156 5
153 156 5
154 156 5
152 157 6
153 157 6
154 157 6
152 155 7
153 155 7
154 155 7
152 156 8
153 156 8
154 156 8
152 157 9
153 157 9
154 157 9
152 155 10
153 155 10
154 155 10
152 156 11
153 156 11
154 156 11
152 157 12
153 157 12
154 157 12
152 155 13
153 155 13
154 155 13
152 156 14
153 156 14
154 156 14
152 157 15
153 157 15
154 157 15
152 155 16
153 155 16
154 155 16
152 156 17
153 156 17
154 156 17
152 157 18
153 157 18
154 157 18
152 155 19
153 155 19
154 155 19
152 156 20
153 156 20
154 156 20
152 157 21
153 157 21
154 157 21
152 155 22
153 155 22
154 155 22
152 156 23
153 156 23
154 156 23
152 157 24
153 157 24
154 157 24
152 155 25
153 155 25
154 155 25
152 156 26
153 156 26
154 156 26
152 157 27
153 157 27
154 157 27
152 155 28
153 155 28
154 155 28
152 156 29
153 156 29
154 156 29
152 157 30
153 157 30
154 157 30
152 155 31
153 155 31
154 155 31
152 156 32
153 156 32
154 156 32
152 157 33
153 157 33
154 157 33
152 155 34
153 155 34
154 155 34
152 156 35
153 156 35
154 156 35
152 157 36
153 157 36
154 157 36
152 155 37
153 155 37
154 155 37
152 156 38
153 156 38
154 156 38
152 157 39
153 157 39
154 157 39
152 155 40
153 155 40
154 155 40
152 156 41
153 156 41
154 156 41
152 157 42
153 157 42
154 157 42
152 155 43
153 155 43
154 155 43
152 156 44
153 156 44
154 156 44
152 157 45
153 157 45
154 157 45
152 155 46
153 155 46
154 155 46
152 156 47
153 156 47
154 156 47
152 157 48
153 157 48
154 157 48
152 155 49
153 155 49
154 155 49
152 156 50
153 156 50
154 156 50
152 157 51
153 157 51
154 157 51
152 155 52
153 155 52
154 155 52
152 156 53
153 156 53
154 156 53
152 157 54
153 157 54
154 157 54
152 155 55
153 155 55
154 155 55
152 156 56
153 156 56
154 156 56
152 157 57
153 157 57
154 157 57
152 155 58
153 155 58
154 155 58
152 156 59
153 156 59
154 156 59
152 157 60
153 157 60
154 157 60
152 155 61
153 155 61
154 155 61
152 156 62
153 156 62
154 156 62
152 157 63
153 157 63
154 157 63
152 155 64
153 155 64
154 155 64
152 156 65
153 156 65
154 156 65
152 157 66
153 157 66
154 157 66
152 155 67
153 155 67
154 155 67
152 156 68
153 156 68
154 156 68
152 157 69
153 157 69
154 157 69
152 155 70
153 155 70
154 155 70
152 156 71
153 156 71
154 156 71
152 157 72
153 157 72
154 157 72
152 155 73
153 155 73
154 155 73
152 156 74
153 156 74
154 156 74
152 157 75
153 157 75
154 157 75
152 155 76
153 155 76
154 155 76
152 156 77
153 156 77
154 156 77
152 157 78
153 157 78
154 157 78
152 155 79
153 155 79
154 155 79
152 156 80
153 156 80
154 156 80
152 157 81
153 157 81
154 157 81
152 155 82
153 155 82
154 155 82
152 156 83
153 156 83
154 156 83
152 157 84
153 157 84
154 157 84
152 155 85
153 155 85
154 155 85
152 156 86
153 156 86
154 156 86
152 157 87
153 157 87
154 157 87
152 155 88
153 155 88
154 155 88
152 156 89
153 156 89
154 156 89
152 157 90
153 157 90
154 157 90
152 155 91
153 155 91
154 155 91
152 156 92
153 156 92
154 156 92
152 157 93
153 157 93
154 157 93
152 155 94
153 155 94
154 155 94
152 156 95
153 156 95
154 156 95
152 157 96
153 157 96
154 157 96
152 155 97
153 155 97
154 155 97
152 156 98
153 156 98
154 156 98
152 157 99
153 157 99
154 157 99
152 155 100
153 155 100
154 155 100
152 156 101
153 156 101
154 156 101
152 157 102
153 157 102
154 157 102
152 155 103
153 155 103
154 155 103
152 156 104
153 156 104
154 156 104
152 157 105
153 157 105
154 157 105
152 155 106
153 155 106
154 155 106
152 156 107
153 156 107
154 156 107
152 157 108
153 157 108
154 157 108
152 155 109
153 155 109
154 155 109
152 156 110
153 156 110
154 156 110
152 157 111
153 157 111
154 157 111
152 155 112
153 155 112
154 155 112
152 156 113
153 156 113
154 156 113
152 157 114
153 157 114
154 157 114
152 155 115
153 155 115
154 155 115
152 156 116
153 156 116
154 156 116
152 157 117
153 157 117
154 157 117
152 155 118
153 155 118
154 155 118
152 156 119
153 156 119
154 156 119
152 157 120
153 157 120
154 157 120
152 155 121
153 155 121
154 155 121
152 156 122
153 156 122
154 156 122
152 157 123
153 157 123
154 157 123
152 155 124
153 155 124
154 155 124
152 156 125
153 156 125
154 156 125
152 157 126
153 157 126
154 157 126
152 155 127
153 155 127
154 155 127
152 156 128
153 156 128
154 156 128
152 157 129
153 157 129
154 157 129
152 155 130
153 155 130
154 155 130
152 156 131
153 156 131
154 156 131
152 157 132
153 157 132
154 157 132
152 155 133
153 155 133
154 155 133
152 156 134
153 156 134
154 156 134
152 157 135
153 157 135
154 157 135
152 155 136
153 155 136
154 155 136
152 156 137
153 156 137
154 156 137
152 157 138
153 157 138
154 157 138
152 155 139
153 155 139
154 155 139
152 156 140
153 156 140
154 156 140
152 157 141
153 157 141
154 157 141
152 155 142
153 155 142
154 155 142
152 156 143
153 156 143
154 156 143
152 157 144
153 157 144
154 157 144
152 155 145
153 155 145
154 155 145
152 156 146
153 156 146
154 156 146
152 157 147
153 157 147
154 157 147
152 155 148
153 155 148
154 155 148
152 156 149
153 156 149
154 156 149
152 157 150
153 157 150
154 157 150
152 155 151
153 155 151
154 155 151
152 156 152
153 156 152
154 156 152
152 157 153
153 157 153
154 157 153
152 155 154
153 155 154
154 155 154
152 156 155
153 156 155
154 156 155
152 157 156
153 157 156
154 157 156
152 155 157
153 155 157
154 155 157
152 156 158
153 156 158
154 156 158
152 157 159
153 157 159
154 157 159
152 155 160
153 155 160
154 155 160
152 156 161
153 156 161
154 156 161
152 157 162
153 157 162
154 157 162
152 155 163
153 155 163
154 155 163
152 156 164
153 156 164
154 156 164
152 157 165
153 157 165
154 157 165
152 155 166
153 155 166
154 155 166
152 156 167
153 156 167
154 156 167
152 157 168
153 157 168
154 157 168
152 155 169
153 155 169
154 155 169
152 156 170
153 156 170
154 156 170
152 157 171
153 157 171
154 157 171
152 155 172
153 155 172
154 155 172
152 156 173
153 156 173
154 156 173
152 157 174
153 157 174
154 157 174
152 155 175
153 155 175
154 155 175
152 156 176
153 156 176
154 156 176
152 157 177
153 157 177
154 157 177
152 155 178
153 155 178
154 155 178
152 156 179
153 156 179
154 156 179
152 157 180
153 157 180
154 157 180
152 155 181
153 155 181
154 155 181
152 156 182
153 156 182
154 156 182
152 157 183
153 157 183
154 157 183
152 155 184
153 155 184
154 155 184
152 156 185
153 156 185
154 156 185
152 157 186
153 157 186
154 157 186
152 155 187
153 155 187
154 155 187
152 156 188
153 156 188
154 156 188
152 157 189
153 157 189
154 157 189
152 155 190
153 155 190
154 155 190
152 156 191
153 156 191
154 156 191
152 157 192
153 157 192
154 157 192
152 155 193
153 155 193
154 155 193
152 156 194
153 156 194
154 156 194
152 157 195
153 157 195
154 157 195
152 155 196
153 155 196
154 155 196
152 156 197
153 156 197
154 156 197
152 157 198
153 157 198
154 157 198
152 155 199
153 155 199
154 155 199
152 156 200
153 156 200
154 156 200
152 157 201
153 157 201
154 157 201
152 155 202
153 155 202
154 155 202
152 156 203
153 156 203
154 156 203
152 157 204
153 157 204
154 157 204
152 155 205
153 155 205
154 155 205
152 156 206
153 156 206
154 156 206
152 157 207
153 157 207
154 157 207
152 155 208
153 155 208
154 155 208
152 156 209
153 156 209
154 156 209
152 157 210
153 157 210
154 157 210
152 155 211
153 155 211
154 155 211
152 156 212
153 156 212
154 156 212
152 157 213
153 157 213
154 157 213
152 155 214
153 155 214
154 155 214
152 156 215
153 156 215
154 156 215
152 157 216
153 157 216
154 157 216
152 155 217
153 155 217
154 155 217
152 156 218
153 156 218
154 156 218
152 157 219
153 157 219
154 157 219
152 155 220
153 155 220
154 155 220
152 156 221
153 156 221
154 156 221
152 157 222
153 157 222
154 157 222
152 155 223
153 155 223
154 155 223
152 156 224
153 156 224
154 156 224
152 157 225
153 157 225
154 157 225
152 155 226
153 155 226
154 155 226
152 156 227
153 156 227
154 156 227
152 157 228
153 157 228
154 157 228
152 155 229
153 155 229
154 155 229
152 156 230
153 156 230
154 156 230
152 157 231
153 157 231
154 157 231
152 155 232
153 155 232
154 155 232
152 156 233
153 156 233
154 156 233
152 157 234
153 157 234
154 157 234
152 155 235
153 155 235
154 155 235
152 156 236
153 156 236
154 156 236
152 157 237
153 157 237
154 157 237
152 155 238
153 155 238
154 155 238
152 156 239
153 156 239
154 156 239
152 157 240
153 157 240
154 157 240
152 155 241
153 155 241
154 155 241
152 156 242
153 156 242
154 156 242
152 157 243
153 157 243
154 157 243
152 155 244
153 155 244
154 155 244
152 156 245
153 156 245
154 156 245
152 157 246
153 157 246
154 157 246
152 155 247
153 155 247
154 155 247
152 156 248
153 156 248
154 156 248
152 157 249
153 157 249
154 157 249
152 155 250
153 155 250
154 155 250
152 156 251
153 156 251
154 156 251
152 157 252
153 157 252
154 157 252
152 155 253
153 155 253
154 155 253
152 156 254
153 156 254
154 156 254
152 157 255
153 157 255
154 157 255
152 155 256
153 155 256
154 155 256
152 156 257
153 156 257
154 156 257
152 157 258
153 157 258
154 157 258
152 155 259
153 155 259
154 155 259
152 156 260
153 156 260
154 156 260
152 157 261
153 157 261
154 157 261
152 155 262
153 155 262
154 155 262
152 156 263
153 156 263
154 156 263
152 157 264
153 157 264
154 157 264
152 155 265
153 155 265
154 155 265
152 156 266
153 156 266
154 156 266
152 157 267
153 157 267
154 157 267
152 155 268
153 155 268
154 155 268
152 156 269
153 156 269
154 156 269
152 157 270
153 157 270
154 157 270
152 155 271
153 155 271
154 155 271
152 156 272
153 156 272
154 156 272
152 157 273
153 157 273
154 157 273
152 155 274
153 155 274
154 155 274
152 156 275
153 156 275
154 156 275
152 157 276
153 157 276
154 157 276
152 155 277
153 155 277
154 155 277
152 156 278
153 156 278
154 156 278
152 157 279
153 157 279
154 157 279
152 155 280
153 155 280
154 155 280
152 156 281
153 156 281
154 156 281
152 157 282
153 157 282
154 157 282
152 155 283
153 155 283
154 155 283
152 156 284
153 156 284
154 156 284
152 157 285
153 157 285
154 157 285
152 155 286
153 155 286
154 155 286
152 156 287
153 156 287
154 156 287
152 157 288
153 157 288
154 157 288
152 155 289
153 155 289
154 155 289
152 156 290
153 156 290
154 156 290
152 157 291
153 157 291
154 157 291
152 155 292
153 155 292
154 155 292
152 156 293
153 156 293
154 156 293
152 157 294
153 157 294
154 157 294
152 155 295
153 155 295
154 155 295
152 156 296
153 156 296
154 156 296
152 157 297
153 157 297
154 157 297
152 155 298
153 155 298
154 155 298
152 156 299
153 156 299
154 156 299
152 157 300
153 157 300
154 157 300
152 155 301
153 155 301
154 155 301
152 156 302
153 156 302
154 156 302
152 157 303
153 157 303
154 157 303
152 155 304
153 155 304
154 155 304
152 156 305
153 156 305
154 156 305
152 157 306
153 157 306
154 157 306
152 155 307
153 155 307
154 155 307
152 156 308
153 156 308
154 156 308
152 157 309
153 157 309
154 157 309
152 155 310
153 155 310
154 155 310
152 156 311
153 156 311
154 156 311
152 157 312
153 157 312
154 157 312
152 155 313
153 155 313
154 155 313
152 156 314
153 156 314
154 156 314
152 157 315
153 157 315
154 157 315
152 155 316
153 155 316
154 155 316
152 156 317
153 156 317
154 156 317
152 157 318
153 157 318
154 157 318
152 155 319
153 155 319
154 155 319
152 156 320
153 156 320
154 156 320
152 157 321
153 157 321
154 157 321
152 155 322
153 155 322
154 155 322
152 156 323
153 156 323
154 156 323
152 157 324
153 157 324
154 157 324
152 155 325
153 155 325
154 155 325
152 156 326
153 156 326
154 156 326
152 157 327
153 157 327
154 157 327
