203 226 1
204 226 1
205 226 1
203 226 2
204 226 2
205 226 2
203 226 3
204 226 3
205 226 3
203 226 4
204 226 4
205 226 4
203 226 5
204 226 5
205 226 5
203 226 6
204 226 6
205 226 6
203 226 7
204 226 7
205 226 7
203 226 8
204 226 8
205 226 8
203 226 9
204 226 9
205 226 9
203 226 10
204 226 10
205 226 10
203 226 11
204 226 11
205 226 11
203 226 12
204 226 12
205 226 12
203 226 13
204 226 13
205 226 13
203 226 14
204 226 14
205 226 14
203 226 15
204 226 15
205 226 15
203 226 16
204 226 16
205 226 16
203 226 17
204 226 17
205 226 17
203 226 18
204 226 18
205 226 18
203 226 19
204 226 19
205 226 19
203 226 20
204 226 20
205 226 20
203 226 21
204 226 21
205 226 21
203 226 22
204 226 22
205 226 22
203 226 23
204 226 23
205 226 23
203 226 24
204 226 24
205 226 24
203 226 25
204 226 25
205 226 25
203 226 26
204 226 26
205 226 26
203 226 27
204 226 27
205 226 27
203 226 28
204 226 28
205 226 28
203 226 29
204 226 29
205 226 29
203 226 30
204 226 30
205 226 30
203 226 31
204 226 31
205 226 31
203 226 32
204 226 32
205 226 32
203 226 33
204 226 33
205 226 33
203 226 34
204 226 34
205 226 34
203 226 35
204 226 35
205 226 35
203 226 36
204 226 36
205 226 36
203 226 37
204 226 37
205 226 37
203 226 38
204 226 38
205 226 38
203 226 39
204 226 39
205 226 39
203 226 40
204 226 40
205 226 40
203 226 41
204 226 41
205 226 41
203 226 42
204 226 42
205 226 42
203 226 43
204 226 43
205 226 43
203 226 44
204 226 44
205 226 44
203 226 45
204 226 45
205 226 45
203 226 46
204 226 46
205 226 46
203 226 47
204 226 47
205 226 47
203 226 48
204 226 48
205 226 48
203 226 49
204 226 49
205 226 49
203 226 50
204 226 50
205 226 50
203 226 51
204 226 51
205 226 51
203 226 52
204 226 52
205 226 52
203 226 53
204 226 53
205 226 53
203 226 54
204 226 54
205 226 54
203 226 55
204 226 55
205 226 55
203 226 56
204 226 56
205 226 56
203 226 57
204 226 57
205 226 57
203 226 58
204 226 58
205 226 58
203 226 59
204 226 59
205 226 59
203 226 60
204 226 60
205 226 60
203 226 61
204 226 61
205 226 61
203 226 62
204 226 62
205 226 62
203 226 63
204 226 63
205 226 63
203 226 64
204 226 64
205 226 64
203 226 65
204 226 65
205 226 65
203 226 66
204 226 66
205 226 66
203 226 67
204 226 67
205 226 67
203 226 68
204 226 68
205 226 68
203 226 69
204 226 69
205 226 69
203 226 70
204 226 70
205 226 70
203 226 71
204 226 71
205 226 71
203 226 72
204 226 72
205 226 72
203 226 73
204 226 73
205 226 73
203 226 74
204 226 74
205 226 74
203 226 75
204 226 75
205 226 75
203 226 76
204 226 76
205 226 76
203 226 77
204 226 77
205 226 77
203 226 78
204 226 78
205 226 78
203 226 79
204 226 79
205 226 79
203 226 80
204 226 80
205 226 80
203 226 81
204 226 81
205 226 81
