228 53 1
228 53 2
228 53 3
228 53 4
228 53 5
228 53 6
228 53 7
228 53 8
228 53 9
228 53 10
228 53 11
228 53 12
228 53 13
228 53 14
228 53 15
228 53 16
228 53 17
228 53 18
228 53 19
228 53 20
228 53 21
228 53 22
228 53 23
228 53 24
228 53 25
228 53 26
228 53 27
228 53 28
228 53 29
228 53 30
228 53 31
228 53 32
228 53 33
228 53 34
228 53 35
228 53 36
228 53 37
228 53 38
228 53 39
228 53 40
228 53 41
228 53 42
228 53 43
228 53 44
228 53 45
228 53 46
228 53 47
228 53 48
228 53 49
228 53 50
228 53 51
228 53 52
228 53 53
228 53 54
228 53 55
228 53 56
228 53 57
228 53 58
228 53 59
228 53 60
228 53 61
228 53 62
228 53 63
228 53 64
228 53 65
228 53 66
228 53 67
228 53 68
228 53 69
228 53 70
228 53 71
228 53 72
228 53 73
228 53 74
228 53 75
228 53 76
228 53 77
228 53 78
228 53 79
228 53 80
228 53 81
228 53 82
228 53 83
228 53 84
228 53 85
228 53 86
228 53 87
228 53 88
228 53 89
228 53 90
228 53 91
228 53 92
228 53 93
228 53 94
228 53 95
228 53 96
228 53 97
228 53 98
228 53 99
228 53 100
228 53 101
228 53 102
228 53 103
228 53 104
228 53 105
228 53 106
228 53 107
228 53 108
228 53 109
228 53 110
228 53 111
228 53 112
228 53 113
228 53 114
228 53 115
228 53 116
228 53 117
228 53 118
228 53 119
228 53 120
228 53 121
228 53 122
228 53 123
228 53 124
228 53 125
228 53 126
228 53 127
228 53 128
228 53 129
228 53 130
228 53 131
228 53 132
228 53 133
228 53 134
228 53 135
228 53 136
228 53 137
228 53 138
228 53 139
228 53 140
228 53 141
228 53 142
228 53 143
228 53 144
228 53 145
228 53 146
228 53 147
228 53 148
228 53 149
228 53 150
228 53 151
228 53 152
228 53 153
228 53 154
228 53 155
228 53 156
228 53 157
228 53 158
228 53 159
228 53 160
228 53 161
228 53 162
228 53 163
228 53 164
228 53 165
228 53 166
228 53 167
228 53 168
228 53 169
228 53 170
228 53 171
228 53 172
228 53 173
228 53 174
228 53 175
228 53 176
228 53 177
228 53 178
228 53 179
228 53 180
228 53 181
228 53 182
228 53 183
228 53 184
228 53 185
228 53 186
228 53 187
228 53 188
228 53 189
228 53 190
228 53 191
228 53 192
228 53 193
228 53 194
228 53 195
228 53 196
228 53 197
228 53 198
228 53 199
228 53 200
228 53 201
228 53 202
228 53 203
228 53 204
228 53 205
228 53 206
228 53 207
228 53 208
228 53 209
228 53 210
228 53 211
228 53 212
228 53 213
228 53 214
228 53 215
228 53 216
228 53 217
228 53 218
228 53 219
228 53 220
228 53 221
228 53 222
228 53 223
228 53 224
228 53 225
228 53 226
228 53 227
228 53 228
228 53 229
228 53 230
228 53 231
228 53 232
228 53 233
228 53 234
228 53 235
228 53 236
228 53 237
228 53 238
228 53 239
228 53 240
228 53 241
228 53 242
228 53 243
228 53 244
228 53 245
