87 228 1
88 228 1
89 228 1
87 228 2
88 228 2
89 228 2
87 228 3
88 228 3
89 228 3
87 228 4
88 228 4
89 228 4
87 228 5
88 228 5
89 228 5
87 228 6
88 228 6
89 228 6
87 228 7
88 228 7
89 228 7
87 228 8
88 228 8
89 228 8
87 228 9
88 228 9
89 228 9
87 228 10
88 228 10
89 228 10
87 228 11
88 228 11
89 228 11
87 228 12
88 228 12
89 228 12
87 228 13
88 228 13
89 228 13
87 228 14
88 228 14
89 228 14
87 228 15
88 228 15
89 228 15
87 228 16
88 228 16
89 228 16
87 228 17
88 228 17
89 228 17
87 228 18
88 228 18
89 228 18
87 228 19
88 228 19
89 228 19
87 228 20
88 228 20
89 228 20
87 228 21
88 228 21
89 228 21
87 228 22
88 228 22
89 228 22
87 228 23
88 228 23
89 228 23
87 228 24
88 228 24
89 228 24
87 228 25
88 228 25
89 228 25
87 228 26
88 228 26
89 228 26
87 228 27
88 228 27
89 228 27
87 228 28
88 228 28
89 228 28
87 228 29
88 228 29
89 228 29
87 228 30
88 228 30
89 228 30
87 228 31
88 228 31
89 228 31
87 228 32
88 228 32
89 228 32
87 228 33
88 228 33
89 228 33
87 228 34
88 228 34
89 228 34
87 228 35
88 228 35
89 228 35
87 228 36
88 228 36
89 228 36
87 228 37
88 228 37
89 228 37
87 228 38
88 228 38
89 228 38
87 228 39
88 228 39
89 228 39
87 228 40
88 228 40
89 228 40
87 228 41
88 228 41
89 228 41
87 228 42
88 228 42
89 228 42
87 228 43
88 228 43
89 228 43
87 228 44
88 228 44
89 228 44
87 228 45
88 228 45
89 228 45
87 228 46
88 228 46
89 228 46
87 228 47
88 228 47
89 228 47
87 228 48
88 228 48
89 228 48
87 228 49
88 228 49
89 228 49
87 228 50
88 228 50
89 228 50
87 228 51
88 228 51
89 228 51
87 228 52
88 228 52
89 228 52
87 228 53
88 228 53
89 228 53
87 228 54
88 228 54
89 228 54
87 228 55
88 228 55
89 228 55
87 228 56
88 228 56
89 228 56
87 228 57
88 228 57
89 228 57
87 228 58
88 228 58
89 228 58
87 228 59
88 228 59
89 228 59
87 228 60
88 228 60
89 228 60
87 228 61
88 228 61
89 228 61
87 228 62
88 228 62
89 228 62
87 228 63
88 228 63
89 228 63
87 228 64
88 228 64
89 228 64
87 228 65
88 228 65
89 228 65
87 228 66
88 228 66
89 228 66
87 228 67
88 228 67
89 228 67
87 228 68
88 228 68
89 228 68
87 228 69
88 228 69
89 228 69
87 228 70
88 228 70
89 228 70
87 228 71
88 228 71
89 228 71
87 228 72
88 228 72
89 228 72
87 228 73
88 228 73
89 228 73
87 228 74
88 228 74
89 228 74
87 228 75
88 228 75
89 228 75
87 228 76
88 228 76
89 228 76
87 228 77
88 228 77
89 228 77
87 228 78
88 228 78
89 228 78
87 228 79
88 228 79
89 228 79
87 228 80
88 228 80
89 228 80
87 228 81
88 228 81
89 228 81
