17 228 1
18 228 1
19 228 1
17 228 2
18 228 2
19 228 2
17 228 3
18 228 3
19 228 3
17 228 4
18 228 4
19 228 4
17 228 5
18 228 5
19 228 5
17 228 6
18 228 6
19 228 6
17 228 7
18 228 7
19 228 7
17 228 8
18 228 8
19 228 8
17 228 9
18 228 9
19 228 9
17 228 10
18 228 10
19 228 10
17 228 11
18 228 11
19 228 11
17 228 12
18 228 12
19 228 12
17 228 13
18 228 13
19 228 13
17 228 14
18 228 14
19 228 14
17 228 15
18 228 15
19 228 15
17 228 16
18 228 16
19 228 16
17 228 17
18 228 17
19 228 17
17 228 18
18 228 18
19 228 18
17 228 19
18 228 19
19 228 19
17 228 20
18 228 20
19 228 20
17 228 21
18 228 21
19 228 21
17 228 22
18 228 22
19 228 22
17 228 23
18 228 23
19 228 23
17 228 24
18 228 24
19 228 24
17 228 25
18 228 25
19 228 25
17 228 26
18 228 26
19 228 26
17 228 27
18 228 27
19 228 27
17 228 28
18 228 28
19 228 28
17 228 29
18 228 29
19 228 29
17 228 30
18 228 30
19 228 30
17 228 31
18 228 31
19 228 31
17 228 32
18 228 32
19 228 32
17 228 33
18 228 33
19 228 33
17 228 34
18 228 34
19 228 34
17 228 35
18 228 35
19 228 35
17 228 36
18 228 36
19 228 36
17 228 37
18 228 37
19 228 37
17 228 38
18 228 38
19 228 38
17 228 39
18 228 39
19 228 39
17 228 40
18 228 40
19 228 40
17 228 41
18 228 41
19 228 41
17 228 42
18 228 42
19 228 42
17 228 43
18 228 43
19 228 43
17 228 44
18 228 44
19 228 44
17 228 45
18 228 45
19 228 45
17 228 46
18 228 46
19 228 46
17 228 47
18 228 47
19 228 47
17 228 48
18 228 48
19 228 48
17 228 49
18 228 49
19 228 49
17 228 50
18 228 50
19 228 50
17 228 51
18 228 51
19 228 51
17 228 52
18 228 52
19 228 52
17 228 53
18 228 53
19 228 53
17 228 54
18 228 54
19 228 54
17 228 55
18 228 55
19 228 55
17 228 56
18 228 56
19 228 56
17 228 57
18 228 57
19 228 57
17 228 58
18 228 58
19 228 58
17 228 59
18 228 59
19 228 59
17 228 60
18 228 60
19 228 60
17 228 61
18 228 61
19 228 61
17 228 62
18 228 62
19 228 62
17 228 63
18 228 63
19 228 63
17 228 64
18 228 64
19 228 64
17 228 65
18 228 65
19 228 65
17 228 66
18 228 66
19 228 66
17 228 67
18 228 67
19 228 67
17 228 68
18 228 68
19 228 68
17 228 69
18 228 69
19 228 69
17 228 70
18 228 70
19 228 70
17 228 71
18 228 71
19 228 71
17 228 72
18 228 72
19 228 72
17 228 73
18 228 73
19 228 73
17 228 74
18 228 74
19 228 74
17 228 75
18 228 75
19 228 75
17 228 76
18 228 76
19 228 76
17 228 77
18 228 77
19 228 77
17 228 78
18 228 78
19 228 78
17 228 79
18 228 79
19 228 79
17 228 80
18 228 80
19 228 80
17 228 81
18 228 81
19 228 81
