223 228 1
223 228 2
223 228 3
223 228 4
223 228 5
223 228 6
223 228 7
223 228 8
223 228 9
223 228 10
223 228 11
223 228 12
223 228 13
223 228 14
223 228 15
223 228 16
223 228 17
223 228 18
223 228 19
223 228 20
223 228 21
223 228 22
223 228 23
223 228 24
223 228 25
223 228 26
223 228 27
223 228 28
223 228 29
223 228 30
223 228 31
223 228 32
223 228 33
223 228 34
223 228 35
223 228 36
223 228 37
223 228 38
223 228 39
223 228 40
223 228 41
223 228 42
223 228 43
223 228 44
223 228 45
223 228 46
223 228 47
223 228 48
223 228 49
223 228 50
223 228 51
223 228 52
223 228 53
223 228 54
223 228 55
223 228 56
223 228 57
223 228 58
223 228 59
223 228 60
223 228 61
223 228 62
223 228 63
223 228 64
223 228 65
223 228 66
223 228 67
223 228 68
223 228 69
223 228 70
223 228 71
223 228 72
223 228 73
223 228 74
223 228 75
223 228 76
223 228 77
223 228 78
223 228 79
223 228 80
223 228 81
223 228 82
223 228 83
223 228 84
223 228 85
223 228 86
223 228 87
223 228 88
223 228 89
223 228 90
223 228 91
223 228 92
223 228 93
223 228 94
223 228 95
223 228 96
223 228 97
223 228 98
223 228 99
223 228 100
223 228 101
223 228 102
223 228 103
223 228 104
223 228 105
223 228 106
223 228 107
223 228 108
223 228 109
223 228 110
223 228 111
223 228 112
223 228 113
223 228 114
223 228 115
223 228 116
223 228 117
223 228 118
223 228 119
223 228 120
223 228 121
223 228 122
223 228 123
223 228 124
223 228 125
223 228 126
223 228 127
223 228 128
223 228 129
223 228 130
223 228 131
223 228 132
223 228 133
223 228 134
223 228 135
223 228 136
223 228 137
223 228 138
223 228 139
223 228 140
223 228 141
223 228 142
223 228 143
223 228 144
223 228 145
223 228 146
223 228 147
223 228 148
223 228 149
223 228 150
223 228 151
223 228 152
223 228 153
223 228 154
223 228 155
223 228 156
223 228 157
223 228 158
223 228 159
223 228 160
223 228 161
223 228 162
223 228 163
223 228 164
223 228 165
223 228 166
223 228 167
223 228 168
223 228 169
223 228 170
223 228 171
223 228 172
223 228 173
223 228 174
223 228 175
223 228 176
223 228 177
223 228 178
223 228 179
223 228 180
223 228 181
223 228 182
223 228 183
223 228 184
223 228 185
223 228 186
223 228 187
223 228 188
223 228 189
223 228 190
223 228 191
223 228 192
223 228 193
223 228 194
223 228 195
223 228 196
223 228 197
223 228 198
223 228 199
223 228 200
223 228 201
223 228 202
223 228 203
223 228 204
223 228 205
223 228 206
223 228 207
223 228 208
223 228 209
223 228 210
223 228 211
223 228 212
223 228 213
223 228 214
223 228 215
223 228 216
223 228 217
223 228 218
223 228 219
223 228 220
223 228 221
223 228 222
223 228 223
223 228 224
223 228 225
223 228 226
223 228 227
223 228 228
223 228 229
223 228 230
223 228 231
223 228 232
223 228 233
223 228 234
223 228 235
223 228 236
223 228 237
223 228 238
223 228 239
223 228 240
223 228 241
223 228 242
223 228 243
223 228 244
223 228 245
