183 223 1
183 223 2
183 223 3
183 223 4
183 223 5
183 223 6
183 223 7
183 223 8
183 223 9
183 223 10
183 223 11
183 223 12
183 223 13
183 223 14
183 223 15
183 223 16
183 223 17
183 223 18
183 223 19
183 223 20
183 223 21
183 223 22
183 223 23
183 223 24
183 223 25
183 223 26
183 223 27
183 223 28
183 223 29
183 223 30
183 223 31
183 223 32
183 223 33
183 223 34
183 223 35
183 223 36
183 223 37
183 223 38
183 223 39
183 223 40
183 223 41
183 223 42
183 223 43
183 223 44
183 223 45
183 223 46
183 223 47
183 223 48
183 223 49
183 223 50
183 223 51
183 223 52
183 223 53
183 223 54
183 223 55
183 223 56
183 223 57
183 223 58
183 223 59
183 223 60
183 223 61
183 223 62
183 223 63
183 223 64
183 223 65
183 223 66
183 223 67
183 223 68
183 223 69
183 223 70
183 223 71
183 223 72
183 223 73
183 223 74
183 223 75
183 223 76
183 223 77
183 223 78
183 223 79
183 223 80
183 223 81
183 223 82
183 223 83
183 223 84
183 223 85
183 223 86
183 223 87
183 223 88
183 223 89
183 223 90
183 223 91
183 223 92
183 223 93
183 223 94
183 223 95
183 223 96
183 223 97
183 223 98
183 223 99
183 223 100
183 223 101
183 223 102
183 223 103
183 223 104
183 223 105
183 223 106
183 223 107
183 223 108
183 223 109
183 223 110
183 223 111
183 223 112
183 223 113
183 223 114
183 223 115
183 223 116
183 223 117
183 223 118
183 223 119
183 223 120
183 223 121
183 223 122
183 223 123
183 223 124
183 223 125
183 223 126
183 223 127
183 223 128
183 223 129
183 223 130
183 223 131
183 223 132
183 223 133
183 223 134
183 223 135
183 223 136
183 223 137
183 223 138
183 223 139
183 223 140
183 223 141
183 223 142
183 223 143
183 223 144
183 223 145
183 223 146
183 223 147
183 223 148
183 223 149
183 223 150
183 223 151
183 223 152
183 223 153
183 223 154
183 223 155
183 223 156
183 223 157
183 223 158
183 223 159
183 223 160
183 223 161
183 223 162
183 223 163
183 223 164
183 223 165
183 223 166
183 223 167
183 223 168
183 223 169
183 223 170
183 223 171
183 223 172
183 223 173
183 223 174
183 223 175
183 223 176
183 223 177
183 223 178
183 223 179
183 223 180
183 223 181
183 223 182
183 223 183
183 223 184
183 223 185
183 223 186
183 223 187
183 223 188
183 223 189
183 223 190
183 223 191
183 223 192
183 223 193
183 223 194
183 223 195
183 223 196
183 223 197
183 223 198
183 223 199
183 223 200
183 223 201
183 223 202
183 223 203
183 223 204
183 223 205
183 223 206
183 223 207
183 223 208
183 223 209
183 223 210
183 223 211
183 223 212
183 223 213
183 223 214
183 223 215
183 223 216
183 223 217
183 223 218
183 223 219
183 223 220
183 223 221
183 223 222
183 223 223
183 223 224
183 223 225
183 223 226
183 223 227
183 223 228
183 223 229
183 223 230
183 223 231
183 223 232
183 223 233
183 223 234
183 223 235
183 223 236
183 223 237
183 223 238
183 223 239
183 223 240
183 223 241
183 223 242
183 223 243
183 223 244
183 223 245
