228 70 1
228 70 2
228 70 3
228 70 4
228 70 5
228 70 6
228 70 7
228 70 8
228 70 9
228 70 10
228 70 11
228 70 12
228 70 13
228 70 14
228 70 15
228 70 16
228 70 17
228 70 18
228 70 19
228 70 20
228 70 21
228 70 22
228 70 23
228 70 24
228 70 25
228 70 26
228 70 27
228 70 28
228 70 29
228 70 30
228 70 31
228 70 32
228 70 33
228 70 34
228 70 35
228 70 36
228 70 37
228 70 38
228 70 39
228 70 40
228 70 41
228 70 42
228 70 43
228 70 44
228 70 45
228 70 46
228 70 47
228 70 48
228 70 49
228 70 50
228 70 51
228 70 52
228 70 53
228 70 54
228 70 55
228 70 56
228 70 57
228 70 58
228 70 59
228 70 60
228 70 61
228 70 62
228 70 63
228 70 64
228 70 65
228 70 66
228 70 67
228 70 68
228 70 69
228 70 70
228 70 71
228 70 72
228 70 73
228 70 74
228 70 75
228 70 76
228 70 77
228 70 78
228 70 79
228 70 80
228 70 81
228 70 82
228 70 83
228 70 84
228 70 85
228 70 86
228 70 87
228 70 88
228 70 89
228 70 90
228 70 91
228 70 92
228 70 93
228 70 94
228 70 95
228 70 96
228 70 97
228 70 98
228 70 99
228 70 100
228 70 101
228 70 102
228 70 103
228 70 104
228 70 105
228 70 106
228 70 107
228 70 108
228 70 109
228 70 110
228 70 111
228 70 112
228 70 113
228 70 114
228 70 115
228 70 116
228 70 117
228 70 118
228 70 119
228 70 120
228 70 121
228 70 122
228 70 123
228 70 124
228 70 125
228 70 126
228 70 127
228 70 128
228 70 129
228 70 130
228 70 131
228 70 132
228 70 133
228 70 134
228 70 135
228 70 136
228 70 137
228 70 138
228 70 139
228 70 140
228 70 141
228 70 142
228 70 143
228 70 144
228 70 145
228 70 146
228 70 147
228 70 148
228 70 149
228 70 150
228 70 151
228 70 152
228 70 153
228 70 154
228 70 155
228 70 156
228 70 157
228 70 158
228 70 159
228 70 160
228 70 161
228 70 162
228 70 163
228 70 164
228 70 165
228 70 166
228 70 167
228 70 168
228 70 169
228 70 170
228 70 171
228 70 172
228 70 173
228 70 174
228 70 175
228 70 176
228 70 177
228 70 178
228 70 179
228 70 180
228 70 181
228 70 182
228 70 183
228 70 184
228 70 185
228 70 186
228 70 187
228 70 188
228 70 189
228 70 190
228 70 191
228 70 192
228 70 193
228 70 194
228 70 195
228 70 196
228 70 197
228 70 198
228 70 199
228 70 200
228 70 201
228 70 202
228 70 203
228 70 204
228 70 205
228 70 206
228 70 207
228 70 208
228 70 209
228 70 210
228 70 211
228 70 212
228 70 213
228 70 214
228 70 215
228 70 216
228 70 217
228 70 218
228 70 219
228 70 220
228 70 221
228 70 222
228 70 223
228 70 224
228 70 225
228 70 226
228 70 227
228 70 228
228 70 229
228 70 230
228 70 231
228 70 232
228 70 233
228 70 234
228 70 235
228 70 236
228 70 237
228 70 238
228 70 239
228 70 240
228 70 241
228 70 242
228 70 243
228 70 244
228 70 245
