127 216 1
127 216 2
127 216 3
127 216 4
127 216 5
127 216 6
127 216 7
127 216 8
127 216 9
127 216 10
127 216 11
127 216 12
127 216 13
127 216 14
127 216 15
127 216 16
127 216 17
127 216 18
127 216 19
127 216 20
127 216 21
127 216 22
127 216 23
127 216 24
127 216 25
127 216 26
127 216 27
127 216 28
127 216 29
127 216 30
127 216 31
127 216 32
127 216 33
127 216 34
127 216 35
127 216 36
127 216 37
127 216 38
127 216 39
127 216 40
127 216 41
127 216 42
127 216 43
127 216 44
127 216 45
127 216 46
127 216 47
127 216 48
127 216 49
127 216 50
127 216 51
127 216 52
127 216 53
127 216 54
127 216 55
127 216 56
127 216 57
127 216 58
127 216 59
127 216 60
127 216 61
127 216 62
127 216 63
127 216 64
127 216 65
127 216 66
127 216 67
127 216 68
127 216 69
127 216 70
127 216 71
127 216 72
127 216 73
127 216 74
127 216 75
127 216 76
127 216 77
127 216 78
127 216 79
127 216 80
127 216 81
127 216 82
127 216 83
127 216 84
127 216 85
127 216 86
127 216 87
127 216 88
127 216 89
127 216 90
127 216 91
127 216 92
127 216 93
127 216 94
127 216 95
127 216 96
127 216 97
127 216 98
127 216 99
127 216 100
127 216 101
127 216 102
127 216 103
127 216 104
127 216 105
127 216 106
127 216 107
127 216 108
127 216 109
127 216 110
127 216 111
127 216 112
127 216 113
127 216 114
127 216 115
127 216 116
127 216 117
127 216 118
127 216 119
127 216 120
127 216 121
127 216 122
127 216 123
127 216 124
127 216 125
127 216 126
127 216 127
127 216 128
127 216 129
127 216 130
127 216 131
127 216 132
127 216 133
127 216 134
127 216 135
127 216 136
127 216 137
127 216 138
127 216 139
127 216 140
127 216 141
127 216 142
127 216 143
127 216 144
127 216 145
127 216 146
127 216 147
127 216 148
127 216 149
127 216 150
127 216 151
127 216 152
127 216 153
127 216 154
127 216 155
127 216 156
127 216 157
127 216 158
127 216 159
127 216 160
127 216 161
127 216 162
127 216 163
127 216 164
127 216 165
127 216 166
127 216 167
127 216 168
127 216 169
127 216 170
127 216 171
127 216 172
127 216 173
127 216 174
127 216 175
127 216 176
127 216 177
127 216 178
127 216 179
127 216 180
127 216 181
127 216 182
127 216 183
127 216 184
127 216 185
127 216 186
127 216 187
127 216 188
127 216 189
127 216 190
127 216 191
127 216 192
127 216 193
127 216 194
127 216 195
127 216 196
127 216 197
127 216 198
127 216 199
127 216 200
127 216 201
127 216 202
127 216 203
127 216 204
127 216 205
127 216 206
127 216 207
127 216 208
127 216 209
127 216 210
127 216 211
127 216 212
127 216 213
127 216 214
127 216 215
127 216 216
127 216 217
127 216 218
127 216 219
127 216 220
127 216 221
127 216 222
127 216 223
127 216 224
127 216 225
127 216 226
127 216 227
127 216 228
127 216 229
127 216 230
127 216 231
127 216 232
127 216 233
127 216 234
127 216 235
127 216 236
127 216 237
127 216 238
127 216 239
127 216 240
127 216 241
127 216 242
127 216 243
127 216 244
127 216 245
