4 7 1
5 7 1
6 7 1
4 8 2
5 8 2
6 8 2
4 9 3
5 9 3
6 9 3
4 7 4
5 7 4
6 7 4
4 8 5
5 8 5
6 8 5
4 9 6
5 9 6
6 9 6
4 7 7
5 7 7
6 7 7
4 8 8
5 8 8
6 8 8
4 9 9
5 9 9
6 9 9
4 7 10
5 7 10
6 7 10
4 8 11
5 8 11
6 8 11
4 9 12
5 9 12
6 9 12
4 7 13
5 7 13
6 7 13
4 8 14
5 8 14
6 8 14
4 9 15
5 9 15
6 9 15
4 7 16
5 7 16
6 7 16
4 8 17
5 8 17
6 8 17
4 9 18
5 9 18
6 9 18
4 7 19
5 7 19
6 7 19
4 8 20
5 8 20
6 8 20
4 9 21
5 9 21
6 9 21
4 7 22
5 7 22
6 7 22
4 8 23
5 8 23
6 8 23
4 9 24
5 9 24
6 9 24
4 7 25
5 7 25
6 7 25
4 8 26
5 8 26
6 8 26
4 9 27
5 9 27
6 9 27
4 7 28
5 7 28
6 7 28
4 8 29
5 8 29
6 8 29
4 9 30
5 9 30
6 9 30
4 7 31
5 7 31
6 7 31
4 8 32
5 8 32
6 8 32
4 9 33
5 9 33
6 9 33
4 7 34
5 7 34
6 7 34
4 8 35
5 8 35
6 8 35
4 9 36
5 9 36
6 9 36
4 7 37
5 7 37
6 7 37
4 8 38
5 8 38
6 8 38
4 9 39
5 9 39
6 9 39
4 7 40
5 7 40
6 7 40
4 8 41
5 8 41
6 8 41
4 9 42
5 9 42
6 9 42
4 7 43
5 7 43
6 7 43
4 8 44
5 8 44
6 8 44
4 9 45
5 9 45
6 9 45
4 7 46
5 7 46
6 7 46
4 8 47
5 8 47
6 8 47
4 9 48
5 9 48
6 9 48
4 7 49
5 7 49
6 7 49
4 8 50
5 8 50
6 8 50
4 9 51
5 9 51
6 9 51
4 7 52
5 7 52
6 7 52
4 8 53
5 8 53
6 8 53
4 9 54
5 9 54
6 9 54
4 7 55
5 7 55
6 7 55
4 8 56
5 8 56
6 8 56
4 9 57
5 9 57
6 9 57
4 7 58
5 7 58
6 7 58
4 8 59
5 8 59
6 8 59
4 9 60
5 9 60
6 9 60
4 7 61
5 7 61
6 7 61
4 8 62
5 8 62
6 8 62
4 9 63
5 9 63
6 9 63
4 7 64
5 7 64
6 7 64
4 8 65
5 8 65
6 8 65
4 9 66
5 9 66
6 9 66
4 7 67
5 7 67
6 7 67
4 8 68
5 8 68
6 8 68
4 9 69
5 9 69
6 9 69
4 7 70
5 7 70
6 7 70
4 8 71
5 8 71
6 8 71
4 9 72
5 9 72
6 9 72
4 7 73
5 7 73
6 7 73
4 8 74
5 8 74
6 8 74
4 9 75
5 9 75
6 9 75
4 7 76
5 7 76
6 7 76
4 8 77
5 8 77
6 8 77
4 9 78
5 9 78
6 9 78
4 7 79
5 7 79
6 7 79
4 8 80
5 8 80
6 8 80
4 9 81
5 9 81
6 9 81
4 7 82
5 7 82
6 7 82
4 8 83
5 8 83
6 8 83
4 9 84
5 9 84
6 9 84
4 7 85
5 7 85
6 7 85
4 8 86
5 8 86
6 8 86
4 9 87
5 9 87
6 9 87
4 7 88
5 7 88
6 7 88
4 8 89
5 8 89
6 8 89
4 9 90
5 9 90
6 9 90
4 7 91
5 7 91
6 7 91
4 8 92
5 8 92
6 8 92
4 9 93
5 9 93
6 9 93
4 7 94
5 7 94
6 7 94
4 8 95
5 8 95
6 8 95
4 9 96
5 9 96
6 9 96
4 7 97
5 7 97
6 7 97
4 8 98
5 8 98
6 8 98
4 9 99
5 9 99
6 9 99
4 7 100
5 7 100
6 7 100
4 8 101
5 8 101
6 8 101
4 9 102
5 9 102
6 9 102
4 7 103
5 7 103
6 7 103
4 8 104
5 8 104
6 8 104
4 9 105
5 9 105
6 9 105
4 7 106
5 7 106
6 7 106
4 8 107
5 8 107
6 8 107
4 9 108
5 9 108
6 9 108
4 7 109
5 7 109
6 7 109
4 8 110
5 8 110
6 8 110
4 9 111
5 9 111
6 9 111
4 7 112
5 7 112
6 7 112
4 8 113
5 8 113
6 8 113
4 9 114
5 9 114
6 9 114
4 7 115
5 7 115
6 7 115
4 8 116
5 8 116
6 8 116
4 9 117
5 9 117
6 9 117
4 7 118
5 7 118
6 7 118
4 8 119
5 8 119
6 8 119
4 9 120
5 9 120
6 9 120
4 7 121
5 7 121
6 7 121
4 8 122
5 8 122
6 8 122
4 9 123
5 9 123
6 9 123
4 7 124
5 7 124
6 7 124
4 8 125
5 8 125
6 8 125
4 9 126
5 9 126
6 9 126
4 7 127
5 7 127
6 7 127
4 8 128
5 8 128
6 8 128
4 9 129
5 9 129
6 9 129
4 7 130
5 7 130
6 7 130
4 8 131
5 8 131
6 8 131
4 9 132
5 9 132
6 9 132
4 7 133
5 7 133
6 7 133
4 8 134
5 8 134
6 8 134
4 9 135
5 9 135
6 9 135
4 7 136
5 7 136
6 7 136
4 8 137
5 8 137
6 8 137
4 9 138
5 9 138
6 9 138
4 7 139
5 7 139
6 7 139
4 8 140
5 8 140
6 8 140
4 9 141
5 9 141
6 9 141
4 7 142
5 7 142
6 7 142
4 8 143
5 8 143
6 8 143
4 9 144
5 9 144
6 9 144
4 7 145
5 7 145
6 7 145
4 8 146
5 8 146
6 8 146
4 9 147
5 9 147
6 9 147
4 7 148
5 7 148
6 7 148
4 8 149
5 8 149
6 8 149
4 9 150
5 9 150
6 9 150
4 7 151
5 7 151
6 7 151
4 8 152
5 8 152
6 8 152
4 9 153
5 9 153
6 9 153
4 7 154
5 7 154
6 7 154
4 8 155
5 8 155
6 8 155
4 9 156
5 9 156
6 9 156
4 7 157
5 7 157
6 7 157
4 8 158
5 8 158
6 8 158
4 9 159
5 9 159
6 9 159
4 7 160
5 7 160
6 7 160
4 8 161
5 8 161
6 8 161
4 9 162
5 9 162
6 9 162
4 7 163
5 7 163
6 7 163
4 8 164
5 8 164
6 8 164
4 9 165
5 9 165
6 9 165
4 7 166
5 7 166
6 7 166
4 8 167
5 8 167
6 8 167
4 9 168
5 9 168
6 9 168
4 7 169
5 7 169
6 7 169
4 8 170
5 8 170
6 8 170
4 9 171
5 9 171
6 9 171
4 7 172
5 7 172
6 7 172
4 8 173
5 8 173
6 8 173
4 9 174
5 9 174
6 9 174
4 7 175
5 7 175
6 7 175
4 8 176
5 8 176
6 8 176
4 9 177
5 9 177
6 9 177
4 7 178
5 7 178
6 7 178
4 8 179
5 8 179
6 8 179
4 9 180
5 9 180
6 9 180
4 7 181
5 7 181
6 7 181
4 8 182
5 8 182
6 8 182
4 9 183
5 9 183
6 9 183
4 7 184
5 7 184
6 7 184
4 8 185
5 8 185
6 8 185
4 9 186
5 9 186
6 9 186
4 7 187
5 7 187
6 7 187
4 8 188
5 8 188
6 8 188
4 9 189
5 9 189
6 9 189
4 7 190
5 7 190
6 7 190
4 8 191
5 8 191
6 8 191
4 9 192
5 9 192
6 9 192
4 7 193
5 7 193
6 7 193
4 8 194
5 8 194
6 8 194
4 9 195
5 9 195
6 9 195
4 7 196
5 7 196
6 7 196
4 8 197
5 8 197
6 8 197
4 9 198
5 9 198
6 9 198
4 7 199
5 7 199
6 7 199
4 8 200
5 8 200
6 8 200
4 9 201
5 9 201
6 9 201
4 7 202
5 7 202
6 7 202
4 8 203
5 8 203
6 8 203
4 9 204
5 9 204
6 9 204
4 7 205
5 7 205
6 7 205
4 8 206
5 8 206
6 8 206
4 9 207
5 9 207
6 9 207
4 7 208
5 7 208
6 7 208
4 8 209
5 8 209
6 8 209
4 9 210
5 9 210
6 9 210
4 7 211
5 7 211
6 7 211
4 8 212
5 8 212
6 8 212
4 9 213
5 9 213
6 9 213
4 7 214
5 7 214
6 7 214
4 8 215
5 8 215
6 8 215
4 9 216
5 9 216
6 9 216
4 7 217
5 7 217
6 7 217
4 8 218
5 8 218
6 8 218
4 9 219
5 9 219
6 9 219
4 7 220
5 7 220
6 7 220
4 8 221
5 8 221
6 8 221
4 9 222
5 9 222
6 9 222
4 7 223
5 7 223
6 7 223
4 8 224
5 8 224
6 8 224
4 9 225
5 9 225
6 9 225
4 7 226
5 7 226
6 7 226
4 8 227
5 8 227
6 8 227
4 9 228
5 9 228
6 9 228
4 7 229
5 7 229
6 7 229
4 8 230
5 8 230
6 8 230
4 9 231
5 9 231
6 9 231
4 7 232
5 7 232
6 7 232
4 8 233
5 8 233
6 8 233
4 9 234
5 9 234
6 9 234
4 7 235
5 7 235
6 7 235
4 8 236
5 8 236
6 8 236
4 9 237
5 9 237
6 9 237
4 7 238
5 7 238
6 7 238
4 8 239
5 8 239
6 8 239
4 9 240
5 9 240
6 9 240
4 7 241
5 7 241
6 7 241
4 8 242
5 8 242
6 8 242
4 9 243
5 9 243
6 9 243
4 7 244
5 7 244
6 7 244
4 8 245
5 8 245
6 8 245
4 9 246
5 9 246
6 9 246
4 7 247
5 7 247
6 7 247
4 8 248
5 8 248
6 8 248
4 9 249
5 9 249
6 9 249
4 7 250
5 7 250
6 7 250
4 8 251
5 8 251
6 8 251
4 9 252
5 9 252
6 9 252
4 7 253
5 7 253
6 7 253
4 8 254
5 8 254
6 8 254
4 9 255
5 9 255
6 9 255
4 7 256
5 7 256
6 7 256
4 8 257
5 8 257
6 8 257
4 9 258
5 9 258
6 9 258
4 7 259
5 7 259
6 7 259
4 8 260
5 8 260
6 8 260
4 9 261
5 9 261
6 9 261
4 7 262
5 7 262
6 7 262
4 8 263
5 8 263
6 8 263
4 9 264
5 9 264
6 9 264
4 7 265
5 7 265
6 7 265
4 8 266
5 8 266
6 8 266
4 9 267
5 9 267
6 9 267
4 7 268
5 7 268
6 7 268
4 8 269
5 8 269
6 8 269
4 9 270
5 9 270
6 9 270
4 7 271
5 7 271
6 7 271
4 8 272
5 8 272
6 8 272
4 9 273
5 9 273
6 9 273
4 7 274
5 7 274
6 7 274
4 8 275
5 8 275
6 8 275
4 9 276
5 9 276
6 9 276
4 7 277
5 7 277
6 7 277
4 8 278
5 8 278
6 8 278
4 9 279
5 9 279
6 9 279
4 7 280
5 7 280
6 7 280
4 8 281
5 8 281
6 8 281
4 9 282
5 9 282
6 9 282
4 7 283
5 7 283
6 7 283
4 8 284
5 8 284
6 8 284
4 9 285
5 9 285
6 9 285
4 7 286
5 7 286
6 7 286
4 8 287
5 8 287
6 8 287
4 9 288
5 9 288
6 9 288
4 7 289
5 7 289
6 7 289
4 8 290
5 8 290
6 8 290
4 9 291
5 9 291
6 9 291
4 7 292
5 7 292
6 7 292
4 8 293
5 8 293
6 8 293
4 9 294
5 9 294
6 9 294
4 7 295
5 7 295
6 7 295
4 8 296
5 8 296
6 8 296
4 9 297
5 9 297
6 9 297
4 7 298
5 7 298
6 7 298
4 8 299
5 8 299
6 8 299
4 9 300
5 9 300
6 9 300
4 7 301
5 7 301
6 7 301
4 8 302
5 8 302
6 8 302
4 9 303
5 9 303
6 9 303
4 7 304
5 7 304
6 7 304
4 8 305
5 8 305
6 8 305
4 9 306
5 9 306
6 9 306
4 7 307
5 7 307
6 7 307
4 8 308
5 8 308
6 8 308
4 9 309
5 9 309
6 9 309
4 7 310
5 7 310
6 7 310
4 8 311
5 8 311
6 8 311
4 9 312
5 9 312
6 9 312
4 7 313
5 7 313
6 7 313
4 8 314
5 8 314
6 8 314
4 9 315
5 9 315
6 9 315
4 7 316
5 7 316
6 7 316
4 8 317
5 8 317
6 8 317
4 9 318
5 9 318
6 9 318
4 7 319
5 7 319
6 7 319
4 8 320
5 8 320
6 8 320
4 9 321
5 9 321
6 9 321
4 7 322
5 7 322
6 7 322
4 8 323
5 8 323
6 8 323
4 9 324
5 9 324
6 9 324
4 7 325
5 7 325
6 7 325
4 8 326
5 8 326
6 8 326
4 9 327
5 9 327
6 9 327
