208 211 1
209 211 1
210 211 1
208 212 2
209 212 2
210 212 2
208 213 3
209 213 3
210 213 3
208 211 4
209 211 4
210 211 4
208 212 5
209 212 5
210 212 5
208 213 6
209 213 6
210 213 6
208 211 7
209 211 7
210 211 7
208 212 8
209 212 8
210 212 8
208 213 9
209 213 9
210 213 9
208 211 10
209 211 10
210 211 10
208 212 11
209 212 11
210 212 11
208 213 12
209 213 12
210 213 12
208 211 13
209 211 13
210 211 13
208 212 14
209 212 14
210 212 14
208 213 15
209 213 15
210 213 15
208 211 16
209 211 16
210 211 16
208 212 17
209 212 17
210 212 17
208 213 18
209 213 18
210 213 18
208 211 19
209 211 19
210 211 19
208 212 20
209 212 20
210 212 20
208 213 21
209 213 21
210 213 21
208 211 22
209 211 22
210 211 22
208 212 23
209 212 23
210 212 23
208 213 24
209 213 24
210 213 24
208 211 25
209 211 25
210 211 25
208 212 26
209 212 26
210 212 26
208 213 27
209 213 27
210 213 27
208 211 28
209 211 28
210 211 28
208 212 29
209 212 29
210 212 29
208 213 30
209 213 30
210 213 30
208 211 31
209 211 31
210 211 31
208 212 32
209 212 32
210 212 32
208 213 33
209 213 33
210 213 33
208 211 34
209 211 34
210 211 34
208 212 35
209 212 35
210 212 35
208 213 36
209 213 36
210 213 36
208 211 37
209 211 37
210 211 37
208 212 38
209 212 38
210 212 38
208 213 39
209 213 39
210 213 39
208 211 40
209 211 40
210 211 40
208 212 41
209 212 41
210 212 41
208 213 42
209 213 42
210 213 42
208 211 43
209 211 43
210 211 43
208 212 44
209 212 44
210 212 44
208 213 45
209 213 45
210 213 45
208 211 46
209 211 46
210 211 46
208 212 47
209 212 47
210 212 47
208 213 48
209 213 48
210 213 48
208 211 49
209 211 49
210 211 49
208 212 50
209 212 50
210 212 50
208 213 51
209 213 51
210 213 51
208 211 52
209 211 52
210 211 52
208 212 53
209 212 53
210 212 53
208 213 54
209 213 54
210 213 54
208 211 55
209 211 55
210 211 55
208 212 56
209 212 56
210 212 56
208 213 57
209 213 57
210 213 57
208 211 58
209 211 58
210 211 58
208 212 59
209 212 59
210 212 59
208 213 60
209 213 60
210 213 60
208 211 61
209 211 61
210 211 61
208 212 62
209 212 62
210 212 62
208 213 63
209 213 63
210 213 63
208 211 64
209 211 64
210 211 64
208 212 65
209 212 65
210 212 65
208 213 66
209 213 66
210 213 66
208 211 67
209 211 67
210 211 67
208 212 68
209 212 68
210 212 68
208 213 69
209 213 69
210 213 69
208 211 70
209 211 70
210 211 70
208 212 71
209 212 71
210 212 71
208 213 72
209 213 72
210 213 72
208 211 73
209 211 73
210 211 73
208 212 74
209 212 74
210 212 74
208 213 75
209 213 75
210 213 75
208 211 76
209 211 76
210 211 76
208 212 77
209 212 77
210 212 77
208 213 78
209 213 78
210 213 78
208 211 79
209 211 79
210 211 79
208 212 80
209 212 80
210 212 80
208 213 81
209 213 81
210 213 81
208 211 82
209 211 82
210 211 82
208 212 83
209 212 83
210 212 83
208 213 84
209 213 84
210 213 84
208 211 85
209 211 85
210 211 85
208 212 86
209 212 86
210 212 86
208 213 87
209 213 87
210 213 87
208 211 88
209 211 88
210 211 88
208 212 89
209 212 89
210 212 89
208 213 90
209 213 90
210 213 90
208 211 91
209 211 91
210 211 91
208 212 92
209 212 92
210 212 92
208 213 93
209 213 93
210 213 93
208 211 94
209 211 94
210 211 94
208 212 95
209 212 95
210 212 95
208 213 96
209 213 96
210 213 96
208 211 97
209 211 97
210 211 97
208 212 98
209 212 98
210 212 98
208 213 99
209 213 99
210 213 99
208 211 100
209 211 100
210 211 100
208 212 101
209 212 101
210 212 101
208 213 102
209 213 102
210 213 102
208 211 103
209 211 103
210 211 103
208 212 104
209 212 104
210 212 104
208 213 105
209 213 105
210 213 105
208 211 106
209 211 106
210 211 106
208 212 107
209 212 107
210 212 107
208 213 108
209 213 108
210 213 108
208 211 109
209 211 109
210 211 109
208 212 110
209 212 110
210 212 110
208 213 111
209 213 111
210 213 111
208 211 112
209 211 112
210 211 112
208 212 113
209 212 113
210 212 113
208 213 114
209 213 114
210 213 114
208 211 115
209 211 115
210 211 115
208 212 116
209 212 116
210 212 116
208 213 117
209 213 117
210 213 117
208 211 118
209 211 118
210 211 118
208 212 119
209 212 119
210 212 119
208 213 120
209 213 120
210 213 120
208 211 121
209 211 121
210 211 121
208 212 122
209 212 122
210 212 122
208 213 123
209 213 123
210 213 123
208 211 124
209 211 124
210 211 124
208 212 125
209 212 125
210 212 125
208 213 126
209 213 126
210 213 126
208 211 127
209 211 127
210 211 127
208 212 128
209 212 128
210 212 128
208 213 129
209 213 129
210 213 129
208 211 130
209 211 130
210 211 130
208 212 131
209 212 131
210 212 131
208 213 132
209 213 132
210 213 132
208 211 133
209 211 133
210 211 133
208 212 134
209 212 134
210 212 134
208 213 135
209 213 135
210 213 135
208 211 136
209 211 136
210 211 136
208 212 137
209 212 137
210 212 137
208 213 138
209 213 138
210 213 138
208 211 139
209 211 139
210 211 139
208 212 140
209 212 140
210 212 140
208 213 141
209 213 141
210 213 141
208 211 142
209 211 142
210 211 142
208 212 143
209 212 143
210 212 143
208 213 144
209 213 144
210 213 144
208 211 145
209 211 145
210 211 145
208 212 146
209 212 146
210 212 146
208 213 147
209 213 147
210 213 147
208 211 148
209 211 148
210 211 148
208 212 149
209 212 149
210 212 149
208 213 150
209 213 150
210 213 150
208 211 151
209 211 151
210 211 151
208 212 152
209 212 152
210 212 152
208 213 153
209 213 153
210 213 153
208 211 154
209 211 154
210 211 154
208 212 155
209 212 155
210 212 155
208 213 156
209 213 156
210 213 156
208 211 157
209 211 157
210 211 157
208 212 158
209 212 158
210 212 158
208 213 159
209 213 159
210 213 159
208 211 160
209 211 160
210 211 160
208 212 161
209 212 161
210 212 161
208 213 162
209 213 162
210 213 162
208 211 163
209 211 163
210 211 163
208 212 164
209 212 164
210 212 164
208 213 165
209 213 165
210 213 165
208 211 166
209 211 166
210 211 166
208 212 167
209 212 167
210 212 167
208 213 168
209 213 168
210 213 168
208 211 169
209 211 169
210 211 169
208 212 170
209 212 170
210 212 170
208 213 171
209 213 171
210 213 171
208 211 172
209 211 172
210 211 172
208 212 173
209 212 173
210 212 173
208 213 174
209 213 174
210 213 174
208 211 175
209 211 175
210 211 175
208 212 176
209 212 176
210 212 176
208 213 177
209 213 177
210 213 177
208 211 178
209 211 178
210 211 178
208 212 179
209 212 179
210 212 179
208 213 180
209 213 180
210 213 180
208 211 181
209 211 181
210 211 181
208 212 182
209 212 182
210 212 182
208 213 183
209 213 183
210 213 183
208 211 184
209 211 184
210 211 184
208 212 185
209 212 185
210 212 185
208 213 186
209 213 186
210 213 186
208 211 187
209 211 187
210 211 187
208 212 188
209 212 188
210 212 188
208 213 189
209 213 189
210 213 189
208 211 190
209 211 190
210 211 190
208 212 191
209 212 191
210 212 191
208 213 192
209 213 192
210 213 192
208 211 193
209 211 193
210 211 193
208 212 194
209 212 194
210 212 194
208 213 195
209 213 195
210 213 195
208 211 196
209 211 196
210 211 196
208 212 197
209 212 197
210 212 197
208 213 198
209 213 198
210 213 198
208 211 199
209 211 199
210 211 199
208 212 200
209 212 200
210 212 200
208 213 201
209 213 201
210 213 201
208 211 202
209 211 202
210 211 202
208 212 203
209 212 203
210 212 203
208 213 204
209 213 204
210 213 204
208 211 205
209 211 205
210 211 205
208 212 206
209 212 206
210 212 206
208 213 207
209 213 207
210 213 207
208 211 208
209 211 208
210 211 208
208 212 209
209 212 209
210 212 209
208 213 210
209 213 210
210 213 210
208 211 211
209 211 211
210 211 211
208 212 212
209 212 212
210 212 212
208 213 213
209 213 213
210 213 213
208 211 214
209 211 214
210 211 214
208 212 215
209 212 215
210 212 215
208 213 216
209 213 216
210 213 216
208 211 217
209 211 217
210 211 217
208 212 218
209 212 218
210 212 218
208 213 219
209 213 219
210 213 219
208 211 220
209 211 220
210 211 220
208 212 221
209 212 221
210 212 221
208 213 222
209 213 222
210 213 222
208 211 223
209 211 223
210 211 223
208 212 224
209 212 224
210 212 224
208 213 225
209 213 225
210 213 225
208 211 226
209 211 226
210 211 226
208 212 227
209 212 227
210 212 227
208 213 228
209 213 228
210 213 228
208 211 229
209 211 229
210 211 229
208 212 230
209 212 230
210 212 230
208 213 231
209 213 231
210 213 231
208 211 232
209 211 232
210 211 232
208 212 233
209 212 233
210 212 233
208 213 234
209 213 234
210 213 234
208 211 235
209 211 235
210 211 235
208 212 236
209 212 236
210 212 236
208 213 237
209 213 237
210 213 237
208 211 238
209 211 238
210 211 238
208 212 239
209 212 239
210 212 239
208 213 240
209 213 240
210 213 240
208 211 241
209 211 241
210 211 241
208 212 242
209 212 242
210 212 242
208 213 243
209 213 243
210 213 243
208 211 244
209 211 244
210 211 244
208 212 245
209 212 245
210 212 245
208 213 246
209 213 246
210 213 246
208 211 247
209 211 247
210 211 247
208 212 248
209 212 248
210 212 248
208 213 249
209 213 249
210 213 249
208 211 250
209 211 250
210 211 250
208 212 251
209 212 251
210 212 251
208 213 252
209 213 252
210 213 252
208 211 253
209 211 253
210 211 253
208 212 254
209 212 254
210 212 254
208 213 255
209 213 255
210 213 255
208 211 256
209 211 256
210 211 256
208 212 257
209 212 257
210 212 257
208 213 258
209 213 258
210 213 258
208 211 259
209 211 259
210 211 259
208 212 260
209 212 260
210 212 260
208 213 261
209 213 261
210 213 261
208 211 262
209 211 262
210 211 262
208 212 263
209 212 263
210 212 263
208 213 264
209 213 264
210 213 264
208 211 265
209 211 265
210 211 265
208 212 266
209 212 266
210 212 266
208 213 267
209 213 267
210 213 267
208 211 268
209 211 268
210 211 268
208 212 269
209 212 269
210 212 269
208 213 270
209 213 270
210 213 270
208 211 271
209 211 271
210 211 271
208 212 272
209 212 272
210 212 272
208 213 273
209 213 273
210 213 273
208 211 274
209 211 274
210 211 274
208 212 275
209 212 275
210 212 275
208 213 276
209 213 276
210 213 276
208 211 277
209 211 277
210 211 277
208 212 278
209 212 278
210 212 278
208 213 279
209 213 279
210 213 279
208 211 280
209 211 280
210 211 280
208 212 281
209 212 281
210 212 281
208 213 282
209 213 282
210 213 282
208 211 283
209 211 283
210 211 283
208 212 284
209 212 284
210 212 284
208 213 285
209 213 285
210 213 285
208 211 286
209 211 286
210 211 286
208 212 287
209 212 287
210 212 287
208 213 288
209 213 288
210 213 288
208 211 289
209 211 289
210 211 289
208 212 290
209 212 290
210 212 290
208 213 291
209 213 291
210 213 291
208 211 292
209 211 292
210 211 292
208 212 293
209 212 293
210 212 293
208 213 294
209 213 294
210 213 294
208 211 295
209 211 295
210 211 295
208 212 296
209 212 296
210 212 296
208 213 297
209 213 297
210 213 297
208 211 298
209 211 298
210 211 298
208 212 299
209 212 299
210 212 299
208 213 300
209 213 300
210 213 300
208 211 301
209 211 301
210 211 301
208 212 302
209 212 302
210 212 302
208 213 303
209 213 303
210 213 303
208 211 304
209 211 304
210 211 304
208 212 305
209 212 305
210 212 305
208 213 306
209 213 306
210 213 306
208 211 307
209 211 307
210 211 307
208 212 308
209 212 308
210 212 308
208 213 309
209 213 309
210 213 309
208 211 310
209 211 310
210 211 310
208 212 311
209 212 311
210 212 311
208 213 312
209 213 312
210 213 312
208 211 313
209 211 313
210 211 313
208 212 314
209 212 314
210 212 314
208 213 315
209 213 315
210 213 315
208 211 316
209 211 316
210 211 316
208 212 317
209 212 317
210 212 317
208 213 318
209 213 318
210 213 318
208 211 319
209 211 319
210 211 319
208 212 320
209 212 320
210 212 320
208 213 321
209 213 321
210 213 321
208 211 322
209 211 322
210 211 322
208 212 323
209 212 323
210 212 323
208 213 324
209 213 324
210 213 324
208 211 325
209 211 325
210 211 325
208 212 326
209 212 326
210 212 326
208 213 327
209 213 327
210 213 327
