131 217 1
132 217 1
133 217 1
131 217 2
132 217 2
133 217 2
131 217 3
132 217 3
133 217 3
131 217 4
132 217 4
133 217 4
131 217 5
132 217 5
133 217 5
131 217 6
132 217 6
133 217 6
131 217 7
132 217 7
133 217 7
131 217 8
132 217 8
133 217 8
131 217 9
132 217 9
133 217 9
131 217 10
132 217 10
133 217 10
131 217 11
132 217 11
133 217 11
131 217 12
132 217 12
133 217 12
131 217 13
132 217 13
133 217 13
131 217 14
132 217 14
133 217 14
131 217 15
132 217 15
133 217 15
131 217 16
132 217 16
133 217 16
131 217 17
132 217 17
133 217 17
131 217 18
132 217 18
133 217 18
131 217 19
132 217 19
133 217 19
131 217 20
132 217 20
133 217 20
131 217 21
132 217 21
133 217 21
131 217 22
132 217 22
133 217 22
131 217 23
132 217 23
133 217 23
131 217 24
132 217 24
133 217 24
131 217 25
132 217 25
133 217 25
131 217 26
132 217 26
133 217 26
131 217 27
132 217 27
133 217 27
131 217 28
132 217 28
133 217 28
131 217 29
132 217 29
133 217 29
131 217 30
132 217 30
133 217 30
131 217 31
132 217 31
133 217 31
131 217 32
132 217 32
133 217 32
131 217 33
132 217 33
133 217 33
131 217 34
132 217 34
133 217 34
131 217 35
132 217 35
133 217 35
131 217 36
132 217 36
133 217 36
131 217 37
132 217 37
133 217 37
131 217 38
132 217 38
133 217 38
131 217 39
132 217 39
133 217 39
131 217 40
132 217 40
133 217 40
131 217 41
132 217 41
133 217 41
131 217 42
132 217 42
133 217 42
131 217 43
132 217 43
133 217 43
131 217 44
132 217 44
133 217 44
131 217 45
132 217 45
133 217 45
131 217 46
132 217 46
133 217 46
131 217 47
132 217 47
133 217 47
131 217 48
132 217 48
133 217 48
131 217 49
132 217 49
133 217 49
131 217 50
132 217 50
133 217 50
131 217 51
132 217 51
133 217 51
131 217 52
132 217 52
133 217 52
131 217 53
132 217 53
133 217 53
131 217 54
132 217 54
133 217 54
131 217 55
132 217 55
133 217 55
131 217 56
132 217 56
133 217 56
131 217 57
132 217 57
133 217 57
131 217 58
132 217 58
133 217 58
131 217 59
132 217 59
133 217 59
131 217 60
132 217 60
133 217 60
131 217 61
132 217 61
133 217 61
131 217 62
132 217 62
133 217 62
131 217 63
132 217 63
133 217 63
131 217 64
132 217 64
133 217 64
131 217 65
132 217 65
133 217 65
131 217 66
132 217 66
133 217 66
131 217 67
132 217 67
133 217 67
131 217 68
132 217 68
133 217 68
131 217 69
132 217 69
133 217 69
131 217 70
132 217 70
133 217 70
131 217 71
132 217 71
133 217 71
131 217 72
132 217 72
133 217 72
131 217 73
132 217 73
133 217 73
131 217 74
132 217 74
133 217 74
131 217 75
132 217 75
133 217 75
131 217 76
132 217 76
133 217 76
131 217 77
132 217 77
133 217 77
131 217 78
132 217 78
133 217 78
131 217 79
132 217 79
133 217 79
131 217 80
132 217 80
133 217 80
131 217 81
132 217 81
133 217 81
