221 228 1
221 228 2
221 228 3
221 228 4
221 228 5
221 228 6
221 228 7
221 228 8
221 228 9
221 228 10
221 228 11
221 228 12
221 228 13
221 228 14
221 228 15
221 228 16
221 228 17
221 228 18
221 228 19
221 228 20
221 228 21
221 228 22
221 228 23
221 228 24
221 228 25
221 228 26
221 228 27
221 228 28
221 228 29
221 228 30
221 228 31
221 228 32
221 228 33
221 228 34
221 228 35
221 228 36
221 228 37
221 228 38
221 228 39
221 228 40
221 228 41
221 228 42
221 228 43
221 228 44
221 228 45
221 228 46
221 228 47
221 228 48
221 228 49
221 228 50
221 228 51
221 228 52
221 228 53
221 228 54
221 228 55
221 228 56
221 228 57
221 228 58
221 228 59
221 228 60
221 228 61
221 228 62
221 228 63
221 228 64
221 228 65
221 228 66
221 228 67
221 228 68
221 228 69
221 228 70
221 228 71
221 228 72
221 228 73
221 228 74
221 228 75
221 228 76
221 228 77
221 228 78
221 228 79
221 228 80
221 228 81
221 228 82
221 228 83
221 228 84
221 228 85
221 228 86
221 228 87
221 228 88
221 228 89
221 228 90
221 228 91
221 228 92
221 228 93
221 228 94
221 228 95
221 228 96
221 228 97
221 228 98
221 228 99
221 228 100
221 228 101
221 228 102
221 228 103
221 228 104
221 228 105
221 228 106
221 228 107
221 228 108
221 228 109
221 228 110
221 228 111
221 228 112
221 228 113
221 228 114
221 228 115
221 228 116
221 228 117
221 228 118
221 228 119
221 228 120
221 228 121
221 228 122
221 228 123
221 228 124
221 228 125
221 228 126
221 228 127
221 228 128
221 228 129
221 228 130
221 228 131
221 228 132
221 228 133
221 228 134
221 228 135
221 228 136
221 228 137
221 228 138
221 228 139
221 228 140
221 228 141
221 228 142
221 228 143
221 228 144
221 228 145
221 228 146
221 228 147
221 228 148
221 228 149
221 228 150
221 228 151
221 228 152
221 228 153
221 228 154
221 228 155
221 228 156
221 228 157
221 228 158
221 228 159
221 228 160
221 228 161
221 228 162
221 228 163
221 228 164
221 228 165
221 228 166
221 228 167
221 228 168
221 228 169
221 228 170
221 228 171
221 228 172
221 228 173
221 228 174
221 228 175
221 228 176
221 228 177
221 228 178
221 228 179
221 228 180
221 228 181
221 228 182
221 228 183
221 228 184
221 228 185
221 228 186
221 228 187
221 228 188
221 228 189
221 228 190
221 228 191
221 228 192
221 228 193
221 228 194
221 228 195
221 228 196
221 228 197
221 228 198
221 228 199
221 228 200
221 228 201
221 228 202
221 228 203
221 228 204
221 228 205
221 228 206
221 228 207
221 228 208
221 228 209
221 228 210
221 228 211
221 228 212
221 228 213
221 228 214
221 228 215
221 228 216
221 228 217
221 228 218
221 228 219
221 228 220
221 228 221
221 228 222
221 228 223
221 228 224
221 228 225
221 228 226
221 228 227
221 228 228
221 228 229
221 228 230
221 228 231
221 228 232
221 228 233
221 228 234
221 228 235
221 228 236
221 228 237
221 228 238
221 228 239
221 228 240
221 228 241
221 228 242
221 228 243
221 228 244
221 228 245
