217 228 1
217 228 2
217 228 3
217 228 4
217 228 5
217 228 6
217 228 7
217 228 8
217 228 9
217 228 10
217 228 11
217 228 12
217 228 13
217 228 14
217 228 15
217 228 16
217 228 17
217 228 18
217 228 19
217 228 20
217 228 21
217 228 22
217 228 23
217 228 24
217 228 25
217 228 26
217 228 27
217 228 28
217 228 29
217 228 30
217 228 31
217 228 32
217 228 33
217 228 34
217 228 35
217 228 36
217 228 37
217 228 38
217 228 39
217 228 40
217 228 41
217 228 42
217 228 43
217 228 44
217 228 45
217 228 46
217 228 47
217 228 48
217 228 49
217 228 50
217 228 51
217 228 52
217 228 53
217 228 54
217 228 55
217 228 56
217 228 57
217 228 58
217 228 59
217 228 60
217 228 61
217 228 62
217 228 63
217 228 64
217 228 65
217 228 66
217 228 67
217 228 68
217 228 69
217 228 70
217 228 71
217 228 72
217 228 73
217 228 74
217 228 75
217 228 76
217 228 77
217 228 78
217 228 79
217 228 80
217 228 81
217 228 82
217 228 83
217 228 84
217 228 85
217 228 86
217 228 87
217 228 88
217 228 89
217 228 90
217 228 91
217 228 92
217 228 93
217 228 94
217 228 95
217 228 96
217 228 97
217 228 98
217 228 99
217 228 100
217 228 101
217 228 102
217 228 103
217 228 104
217 228 105
217 228 106
217 228 107
217 228 108
217 228 109
217 228 110
217 228 111
217 228 112
217 228 113
217 228 114
217 228 115
217 228 116
217 228 117
217 228 118
217 228 119
217 228 120
217 228 121
217 228 122
217 228 123
217 228 124
217 228 125
217 228 126
217 228 127
217 228 128
217 228 129
217 228 130
217 228 131
217 228 132
217 228 133
217 228 134
217 228 135
217 228 136
217 228 137
217 228 138
217 228 139
217 228 140
217 228 141
217 228 142
217 228 143
217 228 144
217 228 145
217 228 146
217 228 147
217 228 148
217 228 149
217 228 150
217 228 151
217 228 152
217 228 153
217 228 154
217 228 155
217 228 156
217 228 157
217 228 158
217 228 159
217 228 160
217 228 161
217 228 162
217 228 163
217 228 164
217 228 165
217 228 166
217 228 167
217 228 168
217 228 169
217 228 170
217 228 171
217 228 172
217 228 173
217 228 174
217 228 175
217 228 176
217 228 177
217 228 178
217 228 179
217 228 180
217 228 181
217 228 182
217 228 183
217 228 184
217 228 185
217 228 186
217 228 187
217 228 188
217 228 189
217 228 190
217 228 191
217 228 192
217 228 193
217 228 194
217 228 195
217 228 196
217 228 197
217 228 198
217 228 199
217 228 200
217 228 201
217 228 202
217 228 203
217 228 204
217 228 205
217 228 206
217 228 207
217 228 208
217 228 209
217 228 210
217 228 211
217 228 212
217 228 213
217 228 214
217 228 215
217 228 216
217 228 217
217 228 218
217 228 219
217 228 220
217 228 221
217 228 222
217 228 223
217 228 224
217 228 225
217 228 226
217 228 227
217 228 228
217 228 229
217 228 230
217 228 231
217 228 232
217 228 233
217 228 234
217 228 235
217 228 236
217 228 237
217 228 238
217 228 239
217 228 240
217 228 241
217 228 242
217 228 243
217 228 244
217 228 245
