216 127 1
216 127 2
216 127 3
216 127 4
216 127 5
216 127 6
216 127 7
216 127 8
216 127 9
216 127 10
216 127 11
216 127 12
216 127 13
216 127 14
216 127 15
216 127 16
216 127 17
216 127 18
216 127 19
216 127 20
216 127 21
216 127 22
216 127 23
216 127 24
216 127 25
216 127 26
216 127 27
216 127 28
216 127 29
216 127 30
216 127 31
216 127 32
216 127 33
216 127 34
216 127 35
216 127 36
216 127 37
216 127 38
216 127 39
216 127 40
216 127 41
216 127 42
216 127 43
216 127 44
216 127 45
216 127 46
216 127 47
216 127 48
216 127 49
216 127 50
216 127 51
216 127 52
216 127 53
216 127 54
216 127 55
216 127 56
216 127 57
216 127 58
216 127 59
216 127 60
216 127 61
216 127 62
216 127 63
216 127 64
216 127 65
216 127 66
216 127 67
216 127 68
216 127 69
216 127 70
216 127 71
216 127 72
216 127 73
216 127 74
216 127 75
216 127 76
216 127 77
216 127 78
216 127 79
216 127 80
216 127 81
216 127 82
216 127 83
216 127 84
216 127 85
216 127 86
216 127 87
216 127 88
216 127 89
216 127 90
216 127 91
216 127 92
216 127 93
216 127 94
216 127 95
216 127 96
216 127 97
216 127 98
216 127 99
216 127 100
216 127 101
216 127 102
216 127 103
216 127 104
216 127 105
216 127 106
216 127 107
216 127 108
216 127 109
216 127 110
216 127 111
216 127 112
216 127 113
216 127 114
216 127 115
216 127 116
216 127 117
216 127 118
216 127 119
216 127 120
216 127 121
216 127 122
216 127 123
216 127 124
216 127 125
216 127 126
216 127 127
216 127 128
216 127 129
216 127 130
216 127 131
216 127 132
216 127 133
216 127 134
216 127 135
216 127 136
216 127 137
216 127 138
216 127 139
216 127 140
216 127 141
216 127 142
216 127 143
216 127 144
216 127 145
216 127 146
216 127 147
216 127 148
216 127 149
216 127 150
216 127 151
216 127 152
216 127 153
216 127 154
216 127 155
216 127 156
216 127 157
216 127 158
216 127 159
216 127 160
216 127 161
216 127 162
216 127 163
216 127 164
216 127 165
216 127 166
216 127 167
216 127 168
216 127 169
216 127 170
216 127 171
216 127 172
216 127 173
216 127 174
216 127 175
216 127 176
216 127 177
216 127 178
216 127 179
216 127 180
216 127 181
216 127 182
216 127 183
216 127 184
216 127 185
216 127 186
216 127 187
216 127 188
216 127 189
216 127 190
216 127 191
216 127 192
216 127 193
216 127 194
216 127 195
216 127 196
216 127 197
216 127 198
216 127 199
216 127 200
216 127 201
216 127 202
216 127 203
216 127 204
216 127 205
216 127 206
216 127 207
216 127 208
216 127 209
216 127 210
216 127 211
216 127 212
216 127 213
216 127 214
216 127 215
216 127 216
216 127 217
216 127 218
216 127 219
216 127 220
216 127 221
216 127 222
216 127 223
216 127 224
216 127 225
216 127 226
216 127 227
216 127 228
216 127 229
216 127 230
216 127 231
216 127 232
216 127 233
216 127 234
216 127 235
216 127 236
216 127 237
216 127 238
216 127 239
216 127 240
216 127 241
216 127 242
216 127 243
216 127 244
216 127 245
