228 63 1
228 63 2
228 63 3
228 63 4
228 63 5
228 63 6
228 63 7
228 63 8
228 63 9
228 63 10
228 63 11
228 63 12
228 63 13
228 63 14
228 63 15
228 63 16
228 63 17
228 63 18
228 63 19
228 63 20
228 63 21
228 63 22
228 63 23
228 63 24
228 63 25
228 63 26
228 63 27
228 63 28
228 63 29
228 63 30
228 63 31
228 63 32
228 63 33
228 63 34
228 63 35
228 63 36
228 63 37
228 63 38
228 63 39
228 63 40
228 63 41
228 63 42
228 63 43
228 63 44
228 63 45
228 63 46
228 63 47
228 63 48
228 63 49
228 63 50
228 63 51
228 63 52
228 63 53
228 63 54
228 63 55
228 63 56
228 63 57
228 63 58
228 63 59
228 63 60
228 63 61
228 63 62
228 63 63
228 63 64
228 63 65
228 63 66
228 63 67
228 63 68
228 63 69
228 63 70
228 63 71
228 63 72
228 63 73
228 63 74
228 63 75
228 63 76
228 63 77
228 63 78
228 63 79
228 63 80
228 63 81
228 63 82
228 63 83
228 63 84
228 63 85
228 63 86
228 63 87
228 63 88
228 63 89
228 63 90
228 63 91
228 63 92
228 63 93
228 63 94
228 63 95
228 63 96
228 63 97
228 63 98
228 63 99
228 63 100
228 63 101
228 63 102
228 63 103
228 63 104
228 63 105
228 63 106
228 63 107
228 63 108
228 63 109
228 63 110
228 63 111
228 63 112
228 63 113
228 63 114
228 63 115
228 63 116
228 63 117
228 63 118
228 63 119
228 63 120
228 63 121
228 63 122
228 63 123
228 63 124
228 63 125
228 63 126
228 63 127
228 63 128
228 63 129
228 63 130
228 63 131
228 63 132
228 63 133
228 63 134
228 63 135
228 63 136
228 63 137
228 63 138
228 63 139
228 63 140
228 63 141
228 63 142
228 63 143
228 63 144
228 63 145
228 63 146
228 63 147
228 63 148
228 63 149
228 63 150
228 63 151
228 63 152
228 63 153
228 63 154
228 63 155
228 63 156
228 63 157
228 63 158
228 63 159
228 63 160
228 63 161
228 63 162
228 63 163
228 63 164
228 63 165
228 63 166
228 63 167
228 63 168
228 63 169
228 63 170
228 63 171
228 63 172
228 63 173
228 63 174
228 63 175
228 63 176
228 63 177
228 63 178
228 63 179
228 63 180
228 63 181
228 63 182
228 63 183
228 63 184
228 63 185
228 63 186
228 63 187
228 63 188
228 63 189
228 63 190
228 63 191
228 63 192
228 63 193
228 63 194
228 63 195
228 63 196
228 63 197
228 63 198
228 63 199
228 63 200
228 63 201
228 63 202
228 63 203
228 63 204
228 63 205
228 63 206
228 63 207
228 63 208
228 63 209
228 63 210
228 63 211
228 63 212
228 63 213
228 63 214
228 63 215
228 63 216
228 63 217
228 63 218
228 63 219
228 63 220
228 63 221
228 63 222
228 63 223
228 63 224
228 63 225
228 63 226
228 63 227
228 63 228
228 63 229
228 63 230
228 63 231
228 63 232
228 63 233
228 63 234
228 63 235
228 63 236
228 63 237
228 63 238
228 63 239
228 63 240
228 63 241
228 63 242
228 63 243
228 63 244
228 63 245
