123 216 1
124 216 1
125 216 1
123 216 2
124 216 2
125 216 2
123 216 3
124 216 3
125 216 3
123 216 4
124 216 4
125 216 4
123 216 5
124 216 5
125 216 5
123 216 6
124 216 6
125 216 6
123 216 7
124 216 7
125 216 7
123 216 8
124 216 8
125 216 8
123 216 9
124 216 9
125 216 9
123 216 10
124 216 10
125 216 10
123 216 11
124 216 11
125 216 11
123 216 12
124 216 12
125 216 12
123 216 13
124 216 13
125 216 13
123 216 14
124 216 14
125 216 14
123 216 15
124 216 15
125 216 15
123 216 16
124 216 16
125 216 16
123 216 17
124 216 17
125 216 17
123 216 18
124 216 18
125 216 18
123 216 19
124 216 19
125 216 19
123 216 20
124 216 20
125 216 20
123 216 21
124 216 21
125 216 21
123 216 22
124 216 22
125 216 22
123 216 23
124 216 23
125 216 23
123 216 24
124 216 24
125 216 24
123 216 25
124 216 25
125 216 25
123 216 26
124 216 26
125 216 26
123 216 27
124 216 27
125 216 27
123 216 28
124 216 28
125 216 28
123 216 29
124 216 29
125 216 29
123 216 30
124 216 30
125 216 30
123 216 31
124 216 31
125 216 31
123 216 32
124 216 32
125 216 32
123 216 33
124 216 33
125 216 33
123 216 34
124 216 34
125 216 34
123 216 35
124 216 35
125 216 35
123 216 36
124 216 36
125 216 36
123 216 37
124 216 37
125 216 37
123 216 38
124 216 38
125 216 38
123 216 39
124 216 39
125 216 39
123 216 40
124 216 40
125 216 40
123 216 41
124 216 41
125 216 41
123 216 42
124 216 42
125 216 42
123 216 43
124 216 43
125 216 43
123 216 44
124 216 44
125 216 44
123 216 45
124 216 45
125 216 45
123 216 46
124 216 46
125 216 46
123 216 47
124 216 47
125 216 47
123 216 48
124 216 48
125 216 48
123 216 49
124 216 49
125 216 49
123 216 50
124 216 50
125 216 50
123 216 51
124 216 51
125 216 51
123 216 52
124 216 52
125 216 52
123 216 53
124 216 53
125 216 53
123 216 54
124 216 54
125 216 54
123 216 55
124 216 55
125 216 55
123 216 56
124 216 56
125 216 56
123 216 57
124 216 57
125 216 57
123 216 58
124 216 58
125 216 58
123 216 59
124 216 59
125 216 59
123 216 60
124 216 60
125 216 60
123 216 61
124 216 61
125 216 61
123 216 62
124 216 62
125 216 62
123 216 63
124 216 63
125 216 63
123 216 64
124 216 64
125 216 64
123 216 65
124 216 65
125 216 65
123 216 66
124 216 66
125 216 66
123 216 67
124 216 67
125 216 67
123 216 68
124 216 68
125 216 68
123 216 69
124 216 69
125 216 69
123 216 70
124 216 70
125 216 70
123 216 71
124 216 71
125 216 71
123 216 72
124 216 72
125 216 72
123 216 73
124 216 73
125 216 73
123 216 74
124 216 74
125 216 74
123 216 75
124 216 75
125 216 75
123 216 76
124 216 76
125 216 76
123 216 77
124 216 77
125 216 77
123 216 78
124 216 78
125 216 78
123 216 79
124 216 79
125 216 79
123 216 80
124 216 80
125 216 80
123 216 81
124 216 81
125 216 81
