33 228 1
33 228 2
33 228 3
33 228 4
33 228 5
33 228 6
33 228 7
33 228 8
33 228 9
33 228 10
33 228 11
33 228 12
33 228 13
33 228 14
33 228 15
33 228 16
33 228 17
33 228 18
33 228 19
33 228 20
33 228 21
33 228 22
33 228 23
33 228 24
33 228 25
33 228 26
33 228 27
33 228 28
33 228 29
33 228 30
33 228 31
33 228 32
33 228 33
33 228 34
33 228 35
33 228 36
33 228 37
33 228 38
33 228 39
33 228 40
33 228 41
33 228 42
33 228 43
33 228 44
33 228 45
33 228 46
33 228 47
33 228 48
33 228 49
33 228 50
33 228 51
33 228 52
33 228 53
33 228 54
33 228 55
33 228 56
33 228 57
33 228 58
33 228 59
33 228 60
33 228 61
33 228 62
33 228 63
33 228 64
33 228 65
33 228 66
33 228 67
33 228 68
33 228 69
33 228 70
33 228 71
33 228 72
33 228 73
33 228 74
33 228 75
33 228 76
33 228 77
33 228 78
33 228 79
33 228 80
33 228 81
33 228 82
33 228 83
33 228 84
33 228 85
33 228 86
33 228 87
33 228 88
33 228 89
33 228 90
33 228 91
33 228 92
33 228 93
33 228 94
33 228 95
33 228 96
33 228 97
33 228 98
33 228 99
33 228 100
33 228 101
33 228 102
33 228 103
33 228 104
33 228 105
33 228 106
33 228 107
33 228 108
33 228 109
33 228 110
33 228 111
33 228 112
33 228 113
33 228 114
33 228 115
33 228 116
33 228 117
33 228 118
33 228 119
33 228 120
33 228 121
33 228 122
33 228 123
33 228 124
33 228 125
33 228 126
33 228 127
33 228 128
33 228 129
33 228 130
33 228 131
33 228 132
33 228 133
33 228 134
33 228 135
33 228 136
33 228 137
33 228 138
33 228 139
33 228 140
33 228 141
33 228 142
33 228 143
33 228 144
33 228 145
33 228 146
33 228 147
33 228 148
33 228 149
33 228 150
33 228 151
33 228 152
33 228 153
33 228 154
33 228 155
33 228 156
33 228 157
33 228 158
33 228 159
33 228 160
33 228 161
33 228 162
33 228 163
33 228 164
33 228 165
33 228 166
33 228 167
33 228 168
33 228 169
33 228 170
33 228 171
33 228 172
33 228 173
33 228 174
33 228 175
33 228 176
33 228 177
33 228 178
33 228 179
33 228 180
33 228 181
33 228 182
33 228 183
33 228 184
33 228 185
33 228 186
33 228 187
33 228 188
33 228 189
33 228 190
33 228 191
33 228 192
33 228 193
33 228 194
33 228 195
33 228 196
33 228 197
33 228 198
33 228 199
33 228 200
33 228 201
33 228 202
33 228 203
33 228 204
33 228 205
33 228 206
33 228 207
33 228 208
33 228 209
33 228 210
33 228 211
33 228 212
33 228 213
33 228 214
33 228 215
33 228 216
33 228 217
33 228 218
33 228 219
33 228 220
33 228 221
33 228 222
33 228 223
33 228 224
33 228 225
33 228 226
33 228 227
33 228 228
33 228 229
33 228 230
33 228 231
33 228 232
33 228 233
33 228 234
33 228 235
33 228 236
33 228 237
33 228 238
33 228 239
33 228 240
33 228 241
33 228 242
33 228 243
33 228 244
33 228 245
