94 97 1
95 97 1
96 97 1
94 98 2
95 98 2
96 98 2
94 99 3
95 99 3
96 99 3
94 97 4
95 97 4
96 97 4
94 98 5
95 98 5
96 98 5
94 99 6
95 99 6
96 99 6
94 97 7
95 97 7
96 97 7
94 98 8
95 98 8
96 98 8
94 99 9
95 99 9
96 99 9
94 97 10
95 97 10
96 97 10
94 98 11
95 98 11
96 98 11
94 99 12
95 99 12
96 99 12
94 97 13
95 97 13
96 97 13
94 98 14
95 98 14
96 98 14
94 99 15
95 99 15
96 99 15
94 97 16
95 97 16
96 97 16
94 98 17
95 98 17
96 98 17
94 99 18
95 99 18
96 99 18
94 97 19
95 97 19
96 97 19
94 98 20
95 98 20
96 98 20
94 99 21
95 99 21
96 99 21
94 97 22
95 97 22
96 97 22
94 98 23
95 98 23
96 98 23
94 99 24
95 99 24
96 99 24
94 97 25
95 97 25
96 97 25
94 98 26
95 98 26
96 98 26
94 99 27
95 99 27
96 99 27
94 97 28
95 97 28
96 97 28
94 98 29
95 98 29
96 98 29
94 99 30
95 99 30
96 99 30
94 97 31
95 97 31
96 97 31
94 98 32
95 98 32
96 98 32
94 99 33
95 99 33
96 99 33
94 97 34
95 97 34
96 97 34
94 98 35
95 98 35
96 98 35
94 99 36
95 99 36
96 99 36
94 97 37
95 97 37
96 97 37
94 98 38
95 98 38
96 98 38
94 99 39
95 99 39
96 99 39
94 97 40
95 97 40
96 97 40
94 98 41
95 98 41
96 98 41
94 99 42
95 99 42
96 99 42
94 97 43
95 97 43
96 97 43
94 98 44
95 98 44
96 98 44
94 99 45
95 99 45
96 99 45
94 97 46
95 97 46
96 97 46
94 98 47
95 98 47
96 98 47
94 99 48
95 99 48
96 99 48
94 97 49
95 97 49
96 97 49
94 98 50
95 98 50
96 98 50
94 99 51
95 99 51
96 99 51
94 97 52
95 97 52
96 97 52
94 98 53
95 98 53
96 98 53
94 99 54
95 99 54
96 99 54
94 97 55
95 97 55
96 97 55
94 98 56
95 98 56
96 98 56
94 99 57
95 99 57
96 99 57
94 97 58
95 97 58
96 97 58
94 98 59
95 98 59
96 98 59
94 99 60
95 99 60
96 99 60
94 97 61
95 97 61
96 97 61
94 98 62
95 98 62
96 98 62
94 99 63
95 99 63
96 99 63
94 97 64
95 97 64
96 97 64
94 98 65
95 98 65
96 98 65
94 99 66
95 99 66
96 99 66
94 97 67
95 97 67
96 97 67
94 98 68
95 98 68
96 98 68
94 99 69
95 99 69
96 99 69
94 97 70
95 97 70
96 97 70
94 98 71
95 98 71
96 98 71
94 99 72
95 99 72
96 99 72
94 97 73
95 97 73
96 97 73
94 98 74
95 98 74
96 98 74
94 99 75
95 99 75
96 99 75
94 97 76
95 97 76
96 97 76
94 98 77
95 98 77
96 98 77
94 99 78
95 99 78
96 99 78
94 97 79
95 97 79
96 97 79
94 98 80
95 98 80
96 98 80
94 99 81
95 99 81
96 99 81
94 97 82
95 97 82
96 97 82
94 98 83
95 98 83
96 98 83
94 99 84
95 99 84
96 99 84
94 97 85
95 97 85
96 97 85
94 98 86
95 98 86
96 98 86
94 99 87
95 99 87
96 99 87
94 97 88
95 97 88
96 97 88
94 98 89
95 98 89
96 98 89
94 99 90
95 99 90
96 99 90
94 97 91
95 97 91
96 97 91
94 98 92
95 98 92
96 98 92
94 99 93
95 99 93
96 99 93
94 97 94
95 97 94
96 97 94
94 98 95
95 98 95
96 98 95
94 99 96
95 99 96
96 99 96
94 97 97
95 97 97
96 97 97
94 98 98
95 98 98
96 98 98
94 99 99
95 99 99
96 99 99
94 97 100
95 97 100
96 97 100
94 98 101
95 98 101
96 98 101
94 99 102
95 99 102
96 99 102
94 97 103
95 97 103
96 97 103
94 98 104
95 98 104
96 98 104
94 99 105
95 99 105
96 99 105
94 97 106
95 97 106
96 97 106
94 98 107
95 98 107
96 98 107
94 99 108
95 99 108
96 99 108
94 97 109
95 97 109
96 97 109
94 98 110
95 98 110
96 98 110
94 99 111
95 99 111
96 99 111
94 97 112
95 97 112
96 97 112
94 98 113
95 98 113
96 98 113
94 99 114
95 99 114
96 99 114
94 97 115
95 97 115
96 97 115
94 98 116
95 98 116
96 98 116
94 99 117
95 99 117
96 99 117
94 97 118
95 97 118
96 97 118
94 98 119
95 98 119
96 98 119
94 99 120
95 99 120
96 99 120
94 97 121
95 97 121
96 97 121
94 98 122
95 98 122
96 98 122
94 99 123
95 99 123
96 99 123
94 97 124
95 97 124
96 97 124
94 98 125
95 98 125
96 98 125
94 99 126
95 99 126
96 99 126
94 97 127
95 97 127
96 97 127
94 98 128
95 98 128
96 98 128
94 99 129
95 99 129
96 99 129
94 97 130
95 97 130
96 97 130
94 98 131
95 98 131
96 98 131
94 99 132
95 99 132
96 99 132
94 97 133
95 97 133
96 97 133
94 98 134
95 98 134
96 98 134
94 99 135
95 99 135
96 99 135
94 97 136
95 97 136
96 97 136
94 98 137
95 98 137
96 98 137
94 99 138
95 99 138
96 99 138
94 97 139
95 97 139
96 97 139
94 98 140
95 98 140
96 98 140
94 99 141
95 99 141
96 99 141
94 97 142
95 97 142
96 97 142
94 98 143
95 98 143
96 98 143
94 99 144
95 99 144
96 99 144
94 97 145
95 97 145
96 97 145
94 98 146
95 98 146
96 98 146
94 99 147
95 99 147
96 99 147
94 97 148
95 97 148
96 97 148
94 98 149
95 98 149
96 98 149
94 99 150
95 99 150
96 99 150
94 97 151
95 97 151
96 97 151
94 98 152
95 98 152
96 98 152
94 99 153
95 99 153
96 99 153
94 97 154
95 97 154
96 97 154
94 98 155
95 98 155
96 98 155
94 99 156
95 99 156
96 99 156
94 97 157
95 97 157
96 97 157
94 98 158
95 98 158
96 98 158
94 99 159
95 99 159
96 99 159
94 97 160
95 97 160
96 97 160
94 98 161
95 98 161
96 98 161
94 99 162
95 99 162
96 99 162
94 97 163
95 97 163
96 97 163
94 98 164
95 98 164
96 98 164
94 99 165
95 99 165
96 99 165
94 97 166
95 97 166
96 97 166
94 98 167
95 98 167
96 98 167
94 99 168
95 99 168
96 99 168
94 97 169
95 97 169
96 97 169
94 98 170
95 98 170
96 98 170
94 99 171
95 99 171
96 99 171
94 97 172
95 97 172
96 97 172
94 98 173
95 98 173
96 98 173
94 99 174
95 99 174
96 99 174
94 97 175
95 97 175
96 97 175
94 98 176
95 98 176
96 98 176
94 99 177
95 99 177
96 99 177
94 97 178
95 97 178
96 97 178
94 98 179
95 98 179
96 98 179
94 99 180
95 99 180
96 99 180
94 97 181
95 97 181
96 97 181
94 98 182
95 98 182
96 98 182
94 99 183
95 99 183
96 99 183
94 97 184
95 97 184
96 97 184
94 98 185
95 98 185
96 98 185
94 99 186
95 99 186
96 99 186
94 97 187
95 97 187
96 97 187
94 98 188
95 98 188
96 98 188
94 99 189
95 99 189
96 99 189
94 97 190
95 97 190
96 97 190
94 98 191
95 98 191
96 98 191
94 99 192
95 99 192
96 99 192
94 97 193
95 97 193
96 97 193
94 98 194
95 98 194
96 98 194
94 99 195
95 99 195
96 99 195
94 97 196
95 97 196
96 97 196
94 98 197
95 98 197
96 98 197
94 99 198
95 99 198
96 99 198
94 97 199
95 97 199
96 97 199
94 98 200
95 98 200
96 98 200
94 99 201
95 99 201
96 99 201
94 97 202
95 97 202
96 97 202
94 98 203
95 98 203
96 98 203
94 99 204
95 99 204
96 99 204
94 97 205
95 97 205
96 97 205
94 98 206
95 98 206
96 98 206
94 99 207
95 99 207
96 99 207
94 97 208
95 97 208
96 97 208
94 98 209
95 98 209
96 98 209
94 99 210
95 99 210
96 99 210
94 97 211
95 97 211
96 97 211
94 98 212
95 98 212
96 98 212
94 99 213
95 99 213
96 99 213
94 97 214
95 97 214
96 97 214
94 98 215
95 98 215
96 98 215
94 99 216
95 99 216
96 99 216
94 97 217
95 97 217
96 97 217
94 98 218
95 98 218
96 98 218
94 99 219
95 99 219
96 99 219
94 97 220
95 97 220
96 97 220
94 98 221
95 98 221
96 98 221
94 99 222
95 99 222
96 99 222
94 97 223
95 97 223
96 97 223
94 98 224
95 98 224
96 98 224
94 99 225
95 99 225
96 99 225
94 97 226
95 97 226
96 97 226
94 98 227
95 98 227
96 98 227
94 99 228
95 99 228
96 99 228
94 97 229
95 97 229
96 97 229
94 98 230
95 98 230
96 98 230
94 99 231
95 99 231
96 99 231
94 97 232
95 97 232
96 97 232
94 98 233
95 98 233
96 98 233
94 99 234
95 99 234
96 99 234
94 97 235
95 97 235
96 97 235
94 98 236
95 98 236
96 98 236
94 99 237
95 99 237
96 99 237
94 97 238
95 97 238
96 97 238
94 98 239
95 98 239
96 98 239
94 99 240
95 99 240
96 99 240
94 97 241
95 97 241
96 97 241
94 98 242
95 98 242
96 98 242
94 99 243
95 99 243
96 99 243
94 97 244
95 97 244
96 97 244
94 98 245
95 98 245
96 98 245
94 99 246
95 99 246
96 99 246
94 97 247
95 97 247
96 97 247
94 98 248
95 98 248
96 98 248
94 99 249
95 99 249
96 99 249
94 97 250
95 97 250
96 97 250
94 98 251
95 98 251
96 98 251
94 99 252
95 99 252
96 99 252
94 97 253
95 97 253
96 97 253
94 98 254
95 98 254
96 98 254
94 99 255
95 99 255
96 99 255
94 97 256
95 97 256
96 97 256
94 98 257
95 98 257
96 98 257
94 99 258
95 99 258
96 99 258
94 97 259
95 97 259
96 97 259
94 98 260
95 98 260
96 98 260
94 99 261
95 99 261
96 99 261
94 97 262
95 97 262
96 97 262
94 98 263
95 98 263
96 98 263
94 99 264
95 99 264
96 99 264
94 97 265
95 97 265
96 97 265
94 98 266
95 98 266
96 98 266
94 99 267
95 99 267
96 99 267
94 97 268
95 97 268
96 97 268
94 98 269
95 98 269
96 98 269
94 99 270
95 99 270
96 99 270
94 97 271
95 97 271
96 97 271
94 98 272
95 98 272
96 98 272
94 99 273
95 99 273
96 99 273
94 97 274
95 97 274
96 97 274
94 98 275
95 98 275
96 98 275
94 99 276
95 99 276
96 99 276
94 97 277
95 97 277
96 97 277
94 98 278
95 98 278
96 98 278
94 99 279
95 99 279
96 99 279
94 97 280
95 97 280
96 97 280
94 98 281
95 98 281
96 98 281
94 99 282
95 99 282
96 99 282
94 97 283
95 97 283
96 97 283
94 98 284
95 98 284
96 98 284
94 99 285
95 99 285
96 99 285
94 97 286
95 97 286
96 97 286
94 98 287
95 98 287
96 98 287
94 99 288
95 99 288
96 99 288
94 97 289
95 97 289
96 97 289
94 98 290
95 98 290
96 98 290
94 99 291
95 99 291
96 99 291
94 97 292
95 97 292
96 97 292
94 98 293
95 98 293
96 98 293
94 99 294
95 99 294
96 99 294
94 97 295
95 97 295
96 97 295
94 98 296
95 98 296
96 98 296
94 99 297
95 99 297
96 99 297
94 97 298
95 97 298
96 97 298
94 98 299
95 98 299
96 98 299
94 99 300
95 99 300
96 99 300
94 97 301
95 97 301
96 97 301
94 98 302
95 98 302
96 98 302
94 99 303
95 99 303
96 99 303
94 97 304
95 97 304
96 97 304
94 98 305
95 98 305
96 98 305
94 99 306
95 99 306
96 99 306
94 97 307
95 97 307
96 97 307
94 98 308
95 98 308
96 98 308
94 99 309
95 99 309
96 99 309
94 97 310
95 97 310
96 97 310
94 98 311
95 98 311
96 98 311
94 99 312
95 99 312
96 99 312
94 97 313
95 97 313
96 97 313
94 98 314
95 98 314
96 98 314
94 99 315
95 99 315
96 99 315
94 97 316
95 97 316
96 97 316
94 98 317
95 98 317
96 98 317
94 99 318
95 99 318
96 99 318
94 97 319
95 97 319
96 97 319
94 98 320
95 98 320
96 98 320
94 99 321
95 99 321
96 99 321
94 97 322
95 97 322
96 97 322
94 98 323
95 98 323
96 98 323
94 99 324
95 99 324
96 99 324
94 97 325
95 97 325
96 97 325
94 98 326
95 98 326
96 98 326
94 99 327
95 99 327
96 99 327
