207 226 1
207 226 2
207 226 3
207 226 4
207 226 5
207 226 6
207 226 7
207 226 8
207 226 9
207 226 10
207 226 11
207 226 12
207 226 13
207 226 14
207 226 15
207 226 16
207 226 17
207 226 18
207 226 19
207 226 20
207 226 21
207 226 22
207 226 23
207 226 24
207 226 25
207 226 26
207 226 27
207 226 28
207 226 29
207 226 30
207 226 31
207 226 32
207 226 33
207 226 34
207 226 35
207 226 36
207 226 37
207 226 38
207 226 39
207 226 40
207 226 41
207 226 42
207 226 43
207 226 44
207 226 45
207 226 46
207 226 47
207 226 48
207 226 49
207 226 50
207 226 51
207 226 52
207 226 53
207 226 54
207 226 55
207 226 56
207 226 57
207 226 58
207 226 59
207 226 60
207 226 61
207 226 62
207 226 63
207 226 64
207 226 65
207 226 66
207 226 67
207 226 68
207 226 69
207 226 70
207 226 71
207 226 72
207 226 73
207 226 74
207 226 75
207 226 76
207 226 77
207 226 78
207 226 79
207 226 80
207 226 81
207 226 82
207 226 83
207 226 84
207 226 85
207 226 86
207 226 87
207 226 88
207 226 89
207 226 90
207 226 91
207 226 92
207 226 93
207 226 94
207 226 95
207 226 96
207 226 97
207 226 98
207 226 99
207 226 100
207 226 101
207 226 102
207 226 103
207 226 104
207 226 105
207 226 106
207 226 107
207 226 108
207 226 109
207 226 110
207 226 111
207 226 112
207 226 113
207 226 114
207 226 115
207 226 116
207 226 117
207 226 118
207 226 119
207 226 120
207 226 121
207 226 122
207 226 123
207 226 124
207 226 125
207 226 126
207 226 127
207 226 128
207 226 129
207 226 130
207 226 131
207 226 132
207 226 133
207 226 134
207 226 135
207 226 136
207 226 137
207 226 138
207 226 139
207 226 140
207 226 141
207 226 142
207 226 143
207 226 144
207 226 145
207 226 146
207 226 147
207 226 148
207 226 149
207 226 150
207 226 151
207 226 152
207 226 153
207 226 154
207 226 155
207 226 156
207 226 157
207 226 158
207 226 159
207 226 160
207 226 161
207 226 162
207 226 163
207 226 164
207 226 165
207 226 166
207 226 167
207 226 168
207 226 169
207 226 170
207 226 171
207 226 172
207 226 173
207 226 174
207 226 175
207 226 176
207 226 177
207 226 178
207 226 179
207 226 180
207 226 181
207 226 182
207 226 183
207 226 184
207 226 185
207 226 186
207 226 187
207 226 188
207 226 189
207 226 190
207 226 191
207 226 192
207 226 193
207 226 194
207 226 195
207 226 196
207 226 197
207 226 198
207 226 199
207 226 200
207 226 201
207 226 202
207 226 203
207 226 204
207 226 205
207 226 206
207 226 207
207 226 208
207 226 209
207 226 210
207 226 211
207 226 212
207 226 213
207 226 214
207 226 215
207 226 216
207 226 217
207 226 218
207 226 219
207 226 220
207 226 221
207 226 222
207 226 223
207 226 224
207 226 225
207 226 226
207 226 227
207 226 228
207 226 229
207 226 230
207 226 231
207 226 232
207 226 233
207 226 234
207 226 235
207 226 236
207 226 237
207 226 238
207 226 239
207 226 240
207 226 241
207 226 242
207 226 243
207 226 244
207 226 245
