228 50 1
228 50 2
228 50 3
228 50 4
228 50 5
228 50 6
228 50 7
228 50 8
228 50 9
228 50 10
228 50 11
228 50 12
228 50 13
228 50 14
228 50 15
228 50 16
228 50 17
228 50 18
228 50 19
228 50 20
228 50 21
228 50 22
228 50 23
228 50 24
228 50 25
228 50 26
228 50 27
228 50 28
228 50 29
228 50 30
228 50 31
228 50 32
228 50 33
228 50 34
228 50 35
228 50 36
228 50 37
228 50 38
228 50 39
228 50 40
228 50 41
228 50 42
228 50 43
228 50 44
228 50 45
228 50 46
228 50 47
228 50 48
228 50 49
228 50 50
228 50 51
228 50 52
228 50 53
228 50 54
228 50 55
228 50 56
228 50 57
228 50 58
228 50 59
228 50 60
228 50 61
228 50 62
228 50 63
228 50 64
228 50 65
228 50 66
228 50 67
228 50 68
228 50 69
228 50 70
228 50 71
228 50 72
228 50 73
228 50 74
228 50 75
228 50 76
228 50 77
228 50 78
228 50 79
228 50 80
228 50 81
228 50 82
228 50 83
228 50 84
228 50 85
228 50 86
228 50 87
228 50 88
228 50 89
228 50 90
228 50 91
228 50 92
228 50 93
228 50 94
228 50 95
228 50 96
228 50 97
228 50 98
228 50 99
228 50 100
228 50 101
228 50 102
228 50 103
228 50 104
228 50 105
228 50 106
228 50 107
228 50 108
228 50 109
228 50 110
228 50 111
228 50 112
228 50 113
228 50 114
228 50 115
228 50 116
228 50 117
228 50 118
228 50 119
228 50 120
228 50 121
228 50 122
228 50 123
228 50 124
228 50 125
228 50 126
228 50 127
228 50 128
228 50 129
228 50 130
228 50 131
228 50 132
228 50 133
228 50 134
228 50 135
228 50 136
228 50 137
228 50 138
228 50 139
228 50 140
228 50 141
228 50 142
228 50 143
228 50 144
228 50 145
228 50 146
228 50 147
228 50 148
228 50 149
228 50 150
228 50 151
228 50 152
228 50 153
228 50 154
228 50 155
228 50 156
228 50 157
228 50 158
228 50 159
228 50 160
228 50 161
228 50 162
228 50 163
228 50 164
228 50 165
228 50 166
228 50 167
228 50 168
228 50 169
228 50 170
228 50 171
228 50 172
228 50 173
228 50 174
228 50 175
228 50 176
228 50 177
228 50 178
228 50 179
228 50 180
228 50 181
228 50 182
228 50 183
228 50 184
228 50 185
228 50 186
228 50 187
228 50 188
228 50 189
228 50 190
228 50 191
228 50 192
228 50 193
228 50 194
228 50 195
228 50 196
228 50 197
228 50 198
228 50 199
228 50 200
228 50 201
228 50 202
228 50 203
228 50 204
228 50 205
228 50 206
228 50 207
228 50 208
228 50 209
228 50 210
228 50 211
228 50 212
228 50 213
228 50 214
228 50 215
228 50 216
228 50 217
228 50 218
228 50 219
228 50 220
228 50 221
228 50 222
228 50 223
228 50 224
228 50 225
228 50 226
228 50 227
228 50 228
228 50 229
228 50 230
228 50 231
228 50 232
228 50 233
228 50 234
228 50 235
228 50 236
228 50 237
228 50 238
228 50 239
228 50 240
228 50 241
228 50 242
228 50 243
228 50 244
228 50 245
