27 228 1
28 228 1
29 228 1
27 228 2
28 228 2
29 228 2
27 228 3
28 228 3
29 228 3
27 228 4
28 228 4
29 228 4
27 228 5
28 228 5
29 228 5
27 228 6
28 228 6
29 228 6
27 228 7
28 228 7
29 228 7
27 228 8
28 228 8
29 228 8
27 228 9
28 228 9
29 228 9
27 228 10
28 228 10
29 228 10
27 228 11
28 228 11
29 228 11
27 228 12
28 228 12
29 228 12
27 228 13
28 228 13
29 228 13
27 228 14
28 228 14
29 228 14
27 228 15
28 228 15
29 228 15
27 228 16
28 228 16
29 228 16
27 228 17
28 228 17
29 228 17
27 228 18
28 228 18
29 228 18
27 228 19
28 228 19
29 228 19
27 228 20
28 228 20
29 228 20
27 228 21
28 228 21
29 228 21
27 228 22
28 228 22
29 228 22
27 228 23
28 228 23
29 228 23
27 228 24
28 228 24
29 228 24
27 228 25
28 228 25
29 228 25
27 228 26
28 228 26
29 228 26
27 228 27
28 228 27
29 228 27
27 228 28
28 228 28
29 228 28
27 228 29
28 228 29
29 228 29
27 228 30
28 228 30
29 228 30
27 228 31
28 228 31
29 228 31
27 228 32
28 228 32
29 228 32
27 228 33
28 228 33
29 228 33
27 228 34
28 228 34
29 228 34
27 228 35
28 228 35
29 228 35
27 228 36
28 228 36
29 228 36
27 228 37
28 228 37
29 228 37
27 228 38
28 228 38
29 228 38
27 228 39
28 228 39
29 228 39
27 228 40
28 228 40
29 228 40
27 228 41
28 228 41
29 228 41
27 228 42
28 228 42
29 228 42
27 228 43
28 228 43
29 228 43
27 228 44
28 228 44
29 228 44
27 228 45
28 228 45
29 228 45
27 228 46
28 228 46
29 228 46
27 228 47
28 228 47
29 228 47
27 228 48
28 228 48
29 228 48
27 228 49
28 228 49
29 228 49
27 228 50
28 228 50
29 228 50
27 228 51
28 228 51
29 228 51
27 228 52
28 228 52
29 228 52
27 228 53
28 228 53
29 228 53
27 228 54
28 228 54
29 228 54
27 228 55
28 228 55
29 228 55
27 228 56
28 228 56
29 228 56
27 228 57
28 228 57
29 228 57
27 228 58
28 228 58
29 228 58
27 228 59
28 228 59
29 228 59
27 228 60
28 228 60
29 228 60
27 228 61
28 228 61
29 228 61
27 228 62
28 228 62
29 228 62
27 228 63
28 228 63
29 228 63
27 228 64
28 228 64
29 228 64
27 228 65
28 228 65
29 228 65
27 228 66
28 228 66
29 228 66
27 228 67
28 228 67
29 228 67
27 228 68
28 228 68
29 228 68
27 228 69
28 228 69
29 228 69
27 228 70
28 228 70
29 228 70
27 228 71
28 228 71
29 228 71
27 228 72
28 228 72
29 228 72
27 228 73
28 228 73
29 228 73
27 228 74
28 228 74
29 228 74
27 228 75
28 228 75
29 228 75
27 228 76
28 228 76
29 228 76
27 228 77
28 228 77
29 228 77
27 228 78
28 228 78
29 228 78
27 228 79
28 228 79
29 228 79
27 228 80
28 228 80
29 228 80
27 228 81
28 228 81
29 228 81
