221 167 1
221 167 2
221 167 3
221 167 4
221 167 5
221 167 6
221 167 7
221 167 8
221 167 9
221 167 10
221 167 11
221 167 12
221 167 13
221 167 14
221 167 15
221 167 16
221 167 17
221 167 18
221 167 19
221 167 20
221 167 21
221 167 22
221 167 23
221 167 24
221 167 25
221 167 26
221 167 27
221 167 28
221 167 29
221 167 30
221 167 31
221 167 32
221 167 33
221 167 34
221 167 35
221 167 36
221 167 37
221 167 38
221 167 39
221 167 40
221 167 41
221 167 42
221 167 43
221 167 44
221 167 45
221 167 46
221 167 47
221 167 48
221 167 49
221 167 50
221 167 51
221 167 52
221 167 53
221 167 54
221 167 55
221 167 56
221 167 57
221 167 58
221 167 59
221 167 60
221 167 61
221 167 62
221 167 63
221 167 64
221 167 65
221 167 66
221 167 67
221 167 68
221 167 69
221 167 70
221 167 71
221 167 72
221 167 73
221 167 74
221 167 75
221 167 76
221 167 77
221 167 78
221 167 79
221 167 80
221 167 81
221 167 82
221 167 83
221 167 84
221 167 85
221 167 86
221 167 87
221 167 88
221 167 89
221 167 90
221 167 91
221 167 92
221 167 93
221 167 94
221 167 95
221 167 96
221 167 97
221 167 98
221 167 99
221 167 100
221 167 101
221 167 102
221 167 103
221 167 104
221 167 105
221 167 106
221 167 107
221 167 108
221 167 109
221 167 110
221 167 111
221 167 112
221 167 113
221 167 114
221 167 115
221 167 116
221 167 117
221 167 118
221 167 119
221 167 120
221 167 121
221 167 122
221 167 123
221 167 124
221 167 125
221 167 126
221 167 127
221 167 128
221 167 129
221 167 130
221 167 131
221 167 132
221 167 133
221 167 134
221 167 135
221 167 136
221 167 137
221 167 138
221 167 139
221 167 140
221 167 141
221 167 142
221 167 143
221 167 144
221 167 145
221 167 146
221 167 147
221 167 148
221 167 149
221 167 150
221 167 151
221 167 152
221 167 153
221 167 154
221 167 155
221 167 156
221 167 157
221 167 158
221 167 159
221 167 160
221 167 161
221 167 162
221 167 163
221 167 164
221 167 165
221 167 166
221 167 167
221 167 168
221 167 169
221 167 170
221 167 171
221 167 172
221 167 173
221 167 174
221 167 175
221 167 176
221 167 177
221 167 178
221 167 179
221 167 180
221 167 181
221 167 182
221 167 183
221 167 184
221 167 185
221 167 186
221 167 187
221 167 188
221 167 189
221 167 190
221 167 191
221 167 192
221 167 193
221 167 194
221 167 195
221 167 196
221 167 197
221 167 198
221 167 199
221 167 200
221 167 201
221 167 202
221 167 203
221 167 204
221 167 205
221 167 206
221 167 207
221 167 208
221 167 209
221 167 210
221 167 211
221 167 212
221 167 213
221 167 214
221 167 215
221 167 216
221 167 217
221 167 218
221 167 219
221 167 220
221 167 221
221 167 222
221 167 223
221 167 224
221 167 225
221 167 226
221 167 227
221 167 228
221 167 229
221 167 230
221 167 231
221 167 232
221 167 233
221 167 234
221 167 235
221 167 236
221 167 237
221 167 238
221 167 239
221 167 240
221 167 241
221 167 242
221 167 243
221 167 244
221 167 245
