136 139 1
137 139 1
138 139 1
136 140 2
137 140 2
138 140 2
136 141 3
137 141 3
138 141 3
136 139 4
137 139 4
138 139 4
136 140 5
137 140 5
138 140 5
136 141 6
137 141 6
138 141 6
136 139 7
137 139 7
138 139 7
136 140 8
137 140 8
138 140 8
136 141 9
137 141 9
138 141 9
136 139 10
137 139 10
138 139 10
136 140 11
137 140 11
138 140 11
136 141 12
137 141 12
138 141 12
136 139 13
137 139 13
138 139 13
136 140 14
137 140 14
138 140 14
136 141 15
137 141 15
138 141 15
136 139 16
137 139 16
138 139 16
136 140 17
137 140 17
138 140 17
136 141 18
137 141 18
138 141 18
136 139 19
137 139 19
138 139 19
136 140 20
137 140 20
138 140 20
136 141 21
137 141 21
138 141 21
136 139 22
137 139 22
138 139 22
136 140 23
137 140 23
138 140 23
136 141 24
137 141 24
138 141 24
136 139 25
137 139 25
138 139 25
136 140 26
137 140 26
138 140 26
136 141 27
137 141 27
138 141 27
136 139 28
137 139 28
138 139 28
136 140 29
137 140 29
138 140 29
136 141 30
137 141 30
138 141 30
136 139 31
137 139 31
138 139 31
136 140 32
137 140 32
138 140 32
136 141 33
137 141 33
138 141 33
136 139 34
137 139 34
138 139 34
136 140 35
137 140 35
138 140 35
136 141 36
137 141 36
138 141 36
136 139 37
137 139 37
138 139 37
136 140 38
137 140 38
138 140 38
136 141 39
137 141 39
138 141 39
136 139 40
137 139 40
138 139 40
136 140 41
137 140 41
138 140 41
136 141 42
137 141 42
138 141 42
136 139 43
137 139 43
138 139 43
136 140 44
137 140 44
138 140 44
136 141 45
137 141 45
138 141 45
136 139 46
137 139 46
138 139 46
136 140 47
137 140 47
138 140 47
136 141 48
137 141 48
138 141 48
136 139 49
137 139 49
138 139 49
136 140 50
137 140 50
138 140 50
136 141 51
137 141 51
138 141 51
136 139 52
137 139 52
138 139 52
136 140 53
137 140 53
138 140 53
136 141 54
137 141 54
138 141 54
136 139 55
137 139 55
138 139 55
136 140 56
137 140 56
138 140 56
136 141 57
137 141 57
138 141 57
136 139 58
137 139 58
138 139 58
136 140 59
137 140 59
138 140 59
136 141 60
137 141 60
138 141 60
136 139 61
137 139 61
138 139 61
136 140 62
137 140 62
138 140 62
136 141 63
137 141 63
138 141 63
136 139 64
137 139 64
138 139 64
136 140 65
137 140 65
138 140 65
136 141 66
137 141 66
138 141 66
136 139 67
137 139 67
138 139 67
136 140 68
137 140 68
138 140 68
136 141 69
137 141 69
138 141 69
136 139 70
137 139 70
138 139 70
136 140 71
137 140 71
138 140 71
136 141 72
137 141 72
138 141 72
136 139 73
137 139 73
138 139 73
136 140 74
137 140 74
138 140 74
136 141 75
137 141 75
138 141 75
136 139 76
137 139 76
138 139 76
136 140 77
137 140 77
138 140 77
136 141 78
137 141 78
138 141 78
136 139 79
137 139 79
138 139 79
136 140 80
137 140 80
138 140 80
136 141 81
137 141 81
138 141 81
136 139 82
137 139 82
138 139 82
136 140 83
137 140 83
138 140 83
136 141 84
137 141 84
138 141 84
136 139 85
137 139 85
138 139 85
136 140 86
137 140 86
138 140 86
136 141 87
137 141 87
138 141 87
136 139 88
137 139 88
138 139 88
136 140 89
137 140 89
138 140 89
136 141 90
137 141 90
138 141 90
136 139 91
137 139 91
138 139 91
136 140 92
137 140 92
138 140 92
136 141 93
137 141 93
138 141 93
136 139 94
137 139 94
138 139 94
136 140 95
137 140 95
138 140 95
136 141 96
137 141 96
138 141 96
136 139 97
137 139 97
138 139 97
136 140 98
137 140 98
138 140 98
136 141 99
137 141 99
138 141 99
136 139 100
137 139 100
138 139 100
136 140 101
137 140 101
138 140 101
136 141 102
137 141 102
138 141 102
136 139 103
137 139 103
138 139 103
136 140 104
137 140 104
138 140 104
136 141 105
137 141 105
138 141 105
136 139 106
137 139 106
138 139 106
136 140 107
137 140 107
138 140 107
136 141 108
137 141 108
138 141 108
136 139 109
137 139 109
138 139 109
136 140 110
137 140 110
138 140 110
136 141 111
137 141 111
138 141 111
136 139 112
137 139 112
138 139 112
136 140 113
137 140 113
138 140 113
136 141 114
137 141 114
138 141 114
136 139 115
137 139 115
138 139 115
136 140 116
137 140 116
138 140 116
136 141 117
137 141 117
138 141 117
136 139 118
137 139 118
138 139 118
136 140 119
137 140 119
138 140 119
136 141 120
137 141 120
138 141 120
136 139 121
137 139 121
138 139 121
136 140 122
137 140 122
138 140 122
136 141 123
137 141 123
138 141 123
136 139 124
137 139 124
138 139 124
136 140 125
137 140 125
138 140 125
136 141 126
137 141 126
138 141 126
136 139 127
137 139 127
138 139 127
136 140 128
137 140 128
138 140 128
136 141 129
137 141 129
138 141 129
136 139 130
137 139 130
138 139 130
136 140 131
137 140 131
138 140 131
136 141 132
137 141 132
138 141 132
136 139 133
137 139 133
138 139 133
136 140 134
137 140 134
138 140 134
136 141 135
137 141 135
138 141 135
136 139 136
137 139 136
138 139 136
136 140 137
137 140 137
138 140 137
136 141 138
137 141 138
138 141 138
136 139 139
137 139 139
138 139 139
136 140 140
137 140 140
138 140 140
136 141 141
137 141 141
138 141 141
136 139 142
137 139 142
138 139 142
136 140 143
137 140 143
138 140 143
136 141 144
137 141 144
138 141 144
136 139 145
137 139 145
138 139 145
136 140 146
137 140 146
138 140 146
136 141 147
137 141 147
138 141 147
136 139 148
137 139 148
138 139 148
136 140 149
137 140 149
138 140 149
136 141 150
137 141 150
138 141 150
136 139 151
137 139 151
138 139 151
136 140 152
137 140 152
138 140 152
136 141 153
137 141 153
138 141 153
136 139 154
137 139 154
138 139 154
136 140 155
137 140 155
138 140 155
136 141 156
137 141 156
138 141 156
136 139 157
137 139 157
138 139 157
136 140 158
137 140 158
138 140 158
136 141 159
137 141 159
138 141 159
136 139 160
137 139 160
138 139 160
136 140 161
137 140 161
138 140 161
136 141 162
137 141 162
138 141 162
136 139 163
137 139 163
138 139 163
136 140 164
137 140 164
138 140 164
136 141 165
137 141 165
138 141 165
136 139 166
137 139 166
138 139 166
136 140 167
137 140 167
138 140 167
136 141 168
137 141 168
138 141 168
136 139 169
137 139 169
138 139 169
136 140 170
137 140 170
138 140 170
136 141 171
137 141 171
138 141 171
136 139 172
137 139 172
138 139 172
136 140 173
137 140 173
138 140 173
136 141 174
137 141 174
138 141 174
136 139 175
137 139 175
138 139 175
136 140 176
137 140 176
138 140 176
136 141 177
137 141 177
138 141 177
136 139 178
137 139 178
138 139 178
136 140 179
137 140 179
138 140 179
136 141 180
137 141 180
138 141 180
136 139 181
137 139 181
138 139 181
136 140 182
137 140 182
138 140 182
136 141 183
137 141 183
138 141 183
136 139 184
137 139 184
138 139 184
136 140 185
137 140 185
138 140 185
136 141 186
137 141 186
138 141 186
136 139 187
137 139 187
138 139 187
136 140 188
137 140 188
138 140 188
136 141 189
137 141 189
138 141 189
136 139 190
137 139 190
138 139 190
136 140 191
137 140 191
138 140 191
136 141 192
137 141 192
138 141 192
136 139 193
137 139 193
138 139 193
136 140 194
137 140 194
138 140 194
136 141 195
137 141 195
138 141 195
136 139 196
137 139 196
138 139 196
136 140 197
137 140 197
138 140 197
136 141 198
137 141 198
138 141 198
136 139 199
137 139 199
138 139 199
136 140 200
137 140 200
138 140 200
136 141 201
137 141 201
138 141 201
136 139 202
137 139 202
138 139 202
136 140 203
137 140 203
138 140 203
136 141 204
137 141 204
138 141 204
136 139 205
137 139 205
138 139 205
136 140 206
137 140 206
138 140 206
136 141 207
137 141 207
138 141 207
136 139 208
137 139 208
138 139 208
136 140 209
137 140 209
138 140 209
136 141 210
137 141 210
138 141 210
136 139 211
137 139 211
138 139 211
136 140 212
137 140 212
138 140 212
136 141 213
137 141 213
138 141 213
136 139 214
137 139 214
138 139 214
136 140 215
137 140 215
138 140 215
136 141 216
137 141 216
138 141 216
136 139 217
137 139 217
138 139 217
136 140 218
137 140 218
138 140 218
136 141 219
137 141 219
138 141 219
136 139 220
137 139 220
138 139 220
136 140 221
137 140 221
138 140 221
136 141 222
137 141 222
138 141 222
136 139 223
137 139 223
138 139 223
136 140 224
137 140 224
138 140 224
136 141 225
137 141 225
138 141 225
136 139 226
137 139 226
138 139 226
136 140 227
137 140 227
138 140 227
136 141 228
137 141 228
138 141 228
136 139 229
137 139 229
138 139 229
136 140 230
137 140 230
138 140 230
136 141 231
137 141 231
138 141 231
136 139 232
137 139 232
138 139 232
136 140 233
137 140 233
138 140 233
136 141 234
137 141 234
138 141 234
136 139 235
137 139 235
138 139 235
136 140 236
137 140 236
138 140 236
136 141 237
137 141 237
138 141 237
136 139 238
137 139 238
138 139 238
136 140 239
137 140 239
138 140 239
136 141 240
137 141 240
138 141 240
136 139 241
137 139 241
138 139 241
136 140 242
137 140 242
138 140 242
136 141 243
137 141 243
138 141 243
136 139 244
137 139 244
138 139 244
136 140 245
137 140 245
138 140 245
136 141 246
137 141 246
138 141 246
136 139 247
137 139 247
138 139 247
136 140 248
137 140 248
138 140 248
136 141 249
137 141 249
138 141 249
136 139 250
137 139 250
138 139 250
136 140 251
137 140 251
138 140 251
136 141 252
137 141 252
138 141 252
136 139 253
137 139 253
138 139 253
136 140 254
137 140 254
138 140 254
136 141 255
137 141 255
138 141 255
136 139 256
137 139 256
138 139 256
136 140 257
137 140 257
138 140 257
136 141 258
137 141 258
138 141 258
136 139 259
137 139 259
138 139 259
136 140 260
137 140 260
138 140 260
136 141 261
137 141 261
138 141 261
136 139 262
137 139 262
138 139 262
136 140 263
137 140 263
138 140 263
136 141 264
137 141 264
138 141 264
136 139 265
137 139 265
138 139 265
136 140 266
137 140 266
138 140 266
136 141 267
137 141 267
138 141 267
136 139 268
137 139 268
138 139 268
136 140 269
137 140 269
138 140 269
136 141 270
137 141 270
138 141 270
136 139 271
137 139 271
138 139 271
136 140 272
137 140 272
138 140 272
136 141 273
137 141 273
138 141 273
136 139 274
137 139 274
138 139 274
136 140 275
137 140 275
138 140 275
136 141 276
137 141 276
138 141 276
136 139 277
137 139 277
138 139 277
136 140 278
137 140 278
138 140 278
136 141 279
137 141 279
138 141 279
136 139 280
137 139 280
138 139 280
136 140 281
137 140 281
138 140 281
136 141 282
137 141 282
138 141 282
136 139 283
137 139 283
138 139 283
136 140 284
137 140 284
138 140 284
136 141 285
137 141 285
138 141 285
136 139 286
137 139 286
138 139 286
136 140 287
137 140 287
138 140 287
136 141 288
137 141 288
138 141 288
136 139 289
137 139 289
138 139 289
136 140 290
137 140 290
138 140 290
136 141 291
137 141 291
138 141 291
136 139 292
137 139 292
138 139 292
136 140 293
137 140 293
138 140 293
136 141 294
137 141 294
138 141 294
136 139 295
137 139 295
138 139 295
136 140 296
137 140 296
138 140 296
136 141 297
137 141 297
138 141 297
136 139 298
137 139 298
138 139 298
136 140 299
137 140 299
138 140 299
136 141 300
137 141 300
138 141 300
136 139 301
137 139 301
138 139 301
136 140 302
137 140 302
138 140 302
136 141 303
137 141 303
138 141 303
136 139 304
137 139 304
138 139 304
136 140 305
137 140 305
138 140 305
136 141 306
137 141 306
138 141 306
136 139 307
137 139 307
138 139 307
136 140 308
137 140 308
138 140 308
136 141 309
137 141 309
138 141 309
136 139 310
137 139 310
138 139 310
136 140 311
137 140 311
138 140 311
136 141 312
137 141 312
138 141 312
136 139 313
137 139 313
138 139 313
136 140 314
137 140 314
138 140 314
136 141 315
137 141 315
138 141 315
136 139 316
137 139 316
138 139 316
136 140 317
137 140 317
138 140 317
136 141 318
137 141 318
138 141 318
136 139 319
137 139 319
138 139 319
136 140 320
137 140 320
138 140 320
136 141 321
137 141 321
138 141 321
136 139 322
137 139 322
138 139 322
136 140 323
137 140 323
138 140 323
136 141 324
137 141 324
138 141 324
136 139 325
137 139 325
138 139 325
136 140 326
137 140 326
138 140 326
136 141 327
137 141 327
138 141 327
