222 175 1
222 175 2
222 175 3
222 175 4
222 175 5
222 175 6
222 175 7
222 175 8
222 175 9
222 175 10
222 175 11
222 175 12
222 175 13
222 175 14
222 175 15
222 175 16
222 175 17
222 175 18
222 175 19
222 175 20
222 175 21
222 175 22
222 175 23
222 175 24
222 175 25
222 175 26
222 175 27
222 175 28
222 175 29
222 175 30
222 175 31
222 175 32
222 175 33
222 175 34
222 175 35
222 175 36
222 175 37
222 175 38
222 175 39
222 175 40
222 175 41
222 175 42
222 175 43
222 175 44
222 175 45
222 175 46
222 175 47
222 175 48
222 175 49
222 175 50
222 175 51
222 175 52
222 175 53
222 175 54
222 175 55
222 175 56
222 175 57
222 175 58
222 175 59
222 175 60
222 175 61
222 175 62
222 175 63
222 175 64
222 175 65
222 175 66
222 175 67
222 175 68
222 175 69
222 175 70
222 175 71
222 175 72
222 175 73
222 175 74
222 175 75
222 175 76
222 175 77
222 175 78
222 175 79
222 175 80
222 175 81
222 175 82
222 175 83
222 175 84
222 175 85
222 175 86
222 175 87
222 175 88
222 175 89
222 175 90
222 175 91
222 175 92
222 175 93
222 175 94
222 175 95
222 175 96
222 175 97
222 175 98
222 175 99
222 175 100
222 175 101
222 175 102
222 175 103
222 175 104
222 175 105
222 175 106
222 175 107
222 175 108
222 175 109
222 175 110
222 175 111
222 175 112
222 175 113
222 175 114
222 175 115
222 175 116
222 175 117
222 175 118
222 175 119
222 175 120
222 175 121
222 175 122
222 175 123
222 175 124
222 175 125
222 175 126
222 175 127
222 175 128
222 175 129
222 175 130
222 175 131
222 175 132
222 175 133
222 175 134
222 175 135
222 175 136
222 175 137
222 175 138
222 175 139
222 175 140
222 175 141
222 175 142
222 175 143
222 175 144
222 175 145
222 175 146
222 175 147
222 175 148
222 175 149
222 175 150
222 175 151
222 175 152
222 175 153
222 175 154
222 175 155
222 175 156
222 175 157
222 175 158
222 175 159
222 175 160
222 175 161
222 175 162
222 175 163
222 175 164
222 175 165
222 175 166
222 175 167
222 175 168
222 175 169
222 175 170
222 175 171
222 175 172
222 175 173
222 175 174
222 175 175
222 175 176
222 175 177
222 175 178
222 175 179
222 175 180
222 175 181
222 175 182
222 175 183
222 175 184
222 175 185
222 175 186
222 175 187
222 175 188
222 175 189
222 175 190
222 175 191
222 175 192
222 175 193
222 175 194
222 175 195
222 175 196
222 175 197
222 175 198
222 175 199
222 175 200
222 175 201
222 175 202
222 175 203
222 175 204
222 175 205
222 175 206
222 175 207
222 175 208
222 175 209
222 175 210
222 175 211
222 175 212
222 175 213
222 175 214
222 175 215
222 175 216
222 175 217
222 175 218
222 175 219
222 175 220
222 175 221
222 175 222
222 175 223
222 175 224
222 175 225
222 175 226
222 175 227
222 175 228
222 175 229
222 175 230
222 175 231
222 175 232
222 175 233
222 175 234
222 175 235
222 175 236
222 175 237
222 175 238
222 175 239
222 175 240
222 175 241
222 175 242
222 175 243
222 175 244
222 175 245
