228 34 1
228 35 2
228 36 3
228 34 4
228 35 5
228 36 6
228 34 7
228 35 8
228 36 9
228 34 10
228 35 11
228 36 12
228 34 13
228 35 14
228 36 15
228 34 16
228 35 17
228 36 18
228 34 19
228 35 20
228 36 21
228 34 22
228 35 23
228 36 24
228 34 25
228 35 26
228 36 27
228 34 28
228 35 29
228 36 30
228 34 31
228 35 32
228 36 33
228 34 34
228 35 35
228 36 36
228 34 37
228 35 38
228 36 39
228 34 40
228 35 41
228 36 42
228 34 43
228 35 44
228 36 45
228 34 46
228 35 47
228 36 48
228 34 49
228 35 50
228 36 51
228 34 52
228 35 53
228 36 54
228 34 55
228 35 56
228 36 57
228 34 58
228 35 59
228 36 60
228 34 61
228 35 62
228 36 63
228 34 64
228 35 65
228 36 66
228 34 67
228 35 68
228 36 69
228 34 70
228 35 71
228 36 72
228 34 73
228 35 74
228 36 75
228 34 76
228 35 77
228 36 78
228 34 79
228 35 80
228 36 81
228 34 82
228 35 83
228 36 84
228 34 85
228 35 86
228 36 87
228 34 88
228 35 89
228 36 90
228 34 91
228 35 92
228 36 93
228 34 94
228 35 95
228 36 96
228 34 97
228 35 98
228 36 99
228 34 100
228 35 101
228 36 102
228 34 103
228 35 104
228 36 105
228 34 106
228 35 107
228 36 108
228 34 109
228 35 110
228 36 111
228 34 112
228 35 113
228 36 114
228 34 115
228 35 116
228 36 117
228 34 118
228 35 119
228 36 120
228 34 121
228 35 122
228 36 123
228 34 124
228 35 125
228 36 126
228 34 127
228 35 128
228 36 129
228 34 130
228 35 131
228 36 132
228 34 133
228 35 134
228 36 135
228 34 136
228 35 137
228 36 138
228 34 139
228 35 140
228 36 141
228 34 142
228 35 143
228 36 144
228 34 145
228 35 146
228 36 147
228 34 148
228 35 149
228 36 150
228 34 151
228 35 152
228 36 153
228 34 154
228 35 155
228 36 156
228 34 157
228 35 158
228 36 159
228 34 160
228 35 161
228 36 162
228 34 163
228 35 164
228 36 165
228 34 166
228 35 167
228 36 168
228 34 169
228 35 170
228 36 171
228 34 172
228 35 173
228 36 174
228 34 175
228 35 176
228 36 177
228 34 178
228 35 179
228 36 180
228 34 181
228 35 182
228 36 183
228 34 184
228 35 185
228 36 186
228 34 187
228 35 188
228 36 189
228 34 190
228 35 191
228 36 192
228 34 193
228 35 194
228 36 195
228 34 196
228 35 197
228 36 198
228 34 199
228 35 200
228 36 201
228 34 202
228 35 203
228 36 204
228 34 205
228 35 206
228 36 207
228 34 208
228 35 209
228 36 210
228 34 211
228 35 212
228 36 213
228 34 214
228 35 215
228 36 216
228 34 217
228 35 218
228 36 219
228 34 220
228 35 221
228 36 222
228 34 223
228 35 224
228 36 225
228 34 226
228 35 227
228 36 228
228 34 229
228 35 230
228 36 231
228 34 232
228 35 233
228 36 234
228 34 235
228 35 236
228 36 237
228 34 238
228 35 239
228 36 240
228 34 241
228 35 242
228 36 243
