167 221 1
167 221 2
167 221 3
167 221 4
167 221 5
167 221 6
167 221 7
167 221 8
167 221 9
167 221 10
167 221 11
167 221 12
167 221 13
167 221 14
167 221 15
167 221 16
167 221 17
167 221 18
167 221 19
167 221 20
167 221 21
167 221 22
167 221 23
167 221 24
167 221 25
167 221 26
167 221 27
167 221 28
167 221 29
167 221 30
167 221 31
167 221 32
167 221 33
167 221 34
167 221 35
167 221 36
167 221 37
167 221 38
167 221 39
167 221 40
167 221 41
167 221 42
167 221 43
167 221 44
167 221 45
167 221 46
167 221 47
167 221 48
167 221 49
167 221 50
167 221 51
167 221 52
167 221 53
167 221 54
167 221 55
167 221 56
167 221 57
167 221 58
167 221 59
167 221 60
167 221 61
167 221 62
167 221 63
167 221 64
167 221 65
167 221 66
167 221 67
167 221 68
167 221 69
167 221 70
167 221 71
167 221 72
167 221 73
167 221 74
167 221 75
167 221 76
167 221 77
167 221 78
167 221 79
167 221 80
167 221 81
167 221 82
167 221 83
167 221 84
167 221 85
167 221 86
167 221 87
167 221 88
167 221 89
167 221 90
167 221 91
167 221 92
167 221 93
167 221 94
167 221 95
167 221 96
167 221 97
167 221 98
167 221 99
167 221 100
167 221 101
167 221 102
167 221 103
167 221 104
167 221 105
167 221 106
167 221 107
167 221 108
167 221 109
167 221 110
167 221 111
167 221 112
167 221 113
167 221 114
167 221 115
167 221 116
167 221 117
167 221 118
167 221 119
167 221 120
167 221 121
167 221 122
167 221 123
167 221 124
167 221 125
167 221 126
167 221 127
167 221 128
167 221 129
167 221 130
167 221 131
167 221 132
167 221 133
167 221 134
167 221 135
167 221 136
167 221 137
167 221 138
167 221 139
167 221 140
167 221 141
167 221 142
167 221 143
167 221 144
167 221 145
167 221 146
167 221 147
167 221 148
167 221 149
167 221 150
167 221 151
167 221 152
167 221 153
167 221 154
167 221 155
167 221 156
167 221 157
167 221 158
167 221 159
167 221 160
167 221 161
167 221 162
167 221 163
167 221 164
167 221 165
167 221 166
167 221 167
167 221 168
167 221 169
167 221 170
167 221 171
167 221 172
167 221 173
167 221 174
167 221 175
167 221 176
167 221 177
167 221 178
167 221 179
167 221 180
167 221 181
167 221 182
167 221 183
167 221 184
167 221 185
167 221 186
167 221 187
167 221 188
167 221 189
167 221 190
167 221 191
167 221 192
167 221 193
167 221 194
167 221 195
167 221 196
167 221 197
167 221 198
167 221 199
167 221 200
167 221 201
167 221 202
167 221 203
167 221 204
167 221 205
167 221 206
167 221 207
167 221 208
167 221 209
167 221 210
167 221 211
167 221 212
167 221 213
167 221 214
167 221 215
167 221 216
167 221 217
167 221 218
167 221 219
167 221 220
167 221 221
167 221 222
167 221 223
167 221 224
167 221 225
167 221 226
167 221 227
167 221 228
167 221 229
167 221 230
167 221 231
167 221 232
167 221 233
167 221 234
167 221 235
167 221 236
167 221 237
167 221 238
167 221 239
167 221 240
167 221 241
167 221 242
167 221 243
167 221 244
167 221 245
