228 40 1
228 40 2
228 40 3
228 40 4
228 40 5
228 40 6
228 40 7
228 40 8
228 40 9
228 40 10
228 40 11
228 40 12
228 40 13
228 40 14
228 40 15
228 40 16
228 40 17
228 40 18
228 40 19
228 40 20
228 40 21
228 40 22
228 40 23
228 40 24
228 40 25
228 40 26
228 40 27
228 40 28
228 40 29
228 40 30
228 40 31
228 40 32
228 40 33
228 40 34
228 40 35
228 40 36
228 40 37
228 40 38
228 40 39
228 40 40
228 40 41
228 40 42
228 40 43
228 40 44
228 40 45
228 40 46
228 40 47
228 40 48
228 40 49
228 40 50
228 40 51
228 40 52
228 40 53
228 40 54
228 40 55
228 40 56
228 40 57
228 40 58
228 40 59
228 40 60
228 40 61
228 40 62
228 40 63
228 40 64
228 40 65
228 40 66
228 40 67
228 40 68
228 40 69
228 40 70
228 40 71
228 40 72
228 40 73
228 40 74
228 40 75
228 40 76
228 40 77
228 40 78
228 40 79
228 40 80
228 40 81
228 40 82
228 40 83
228 40 84
228 40 85
228 40 86
228 40 87
228 40 88
228 40 89
228 40 90
228 40 91
228 40 92
228 40 93
228 40 94
228 40 95
228 40 96
228 40 97
228 40 98
228 40 99
228 40 100
228 40 101
228 40 102
228 40 103
228 40 104
228 40 105
228 40 106
228 40 107
228 40 108
228 40 109
228 40 110
228 40 111
228 40 112
228 40 113
228 40 114
228 40 115
228 40 116
228 40 117
228 40 118
228 40 119
228 40 120
228 40 121
228 40 122
228 40 123
228 40 124
228 40 125
228 40 126
228 40 127
228 40 128
228 40 129
228 40 130
228 40 131
228 40 132
228 40 133
228 40 134
228 40 135
228 40 136
228 40 137
228 40 138
228 40 139
228 40 140
228 40 141
228 40 142
228 40 143
228 40 144
228 40 145
228 40 146
228 40 147
228 40 148
228 40 149
228 40 150
228 40 151
228 40 152
228 40 153
228 40 154
228 40 155
228 40 156
228 40 157
228 40 158
228 40 159
228 40 160
228 40 161
228 40 162
228 40 163
228 40 164
228 40 165
228 40 166
228 40 167
228 40 168
228 40 169
228 40 170
228 40 171
228 40 172
228 40 173
228 40 174
228 40 175
228 40 176
228 40 177
228 40 178
228 40 179
228 40 180
228 40 181
228 40 182
228 40 183
228 40 184
228 40 185
228 40 186
228 40 187
228 40 188
228 40 189
228 40 190
228 40 191
228 40 192
228 40 193
228 40 194
228 40 195
228 40 196
228 40 197
228 40 198
228 40 199
228 40 200
228 40 201
228 40 202
228 40 203
228 40 204
228 40 205
228 40 206
228 40 207
228 40 208
228 40 209
228 40 210
228 40 211
228 40 212
228 40 213
228 40 214
228 40 215
228 40 216
228 40 217
228 40 218
228 40 219
228 40 220
228 40 221
228 40 222
228 40 223
228 40 224
228 40 225
228 40 226
228 40 227
228 40 228
228 40 229
228 40 230
228 40 231
228 40 232
228 40 233
228 40 234
228 40 235
228 40 236
228 40 237
228 40 238
228 40 239
228 40 240
228 40 241
228 40 242
228 40 243
228 40 244
228 40 245
