151 219 1
151 219 2
151 219 3
151 219 4
151 219 5
151 219 6
151 219 7
151 219 8
151 219 9
151 219 10
151 219 11
151 219 12
151 219 13
151 219 14
151 219 15
151 219 16
151 219 17
151 219 18
151 219 19
151 219 20
151 219 21
151 219 22
151 219 23
151 219 24
151 219 25
151 219 26
151 219 27
151 219 28
151 219 29
151 219 30
151 219 31
151 219 32
151 219 33
151 219 34
151 219 35
151 219 36
151 219 37
151 219 38
151 219 39
151 219 40
151 219 41
151 219 42
151 219 43
151 219 44
151 219 45
151 219 46
151 219 47
151 219 48
151 219 49
151 219 50
151 219 51
151 219 52
151 219 53
151 219 54
151 219 55
151 219 56
151 219 57
151 219 58
151 219 59
151 219 60
151 219 61
151 219 62
151 219 63
151 219 64
151 219 65
151 219 66
151 219 67
151 219 68
151 219 69
151 219 70
151 219 71
151 219 72
151 219 73
151 219 74
151 219 75
151 219 76
151 219 77
151 219 78
151 219 79
151 219 80
151 219 81
151 219 82
151 219 83
151 219 84
151 219 85
151 219 86
151 219 87
151 219 88
151 219 89
151 219 90
151 219 91
151 219 92
151 219 93
151 219 94
151 219 95
151 219 96
151 219 97
151 219 98
151 219 99
151 219 100
151 219 101
151 219 102
151 219 103
151 219 104
151 219 105
151 219 106
151 219 107
151 219 108
151 219 109
151 219 110
151 219 111
151 219 112
151 219 113
151 219 114
151 219 115
151 219 116
151 219 117
151 219 118
151 219 119
151 219 120
151 219 121
151 219 122
151 219 123
151 219 124
151 219 125
151 219 126
151 219 127
151 219 128
151 219 129
151 219 130
151 219 131
151 219 132
151 219 133
151 219 134
151 219 135
151 219 136
151 219 137
151 219 138
151 219 139
151 219 140
151 219 141
151 219 142
151 219 143
151 219 144
151 219 145
151 219 146
151 219 147
151 219 148
151 219 149
151 219 150
151 219 151
151 219 152
151 219 153
151 219 154
151 219 155
151 219 156
151 219 157
151 219 158
151 219 159
151 219 160
151 219 161
151 219 162
151 219 163
151 219 164
151 219 165
151 219 166
151 219 167
151 219 168
151 219 169
151 219 170
151 219 171
151 219 172
151 219 173
151 219 174
151 219 175
151 219 176
151 219 177
151 219 178
151 219 179
151 219 180
151 219 181
151 219 182
151 219 183
151 219 184
151 219 185
151 219 186
151 219 187
151 219 188
151 219 189
151 219 190
151 219 191
151 219 192
151 219 193
151 219 194
151 219 195
151 219 196
151 219 197
151 219 198
151 219 199
151 219 200
151 219 201
151 219 202
151 219 203
151 219 204
151 219 205
151 219 206
151 219 207
151 219 208
151 219 209
151 219 210
151 219 211
151 219 212
151 219 213
151 219 214
151 219 215
151 219 216
151 219 217
151 219 218
151 219 219
151 219 220
151 219 221
151 219 222
151 219 223
151 219 224
151 219 225
151 219 226
151 219 227
151 219 228
151 219 229
151 219 230
151 219 231
151 219 232
151 219 233
151 219 234
151 219 235
151 219 236
151 219 237
151 219 238
151 219 239
151 219 240
151 219 241
151 219 242
151 219 243
151 219 244
151 219 245
