228 64 1
228 65 2
228 66 3
228 64 4
228 65 5
228 66 6
228 64 7
228 65 8
228 66 9
228 64 10
228 65 11
228 66 12
228 64 13
228 65 14
228 66 15
228 64 16
228 65 17
228 66 18
228 64 19
228 65 20
228 66 21
228 64 22
228 65 23
228 66 24
228 64 25
228 65 26
228 66 27
228 64 28
228 65 29
228 66 30
228 64 31
228 65 32
228 66 33
228 64 34
228 65 35
228 66 36
228 64 37
228 65 38
228 66 39
228 64 40
228 65 41
228 66 42
228 64 43
228 65 44
228 66 45
228 64 46
228 65 47
228 66 48
228 64 49
228 65 50
228 66 51
228 64 52
228 65 53
228 66 54
228 64 55
228 65 56
228 66 57
228 64 58
228 65 59
228 66 60
228 64 61
228 65 62
228 66 63
228 64 64
228 65 65
228 66 66
228 64 67
228 65 68
228 66 69
228 64 70
228 65 71
228 66 72
228 64 73
228 65 74
228 66 75
228 64 76
228 65 77
228 66 78
228 64 79
228 65 80
228 66 81
228 64 82
228 65 83
228 66 84
228 64 85
228 65 86
228 66 87
228 64 88
228 65 89
228 66 90
228 64 91
228 65 92
228 66 93
228 64 94
228 65 95
228 66 96
228 64 97
228 65 98
228 66 99
228 64 100
228 65 101
228 66 102
228 64 103
228 65 104
228 66 105
228 64 106
228 65 107
228 66 108
228 64 109
228 65 110
228 66 111
228 64 112
228 65 113
228 66 114
228 64 115
228 65 116
228 66 117
228 64 118
228 65 119
228 66 120
228 64 121
228 65 122
228 66 123
228 64 124
228 65 125
228 66 126
228 64 127
228 65 128
228 66 129
228 64 130
228 65 131
228 66 132
228 64 133
228 65 134
228 66 135
228 64 136
228 65 137
228 66 138
228 64 139
228 65 140
228 66 141
228 64 142
228 65 143
228 66 144
228 64 145
228 65 146
228 66 147
228 64 148
228 65 149
228 66 150
228 64 151
228 65 152
228 66 153
228 64 154
228 65 155
228 66 156
228 64 157
228 65 158
228 66 159
228 64 160
228 65 161
228 66 162
228 64 163
228 65 164
228 66 165
228 64 166
228 65 167
228 66 168
228 64 169
228 65 170
228 66 171
228 64 172
228 65 173
228 66 174
228 64 175
228 65 176
228 66 177
228 64 178
228 65 179
228 66 180
228 64 181
228 65 182
228 66 183
228 64 184
228 65 185
228 66 186
228 64 187
228 65 188
228 66 189
228 64 190
228 65 191
228 66 192
228 64 193
228 65 194
228 66 195
228 64 196
228 65 197
228 66 198
228 64 199
228 65 200
228 66 201
228 64 202
228 65 203
228 66 204
228 64 205
228 65 206
228 66 207
228 64 208
228 65 209
228 66 210
228 64 211
228 65 212
228 66 213
228 64 214
228 65 215
228 66 216
228 64 217
228 65 218
228 66 219
228 64 220
228 65 221
228 66 222
228 64 223
228 65 224
228 66 225
228 64 226
228 65 227
228 66 228
228 64 229
228 65 230
228 66 231
228 64 232
228 65 233
228 66 234
228 64 235
228 65 236
228 66 237
228 64 238
228 65 239
228 66 240
228 64 241
228 65 242
228 66 243
