228 80 1
228 80 2
228 80 3
228 80 4
228 80 5
228 80 6
228 80 7
228 80 8
228 80 9
228 80 10
228 80 11
228 80 12
228 80 13
228 80 14
228 80 15
228 80 16
228 80 17
228 80 18
228 80 19
228 80 20
228 80 21
228 80 22
228 80 23
228 80 24
228 80 25
228 80 26
228 80 27
228 80 28
228 80 29
228 80 30
228 80 31
228 80 32
228 80 33
228 80 34
228 80 35
228 80 36
228 80 37
228 80 38
228 80 39
228 80 40
228 80 41
228 80 42
228 80 43
228 80 44
228 80 45
228 80 46
228 80 47
228 80 48
228 80 49
228 80 50
228 80 51
228 80 52
228 80 53
228 80 54
228 80 55
228 80 56
228 80 57
228 80 58
228 80 59
228 80 60
228 80 61
228 80 62
228 80 63
228 80 64
228 80 65
228 80 66
228 80 67
228 80 68
228 80 69
228 80 70
228 80 71
228 80 72
228 80 73
228 80 74
228 80 75
228 80 76
228 80 77
228 80 78
228 80 79
228 80 80
228 80 81
228 80 82
228 80 83
228 80 84
228 80 85
228 80 86
228 80 87
228 80 88
228 80 89
228 80 90
228 80 91
228 80 92
228 80 93
228 80 94
228 80 95
228 80 96
228 80 97
228 80 98
228 80 99
228 80 100
228 80 101
228 80 102
228 80 103
228 80 104
228 80 105
228 80 106
228 80 107
228 80 108
228 80 109
228 80 110
228 80 111
228 80 112
228 80 113
228 80 114
228 80 115
228 80 116
228 80 117
228 80 118
228 80 119
228 80 120
228 80 121
228 80 122
228 80 123
228 80 124
228 80 125
228 80 126
228 80 127
228 80 128
228 80 129
228 80 130
228 80 131
228 80 132
228 80 133
228 80 134
228 80 135
228 80 136
228 80 137
228 80 138
228 80 139
228 80 140
228 80 141
228 80 142
228 80 143
228 80 144
228 80 145
228 80 146
228 80 147
228 80 148
228 80 149
228 80 150
228 80 151
228 80 152
228 80 153
228 80 154
228 80 155
228 80 156
228 80 157
228 80 158
228 80 159
228 80 160
228 80 161
228 80 162
228 80 163
228 80 164
228 80 165
228 80 166
228 80 167
228 80 168
228 80 169
228 80 170
228 80 171
228 80 172
228 80 173
228 80 174
228 80 175
228 80 176
228 80 177
228 80 178
228 80 179
228 80 180
228 80 181
228 80 182
228 80 183
228 80 184
228 80 185
228 80 186
228 80 187
228 80 188
228 80 189
228 80 190
228 80 191
228 80 192
228 80 193
228 80 194
228 80 195
228 80 196
228 80 197
228 80 198
228 80 199
228 80 200
228 80 201
228 80 202
228 80 203
228 80 204
228 80 205
228 80 206
228 80 207
228 80 208
228 80 209
228 80 210
228 80 211
228 80 212
228 80 213
228 80 214
228 80 215
228 80 216
228 80 217
228 80 218
228 80 219
228 80 220
228 80 221
228 80 222
228 80 223
228 80 224
228 80 225
228 80 226
228 80 227
228 80 228
228 80 229
228 80 230
228 80 231
228 80 232
228 80 233
228 80 234
228 80 235
228 80 236
228 80 237
228 80 238
228 80 239
228 80 240
228 80 241
228 80 242
228 80 243
228 80 244
228 80 245
