223 183 1
223 183 2
223 183 3
223 183 4
223 183 5
223 183 6
223 183 7
223 183 8
223 183 9
223 183 10
223 183 11
223 183 12
223 183 13
223 183 14
223 183 15
223 183 16
223 183 17
223 183 18
223 183 19
223 183 20
223 183 21
223 183 22
223 183 23
223 183 24
223 183 25
223 183 26
223 183 27
223 183 28
223 183 29
223 183 30
223 183 31
223 183 32
223 183 33
223 183 34
223 183 35
223 183 36
223 183 37
223 183 38
223 183 39
223 183 40
223 183 41
223 183 42
223 183 43
223 183 44
223 183 45
223 183 46
223 183 47
223 183 48
223 183 49
223 183 50
223 183 51
223 183 52
223 183 53
223 183 54
223 183 55
223 183 56
223 183 57
223 183 58
223 183 59
223 183 60
223 183 61
223 183 62
223 183 63
223 183 64
223 183 65
223 183 66
223 183 67
223 183 68
223 183 69
223 183 70
223 183 71
223 183 72
223 183 73
223 183 74
223 183 75
223 183 76
223 183 77
223 183 78
223 183 79
223 183 80
223 183 81
223 183 82
223 183 83
223 183 84
223 183 85
223 183 86
223 183 87
223 183 88
223 183 89
223 183 90
223 183 91
223 183 92
223 183 93
223 183 94
223 183 95
223 183 96
223 183 97
223 183 98
223 183 99
223 183 100
223 183 101
223 183 102
223 183 103
223 183 104
223 183 105
223 183 106
223 183 107
223 183 108
223 183 109
223 183 110
223 183 111
223 183 112
223 183 113
223 183 114
223 183 115
223 183 116
223 183 117
223 183 118
223 183 119
223 183 120
223 183 121
223 183 122
223 183 123
223 183 124
223 183 125
223 183 126
223 183 127
223 183 128
223 183 129
223 183 130
223 183 131
223 183 132
223 183 133
223 183 134
223 183 135
223 183 136
223 183 137
223 183 138
223 183 139
223 183 140
223 183 141
223 183 142
223 183 143
223 183 144
223 183 145
223 183 146
223 183 147
223 183 148
223 183 149
223 183 150
223 183 151
223 183 152
223 183 153
223 183 154
223 183 155
223 183 156
223 183 157
223 183 158
223 183 159
223 183 160
223 183 161
223 183 162
223 183 163
223 183 164
223 183 165
223 183 166
223 183 167
223 183 168
223 183 169
223 183 170
223 183 171
223 183 172
223 183 173
223 183 174
223 183 175
223 183 176
223 183 177
223 183 178
223 183 179
223 183 180
223 183 181
223 183 182
223 183 183
223 183 184
223 183 185
223 183 186
223 183 187
223 183 188
223 183 189
223 183 190
223 183 191
223 183 192
223 183 193
223 183 194
223 183 195
223 183 196
223 183 197
223 183 198
223 183 199
223 183 200
223 183 201
223 183 202
223 183 203
223 183 204
223 183 205
223 183 206
223 183 207
223 183 208
223 183 209
223 183 210
223 183 211
223 183 212
223 183 213
223 183 214
223 183 215
223 183 216
223 183 217
223 183 218
223 183 219
223 183 220
223 183 221
223 183 222
223 183 223
223 183 224
223 183 225
223 183 226
223 183 227
223 183 228
223 183 229
223 183 230
223 183 231
223 183 232
223 183 233
223 183 234
223 183 235
223 183 236
223 183 237
223 183 238
223 183 239
223 183 240
223 183 241
223 183 242
223 183 243
223 183 244
223 183 245
