220 159 1
220 159 2
220 159 3
220 159 4
220 159 5
220 159 6
220 159 7
220 159 8
220 159 9
220 159 10
220 159 11
220 159 12
220 159 13
220 159 14
220 159 15
220 159 16
220 159 17
220 159 18
220 159 19
220 159 20
220 159 21
220 159 22
220 159 23
220 159 24
220 159 25
220 159 26
220 159 27
220 159 28
220 159 29
220 159 30
220 159 31
220 159 32
220 159 33
220 159 34
220 159 35
220 159 36
220 159 37
220 159 38
220 159 39
220 159 40
220 159 41
220 159 42
220 159 43
220 159 44
220 159 45
220 159 46
220 159 47
220 159 48
220 159 49
220 159 50
220 159 51
220 159 52
220 159 53
220 159 54
220 159 55
220 159 56
220 159 57
220 159 58
220 159 59
220 159 60
220 159 61
220 159 62
220 159 63
220 159 64
220 159 65
220 159 66
220 159 67
220 159 68
220 159 69
220 159 70
220 159 71
220 159 72
220 159 73
220 159 74
220 159 75
220 159 76
220 159 77
220 159 78
220 159 79
220 159 80
220 159 81
220 159 82
220 159 83
220 159 84
220 159 85
220 159 86
220 159 87
220 159 88
220 159 89
220 159 90
220 159 91
220 159 92
220 159 93
220 159 94
220 159 95
220 159 96
220 159 97
220 159 98
220 159 99
220 159 100
220 159 101
220 159 102
220 159 103
220 159 104
220 159 105
220 159 106
220 159 107
220 159 108
220 159 109
220 159 110
220 159 111
220 159 112
220 159 113
220 159 114
220 159 115
220 159 116
220 159 117
220 159 118
220 159 119
220 159 120
220 159 121
220 159 122
220 159 123
220 159 124
220 159 125
220 159 126
220 159 127
220 159 128
220 159 129
220 159 130
220 159 131
220 159 132
220 159 133
220 159 134
220 159 135
220 159 136
220 159 137
220 159 138
220 159 139
220 159 140
220 159 141
220 159 142
220 159 143
220 159 144
220 159 145
220 159 146
220 159 147
220 159 148
220 159 149
220 159 150
220 159 151
220 159 152
220 159 153
220 159 154
220 159 155
220 159 156
220 159 157
220 159 158
220 159 159
220 159 160
220 159 161
220 159 162
220 159 163
220 159 164
220 159 165
220 159 166
220 159 167
220 159 168
220 159 169
220 159 170
220 159 171
220 159 172
220 159 173
220 159 174
220 159 175
220 159 176
220 159 177
220 159 178
220 159 179
220 159 180
220 159 181
220 159 182
220 159 183
220 159 184
220 159 185
220 159 186
220 159 187
220 159 188
220 159 189
220 159 190
220 159 191
220 159 192
220 159 193
220 159 194
220 159 195
220 159 196
220 159 197
220 159 198
220 159 199
220 159 200
220 159 201
220 159 202
220 159 203
220 159 204
220 159 205
220 159 206
220 159 207
220 159 208
220 159 209
220 159 210
220 159 211
220 159 212
220 159 213
220 159 214
220 159 215
220 159 216
220 159 217
220 159 218
220 159 219
220 159 220
220 159 221
220 159 222
220 159 223
220 159 224
220 159 225
220 159 226
220 159 227
220 159 228
220 159 229
220 159 230
220 159 231
220 159 232
220 159 233
220 159 234
220 159 235
220 159 236
220 159 237
220 159 238
220 159 239
220 159 240
220 159 241
220 159 242
220 159 243
220 159 244
220 159 245
