192 195 1
193 195 1
194 195 1
192 196 2
193 196 2
194 196 2
192 197 3
193 197 3
194 197 3
192 195 4
193 195 4
194 195 4
192 196 5
193 196 5
194 196 5
192 197 6
193 197 6
194 197 6
192 195 7
193 195 7
194 195 7
192 196 8
193 196 8
194 196 8
192 197 9
193 197 9
194 197 9
192 195 10
193 195 10
194 195 10
192 196 11
193 196 11
194 196 11
192 197 12
193 197 12
194 197 12
192 195 13
193 195 13
194 195 13
192 196 14
193 196 14
194 196 14
192 197 15
193 197 15
194 197 15
192 195 16
193 195 16
194 195 16
192 196 17
193 196 17
194 196 17
192 197 18
193 197 18
194 197 18
192 195 19
193 195 19
194 195 19
192 196 20
193 196 20
194 196 20
192 197 21
193 197 21
194 197 21
192 195 22
193 195 22
194 195 22
192 196 23
193 196 23
194 196 23
192 197 24
193 197 24
194 197 24
192 195 25
193 195 25
194 195 25
192 196 26
193 196 26
194 196 26
192 197 27
193 197 27
194 197 27
192 195 28
193 195 28
194 195 28
192 196 29
193 196 29
194 196 29
192 197 30
193 197 30
194 197 30
192 195 31
193 195 31
194 195 31
192 196 32
193 196 32
194 196 32
192 197 33
193 197 33
194 197 33
192 195 34
193 195 34
194 195 34
192 196 35
193 196 35
194 196 35
192 197 36
193 197 36
194 197 36
192 195 37
193 195 37
194 195 37
192 196 38
193 196 38
194 196 38
192 197 39
193 197 39
194 197 39
192 195 40
193 195 40
194 195 40
192 196 41
193 196 41
194 196 41
192 197 42
193 197 42
194 197 42
192 195 43
193 195 43
194 195 43
192 196 44
193 196 44
194 196 44
192 197 45
193 197 45
194 197 45
192 195 46
193 195 46
194 195 46
192 196 47
193 196 47
194 196 47
192 197 48
193 197 48
194 197 48
192 195 49
193 195 49
194 195 49
192 196 50
193 196 50
194 196 50
192 197 51
193 197 51
194 197 51
192 195 52
193 195 52
194 195 52
192 196 53
193 196 53
194 196 53
192 197 54
193 197 54
194 197 54
192 195 55
193 195 55
194 195 55
192 196 56
193 196 56
194 196 56
192 197 57
193 197 57
194 197 57
192 195 58
193 195 58
194 195 58
192 196 59
193 196 59
194 196 59
192 197 60
193 197 60
194 197 60
192 195 61
193 195 61
194 195 61
192 196 62
193 196 62
194 196 62
192 197 63
193 197 63
194 197 63
192 195 64
193 195 64
194 195 64
192 196 65
193 196 65
194 196 65
192 197 66
193 197 66
194 197 66
192 195 67
193 195 67
194 195 67
192 196 68
193 196 68
194 196 68
192 197 69
193 197 69
194 197 69
192 195 70
193 195 70
194 195 70
192 196 71
193 196 71
194 196 71
192 197 72
193 197 72
194 197 72
192 195 73
193 195 73
194 195 73
192 196 74
193 196 74
194 196 74
192 197 75
193 197 75
194 197 75
192 195 76
193 195 76
194 195 76
192 196 77
193 196 77
194 196 77
192 197 78
193 197 78
194 197 78
192 195 79
193 195 79
194 195 79
192 196 80
193 196 80
194 196 80
192 197 81
193 197 81
194 197 81
192 195 82
193 195 82
194 195 82
192 196 83
193 196 83
194 196 83
192 197 84
193 197 84
194 197 84
192 195 85
193 195 85
194 195 85
192 196 86
193 196 86
194 196 86
192 197 87
193 197 87
194 197 87
192 195 88
193 195 88
194 195 88
192 196 89
193 196 89
194 196 89
192 197 90
193 197 90
194 197 90
192 195 91
193 195 91
194 195 91
192 196 92
193 196 92
194 196 92
192 197 93
193 197 93
194 197 93
192 195 94
193 195 94
194 195 94
192 196 95
193 196 95
194 196 95
192 197 96
193 197 96
194 197 96
192 195 97
193 195 97
194 195 97
192 196 98
193 196 98
194 196 98
192 197 99
193 197 99
194 197 99
192 195 100
193 195 100
194 195 100
192 196 101
193 196 101
194 196 101
192 197 102
193 197 102
194 197 102
192 195 103
193 195 103
194 195 103
192 196 104
193 196 104
194 196 104
192 197 105
193 197 105
194 197 105
192 195 106
193 195 106
194 195 106
192 196 107
193 196 107
194 196 107
192 197 108
193 197 108
194 197 108
192 195 109
193 195 109
194 195 109
192 196 110
193 196 110
194 196 110
192 197 111
193 197 111
194 197 111
192 195 112
193 195 112
194 195 112
192 196 113
193 196 113
194 196 113
192 197 114
193 197 114
194 197 114
192 195 115
193 195 115
194 195 115
192 196 116
193 196 116
194 196 116
192 197 117
193 197 117
194 197 117
192 195 118
193 195 118
194 195 118
192 196 119
193 196 119
194 196 119
192 197 120
193 197 120
194 197 120
192 195 121
193 195 121
194 195 121
192 196 122
193 196 122
194 196 122
192 197 123
193 197 123
194 197 123
192 195 124
193 195 124
194 195 124
192 196 125
193 196 125
194 196 125
192 197 126
193 197 126
194 197 126
192 195 127
193 195 127
194 195 127
192 196 128
193 196 128
194 196 128
192 197 129
193 197 129
194 197 129
192 195 130
193 195 130
194 195 130
192 196 131
193 196 131
194 196 131
192 197 132
193 197 132
194 197 132
192 195 133
193 195 133
194 195 133
192 196 134
193 196 134
194 196 134
192 197 135
193 197 135
194 197 135
192 195 136
193 195 136
194 195 136
192 196 137
193 196 137
194 196 137
192 197 138
193 197 138
194 197 138
192 195 139
193 195 139
194 195 139
192 196 140
193 196 140
194 196 140
192 197 141
193 197 141
194 197 141
192 195 142
193 195 142
194 195 142
192 196 143
193 196 143
194 196 143
192 197 144
193 197 144
194 197 144
192 195 145
193 195 145
194 195 145
192 196 146
193 196 146
194 196 146
192 197 147
193 197 147
194 197 147
192 195 148
193 195 148
194 195 148
192 196 149
193 196 149
194 196 149
192 197 150
193 197 150
194 197 150
192 195 151
193 195 151
194 195 151
192 196 152
193 196 152
194 196 152
192 197 153
193 197 153
194 197 153
192 195 154
193 195 154
194 195 154
192 196 155
193 196 155
194 196 155
192 197 156
193 197 156
194 197 156
192 195 157
193 195 157
194 195 157
192 196 158
193 196 158
194 196 158
192 197 159
193 197 159
194 197 159
192 195 160
193 195 160
194 195 160
192 196 161
193 196 161
194 196 161
192 197 162
193 197 162
194 197 162
192 195 163
193 195 163
194 195 163
192 196 164
193 196 164
194 196 164
192 197 165
193 197 165
194 197 165
192 195 166
193 195 166
194 195 166
192 196 167
193 196 167
194 196 167
192 197 168
193 197 168
194 197 168
192 195 169
193 195 169
194 195 169
192 196 170
193 196 170
194 196 170
192 197 171
193 197 171
194 197 171
192 195 172
193 195 172
194 195 172
192 196 173
193 196 173
194 196 173
192 197 174
193 197 174
194 197 174
192 195 175
193 195 175
194 195 175
192 196 176
193 196 176
194 196 176
192 197 177
193 197 177
194 197 177
192 195 178
193 195 178
194 195 178
192 196 179
193 196 179
194 196 179
192 197 180
193 197 180
194 197 180
192 195 181
193 195 181
194 195 181
192 196 182
193 196 182
194 196 182
192 197 183
193 197 183
194 197 183
192 195 184
193 195 184
194 195 184
192 196 185
193 196 185
194 196 185
192 197 186
193 197 186
194 197 186
192 195 187
193 195 187
194 195 187
192 196 188
193 196 188
194 196 188
192 197 189
193 197 189
194 197 189
192 195 190
193 195 190
194 195 190
192 196 191
193 196 191
194 196 191
192 197 192
193 197 192
194 197 192
192 195 193
193 195 193
194 195 193
192 196 194
193 196 194
194 196 194
192 197 195
193 197 195
194 197 195
192 195 196
193 195 196
194 195 196
192 196 197
193 196 197
194 196 197
192 197 198
193 197 198
194 197 198
192 195 199
193 195 199
194 195 199
192 196 200
193 196 200
194 196 200
192 197 201
193 197 201
194 197 201
192 195 202
193 195 202
194 195 202
192 196 203
193 196 203
194 196 203
192 197 204
193 197 204
194 197 204
192 195 205
193 195 205
194 195 205
192 196 206
193 196 206
194 196 206
192 197 207
193 197 207
194 197 207
192 195 208
193 195 208
194 195 208
192 196 209
193 196 209
194 196 209
192 197 210
193 197 210
194 197 210
192 195 211
193 195 211
194 195 211
192 196 212
193 196 212
194 196 212
192 197 213
193 197 213
194 197 213
192 195 214
193 195 214
194 195 214
192 196 215
193 196 215
194 196 215
192 197 216
193 197 216
194 197 216
192 195 217
193 195 217
194 195 217
192 196 218
193 196 218
194 196 218
192 197 219
193 197 219
194 197 219
192 195 220
193 195 220
194 195 220
192 196 221
193 196 221
194 196 221
192 197 222
193 197 222
194 197 222
192 195 223
193 195 223
194 195 223
192 196 224
193 196 224
194 196 224
192 197 225
193 197 225
194 197 225
192 195 226
193 195 226
194 195 226
192 196 227
193 196 227
194 196 227
192 197 228
193 197 228
194 197 228
192 195 229
193 195 229
194 195 229
192 196 230
193 196 230
194 196 230
192 197 231
193 197 231
194 197 231
192 195 232
193 195 232
194 195 232
192 196 233
193 196 233
194 196 233
192 197 234
193 197 234
194 197 234
192 195 235
193 195 235
194 195 235
192 196 236
193 196 236
194 196 236
192 197 237
193 197 237
194 197 237
192 195 238
193 195 238
194 195 238
192 196 239
193 196 239
194 196 239
192 197 240
193 197 240
194 197 240
192 195 241
193 195 241
194 195 241
192 196 242
193 196 242
194 196 242
192 197 243
193 197 243
194 197 243
192 195 244
193 195 244
194 195 244
192 196 245
193 196 245
194 196 245
192 197 246
193 197 246
194 197 246
192 195 247
193 195 247
194 195 247
192 196 248
193 196 248
194 196 248
192 197 249
193 197 249
194 197 249
192 195 250
193 195 250
194 195 250
192 196 251
193 196 251
194 196 251
192 197 252
193 197 252
194 197 252
192 195 253
193 195 253
194 195 253
192 196 254
193 196 254
194 196 254
192 197 255
193 197 255
194 197 255
192 195 256
193 195 256
194 195 256
192 196 257
193 196 257
194 196 257
192 197 258
193 197 258
194 197 258
192 195 259
193 195 259
194 195 259
192 196 260
193 196 260
194 196 260
192 197 261
193 197 261
194 197 261
192 195 262
193 195 262
194 195 262
192 196 263
193 196 263
194 196 263
192 197 264
193 197 264
194 197 264
192 195 265
193 195 265
194 195 265
192 196 266
193 196 266
194 196 266
192 197 267
193 197 267
194 197 267
192 195 268
193 195 268
194 195 268
192 196 269
193 196 269
194 196 269
192 197 270
193 197 270
194 197 270
192 195 271
193 195 271
194 195 271
192 196 272
193 196 272
194 196 272
192 197 273
193 197 273
194 197 273
192 195 274
193 195 274
194 195 274
192 196 275
193 196 275
194 196 275
192 197 276
193 197 276
194 197 276
192 195 277
193 195 277
194 195 277
192 196 278
193 196 278
194 196 278
192 197 279
193 197 279
194 197 279
192 195 280
193 195 280
194 195 280
192 196 281
193 196 281
194 196 281
192 197 282
193 197 282
194 197 282
192 195 283
193 195 283
194 195 283
192 196 284
193 196 284
194 196 284
192 197 285
193 197 285
194 197 285
192 195 286
193 195 286
194 195 286
192 196 287
193 196 287
194 196 287
192 197 288
193 197 288
194 197 288
192 195 289
193 195 289
194 195 289
192 196 290
193 196 290
194 196 290
192 197 291
193 197 291
194 197 291
192 195 292
193 195 292
194 195 292
192 196 293
193 196 293
194 196 293
192 197 294
193 197 294
194 197 294
192 195 295
193 195 295
194 195 295
192 196 296
193 196 296
194 196 296
192 197 297
193 197 297
194 197 297
192 195 298
193 195 298
194 195 298
192 196 299
193 196 299
194 196 299
192 197 300
193 197 300
194 197 300
192 195 301
193 195 301
194 195 301
192 196 302
193 196 302
194 196 302
192 197 303
193 197 303
194 197 303
192 195 304
193 195 304
194 195 304
192 196 305
193 196 305
194 196 305
192 197 306
193 197 306
194 197 306
192 195 307
193 195 307
194 195 307
192 196 308
193 196 308
194 196 308
192 197 309
193 197 309
194 197 309
192 195 310
193 195 310
194 195 310
192 196 311
193 196 311
194 196 311
192 197 312
193 197 312
194 197 312
192 195 313
193 195 313
194 195 313
192 196 314
193 196 314
194 196 314
192 197 315
193 197 315
194 197 315
192 195 316
193 195 316
194 195 316
192 196 317
193 196 317
194 196 317
192 197 318
193 197 318
194 197 318
192 195 319
193 195 319
194 195 319
192 196 320
193 196 320
194 196 320
192 197 321
193 197 321
194 197 321
192 195 322
193 195 322
194 195 322
192 196 323
193 196 323
194 196 323
192 197 324
193 197 324
194 197 324
192 195 325
193 195 325
194 195 325
192 196 326
193 196 326
194 196 326
192 197 327
193 197 327
194 197 327
