217 135 1
217 135 2
217 135 3
217 135 4
217 135 5
217 135 6
217 135 7
217 135 8
217 135 9
217 135 10
217 135 11
217 135 12
217 135 13
217 135 14
217 135 15
217 135 16
217 135 17
217 135 18
217 135 19
217 135 20
217 135 21
217 135 22
217 135 23
217 135 24
217 135 25
217 135 26
217 135 27
217 135 28
217 135 29
217 135 30
217 135 31
217 135 32
217 135 33
217 135 34
217 135 35
217 135 36
217 135 37
217 135 38
217 135 39
217 135 40
217 135 41
217 135 42
217 135 43
217 135 44
217 135 45
217 135 46
217 135 47
217 135 48
217 135 49
217 135 50
217 135 51
217 135 52
217 135 53
217 135 54
217 135 55
217 135 56
217 135 57
217 135 58
217 135 59
217 135 60
217 135 61
217 135 62
217 135 63
217 135 64
217 135 65
217 135 66
217 135 67
217 135 68
217 135 69
217 135 70
217 135 71
217 135 72
217 135 73
217 135 74
217 135 75
217 135 76
217 135 77
217 135 78
217 135 79
217 135 80
217 135 81
217 135 82
217 135 83
217 135 84
217 135 85
217 135 86
217 135 87
217 135 88
217 135 89
217 135 90
217 135 91
217 135 92
217 135 93
217 135 94
217 135 95
217 135 96
217 135 97
217 135 98
217 135 99
217 135 100
217 135 101
217 135 102
217 135 103
217 135 104
217 135 105
217 135 106
217 135 107
217 135 108
217 135 109
217 135 110
217 135 111
217 135 112
217 135 113
217 135 114
217 135 115
217 135 116
217 135 117
217 135 118
217 135 119
217 135 120
217 135 121
217 135 122
217 135 123
217 135 124
217 135 125
217 135 126
217 135 127
217 135 128
217 135 129
217 135 130
217 135 131
217 135 132
217 135 133
217 135 134
217 135 135
217 135 136
217 135 137
217 135 138
217 135 139
217 135 140
217 135 141
217 135 142
217 135 143
217 135 144
217 135 145
217 135 146
217 135 147
217 135 148
217 135 149
217 135 150
217 135 151
217 135 152
217 135 153
217 135 154
217 135 155
217 135 156
217 135 157
217 135 158
217 135 159
217 135 160
217 135 161
217 135 162
217 135 163
217 135 164
217 135 165
217 135 166
217 135 167
217 135 168
217 135 169
217 135 170
217 135 171
217 135 172
217 135 173
217 135 174
217 135 175
217 135 176
217 135 177
217 135 178
217 135 179
217 135 180
217 135 181
217 135 182
217 135 183
217 135 184
217 135 185
217 135 186
217 135 187
217 135 188
217 135 189
217 135 190
217 135 191
217 135 192
217 135 193
217 135 194
217 135 195
217 135 196
217 135 197
217 135 198
217 135 199
217 135 200
217 135 201
217 135 202
217 135 203
217 135 204
217 135 205
217 135 206
217 135 207
217 135 208
217 135 209
217 135 210
217 135 211
217 135 212
217 135 213
217 135 214
217 135 215
217 135 216
217 135 217
217 135 218
217 135 219
217 135 220
217 135 221
217 135 222
217 135 223
217 135 224
217 135 225
217 135 226
217 135 227
217 135 228
217 135 229
217 135 230
217 135 231
217 135 232
217 135 233
217 135 234
217 135 235
217 135 236
217 135 237
217 135 238
217 135 239
217 135 240
217 135 241
217 135 242
217 135 243
217 135 244
217 135 245
