160 163 1
161 163 1
162 163 1
160 164 2
161 164 2
162 164 2
160 165 3
161 165 3
162 165 3
160 163 4
161 163 4
162 163 4
160 164 5
161 164 5
162 164 5
160 165 6
161 165 6
162 165 6
160 163 7
161 163 7
162 163 7
160 164 8
161 164 8
162 164 8
160 165 9
161 165 9
162 165 9
160 163 10
161 163 10
162 163 10
160 164 11
161 164 11
162 164 11
160 165 12
161 165 12
162 165 12
160 163 13
161 163 13
162 163 13
160 164 14
161 164 14
162 164 14
160 165 15
161 165 15
162 165 15
160 163 16
161 163 16
162 163 16
160 164 17
161 164 17
162 164 17
160 165 18
161 165 18
162 165 18
160 163 19
161 163 19
162 163 19
160 164 20
161 164 20
162 164 20
160 165 21
161 165 21
162 165 21
160 163 22
161 163 22
162 163 22
160 164 23
161 164 23
162 164 23
160 165 24
161 165 24
162 165 24
160 163 25
161 163 25
162 163 25
160 164 26
161 164 26
162 164 26
160 165 27
161 165 27
162 165 27
160 163 28
161 163 28
162 163 28
160 164 29
161 164 29
162 164 29
160 165 30
161 165 30
162 165 30
160 163 31
161 163 31
162 163 31
160 164 32
161 164 32
162 164 32
160 165 33
161 165 33
162 165 33
160 163 34
161 163 34
162 163 34
160 164 35
161 164 35
162 164 35
160 165 36
161 165 36
162 165 36
160 163 37
161 163 37
162 163 37
160 164 38
161 164 38
162 164 38
160 165 39
161 165 39
162 165 39
160 163 40
161 163 40
162 163 40
160 164 41
161 164 41
162 164 41
160 165 42
161 165 42
162 165 42
160 163 43
161 163 43
162 163 43
160 164 44
161 164 44
162 164 44
160 165 45
161 165 45
162 165 45
160 163 46
161 163 46
162 163 46
160 164 47
161 164 47
162 164 47
160 165 48
161 165 48
162 165 48
160 163 49
161 163 49
162 163 49
160 164 50
161 164 50
162 164 50
160 165 51
161 165 51
162 165 51
160 163 52
161 163 52
162 163 52
160 164 53
161 164 53
162 164 53
160 165 54
161 165 54
162 165 54
160 163 55
161 163 55
162 163 55
160 164 56
161 164 56
162 164 56
160 165 57
161 165 57
162 165 57
160 163 58
161 163 58
162 163 58
160 164 59
161 164 59
162 164 59
160 165 60
161 165 60
162 165 60
160 163 61
161 163 61
162 163 61
160 164 62
161 164 62
162 164 62
160 165 63
161 165 63
162 165 63
160 163 64
161 163 64
162 163 64
160 164 65
161 164 65
162 164 65
160 165 66
161 165 66
162 165 66
160 163 67
161 163 67
162 163 67
160 164 68
161 164 68
162 164 68
160 165 69
161 165 69
162 165 69
160 163 70
161 163 70
162 163 70
160 164 71
161 164 71
162 164 71
160 165 72
161 165 72
162 165 72
160 163 73
161 163 73
162 163 73
160 164 74
161 164 74
162 164 74
160 165 75
161 165 75
162 165 75
160 163 76
161 163 76
162 163 76
160 164 77
161 164 77
162 164 77
160 165 78
161 165 78
162 165 78
160 163 79
161 163 79
162 163 79
160 164 80
161 164 80
162 164 80
160 165 81
161 165 81
162 165 81
160 163 82
161 163 82
162 163 82
160 164 83
161 164 83
162 164 83
160 165 84
161 165 84
162 165 84
160 163 85
161 163 85
162 163 85
160 164 86
161 164 86
162 164 86
160 165 87
161 165 87
162 165 87
160 163 88
161 163 88
162 163 88
160 164 89
161 164 89
162 164 89
160 165 90
161 165 90
162 165 90
160 163 91
161 163 91
162 163 91
160 164 92
161 164 92
162 164 92
160 165 93
161 165 93
162 165 93
160 163 94
161 163 94
162 163 94
160 164 95
161 164 95
162 164 95
160 165 96
161 165 96
162 165 96
160 163 97
161 163 97
162 163 97
160 164 98
161 164 98
162 164 98
160 165 99
161 165 99
162 165 99
160 163 100
161 163 100
162 163 100
160 164 101
161 164 101
162 164 101
160 165 102
161 165 102
162 165 102
160 163 103
161 163 103
162 163 103
160 164 104
161 164 104
162 164 104
160 165 105
161 165 105
162 165 105
160 163 106
161 163 106
162 163 106
160 164 107
161 164 107
162 164 107
160 165 108
161 165 108
162 165 108
160 163 109
161 163 109
162 163 109
160 164 110
161 164 110
162 164 110
160 165 111
161 165 111
162 165 111
160 163 112
161 163 112
162 163 112
160 164 113
161 164 113
162 164 113
160 165 114
161 165 114
162 165 114
160 163 115
161 163 115
162 163 115
160 164 116
161 164 116
162 164 116
160 165 117
161 165 117
162 165 117
160 163 118
161 163 118
162 163 118
160 164 119
161 164 119
162 164 119
160 165 120
161 165 120
162 165 120
160 163 121
161 163 121
162 163 121
160 164 122
161 164 122
162 164 122
160 165 123
161 165 123
162 165 123
160 163 124
161 163 124
162 163 124
160 164 125
161 164 125
162 164 125
160 165 126
161 165 126
162 165 126
160 163 127
161 163 127
162 163 127
160 164 128
161 164 128
162 164 128
160 165 129
161 165 129
162 165 129
160 163 130
161 163 130
162 163 130
160 164 131
161 164 131
162 164 131
160 165 132
161 165 132
162 165 132
160 163 133
161 163 133
162 163 133
160 164 134
161 164 134
162 164 134
160 165 135
161 165 135
162 165 135
160 163 136
161 163 136
162 163 136
160 164 137
161 164 137
162 164 137
160 165 138
161 165 138
162 165 138
160 163 139
161 163 139
162 163 139
160 164 140
161 164 140
162 164 140
160 165 141
161 165 141
162 165 141
160 163 142
161 163 142
162 163 142
160 164 143
161 164 143
162 164 143
160 165 144
161 165 144
162 165 144
160 163 145
161 163 145
162 163 145
160 164 146
161 164 146
162 164 146
160 165 147
161 165 147
162 165 147
160 163 148
161 163 148
162 163 148
160 164 149
161 164 149
162 164 149
160 165 150
161 165 150
162 165 150
160 163 151
161 163 151
162 163 151
160 164 152
161 164 152
162 164 152
160 165 153
161 165 153
162 165 153
160 163 154
161 163 154
162 163 154
160 164 155
161 164 155
162 164 155
160 165 156
161 165 156
162 165 156
160 163 157
161 163 157
162 163 157
160 164 158
161 164 158
162 164 158
160 165 159
161 165 159
162 165 159
160 163 160
161 163 160
162 163 160
160 164 161
161 164 161
162 164 161
160 165 162
161 165 162
162 165 162
160 163 163
161 163 163
162 163 163
160 164 164
161 164 164
162 164 164
160 165 165
161 165 165
162 165 165
160 163 166
161 163 166
162 163 166
160 164 167
161 164 167
162 164 167
160 165 168
161 165 168
162 165 168
160 163 169
161 163 169
162 163 169
160 164 170
161 164 170
162 164 170
160 165 171
161 165 171
162 165 171
160 163 172
161 163 172
162 163 172
160 164 173
161 164 173
162 164 173
160 165 174
161 165 174
162 165 174
160 163 175
161 163 175
162 163 175
160 164 176
161 164 176
162 164 176
160 165 177
161 165 177
162 165 177
160 163 178
161 163 178
162 163 178
160 164 179
161 164 179
162 164 179
160 165 180
161 165 180
162 165 180
160 163 181
161 163 181
162 163 181
160 164 182
161 164 182
162 164 182
160 165 183
161 165 183
162 165 183
160 163 184
161 163 184
162 163 184
160 164 185
161 164 185
162 164 185
160 165 186
161 165 186
162 165 186
160 163 187
161 163 187
162 163 187
160 164 188
161 164 188
162 164 188
160 165 189
161 165 189
162 165 189
160 163 190
161 163 190
162 163 190
160 164 191
161 164 191
162 164 191
160 165 192
161 165 192
162 165 192
160 163 193
161 163 193
162 163 193
160 164 194
161 164 194
162 164 194
160 165 195
161 165 195
162 165 195
160 163 196
161 163 196
162 163 196
160 164 197
161 164 197
162 164 197
160 165 198
161 165 198
162 165 198
160 163 199
161 163 199
162 163 199
160 164 200
161 164 200
162 164 200
160 165 201
161 165 201
162 165 201
160 163 202
161 163 202
162 163 202
160 164 203
161 164 203
162 164 203
160 165 204
161 165 204
162 165 204
160 163 205
161 163 205
162 163 205
160 164 206
161 164 206
162 164 206
160 165 207
161 165 207
162 165 207
160 163 208
161 163 208
162 163 208
160 164 209
161 164 209
162 164 209
160 165 210
161 165 210
162 165 210
160 163 211
161 163 211
162 163 211
160 164 212
161 164 212
162 164 212
160 165 213
161 165 213
162 165 213
160 163 214
161 163 214
162 163 214
160 164 215
161 164 215
162 164 215
160 165 216
161 165 216
162 165 216
160 163 217
161 163 217
162 163 217
160 164 218
161 164 218
162 164 218
160 165 219
161 165 219
162 165 219
160 163 220
161 163 220
162 163 220
160 164 221
161 164 221
162 164 221
160 165 222
161 165 222
162 165 222
160 163 223
161 163 223
162 163 223
160 164 224
161 164 224
162 164 224
160 165 225
161 165 225
162 165 225
160 163 226
161 163 226
162 163 226
160 164 227
161 164 227
162 164 227
160 165 228
161 165 228
162 165 228
160 163 229
161 163 229
162 163 229
160 164 230
161 164 230
162 164 230
160 165 231
161 165 231
162 165 231
160 163 232
161 163 232
162 163 232
160 164 233
161 164 233
162 164 233
160 165 234
161 165 234
162 165 234
160 163 235
161 163 235
162 163 235
160 164 236
161 164 236
162 164 236
160 165 237
161 165 237
162 165 237
160 163 238
161 163 238
162 163 238
160 164 239
161 164 239
162 164 239
160 165 240
161 165 240
162 165 240
160 163 241
161 163 241
162 163 241
160 164 242
161 164 242
162 164 242
160 165 243
161 165 243
162 165 243
160 163 244
161 163 244
162 163 244
160 164 245
161 164 245
162 164 245
160 165 246
161 165 246
162 165 246
160 163 247
161 163 247
162 163 247
160 164 248
161 164 248
162 164 248
160 165 249
161 165 249
162 165 249
160 163 250
161 163 250
162 163 250
160 164 251
161 164 251
162 164 251
160 165 252
161 165 252
162 165 252
160 163 253
161 163 253
162 163 253
160 164 254
161 164 254
162 164 254
160 165 255
161 165 255
162 165 255
160 163 256
161 163 256
162 163 256
160 164 257
161 164 257
162 164 257
160 165 258
161 165 258
162 165 258
160 163 259
161 163 259
162 163 259
160 164 260
161 164 260
162 164 260
160 165 261
161 165 261
162 165 261
160 163 262
161 163 262
162 163 262
160 164 263
161 164 263
162 164 263
160 165 264
161 165 264
162 165 264
160 163 265
161 163 265
162 163 265
160 164 266
161 164 266
162 164 266
160 165 267
161 165 267
162 165 267
160 163 268
161 163 268
162 163 268
160 164 269
161 164 269
162 164 269
160 165 270
161 165 270
162 165 270
160 163 271
161 163 271
162 163 271
160 164 272
161 164 272
162 164 272
160 165 273
161 165 273
162 165 273
160 163 274
161 163 274
162 163 274
160 164 275
161 164 275
162 164 275
160 165 276
161 165 276
162 165 276
160 163 277
161 163 277
162 163 277
160 164 278
161 164 278
162 164 278
160 165 279
161 165 279
162 165 279
160 163 280
161 163 280
162 163 280
160 164 281
161 164 281
162 164 281
160 165 282
161 165 282
162 165 282
160 163 283
161 163 283
162 163 283
160 164 284
161 164 284
162 164 284
160 165 285
161 165 285
162 165 285
160 163 286
161 163 286
162 163 286
160 164 287
161 164 287
162 164 287
160 165 288
161 165 288
162 165 288
160 163 289
161 163 289
162 163 289
160 164 290
161 164 290
162 164 290
160 165 291
161 165 291
162 165 291
160 163 292
161 163 292
162 163 292
160 164 293
161 164 293
162 164 293
160 165 294
161 165 294
162 165 294
160 163 295
161 163 295
162 163 295
160 164 296
161 164 296
162 164 296
160 165 297
161 165 297
162 165 297
160 163 298
161 163 298
162 163 298
160 164 299
161 164 299
162 164 299
160 165 300
161 165 300
162 165 300
160 163 301
161 163 301
162 163 301
160 164 302
161 164 302
162 164 302
160 165 303
161 165 303
162 165 303
160 163 304
161 163 304
162 163 304
160 164 305
161 164 305
162 164 305
160 165 306
161 165 306
162 165 306
160 163 307
161 163 307
162 163 307
160 164 308
161 164 308
162 164 308
160 165 309
161 165 309
162 165 309
160 163 310
161 163 310
162 163 310
160 164 311
161 164 311
162 164 311
160 165 312
161 165 312
162 165 312
160 163 313
161 163 313
162 163 313
160 164 314
161 164 314
162 164 314
160 165 315
161 165 315
162 165 315
160 163 316
161 163 316
162 163 316
160 164 317
161 164 317
162 164 317
160 165 318
161 165 318
162 165 318
160 163 319
161 163 319
162 163 319
160 164 320
161 164 320
162 164 320
160 165 321
161 165 321
162 165 321
160 163 322
161 163 322
162 163 322
160 164 323
161 164 323
162 164 323
160 165 324
161 165 324
162 165 324
160 163 325
161 163 325
162 163 325
160 164 326
161 164 326
162 164 326
160 165 327
161 165 327
162 165 327
