216 228 1
216 228 2
216 228 3
216 228 4
216 228 5
216 228 6
216 228 7
216 228 8
216 228 9
216 228 10
216 228 11
216 228 12
216 228 13
216 228 14
216 228 15
216 228 16
216 228 17
216 228 18
216 228 19
216 228 20
216 228 21
216 228 22
216 228 23
216 228 24
216 228 25
216 228 26
216 228 27
216 228 28
216 228 29
216 228 30
216 228 31
216 228 32
216 228 33
216 228 34
216 228 35
216 228 36
216 228 37
216 228 38
216 228 39
216 228 40
216 228 41
216 228 42
216 228 43
216 228 44
216 228 45
216 228 46
216 228 47
216 228 48
216 228 49
216 228 50
216 228 51
216 228 52
216 228 53
216 228 54
216 228 55
216 228 56
216 228 57
216 228 58
216 228 59
216 228 60
216 228 61
216 228 62
216 228 63
216 228 64
216 228 65
216 228 66
216 228 67
216 228 68
216 228 69
216 228 70
216 228 71
216 228 72
216 228 73
216 228 74
216 228 75
216 228 76
216 228 77
216 228 78
216 228 79
216 228 80
216 228 81
216 228 82
216 228 83
216 228 84
216 228 85
216 228 86
216 228 87
216 228 88
216 228 89
216 228 90
216 228 91
216 228 92
216 228 93
216 228 94
216 228 95
216 228 96
216 228 97
216 228 98
216 228 99
216 228 100
216 228 101
216 228 102
216 228 103
216 228 104
216 228 105
216 228 106
216 228 107
216 228 108
216 228 109
216 228 110
216 228 111
216 228 112
216 228 113
216 228 114
216 228 115
216 228 116
216 228 117
216 228 118
216 228 119
216 228 120
216 228 121
216 228 122
216 228 123
216 228 124
216 228 125
216 228 126
216 228 127
216 228 128
216 228 129
216 228 130
216 228 131
216 228 132
216 228 133
216 228 134
216 228 135
216 228 136
216 228 137
216 228 138
216 228 139
216 228 140
216 228 141
216 228 142
216 228 143
216 228 144
216 228 145
216 228 146
216 228 147
216 228 148
216 228 149
216 228 150
216 228 151
216 228 152
216 228 153
216 228 154
216 228 155
216 228 156
216 228 157
216 228 158
216 228 159
216 228 160
216 228 161
216 228 162
216 228 163
216 228 164
216 228 165
216 228 166
216 228 167
216 228 168
216 228 169
216 228 170
216 228 171
216 228 172
216 228 173
216 228 174
216 228 175
216 228 176
216 228 177
216 228 178
216 228 179
216 228 180
216 228 181
216 228 182
216 228 183
216 228 184
216 228 185
216 228 186
216 228 187
216 228 188
216 228 189
216 228 190
216 228 191
216 228 192
216 228 193
216 228 194
216 228 195
216 228 196
216 228 197
216 228 198
216 228 199
216 228 200
216 228 201
216 228 202
216 228 203
216 228 204
216 228 205
216 228 206
216 228 207
216 228 208
216 228 209
216 228 210
216 228 211
216 228 212
216 228 213
216 228 214
216 228 215
216 228 216
216 228 217
216 228 218
216 228 219
216 228 220
216 228 221
216 228 222
216 228 223
216 228 224
216 228 225
216 228 226
216 228 227
216 228 228
216 228 229
216 228 230
216 228 231
216 228 232
216 228 233
216 228 234
216 228 235
216 228 236
216 228 237
216 228 238
216 228 239
216 228 240
216 228 241
216 228 242
216 228 243
216 228 244
216 228 245
