228 14 1
228 15 2
228 16 3
228 14 4
228 15 5
228 16 6
228 14 7
228 15 8
228 16 9
228 14 10
228 15 11
228 16 12
228 14 13
228 15 14
228 16 15
228 14 16
228 15 17
228 16 18
228 14 19
228 15 20
228 16 21
228 14 22
228 15 23
228 16 24
228 14 25
228 15 26
228 16 27
228 14 28
228 15 29
228 16 30
228 14 31
228 15 32
228 16 33
228 14 34
228 15 35
228 16 36
228 14 37
228 15 38
228 16 39
228 14 40
228 15 41
228 16 42
228 14 43
228 15 44
228 16 45
228 14 46
228 15 47
228 16 48
228 14 49
228 15 50
228 16 51
228 14 52
228 15 53
228 16 54
228 14 55
228 15 56
228 16 57
228 14 58
228 15 59
228 16 60
228 14 61
228 15 62
228 16 63
228 14 64
228 15 65
228 16 66
228 14 67
228 15 68
228 16 69
228 14 70
228 15 71
228 16 72
228 14 73
228 15 74
228 16 75
228 14 76
228 15 77
228 16 78
228 14 79
228 15 80
228 16 81
228 14 82
228 15 83
228 16 84
228 14 85
228 15 86
228 16 87
228 14 88
228 15 89
228 16 90
228 14 91
228 15 92
228 16 93
228 14 94
228 15 95
228 16 96
228 14 97
228 15 98
228 16 99
228 14 100
228 15 101
228 16 102
228 14 103
228 15 104
228 16 105
228 14 106
228 15 107
228 16 108
228 14 109
228 15 110
228 16 111
228 14 112
228 15 113
228 16 114
228 14 115
228 15 116
228 16 117
228 14 118
228 15 119
228 16 120
228 14 121
228 15 122
228 16 123
228 14 124
228 15 125
228 16 126
228 14 127
228 15 128
228 16 129
228 14 130
228 15 131
228 16 132
228 14 133
228 15 134
228 16 135
228 14 136
228 15 137
228 16 138
228 14 139
228 15 140
228 16 141
228 14 142
228 15 143
228 16 144
228 14 145
228 15 146
228 16 147
228 14 148
228 15 149
228 16 150
228 14 151
228 15 152
228 16 153
228 14 154
228 15 155
228 16 156
228 14 157
228 15 158
228 16 159
228 14 160
228 15 161
228 16 162
228 14 163
228 15 164
228 16 165
228 14 166
228 15 167
228 16 168
228 14 169
228 15 170
228 16 171
228 14 172
228 15 173
228 16 174
228 14 175
228 15 176
228 16 177
228 14 178
228 15 179
228 16 180
228 14 181
228 15 182
228 16 183
228 14 184
228 15 185
228 16 186
228 14 187
228 15 188
228 16 189
228 14 190
228 15 191
228 16 192
228 14 193
228 15 194
228 16 195
228 14 196
228 15 197
228 16 198
228 14 199
228 15 200
228 16 201
228 14 202
228 15 203
228 16 204
228 14 205
228 15 206
228 16 207
228 14 208
228 15 209
228 16 210
228 14 211
228 15 212
228 16 213
228 14 214
228 15 215
228 16 216
228 14 217
228 15 218
228 16 219
228 14 220
228 15 221
228 16 222
228 14 223
228 15 224
228 16 225
228 14 226
228 15 227
228 16 228
228 14 229
228 15 230
228 16 231
228 14 232
228 15 233
228 16 234
228 14 235
228 15 236
228 16 237
228 14 238
228 15 239
228 16 240
228 14 241
228 15 242
228 16 243
