103 228 1
103 228 2
103 228 3
103 228 4
103 228 5
103 228 6
103 228 7
103 228 8
103 228 9
103 228 10
103 228 11
103 228 12
103 228 13
103 228 14
103 228 15
103 228 16
103 228 17
103 228 18
103 228 19
103 228 20
103 228 21
103 228 22
103 228 23
103 228 24
103 228 25
103 228 26
103 228 27
103 228 28
103 228 29
103 228 30
103 228 31
103 228 32
103 228 33
103 228 34
103 228 35
103 228 36
103 228 37
103 228 38
103 228 39
103 228 40
103 228 41
103 228 42
103 228 43
103 228 44
103 228 45
103 228 46
103 228 47
103 228 48
103 228 49
103 228 50
103 228 51
103 228 52
103 228 53
103 228 54
103 228 55
103 228 56
103 228 57
103 228 58
103 228 59
103 228 60
103 228 61
103 228 62
103 228 63
103 228 64
103 228 65
103 228 66
103 228 67
103 228 68
103 228 69
103 228 70
103 228 71
103 228 72
103 228 73
103 228 74
103 228 75
103 228 76
103 228 77
103 228 78
103 228 79
103 228 80
103 228 81
103 228 82
103 228 83
103 228 84
103 228 85
103 228 86
103 228 87
103 228 88
103 228 89
103 228 90
103 228 91
103 228 92
103 228 93
103 228 94
103 228 95
103 228 96
103 228 97
103 228 98
103 228 99
103 228 100
103 228 101
103 228 102
103 228 103
103 228 104
103 228 105
103 228 106
103 228 107
103 228 108
103 228 109
103 228 110
103 228 111
103 228 112
103 228 113
103 228 114
103 228 115
103 228 116
103 228 117
103 228 118
103 228 119
103 228 120
103 228 121
103 228 122
103 228 123
103 228 124
103 228 125
103 228 126
103 228 127
103 228 128
103 228 129
103 228 130
103 228 131
103 228 132
103 228 133
103 228 134
103 228 135
103 228 136
103 228 137
103 228 138
103 228 139
103 228 140
103 228 141
103 228 142
103 228 143
103 228 144
103 228 145
103 228 146
103 228 147
103 228 148
103 228 149
103 228 150
103 228 151
103 228 152
103 228 153
103 228 154
103 228 155
103 228 156
103 228 157
103 228 158
103 228 159
103 228 160
103 228 161
103 228 162
103 228 163
103 228 164
103 228 165
103 228 166
103 228 167
103 228 168
103 228 169
103 228 170
103 228 171
103 228 172
103 228 173
103 228 174
103 228 175
103 228 176
103 228 177
103 228 178
103 228 179
103 228 180
103 228 181
103 228 182
103 228 183
103 228 184
103 228 185
103 228 186
103 228 187
103 228 188
103 228 189
103 228 190
103 228 191
103 228 192
103 228 193
103 228 194
103 228 195
103 228 196
103 228 197
103 228 198
103 228 199
103 228 200
103 228 201
103 228 202
103 228 203
103 228 204
103 228 205
103 228 206
103 228 207
103 228 208
103 228 209
103 228 210
103 228 211
103 228 212
103 228 213
103 228 214
103 228 215
103 228 216
103 228 217
103 228 218
103 228 219
103 228 220
103 228 221
103 228 222
103 228 223
103 228 224
103 228 225
103 228 226
103 228 227
103 228 228
103 228 229
103 228 230
103 228 231
103 228 232
103 228 233
103 228 234
103 228 235
103 228 236
103 228 237
103 228 238
103 228 239
103 228 240
103 228 241
103 228 242
103 228 243
103 228 244
103 228 245
