7 228 1
8 228 1
9 228 1
7 228 2
8 228 2
9 228 2
7 228 3
8 228 3
9 228 3
7 228 4
8 228 4
9 228 4
7 228 5
8 228 5
9 228 5
7 228 6
8 228 6
9 228 6
7 228 7
8 228 7
9 228 7
7 228 8
8 228 8
9 228 8
7 228 9
8 228 9
9 228 9
7 228 10
8 228 10
9 228 10
7 228 11
8 228 11
9 228 11
7 228 12
8 228 12
9 228 12
7 228 13
8 228 13
9 228 13
7 228 14
8 228 14
9 228 14
7 228 15
8 228 15
9 228 15
7 228 16
8 228 16
9 228 16
7 228 17
8 228 17
9 228 17
7 228 18
8 228 18
9 228 18
7 228 19
8 228 19
9 228 19
7 228 20
8 228 20
9 228 20
7 228 21
8 228 21
9 228 21
7 228 22
8 228 22
9 228 22
7 228 23
8 228 23
9 228 23
7 228 24
8 228 24
9 228 24
7 228 25
8 228 25
9 228 25
7 228 26
8 228 26
9 228 26
7 228 27
8 228 27
9 228 27
7 228 28
8 228 28
9 228 28
7 228 29
8 228 29
9 228 29
7 228 30
8 228 30
9 228 30
7 228 31
8 228 31
9 228 31
7 228 32
8 228 32
9 228 32
7 228 33
8 228 33
9 228 33
7 228 34
8 228 34
9 228 34
7 228 35
8 228 35
9 228 35
7 228 36
8 228 36
9 228 36
7 228 37
8 228 37
9 228 37
7 228 38
8 228 38
9 228 38
7 228 39
8 228 39
9 228 39
7 228 40
8 228 40
9 228 40
7 228 41
8 228 41
9 228 41
7 228 42
8 228 42
9 228 42
7 228 43
8 228 43
9 228 43
7 228 44
8 228 44
9 228 44
7 228 45
8 228 45
9 228 45
7 228 46
8 228 46
9 228 46
7 228 47
8 228 47
9 228 47
7 228 48
8 228 48
9 228 48
7 228 49
8 228 49
9 228 49
7 228 50
8 228 50
9 228 50
7 228 51
8 228 51
9 228 51
7 228 52
8 228 52
9 228 52
7 228 53
8 228 53
9 228 53
7 228 54
8 228 54
9 228 54
7 228 55
8 228 55
9 228 55
7 228 56
8 228 56
9 228 56
7 228 57
8 228 57
9 228 57
7 228 58
8 228 58
9 228 58
7 228 59
8 228 59
9 228 59
7 228 60
8 228 60
9 228 60
7 228 61
8 228 61
9 228 61
7 228 62
8 228 62
9 228 62
7 228 63
8 228 63
9 228 63
7 228 64
8 228 64
9 228 64
7 228 65
8 228 65
9 228 65
7 228 66
8 228 66
9 228 66
7 228 67
8 228 67
9 228 67
7 228 68
8 228 68
9 228 68
7 228 69
8 228 69
9 228 69
7 228 70
8 228 70
9 228 70
7 228 71
8 228 71
9 228 71
7 228 72
8 228 72
9 228 72
7 228 73
8 228 73
9 228 73
7 228 74
8 228 74
9 228 74
7 228 75
8 228 75
9 228 75
7 228 76
8 228 76
9 228 76
7 228 77
8 228 77
9 228 77
7 228 78
8 228 78
9 228 78
7 228 79
8 228 79
9 228 79
7 228 80
8 228 80
9 228 80
7 228 81
8 228 81
9 228 81
