228 90 1
228 90 2
228 90 3
228 90 4
228 90 5
228 90 6
228 90 7
228 90 8
228 90 9
228 90 10
228 90 11
228 90 12
228 90 13
228 90 14
228 90 15
228 90 16
228 90 17
228 90 18
228 90 19
228 90 20
228 90 21
228 90 22
228 90 23
228 90 24
228 90 25
228 90 26
228 90 27
228 90 28
228 90 29
228 90 30
228 90 31
228 90 32
228 90 33
228 90 34
228 90 35
228 90 36
228 90 37
228 90 38
228 90 39
228 90 40
228 90 41
228 90 42
228 90 43
228 90 44
228 90 45
228 90 46
228 90 47
228 90 48
228 90 49
228 90 50
228 90 51
228 90 52
228 90 53
228 90 54
228 90 55
228 90 56
228 90 57
228 90 58
228 90 59
228 90 60
228 90 61
228 90 62
228 90 63
228 90 64
228 90 65
228 90 66
228 90 67
228 90 68
228 90 69
228 90 70
228 90 71
228 90 72
228 90 73
228 90 74
228 90 75
228 90 76
228 90 77
228 90 78
228 90 79
228 90 80
228 90 81
228 90 82
228 90 83
228 90 84
228 90 85
228 90 86
228 90 87
228 90 88
228 90 89
228 90 90
228 90 91
228 90 92
228 90 93
228 90 94
228 90 95
228 90 96
228 90 97
228 90 98
228 90 99
228 90 100
228 90 101
228 90 102
228 90 103
228 90 104
228 90 105
228 90 106
228 90 107
228 90 108
228 90 109
228 90 110
228 90 111
228 90 112
228 90 113
228 90 114
228 90 115
228 90 116
228 90 117
228 90 118
228 90 119
228 90 120
228 90 121
228 90 122
228 90 123
228 90 124
228 90 125
228 90 126
228 90 127
228 90 128
228 90 129
228 90 130
228 90 131
228 90 132
228 90 133
228 90 134
228 90 135
228 90 136
228 90 137
228 90 138
228 90 139
228 90 140
228 90 141
228 90 142
228 90 143
228 90 144
228 90 145
228 90 146
228 90 147
228 90 148
228 90 149
228 90 150
228 90 151
228 90 152
228 90 153
228 90 154
228 90 155
228 90 156
228 90 157
228 90 158
228 90 159
228 90 160
228 90 161
228 90 162
228 90 163
228 90 164
228 90 165
228 90 166
228 90 167
228 90 168
228 90 169
228 90 170
228 90 171
228 90 172
228 90 173
228 90 174
228 90 175
228 90 176
228 90 177
228 90 178
228 90 179
228 90 180
228 90 181
228 90 182
228 90 183
228 90 184
228 90 185
228 90 186
228 90 187
228 90 188
228 90 189
228 90 190
228 90 191
228 90 192
228 90 193
228 90 194
228 90 195
228 90 196
228 90 197
228 90 198
228 90 199
228 90 200
228 90 201
228 90 202
228 90 203
228 90 204
228 90 205
228 90 206
228 90 207
228 90 208
228 90 209
228 90 210
228 90 211
228 90 212
228 90 213
228 90 214
228 90 215
228 90 216
228 90 217
228 90 218
228 90 219
228 90 220
228 90 221
228 90 222
228 90 223
228 90 224
228 90 225
228 90 226
228 90 227
228 90 228
228 90 229
228 90 230
228 90 231
228 90 232
228 90 233
228 90 234
228 90 235
228 90 236
228 90 237
228 90 238
228 90 239
228 90 240
228 90 241
228 90 242
228 90 243
228 90 244
228 90 245
