199 225 1
199 225 2
199 225 3
199 225 4
199 225 5
199 225 6
199 225 7
199 225 8
199 225 9
199 225 10
199 225 11
199 225 12
199 225 13
199 225 14
199 225 15
199 225 16
199 225 17
199 225 18
199 225 19
199 225 20
199 225 21
199 225 22
199 225 23
199 225 24
199 225 25
199 225 26
199 225 27
199 225 28
199 225 29
199 225 30
199 225 31
199 225 32
199 225 33
199 225 34
199 225 35
199 225 36
199 225 37
199 225 38
199 225 39
199 225 40
199 225 41
199 225 42
199 225 43
199 225 44
199 225 45
199 225 46
199 225 47
199 225 48
199 225 49
199 225 50
199 225 51
199 225 52
199 225 53
199 225 54
199 225 55
199 225 56
199 225 57
199 225 58
199 225 59
199 225 60
199 225 61
199 225 62
199 225 63
199 225 64
199 225 65
199 225 66
199 225 67
199 225 68
199 225 69
199 225 70
199 225 71
199 225 72
199 225 73
199 225 74
199 225 75
199 225 76
199 225 77
199 225 78
199 225 79
199 225 80
199 225 81
199 225 82
199 225 83
199 225 84
199 225 85
199 225 86
199 225 87
199 225 88
199 225 89
199 225 90
199 225 91
199 225 92
199 225 93
199 225 94
199 225 95
199 225 96
199 225 97
199 225 98
199 225 99
199 225 100
199 225 101
199 225 102
199 225 103
199 225 104
199 225 105
199 225 106
199 225 107
199 225 108
199 225 109
199 225 110
199 225 111
199 225 112
199 225 113
199 225 114
199 225 115
199 225 116
199 225 117
199 225 118
199 225 119
199 225 120
199 225 121
199 225 122
199 225 123
199 225 124
199 225 125
199 225 126
199 225 127
199 225 128
199 225 129
199 225 130
199 225 131
199 225 132
199 225 133
199 225 134
199 225 135
199 225 136
199 225 137
199 225 138
199 225 139
199 225 140
199 225 141
199 225 142
199 225 143
199 225 144
199 225 145
199 225 146
199 225 147
199 225 148
199 225 149
199 225 150
199 225 151
199 225 152
199 225 153
199 225 154
199 225 155
199 225 156
199 225 157
199 225 158
199 225 159
199 225 160
199 225 161
199 225 162
199 225 163
199 225 164
199 225 165
199 225 166
199 225 167
199 225 168
199 225 169
199 225 170
199 225 171
199 225 172
199 225 173
199 225 174
199 225 175
199 225 176
199 225 177
199 225 178
199 225 179
199 225 180
199 225 181
199 225 182
199 225 183
199 225 184
199 225 185
199 225 186
199 225 187
199 225 188
199 225 189
199 225 190
199 225 191
199 225 192
199 225 193
199 225 194
199 225 195
199 225 196
199 225 197
199 225 198
199 225 199
199 225 200
199 225 201
199 225 202
199 225 203
199 225 204
199 225 205
199 225 206
199 225 207
199 225 208
199 225 209
199 225 210
199 225 211
199 225 212
199 225 213
199 225 214
199 225 215
199 225 216
199 225 217
199 225 218
199 225 219
199 225 220
199 225 221
199 225 222
199 225 223
199 225 224
199 225 225
199 225 226
199 225 227
199 225 228
199 225 229
199 225 230
199 225 231
199 225 232
199 225 233
199 225 234
199 225 235
199 225 236
199 225 237
199 225 238
199 225 239
199 225 240
199 225 241
199 225 242
199 225 243
199 225 244
199 225 245
