3 228 1
3 228 2
3 228 3
3 228 4
3 228 5
3 228 6
3 228 7
3 228 8
3 228 9
3 228 10
3 228 11
3 228 12
3 228 13
3 228 14
3 228 15
3 228 16
3 228 17
3 228 18
3 228 19
3 228 20
3 228 21
3 228 22
3 228 23
3 228 24
3 228 25
3 228 26
3 228 27
3 228 28
3 228 29
3 228 30
3 228 31
3 228 32
3 228 33
3 228 34
3 228 35
3 228 36
3 228 37
3 228 38
3 228 39
3 228 40
3 228 41
3 228 42
3 228 43
3 228 44
3 228 45
3 228 46
3 228 47
3 228 48
3 228 49
3 228 50
3 228 51
3 228 52
3 228 53
3 228 54
3 228 55
3 228 56
3 228 57
3 228 58
3 228 59
3 228 60
3 228 61
3 228 62
3 228 63
3 228 64
3 228 65
3 228 66
3 228 67
3 228 68
3 228 69
3 228 70
3 228 71
3 228 72
3 228 73
3 228 74
3 228 75
3 228 76
3 228 77
3 228 78
3 228 79
3 228 80
3 228 81
3 228 82
3 228 83
3 228 84
3 228 85
3 228 86
3 228 87
3 228 88
3 228 89
3 228 90
3 228 91
3 228 92
3 228 93
3 228 94
3 228 95
3 228 96
3 228 97
3 228 98
3 228 99
3 228 100
3 228 101
3 228 102
3 228 103
3 228 104
3 228 105
3 228 106
3 228 107
3 228 108
3 228 109
3 228 110
3 228 111
3 228 112
3 228 113
3 228 114
3 228 115
3 228 116
3 228 117
3 228 118
3 228 119
3 228 120
3 228 121
3 228 122
3 228 123
3 228 124
3 228 125
3 228 126
3 228 127
3 228 128
3 228 129
3 228 130
3 228 131
3 228 132
3 228 133
3 228 134
3 228 135
3 228 136
3 228 137
3 228 138
3 228 139
3 228 140
3 228 141
3 228 142
3 228 143
3 228 144
3 228 145
3 228 146
3 228 147
3 228 148
3 228 149
3 228 150
3 228 151
3 228 152
3 228 153
3 228 154
3 228 155
3 228 156
3 228 157
3 228 158
3 228 159
3 228 160
3 228 161
3 228 162
3 228 163
3 228 164
3 228 165
3 228 166
3 228 167
3 228 168
3 228 169
3 228 170
3 228 171
3 228 172
3 228 173
3 228 174
3 228 175
3 228 176
3 228 177
3 228 178
3 228 179
3 228 180
3 228 181
3 228 182
3 228 183
3 228 184
3 228 185
3 228 186
3 228 187
3 228 188
3 228 189
3 228 190
3 228 191
3 228 192
3 228 193
3 228 194
3 228 195
3 228 196
3 228 197
3 228 198
3 228 199
3 228 200
3 228 201
3 228 202
3 228 203
3 228 204
3 228 205
3 228 206
3 228 207
3 228 208
3 228 209
3 228 210
3 228 211
3 228 212
3 228 213
3 228 214
3 228 215
3 228 216
3 228 217
3 228 218
3 228 219
3 228 220
3 228 221
3 228 222
3 228 223
3 228 224
3 228 225
3 228 226
3 228 227
3 228 228
3 228 229
3 228 230
3 228 231
3 228 232
3 228 233
3 228 234
3 228 235
3 228 236
3 228 237
3 228 238
3 228 239
3 228 240
3 228 241
3 228 242
3 228 243
3 228 244
3 228 245
