117 228 1
118 228 1
119 228 1
117 228 2
118 228 2
119 228 2
117 228 3
118 228 3
119 228 3
117 228 4
118 228 4
119 228 4
117 228 5
118 228 5
119 228 5
117 228 6
118 228 6
119 228 6
117 228 7
118 228 7
119 228 7
117 228 8
118 228 8
119 228 8
117 228 9
118 228 9
119 228 9
117 228 10
118 228 10
119 228 10
117 228 11
118 228 11
119 228 11
117 228 12
118 228 12
119 228 12
117 228 13
118 228 13
119 228 13
117 228 14
118 228 14
119 228 14
117 228 15
118 228 15
119 228 15
117 228 16
118 228 16
119 228 16
117 228 17
118 228 17
119 228 17
117 228 18
118 228 18
119 228 18
117 228 19
118 228 19
119 228 19
117 228 20
118 228 20
119 228 20
117 228 21
118 228 21
119 228 21
117 228 22
118 228 22
119 228 22
117 228 23
118 228 23
119 228 23
117 228 24
118 228 24
119 228 24
117 228 25
118 228 25
119 228 25
117 228 26
118 228 26
119 228 26
117 228 27
118 228 27
119 228 27
117 228 28
118 228 28
119 228 28
117 228 29
118 228 29
119 228 29
117 228 30
118 228 30
119 228 30
117 228 31
118 228 31
119 228 31
117 228 32
118 228 32
119 228 32
117 228 33
118 228 33
119 228 33
117 228 34
118 228 34
119 228 34
117 228 35
118 228 35
119 228 35
117 228 36
118 228 36
119 228 36
117 228 37
118 228 37
119 228 37
117 228 38
118 228 38
119 228 38
117 228 39
118 228 39
119 228 39
117 228 40
118 228 40
119 228 40
117 228 41
118 228 41
119 228 41
117 228 42
118 228 42
119 228 42
117 228 43
118 228 43
119 228 43
117 228 44
118 228 44
119 228 44
117 228 45
118 228 45
119 228 45
117 228 46
118 228 46
119 228 46
117 228 47
118 228 47
119 228 47
117 228 48
118 228 48
119 228 48
117 228 49
118 228 49
119 228 49
117 228 50
118 228 50
119 228 50
117 228 51
118 228 51
119 228 51
117 228 52
118 228 52
119 228 52
117 228 53
118 228 53
119 228 53
117 228 54
118 228 54
119 228 54
117 228 55
118 228 55
119 228 55
117 228 56
118 228 56
119 228 56
117 228 57
118 228 57
119 228 57
117 228 58
118 228 58
119 228 58
117 228 59
118 228 59
119 228 59
117 228 60
118 228 60
119 228 60
117 228 61
118 228 61
119 228 61
117 228 62
118 228 62
119 228 62
117 228 63
118 228 63
119 228 63
117 228 64
118 228 64
119 228 64
117 228 65
118 228 65
119 228 65
117 228 66
118 228 66
119 228 66
117 228 67
118 228 67
119 228 67
117 228 68
118 228 68
119 228 68
117 228 69
118 228 69
119 228 69
117 228 70
118 228 70
119 228 70
117 228 71
118 228 71
119 228 71
117 228 72
118 228 72
119 228 72
117 228 73
118 228 73
119 228 73
117 228 74
118 228 74
119 228 74
117 228 75
118 228 75
119 228 75
117 228 76
118 228 76
119 228 76
117 228 77
118 228 77
119 228 77
117 228 78
118 228 78
119 228 78
117 228 79
118 228 79
119 228 79
117 228 80
118 228 80
119 228 80
117 228 81
118 228 81
119 228 81
