63 228 1
63 228 2
63 228 3
63 228 4
63 228 5
63 228 6
63 228 7
63 228 8
63 228 9
63 228 10
63 228 11
63 228 12
63 228 13
63 228 14
63 228 15
63 228 16
63 228 17
63 228 18
63 228 19
63 228 20
63 228 21
63 228 22
63 228 23
63 228 24
63 228 25
63 228 26
63 228 27
63 228 28
63 228 29
63 228 30
63 228 31
63 228 32
63 228 33
63 228 34
63 228 35
63 228 36
63 228 37
63 228 38
63 228 39
63 228 40
63 228 41
63 228 42
63 228 43
63 228 44
63 228 45
63 228 46
63 228 47
63 228 48
63 228 49
63 228 50
63 228 51
63 228 52
63 228 53
63 228 54
63 228 55
63 228 56
63 228 57
63 228 58
63 228 59
63 228 60
63 228 61
63 228 62
63 228 63
63 228 64
63 228 65
63 228 66
63 228 67
63 228 68
63 228 69
63 228 70
63 228 71
63 228 72
63 228 73
63 228 74
63 228 75
63 228 76
63 228 77
63 228 78
63 228 79
63 228 80
63 228 81
63 228 82
63 228 83
63 228 84
63 228 85
63 228 86
63 228 87
63 228 88
63 228 89
63 228 90
63 228 91
63 228 92
63 228 93
63 228 94
63 228 95
63 228 96
63 228 97
63 228 98
63 228 99
63 228 100
63 228 101
63 228 102
63 228 103
63 228 104
63 228 105
63 228 106
63 228 107
63 228 108
63 228 109
63 228 110
63 228 111
63 228 112
63 228 113
63 228 114
63 228 115
63 228 116
63 228 117
63 228 118
63 228 119
63 228 120
63 228 121
63 228 122
63 228 123
63 228 124
63 228 125
63 228 126
63 228 127
63 228 128
63 228 129
63 228 130
63 228 131
63 228 132
63 228 133
63 228 134
63 228 135
63 228 136
63 228 137
63 228 138
63 228 139
63 228 140
63 228 141
63 228 142
63 228 143
63 228 144
63 228 145
63 228 146
63 228 147
63 228 148
63 228 149
63 228 150
63 228 151
63 228 152
63 228 153
63 228 154
63 228 155
63 228 156
63 228 157
63 228 158
63 228 159
63 228 160
63 228 161
63 228 162
63 228 163
63 228 164
63 228 165
63 228 166
63 228 167
63 228 168
63 228 169
63 228 170
63 228 171
63 228 172
63 228 173
63 228 174
63 228 175
63 228 176
63 228 177
63 228 178
63 228 179
63 228 180
63 228 181
63 228 182
63 228 183
63 228 184
63 228 185
63 228 186
63 228 187
63 228 188
63 228 189
63 228 190
63 228 191
63 228 192
63 228 193
63 228 194
63 228 195
63 228 196
63 228 197
63 228 198
63 228 199
63 228 200
63 228 201
63 228 202
63 228 203
63 228 204
63 228 205
63 228 206
63 228 207
63 228 208
63 228 209
63 228 210
63 228 211
63 228 212
63 228 213
63 228 214
63 228 215
63 228 216
63 228 217
63 228 218
63 228 219
63 228 220
63 228 221
63 228 222
63 228 223
63 228 224
63 228 225
63 228 226
63 228 227
63 228 228
63 228 229
63 228 230
63 228 231
63 228 232
63 228 233
63 228 234
63 228 235
63 228 236
63 228 237
63 228 238
63 228 239
63 228 240
63 228 241
63 228 242
63 228 243
63 228 244
63 228 245
