113 228 1
113 228 2
113 228 3
113 228 4
113 228 5
113 228 6
113 228 7
113 228 8
113 228 9
113 228 10
113 228 11
113 228 12
113 228 13
113 228 14
113 228 15
113 228 16
113 228 17
113 228 18
113 228 19
113 228 20
113 228 21
113 228 22
113 228 23
113 228 24
113 228 25
113 228 26
113 228 27
113 228 28
113 228 29
113 228 30
113 228 31
113 228 32
113 228 33
113 228 34
113 228 35
113 228 36
113 228 37
113 228 38
113 228 39
113 228 40
113 228 41
113 228 42
113 228 43
113 228 44
113 228 45
113 228 46
113 228 47
113 228 48
113 228 49
113 228 50
113 228 51
113 228 52
113 228 53
113 228 54
113 228 55
113 228 56
113 228 57
113 228 58
113 228 59
113 228 60
113 228 61
113 228 62
113 228 63
113 228 64
113 228 65
113 228 66
113 228 67
113 228 68
113 228 69
113 228 70
113 228 71
113 228 72
113 228 73
113 228 74
113 228 75
113 228 76
113 228 77
113 228 78
113 228 79
113 228 80
113 228 81
113 228 82
113 228 83
113 228 84
113 228 85
113 228 86
113 228 87
113 228 88
113 228 89
113 228 90
113 228 91
113 228 92
113 228 93
113 228 94
113 228 95
113 228 96
113 228 97
113 228 98
113 228 99
113 228 100
113 228 101
113 228 102
113 228 103
113 228 104
113 228 105
113 228 106
113 228 107
113 228 108
113 228 109
113 228 110
113 228 111
113 228 112
113 228 113
113 228 114
113 228 115
113 228 116
113 228 117
113 228 118
113 228 119
113 228 120
113 228 121
113 228 122
113 228 123
113 228 124
113 228 125
113 228 126
113 228 127
113 228 128
113 228 129
113 228 130
113 228 131
113 228 132
113 228 133
113 228 134
113 228 135
113 228 136
113 228 137
113 228 138
113 228 139
113 228 140
113 228 141
113 228 142
113 228 143
113 228 144
113 228 145
113 228 146
113 228 147
113 228 148
113 228 149
113 228 150
113 228 151
113 228 152
113 228 153
113 228 154
113 228 155
113 228 156
113 228 157
113 228 158
113 228 159
113 228 160
113 228 161
113 228 162
113 228 163
113 228 164
113 228 165
113 228 166
113 228 167
113 228 168
113 228 169
113 228 170
113 228 171
113 228 172
113 228 173
113 228 174
113 228 175
113 228 176
113 228 177
113 228 178
113 228 179
113 228 180
113 228 181
113 228 182
113 228 183
113 228 184
113 228 185
113 228 186
113 228 187
113 228 188
113 228 189
113 228 190
113 228 191
113 228 192
113 228 193
113 228 194
113 228 195
113 228 196
113 228 197
113 228 198
113 228 199
113 228 200
113 228 201
113 228 202
113 228 203
113 228 204
113 228 205
113 228 206
113 228 207
113 228 208
113 228 209
113 228 210
113 228 211
113 228 212
113 228 213
113 228 214
113 228 215
113 228 216
113 228 217
113 228 218
113 228 219
113 228 220
113 228 221
113 228 222
113 228 223
113 228 224
113 228 225
113 228 226
113 228 227
113 228 228
113 228 229
113 228 230
113 228 231
113 228 232
113 228 233
113 228 234
113 228 235
113 228 236
113 228 237
113 228 238
113 228 239
113 228 240
113 228 241
113 228 242
113 228 243
113 228 244
113 228 245
