176 179 1
177 179 1
178 179 1
176 180 2
177 180 2
178 180 2
176 181 3
177 181 3
178 181 3
176 179 4
177 179 4
178 179 4
176 180 5
177 180 5
178 180 5
176 181 6
177 181 6
178 181 6
176 179 7
177 179 7
178 179 7
176 180 8
177 180 8
178 180 8
176 181 9
177 181 9
178 181 9
176 179 10
177 179 10
178 179 10
176 180 11
177 180 11
178 180 11
176 181 12
177 181 12
178 181 12
176 179 13
177 179 13
178 179 13
176 180 14
177 180 14
178 180 14
176 181 15
177 181 15
178 181 15
176 179 16
177 179 16
178 179 16
176 180 17
177 180 17
178 180 17
176 181 18
177 181 18
178 181 18
176 179 19
177 179 19
178 179 19
176 180 20
177 180 20
178 180 20
176 181 21
177 181 21
178 181 21
176 179 22
177 179 22
178 179 22
176 180 23
177 180 23
178 180 23
176 181 24
177 181 24
178 181 24
176 179 25
177 179 25
178 179 25
176 180 26
177 180 26
178 180 26
176 181 27
177 181 27
178 181 27
176 179 28
177 179 28
178 179 28
176 180 29
177 180 29
178 180 29
176 181 30
177 181 30
178 181 30
176 179 31
177 179 31
178 179 31
176 180 32
177 180 32
178 180 32
176 181 33
177 181 33
178 181 33
176 179 34
177 179 34
178 179 34
176 180 35
177 180 35
178 180 35
176 181 36
177 181 36
178 181 36
176 179 37
177 179 37
178 179 37
176 180 38
177 180 38
178 180 38
176 181 39
177 181 39
178 181 39
176 179 40
177 179 40
178 179 40
176 180 41
177 180 41
178 180 41
176 181 42
177 181 42
178 181 42
176 179 43
177 179 43
178 179 43
176 180 44
177 180 44
178 180 44
176 181 45
177 181 45
178 181 45
176 179 46
177 179 46
178 179 46
176 180 47
177 180 47
178 180 47
176 181 48
177 181 48
178 181 48
176 179 49
177 179 49
178 179 49
176 180 50
177 180 50
178 180 50
176 181 51
177 181 51
178 181 51
176 179 52
177 179 52
178 179 52
176 180 53
177 180 53
178 180 53
176 181 54
177 181 54
178 181 54
176 179 55
177 179 55
178 179 55
176 180 56
177 180 56
178 180 56
176 181 57
177 181 57
178 181 57
176 179 58
177 179 58
178 179 58
176 180 59
177 180 59
178 180 59
176 181 60
177 181 60
178 181 60
176 179 61
177 179 61
178 179 61
176 180 62
177 180 62
178 180 62
176 181 63
177 181 63
178 181 63
176 179 64
177 179 64
178 179 64
176 180 65
177 180 65
178 180 65
176 181 66
177 181 66
178 181 66
176 179 67
177 179 67
178 179 67
176 180 68
177 180 68
178 180 68
176 181 69
177 181 69
178 181 69
176 179 70
177 179 70
178 179 70
176 180 71
177 180 71
178 180 71
176 181 72
177 181 72
178 181 72
176 179 73
177 179 73
178 179 73
176 180 74
177 180 74
178 180 74
176 181 75
177 181 75
178 181 75
176 179 76
177 179 76
178 179 76
176 180 77
177 180 77
178 180 77
176 181 78
177 181 78
178 181 78
176 179 79
177 179 79
178 179 79
176 180 80
177 180 80
178 180 80
176 181 81
177 181 81
178 181 81
176 179 82
177 179 82
178 179 82
176 180 83
177 180 83
178 180 83
176 181 84
177 181 84
178 181 84
176 179 85
177 179 85
178 179 85
176 180 86
177 180 86
178 180 86
176 181 87
177 181 87
178 181 87
176 179 88
177 179 88
178 179 88
176 180 89
177 180 89
178 180 89
176 181 90
177 181 90
178 181 90
176 179 91
177 179 91
178 179 91
176 180 92
177 180 92
178 180 92
176 181 93
177 181 93
178 181 93
176 179 94
177 179 94
178 179 94
176 180 95
177 180 95
178 180 95
176 181 96
177 181 96
178 181 96
176 179 97
177 179 97
178 179 97
176 180 98
177 180 98
178 180 98
176 181 99
177 181 99
178 181 99
176 179 100
177 179 100
178 179 100
176 180 101
177 180 101
178 180 101
176 181 102
177 181 102
178 181 102
176 179 103
177 179 103
178 179 103
176 180 104
177 180 104
178 180 104
176 181 105
177 181 105
178 181 105
176 179 106
177 179 106
178 179 106
176 180 107
177 180 107
178 180 107
176 181 108
177 181 108
178 181 108
176 179 109
177 179 109
178 179 109
176 180 110
177 180 110
178 180 110
176 181 111
177 181 111
178 181 111
176 179 112
177 179 112
178 179 112
176 180 113
177 180 113
178 180 113
176 181 114
177 181 114
178 181 114
176 179 115
177 179 115
178 179 115
176 180 116
177 180 116
178 180 116
176 181 117
177 181 117
178 181 117
176 179 118
177 179 118
178 179 118
176 180 119
177 180 119
178 180 119
176 181 120
177 181 120
178 181 120
176 179 121
177 179 121
178 179 121
176 180 122
177 180 122
178 180 122
176 181 123
177 181 123
178 181 123
176 179 124
177 179 124
178 179 124
176 180 125
177 180 125
178 180 125
176 181 126
177 181 126
178 181 126
176 179 127
177 179 127
178 179 127
176 180 128
177 180 128
178 180 128
176 181 129
177 181 129
178 181 129
176 179 130
177 179 130
178 179 130
176 180 131
177 180 131
178 180 131
176 181 132
177 181 132
178 181 132
176 179 133
177 179 133
178 179 133
176 180 134
177 180 134
178 180 134
176 181 135
177 181 135
178 181 135
176 179 136
177 179 136
178 179 136
176 180 137
177 180 137
178 180 137
176 181 138
177 181 138
178 181 138
176 179 139
177 179 139
178 179 139
176 180 140
177 180 140
178 180 140
176 181 141
177 181 141
178 181 141
176 179 142
177 179 142
178 179 142
176 180 143
177 180 143
178 180 143
176 181 144
177 181 144
178 181 144
176 179 145
177 179 145
178 179 145
176 180 146
177 180 146
178 180 146
176 181 147
177 181 147
178 181 147
176 179 148
177 179 148
178 179 148
176 180 149
177 180 149
178 180 149
176 181 150
177 181 150
178 181 150
176 179 151
177 179 151
178 179 151
176 180 152
177 180 152
178 180 152
176 181 153
177 181 153
178 181 153
176 179 154
177 179 154
178 179 154
176 180 155
177 180 155
178 180 155
176 181 156
177 181 156
178 181 156
176 179 157
177 179 157
178 179 157
176 180 158
177 180 158
178 180 158
176 181 159
177 181 159
178 181 159
176 179 160
177 179 160
178 179 160
176 180 161
177 180 161
178 180 161
176 181 162
177 181 162
178 181 162
176 179 163
177 179 163
178 179 163
176 180 164
177 180 164
178 180 164
176 181 165
177 181 165
178 181 165
176 179 166
177 179 166
178 179 166
176 180 167
177 180 167
178 180 167
176 181 168
177 181 168
178 181 168
176 179 169
177 179 169
178 179 169
176 180 170
177 180 170
178 180 170
176 181 171
177 181 171
178 181 171
176 179 172
177 179 172
178 179 172
176 180 173
177 180 173
178 180 173
176 181 174
177 181 174
178 181 174
176 179 175
177 179 175
178 179 175
176 180 176
177 180 176
178 180 176
176 181 177
177 181 177
178 181 177
176 179 178
177 179 178
178 179 178
176 180 179
177 180 179
178 180 179
176 181 180
177 181 180
178 181 180
176 179 181
177 179 181
178 179 181
176 180 182
177 180 182
178 180 182
176 181 183
177 181 183
178 181 183
176 179 184
177 179 184
178 179 184
176 180 185
177 180 185
178 180 185
176 181 186
177 181 186
178 181 186
176 179 187
177 179 187
178 179 187
176 180 188
177 180 188
178 180 188
176 181 189
177 181 189
178 181 189
176 179 190
177 179 190
178 179 190
176 180 191
177 180 191
178 180 191
176 181 192
177 181 192
178 181 192
176 179 193
177 179 193
178 179 193
176 180 194
177 180 194
178 180 194
176 181 195
177 181 195
178 181 195
176 179 196
177 179 196
178 179 196
176 180 197
177 180 197
178 180 197
176 181 198
177 181 198
178 181 198
176 179 199
177 179 199
178 179 199
176 180 200
177 180 200
178 180 200
176 181 201
177 181 201
178 181 201
176 179 202
177 179 202
178 179 202
176 180 203
177 180 203
178 180 203
176 181 204
177 181 204
178 181 204
176 179 205
177 179 205
178 179 205
176 180 206
177 180 206
178 180 206
176 181 207
177 181 207
178 181 207
176 179 208
177 179 208
178 179 208
176 180 209
177 180 209
178 180 209
176 181 210
177 181 210
178 181 210
176 179 211
177 179 211
178 179 211
176 180 212
177 180 212
178 180 212
176 181 213
177 181 213
178 181 213
176 179 214
177 179 214
178 179 214
176 180 215
177 180 215
178 180 215
176 181 216
177 181 216
178 181 216
176 179 217
177 179 217
178 179 217
176 180 218
177 180 218
178 180 218
176 181 219
177 181 219
178 181 219
176 179 220
177 179 220
178 179 220
176 180 221
177 180 221
178 180 221
176 181 222
177 181 222
178 181 222
176 179 223
177 179 223
178 179 223
176 180 224
177 180 224
178 180 224
176 181 225
177 181 225
178 181 225
176 179 226
177 179 226
178 179 226
176 180 227
177 180 227
178 180 227
176 181 228
177 181 228
178 181 228
176 179 229
177 179 229
178 179 229
176 180 230
177 180 230
178 180 230
176 181 231
177 181 231
178 181 231
176 179 232
177 179 232
178 179 232
176 180 233
177 180 233
178 180 233
176 181 234
177 181 234
178 181 234
176 179 235
177 179 235
178 179 235
176 180 236
177 180 236
178 180 236
176 181 237
177 181 237
178 181 237
176 179 238
177 179 238
178 179 238
176 180 239
177 180 239
178 180 239
176 181 240
177 181 240
178 181 240
176 179 241
177 179 241
178 179 241
176 180 242
177 180 242
178 180 242
176 181 243
177 181 243
178 181 243
176 179 244
177 179 244
178 179 244
176 180 245
177 180 245
178 180 245
176 181 246
177 181 246
178 181 246
176 179 247
177 179 247
178 179 247
176 180 248
177 180 248
178 180 248
176 181 249
177 181 249
178 181 249
176 179 250
177 179 250
178 179 250
176 180 251
177 180 251
178 180 251
176 181 252
177 181 252
178 181 252
176 179 253
177 179 253
178 179 253
176 180 254
177 180 254
178 180 254
176 181 255
177 181 255
178 181 255
176 179 256
177 179 256
178 179 256
176 180 257
177 180 257
178 180 257
176 181 258
177 181 258
178 181 258
176 179 259
177 179 259
178 179 259
176 180 260
177 180 260
178 180 260
176 181 261
177 181 261
178 181 261
176 179 262
177 179 262
178 179 262
176 180 263
177 180 263
178 180 263
176 181 264
177 181 264
178 181 264
176 179 265
177 179 265
178 179 265
176 180 266
177 180 266
178 180 266
176 181 267
177 181 267
178 181 267
176 179 268
177 179 268
178 179 268
176 180 269
177 180 269
178 180 269
176 181 270
177 181 270
178 181 270
176 179 271
177 179 271
178 179 271
176 180 272
177 180 272
178 180 272
176 181 273
177 181 273
178 181 273
176 179 274
177 179 274
178 179 274
176 180 275
177 180 275
178 180 275
176 181 276
177 181 276
178 181 276
176 179 277
177 179 277
178 179 277
176 180 278
177 180 278
178 180 278
176 181 279
177 181 279
178 181 279
176 179 280
177 179 280
178 179 280
176 180 281
177 180 281
178 180 281
176 181 282
177 181 282
178 181 282
176 179 283
177 179 283
178 179 283
176 180 284
177 180 284
178 180 284
176 181 285
177 181 285
178 181 285
176 179 286
177 179 286
178 179 286
176 180 287
177 180 287
178 180 287
176 181 288
177 181 288
178 181 288
176 179 289
177 179 289
178 179 289
176 180 290
177 180 290
178 180 290
176 181 291
177 181 291
178 181 291
176 179 292
177 179 292
178 179 292
176 180 293
177 180 293
178 180 293
176 181 294
177 181 294
178 181 294
176 179 295
177 179 295
178 179 295
176 180 296
177 180 296
178 180 296
176 181 297
177 181 297
178 181 297
176 179 298
177 179 298
178 179 298
176 180 299
177 180 299
178 180 299
176 181 300
177 181 300
178 181 300
176 179 301
177 179 301
178 179 301
176 180 302
177 180 302
178 180 302
176 181 303
177 181 303
178 181 303
176 179 304
177 179 304
178 179 304
176 180 305
177 180 305
178 180 305
176 181 306
177 181 306
178 181 306
176 179 307
177 179 307
178 179 307
176 180 308
177 180 308
178 180 308
176 181 309
177 181 309
178 181 309
176 179 310
177 179 310
178 179 310
176 180 311
177 180 311
178 180 311
176 181 312
177 181 312
178 181 312
176 179 313
177 179 313
178 179 313
176 180 314
177 180 314
178 180 314
176 181 315
177 181 315
178 181 315
176 179 316
177 179 316
178 179 316
176 180 317
177 180 317
178 180 317
176 181 318
177 181 318
178 181 318
176 179 319
177 179 319
178 179 319
176 180 320
177 180 320
178 180 320
176 181 321
177 181 321
178 181 321
176 179 322
177 179 322
178 179 322
176 180 323
177 180 323
178 180 323
176 181 324
177 181 324
178 181 324
176 179 325
177 179 325
178 179 325
176 180 326
177 180 326
178 180 326
176 181 327
177 181 327
178 181 327
