187 224 1
188 224 1
189 224 1
187 224 2
188 224 2
189 224 2
187 224 3
188 224 3
189 224 3
187 224 4
188 224 4
189 224 4
187 224 5
188 224 5
189 224 5
187 224 6
188 224 6
189 224 6
187 224 7
188 224 7
189 224 7
187 224 8
188 224 8
189 224 8
187 224 9
188 224 9
189 224 9
187 224 10
188 224 10
189 224 10
187 224 11
188 224 11
189 224 11
187 224 12
188 224 12
189 224 12
187 224 13
188 224 13
189 224 13
187 224 14
188 224 14
189 224 14
187 224 15
188 224 15
189 224 15
187 224 16
188 224 16
189 224 16
187 224 17
188 224 17
189 224 17
187 224 18
188 224 18
189 224 18
187 224 19
188 224 19
189 224 19
187 224 20
188 224 20
189 224 20
187 224 21
188 224 21
189 224 21
187 224 22
188 224 22
189 224 22
187 224 23
188 224 23
189 224 23
187 224 24
188 224 24
189 224 24
187 224 25
188 224 25
189 224 25
187 224 26
188 224 26
189 224 26
187 224 27
188 224 27
189 224 27
187 224 28
188 224 28
189 224 28
187 224 29
188 224 29
189 224 29
187 224 30
188 224 30
189 224 30
187 224 31
188 224 31
189 224 31
187 224 32
188 224 32
189 224 32
187 224 33
188 224 33
189 224 33
187 224 34
188 224 34
189 224 34
187 224 35
188 224 35
189 224 35
187 224 36
188 224 36
189 224 36
187 224 37
188 224 37
189 224 37
187 224 38
188 224 38
189 224 38
187 224 39
188 224 39
189 224 39
187 224 40
188 224 40
189 224 40
187 224 41
188 224 41
189 224 41
187 224 42
188 224 42
189 224 42
187 224 43
188 224 43
189 224 43
187 224 44
188 224 44
189 224 44
187 224 45
188 224 45
189 224 45
187 224 46
188 224 46
189 224 46
187 224 47
188 224 47
189 224 47
187 224 48
188 224 48
189 224 48
187 224 49
188 224 49
189 224 49
187 224 50
188 224 50
189 224 50
187 224 51
188 224 51
189 224 51
187 224 52
188 224 52
189 224 52
187 224 53
188 224 53
189 224 53
187 224 54
188 224 54
189 224 54
187 224 55
188 224 55
189 224 55
187 224 56
188 224 56
189 224 56
187 224 57
188 224 57
189 224 57
187 224 58
188 224 58
189 224 58
187 224 59
188 224 59
189 224 59
187 224 60
188 224 60
189 224 60
187 224 61
188 224 61
189 224 61
187 224 62
188 224 62
189 224 62
187 224 63
188 224 63
189 224 63
187 224 64
188 224 64
189 224 64
187 224 65
188 224 65
189 224 65
187 224 66
188 224 66
189 224 66
187 224 67
188 224 67
189 224 67
187 224 68
188 224 68
189 224 68
187 224 69
188 224 69
189 224 69
187 224 70
188 224 70
189 224 70
187 224 71
188 224 71
189 224 71
187 224 72
188 224 72
189 224 72
187 224 73
188 224 73
189 224 73
187 224 74
188 224 74
189 224 74
187 224 75
188 224 75
189 224 75
187 224 76
188 224 76
189 224 76
187 224 77
188 224 77
189 224 77
187 224 78
188 224 78
189 224 78
187 224 79
188 224 79
189 224 79
187 224 80
188 224 80
189 224 80
187 224 81
188 224 81
189 224 81
