93 228 1
93 228 2
93 228 3
93 228 4
93 228 5
93 228 6
93 228 7
93 228 8
93 228 9
93 228 10
93 228 11
93 228 12
93 228 13
93 228 14
93 228 15
93 228 16
93 228 17
93 228 18
93 228 19
93 228 20
93 228 21
93 228 22
93 228 23
93 228 24
93 228 25
93 228 26
93 228 27
93 228 28
93 228 29
93 228 30
93 228 31
93 228 32
93 228 33
93 228 34
93 228 35
93 228 36
93 228 37
93 228 38
93 228 39
93 228 40
93 228 41
93 228 42
93 228 43
93 228 44
93 228 45
93 228 46
93 228 47
93 228 48
93 228 49
93 228 50
93 228 51
93 228 52
93 228 53
93 228 54
93 228 55
93 228 56
93 228 57
93 228 58
93 228 59
93 228 60
93 228 61
93 228 62
93 228 63
93 228 64
93 228 65
93 228 66
93 228 67
93 228 68
93 228 69
93 228 70
93 228 71
93 228 72
93 228 73
93 228 74
93 228 75
93 228 76
93 228 77
93 228 78
93 228 79
93 228 80
93 228 81
93 228 82
93 228 83
93 228 84
93 228 85
93 228 86
93 228 87
93 228 88
93 228 89
93 228 90
93 228 91
93 228 92
93 228 93
93 228 94
93 228 95
93 228 96
93 228 97
93 228 98
93 228 99
93 228 100
93 228 101
93 228 102
93 228 103
93 228 104
93 228 105
93 228 106
93 228 107
93 228 108
93 228 109
93 228 110
93 228 111
93 228 112
93 228 113
93 228 114
93 228 115
93 228 116
93 228 117
93 228 118
93 228 119
93 228 120
93 228 121
93 228 122
93 228 123
93 228 124
93 228 125
93 228 126
93 228 127
93 228 128
93 228 129
93 228 130
93 228 131
93 228 132
93 228 133
93 228 134
93 228 135
93 228 136
93 228 137
93 228 138
93 228 139
93 228 140
93 228 141
93 228 142
93 228 143
93 228 144
93 228 145
93 228 146
93 228 147
93 228 148
93 228 149
93 228 150
93 228 151
93 228 152
93 228 153
93 228 154
93 228 155
93 228 156
93 228 157
93 228 158
93 228 159
93 228 160
93 228 161
93 228 162
93 228 163
93 228 164
93 228 165
93 228 166
93 228 167
93 228 168
93 228 169
93 228 170
93 228 171
93 228 172
93 228 173
93 228 174
93 228 175
93 228 176
93 228 177
93 228 178
93 228 179
93 228 180
93 228 181
93 228 182
93 228 183
93 228 184
93 228 185
93 228 186
93 228 187
93 228 188
93 228 189
93 228 190
93 228 191
93 228 192
93 228 193
93 228 194
93 228 195
93 228 196
93 228 197
93 228 198
93 228 199
93 228 200
93 228 201
93 228 202
93 228 203
93 228 204
93 228 205
93 228 206
93 228 207
93 228 208
93 228 209
93 228 210
93 228 211
93 228 212
93 228 213
93 228 214
93 228 215
93 228 216
93 228 217
93 228 218
93 228 219
93 228 220
93 228 221
93 228 222
93 228 223
93 228 224
93 228 225
93 228 226
93 228 227
93 228 228
93 228 229
93 228 230
93 228 231
93 228 232
93 228 233
93 228 234
93 228 235
93 228 236
93 228 237
93 228 238
93 228 239
93 228 240
93 228 241
93 228 242
93 228 243
93 228 244
93 228 245
