195 225 1
196 225 1
197 225 1
195 225 2
196 225 2
197 225 2
195 225 3
196 225 3
197 225 3
195 225 4
196 225 4
197 225 4
195 225 5
196 225 5
197 225 5
195 225 6
196 225 6
197 225 6
195 225 7
196 225 7
197 225 7
195 225 8
196 225 8
197 225 8
195 225 9
196 225 9
197 225 9
195 225 10
196 225 10
197 225 10
195 225 11
196 225 11
197 225 11
195 225 12
196 225 12
197 225 12
195 225 13
196 225 13
197 225 13
195 225 14
196 225 14
197 225 14
195 225 15
196 225 15
197 225 15
195 225 16
196 225 16
197 225 16
195 225 17
196 225 17
197 225 17
195 225 18
196 225 18
197 225 18
195 225 19
196 225 19
197 225 19
195 225 20
196 225 20
197 225 20
195 225 21
196 225 21
197 225 21
195 225 22
196 225 22
197 225 22
195 225 23
196 225 23
197 225 23
195 225 24
196 225 24
197 225 24
195 225 25
196 225 25
197 225 25
195 225 26
196 225 26
197 225 26
195 225 27
196 225 27
197 225 27
195 225 28
196 225 28
197 225 28
195 225 29
196 225 29
197 225 29
195 225 30
196 225 30
197 225 30
195 225 31
196 225 31
197 225 31
195 225 32
196 225 32
197 225 32
195 225 33
196 225 33
197 225 33
195 225 34
196 225 34
197 225 34
195 225 35
196 225 35
197 225 35
195 225 36
196 225 36
197 225 36
195 225 37
196 225 37
197 225 37
195 225 38
196 225 38
197 225 38
195 225 39
196 225 39
197 225 39
195 225 40
196 225 40
197 225 40
195 225 41
196 225 41
197 225 41
195 225 42
196 225 42
197 225 42
195 225 43
196 225 43
197 225 43
195 225 44
196 225 44
197 225 44
195 225 45
196 225 45
197 225 45
195 225 46
196 225 46
197 225 46
195 225 47
196 225 47
197 225 47
195 225 48
196 225 48
197 225 48
195 225 49
196 225 49
197 225 49
195 225 50
196 225 50
197 225 50
195 225 51
196 225 51
197 225 51
195 225 52
196 225 52
197 225 52
195 225 53
196 225 53
197 225 53
195 225 54
196 225 54
197 225 54
195 225 55
196 225 55
197 225 55
195 225 56
196 225 56
197 225 56
195 225 57
196 225 57
197 225 57
195 225 58
196 225 58
197 225 58
195 225 59
196 225 59
197 225 59
195 225 60
196 225 60
197 225 60
195 225 61
196 225 61
197 225 61
195 225 62
196 225 62
197 225 62
195 225 63
196 225 63
197 225 63
195 225 64
196 225 64
197 225 64
195 225 65
196 225 65
197 225 65
195 225 66
196 225 66
197 225 66
195 225 67
196 225 67
197 225 67
195 225 68
196 225 68
197 225 68
195 225 69
196 225 69
197 225 69
195 225 70
196 225 70
197 225 70
195 225 71
196 225 71
197 225 71
195 225 72
196 225 72
197 225 72
195 225 73
196 225 73
197 225 73
195 225 74
196 225 74
197 225 74
195 225 75
196 225 75
197 225 75
195 225 76
196 225 76
197 225 76
195 225 77
196 225 77
197 225 77
195 225 78
196 225 78
197 225 78
195 225 79
196 225 79
197 225 79
195 225 80
196 225 80
197 225 80
195 225 81
196 225 81
197 225 81
