77 228 1
78 228 1
79 228 1
77 228 2
78 228 2
79 228 2
77 228 3
78 228 3
79 228 3
77 228 4
78 228 4
79 228 4
77 228 5
78 228 5
79 228 5
77 228 6
78 228 6
79 228 6
77 228 7
78 228 7
79 228 7
77 228 8
78 228 8
79 228 8
77 228 9
78 228 9
79 228 9
77 228 10
78 228 10
79 228 10
77 228 11
78 228 11
79 228 11
77 228 12
78 228 12
79 228 12
77 228 13
78 228 13
79 228 13
77 228 14
78 228 14
79 228 14
77 228 15
78 228 15
79 228 15
77 228 16
78 228 16
79 228 16
77 228 17
78 228 17
79 228 17
77 228 18
78 228 18
79 228 18
77 228 19
78 228 19
79 228 19
77 228 20
78 228 20
79 228 20
77 228 21
78 228 21
79 228 21
77 228 22
78 228 22
79 228 22
77 228 23
78 228 23
79 228 23
77 228 24
78 228 24
79 228 24
77 228 25
78 228 25
79 228 25
77 228 26
78 228 26
79 228 26
77 228 27
78 228 27
79 228 27
77 228 28
78 228 28
79 228 28
77 228 29
78 228 29
79 228 29
77 228 30
78 228 30
79 228 30
77 228 31
78 228 31
79 228 31
77 228 32
78 228 32
79 228 32
77 228 33
78 228 33
79 228 33
77 228 34
78 228 34
79 228 34
77 228 35
78 228 35
79 228 35
77 228 36
78 228 36
79 228 36
77 228 37
78 228 37
79 228 37
77 228 38
78 228 38
79 228 38
77 228 39
78 228 39
79 228 39
77 228 40
78 228 40
79 228 40
77 228 41
78 228 41
79 228 41
77 228 42
78 228 42
79 228 42
77 228 43
78 228 43
79 228 43
77 228 44
78 228 44
79 228 44
77 228 45
78 228 45
79 228 45
77 228 46
78 228 46
79 228 46
77 228 47
78 228 47
79 228 47
77 228 48
78 228 48
79 228 48
77 228 49
78 228 49
79 228 49
77 228 50
78 228 50
79 228 50
77 228 51
78 228 51
79 228 51
77 228 52
78 228 52
79 228 52
77 228 53
78 228 53
79 228 53
77 228 54
78 228 54
79 228 54
77 228 55
78 228 55
79 228 55
77 228 56
78 228 56
79 228 56
77 228 57
78 228 57
79 228 57
77 228 58
78 228 58
79 228 58
77 228 59
78 228 59
79 228 59
77 228 60
78 228 60
79 228 60
77 228 61
78 228 61
79 228 61
77 228 62
78 228 62
79 228 62
77 228 63
78 228 63
79 228 63
77 228 64
78 228 64
79 228 64
77 228 65
78 228 65
79 228 65
77 228 66
78 228 66
79 228 66
77 228 67
78 228 67
79 228 67
77 228 68
78 228 68
79 228 68
77 228 69
78 228 69
79 228 69
77 228 70
78 228 70
79 228 70
77 228 71
78 228 71
79 228 71
77 228 72
78 228 72
79 228 72
77 228 73
78 228 73
79 228 73
77 228 74
78 228 74
79 228 74
77 228 75
78 228 75
79 228 75
77 228 76
78 228 76
79 228 76
77 228 77
78 228 77
79 228 77
77 228 78
78 228 78
79 228 78
77 228 79
78 228 79
79 228 79
77 228 80
78 228 80
79 228 80
77 228 81
78 228 81
79 228 81
