73 228 1
73 228 2
73 228 3
73 228 4
73 228 5
73 228 6
73 228 7
73 228 8
73 228 9
73 228 10
73 228 11
73 228 12
73 228 13
73 228 14
73 228 15
73 228 16
73 228 17
73 228 18
73 228 19
73 228 20
73 228 21
73 228 22
73 228 23
73 228 24
73 228 25
73 228 26
73 228 27
73 228 28
73 228 29
73 228 30
73 228 31
73 228 32
73 228 33
73 228 34
73 228 35
73 228 36
73 228 37
73 228 38
73 228 39
73 228 40
73 228 41
73 228 42
73 228 43
73 228 44
73 228 45
73 228 46
73 228 47
73 228 48
73 228 49
73 228 50
73 228 51
73 228 52
73 228 53
73 228 54
73 228 55
73 228 56
73 228 57
73 228 58
73 228 59
73 228 60
73 228 61
73 228 62
73 228 63
73 228 64
73 228 65
73 228 66
73 228 67
73 228 68
73 228 69
73 228 70
73 228 71
73 228 72
73 228 73
73 228 74
73 228 75
73 228 76
73 228 77
73 228 78
73 228 79
73 228 80
73 228 81
73 228 82
73 228 83
73 228 84
73 228 85
73 228 86
73 228 87
73 228 88
73 228 89
73 228 90
73 228 91
73 228 92
73 228 93
73 228 94
73 228 95
73 228 96
73 228 97
73 228 98
73 228 99
73 228 100
73 228 101
73 228 102
73 228 103
73 228 104
73 228 105
73 228 106
73 228 107
73 228 108
73 228 109
73 228 110
73 228 111
73 228 112
73 228 113
73 228 114
73 228 115
73 228 116
73 228 117
73 228 118
73 228 119
73 228 120
73 228 121
73 228 122
73 228 123
73 228 124
73 228 125
73 228 126
73 228 127
73 228 128
73 228 129
73 228 130
73 228 131
73 228 132
73 228 133
73 228 134
73 228 135
73 228 136
73 228 137
73 228 138
73 228 139
73 228 140
73 228 141
73 228 142
73 228 143
73 228 144
73 228 145
73 228 146
73 228 147
73 228 148
73 228 149
73 228 150
73 228 151
73 228 152
73 228 153
73 228 154
73 228 155
73 228 156
73 228 157
73 228 158
73 228 159
73 228 160
73 228 161
73 228 162
73 228 163
73 228 164
73 228 165
73 228 166
73 228 167
73 228 168
73 228 169
73 228 170
73 228 171
73 228 172
73 228 173
73 228 174
73 228 175
73 228 176
73 228 177
73 228 178
73 228 179
73 228 180
73 228 181
73 228 182
73 228 183
73 228 184
73 228 185
73 228 186
73 228 187
73 228 188
73 228 189
73 228 190
73 228 191
73 228 192
73 228 193
73 228 194
73 228 195
73 228 196
73 228 197
73 228 198
73 228 199
73 228 200
73 228 201
73 228 202
73 228 203
73 228 204
73 228 205
73 228 206
73 228 207
73 228 208
73 228 209
73 228 210
73 228 211
73 228 212
73 228 213
73 228 214
73 228 215
73 228 216
73 228 217
73 228 218
73 228 219
73 228 220
73 228 221
73 228 222
73 228 223
73 228 224
73 228 225
73 228 226
73 228 227
73 228 228
73 228 229
73 228 230
73 228 231
73 228 232
73 228 233
73 228 234
73 228 235
73 228 236
73 228 237
73 228 238
73 228 239
73 228 240
73 228 241
73 228 242
73 228 243
73 228 244
73 228 245
