143 218 1
143 218 2
143 218 3
143 218 4
143 218 5
143 218 6
143 218 7
143 218 8
143 218 9
143 218 10
143 218 11
143 218 12
143 218 13
143 218 14
143 218 15
143 218 16
143 218 17
143 218 18
143 218 19
143 218 20
143 218 21
143 218 22
143 218 23
143 218 24
143 218 25
143 218 26
143 218 27
143 218 28
143 218 29
143 218 30
143 218 31
143 218 32
143 218 33
143 218 34
143 218 35
143 218 36
143 218 37
143 218 38
143 218 39
143 218 40
143 218 41
143 218 42
143 218 43
143 218 44
143 218 45
143 218 46
143 218 47
143 218 48
143 218 49
143 218 50
143 218 51
143 218 52
143 218 53
143 218 54
143 218 55
143 218 56
143 218 57
143 218 58
143 218 59
143 218 60
143 218 61
143 218 62
143 218 63
143 218 64
143 218 65
143 218 66
143 218 67
143 218 68
143 218 69
143 218 70
143 218 71
143 218 72
143 218 73
143 218 74
143 218 75
143 218 76
143 218 77
143 218 78
143 218 79
143 218 80
143 218 81
143 218 82
143 218 83
143 218 84
143 218 85
143 218 86
143 218 87
143 218 88
143 218 89
143 218 90
143 218 91
143 218 92
143 218 93
143 218 94
143 218 95
143 218 96
143 218 97
143 218 98
143 218 99
143 218 100
143 218 101
143 218 102
143 218 103
143 218 104
143 218 105
143 218 106
143 218 107
143 218 108
143 218 109
143 218 110
143 218 111
143 218 112
143 218 113
143 218 114
143 218 115
143 218 116
143 218 117
143 218 118
143 218 119
143 218 120
143 218 121
143 218 122
143 218 123
143 218 124
143 218 125
143 218 126
143 218 127
143 218 128
143 218 129
143 218 130
143 218 131
143 218 132
143 218 133
143 218 134
143 218 135
143 218 136
143 218 137
143 218 138
143 218 139
143 218 140
143 218 141
143 218 142
143 218 143
143 218 144
143 218 145
143 218 146
143 218 147
143 218 148
143 218 149
143 218 150
143 218 151
143 218 152
143 218 153
143 218 154
143 218 155
143 218 156
143 218 157
143 218 158
143 218 159
143 218 160
143 218 161
143 218 162
143 218 163
143 218 164
143 218 165
143 218 166
143 218 167
143 218 168
143 218 169
143 218 170
143 218 171
143 218 172
143 218 173
143 218 174
143 218 175
143 218 176
143 218 177
143 218 178
143 218 179
143 218 180
143 218 181
143 218 182
143 218 183
143 218 184
143 218 185
143 218 186
143 218 187
143 218 188
143 218 189
143 218 190
143 218 191
143 218 192
143 218 193
143 218 194
143 218 195
143 218 196
143 218 197
143 218 198
143 218 199
143 218 200
143 218 201
143 218 202
143 218 203
143 218 204
143 218 205
143 218 206
143 218 207
143 218 208
143 218 209
143 218 210
143 218 211
143 218 212
143 218 213
143 218 214
143 218 215
143 218 216
143 218 217
143 218 218
143 218 219
143 218 220
143 218 221
143 218 222
143 218 223
143 218 224
143 218 225
143 218 226
143 218 227
143 218 228
143 218 229
143 218 230
143 218 231
143 218 232
143 218 233
143 218 234
143 218 235
143 218 236
143 218 237
143 218 238
143 218 239
143 218 240
143 218 241
143 218 242
143 218 243
143 218 244
143 218 245
