18 19 1
18 19 2
18 19 3
18 19 4
18 19 5
18 19 6
18 19 7
18 19 8
18 19 9
18 19 10
18 19 11
18 19 12
18 19 13
18 19 14
18 19 15
18 19 16
18 19 17
18 19 18
18 19 19
18 19 20
18 19 21
18 19 22
18 19 23
18 19 24
18 19 25
18 19 26
18 19 27
18 19 28
18 19 29
18 19 30
18 19 31
18 19 32
18 19 33
18 19 34
18 19 35
18 19 36
18 19 37
18 19 38
18 19 39
18 19 40
18 19 41
18 19 42
18 19 43
18 19 44
18 19 45
18 19 46
18 19 47
18 19 48
18 19 49
18 19 50
18 19 51
18 19 52
18 19 53
18 19 54
18 19 55
18 19 56
18 19 57
18 19 58
18 19 59
18 19 60
18 19 61
18 19 62
18 19 63
18 19 64
18 19 65
18 19 66
18 19 67
18 19 68
18 19 69
18 19 70
18 19 71
18 19 72
18 19 73
18 19 74
18 19 75
18 19 76
18 19 77
18 19 78
18 19 79
18 19 80
18 19 81
18 19 82
18 19 83
18 19 84
18 19 85
18 19 86
18 19 87
18 19 88
18 19 89
18 19 90
18 19 91
18 19 92
18 19 93
18 19 94
18 19 95
18 19 96
18 19 97
18 19 98
18 19 99
18 19 100
18 19 101
18 19 102
18 19 103
18 19 104
18 19 105
18 19 106
18 19 107
18 19 108
18 19 109
18 19 110
18 19 111
18 19 112
18 19 113
18 19 114
18 19 115
18 19 116
18 19 117
18 19 118
18 19 119
18 19 120
18 19 121
18 19 122
18 19 123
18 19 124
18 19 125
18 19 126
18 19 127
18 19 128
18 19 129
18 19 130
18 19 131
18 19 132
18 19 133
18 19 134
18 19 135
18 19 136
18 19 137
18 19 138
18 19 139
18 19 140
18 19 141
18 19 142
18 19 143
18 19 144
18 19 145
18 19 146
18 19 147
18 19 148
18 19 149
18 19 150
18 19 151
18 19 152
18 19 153
18 19 154
18 19 155
18 19 156
18 19 157
18 19 158
18 19 159
18 19 160
18 19 161
18 19 162
18 19 163
18 19 164
18 19 165
18 19 166
18 19 167
18 19 168
18 19 169
18 19 170
18 19 171
18 19 172
18 19 173
18 19 174
18 19 175
18 19 176
18 19 177
18 19 178
18 19 179
18 19 180
18 19 181
18 19 182
18 19 183
18 19 184
18 19 185
18 19 186
18 19 187
18 19 188
18 19 189
18 19 190
18 19 191
18 19 192
18 19 193
18 19 194
18 19 195
18 19 196
18 19 197
18 19 198
18 19 199
18 19 200
18 19 201
18 19 202
18 19 203
18 19 204
18 19 205
18 19 206
18 19 207
18 19 208
18 19 209
18 19 210
18 19 211
18 19 212
18 19 213
18 19 214
18 19 215
18 19 216
18 19 217
18 19 218
18 19 219
18 19 220
18 19 221
18 19 222
18 19 223
18 19 224
18 19 225
18 19 226
18 19 227
18 19 228
18 19 229
18 19 230
18 19 231
18 19 232
18 19 233
18 19 234
18 19 235
18 19 236
18 19 237
18 19 238
18 19 239
18 19 240
18 19 241
18 19 242
18 19 243
18 19 244
18 19 245
