24 14 1
24 14 2
24 14 3
24 14 4
24 14 5
24 14 6
24 14 7
24 14 8
24 14 9
24 14 10
24 14 11
24 14 12
24 14 13
24 14 14
24 14 15
24 14 16
24 14 17
24 14 18
24 14 19
24 14 20
24 14 21
24 14 22
24 14 23
24 14 24
24 14 25
24 14 26
24 14 27
24 14 28
24 14 29
24 14 30
24 14 31
24 14 32
24 14 33
24 14 34
24 14 35
24 14 36
24 14 37
24 14 38
24 14 39
24 14 40
24 14 41
24 14 42
24 14 43
24 14 44
24 14 45
24 14 46
24 14 47
24 14 48
24 14 49
24 14 50
24 14 51
24 14 52
24 14 53
24 14 54
24 14 55
24 14 56
24 14 57
24 14 58
24 14 59
24 14 60
24 14 61
24 14 62
24 14 63
24 14 64
24 14 65
24 14 66
24 14 67
24 14 68
24 14 69
24 14 70
24 14 71
24 14 72
24 14 73
24 14 74
24 14 75
24 14 76
24 14 77
24 14 78
24 14 79
24 14 80
24 14 81
24 14 82
24 14 83
24 14 84
24 14 85
24 14 86
24 14 87
24 14 88
24 14 89
24 14 90
24 14 91
24 14 92
24 14 93
24 14 94
24 14 95
24 14 96
24 14 97
24 14 98
24 14 99
24 14 100
24 14 101
24 14 102
24 14 103
24 14 104
24 14 105
24 14 106
24 14 107
24 14 108
24 14 109
24 14 110
24 14 111
24 14 112
24 14 113
24 14 114
24 14 115
24 14 116
24 14 117
24 14 118
24 14 119
24 14 120
24 14 121
24 14 122
24 14 123
24 14 124
24 14 125
24 14 126
24 14 127
24 14 128
24 14 129
24 14 130
24 14 131
24 14 132
24 14 133
24 14 134
24 14 135
24 14 136
24 14 137
24 14 138
24 14 139
24 14 140
24 14 141
24 14 142
24 14 143
24 14 144
24 14 145
24 14 146
24 14 147
24 14 148
24 14 149
24 14 150
24 14 151
24 14 152
24 14 153
24 14 154
24 14 155
24 14 156
24 14 157
24 14 158
24 14 159
24 14 160
24 14 161
24 14 162
24 14 163
24 14 164
24 14 165
24 14 166
24 14 167
24 14 168
24 14 169
24 14 170
24 14 171
24 14 172
24 14 173
24 14 174
24 14 175
24 14 176
24 14 177
24 14 178
24 14 179
24 14 180
24 14 181
24 14 182
24 14 183
24 14 184
24 14 185
24 14 186
24 14 187
24 14 188
24 14 189
24 14 190
24 14 191
24 14 192
24 14 193
24 14 194
24 14 195
24 14 196
24 14 197
24 14 198
24 14 199
24 14 200
24 14 201
24 14 202
24 14 203
24 14 204
24 14 205
24 14 206
24 14 207
24 14 208
24 14 209
24 14 210
24 14 211
24 14 212
24 14 213
24 14 214
24 14 215
24 14 216
24 14 217
24 14 218
24 14 219
24 14 220
24 14 221
24 14 222
24 14 223
24 14 224
24 14 225
24 14 226
24 14 227
24 14 228
24 14 229
24 14 230
24 14 231
24 14 232
24 14 233
24 14 234
24 14 235
24 14 236
24 14 237
24 14 238
24 14 239
24 14 240
24 14 241
24 14 242
24 14 243
24 14 244
24 14 245
