24 6 1
24 6 2
24 6 3
24 6 4
24 6 5
24 6 6
24 6 7
24 6 8
24 6 9
24 6 10
24 6 11
24 6 12
24 6 13
24 6 14
24 6 15
24 6 16
24 6 17
24 6 18
24 6 19
24 6 20
24 6 21
24 6 22
24 6 23
24 6 24
24 6 25
24 6 26
24 6 27
24 6 28
24 6 29
24 6 30
24 6 31
24 6 32
24 6 33
24 6 34
24 6 35
24 6 36
24 6 37
24 6 38
24 6 39
24 6 40
24 6 41
24 6 42
24 6 43
24 6 44
24 6 45
24 6 46
24 6 47
24 6 48
24 6 49
24 6 50
24 6 51
24 6 52
24 6 53
24 6 54
24 6 55
24 6 56
24 6 57
24 6 58
24 6 59
24 6 60
24 6 61
24 6 62
24 6 63
24 6 64
24 6 65
24 6 66
24 6 67
24 6 68
24 6 69
24 6 70
24 6 71
24 6 72
24 6 73
24 6 74
24 6 75
24 6 76
24 6 77
24 6 78
24 6 79
24 6 80
24 6 81
24 6 82
24 6 83
24 6 84
24 6 85
24 6 86
24 6 87
24 6 88
24 6 89
24 6 90
24 6 91
24 6 92
24 6 93
24 6 94
24 6 95
24 6 96
24 6 97
24 6 98
24 6 99
24 6 100
24 6 101
24 6 102
24 6 103
24 6 104
24 6 105
24 6 106
24 6 107
24 6 108
24 6 109
24 6 110
24 6 111
24 6 112
24 6 113
24 6 114
24 6 115
24 6 116
24 6 117
24 6 118
24 6 119
24 6 120
24 6 121
24 6 122
24 6 123
24 6 124
24 6 125
24 6 126
24 6 127
24 6 128
24 6 129
24 6 130
24 6 131
24 6 132
24 6 133
24 6 134
24 6 135
24 6 136
24 6 137
24 6 138
24 6 139
24 6 140
24 6 141
24 6 142
24 6 143
24 6 144
24 6 145
24 6 146
24 6 147
24 6 148
24 6 149
24 6 150
24 6 151
24 6 152
24 6 153
24 6 154
24 6 155
24 6 156
24 6 157
24 6 158
24 6 159
24 6 160
24 6 161
24 6 162
24 6 163
24 6 164
24 6 165
24 6 166
24 6 167
24 6 168
24 6 169
24 6 170
24 6 171
24 6 172
24 6 173
24 6 174
24 6 175
24 6 176
24 6 177
24 6 178
24 6 179
24 6 180
24 6 181
24 6 182
24 6 183
24 6 184
24 6 185
24 6 186
24 6 187
24 6 188
24 6 189
24 6 190
24 6 191
24 6 192
24 6 193
24 6 194
24 6 195
24 6 196
24 6 197
24 6 198
24 6 199
24 6 200
24 6 201
24 6 202
24 6 203
24 6 204
24 6 205
24 6 206
24 6 207
24 6 208
24 6 209
24 6 210
24 6 211
24 6 212
24 6 213
24 6 214
24 6 215
24 6 216
24 6 217
24 6 218
24 6 219
24 6 220
24 6 221
24 6 222
24 6 223
24 6 224
24 6 225
24 6 226
24 6 227
24 6 228
24 6 229
24 6 230
24 6 231
24 6 232
24 6 233
24 6 234
24 6 235
24 6 236
24 6 237
24 6 238
24 6 239
24 6 240
24 6 241
24 6 242
24 6 243
24 6 244
24 6 245
