17 18 1
17 18 2
17 18 3
17 18 4
17 18 5
17 18 6
17 18 7
17 18 8
17 18 9
17 18 10
17 18 11
17 18 12
17 18 13
17 18 14
17 18 15
17 18 16
17 18 17
17 18 18
17 18 19
17 18 20
17 18 21
17 18 22
17 18 23
17 18 24
17 18 25
17 18 26
17 18 27
17 18 28
17 18 29
17 18 30
17 18 31
17 18 32
17 18 33
17 18 34
17 18 35
17 18 36
17 18 37
17 18 38
17 18 39
17 18 40
17 18 41
17 18 42
17 18 43
17 18 44
17 18 45
17 18 46
17 18 47
17 18 48
17 18 49
17 18 50
17 18 51
17 18 52
17 18 53
17 18 54
17 18 55
17 18 56
17 18 57
17 18 58
17 18 59
17 18 60
17 18 61
17 18 62
17 18 63
17 18 64
17 18 65
17 18 66
17 18 67
17 18 68
17 18 69
17 18 70
17 18 71
17 18 72
17 18 73
17 18 74
17 18 75
17 18 76
17 18 77
17 18 78
17 18 79
17 18 80
17 18 81
17 18 82
17 18 83
17 18 84
17 18 85
17 18 86
17 18 87
17 18 88
17 18 89
17 18 90
17 18 91
17 18 92
17 18 93
17 18 94
17 18 95
17 18 96
17 18 97
17 18 98
17 18 99
17 18 100
17 18 101
17 18 102
17 18 103
17 18 104
17 18 105
17 18 106
17 18 107
17 18 108
17 18 109
17 18 110
17 18 111
17 18 112
17 18 113
17 18 114
17 18 115
17 18 116
17 18 117
17 18 118
17 18 119
17 18 120
17 18 121
17 18 122
17 18 123
17 18 124
17 18 125
17 18 126
17 18 127
17 18 128
17 18 129
17 18 130
17 18 131
17 18 132
17 18 133
17 18 134
17 18 135
17 18 136
17 18 137
17 18 138
17 18 139
17 18 140
17 18 141
17 18 142
17 18 143
17 18 144
17 18 145
17 18 146
17 18 147
17 18 148
17 18 149
17 18 150
17 18 151
17 18 152
17 18 153
17 18 154
17 18 155
17 18 156
17 18 157
17 18 158
17 18 159
17 18 160
17 18 161
17 18 162
17 18 163
17 18 164
17 18 165
17 18 166
17 18 167
17 18 168
17 18 169
17 18 170
17 18 171
17 18 172
17 18 173
17 18 174
17 18 175
17 18 176
17 18 177
17 18 178
17 18 179
17 18 180
17 18 181
17 18 182
17 18 183
17 18 184
17 18 185
17 18 186
17 18 187
17 18 188
17 18 189
17 18 190
17 18 191
17 18 192
17 18 193
17 18 194
17 18 195
17 18 196
17 18 197
17 18 198
17 18 199
17 18 200
17 18 201
17 18 202
17 18 203
17 18 204
17 18 205
17 18 206
17 18 207
17 18 208
17 18 209
17 18 210
17 18 211
17 18 212
17 18 213
17 18 214
17 18 215
17 18 216
17 18 217
17 18 218
17 18 219
17 18 220
17 18 221
17 18 222
17 18 223
17 18 224
17 18 225
17 18 226
17 18 227
17 18 228
17 18 229
17 18 230
17 18 231
17 18 232
17 18 233
17 18 234
17 18 235
17 18 236
17 18 237
17 18 238
17 18 239
17 18 240
17 18 241
17 18 242
17 18 243
17 18 244
17 18 245
