12 13 1
12 13 2
12 13 3
12 13 4
12 13 5
12 13 6
12 13 7
12 13 8
12 13 9
12 13 10
12 13 11
12 13 12
12 13 13
12 13 14
12 13 15
12 13 16
12 13 17
12 13 18
12 13 19
12 13 20
12 13 21
12 13 22
12 13 23
12 13 24
12 13 25
12 13 26
12 13 27
12 13 28
12 13 29
12 13 30
12 13 31
12 13 32
12 13 33
12 13 34
12 13 35
12 13 36
12 13 37
12 13 38
12 13 39
12 13 40
12 13 41
12 13 42
12 13 43
12 13 44
12 13 45
12 13 46
12 13 47
12 13 48
12 13 49
12 13 50
12 13 51
12 13 52
12 13 53
12 13 54
12 13 55
12 13 56
12 13 57
12 13 58
12 13 59
12 13 60
12 13 61
12 13 62
12 13 63
12 13 64
12 13 65
12 13 66
12 13 67
12 13 68
12 13 69
12 13 70
12 13 71
12 13 72
12 13 73
12 13 74
12 13 75
12 13 76
12 13 77
12 13 78
12 13 79
12 13 80
12 13 81
12 13 82
12 13 83
12 13 84
12 13 85
12 13 86
12 13 87
12 13 88
12 13 89
12 13 90
12 13 91
12 13 92
12 13 93
12 13 94
12 13 95
12 13 96
12 13 97
12 13 98
12 13 99
12 13 100
12 13 101
12 13 102
12 13 103
12 13 104
12 13 105
12 13 106
12 13 107
12 13 108
12 13 109
12 13 110
12 13 111
12 13 112
12 13 113
12 13 114
12 13 115
12 13 116
12 13 117
12 13 118
12 13 119
12 13 120
12 13 121
12 13 122
12 13 123
12 13 124
12 13 125
12 13 126
12 13 127
12 13 128
12 13 129
12 13 130
12 13 131
12 13 132
12 13 133
12 13 134
12 13 135
12 13 136
12 13 137
12 13 138
12 13 139
12 13 140
12 13 141
12 13 142
12 13 143
12 13 144
12 13 145
12 13 146
12 13 147
12 13 148
12 13 149
12 13 150
12 13 151
12 13 152
12 13 153
12 13 154
12 13 155
12 13 156
12 13 157
12 13 158
12 13 159
12 13 160
12 13 161
12 13 162
12 13 163
12 13 164
12 13 165
12 13 166
12 13 167
12 13 168
12 13 169
12 13 170
12 13 171
12 13 172
12 13 173
12 13 174
12 13 175
12 13 176
12 13 177
12 13 178
12 13 179
12 13 180
12 13 181
12 13 182
12 13 183
12 13 184
12 13 185
12 13 186
12 13 187
12 13 188
12 13 189
12 13 190
12 13 191
12 13 192
12 13 193
12 13 194
12 13 195
12 13 196
12 13 197
12 13 198
12 13 199
12 13 200
12 13 201
12 13 202
12 13 203
12 13 204
12 13 205
12 13 206
12 13 207
12 13 208
12 13 209
12 13 210
12 13 211
12 13 212
12 13 213
12 13 214
12 13 215
12 13 216
12 13 217
12 13 218
12 13 219
12 13 220
12 13 221
12 13 222
12 13 223
12 13 224
12 13 225
12 13 226
12 13 227
12 13 228
12 13 229
12 13 230
12 13 231
12 13 232
12 13 233
12 13 234
12 13 235
12 13 236
12 13 237
12 13 238
12 13 239
12 13 240
12 13 241
12 13 242
12 13 243
12 13 244
12 13 245
