24 2 1
24 2 2
24 2 3
24 2 4
24 2 5
24 2 6
24 2 7
24 2 8
24 2 9
24 2 10
24 2 11
24 2 12
24 2 13
24 2 14
24 2 15
24 2 16
24 2 17
24 2 18
24 2 19
24 2 20
24 2 21
24 2 22
24 2 23
24 2 24
24 2 25
24 2 26
24 2 27
24 2 28
24 2 29
24 2 30
24 2 31
24 2 32
24 2 33
24 2 34
24 2 35
24 2 36
24 2 37
24 2 38
24 2 39
24 2 40
24 2 41
24 2 42
24 2 43
24 2 44
24 2 45
24 2 46
24 2 47
24 2 48
24 2 49
24 2 50
24 2 51
24 2 52
24 2 53
24 2 54
24 2 55
24 2 56
24 2 57
24 2 58
24 2 59
24 2 60
24 2 61
24 2 62
24 2 63
24 2 64
24 2 65
24 2 66
24 2 67
24 2 68
24 2 69
24 2 70
24 2 71
24 2 72
24 2 73
24 2 74
24 2 75
24 2 76
24 2 77
24 2 78
24 2 79
24 2 80
24 2 81
24 2 82
24 2 83
24 2 84
24 2 85
24 2 86
24 2 87
24 2 88
24 2 89
24 2 90
24 2 91
24 2 92
24 2 93
24 2 94
24 2 95
24 2 96
24 2 97
24 2 98
24 2 99
24 2 100
24 2 101
24 2 102
24 2 103
24 2 104
24 2 105
24 2 106
24 2 107
24 2 108
24 2 109
24 2 110
24 2 111
24 2 112
24 2 113
24 2 114
24 2 115
24 2 116
24 2 117
24 2 118
24 2 119
24 2 120
24 2 121
24 2 122
24 2 123
24 2 124
24 2 125
24 2 126
24 2 127
24 2 128
24 2 129
24 2 130
24 2 131
24 2 132
24 2 133
24 2 134
24 2 135
24 2 136
24 2 137
24 2 138
24 2 139
24 2 140
24 2 141
24 2 142
24 2 143
24 2 144
24 2 145
24 2 146
24 2 147
24 2 148
24 2 149
24 2 150
24 2 151
24 2 152
24 2 153
24 2 154
24 2 155
24 2 156
24 2 157
24 2 158
24 2 159
24 2 160
24 2 161
24 2 162
24 2 163
24 2 164
24 2 165
24 2 166
24 2 167
24 2 168
24 2 169
24 2 170
24 2 171
24 2 172
24 2 173
24 2 174
24 2 175
24 2 176
24 2 177
24 2 178
24 2 179
24 2 180
24 2 181
24 2 182
24 2 183
24 2 184
24 2 185
24 2 186
24 2 187
24 2 188
24 2 189
24 2 190
24 2 191
24 2 192
24 2 193
24 2 194
24 2 195
24 2 196
24 2 197
24 2 198
24 2 199
24 2 200
24 2 201
24 2 202
24 2 203
24 2 204
24 2 205
24 2 206
24 2 207
24 2 208
24 2 209
24 2 210
24 2 211
24 2 212
24 2 213
24 2 214
24 2 215
24 2 216
24 2 217
24 2 218
24 2 219
24 2 220
24 2 221
24 2 222
24 2 223
24 2 224
24 2 225
24 2 226
24 2 227
24 2 228
24 2 229
24 2 230
24 2 231
24 2 232
24 2 233
24 2 234
24 2 235
24 2 236
24 2 237
24 2 238
24 2 239
24 2 240
24 2 241
24 2 242
24 2 243
24 2 244
24 2 245
