19 20 1
19 20 2
19 20 3
19 20 4
19 20 5
19 20 6
19 20 7
19 20 8
19 20 9
19 20 10
19 20 11
19 20 12
19 20 13
19 20 14
19 20 15
19 20 16
19 20 17
19 20 18
19 20 19
19 20 20
19 20 21
19 20 22
19 20 23
19 20 24
19 20 25
19 20 26
19 20 27
19 20 28
19 20 29
19 20 30
19 20 31
19 20 32
19 20 33
19 20 34
19 20 35
19 20 36
19 20 37
19 20 38
19 20 39
19 20 40
19 20 41
19 20 42
19 20 43
19 20 44
19 20 45
19 20 46
19 20 47
19 20 48
19 20 49
19 20 50
19 20 51
19 20 52
19 20 53
19 20 54
19 20 55
19 20 56
19 20 57
19 20 58
19 20 59
19 20 60
19 20 61
19 20 62
19 20 63
19 20 64
19 20 65
19 20 66
19 20 67
19 20 68
19 20 69
19 20 70
19 20 71
19 20 72
19 20 73
19 20 74
19 20 75
19 20 76
19 20 77
19 20 78
19 20 79
19 20 80
19 20 81
19 20 82
19 20 83
19 20 84
19 20 85
19 20 86
19 20 87
19 20 88
19 20 89
19 20 90
19 20 91
19 20 92
19 20 93
19 20 94
19 20 95
19 20 96
19 20 97
19 20 98
19 20 99
19 20 100
19 20 101
19 20 102
19 20 103
19 20 104
19 20 105
19 20 106
19 20 107
19 20 108
19 20 109
19 20 110
19 20 111
19 20 112
19 20 113
19 20 114
19 20 115
19 20 116
19 20 117
19 20 118
19 20 119
19 20 120
19 20 121
19 20 122
19 20 123
19 20 124
19 20 125
19 20 126
19 20 127
19 20 128
19 20 129
19 20 130
19 20 131
19 20 132
19 20 133
19 20 134
19 20 135
19 20 136
19 20 137
19 20 138
19 20 139
19 20 140
19 20 141
19 20 142
19 20 143
19 20 144
19 20 145
19 20 146
19 20 147
19 20 148
19 20 149
19 20 150
19 20 151
19 20 152
19 20 153
19 20 154
19 20 155
19 20 156
19 20 157
19 20 158
19 20 159
19 20 160
19 20 161
19 20 162
19 20 163
19 20 164
19 20 165
19 20 166
19 20 167
19 20 168
19 20 169
19 20 170
19 20 171
19 20 172
19 20 173
19 20 174
19 20 175
19 20 176
19 20 177
19 20 178
19 20 179
19 20 180
19 20 181
19 20 182
19 20 183
19 20 184
19 20 185
19 20 186
19 20 187
19 20 188
19 20 189
19 20 190
19 20 191
19 20 192
19 20 193
19 20 194
19 20 195
19 20 196
19 20 197
19 20 198
19 20 199
19 20 200
19 20 201
19 20 202
19 20 203
19 20 204
19 20 205
19 20 206
19 20 207
19 20 208
19 20 209
19 20 210
19 20 211
19 20 212
19 20 213
19 20 214
19 20 215
19 20 216
19 20 217
19 20 218
19 20 219
19 20 220
19 20 221
19 20 222
19 20 223
19 20 224
19 20 225
19 20 226
19 20 227
19 20 228
19 20 229
19 20 230
19 20 231
19 20 232
19 20 233
19 20 234
19 20 235
19 20 236
19 20 237
19 20 238
19 20 239
19 20 240
19 20 241
19 20 242
19 20 243
19 20 244
19 20 245
