279 48 1
280 48 1
281 48 1
282 48 1
283 48 1
284 48 1
285 48 1
286 48 1
287 48 1
288 48 1
289 48 1
290 48 1
291 48 1
292 48 1
293 48 1
294 48 1
295 48 1
296 48 1
279 49 2
280 49 2
281 49 2
282 49 2
283 49 2
284 49 2
285 49 2
286 49 2
287 49 2
288 49 2
289 49 2
290 49 2
291 49 2
292 49 2
293 49 2
294 49 2
295 49 2
296 49 2
279 50 3
280 50 3
281 50 3
282 50 3
283 50 3
284 50 3
285 50 3
286 50 3
287 50 3
288 50 3
289 50 3
290 50 3
291 50 3
292 50 3
293 50 3
294 50 3
295 50 3
296 50 3
279 51 4
280 51 4
281 51 4
282 51 4
283 51 4
284 51 4
285 51 4
286 51 4
287 51 4
288 51 4
289 51 4
290 51 4
291 51 4
292 51 4
293 51 4
294 51 4
295 51 4
296 51 4
279 52 5
280 52 5
281 52 5
282 52 5
283 52 5
284 52 5
285 52 5
286 52 5
287 52 5
288 52 5
289 52 5
290 52 5
291 52 5
292 52 5
293 52 5
294 52 5
295 52 5
296 52 5
279 48 6
280 48 6
281 48 6
282 48 6
283 48 6
284 48 6
285 48 6
286 48 6
287 48 6
288 48 6
289 48 6
290 48 6
291 48 6
292 48 6
293 48 6
294 48 6
295 48 6
296 48 6
279 49 7
280 49 7
281 49 7
282 49 7
283 49 7
284 49 7
285 49 7
286 49 7
287 49 7
288 49 7
289 49 7
290 49 7
291 49 7
292 49 7
293 49 7
294 49 7
295 49 7
296 49 7
279 50 8
280 50 8
281 50 8
282 50 8
283 50 8
284 50 8
285 50 8
286 50 8
287 50 8
288 50 8
289 50 8
290 50 8
291 50 8
292 50 8
293 50 8
294 50 8
295 50 8
296 50 8
279 51 9
280 51 9
281 51 9
282 51 9
283 51 9
284 51 9
285 51 9
286 51 9
287 51 9
288 51 9
289 51 9
290 51 9
291 51 9
292 51 9
293 51 9
294 51 9
295 51 9
296 51 9
279 52 10
280 52 10
281 52 10
282 52 10
283 52 10
284 52 10
285 52 10
286 52 10
287 52 10
288 52 10
289 52 10
290 52 10
291 52 10
292 52 10
293 52 10
294 52 10
295 52 10
296 52 10
279 48 11
280 48 11
281 48 11
282 48 11
283 48 11
284 48 11
285 48 11
286 48 11
287 48 11
288 48 11
289 48 11
290 48 11
291 48 11
292 48 11
293 48 11
294 48 11
295 48 11
296 48 11
279 49 12
280 49 12
281 49 12
282 49 12
283 49 12
284 49 12
285 49 12
286 49 12
287 49 12
288 49 12
289 49 12
290 49 12
291 49 12
292 49 12
293 49 12
294 49 12
295 49 12
296 49 12
279 50 13
280 50 13
281 50 13
282 50 13
283 50 13
284 50 13
285 50 13
286 50 13
287 50 13
288 50 13
289 50 13
290 50 13
291 50 13
292 50 13
293 50 13
294 50 13
295 50 13
296 50 13
279 51 14
280 51 14
281 51 14
282 51 14
283 51 14
284 51 14
285 51 14
286 51 14
287 51 14
288 51 14
289 51 14
290 51 14
291 51 14
292 51 14
293 51 14
294 51 14
295 51 14
296 51 14
279 52 15
280 52 15
281 52 15
282 52 15
283 52 15
284 52 15
285 52 15
286 52 15
287 52 15
288 52 15
289 52 15
290 52 15
291 52 15
292 52 15
293 52 15
294 52 15
295 52 15
296 52 15
279 48 16
280 48 16
281 48 16
282 48 16
283 48 16
284 48 16
285 48 16
286 48 16
287 48 16
288 48 16
289 48 16
290 48 16
291 48 16
292 48 16
293 48 16
294 48 16
295 48 16
296 48 16
279 49 17
280 49 17
281 49 17
282 49 17
283 49 17
284 49 17
285 49 17
286 49 17
287 49 17
288 49 17
289 49 17
290 49 17
291 49 17
292 49 17
293 49 17
294 49 17
295 49 17
296 49 17
279 50 18
280 50 18
281 50 18
282 50 18
283 50 18
284 50 18
285 50 18
286 50 18
287 50 18
288 50 18
289 50 18
290 50 18
291 50 18
292 50 18
293 50 18
294 50 18
295 50 18
296 50 18
279 51 19
280 51 19
281 51 19
282 51 19
283 51 19
284 51 19
285 51 19
286 51 19
287 51 19
288 51 19
289 51 19
290 51 19
291 51 19
292 51 19
293 51 19
294 51 19
295 51 19
296 51 19
279 52 20
280 52 20
281 52 20
282 52 20
283 52 20
284 52 20
285 52 20
286 52 20
287 52 20
288 52 20
289 52 20
290 52 20
291 52 20
292 52 20
293 52 20
294 52 20
295 52 20
296 52 20
279 48 21
280 48 21
281 48 21
282 48 21
283 48 21
284 48 21
285 48 21
286 48 21
287 48 21
288 48 21
289 48 21
290 48 21
291 48 21
292 48 21
293 48 21
294 48 21
295 48 21
296 48 21
279 49 22
280 49 22
281 49 22
282 49 22
283 49 22
284 49 22
285 49 22
286 49 22
287 49 22
288 49 22
289 49 22
290 49 22
291 49 22
292 49 22
293 49 22
294 49 22
295 49 22
296 49 22
279 50 23
280 50 23
281 50 23
282 50 23
283 50 23
284 50 23
285 50 23
286 50 23
287 50 23
288 50 23
289 50 23
290 50 23
291 50 23
292 50 23
293 50 23
294 50 23
295 50 23
296 50 23
279 51 24
280 51 24
281 51 24
282 51 24
283 51 24
284 51 24
285 51 24
286 51 24
287 51 24
288 51 24
289 51 24
290 51 24
291 51 24
292 51 24
293 51 24
294 51 24
295 51 24
296 51 24
279 52 25
280 52 25
281 52 25
282 52 25
283 52 25
284 52 25
285 52 25
286 52 25
287 52 25
288 52 25
289 52 25
290 52 25
291 52 25
292 52 25
293 52 25
294 52 25
295 52 25
296 52 25
279 48 26
280 48 26
281 48 26
282 48 26
283 48 26
284 48 26
285 48 26
286 48 26
287 48 26
288 48 26
289 48 26
290 48 26
291 48 26
292 48 26
293 48 26
294 48 26
295 48 26
296 48 26
279 49 27
280 49 27
281 49 27
282 49 27
283 49 27
284 49 27
285 49 27
286 49 27
287 49 27
288 49 27
289 49 27
290 49 27
291 49 27
292 49 27
293 49 27
294 49 27
295 49 27
296 49 27
279 50 28
280 50 28
281 50 28
282 50 28
283 50 28
284 50 28
285 50 28
286 50 28
287 50 28
288 50 28
289 50 28
290 50 28
291 50 28
292 50 28
293 50 28
294 50 28
295 50 28
296 50 28
279 51 29
280 51 29
281 51 29
282 51 29
283 51 29
284 51 29
285 51 29
286 51 29
287 51 29
288 51 29
289 51 29
290 51 29
291 51 29
292 51 29
293 51 29
294 51 29
295 51 29
296 51 29
279 52 30
280 52 30
281 52 30
282 52 30
283 52 30
284 52 30
285 52 30
286 52 30
287 52 30
288 52 30
289 52 30
290 52 30
291 52 30
292 52 30
293 52 30
294 52 30
295 52 30
296 52 30
