279 159 1
280 159 1
281 159 1
282 159 1
283 159 1
279 160 2
280 160 2
281 160 2
282 160 2
283 160 2
279 159 3
280 159 3
281 159 3
282 159 3
283 159 3
279 160 4
280 160 4
281 160 4
282 160 4
283 160 4
279 159 5
280 159 5
281 159 5
282 159 5
283 159 5
279 160 6
280 160 6
281 160 6
282 160 6
283 160 6
279 159 7
280 159 7
281 159 7
282 159 7
283 159 7
279 160 8
280 160 8
281 160 8
282 160 8
283 160 8
279 159 9
280 159 9
281 159 9
282 159 9
283 159 9
279 160 10
280 160 10
281 160 10
282 160 10
283 160 10
279 159 11
280 159 11
281 159 11
282 159 11
283 159 11
279 160 12
280 160 12
281 160 12
282 160 12
283 160 12
279 159 13
280 159 13
281 159 13
282 159 13
283 159 13
279 160 14
280 160 14
281 160 14
282 160 14
283 160 14
279 159 15
280 159 15
281 159 15
282 159 15
283 159 15
279 160 16
280 160 16
281 160 16
282 160 16
283 160 16
279 159 17
280 159 17
281 159 17
282 159 17
283 159 17
279 160 18
280 160 18
281 160 18
282 160 18
283 160 18
279 159 19
280 159 19
281 159 19
282 159 19
283 159 19
279 160 20
280 160 20
281 160 20
282 160 20
283 160 20
279 159 21
280 159 21
281 159 21
282 159 21
283 159 21
279 160 22
280 160 22
281 160 22
282 160 22
283 160 22
279 159 23
280 159 23
281 159 23
282 159 23
283 159 23
279 160 24
280 160 24
281 160 24
282 160 24
283 160 24
279 159 25
280 159 25
281 159 25
282 159 25
283 159 25
279 160 26
280 160 26
281 160 26
282 160 26
283 160 26
279 159 27
280 159 27
281 159 27
282 159 27
283 159 27
279 160 28
280 160 28
281 160 28
282 160 28
283 160 28
