279 135 1
280 135 1
281 135 1
282 135 1
283 135 1
279 136 2
280 136 2
281 136 2
282 136 2
283 136 2
279 135 3
280 135 3
281 135 3
282 135 3
283 135 3
279 136 4
280 136 4
281 136 4
282 136 4
283 136 4
279 135 5
280 135 5
281 135 5
282 135 5
283 135 5
279 136 6
280 136 6
281 136 6
282 136 6
283 136 6
279 135 7
280 135 7
281 135 7
282 135 7
283 135 7
279 136 8
280 136 8
281 136 8
282 136 8
283 136 8
279 135 9
280 135 9
281 135 9
282 135 9
283 135 9
279 136 10
280 136 10
281 136 10
282 136 10
283 136 10
279 135 11
280 135 11
281 135 11
282 135 11
283 135 11
279 136 12
280 136 12
281 136 12
282 136 12
283 136 12
279 135 13
280 135 13
281 135 13
282 135 13
283 135 13
279 136 14
280 136 14
281 136 14
282 136 14
283 136 14
279 135 15
280 135 15
281 135 15
282 135 15
283 135 15
279 136 16
280 136 16
281 136 16
282 136 16
283 136 16
279 135 17
280 135 17
281 135 17
282 135 17
283 135 17
279 136 18
280 136 18
281 136 18
282 136 18
283 136 18
279 135 19
280 135 19
281 135 19
282 135 19
283 135 19
279 136 20
280 136 20
281 136 20
282 136 20
283 136 20
279 135 21
280 135 21
281 135 21
282 135 21
283 135 21
279 136 22
280 136 22
281 136 22
282 136 22
283 136 22
279 135 23
280 135 23
281 135 23
282 135 23
283 135 23
279 136 24
280 136 24
281 136 24
282 136 24
283 136 24
279 135 25
280 135 25
281 135 25
282 135 25
283 135 25
279 136 26
280 136 26
281 136 26
282 136 26
283 136 26
279 135 27
280 135 27
281 135 27
282 135 27
283 135 27
279 136 28
280 136 28
281 136 28
282 136 28
283 136 28
