279 72 1
280 72 1
281 72 1
282 72 1
283 72 1
284 72 1
285 72 1
286 72 1
287 72 1
288 72 1
289 72 1
290 72 1
291 72 1
292 72 1
293 72 1
294 72 1
295 72 1
296 72 1
279 73 2
280 73 2
281 73 2
282 73 2
283 73 2
284 73 2
285 73 2
286 73 2
287 73 2
288 73 2
289 73 2
290 73 2
291 73 2
292 73 2
293 73 2
294 73 2
295 73 2
296 73 2
279 74 3
280 74 3
281 74 3
282 74 3
283 74 3
284 74 3
285 74 3
286 74 3
287 74 3
288 74 3
289 74 3
290 74 3
291 74 3
292 74 3
293 74 3
294 74 3
295 74 3
296 74 3
279 75 4
280 75 4
281 75 4
282 75 4
283 75 4
284 75 4
285 75 4
286 75 4
287 75 4
288 75 4
289 75 4
290 75 4
291 75 4
292 75 4
293 75 4
294 75 4
295 75 4
296 75 4
279 76 5
280 76 5
281 76 5
282 76 5
283 76 5
284 76 5
285 76 5
286 76 5
287 76 5
288 76 5
289 76 5
290 76 5
291 76 5
292 76 5
293 76 5
294 76 5
295 76 5
296 76 5
279 72 6
280 72 6
281 72 6
282 72 6
283 72 6
284 72 6
285 72 6
286 72 6
287 72 6
288 72 6
289 72 6
290 72 6
291 72 6
292 72 6
293 72 6
294 72 6
295 72 6
296 72 6
279 73 7
280 73 7
281 73 7
282 73 7
283 73 7
284 73 7
285 73 7
286 73 7
287 73 7
288 73 7
289 73 7
290 73 7
291 73 7
292 73 7
293 73 7
294 73 7
295 73 7
296 73 7
279 74 8
280 74 8
281 74 8
282 74 8
283 74 8
284 74 8
285 74 8
286 74 8
287 74 8
288 74 8
289 74 8
290 74 8
291 74 8
292 74 8
293 74 8
294 74 8
295 74 8
296 74 8
279 75 9
280 75 9
281 75 9
282 75 9
283 75 9
284 75 9
285 75 9
286 75 9
287 75 9
288 75 9
289 75 9
290 75 9
291 75 9
292 75 9
293 75 9
294 75 9
295 75 9
296 75 9
279 76 10
280 76 10
281 76 10
282 76 10
283 76 10
284 76 10
285 76 10
286 76 10
287 76 10
288 76 10
289 76 10
290 76 10
291 76 10
292 76 10
293 76 10
294 76 10
295 76 10
296 76 10
279 72 11
280 72 11
281 72 11
282 72 11
283 72 11
284 72 11
285 72 11
286 72 11
287 72 11
288 72 11
289 72 11
290 72 11
291 72 11
292 72 11
293 72 11
294 72 11
295 72 11
296 72 11
279 73 12
280 73 12
281 73 12
282 73 12
283 73 12
284 73 12
285 73 12
286 73 12
287 73 12
288 73 12
289 73 12
290 73 12
291 73 12
292 73 12
293 73 12
294 73 12
295 73 12
296 73 12
279 74 13
280 74 13
281 74 13
282 74 13
283 74 13
284 74 13
285 74 13
286 74 13
287 74 13
288 74 13
289 74 13
290 74 13
291 74 13
292 74 13
293 74 13
294 74 13
295 74 13
296 74 13
279 75 14
280 75 14
281 75 14
282 75 14
283 75 14
284 75 14
285 75 14
286 75 14
287 75 14
288 75 14
289 75 14
290 75 14
291 75 14
292 75 14
293 75 14
294 75 14
295 75 14
296 75 14
279 76 15
280 76 15
281 76 15
282 76 15
283 76 15
284 76 15
285 76 15
286 76 15
287 76 15
288 76 15
289 76 15
290 76 15
291 76 15
292 76 15
293 76 15
294 76 15
295 76 15
296 76 15
279 72 16
280 72 16
281 72 16
282 72 16
283 72 16
284 72 16
285 72 16
286 72 16
287 72 16
288 72 16
289 72 16
290 72 16
291 72 16
292 72 16
293 72 16
294 72 16
295 72 16
296 72 16
279 73 17
280 73 17
281 73 17
282 73 17
283 73 17
284 73 17
285 73 17
286 73 17
287 73 17
288 73 17
289 73 17
290 73 17
291 73 17
292 73 17
293 73 17
294 73 17
295 73 17
296 73 17
279 74 18
280 74 18
281 74 18
282 74 18
283 74 18
284 74 18
285 74 18
286 74 18
287 74 18
288 74 18
289 74 18
290 74 18
291 74 18
292 74 18
293 74 18
294 74 18
295 74 18
296 74 18
279 75 19
280 75 19
281 75 19
282 75 19
283 75 19
284 75 19
285 75 19
286 75 19
287 75 19
288 75 19
289 75 19
290 75 19
291 75 19
292 75 19
293 75 19
294 75 19
295 75 19
296 75 19
279 76 20
280 76 20
281 76 20
282 76 20
283 76 20
284 76 20
285 76 20
286 76 20
287 76 20
288 76 20
289 76 20
290 76 20
291 76 20
292 76 20
293 76 20
294 76 20
295 76 20
296 76 20
279 72 21
280 72 21
281 72 21
282 72 21
283 72 21
284 72 21
285 72 21
286 72 21
287 72 21
288 72 21
289 72 21
290 72 21
291 72 21
292 72 21
293 72 21
294 72 21
295 72 21
296 72 21
279 73 22
280 73 22
281 73 22
282 73 22
283 73 22
284 73 22
285 73 22
286 73 22
287 73 22
288 73 22
289 73 22
290 73 22
291 73 22
292 73 22
293 73 22
294 73 22
295 73 22
296 73 22
279 74 23
280 74 23
281 74 23
282 74 23
283 74 23
284 74 23
285 74 23
286 74 23
287 74 23
288 74 23
289 74 23
290 74 23
291 74 23
292 74 23
293 74 23
294 74 23
295 74 23
296 74 23
279 75 24
280 75 24
281 75 24
282 75 24
283 75 24
284 75 24
285 75 24
286 75 24
287 75 24
288 75 24
289 75 24
290 75 24
291 75 24
292 75 24
293 75 24
294 75 24
295 75 24
296 75 24
279 76 25
280 76 25
281 76 25
282 76 25
283 76 25
284 76 25
285 76 25
286 76 25
287 76 25
288 76 25
289 76 25
290 76 25
291 76 25
292 76 25
293 76 25
294 76 25
295 76 25
296 76 25
279 72 26
280 72 26
281 72 26
282 72 26
283 72 26
284 72 26
285 72 26
286 72 26
287 72 26
288 72 26
289 72 26
290 72 26
291 72 26
292 72 26
293 72 26
294 72 26
295 72 26
296 72 26
279 73 27
280 73 27
281 73 27
282 73 27
283 73 27
284 73 27
285 73 27
286 73 27
287 73 27
288 73 27
289 73 27
290 73 27
291 73 27
292 73 27
293 73 27
294 73 27
295 73 27
296 73 27
279 74 28
280 74 28
281 74 28
282 74 28
283 74 28
284 74 28
285 74 28
286 74 28
287 74 28
288 74 28
289 74 28
290 74 28
291 74 28
292 74 28
293 74 28
294 74 28
295 74 28
296 74 28
279 75 29
280 75 29
281 75 29
282 75 29
283 75 29
284 75 29
285 75 29
286 75 29
287 75 29
288 75 29
289 75 29
290 75 29
291 75 29
292 75 29
293 75 29
294 75 29
295 75 29
296 75 29
279 76 30
280 76 30
281 76 30
282 76 30
283 76 30
284 76 30
285 76 30
286 76 30
287 76 30
288 76 30
289 76 30
290 76 30
291 76 30
292 76 30
293 76 30
294 76 30
295 76 30
296 76 30
