279 84 1
280 84 1
281 84 1
282 84 1
283 84 1
279 85 2
280 85 2
281 85 2
282 85 2
283 85 2
279 84 3
280 84 3
281 84 3
282 84 3
283 84 3
279 85 4
280 85 4
281 85 4
282 85 4
283 85 4
279 84 5
280 84 5
281 84 5
282 84 5
283 84 5
279 85 6
280 85 6
281 85 6
282 85 6
283 85 6
279 84 7
280 84 7
281 84 7
282 84 7
283 84 7
279 85 8
280 85 8
281 85 8
282 85 8
283 85 8
279 84 9
280 84 9
281 84 9
282 84 9
283 84 9
279 85 10
280 85 10
281 85 10
282 85 10
283 85 10
279 84 11
280 84 11
281 84 11
282 84 11
283 84 11
279 85 12
280 85 12
281 85 12
282 85 12
283 85 12
279 84 13
280 84 13
281 84 13
282 84 13
283 84 13
279 85 14
280 85 14
281 85 14
282 85 14
283 85 14
279 84 15
280 84 15
281 84 15
282 84 15
283 84 15
279 85 16
280 85 16
281 85 16
282 85 16
283 85 16
279 84 17
280 84 17
281 84 17
282 84 17
283 84 17
279 85 18
280 85 18
281 85 18
282 85 18
283 85 18
279 84 19
280 84 19
281 84 19
282 84 19
283 84 19
279 85 20
280 85 20
281 85 20
282 85 20
283 85 20
279 84 21
280 84 21
281 84 21
282 84 21
283 84 21
279 85 22
280 85 22
281 85 22
282 85 22
283 85 22
279 84 23
280 84 23
281 84 23
282 84 23
283 84 23
279 85 24
280 85 24
281 85 24
282 85 24
283 85 24
279 84 25
280 84 25
281 84 25
282 84 25
283 84 25
279 85 26
280 85 26
281 85 26
282 85 26
283 85 26
279 84 27
280 84 27
281 84 27
282 84 27
283 84 27
279 85 28
280 85 28
281 85 28
282 85 28
283 85 28
