279 213 1
280 213 1
281 213 1
282 213 1
283 213 1
279 214 2
280 214 2
281 214 2
282 214 2
283 214 2
279 213 3
280 213 3
281 213 3
282 213 3
283 213 3
279 214 4
280 214 4
281 214 4
282 214 4
283 214 4
279 213 5
280 213 5
281 213 5
282 213 5
283 213 5
279 214 6
280 214 6
281 214 6
282 214 6
283 214 6
279 213 7
280 213 7
281 213 7
282 213 7
283 213 7
279 214 8
280 214 8
281 214 8
282 214 8
283 214 8
279 213 9
280 213 9
281 213 9
282 213 9
283 213 9
279 214 10
280 214 10
281 214 10
282 214 10
283 214 10
279 213 11
280 213 11
281 213 11
282 213 11
283 213 11
279 214 12
280 214 12
281 214 12
282 214 12
283 214 12
279 213 13
280 213 13
281 213 13
282 213 13
283 213 13
279 214 14
280 214 14
281 214 14
282 214 14
283 214 14
279 213 15
280 213 15
281 213 15
282 213 15
283 213 15
279 214 16
280 214 16
281 214 16
282 214 16
283 214 16
279 213 17
280 213 17
281 213 17
282 213 17
283 213 17
279 214 18
280 214 18
281 214 18
282 214 18
283 214 18
279 213 19
280 213 19
281 213 19
282 213 19
283 213 19
279 214 20
280 214 20
281 214 20
282 214 20
283 214 20
279 213 21
280 213 21
281 213 21
282 213 21
283 213 21
279 214 22
280 214 22
281 214 22
282 214 22
283 214 22
279 213 23
280 213 23
281 213 23
282 213 23
283 213 23
279 214 24
280 214 24
281 214 24
282 214 24
283 214 24
279 213 25
280 213 25
281 213 25
282 213 25
283 213 25
279 214 26
280 214 26
281 214 26
282 214 26
283 214 26
279 213 27
280 213 27
281 213 27
282 213 27
283 213 27
279 214 28
280 214 28
281 214 28
282 214 28
283 214 28
