279 162 1
280 162 1
281 162 1
282 162 1
283 162 1
279 163 2
280 163 2
281 163 2
282 163 2
283 163 2
279 162 3
280 162 3
281 162 3
282 162 3
283 162 3
279 163 4
280 163 4
281 163 4
282 163 4
283 163 4
279 162 5
280 162 5
281 162 5
282 162 5
283 162 5
279 163 6
280 163 6
281 163 6
282 163 6
283 163 6
279 162 7
280 162 7
281 162 7
282 162 7
283 162 7
279 163 8
280 163 8
281 163 8
282 163 8
283 163 8
279 162 9
280 162 9
281 162 9
282 162 9
283 162 9
279 163 10
280 163 10
281 163 10
282 163 10
283 163 10
279 162 11
280 162 11
281 162 11
282 162 11
283 162 11
279 163 12
280 163 12
281 163 12
282 163 12
283 163 12
279 162 13
280 162 13
281 162 13
282 162 13
283 162 13
279 163 14
280 163 14
281 163 14
282 163 14
283 163 14
279 162 15
280 162 15
281 162 15
282 162 15
283 162 15
279 163 16
280 163 16
281 163 16
282 163 16
283 163 16
279 162 17
280 162 17
281 162 17
282 162 17
283 162 17
279 163 18
280 163 18
281 163 18
282 163 18
283 163 18
279 162 19
280 162 19
281 162 19
282 162 19
283 162 19
279 163 20
280 163 20
281 163 20
282 163 20
283 163 20
279 162 21
280 162 21
281 162 21
282 162 21
283 162 21
279 163 22
280 163 22
281 163 22
282 163 22
283 163 22
279 162 23
280 162 23
281 162 23
282 162 23
283 162 23
279 163 24
280 163 24
281 163 24
282 163 24
283 163 24
279 162 25
280 162 25
281 162 25
282 162 25
283 162 25
279 163 26
280 163 26
281 163 26
282 163 26
283 163 26
279 162 27
280 162 27
281 162 27
282 162 27
283 162 27
279 163 28
280 163 28
281 163 28
282 163 28
283 163 28
