279 90 1
280 90 1
281 90 1
282 90 1
283 90 1
279 91 2
280 91 2
281 91 2
282 91 2
283 91 2
279 90 3
280 90 3
281 90 3
282 90 3
283 90 3
279 91 4
280 91 4
281 91 4
282 91 4
283 91 4
279 90 5
280 90 5
281 90 5
282 90 5
283 90 5
279 91 6
280 91 6
281 91 6
282 91 6
283 91 6
279 90 7
280 90 7
281 90 7
282 90 7
283 90 7
279 91 8
280 91 8
281 91 8
282 91 8
283 91 8
279 90 9
280 90 9
281 90 9
282 90 9
283 90 9
279 91 10
280 91 10
281 91 10
282 91 10
283 91 10
279 90 11
280 90 11
281 90 11
282 90 11
283 90 11
279 91 12
280 91 12
281 91 12
282 91 12
283 91 12
279 90 13
280 90 13
281 90 13
282 90 13
283 90 13
279 91 14
280 91 14
281 91 14
282 91 14
283 91 14
279 90 15
280 90 15
281 90 15
282 90 15
283 90 15
279 91 16
280 91 16
281 91 16
282 91 16
283 91 16
279 90 17
280 90 17
281 90 17
282 90 17
283 90 17
279 91 18
280 91 18
281 91 18
282 91 18
283 91 18
279 90 19
280 90 19
281 90 19
282 90 19
283 90 19
279 91 20
280 91 20
281 91 20
282 91 20
283 91 20
279 90 21
280 90 21
281 90 21
282 90 21
283 90 21
279 91 22
280 91 22
281 91 22
282 91 22
283 91 22
279 90 23
280 90 23
281 90 23
282 90 23
283 90 23
279 91 24
280 91 24
281 91 24
282 91 24
283 91 24
279 90 25
280 90 25
281 90 25
282 90 25
283 90 25
279 91 26
280 91 26
281 91 26
282 91 26
283 91 26
279 90 27
280 90 27
281 90 27
282 90 27
283 90 27
279 91 28
280 91 28
281 91 28
282 91 28
283 91 28
