279 120 1
280 120 1
281 120 1
282 120 1
283 120 1
284 120 1
285 120 1
286 120 1
287 120 1
288 120 1
289 120 1
290 120 1
291 120 1
292 120 1
293 120 1
294 120 1
295 120 1
296 120 1
279 121 2
280 121 2
281 121 2
282 121 2
283 121 2
284 121 2
285 121 2
286 121 2
287 121 2
288 121 2
289 121 2
290 121 2
291 121 2
292 121 2
293 121 2
294 121 2
295 121 2
296 121 2
279 122 3
280 122 3
281 122 3
282 122 3
283 122 3
284 122 3
285 122 3
286 122 3
287 122 3
288 122 3
289 122 3
290 122 3
291 122 3
292 122 3
293 122 3
294 122 3
295 122 3
296 122 3
279 123 4
280 123 4
281 123 4
282 123 4
283 123 4
284 123 4
285 123 4
286 123 4
287 123 4
288 123 4
289 123 4
290 123 4
291 123 4
292 123 4
293 123 4
294 123 4
295 123 4
296 123 4
279 124 5
280 124 5
281 124 5
282 124 5
283 124 5
284 124 5
285 124 5
286 124 5
287 124 5
288 124 5
289 124 5
290 124 5
291 124 5
292 124 5
293 124 5
294 124 5
295 124 5
296 124 5
279 120 6
280 120 6
281 120 6
282 120 6
283 120 6
284 120 6
285 120 6
286 120 6
287 120 6
288 120 6
289 120 6
290 120 6
291 120 6
292 120 6
293 120 6
294 120 6
295 120 6
296 120 6
279 121 7
280 121 7
281 121 7
282 121 7
283 121 7
284 121 7
285 121 7
286 121 7
287 121 7
288 121 7
289 121 7
290 121 7
291 121 7
292 121 7
293 121 7
294 121 7
295 121 7
296 121 7
279 122 8
280 122 8
281 122 8
282 122 8
283 122 8
284 122 8
285 122 8
286 122 8
287 122 8
288 122 8
289 122 8
290 122 8
291 122 8
292 122 8
293 122 8
294 122 8
295 122 8
296 122 8
279 123 9
280 123 9
281 123 9
282 123 9
283 123 9
284 123 9
285 123 9
286 123 9
287 123 9
288 123 9
289 123 9
290 123 9
291 123 9
292 123 9
293 123 9
294 123 9
295 123 9
296 123 9
279 124 10
280 124 10
281 124 10
282 124 10
283 124 10
284 124 10
285 124 10
286 124 10
287 124 10
288 124 10
289 124 10
290 124 10
291 124 10
292 124 10
293 124 10
294 124 10
295 124 10
296 124 10
279 120 11
280 120 11
281 120 11
282 120 11
283 120 11
284 120 11
285 120 11
286 120 11
287 120 11
288 120 11
289 120 11
290 120 11
291 120 11
292 120 11
293 120 11
294 120 11
295 120 11
296 120 11
279 121 12
280 121 12
281 121 12
282 121 12
283 121 12
284 121 12
285 121 12
286 121 12
287 121 12
288 121 12
289 121 12
290 121 12
291 121 12
292 121 12
293 121 12
294 121 12
295 121 12
296 121 12
279 122 13
280 122 13
281 122 13
282 122 13
283 122 13
284 122 13
285 122 13
286 122 13
287 122 13
288 122 13
289 122 13
290 122 13
291 122 13
292 122 13
293 122 13
294 122 13
295 122 13
296 122 13
279 123 14
280 123 14
281 123 14
282 123 14
283 123 14
284 123 14
285 123 14
286 123 14
287 123 14
288 123 14
289 123 14
290 123 14
291 123 14
292 123 14
293 123 14
294 123 14
295 123 14
296 123 14
279 124 15
280 124 15
281 124 15
282 124 15
283 124 15
284 124 15
285 124 15
286 124 15
287 124 15
288 124 15
289 124 15
290 124 15
291 124 15
292 124 15
293 124 15
294 124 15
295 124 15
296 124 15
279 120 16
280 120 16
281 120 16
282 120 16
283 120 16
284 120 16
285 120 16
286 120 16
287 120 16
288 120 16
289 120 16
290 120 16
291 120 16
292 120 16
293 120 16
294 120 16
295 120 16
296 120 16
279 121 17
280 121 17
281 121 17
282 121 17
283 121 17
284 121 17
285 121 17
286 121 17
287 121 17
288 121 17
289 121 17
290 121 17
291 121 17
292 121 17
293 121 17
294 121 17
295 121 17
296 121 17
279 122 18
280 122 18
281 122 18
282 122 18
283 122 18
284 122 18
285 122 18
286 122 18
287 122 18
288 122 18
289 122 18
290 122 18
291 122 18
292 122 18
293 122 18
294 122 18
295 122 18
296 122 18
279 123 19
280 123 19
281 123 19
282 123 19
283 123 19
284 123 19
285 123 19
286 123 19
287 123 19
288 123 19
289 123 19
290 123 19
291 123 19
292 123 19
293 123 19
294 123 19
295 123 19
296 123 19
279 124 20
280 124 20
281 124 20
282 124 20
283 124 20
284 124 20
285 124 20
286 124 20
287 124 20
288 124 20
289 124 20
290 124 20
291 124 20
292 124 20
293 124 20
294 124 20
295 124 20
296 124 20
279 120 21
280 120 21
281 120 21
282 120 21
283 120 21
284 120 21
285 120 21
286 120 21
287 120 21
288 120 21
289 120 21
290 120 21
291 120 21
292 120 21
293 120 21
294 120 21
295 120 21
296 120 21
279 121 22
280 121 22
281 121 22
282 121 22
283 121 22
284 121 22
285 121 22
286 121 22
287 121 22
288 121 22
289 121 22
290 121 22
291 121 22
292 121 22
293 121 22
294 121 22
295 121 22
296 121 22
279 122 23
280 122 23
281 122 23
282 122 23
283 122 23
284 122 23
285 122 23
286 122 23
287 122 23
288 122 23
289 122 23
290 122 23
291 122 23
292 122 23
293 122 23
294 122 23
295 122 23
296 122 23
279 123 24
280 123 24
281 123 24
282 123 24
283 123 24
284 123 24
285 123 24
286 123 24
287 123 24
288 123 24
289 123 24
290 123 24
291 123 24
292 123 24
293 123 24
294 123 24
295 123 24
296 123 24
279 124 25
280 124 25
281 124 25
282 124 25
283 124 25
284 124 25
285 124 25
286 124 25
287 124 25
288 124 25
289 124 25
290 124 25
291 124 25
292 124 25
293 124 25
294 124 25
295 124 25
296 124 25
279 120 26
280 120 26
281 120 26
282 120 26
283 120 26
284 120 26
285 120 26
286 120 26
287 120 26
288 120 26
289 120 26
290 120 26
291 120 26
292 120 26
293 120 26
294 120 26
295 120 26
296 120 26
279 121 27
280 121 27
281 121 27
282 121 27
283 121 27
284 121 27
285 121 27
286 121 27
287 121 27
288 121 27
289 121 27
290 121 27
291 121 27
292 121 27
293 121 27
294 121 27
295 121 27
296 121 27
279 122 28
280 122 28
281 122 28
282 122 28
283 122 28
284 122 28
285 122 28
286 122 28
287 122 28
288 122 28
289 122 28
290 122 28
291 122 28
292 122 28
293 122 28
294 122 28
295 122 28
296 122 28
279 123 29
280 123 29
281 123 29
282 123 29
283 123 29
284 123 29
285 123 29
286 123 29
287 123 29
288 123 29
289 123 29
290 123 29
291 123 29
292 123 29
293 123 29
294 123 29
295 123 29
296 123 29
279 124 30
280 124 30
281 124 30
282 124 30
283 124 30
284 124 30
285 124 30
286 124 30
287 124 30
288 124 30
289 124 30
290 124 30
291 124 30
292 124 30
293 124 30
294 124 30
295 124 30
296 124 30
