279 165 1
280 165 1
281 165 1
282 165 1
283 165 1
279 166 2
280 166 2
281 166 2
282 166 2
283 166 2
279 165 3
280 165 3
281 165 3
282 165 3
283 165 3
279 166 4
280 166 4
281 166 4
282 166 4
283 166 4
279 165 5
280 165 5
281 165 5
282 165 5
283 165 5
279 166 6
280 166 6
281 166 6
282 166 6
283 166 6
279 165 7
280 165 7
281 165 7
282 165 7
283 165 7
279 166 8
280 166 8
281 166 8
282 166 8
283 166 8
279 165 9
280 165 9
281 165 9
282 165 9
283 165 9
279 166 10
280 166 10
281 166 10
282 166 10
283 166 10
279 165 11
280 165 11
281 165 11
282 165 11
283 165 11
279 166 12
280 166 12
281 166 12
282 166 12
283 166 12
279 165 13
280 165 13
281 165 13
282 165 13
283 165 13
279 166 14
280 166 14
281 166 14
282 166 14
283 166 14
279 165 15
280 165 15
281 165 15
282 165 15
283 165 15
279 166 16
280 166 16
281 166 16
282 166 16
283 166 16
279 165 17
280 165 17
281 165 17
282 165 17
283 165 17
279 166 18
280 166 18
281 166 18
282 166 18
283 166 18
279 165 19
280 165 19
281 165 19
282 165 19
283 165 19
279 166 20
280 166 20
281 166 20
282 166 20
283 166 20
279 165 21
280 165 21
281 165 21
282 165 21
283 165 21
279 166 22
280 166 22
281 166 22
282 166 22
283 166 22
279 165 23
280 165 23
281 165 23
282 165 23
283 165 23
279 166 24
280 166 24
281 166 24
282 166 24
283 166 24
279 165 25
280 165 25
281 165 25
282 165 25
283 165 25
279 166 26
280 166 26
281 166 26
282 166 26
283 166 26
279 165 27
280 165 27
281 165 27
282 165 27
283 165 27
279 166 28
280 166 28
281 166 28
282 166 28
283 166 28
