279 96 1
280 96 1
281 96 1
282 96 1
283 96 1
284 96 1
285 96 1
286 96 1
287 96 1
288 96 1
289 96 1
290 96 1
291 96 1
292 96 1
293 96 1
294 96 1
295 96 1
296 96 1
279 97 2
280 97 2
281 97 2
282 97 2
283 97 2
284 97 2
285 97 2
286 97 2
287 97 2
288 97 2
289 97 2
290 97 2
291 97 2
292 97 2
293 97 2
294 97 2
295 97 2
296 97 2
279 98 3
280 98 3
281 98 3
282 98 3
283 98 3
284 98 3
285 98 3
286 98 3
287 98 3
288 98 3
289 98 3
290 98 3
291 98 3
292 98 3
293 98 3
294 98 3
295 98 3
296 98 3
279 99 4
280 99 4
281 99 4
282 99 4
283 99 4
284 99 4
285 99 4
286 99 4
287 99 4
288 99 4
289 99 4
290 99 4
291 99 4
292 99 4
293 99 4
294 99 4
295 99 4
296 99 4
279 100 5
280 100 5
281 100 5
282 100 5
283 100 5
284 100 5
285 100 5
286 100 5
287 100 5
288 100 5
289 100 5
290 100 5
291 100 5
292 100 5
293 100 5
294 100 5
295 100 5
296 100 5
279 96 6
280 96 6
281 96 6
282 96 6
283 96 6
284 96 6
285 96 6
286 96 6
287 96 6
288 96 6
289 96 6
290 96 6
291 96 6
292 96 6
293 96 6
294 96 6
295 96 6
296 96 6
279 97 7
280 97 7
281 97 7
282 97 7
283 97 7
284 97 7
285 97 7
286 97 7
287 97 7
288 97 7
289 97 7
290 97 7
291 97 7
292 97 7
293 97 7
294 97 7
295 97 7
296 97 7
279 98 8
280 98 8
281 98 8
282 98 8
283 98 8
284 98 8
285 98 8
286 98 8
287 98 8
288 98 8
289 98 8
290 98 8
291 98 8
292 98 8
293 98 8
294 98 8
295 98 8
296 98 8
279 99 9
280 99 9
281 99 9
282 99 9
283 99 9
284 99 9
285 99 9
286 99 9
287 99 9
288 99 9
289 99 9
290 99 9
291 99 9
292 99 9
293 99 9
294 99 9
295 99 9
296 99 9
279 100 10
280 100 10
281 100 10
282 100 10
283 100 10
284 100 10
285 100 10
286 100 10
287 100 10
288 100 10
289 100 10
290 100 10
291 100 10
292 100 10
293 100 10
294 100 10
295 100 10
296 100 10
279 96 11
280 96 11
281 96 11
282 96 11
283 96 11
284 96 11
285 96 11
286 96 11
287 96 11
288 96 11
289 96 11
290 96 11
291 96 11
292 96 11
293 96 11
294 96 11
295 96 11
296 96 11
279 97 12
280 97 12
281 97 12
282 97 12
283 97 12
284 97 12
285 97 12
286 97 12
287 97 12
288 97 12
289 97 12
290 97 12
291 97 12
292 97 12
293 97 12
294 97 12
295 97 12
296 97 12
279 98 13
280 98 13
281 98 13
282 98 13
283 98 13
284 98 13
285 98 13
286 98 13
287 98 13
288 98 13
289 98 13
290 98 13
291 98 13
292 98 13
293 98 13
294 98 13
295 98 13
296 98 13
279 99 14
280 99 14
281 99 14
282 99 14
283 99 14
284 99 14
285 99 14
286 99 14
287 99 14
288 99 14
289 99 14
290 99 14
291 99 14
292 99 14
293 99 14
294 99 14
295 99 14
296 99 14
279 100 15
280 100 15
281 100 15
282 100 15
283 100 15
284 100 15
285 100 15
286 100 15
287 100 15
288 100 15
289 100 15
290 100 15
291 100 15
292 100 15
293 100 15
294 100 15
295 100 15
296 100 15
279 96 16
280 96 16
281 96 16
282 96 16
283 96 16
284 96 16
285 96 16
286 96 16
287 96 16
288 96 16
289 96 16
290 96 16
291 96 16
292 96 16
293 96 16
294 96 16
295 96 16
296 96 16
279 97 17
280 97 17
281 97 17
282 97 17
283 97 17
284 97 17
285 97 17
286 97 17
287 97 17
288 97 17
289 97 17
290 97 17
291 97 17
292 97 17
293 97 17
294 97 17
295 97 17
296 97 17
279 98 18
280 98 18
281 98 18
282 98 18
283 98 18
284 98 18
285 98 18
286 98 18
287 98 18
288 98 18
289 98 18
290 98 18
291 98 18
292 98 18
293 98 18
294 98 18
295 98 18
296 98 18
279 99 19
280 99 19
281 99 19
282 99 19
283 99 19
284 99 19
285 99 19
286 99 19
287 99 19
288 99 19
289 99 19
290 99 19
291 99 19
292 99 19
293 99 19
294 99 19
295 99 19
296 99 19
279 100 20
280 100 20
281 100 20
282 100 20
283 100 20
284 100 20
285 100 20
286 100 20
287 100 20
288 100 20
289 100 20
290 100 20
291 100 20
292 100 20
293 100 20
294 100 20
295 100 20
296 100 20
279 96 21
280 96 21
281 96 21
282 96 21
283 96 21
284 96 21
285 96 21
286 96 21
287 96 21
288 96 21
289 96 21
290 96 21
291 96 21
292 96 21
293 96 21
294 96 21
295 96 21
296 96 21
279 97 22
280 97 22
281 97 22
282 97 22
283 97 22
284 97 22
285 97 22
286 97 22
287 97 22
288 97 22
289 97 22
290 97 22
291 97 22
292 97 22
293 97 22
294 97 22
295 97 22
296 97 22
279 98 23
280 98 23
281 98 23
282 98 23
283 98 23
284 98 23
285 98 23
286 98 23
287 98 23
288 98 23
289 98 23
290 98 23
291 98 23
292 98 23
293 98 23
294 98 23
295 98 23
296 98 23
279 99 24
280 99 24
281 99 24
282 99 24
283 99 24
284 99 24
285 99 24
286 99 24
287 99 24
288 99 24
289 99 24
290 99 24
291 99 24
292 99 24
293 99 24
294 99 24
295 99 24
296 99 24
279 100 25
280 100 25
281 100 25
282 100 25
283 100 25
284 100 25
285 100 25
286 100 25
287 100 25
288 100 25
289 100 25
290 100 25
291 100 25
292 100 25
293 100 25
294 100 25
295 100 25
296 100 25
279 96 26
280 96 26
281 96 26
282 96 26
283 96 26
284 96 26
285 96 26
286 96 26
287 96 26
288 96 26
289 96 26
290 96 26
291 96 26
292 96 26
293 96 26
294 96 26
295 96 26
296 96 26
279 97 27
280 97 27
281 97 27
282 97 27
283 97 27
284 97 27
285 97 27
286 97 27
287 97 27
288 97 27
289 97 27
290 97 27
291 97 27
292 97 27
293 97 27
294 97 27
295 97 27
296 97 27
279 98 28
280 98 28
281 98 28
282 98 28
283 98 28
284 98 28
285 98 28
286 98 28
287 98 28
288 98 28
289 98 28
290 98 28
291 98 28
292 98 28
293 98 28
294 98 28
295 98 28
296 98 28
279 99 29
280 99 29
281 99 29
282 99 29
283 99 29
284 99 29
285 99 29
286 99 29
287 99 29
288 99 29
289 99 29
290 99 29
291 99 29
292 99 29
293 99 29
294 99 29
295 99 29
296 99 29
279 100 30
280 100 30
281 100 30
282 100 30
283 100 30
284 100 30
285 100 30
286 100 30
287 100 30
288 100 30
289 100 30
290 100 30
291 100 30
292 100 30
293 100 30
294 100 30
295 100 30
296 100 30
