279 0 1
280 0 1
281 0 1
282 0 1
283 0 1
284 0 1
285 0 1
286 0 1
287 0 1
288 0 1
289 0 1
290 0 1
291 0 1
292 0 1
293 0 1
294 0 1
295 0 1
296 0 1
279 1 2
280 1 2
281 1 2
282 1 2
283 1 2
284 1 2
285 1 2
286 1 2
287 1 2
288 1 2
289 1 2
290 1 2
291 1 2
292 1 2
293 1 2
294 1 2
295 1 2
296 1 2
279 2 3
280 2 3
281 2 3
282 2 3
283 2 3
284 2 3
285 2 3
286 2 3
287 2 3
288 2 3
289 2 3
290 2 3
291 2 3
292 2 3
293 2 3
294 2 3
295 2 3
296 2 3
279 3 4
280 3 4
281 3 4
282 3 4
283 3 4
284 3 4
285 3 4
286 3 4
287 3 4
288 3 4
289 3 4
290 3 4
291 3 4
292 3 4
293 3 4
294 3 4
295 3 4
296 3 4
279 4 5
280 4 5
281 4 5
282 4 5
283 4 5
284 4 5
285 4 5
286 4 5
287 4 5
288 4 5
289 4 5
290 4 5
291 4 5
292 4 5
293 4 5
294 4 5
295 4 5
296 4 5
279 0 6
280 0 6
281 0 6
282 0 6
283 0 6
284 0 6
285 0 6
286 0 6
287 0 6
288 0 6
289 0 6
290 0 6
291 0 6
292 0 6
293 0 6
294 0 6
295 0 6
296 0 6
279 1 7
280 1 7
281 1 7
282 1 7
283 1 7
284 1 7
285 1 7
286 1 7
287 1 7
288 1 7
289 1 7
290 1 7
291 1 7
292 1 7
293 1 7
294 1 7
295 1 7
296 1 7
279 2 8
280 2 8
281 2 8
282 2 8
283 2 8
284 2 8
285 2 8
286 2 8
287 2 8
288 2 8
289 2 8
290 2 8
291 2 8
292 2 8
293 2 8
294 2 8
295 2 8
296 2 8
279 3 9
280 3 9
281 3 9
282 3 9
283 3 9
284 3 9
285 3 9
286 3 9
287 3 9
288 3 9
289 3 9
290 3 9
291 3 9
292 3 9
293 3 9
294 3 9
295 3 9
296 3 9
279 4 10
280 4 10
281 4 10
282 4 10
283 4 10
284 4 10
285 4 10
286 4 10
287 4 10
288 4 10
289 4 10
290 4 10
291 4 10
292 4 10
293 4 10
294 4 10
295 4 10
296 4 10
279 0 11
280 0 11
281 0 11
282 0 11
283 0 11
284 0 11
285 0 11
286 0 11
287 0 11
288 0 11
289 0 11
290 0 11
291 0 11
292 0 11
293 0 11
294 0 11
295 0 11
296 0 11
279 1 12
280 1 12
281 1 12
282 1 12
283 1 12
284 1 12
285 1 12
286 1 12
287 1 12
288 1 12
289 1 12
290 1 12
291 1 12
292 1 12
293 1 12
294 1 12
295 1 12
296 1 12
279 2 13
280 2 13
281 2 13
282 2 13
283 2 13
284 2 13
285 2 13
286 2 13
287 2 13
288 2 13
289 2 13
290 2 13
291 2 13
292 2 13
293 2 13
294 2 13
295 2 13
296 2 13
279 3 14
280 3 14
281 3 14
282 3 14
283 3 14
284 3 14
285 3 14
286 3 14
287 3 14
288 3 14
289 3 14
290 3 14
291 3 14
292 3 14
293 3 14
294 3 14
295 3 14
296 3 14
279 4 15
280 4 15
281 4 15
282 4 15
283 4 15
284 4 15
285 4 15
286 4 15
287 4 15
288 4 15
289 4 15
290 4 15
291 4 15
292 4 15
293 4 15
294 4 15
295 4 15
296 4 15
279 0 16
280 0 16
281 0 16
282 0 16
283 0 16
284 0 16
285 0 16
286 0 16
287 0 16
288 0 16
289 0 16
290 0 16
291 0 16
292 0 16
293 0 16
294 0 16
295 0 16
296 0 16
279 1 17
280 1 17
281 1 17
282 1 17
283 1 17
284 1 17
285 1 17
286 1 17
287 1 17
288 1 17
289 1 17
290 1 17
291 1 17
292 1 17
293 1 17
294 1 17
295 1 17
296 1 17
279 2 18
280 2 18
281 2 18
282 2 18
283 2 18
284 2 18
285 2 18
286 2 18
287 2 18
288 2 18
289 2 18
290 2 18
291 2 18
292 2 18
293 2 18
294 2 18
295 2 18
296 2 18
279 3 19
280 3 19
281 3 19
282 3 19
283 3 19
284 3 19
285 3 19
286 3 19
287 3 19
288 3 19
289 3 19
290 3 19
291 3 19
292 3 19
293 3 19
294 3 19
295 3 19
296 3 19
279 4 20
280 4 20
281 4 20
282 4 20
283 4 20
284 4 20
285 4 20
286 4 20
287 4 20
288 4 20
289 4 20
290 4 20
291 4 20
292 4 20
293 4 20
294 4 20
295 4 20
296 4 20
279 0 21
280 0 21
281 0 21
282 0 21
283 0 21
284 0 21
285 0 21
286 0 21
287 0 21
288 0 21
289 0 21
290 0 21
291 0 21
292 0 21
293 0 21
294 0 21
295 0 21
296 0 21
279 1 22
280 1 22
281 1 22
282 1 22
283 1 22
284 1 22
285 1 22
286 1 22
287 1 22
288 1 22
289 1 22
290 1 22
291 1 22
292 1 22
293 1 22
294 1 22
295 1 22
296 1 22
279 2 23
280 2 23
281 2 23
282 2 23
283 2 23
284 2 23
285 2 23
286 2 23
287 2 23
288 2 23
289 2 23
290 2 23
291 2 23
292 2 23
293 2 23
294 2 23
295 2 23
296 2 23
279 3 24
280 3 24
281 3 24
282 3 24
283 3 24
284 3 24
285 3 24
286 3 24
287 3 24
288 3 24
289 3 24
290 3 24
291 3 24
292 3 24
293 3 24
294 3 24
295 3 24
296 3 24
279 4 25
280 4 25
281 4 25
282 4 25
283 4 25
284 4 25
285 4 25
286 4 25
287 4 25
288 4 25
289 4 25
290 4 25
291 4 25
292 4 25
293 4 25
294 4 25
295 4 25
296 4 25
279 0 26
280 0 26
281 0 26
282 0 26
283 0 26
284 0 26
285 0 26
286 0 26
287 0 26
288 0 26
289 0 26
290 0 26
291 0 26
292 0 26
293 0 26
294 0 26
295 0 26
296 0 26
279 1 27
280 1 27
281 1 27
282 1 27
283 1 27
284 1 27
285 1 27
286 1 27
287 1 27
288 1 27
289 1 27
290 1 27
291 1 27
292 1 27
293 1 27
294 1 27
295 1 27
296 1 27
279 2 28
280 2 28
281 2 28
282 2 28
283 2 28
284 2 28
285 2 28
286 2 28
287 2 28
288 2 28
289 2 28
290 2 28
291 2 28
292 2 28
293 2 28
294 2 28
295 2 28
296 2 28
279 3 29
280 3 29
281 3 29
282 3 29
283 3 29
284 3 29
285 3 29
286 3 29
287 3 29
288 3 29
289 3 29
290 3 29
291 3 29
292 3 29
293 3 29
294 3 29
295 3 29
296 3 29
279 4 30
280 4 30
281 4 30
282 4 30
283 4 30
284 4 30
285 4 30
286 4 30
287 4 30
288 4 30
289 4 30
290 4 30
291 4 30
292 4 30
293 4 30
294 4 30
295 4 30
296 4 30
