279 132 1
280 132 1
281 132 1
282 132 1
283 132 1
279 133 2
280 133 2
281 133 2
282 133 2
283 133 2
279 132 3
280 132 3
281 132 3
282 132 3
283 132 3
279 133 4
280 133 4
281 133 4
282 133 4
283 133 4
279 132 5
280 132 5
281 132 5
282 132 5
283 132 5
279 133 6
280 133 6
281 133 6
282 133 6
283 133 6
279 132 7
280 132 7
281 132 7
282 132 7
283 132 7
279 133 8
280 133 8
281 133 8
282 133 8
283 133 8
279 132 9
280 132 9
281 132 9
282 132 9
283 132 9
279 133 10
280 133 10
281 133 10
282 133 10
283 133 10
279 132 11
280 132 11
281 132 11
282 132 11
283 132 11
279 133 12
280 133 12
281 133 12
282 133 12
283 133 12
279 132 13
280 132 13
281 132 13
282 132 13
283 132 13
279 133 14
280 133 14
281 133 14
282 133 14
283 133 14
279 132 15
280 132 15
281 132 15
282 132 15
283 132 15
279 133 16
280 133 16
281 133 16
282 133 16
283 133 16
279 132 17
280 132 17
281 132 17
282 132 17
283 132 17
279 133 18
280 133 18
281 133 18
282 133 18
283 133 18
279 132 19
280 132 19
281 132 19
282 132 19
283 132 19
279 133 20
280 133 20
281 133 20
282 133 20
283 133 20
279 132 21
280 132 21
281 132 21
282 132 21
283 132 21
279 133 22
280 133 22
281 133 22
282 133 22
283 133 22
279 132 23
280 132 23
281 132 23
282 132 23
283 132 23
279 133 24
280 133 24
281 133 24
282 133 24
283 133 24
279 132 25
280 132 25
281 132 25
282 132 25
283 132 25
279 133 26
280 133 26
281 133 26
282 133 26
283 133 26
279 132 27
280 132 27
281 132 27
282 132 27
283 132 27
279 133 28
280 133 28
281 133 28
282 133 28
283 133 28
