279 222 1
280 222 1
281 222 1
282 222 1
283 222 1
284 222 1
285 222 1
286 222 1
287 222 1
288 222 1
289 222 1
290 222 1
291 222 1
292 222 1
293 222 1
294 222 1
295 222 1
296 222 1
279 223 2
280 223 2
281 223 2
282 223 2
283 223 2
284 223 2
285 223 2
286 223 2
287 223 2
288 223 2
289 223 2
290 223 2
291 223 2
292 223 2
293 223 2
294 223 2
295 223 2
296 223 2
279 224 3
280 224 3
281 224 3
282 224 3
283 224 3
284 224 3
285 224 3
286 224 3
287 224 3
288 224 3
289 224 3
290 224 3
291 224 3
292 224 3
293 224 3
294 224 3
295 224 3
296 224 3
279 225 4
280 225 4
281 225 4
282 225 4
283 225 4
284 225 4
285 225 4
286 225 4
287 225 4
288 225 4
289 225 4
290 225 4
291 225 4
292 225 4
293 225 4
294 225 4
295 225 4
296 225 4
279 226 5
280 226 5
281 226 5
282 226 5
283 226 5
284 226 5
285 226 5
286 226 5
287 226 5
288 226 5
289 226 5
290 226 5
291 226 5
292 226 5
293 226 5
294 226 5
295 226 5
296 226 5
279 222 6
280 222 6
281 222 6
282 222 6
283 222 6
284 222 6
285 222 6
286 222 6
287 222 6
288 222 6
289 222 6
290 222 6
291 222 6
292 222 6
293 222 6
294 222 6
295 222 6
296 222 6
279 223 7
280 223 7
281 223 7
282 223 7
283 223 7
284 223 7
285 223 7
286 223 7
287 223 7
288 223 7
289 223 7
290 223 7
291 223 7
292 223 7
293 223 7
294 223 7
295 223 7
296 223 7
279 224 8
280 224 8
281 224 8
282 224 8
283 224 8
284 224 8
285 224 8
286 224 8
287 224 8
288 224 8
289 224 8
290 224 8
291 224 8
292 224 8
293 224 8
294 224 8
295 224 8
296 224 8
279 225 9
280 225 9
281 225 9
282 225 9
283 225 9
284 225 9
285 225 9
286 225 9
287 225 9
288 225 9
289 225 9
290 225 9
291 225 9
292 225 9
293 225 9
294 225 9
295 225 9
296 225 9
279 226 10
280 226 10
281 226 10
282 226 10
283 226 10
284 226 10
285 226 10
286 226 10
287 226 10
288 226 10
289 226 10
290 226 10
291 226 10
292 226 10
293 226 10
294 226 10
295 226 10
296 226 10
279 222 11
280 222 11
281 222 11
282 222 11
283 222 11
284 222 11
285 222 11
286 222 11
287 222 11
288 222 11
289 222 11
290 222 11
291 222 11
292 222 11
293 222 11
294 222 11
295 222 11
296 222 11
279 223 12
280 223 12
281 223 12
282 223 12
283 223 12
284 223 12
285 223 12
286 223 12
287 223 12
288 223 12
289 223 12
290 223 12
291 223 12
292 223 12
293 223 12
294 223 12
295 223 12
296 223 12
279 224 13
280 224 13
281 224 13
282 224 13
283 224 13
284 224 13
285 224 13
286 224 13
287 224 13
288 224 13
289 224 13
290 224 13
291 224 13
292 224 13
293 224 13
294 224 13
295 224 13
296 224 13
279 225 14
280 225 14
281 225 14
282 225 14
283 225 14
284 225 14
285 225 14
286 225 14
287 225 14
288 225 14
289 225 14
290 225 14
291 225 14
292 225 14
293 225 14
294 225 14
295 225 14
296 225 14
279 226 15
280 226 15
281 226 15
282 226 15
283 226 15
284 226 15
285 226 15
286 226 15
287 226 15
288 226 15
289 226 15
290 226 15
291 226 15
292 226 15
293 226 15
294 226 15
295 226 15
296 226 15
279 222 16
280 222 16
281 222 16
282 222 16
283 222 16
284 222 16
285 222 16
286 222 16
287 222 16
288 222 16
289 222 16
290 222 16
291 222 16
292 222 16
293 222 16
294 222 16
295 222 16
296 222 16
279 223 17
280 223 17
281 223 17
282 223 17
283 223 17
284 223 17
285 223 17
286 223 17
287 223 17
288 223 17
289 223 17
290 223 17
291 223 17
292 223 17
293 223 17
294 223 17
295 223 17
296 223 17
279 224 18
280 224 18
281 224 18
282 224 18
283 224 18
284 224 18
285 224 18
286 224 18
287 224 18
288 224 18
289 224 18
290 224 18
291 224 18
292 224 18
293 224 18
294 224 18
295 224 18
296 224 18
279 225 19
280 225 19
281 225 19
282 225 19
283 225 19
284 225 19
285 225 19
286 225 19
287 225 19
288 225 19
289 225 19
290 225 19
291 225 19
292 225 19
293 225 19
294 225 19
295 225 19
296 225 19
279 226 20
280 226 20
281 226 20
282 226 20
283 226 20
284 226 20
285 226 20
286 226 20
287 226 20
288 226 20
289 226 20
290 226 20
291 226 20
292 226 20
293 226 20
294 226 20
295 226 20
296 226 20
279 222 21
280 222 21
281 222 21
282 222 21
283 222 21
284 222 21
285 222 21
286 222 21
287 222 21
288 222 21
289 222 21
290 222 21
291 222 21
292 222 21
293 222 21
294 222 21
295 222 21
296 222 21
279 223 22
280 223 22
281 223 22
282 223 22
283 223 22
284 223 22
285 223 22
286 223 22
287 223 22
288 223 22
289 223 22
290 223 22
291 223 22
292 223 22
293 223 22
294 223 22
295 223 22
296 223 22
279 224 23
280 224 23
281 224 23
282 224 23
283 224 23
284 224 23
285 224 23
286 224 23
287 224 23
288 224 23
289 224 23
290 224 23
291 224 23
292 224 23
293 224 23
294 224 23
295 224 23
296 224 23
279 225 24
280 225 24
281 225 24
282 225 24
283 225 24
284 225 24
285 225 24
286 225 24
287 225 24
288 225 24
289 225 24
290 225 24
291 225 24
292 225 24
293 225 24
294 225 24
295 225 24
296 225 24
279 226 25
280 226 25
281 226 25
282 226 25
283 226 25
284 226 25
285 226 25
286 226 25
287 226 25
288 226 25
289 226 25
290 226 25
291 226 25
292 226 25
293 226 25
294 226 25
295 226 25
296 226 25
279 222 26
280 222 26
281 222 26
282 222 26
283 222 26
284 222 26
285 222 26
286 222 26
287 222 26
288 222 26
289 222 26
290 222 26
291 222 26
292 222 26
293 222 26
294 222 26
295 222 26
296 222 26
279 223 27
280 223 27
281 223 27
282 223 27
283 223 27
284 223 27
285 223 27
286 223 27
287 223 27
288 223 27
289 223 27
290 223 27
291 223 27
292 223 27
293 223 27
294 223 27
295 223 27
296 223 27
279 224 28
280 224 28
281 224 28
282 224 28
283 224 28
284 224 28
285 224 28
286 224 28
287 224 28
288 224 28
289 224 28
290 224 28
291 224 28
292 224 28
293 224 28
294 224 28
295 224 28
296 224 28
279 225 29
280 225 29
281 225 29
282 225 29
283 225 29
284 225 29
285 225 29
286 225 29
287 225 29
288 225 29
289 225 29
290 225 29
291 225 29
292 225 29
293 225 29
294 225 29
295 225 29
296 225 29
279 226 30
280 226 30
281 226 30
282 226 30
283 226 30
284 226 30
285 226 30
286 226 30
287 226 30
288 226 30
289 226 30
290 226 30
291 226 30
292 226 30
293 226 30
294 226 30
295 226 30
296 226 30
