279 216 1
280 216 1
281 216 1
282 216 1
283 216 1
284 216 1
285 216 1
286 216 1
287 216 1
288 216 1
289 216 1
290 216 1
291 216 1
292 216 1
293 216 1
294 216 1
295 216 1
296 216 1
279 217 2
280 217 2
281 217 2
282 217 2
283 217 2
284 217 2
285 217 2
286 217 2
287 217 2
288 217 2
289 217 2
290 217 2
291 217 2
292 217 2
293 217 2
294 217 2
295 217 2
296 217 2
279 218 3
280 218 3
281 218 3
282 218 3
283 218 3
284 218 3
285 218 3
286 218 3
287 218 3
288 218 3
289 218 3
290 218 3
291 218 3
292 218 3
293 218 3
294 218 3
295 218 3
296 218 3
279 219 4
280 219 4
281 219 4
282 219 4
283 219 4
284 219 4
285 219 4
286 219 4
287 219 4
288 219 4
289 219 4
290 219 4
291 219 4
292 219 4
293 219 4
294 219 4
295 219 4
296 219 4
279 220 5
280 220 5
281 220 5
282 220 5
283 220 5
284 220 5
285 220 5
286 220 5
287 220 5
288 220 5
289 220 5
290 220 5
291 220 5
292 220 5
293 220 5
294 220 5
295 220 5
296 220 5
279 216 6
280 216 6
281 216 6
282 216 6
283 216 6
284 216 6
285 216 6
286 216 6
287 216 6
288 216 6
289 216 6
290 216 6
291 216 6
292 216 6
293 216 6
294 216 6
295 216 6
296 216 6
279 217 7
280 217 7
281 217 7
282 217 7
283 217 7
284 217 7
285 217 7
286 217 7
287 217 7
288 217 7
289 217 7
290 217 7
291 217 7
292 217 7
293 217 7
294 217 7
295 217 7
296 217 7
279 218 8
280 218 8
281 218 8
282 218 8
283 218 8
284 218 8
285 218 8
286 218 8
287 218 8
288 218 8
289 218 8
290 218 8
291 218 8
292 218 8
293 218 8
294 218 8
295 218 8
296 218 8
279 219 9
280 219 9
281 219 9
282 219 9
283 219 9
284 219 9
285 219 9
286 219 9
287 219 9
288 219 9
289 219 9
290 219 9
291 219 9
292 219 9
293 219 9
294 219 9
295 219 9
296 219 9
279 220 10
280 220 10
281 220 10
282 220 10
283 220 10
284 220 10
285 220 10
286 220 10
287 220 10
288 220 10
289 220 10
290 220 10
291 220 10
292 220 10
293 220 10
294 220 10
295 220 10
296 220 10
279 216 11
280 216 11
281 216 11
282 216 11
283 216 11
284 216 11
285 216 11
286 216 11
287 216 11
288 216 11
289 216 11
290 216 11
291 216 11
292 216 11
293 216 11
294 216 11
295 216 11
296 216 11
279 217 12
280 217 12
281 217 12
282 217 12
283 217 12
284 217 12
285 217 12
286 217 12
287 217 12
288 217 12
289 217 12
290 217 12
291 217 12
292 217 12
293 217 12
294 217 12
295 217 12
296 217 12
279 218 13
280 218 13
281 218 13
282 218 13
283 218 13
284 218 13
285 218 13
286 218 13
287 218 13
288 218 13
289 218 13
290 218 13
291 218 13
292 218 13
293 218 13
294 218 13
295 218 13
296 218 13
279 219 14
280 219 14
281 219 14
282 219 14
283 219 14
284 219 14
285 219 14
286 219 14
287 219 14
288 219 14
289 219 14
290 219 14
291 219 14
292 219 14
293 219 14
294 219 14
295 219 14
296 219 14
279 220 15
280 220 15
281 220 15
282 220 15
283 220 15
284 220 15
285 220 15
286 220 15
287 220 15
288 220 15
289 220 15
290 220 15
291 220 15
292 220 15
293 220 15
294 220 15
295 220 15
296 220 15
279 216 16
280 216 16
281 216 16
282 216 16
283 216 16
284 216 16
285 216 16
286 216 16
287 216 16
288 216 16
289 216 16
290 216 16
291 216 16
292 216 16
293 216 16
294 216 16
295 216 16
296 216 16
279 217 17
280 217 17
281 217 17
282 217 17
283 217 17
284 217 17
285 217 17
286 217 17
287 217 17
288 217 17
289 217 17
290 217 17
291 217 17
292 217 17
293 217 17
294 217 17
295 217 17
296 217 17
279 218 18
280 218 18
281 218 18
282 218 18
283 218 18
284 218 18
285 218 18
286 218 18
287 218 18
288 218 18
289 218 18
290 218 18
291 218 18
292 218 18
293 218 18
294 218 18
295 218 18
296 218 18
279 219 19
280 219 19
281 219 19
282 219 19
283 219 19
284 219 19
285 219 19
286 219 19
287 219 19
288 219 19
289 219 19
290 219 19
291 219 19
292 219 19
293 219 19
294 219 19
295 219 19
296 219 19
279 220 20
280 220 20
281 220 20
282 220 20
283 220 20
284 220 20
285 220 20
286 220 20
287 220 20
288 220 20
289 220 20
290 220 20
291 220 20
292 220 20
293 220 20
294 220 20
295 220 20
296 220 20
279 216 21
280 216 21
281 216 21
282 216 21
283 216 21
284 216 21
285 216 21
286 216 21
287 216 21
288 216 21
289 216 21
290 216 21
291 216 21
292 216 21
293 216 21
294 216 21
295 216 21
296 216 21
279 217 22
280 217 22
281 217 22
282 217 22
283 217 22
284 217 22
285 217 22
286 217 22
287 217 22
288 217 22
289 217 22
290 217 22
291 217 22
292 217 22
293 217 22
294 217 22
295 217 22
296 217 22
279 218 23
280 218 23
281 218 23
282 218 23
283 218 23
284 218 23
285 218 23
286 218 23
287 218 23
288 218 23
289 218 23
290 218 23
291 218 23
292 218 23
293 218 23
294 218 23
295 218 23
296 218 23
279 219 24
280 219 24
281 219 24
282 219 24
283 219 24
284 219 24
285 219 24
286 219 24
287 219 24
288 219 24
289 219 24
290 219 24
291 219 24
292 219 24
293 219 24
294 219 24
295 219 24
296 219 24
279 220 25
280 220 25
281 220 25
282 220 25
283 220 25
284 220 25
285 220 25
286 220 25
287 220 25
288 220 25
289 220 25
290 220 25
291 220 25
292 220 25
293 220 25
294 220 25
295 220 25
296 220 25
279 216 26
280 216 26
281 216 26
282 216 26
283 216 26
284 216 26
285 216 26
286 216 26
287 216 26
288 216 26
289 216 26
290 216 26
291 216 26
292 216 26
293 216 26
294 216 26
295 216 26
296 216 26
279 217 27
280 217 27
281 217 27
282 217 27
283 217 27
284 217 27
285 217 27
286 217 27
287 217 27
288 217 27
289 217 27
290 217 27
291 217 27
292 217 27
293 217 27
294 217 27
295 217 27
296 217 27
279 218 28
280 218 28
281 218 28
282 218 28
283 218 28
284 218 28
285 218 28
286 218 28
287 218 28
288 218 28
289 218 28
290 218 28
291 218 28
292 218 28
293 218 28
294 218 28
295 218 28
296 218 28
279 219 29
280 219 29
281 219 29
282 219 29
283 219 29
284 219 29
285 219 29
286 219 29
287 219 29
288 219 29
289 219 29
290 219 29
291 219 29
292 219 29
293 219 29
294 219 29
295 219 29
296 219 29
279 220 30
280 220 30
281 220 30
282 220 30
283 220 30
284 220 30
285 220 30
286 220 30
287 220 30
288 220 30
289 220 30
290 220 30
291 220 30
292 220 30
293 220 30
294 220 30
295 220 30
296 220 30
