279 168 1
280 168 1
281 168 1
282 168 1
283 168 1
284 168 1
285 168 1
286 168 1
287 168 1
288 168 1
289 168 1
290 168 1
291 168 1
292 168 1
293 168 1
294 168 1
295 168 1
296 168 1
279 169 2
280 169 2
281 169 2
282 169 2
283 169 2
284 169 2
285 169 2
286 169 2
287 169 2
288 169 2
289 169 2
290 169 2
291 169 2
292 169 2
293 169 2
294 169 2
295 169 2
296 169 2
279 170 3
280 170 3
281 170 3
282 170 3
283 170 3
284 170 3
285 170 3
286 170 3
287 170 3
288 170 3
289 170 3
290 170 3
291 170 3
292 170 3
293 170 3
294 170 3
295 170 3
296 170 3
279 171 4
280 171 4
281 171 4
282 171 4
283 171 4
284 171 4
285 171 4
286 171 4
287 171 4
288 171 4
289 171 4
290 171 4
291 171 4
292 171 4
293 171 4
294 171 4
295 171 4
296 171 4
279 172 5
280 172 5
281 172 5
282 172 5
283 172 5
284 172 5
285 172 5
286 172 5
287 172 5
288 172 5
289 172 5
290 172 5
291 172 5
292 172 5
293 172 5
294 172 5
295 172 5
296 172 5
279 168 6
280 168 6
281 168 6
282 168 6
283 168 6
284 168 6
285 168 6
286 168 6
287 168 6
288 168 6
289 168 6
290 168 6
291 168 6
292 168 6
293 168 6
294 168 6
295 168 6
296 168 6
279 169 7
280 169 7
281 169 7
282 169 7
283 169 7
284 169 7
285 169 7
286 169 7
287 169 7
288 169 7
289 169 7
290 169 7
291 169 7
292 169 7
293 169 7
294 169 7
295 169 7
296 169 7
279 170 8
280 170 8
281 170 8
282 170 8
283 170 8
284 170 8
285 170 8
286 170 8
287 170 8
288 170 8
289 170 8
290 170 8
291 170 8
292 170 8
293 170 8
294 170 8
295 170 8
296 170 8
279 171 9
280 171 9
281 171 9
282 171 9
283 171 9
284 171 9
285 171 9
286 171 9
287 171 9
288 171 9
289 171 9
290 171 9
291 171 9
292 171 9
293 171 9
294 171 9
295 171 9
296 171 9
279 172 10
280 172 10
281 172 10
282 172 10
283 172 10
284 172 10
285 172 10
286 172 10
287 172 10
288 172 10
289 172 10
290 172 10
291 172 10
292 172 10
293 172 10
294 172 10
295 172 10
296 172 10
279 168 11
280 168 11
281 168 11
282 168 11
283 168 11
284 168 11
285 168 11
286 168 11
287 168 11
288 168 11
289 168 11
290 168 11
291 168 11
292 168 11
293 168 11
294 168 11
295 168 11
296 168 11
279 169 12
280 169 12
281 169 12
282 169 12
283 169 12
284 169 12
285 169 12
286 169 12
287 169 12
288 169 12
289 169 12
290 169 12
291 169 12
292 169 12
293 169 12
294 169 12
295 169 12
296 169 12
279 170 13
280 170 13
281 170 13
282 170 13
283 170 13
284 170 13
285 170 13
286 170 13
287 170 13
288 170 13
289 170 13
290 170 13
291 170 13
292 170 13
293 170 13
294 170 13
295 170 13
296 170 13
279 171 14
280 171 14
281 171 14
282 171 14
283 171 14
284 171 14
285 171 14
286 171 14
287 171 14
288 171 14
289 171 14
290 171 14
291 171 14
292 171 14
293 171 14
294 171 14
295 171 14
296 171 14
279 172 15
280 172 15
281 172 15
282 172 15
283 172 15
284 172 15
285 172 15
286 172 15
287 172 15
288 172 15
289 172 15
290 172 15
291 172 15
292 172 15
293 172 15
294 172 15
295 172 15
296 172 15
279 168 16
280 168 16
281 168 16
282 168 16
283 168 16
284 168 16
285 168 16
286 168 16
287 168 16
288 168 16
289 168 16
290 168 16
291 168 16
292 168 16
293 168 16
294 168 16
295 168 16
296 168 16
279 169 17
280 169 17
281 169 17
282 169 17
283 169 17
284 169 17
285 169 17
286 169 17
287 169 17
288 169 17
289 169 17
290 169 17
291 169 17
292 169 17
293 169 17
294 169 17
295 169 17
296 169 17
279 170 18
280 170 18
281 170 18
282 170 18
283 170 18
284 170 18
285 170 18
286 170 18
287 170 18
288 170 18
289 170 18
290 170 18
291 170 18
292 170 18
293 170 18
294 170 18
295 170 18
296 170 18
279 171 19
280 171 19
281 171 19
282 171 19
283 171 19
284 171 19
285 171 19
286 171 19
287 171 19
288 171 19
289 171 19
290 171 19
291 171 19
292 171 19
293 171 19
294 171 19
295 171 19
296 171 19
279 172 20
280 172 20
281 172 20
282 172 20
283 172 20
284 172 20
285 172 20
286 172 20
287 172 20
288 172 20
289 172 20
290 172 20
291 172 20
292 172 20
293 172 20
294 172 20
295 172 20
296 172 20
279 168 21
280 168 21
281 168 21
282 168 21
283 168 21
284 168 21
285 168 21
286 168 21
287 168 21
288 168 21
289 168 21
290 168 21
291 168 21
292 168 21
293 168 21
294 168 21
295 168 21
296 168 21
279 169 22
280 169 22
281 169 22
282 169 22
283 169 22
284 169 22
285 169 22
286 169 22
287 169 22
288 169 22
289 169 22
290 169 22
291 169 22
292 169 22
293 169 22
294 169 22
295 169 22
296 169 22
279 170 23
280 170 23
281 170 23
282 170 23
283 170 23
284 170 23
285 170 23
286 170 23
287 170 23
288 170 23
289 170 23
290 170 23
291 170 23
292 170 23
293 170 23
294 170 23
295 170 23
296 170 23
279 171 24
280 171 24
281 171 24
282 171 24
283 171 24
284 171 24
285 171 24
286 171 24
287 171 24
288 171 24
289 171 24
290 171 24
291 171 24
292 171 24
293 171 24
294 171 24
295 171 24
296 171 24
279 172 25
280 172 25
281 172 25
282 172 25
283 172 25
284 172 25
285 172 25
286 172 25
287 172 25
288 172 25
289 172 25
290 172 25
291 172 25
292 172 25
293 172 25
294 172 25
295 172 25
296 172 25
279 168 26
280 168 26
281 168 26
282 168 26
283 168 26
284 168 26
285 168 26
286 168 26
287 168 26
288 168 26
289 168 26
290 168 26
291 168 26
292 168 26
293 168 26
294 168 26
295 168 26
296 168 26
279 169 27
280 169 27
281 169 27
282 169 27
283 169 27
284 169 27
285 169 27
286 169 27
287 169 27
288 169 27
289 169 27
290 169 27
291 169 27
292 169 27
293 169 27
294 169 27
295 169 27
296 169 27
279 170 28
280 170 28
281 170 28
282 170 28
283 170 28
284 170 28
285 170 28
286 170 28
287 170 28
288 170 28
289 170 28
290 170 28
291 170 28
292 170 28
293 170 28
294 170 28
295 170 28
296 170 28
279 171 29
280 171 29
281 171 29
282 171 29
283 171 29
284 171 29
285 171 29
286 171 29
287 171 29
288 171 29
289 171 29
290 171 29
291 171 29
292 171 29
293 171 29
294 171 29
295 171 29
296 171 29
279 172 30
280 172 30
281 172 30
282 172 30
283 172 30
284 172 30
285 172 30
286 172 30
287 172 30
288 172 30
289 172 30
290 172 30
291 172 30
292 172 30
293 172 30
294 172 30
295 172 30
296 172 30
