279 141 1
280 141 1
281 141 1
282 141 1
283 141 1
279 142 2
280 142 2
281 142 2
282 142 2
283 142 2
279 141 3
280 141 3
281 141 3
282 141 3
283 141 3
279 142 4
280 142 4
281 142 4
282 142 4
283 142 4
279 141 5
280 141 5
281 141 5
282 141 5
283 141 5
279 142 6
280 142 6
281 142 6
282 142 6
283 142 6
279 141 7
280 141 7
281 141 7
282 141 7
283 141 7
279 142 8
280 142 8
281 142 8
282 142 8
283 142 8
279 141 9
280 141 9
281 141 9
282 141 9
283 141 9
279 142 10
280 142 10
281 142 10
282 142 10
283 142 10
279 141 11
280 141 11
281 141 11
282 141 11
283 141 11
279 142 12
280 142 12
281 142 12
282 142 12
283 142 12
279 141 13
280 141 13
281 141 13
282 141 13
283 141 13
279 142 14
280 142 14
281 142 14
282 142 14
283 142 14
279 141 15
280 141 15
281 141 15
282 141 15
283 141 15
279 142 16
280 142 16
281 142 16
282 142 16
283 142 16
279 141 17
280 141 17
281 141 17
282 141 17
283 141 17
279 142 18
280 142 18
281 142 18
282 142 18
283 142 18
279 141 19
280 141 19
281 141 19
282 141 19
283 141 19
279 142 20
280 142 20
281 142 20
282 142 20
283 142 20
279 141 21
280 141 21
281 141 21
282 141 21
283 141 21
279 142 22
280 142 22
281 142 22
282 142 22
283 142 22
279 141 23
280 141 23
281 141 23
282 141 23
283 141 23
279 142 24
280 142 24
281 142 24
282 142 24
283 142 24
279 141 25
280 141 25
281 141 25
282 141 25
283 141 25
279 142 26
280 142 26
281 142 26
282 142 26
283 142 26
279 141 27
280 141 27
281 141 27
282 141 27
283 141 27
279 142 28
280 142 28
281 142 28
282 142 28
283 142 28
