279 60 1
280 60 1
281 60 1
282 60 1
283 60 1
279 61 2
280 61 2
281 61 2
282 61 2
283 61 2
279 60 3
280 60 3
281 60 3
282 60 3
283 60 3
279 61 4
280 61 4
281 61 4
282 61 4
283 61 4
279 60 5
280 60 5
281 60 5
282 60 5
283 60 5
279 61 6
280 61 6
281 61 6
282 61 6
283 61 6
279 60 7
280 60 7
281 60 7
282 60 7
283 60 7
279 61 8
280 61 8
281 61 8
282 61 8
283 61 8
279 60 9
280 60 9
281 60 9
282 60 9
283 60 9
279 61 10
280 61 10
281 61 10
282 61 10
283 61 10
279 60 11
280 60 11
281 60 11
282 60 11
283 60 11
279 61 12
280 61 12
281 61 12
282 61 12
283 61 12
279 60 13
280 60 13
281 60 13
282 60 13
283 60 13
279 61 14
280 61 14
281 61 14
282 61 14
283 61 14
279 60 15
280 60 15
281 60 15
282 60 15
283 60 15
279 61 16
280 61 16
281 61 16
282 61 16
283 61 16
279 60 17
280 60 17
281 60 17
282 60 17
283 60 17
279 61 18
280 61 18
281 61 18
282 61 18
283 61 18
279 60 19
280 60 19
281 60 19
282 60 19
283 60 19
279 61 20
280 61 20
281 61 20
282 61 20
283 61 20
279 60 21
280 60 21
281 60 21
282 60 21
283 60 21
279 61 22
280 61 22
281 61 22
282 61 22
283 61 22
279 60 23
280 60 23
281 60 23
282 60 23
283 60 23
279 61 24
280 61 24
281 61 24
282 61 24
283 61 24
279 60 25
280 60 25
281 60 25
282 60 25
283 60 25
279 61 26
280 61 26
281 61 26
282 61 26
283 61 26
279 60 27
280 60 27
281 60 27
282 60 27
283 60 27
279 61 28
280 61 28
281 61 28
282 61 28
283 61 28
