279 197 1
280 197 1
281 197 1
282 197 1
283 197 1
284 197 1
285 197 1
286 197 1
287 197 1
288 197 1
289 197 1
290 197 1
291 197 1
292 197 1
293 197 1
294 197 1
295 197 1
296 197 1
279 197 2
280 197 2
281 197 2
282 197 2
283 197 2
284 197 2
285 197 2
286 197 2
287 197 2
288 197 2
289 197 2
290 197 2
291 197 2
292 197 2
293 197 2
294 197 2
295 197 2
296 197 2
279 197 3
280 197 3
281 197 3
282 197 3
283 197 3
284 197 3
285 197 3
286 197 3
287 197 3
288 197 3
289 197 3
290 197 3
291 197 3
292 197 3
293 197 3
294 197 3
295 197 3
296 197 3
279 197 4
280 197 4
281 197 4
282 197 4
283 197 4
284 197 4
285 197 4
286 197 4
287 197 4
288 197 4
289 197 4
290 197 4
291 197 4
292 197 4
293 197 4
294 197 4
295 197 4
296 197 4
279 197 5
280 197 5
281 197 5
282 197 5
283 197 5
284 197 5
285 197 5
286 197 5
287 197 5
288 197 5
289 197 5
290 197 5
291 197 5
292 197 5
293 197 5
294 197 5
295 197 5
296 197 5
