279 36 1
280 36 1
281 36 1
282 36 1
283 36 1
279 37 2
280 37 2
281 37 2
282 37 2
283 37 2
279 36 3
280 36 3
281 36 3
282 36 3
283 36 3
279 37 4
280 37 4
281 37 4
282 37 4
283 37 4
279 36 5
280 36 5
281 36 5
282 36 5
283 36 5
279 37 6
280 37 6
281 37 6
282 37 6
283 37 6
279 36 7
280 36 7
281 36 7
282 36 7
283 36 7
279 37 8
280 37 8
281 37 8
282 37 8
283 37 8
279 36 9
280 36 9
281 36 9
282 36 9
283 36 9
279 37 10
280 37 10
281 37 10
282 37 10
283 37 10
279 36 11
280 36 11
281 36 11
282 36 11
283 36 11
279 37 12
280 37 12
281 37 12
282 37 12
283 37 12
279 36 13
280 36 13
281 36 13
282 36 13
283 36 13
279 37 14
280 37 14
281 37 14
282 37 14
283 37 14
279 36 15
280 36 15
281 36 15
282 36 15
283 36 15
279 37 16
280 37 16
281 37 16
282 37 16
283 37 16
279 36 17
280 36 17
281 36 17
282 36 17
283 36 17
279 37 18
280 37 18
281 37 18
282 37 18
283 37 18
279 36 19
280 36 19
281 36 19
282 36 19
283 36 19
279 37 20
280 37 20
281 37 20
282 37 20
283 37 20
279 36 21
280 36 21
281 36 21
282 36 21
283 36 21
279 37 22
280 37 22
281 37 22
282 37 22
283 37 22
279 36 23
280 36 23
281 36 23
282 36 23
283 36 23
279 37 24
280 37 24
281 37 24
282 37 24
283 37 24
279 36 25
280 36 25
281 36 25
282 36 25
283 36 25
279 37 26
280 37 26
281 37 26
282 37 26
283 37 26
279 36 27
280 36 27
281 36 27
282 36 27
283 36 27
279 37 28
280 37 28
281 37 28
282 37 28
283 37 28
