279 39 1
280 39 1
281 39 1
282 39 1
283 39 1
279 40 2
280 40 2
281 40 2
282 40 2
283 40 2
279 39 3
280 39 3
281 39 3
282 39 3
283 39 3
279 40 4
280 40 4
281 40 4
282 40 4
283 40 4
279 39 5
280 39 5
281 39 5
282 39 5
283 39 5
279 40 6
280 40 6
281 40 6
282 40 6
283 40 6
279 39 7
280 39 7
281 39 7
282 39 7
283 39 7
279 40 8
280 40 8
281 40 8
282 40 8
283 40 8
279 39 9
280 39 9
281 39 9
282 39 9
283 39 9
279 40 10
280 40 10
281 40 10
282 40 10
283 40 10
279 39 11
280 39 11
281 39 11
282 39 11
283 39 11
279 40 12
280 40 12
281 40 12
282 40 12
283 40 12
279 39 13
280 39 13
281 39 13
282 39 13
283 39 13
279 40 14
280 40 14
281 40 14
282 40 14
283 40 14
279 39 15
280 39 15
281 39 15
282 39 15
283 39 15
279 40 16
280 40 16
281 40 16
282 40 16
283 40 16
279 39 17
280 39 17
281 39 17
282 39 17
283 39 17
279 40 18
280 40 18
281 40 18
282 40 18
283 40 18
279 39 19
280 39 19
281 39 19
282 39 19
283 39 19
279 40 20
280 40 20
281 40 20
282 40 20
283 40 20
279 39 21
280 39 21
281 39 21
282 39 21
283 39 21
279 40 22
280 40 22
281 40 22
282 40 22
283 40 22
279 39 23
280 39 23
281 39 23
282 39 23
283 39 23
279 40 24
280 40 24
281 40 24
282 40 24
283 40 24
279 39 25
280 39 25
281 39 25
282 39 25
283 39 25
279 40 26
280 40 26
281 40 26
282 40 26
283 40 26
279 39 27
280 39 27
281 39 27
282 39 27
283 39 27
279 40 28
280 40 28
281 40 28
282 40 28
283 40 28
