279 93 1
280 93 1
281 93 1
282 93 1
283 93 1
279 94 2
280 94 2
281 94 2
282 94 2
283 94 2
279 93 3
280 93 3
281 93 3
282 93 3
283 93 3
279 94 4
280 94 4
281 94 4
282 94 4
283 94 4
279 93 5
280 93 5
281 93 5
282 93 5
283 93 5
279 94 6
280 94 6
281 94 6
282 94 6
283 94 6
279 93 7
280 93 7
281 93 7
282 93 7
283 93 7
279 94 8
280 94 8
281 94 8
282 94 8
283 94 8
279 93 9
280 93 9
281 93 9
282 93 9
283 93 9
279 94 10
280 94 10
281 94 10
282 94 10
283 94 10
279 93 11
280 93 11
281 93 11
282 93 11
283 93 11
279 94 12
280 94 12
281 94 12
282 94 12
283 94 12
279 93 13
280 93 13
281 93 13
282 93 13
283 93 13
279 94 14
280 94 14
281 94 14
282 94 14
283 94 14
279 93 15
280 93 15
281 93 15
282 93 15
283 93 15
279 94 16
280 94 16
281 94 16
282 94 16
283 94 16
279 93 17
280 93 17
281 93 17
282 93 17
283 93 17
279 94 18
280 94 18
281 94 18
282 94 18
283 94 18
279 93 19
280 93 19
281 93 19
282 93 19
283 93 19
279 94 20
280 94 20
281 94 20
282 94 20
283 94 20
279 93 21
280 93 21
281 93 21
282 93 21
283 93 21
279 94 22
280 94 22
281 94 22
282 94 22
283 94 22
279 93 23
280 93 23
281 93 23
282 93 23
283 93 23
279 94 24
280 94 24
281 94 24
282 94 24
283 94 24
279 93 25
280 93 25
281 93 25
282 93 25
283 93 25
279 94 26
280 94 26
281 94 26
282 94 26
283 94 26
279 93 27
280 93 27
281 93 27
282 93 27
283 93 27
279 94 28
280 94 28
281 94 28
282 94 28
283 94 28
