279 101 1
280 101 1
281 101 1
282 101 1
283 101 1
284 101 1
285 101 1
286 101 1
287 101 1
288 101 1
289 101 1
290 101 1
291 101 1
292 101 1
293 101 1
294 101 1
295 101 1
296 101 1
279 101 2
280 101 2
281 101 2
282 101 2
283 101 2
284 101 2
285 101 2
286 101 2
287 101 2
288 101 2
289 101 2
290 101 2
291 101 2
292 101 2
293 101 2
294 101 2
295 101 2
296 101 2
279 101 3
280 101 3
281 101 3
282 101 3
283 101 3
284 101 3
285 101 3
286 101 3
287 101 3
288 101 3
289 101 3
290 101 3
291 101 3
292 101 3
293 101 3
294 101 3
295 101 3
296 101 3
279 101 4
280 101 4
281 101 4
282 101 4
283 101 4
284 101 4
285 101 4
286 101 4
287 101 4
288 101 4
289 101 4
290 101 4
291 101 4
292 101 4
293 101 4
294 101 4
295 101 4
296 101 4
279 101 5
280 101 5
281 101 5
282 101 5
283 101 5
284 101 5
285 101 5
286 101 5
287 101 5
288 101 5
289 101 5
290 101 5
291 101 5
292 101 5
293 101 5
294 101 5
295 101 5
296 101 5
