279 192 1
280 192 1
281 192 1
282 192 1
283 192 1
284 192 1
285 192 1
286 192 1
287 192 1
288 192 1
289 192 1
290 192 1
291 192 1
292 192 1
293 192 1
294 192 1
295 192 1
296 192 1
279 193 2
280 193 2
281 193 2
282 193 2
283 193 2
284 193 2
285 193 2
286 193 2
287 193 2
288 193 2
289 193 2
290 193 2
291 193 2
292 193 2
293 193 2
294 193 2
295 193 2
296 193 2
279 194 3
280 194 3
281 194 3
282 194 3
283 194 3
284 194 3
285 194 3
286 194 3
287 194 3
288 194 3
289 194 3
290 194 3
291 194 3
292 194 3
293 194 3
294 194 3
295 194 3
296 194 3
279 195 4
280 195 4
281 195 4
282 195 4
283 195 4
284 195 4
285 195 4
286 195 4
287 195 4
288 195 4
289 195 4
290 195 4
291 195 4
292 195 4
293 195 4
294 195 4
295 195 4
296 195 4
279 196 5
280 196 5
281 196 5
282 196 5
283 196 5
284 196 5
285 196 5
286 196 5
287 196 5
288 196 5
289 196 5
290 196 5
291 196 5
292 196 5
293 196 5
294 196 5
295 196 5
296 196 5
279 192 6
280 192 6
281 192 6
282 192 6
283 192 6
284 192 6
285 192 6
286 192 6
287 192 6
288 192 6
289 192 6
290 192 6
291 192 6
292 192 6
293 192 6
294 192 6
295 192 6
296 192 6
279 193 7
280 193 7
281 193 7
282 193 7
283 193 7
284 193 7
285 193 7
286 193 7
287 193 7
288 193 7
289 193 7
290 193 7
291 193 7
292 193 7
293 193 7
294 193 7
295 193 7
296 193 7
279 194 8
280 194 8
281 194 8
282 194 8
283 194 8
284 194 8
285 194 8
286 194 8
287 194 8
288 194 8
289 194 8
290 194 8
291 194 8
292 194 8
293 194 8
294 194 8
295 194 8
296 194 8
279 195 9
280 195 9
281 195 9
282 195 9
283 195 9
284 195 9
285 195 9
286 195 9
287 195 9
288 195 9
289 195 9
290 195 9
291 195 9
292 195 9
293 195 9
294 195 9
295 195 9
296 195 9
279 196 10
280 196 10
281 196 10
282 196 10
283 196 10
284 196 10
285 196 10
286 196 10
287 196 10
288 196 10
289 196 10
290 196 10
291 196 10
292 196 10
293 196 10
294 196 10
295 196 10
296 196 10
279 192 11
280 192 11
281 192 11
282 192 11
283 192 11
284 192 11
285 192 11
286 192 11
287 192 11
288 192 11
289 192 11
290 192 11
291 192 11
292 192 11
293 192 11
294 192 11
295 192 11
296 192 11
279 193 12
280 193 12
281 193 12
282 193 12
283 193 12
284 193 12
285 193 12
286 193 12
287 193 12
288 193 12
289 193 12
290 193 12
291 193 12
292 193 12
293 193 12
294 193 12
295 193 12
296 193 12
279 194 13
280 194 13
281 194 13
282 194 13
283 194 13
284 194 13
285 194 13
286 194 13
287 194 13
288 194 13
289 194 13
290 194 13
291 194 13
292 194 13
293 194 13
294 194 13
295 194 13
296 194 13
279 195 14
280 195 14
281 195 14
282 195 14
283 195 14
284 195 14
285 195 14
286 195 14
287 195 14
288 195 14
289 195 14
290 195 14
291 195 14
292 195 14
293 195 14
294 195 14
295 195 14
296 195 14
279 196 15
280 196 15
281 196 15
282 196 15
283 196 15
284 196 15
285 196 15
286 196 15
287 196 15
288 196 15
289 196 15
290 196 15
291 196 15
292 196 15
293 196 15
294 196 15
295 196 15
296 196 15
279 192 16
280 192 16
281 192 16
282 192 16
283 192 16
284 192 16
285 192 16
286 192 16
287 192 16
288 192 16
289 192 16
290 192 16
291 192 16
292 192 16
293 192 16
294 192 16
295 192 16
296 192 16
279 193 17
280 193 17
281 193 17
282 193 17
283 193 17
284 193 17
285 193 17
286 193 17
287 193 17
288 193 17
289 193 17
290 193 17
291 193 17
292 193 17
293 193 17
294 193 17
295 193 17
296 193 17
279 194 18
280 194 18
281 194 18
282 194 18
283 194 18
284 194 18
285 194 18
286 194 18
287 194 18
288 194 18
289 194 18
290 194 18
291 194 18
292 194 18
293 194 18
294 194 18
295 194 18
296 194 18
279 195 19
280 195 19
281 195 19
282 195 19
283 195 19
284 195 19
285 195 19
286 195 19
287 195 19
288 195 19
289 195 19
290 195 19
291 195 19
292 195 19
293 195 19
294 195 19
295 195 19
296 195 19
279 196 20
280 196 20
281 196 20
282 196 20
283 196 20
284 196 20
285 196 20
286 196 20
287 196 20
288 196 20
289 196 20
290 196 20
291 196 20
292 196 20
293 196 20
294 196 20
295 196 20
296 196 20
279 192 21
280 192 21
281 192 21
282 192 21
283 192 21
284 192 21
285 192 21
286 192 21
287 192 21
288 192 21
289 192 21
290 192 21
291 192 21
292 192 21
293 192 21
294 192 21
295 192 21
296 192 21
279 193 22
280 193 22
281 193 22
282 193 22
283 193 22
284 193 22
285 193 22
286 193 22
287 193 22
288 193 22
289 193 22
290 193 22
291 193 22
292 193 22
293 193 22
294 193 22
295 193 22
296 193 22
279 194 23
280 194 23
281 194 23
282 194 23
283 194 23
284 194 23
285 194 23
286 194 23
287 194 23
288 194 23
289 194 23
290 194 23
291 194 23
292 194 23
293 194 23
294 194 23
295 194 23
296 194 23
279 195 24
280 195 24
281 195 24
282 195 24
283 195 24
284 195 24
285 195 24
286 195 24
287 195 24
288 195 24
289 195 24
290 195 24
291 195 24
292 195 24
293 195 24
294 195 24
295 195 24
296 195 24
279 196 25
280 196 25
281 196 25
282 196 25
283 196 25
284 196 25
285 196 25
286 196 25
287 196 25
288 196 25
289 196 25
290 196 25
291 196 25
292 196 25
293 196 25
294 196 25
295 196 25
296 196 25
279 192 26
280 192 26
281 192 26
282 192 26
283 192 26
284 192 26
285 192 26
286 192 26
287 192 26
288 192 26
289 192 26
290 192 26
291 192 26
292 192 26
293 192 26
294 192 26
295 192 26
296 192 26
279 193 27
280 193 27
281 193 27
282 193 27
283 193 27
284 193 27
285 193 27
286 193 27
287 193 27
288 193 27
289 193 27
290 193 27
291 193 27
292 193 27
293 193 27
294 193 27
295 193 27
296 193 27
279 194 28
280 194 28
281 194 28
282 194 28
283 194 28
284 194 28
285 194 28
286 194 28
287 194 28
288 194 28
289 194 28
290 194 28
291 194 28
292 194 28
293 194 28
294 194 28
295 194 28
296 194 28
279 195 29
280 195 29
281 195 29
282 195 29
283 195 29
284 195 29
285 195 29
286 195 29
287 195 29
288 195 29
289 195 29
290 195 29
291 195 29
292 195 29
293 195 29
294 195 29
295 195 29
296 195 29
279 196 30
280 196 30
281 196 30
282 196 30
283 196 30
284 196 30
285 196 30
286 196 30
287 196 30
288 196 30
289 196 30
290 196 30
291 196 30
292 196 30
293 196 30
294 196 30
295 196 30
296 196 30
