279 231 1
280 231 1
281 231 1
282 231 1
283 231 1
279 232 2
280 232 2
281 232 2
282 232 2
283 232 2
279 231 3
280 231 3
281 231 3
282 231 3
283 231 3
279 232 4
280 232 4
281 232 4
282 232 4
283 232 4
279 231 5
280 231 5
281 231 5
282 231 5
283 231 5
279 232 6
280 232 6
281 232 6
282 232 6
283 232 6
279 231 7
280 231 7
281 231 7
282 231 7
283 231 7
279 232 8
280 232 8
281 232 8
282 232 8
283 232 8
279 231 9
280 231 9
281 231 9
282 231 9
283 231 9
279 232 10
280 232 10
281 232 10
282 232 10
283 232 10
279 231 11
280 231 11
281 231 11
282 231 11
283 231 11
279 232 12
280 232 12
281 232 12
282 232 12
283 232 12
279 231 13
280 231 13
281 231 13
282 231 13
283 231 13
279 232 14
280 232 14
281 232 14
282 232 14
283 232 14
279 231 15
280 231 15
281 231 15
282 231 15
283 231 15
279 232 16
280 232 16
281 232 16
282 232 16
283 232 16
279 231 17
280 231 17
281 231 17
282 231 17
283 231 17
279 232 18
280 232 18
281 232 18
282 232 18
283 232 18
279 231 19
280 231 19
281 231 19
282 231 19
283 231 19
279 232 20
280 232 20
281 232 20
282 232 20
283 232 20
279 231 21
280 231 21
281 231 21
282 231 21
283 231 21
279 232 22
280 232 22
281 232 22
282 232 22
283 232 22
279 231 23
280 231 23
281 231 23
282 231 23
283 231 23
279 232 24
280 232 24
281 232 24
282 232 24
283 232 24
279 231 25
280 231 25
281 231 25
282 231 25
283 231 25
279 232 26
280 232 26
281 232 26
282 232 26
283 232 26
279 231 27
280 231 27
281 231 27
282 231 27
283 231 27
279 232 28
280 232 28
281 232 28
282 232 28
283 232 28
