279 150 1
280 150 1
281 150 1
282 150 1
283 150 1
284 150 1
285 150 1
286 150 1
287 150 1
288 150 1
289 150 1
290 150 1
291 150 1
292 150 1
293 150 1
294 150 1
295 150 1
296 150 1
279 151 2
280 151 2
281 151 2
282 151 2
283 151 2
284 151 2
285 151 2
286 151 2
287 151 2
288 151 2
289 151 2
290 151 2
291 151 2
292 151 2
293 151 2
294 151 2
295 151 2
296 151 2
279 152 3
280 152 3
281 152 3
282 152 3
283 152 3
284 152 3
285 152 3
286 152 3
287 152 3
288 152 3
289 152 3
290 152 3
291 152 3
292 152 3
293 152 3
294 152 3
295 152 3
296 152 3
279 153 4
280 153 4
281 153 4
282 153 4
283 153 4
284 153 4
285 153 4
286 153 4
287 153 4
288 153 4
289 153 4
290 153 4
291 153 4
292 153 4
293 153 4
294 153 4
295 153 4
296 153 4
279 154 5
280 154 5
281 154 5
282 154 5
283 154 5
284 154 5
285 154 5
286 154 5
287 154 5
288 154 5
289 154 5
290 154 5
291 154 5
292 154 5
293 154 5
294 154 5
295 154 5
296 154 5
279 150 6
280 150 6
281 150 6
282 150 6
283 150 6
284 150 6
285 150 6
286 150 6
287 150 6
288 150 6
289 150 6
290 150 6
291 150 6
292 150 6
293 150 6
294 150 6
295 150 6
296 150 6
279 151 7
280 151 7
281 151 7
282 151 7
283 151 7
284 151 7
285 151 7
286 151 7
287 151 7
288 151 7
289 151 7
290 151 7
291 151 7
292 151 7
293 151 7
294 151 7
295 151 7
296 151 7
279 152 8
280 152 8
281 152 8
282 152 8
283 152 8
284 152 8
285 152 8
286 152 8
287 152 8
288 152 8
289 152 8
290 152 8
291 152 8
292 152 8
293 152 8
294 152 8
295 152 8
296 152 8
279 153 9
280 153 9
281 153 9
282 153 9
283 153 9
284 153 9
285 153 9
286 153 9
287 153 9
288 153 9
289 153 9
290 153 9
291 153 9
292 153 9
293 153 9
294 153 9
295 153 9
296 153 9
279 154 10
280 154 10
281 154 10
282 154 10
283 154 10
284 154 10
285 154 10
286 154 10
287 154 10
288 154 10
289 154 10
290 154 10
291 154 10
292 154 10
293 154 10
294 154 10
295 154 10
296 154 10
279 150 11
280 150 11
281 150 11
282 150 11
283 150 11
284 150 11
285 150 11
286 150 11
287 150 11
288 150 11
289 150 11
290 150 11
291 150 11
292 150 11
293 150 11
294 150 11
295 150 11
296 150 11
279 151 12
280 151 12
281 151 12
282 151 12
283 151 12
284 151 12
285 151 12
286 151 12
287 151 12
288 151 12
289 151 12
290 151 12
291 151 12
292 151 12
293 151 12
294 151 12
295 151 12
296 151 12
279 152 13
280 152 13
281 152 13
282 152 13
283 152 13
284 152 13
285 152 13
286 152 13
287 152 13
288 152 13
289 152 13
290 152 13
291 152 13
292 152 13
293 152 13
294 152 13
295 152 13
296 152 13
279 153 14
280 153 14
281 153 14
282 153 14
283 153 14
284 153 14
285 153 14
286 153 14
287 153 14
288 153 14
289 153 14
290 153 14
291 153 14
292 153 14
293 153 14
294 153 14
295 153 14
296 153 14
279 154 15
280 154 15
281 154 15
282 154 15
283 154 15
284 154 15
285 154 15
286 154 15
287 154 15
288 154 15
289 154 15
290 154 15
291 154 15
292 154 15
293 154 15
294 154 15
295 154 15
296 154 15
279 150 16
280 150 16
281 150 16
282 150 16
283 150 16
284 150 16
285 150 16
286 150 16
287 150 16
288 150 16
289 150 16
290 150 16
291 150 16
292 150 16
293 150 16
294 150 16
295 150 16
296 150 16
279 151 17
280 151 17
281 151 17
282 151 17
283 151 17
284 151 17
285 151 17
286 151 17
287 151 17
288 151 17
289 151 17
290 151 17
291 151 17
292 151 17
293 151 17
294 151 17
295 151 17
296 151 17
279 152 18
280 152 18
281 152 18
282 152 18
283 152 18
284 152 18
285 152 18
286 152 18
287 152 18
288 152 18
289 152 18
290 152 18
291 152 18
292 152 18
293 152 18
294 152 18
295 152 18
296 152 18
279 153 19
280 153 19
281 153 19
282 153 19
283 153 19
284 153 19
285 153 19
286 153 19
287 153 19
288 153 19
289 153 19
290 153 19
291 153 19
292 153 19
293 153 19
294 153 19
295 153 19
296 153 19
279 154 20
280 154 20
281 154 20
282 154 20
283 154 20
284 154 20
285 154 20
286 154 20
287 154 20
288 154 20
289 154 20
290 154 20
291 154 20
292 154 20
293 154 20
294 154 20
295 154 20
296 154 20
279 150 21
280 150 21
281 150 21
282 150 21
283 150 21
284 150 21
285 150 21
286 150 21
287 150 21
288 150 21
289 150 21
290 150 21
291 150 21
292 150 21
293 150 21
294 150 21
295 150 21
296 150 21
279 151 22
280 151 22
281 151 22
282 151 22
283 151 22
284 151 22
285 151 22
286 151 22
287 151 22
288 151 22
289 151 22
290 151 22
291 151 22
292 151 22
293 151 22
294 151 22
295 151 22
296 151 22
279 152 23
280 152 23
281 152 23
282 152 23
283 152 23
284 152 23
285 152 23
286 152 23
287 152 23
288 152 23
289 152 23
290 152 23
291 152 23
292 152 23
293 152 23
294 152 23
295 152 23
296 152 23
279 153 24
280 153 24
281 153 24
282 153 24
283 153 24
284 153 24
285 153 24
286 153 24
287 153 24
288 153 24
289 153 24
290 153 24
291 153 24
292 153 24
293 153 24
294 153 24
295 153 24
296 153 24
279 154 25
280 154 25
281 154 25
282 154 25
283 154 25
284 154 25
285 154 25
286 154 25
287 154 25
288 154 25
289 154 25
290 154 25
291 154 25
292 154 25
293 154 25
294 154 25
295 154 25
296 154 25
279 150 26
280 150 26
281 150 26
282 150 26
283 150 26
284 150 26
285 150 26
286 150 26
287 150 26
288 150 26
289 150 26
290 150 26
291 150 26
292 150 26
293 150 26
294 150 26
295 150 26
296 150 26
279 151 27
280 151 27
281 151 27
282 151 27
283 151 27
284 151 27
285 151 27
286 151 27
287 151 27
288 151 27
289 151 27
290 151 27
291 151 27
292 151 27
293 151 27
294 151 27
295 151 27
296 151 27
279 152 28
280 152 28
281 152 28
282 152 28
283 152 28
284 152 28
285 152 28
286 152 28
287 152 28
288 152 28
289 152 28
290 152 28
291 152 28
292 152 28
293 152 28
294 152 28
295 152 28
296 152 28
279 153 29
280 153 29
281 153 29
282 153 29
283 153 29
284 153 29
285 153 29
286 153 29
287 153 29
288 153 29
289 153 29
290 153 29
291 153 29
292 153 29
293 153 29
294 153 29
295 153 29
296 153 29
279 154 30
280 154 30
281 154 30
282 154 30
283 154 30
284 154 30
285 154 30
286 154 30
287 154 30
288 154 30
289 154 30
290 154 30
291 154 30
292 154 30
293 154 30
294 154 30
295 154 30
296 154 30
