279 78 1
280 78 1
281 78 1
282 78 1
283 78 1
284 78 1
285 78 1
286 78 1
287 78 1
288 78 1
289 78 1
290 78 1
291 78 1
292 78 1
293 78 1
294 78 1
295 78 1
296 78 1
279 79 2
280 79 2
281 79 2
282 79 2
283 79 2
284 79 2
285 79 2
286 79 2
287 79 2
288 79 2
289 79 2
290 79 2
291 79 2
292 79 2
293 79 2
294 79 2
295 79 2
296 79 2
279 80 3
280 80 3
281 80 3
282 80 3
283 80 3
284 80 3
285 80 3
286 80 3
287 80 3
288 80 3
289 80 3
290 80 3
291 80 3
292 80 3
293 80 3
294 80 3
295 80 3
296 80 3
279 81 4
280 81 4
281 81 4
282 81 4
283 81 4
284 81 4
285 81 4
286 81 4
287 81 4
288 81 4
289 81 4
290 81 4
291 81 4
292 81 4
293 81 4
294 81 4
295 81 4
296 81 4
279 82 5
280 82 5
281 82 5
282 82 5
283 82 5
284 82 5
285 82 5
286 82 5
287 82 5
288 82 5
289 82 5
290 82 5
291 82 5
292 82 5
293 82 5
294 82 5
295 82 5
296 82 5
279 78 6
280 78 6
281 78 6
282 78 6
283 78 6
284 78 6
285 78 6
286 78 6
287 78 6
288 78 6
289 78 6
290 78 6
291 78 6
292 78 6
293 78 6
294 78 6
295 78 6
296 78 6
279 79 7
280 79 7
281 79 7
282 79 7
283 79 7
284 79 7
285 79 7
286 79 7
287 79 7
288 79 7
289 79 7
290 79 7
291 79 7
292 79 7
293 79 7
294 79 7
295 79 7
296 79 7
279 80 8
280 80 8
281 80 8
282 80 8
283 80 8
284 80 8
285 80 8
286 80 8
287 80 8
288 80 8
289 80 8
290 80 8
291 80 8
292 80 8
293 80 8
294 80 8
295 80 8
296 80 8
279 81 9
280 81 9
281 81 9
282 81 9
283 81 9
284 81 9
285 81 9
286 81 9
287 81 9
288 81 9
289 81 9
290 81 9
291 81 9
292 81 9
293 81 9
294 81 9
295 81 9
296 81 9
279 82 10
280 82 10
281 82 10
282 82 10
283 82 10
284 82 10
285 82 10
286 82 10
287 82 10
288 82 10
289 82 10
290 82 10
291 82 10
292 82 10
293 82 10
294 82 10
295 82 10
296 82 10
279 78 11
280 78 11
281 78 11
282 78 11
283 78 11
284 78 11
285 78 11
286 78 11
287 78 11
288 78 11
289 78 11
290 78 11
291 78 11
292 78 11
293 78 11
294 78 11
295 78 11
296 78 11
279 79 12
280 79 12
281 79 12
282 79 12
283 79 12
284 79 12
285 79 12
286 79 12
287 79 12
288 79 12
289 79 12
290 79 12
291 79 12
292 79 12
293 79 12
294 79 12
295 79 12
296 79 12
279 80 13
280 80 13
281 80 13
282 80 13
283 80 13
284 80 13
285 80 13
286 80 13
287 80 13
288 80 13
289 80 13
290 80 13
291 80 13
292 80 13
293 80 13
294 80 13
295 80 13
296 80 13
279 81 14
280 81 14
281 81 14
282 81 14
283 81 14
284 81 14
285 81 14
286 81 14
287 81 14
288 81 14
289 81 14
290 81 14
291 81 14
292 81 14
293 81 14
294 81 14
295 81 14
296 81 14
279 82 15
280 82 15
281 82 15
282 82 15
283 82 15
284 82 15
285 82 15
286 82 15
287 82 15
288 82 15
289 82 15
290 82 15
291 82 15
292 82 15
293 82 15
294 82 15
295 82 15
296 82 15
279 78 16
280 78 16
281 78 16
282 78 16
283 78 16
284 78 16
285 78 16
286 78 16
287 78 16
288 78 16
289 78 16
290 78 16
291 78 16
292 78 16
293 78 16
294 78 16
295 78 16
296 78 16
279 79 17
280 79 17
281 79 17
282 79 17
283 79 17
284 79 17
285 79 17
286 79 17
287 79 17
288 79 17
289 79 17
290 79 17
291 79 17
292 79 17
293 79 17
294 79 17
295 79 17
296 79 17
279 80 18
280 80 18
281 80 18
282 80 18
283 80 18
284 80 18
285 80 18
286 80 18
287 80 18
288 80 18
289 80 18
290 80 18
291 80 18
292 80 18
293 80 18
294 80 18
295 80 18
296 80 18
279 81 19
280 81 19
281 81 19
282 81 19
283 81 19
284 81 19
285 81 19
286 81 19
287 81 19
288 81 19
289 81 19
290 81 19
291 81 19
292 81 19
293 81 19
294 81 19
295 81 19
296 81 19
279 82 20
280 82 20
281 82 20
282 82 20
283 82 20
284 82 20
285 82 20
286 82 20
287 82 20
288 82 20
289 82 20
290 82 20
291 82 20
292 82 20
293 82 20
294 82 20
295 82 20
296 82 20
279 78 21
280 78 21
281 78 21
282 78 21
283 78 21
284 78 21
285 78 21
286 78 21
287 78 21
288 78 21
289 78 21
290 78 21
291 78 21
292 78 21
293 78 21
294 78 21
295 78 21
296 78 21
279 79 22
280 79 22
281 79 22
282 79 22
283 79 22
284 79 22
285 79 22
286 79 22
287 79 22
288 79 22
289 79 22
290 79 22
291 79 22
292 79 22
293 79 22
294 79 22
295 79 22
296 79 22
279 80 23
280 80 23
281 80 23
282 80 23
283 80 23
284 80 23
285 80 23
286 80 23
287 80 23
288 80 23
289 80 23
290 80 23
291 80 23
292 80 23
293 80 23
294 80 23
295 80 23
296 80 23
279 81 24
280 81 24
281 81 24
282 81 24
283 81 24
284 81 24
285 81 24
286 81 24
287 81 24
288 81 24
289 81 24
290 81 24
291 81 24
292 81 24
293 81 24
294 81 24
295 81 24
296 81 24
279 82 25
280 82 25
281 82 25
282 82 25
283 82 25
284 82 25
285 82 25
286 82 25
287 82 25
288 82 25
289 82 25
290 82 25
291 82 25
292 82 25
293 82 25
294 82 25
295 82 25
296 82 25
279 78 26
280 78 26
281 78 26
282 78 26
283 78 26
284 78 26
285 78 26
286 78 26
287 78 26
288 78 26
289 78 26
290 78 26
291 78 26
292 78 26
293 78 26
294 78 26
295 78 26
296 78 26
279 79 27
280 79 27
281 79 27
282 79 27
283 79 27
284 79 27
285 79 27
286 79 27
287 79 27
288 79 27
289 79 27
290 79 27
291 79 27
292 79 27
293 79 27
294 79 27
295 79 27
296 79 27
279 80 28
280 80 28
281 80 28
282 80 28
283 80 28
284 80 28
285 80 28
286 80 28
287 80 28
288 80 28
289 80 28
290 80 28
291 80 28
292 80 28
293 80 28
294 80 28
295 80 28
296 80 28
279 81 29
280 81 29
281 81 29
282 81 29
283 81 29
284 81 29
285 81 29
286 81 29
287 81 29
288 81 29
289 81 29
290 81 29
291 81 29
292 81 29
293 81 29
294 81 29
295 81 29
296 81 29
279 82 30
280 82 30
281 82 30
282 82 30
283 82 30
284 82 30
285 82 30
286 82 30
287 82 30
288 82 30
289 82 30
290 82 30
291 82 30
292 82 30
293 82 30
294 82 30
295 82 30
296 82 30
