279 30 1
280 30 1
281 30 1
282 30 1
283 30 1
284 30 1
285 30 1
286 30 1
287 30 1
288 30 1
289 30 1
290 30 1
291 30 1
292 30 1
293 30 1
294 30 1
295 30 1
296 30 1
279 31 2
280 31 2
281 31 2
282 31 2
283 31 2
284 31 2
285 31 2
286 31 2
287 31 2
288 31 2
289 31 2
290 31 2
291 31 2
292 31 2
293 31 2
294 31 2
295 31 2
296 31 2
279 32 3
280 32 3
281 32 3
282 32 3
283 32 3
284 32 3
285 32 3
286 32 3
287 32 3
288 32 3
289 32 3
290 32 3
291 32 3
292 32 3
293 32 3
294 32 3
295 32 3
296 32 3
279 33 4
280 33 4
281 33 4
282 33 4
283 33 4
284 33 4
285 33 4
286 33 4
287 33 4
288 33 4
289 33 4
290 33 4
291 33 4
292 33 4
293 33 4
294 33 4
295 33 4
296 33 4
279 34 5
280 34 5
281 34 5
282 34 5
283 34 5
284 34 5
285 34 5
286 34 5
287 34 5
288 34 5
289 34 5
290 34 5
291 34 5
292 34 5
293 34 5
294 34 5
295 34 5
296 34 5
279 30 6
280 30 6
281 30 6
282 30 6
283 30 6
284 30 6
285 30 6
286 30 6
287 30 6
288 30 6
289 30 6
290 30 6
291 30 6
292 30 6
293 30 6
294 30 6
295 30 6
296 30 6
279 31 7
280 31 7
281 31 7
282 31 7
283 31 7
284 31 7
285 31 7
286 31 7
287 31 7
288 31 7
289 31 7
290 31 7
291 31 7
292 31 7
293 31 7
294 31 7
295 31 7
296 31 7
279 32 8
280 32 8
281 32 8
282 32 8
283 32 8
284 32 8
285 32 8
286 32 8
287 32 8
288 32 8
289 32 8
290 32 8
291 32 8
292 32 8
293 32 8
294 32 8
295 32 8
296 32 8
279 33 9
280 33 9
281 33 9
282 33 9
283 33 9
284 33 9
285 33 9
286 33 9
287 33 9
288 33 9
289 33 9
290 33 9
291 33 9
292 33 9
293 33 9
294 33 9
295 33 9
296 33 9
279 34 10
280 34 10
281 34 10
282 34 10
283 34 10
284 34 10
285 34 10
286 34 10
287 34 10
288 34 10
289 34 10
290 34 10
291 34 10
292 34 10
293 34 10
294 34 10
295 34 10
296 34 10
279 30 11
280 30 11
281 30 11
282 30 11
283 30 11
284 30 11
285 30 11
286 30 11
287 30 11
288 30 11
289 30 11
290 30 11
291 30 11
292 30 11
293 30 11
294 30 11
295 30 11
296 30 11
279 31 12
280 31 12
281 31 12
282 31 12
283 31 12
284 31 12
285 31 12
286 31 12
287 31 12
288 31 12
289 31 12
290 31 12
291 31 12
292 31 12
293 31 12
294 31 12
295 31 12
296 31 12
279 32 13
280 32 13
281 32 13
282 32 13
283 32 13
284 32 13
285 32 13
286 32 13
287 32 13
288 32 13
289 32 13
290 32 13
291 32 13
292 32 13
293 32 13
294 32 13
295 32 13
296 32 13
279 33 14
280 33 14
281 33 14
282 33 14
283 33 14
284 33 14
285 33 14
286 33 14
287 33 14
288 33 14
289 33 14
290 33 14
291 33 14
292 33 14
293 33 14
294 33 14
295 33 14
296 33 14
279 34 15
280 34 15
281 34 15
282 34 15
283 34 15
284 34 15
285 34 15
286 34 15
287 34 15
288 34 15
289 34 15
290 34 15
291 34 15
292 34 15
293 34 15
294 34 15
295 34 15
296 34 15
279 30 16
280 30 16
281 30 16
282 30 16
283 30 16
284 30 16
285 30 16
286 30 16
287 30 16
288 30 16
289 30 16
290 30 16
291 30 16
292 30 16
293 30 16
294 30 16
295 30 16
296 30 16
279 31 17
280 31 17
281 31 17
282 31 17
283 31 17
284 31 17
285 31 17
286 31 17
287 31 17
288 31 17
289 31 17
290 31 17
291 31 17
292 31 17
293 31 17
294 31 17
295 31 17
296 31 17
279 32 18
280 32 18
281 32 18
282 32 18
283 32 18
284 32 18
285 32 18
286 32 18
287 32 18
288 32 18
289 32 18
290 32 18
291 32 18
292 32 18
293 32 18
294 32 18
295 32 18
296 32 18
279 33 19
280 33 19
281 33 19
282 33 19
283 33 19
284 33 19
285 33 19
286 33 19
287 33 19
288 33 19
289 33 19
290 33 19
291 33 19
292 33 19
293 33 19
294 33 19
295 33 19
296 33 19
279 34 20
280 34 20
281 34 20
282 34 20
283 34 20
284 34 20
285 34 20
286 34 20
287 34 20
288 34 20
289 34 20
290 34 20
291 34 20
292 34 20
293 34 20
294 34 20
295 34 20
296 34 20
279 30 21
280 30 21
281 30 21
282 30 21
283 30 21
284 30 21
285 30 21
286 30 21
287 30 21
288 30 21
289 30 21
290 30 21
291 30 21
292 30 21
293 30 21
294 30 21
295 30 21
296 30 21
279 31 22
280 31 22
281 31 22
282 31 22
283 31 22
284 31 22
285 31 22
286 31 22
287 31 22
288 31 22
289 31 22
290 31 22
291 31 22
292 31 22
293 31 22
294 31 22
295 31 22
296 31 22
279 32 23
280 32 23
281 32 23
282 32 23
283 32 23
284 32 23
285 32 23
286 32 23
287 32 23
288 32 23
289 32 23
290 32 23
291 32 23
292 32 23
293 32 23
294 32 23
295 32 23
296 32 23
279 33 24
280 33 24
281 33 24
282 33 24
283 33 24
284 33 24
285 33 24
286 33 24
287 33 24
288 33 24
289 33 24
290 33 24
291 33 24
292 33 24
293 33 24
294 33 24
295 33 24
296 33 24
279 34 25
280 34 25
281 34 25
282 34 25
283 34 25
284 34 25
285 34 25
286 34 25
287 34 25
288 34 25
289 34 25
290 34 25
291 34 25
292 34 25
293 34 25
294 34 25
295 34 25
296 34 25
279 30 26
280 30 26
281 30 26
282 30 26
283 30 26
284 30 26
285 30 26
286 30 26
287 30 26
288 30 26
289 30 26
290 30 26
291 30 26
292 30 26
293 30 26
294 30 26
295 30 26
296 30 26
279 31 27
280 31 27
281 31 27
282 31 27
283 31 27
284 31 27
285 31 27
286 31 27
287 31 27
288 31 27
289 31 27
290 31 27
291 31 27
292 31 27
293 31 27
294 31 27
295 31 27
296 31 27
279 32 28
280 32 28
281 32 28
282 32 28
283 32 28
284 32 28
285 32 28
286 32 28
287 32 28
288 32 28
289 32 28
290 32 28
291 32 28
292 32 28
293 32 28
294 32 28
295 32 28
296 32 28
279 33 29
280 33 29
281 33 29
282 33 29
283 33 29
284 33 29
285 33 29
286 33 29
287 33 29
288 33 29
289 33 29
290 33 29
291 33 29
292 33 29
293 33 29
294 33 29
295 33 29
296 33 29
279 34 30
280 34 30
281 34 30
282 34 30
283 34 30
284 34 30
285 34 30
286 34 30
287 34 30
288 34 30
289 34 30
290 34 30
291 34 30
292 34 30
293 34 30
294 34 30
295 34 30
296 34 30
