279 186 1
280 186 1
281 186 1
282 186 1
283 186 1
279 187 2
280 187 2
281 187 2
282 187 2
283 187 2
279 186 3
280 186 3
281 186 3
282 186 3
283 186 3
279 187 4
280 187 4
281 187 4
282 187 4
283 187 4
279 186 5
280 186 5
281 186 5
282 186 5
283 186 5
279 187 6
280 187 6
281 187 6
282 187 6
283 187 6
279 186 7
280 186 7
281 186 7
282 186 7
283 186 7
279 187 8
280 187 8
281 187 8
282 187 8
283 187 8
279 186 9
280 186 9
281 186 9
282 186 9
283 186 9
279 187 10
280 187 10
281 187 10
282 187 10
283 187 10
279 186 11
280 186 11
281 186 11
282 186 11
283 186 11
279 187 12
280 187 12
281 187 12
282 187 12
283 187 12
279 186 13
280 186 13
281 186 13
282 186 13
283 186 13
279 187 14
280 187 14
281 187 14
282 187 14
283 187 14
279 186 15
280 186 15
281 186 15
282 186 15
283 186 15
279 187 16
280 187 16
281 187 16
282 187 16
283 187 16
279 186 17
280 186 17
281 186 17
282 186 17
283 186 17
279 187 18
280 187 18
281 187 18
282 187 18
283 187 18
279 186 19
280 186 19
281 186 19
282 186 19
283 186 19
279 187 20
280 187 20
281 187 20
282 187 20
283 187 20
279 186 21
280 186 21
281 186 21
282 186 21
283 186 21
279 187 22
280 187 22
281 187 22
282 187 22
283 187 22
279 186 23
280 186 23
281 186 23
282 186 23
283 186 23
279 187 24
280 187 24
281 187 24
282 187 24
283 187 24
279 186 25
280 186 25
281 186 25
282 186 25
283 186 25
279 187 26
280 187 26
281 187 26
282 187 26
283 187 26
279 186 27
280 186 27
281 186 27
282 186 27
283 186 27
279 187 28
280 187 28
281 187 28
282 187 28
283 187 28
