279 258 1
280 258 1
281 258 1
282 258 1
283 258 1
279 259 2
280 259 2
281 259 2
282 259 2
283 259 2
279 258 3
280 258 3
281 258 3
282 258 3
283 258 3
279 259 4
280 259 4
281 259 4
282 259 4
283 259 4
279 258 5
280 258 5
281 258 5
282 258 5
283 258 5
279 259 6
280 259 6
281 259 6
282 259 6
283 259 6
279 258 7
280 258 7
281 258 7
282 258 7
283 258 7
279 259 8
280 259 8
281 259 8
282 259 8
283 259 8
279 258 9
280 258 9
281 258 9
282 258 9
283 258 9
279 259 10
280 259 10
281 259 10
282 259 10
283 259 10
279 258 11
280 258 11
281 258 11
282 258 11
283 258 11
279 259 12
280 259 12
281 259 12
282 259 12
283 259 12
279 258 13
280 258 13
281 258 13
282 258 13
283 258 13
279 259 14
280 259 14
281 259 14
282 259 14
283 259 14
279 258 15
280 258 15
281 258 15
282 258 15
283 258 15
279 259 16
280 259 16
281 259 16
282 259 16
283 259 16
279 258 17
280 258 17
281 258 17
282 258 17
283 258 17
279 259 18
280 259 18
281 259 18
282 259 18
283 259 18
279 258 19
280 258 19
281 258 19
282 258 19
283 258 19
279 259 20
280 259 20
281 259 20
282 259 20
283 259 20
279 258 21
280 258 21
281 258 21
282 258 21
283 258 21
279 259 22
280 259 22
281 259 22
282 259 22
283 259 22
279 258 23
280 258 23
281 258 23
282 258 23
283 258 23
279 259 24
280 259 24
281 259 24
282 259 24
283 259 24
279 258 25
280 258 25
281 258 25
282 258 25
283 258 25
279 259 26
280 259 26
281 259 26
282 259 26
283 259 26
279 258 27
280 258 27
281 258 27
282 258 27
283 258 27
279 259 28
280 259 28
281 259 28
282 259 28
283 259 28
