279 138 1
280 138 1
281 138 1
282 138 1
283 138 1
279 139 2
280 139 2
281 139 2
282 139 2
283 139 2
279 138 3
280 138 3
281 138 3
282 138 3
283 138 3
279 139 4
280 139 4
281 139 4
282 139 4
283 139 4
279 138 5
280 138 5
281 138 5
282 138 5
283 138 5
279 139 6
280 139 6
281 139 6
282 139 6
283 139 6
279 138 7
280 138 7
281 138 7
282 138 7
283 138 7
279 139 8
280 139 8
281 139 8
282 139 8
283 139 8
279 138 9
280 138 9
281 138 9
282 138 9
283 138 9
279 139 10
280 139 10
281 139 10
282 139 10
283 139 10
279 138 11
280 138 11
281 138 11
282 138 11
283 138 11
279 139 12
280 139 12
281 139 12
282 139 12
283 139 12
279 138 13
280 138 13
281 138 13
282 138 13
283 138 13
279 139 14
280 139 14
281 139 14
282 139 14
283 139 14
279 138 15
280 138 15
281 138 15
282 138 15
283 138 15
279 139 16
280 139 16
281 139 16
282 139 16
283 139 16
279 138 17
280 138 17
281 138 17
282 138 17
283 138 17
279 139 18
280 139 18
281 139 18
282 139 18
283 139 18
279 138 19
280 138 19
281 138 19
282 138 19
283 138 19
279 139 20
280 139 20
281 139 20
282 139 20
283 139 20
279 138 21
280 138 21
281 138 21
282 138 21
283 138 21
279 139 22
280 139 22
281 139 22
282 139 22
283 139 22
279 138 23
280 138 23
281 138 23
282 138 23
283 138 23
279 139 24
280 139 24
281 139 24
282 139 24
283 139 24
279 138 25
280 138 25
281 138 25
282 138 25
283 138 25
279 139 26
280 139 26
281 139 26
282 139 26
283 139 26
279 138 27
280 138 27
281 138 27
282 138 27
283 138 27
279 139 28
280 139 28
281 139 28
282 139 28
283 139 28
