279 156 1
280 156 1
281 156 1
282 156 1
283 156 1
279 157 2
280 157 2
281 157 2
282 157 2
283 157 2
279 156 3
280 156 3
281 156 3
282 156 3
283 156 3
279 157 4
280 157 4
281 157 4
282 157 4
283 157 4
279 156 5
280 156 5
281 156 5
282 156 5
283 156 5
279 157 6
280 157 6
281 157 6
282 157 6
283 157 6
279 156 7
280 156 7
281 156 7
282 156 7
283 156 7
279 157 8
280 157 8
281 157 8
282 157 8
283 157 8
279 156 9
280 156 9
281 156 9
282 156 9
283 156 9
279 157 10
280 157 10
281 157 10
282 157 10
283 157 10
279 156 11
280 156 11
281 156 11
282 156 11
283 156 11
279 157 12
280 157 12
281 157 12
282 157 12
283 157 12
279 156 13
280 156 13
281 156 13
282 156 13
283 156 13
279 157 14
280 157 14
281 157 14
282 157 14
283 157 14
279 156 15
280 156 15
281 156 15
282 156 15
283 156 15
279 157 16
280 157 16
281 157 16
282 157 16
283 157 16
279 156 17
280 156 17
281 156 17
282 156 17
283 156 17
279 157 18
280 157 18
281 157 18
282 157 18
283 157 18
279 156 19
280 156 19
281 156 19
282 156 19
283 156 19
279 157 20
280 157 20
281 157 20
282 157 20
283 157 20
279 156 21
280 156 21
281 156 21
282 156 21
283 156 21
279 157 22
280 157 22
281 157 22
282 157 22
283 157 22
279 156 23
280 156 23
281 156 23
282 156 23
283 156 23
279 157 24
280 157 24
281 157 24
282 157 24
283 157 24
279 156 25
280 156 25
281 156 25
282 156 25
283 156 25
279 157 26
280 157 26
281 157 26
282 157 26
283 157 26
279 156 27
280 156 27
281 156 27
282 156 27
283 156 27
279 157 28
280 157 28
281 157 28
282 157 28
283 157 28
