279 15 1
280 15 1
281 15 1
282 15 1
283 15 1
279 16 2
280 16 2
281 16 2
282 16 2
283 16 2
279 15 3
280 15 3
281 15 3
282 15 3
283 15 3
279 16 4
280 16 4
281 16 4
282 16 4
283 16 4
279 15 5
280 15 5
281 15 5
282 15 5
283 15 5
279 16 6
280 16 6
281 16 6
282 16 6
283 16 6
279 15 7
280 15 7
281 15 7
282 15 7
283 15 7
279 16 8
280 16 8
281 16 8
282 16 8
283 16 8
279 15 9
280 15 9
281 15 9
282 15 9
283 15 9
279 16 10
280 16 10
281 16 10
282 16 10
283 16 10
279 15 11
280 15 11
281 15 11
282 15 11
283 15 11
279 16 12
280 16 12
281 16 12
282 16 12
283 16 12
279 15 13
280 15 13
281 15 13
282 15 13
283 15 13
279 16 14
280 16 14
281 16 14
282 16 14
283 16 14
279 15 15
280 15 15
281 15 15
282 15 15
283 15 15
279 16 16
280 16 16
281 16 16
282 16 16
283 16 16
279 15 17
280 15 17
281 15 17
282 15 17
283 15 17
279 16 18
280 16 18
281 16 18
282 16 18
283 16 18
279 15 19
280 15 19
281 15 19
282 15 19
283 15 19
279 16 20
280 16 20
281 16 20
282 16 20
283 16 20
279 15 21
280 15 21
281 15 21
282 15 21
283 15 21
279 16 22
280 16 22
281 16 22
282 16 22
283 16 22
279 15 23
280 15 23
281 15 23
282 15 23
283 15 23
279 16 24
280 16 24
281 16 24
282 16 24
283 16 24
279 15 25
280 15 25
281 15 25
282 15 25
283 15 25
279 16 26
280 16 26
281 16 26
282 16 26
283 16 26
279 15 27
280 15 27
281 15 27
282 15 27
283 15 27
279 16 28
280 16 28
281 16 28
282 16 28
283 16 28
