279 77 1
280 77 1
281 77 1
282 77 1
283 77 1
284 77 1
285 77 1
286 77 1
287 77 1
288 77 1
289 77 1
290 77 1
291 77 1
292 77 1
293 77 1
294 77 1
295 77 1
296 77 1
279 77 2
280 77 2
281 77 2
282 77 2
283 77 2
284 77 2
285 77 2
286 77 2
287 77 2
288 77 2
289 77 2
290 77 2
291 77 2
292 77 2
293 77 2
294 77 2
295 77 2
296 77 2
279 77 3
280 77 3
281 77 3
282 77 3
283 77 3
284 77 3
285 77 3
286 77 3
287 77 3
288 77 3
289 77 3
290 77 3
291 77 3
292 77 3
293 77 3
294 77 3
295 77 3
296 77 3
279 77 4
280 77 4
281 77 4
282 77 4
283 77 4
284 77 4
285 77 4
286 77 4
287 77 4
288 77 4
289 77 4
290 77 4
291 77 4
292 77 4
293 77 4
294 77 4
295 77 4
296 77 4
279 77 5
280 77 5
281 77 5
282 77 5
283 77 5
284 77 5
285 77 5
286 77 5
287 77 5
288 77 5
289 77 5
290 77 5
291 77 5
292 77 5
293 77 5
294 77 5
295 77 5
296 77 5
