279 125 1
280 125 1
281 125 1
282 125 1
283 125 1
284 125 1
285 125 1
286 125 1
287 125 1
288 125 1
289 125 1
290 125 1
291 125 1
292 125 1
293 125 1
294 125 1
295 125 1
296 125 1
279 125 2
280 125 2
281 125 2
282 125 2
283 125 2
284 125 2
285 125 2
286 125 2
287 125 2
288 125 2
289 125 2
290 125 2
291 125 2
292 125 2
293 125 2
294 125 2
295 125 2
296 125 2
279 125 3
280 125 3
281 125 3
282 125 3
283 125 3
284 125 3
285 125 3
286 125 3
287 125 3
288 125 3
289 125 3
290 125 3
291 125 3
292 125 3
293 125 3
294 125 3
295 125 3
296 125 3
279 125 4
280 125 4
281 125 4
282 125 4
283 125 4
284 125 4
285 125 4
286 125 4
287 125 4
288 125 4
289 125 4
290 125 4
291 125 4
292 125 4
293 125 4
294 125 4
295 125 4
296 125 4
279 125 5
280 125 5
281 125 5
282 125 5
283 125 5
284 125 5
285 125 5
286 125 5
287 125 5
288 125 5
289 125 5
290 125 5
291 125 5
292 125 5
293 125 5
294 125 5
295 125 5
296 125 5
