279 63 1
280 63 1
281 63 1
282 63 1
283 63 1
279 64 2
280 64 2
281 64 2
282 64 2
283 64 2
279 63 3
280 63 3
281 63 3
282 63 3
283 63 3
279 64 4
280 64 4
281 64 4
282 64 4
283 64 4
279 63 5
280 63 5
281 63 5
282 63 5
283 63 5
279 64 6
280 64 6
281 64 6
282 64 6
283 64 6
279 63 7
280 63 7
281 63 7
282 63 7
283 63 7
279 64 8
280 64 8
281 64 8
282 64 8
283 64 8
279 63 9
280 63 9
281 63 9
282 63 9
283 63 9
279 64 10
280 64 10
281 64 10
282 64 10
283 64 10
279 63 11
280 63 11
281 63 11
282 63 11
283 63 11
279 64 12
280 64 12
281 64 12
282 64 12
283 64 12
279 63 13
280 63 13
281 63 13
282 63 13
283 63 13
279 64 14
280 64 14
281 64 14
282 64 14
283 64 14
279 63 15
280 63 15
281 63 15
282 63 15
283 63 15
279 64 16
280 64 16
281 64 16
282 64 16
283 64 16
279 63 17
280 63 17
281 63 17
282 63 17
283 63 17
279 64 18
280 64 18
281 64 18
282 64 18
283 64 18
279 63 19
280 63 19
281 63 19
282 63 19
283 63 19
279 64 20
280 64 20
281 64 20
282 64 20
283 64 20
279 63 21
280 63 21
281 63 21
282 63 21
283 63 21
279 64 22
280 64 22
281 64 22
282 64 22
283 64 22
279 63 23
280 63 23
281 63 23
282 63 23
283 63 23
279 64 24
280 64 24
281 64 24
282 64 24
283 64 24
279 63 25
280 63 25
281 63 25
282 63 25
283 63 25
279 64 26
280 64 26
281 64 26
282 64 26
283 64 26
279 63 27
280 63 27
281 63 27
282 63 27
283 63 27
279 64 28
280 64 28
281 64 28
282 64 28
283 64 28
