279 117 1
280 117 1
281 117 1
282 117 1
283 117 1
279 118 2
280 118 2
281 118 2
282 118 2
283 118 2
279 117 3
280 117 3
281 117 3
282 117 3
283 117 3
279 118 4
280 118 4
281 118 4
282 118 4
283 118 4
279 117 5
280 117 5
281 117 5
282 117 5
283 117 5
279 118 6
280 118 6
281 118 6
282 118 6
283 118 6
279 117 7
280 117 7
281 117 7
282 117 7
283 117 7
279 118 8
280 118 8
281 118 8
282 118 8
283 118 8
279 117 9
280 117 9
281 117 9
282 117 9
283 117 9
279 118 10
280 118 10
281 118 10
282 118 10
283 118 10
279 117 11
280 117 11
281 117 11
282 117 11
283 117 11
279 118 12
280 118 12
281 118 12
282 118 12
283 118 12
279 117 13
280 117 13
281 117 13
282 117 13
283 117 13
279 118 14
280 118 14
281 118 14
282 118 14
283 118 14
279 117 15
280 117 15
281 117 15
282 117 15
283 117 15
279 118 16
280 118 16
281 118 16
282 118 16
283 118 16
279 117 17
280 117 17
281 117 17
282 117 17
283 117 17
279 118 18
280 118 18
281 118 18
282 118 18
283 118 18
279 117 19
280 117 19
281 117 19
282 117 19
283 117 19
279 118 20
280 118 20
281 118 20
282 118 20
283 118 20
279 117 21
280 117 21
281 117 21
282 117 21
283 117 21
279 118 22
280 118 22
281 118 22
282 118 22
283 118 22
279 117 23
280 117 23
281 117 23
282 117 23
283 117 23
279 118 24
280 118 24
281 118 24
282 118 24
283 118 24
279 117 25
280 117 25
281 117 25
282 117 25
283 117 25
279 118 26
280 118 26
281 118 26
282 118 26
283 118 26
279 117 27
280 117 27
281 117 27
282 117 27
283 117 27
279 118 28
280 118 28
281 118 28
282 118 28
283 118 28
