3 15 1
4 15 1
5 15 1
6 15 1
7 15 1
8 15 1
9 15 1
10 15 1
11 15 1
12 15 1
13 15 1
14 15 1
3 16 2
4 16 2
5 16 2
6 16 2
7 16 2
8 16 2
9 16 2
10 16 2
11 16 2
12 16 2
13 16 2
14 16 2
3 17 3
4 17 3
5 17 3
6 17 3
7 17 3
8 17 3
9 17 3
10 17 3
11 17 3
12 17 3
13 17 3
14 17 3
3 18 4
4 18 4
5 18 4
6 18 4
7 18 4
8 18 4
9 18 4
10 18 4
11 18 4
12 18 4
13 18 4
14 18 4
3 19 5
4 19 5
5 19 5
6 19 5
7 19 5
8 19 5
9 19 5
10 19 5
11 19 5
12 19 5
13 19 5
14 19 5
3 20 6
4 20 6
5 20 6
6 20 6
7 20 6
8 20 6
9 20 6
10 20 6
11 20 6
12 20 6
13 20 6
14 20 6
3 15 7
4 15 7
5 15 7
6 15 7
7 15 7
8 15 7
9 15 7
10 15 7
11 15 7
12 15 7
13 15 7
14 15 7
3 16 8
4 16 8
5 16 8
6 16 8
7 16 8
8 16 8
9 16 8
10 16 8
11 16 8
12 16 8
13 16 8
14 16 8
3 17 9
4 17 9
5 17 9
6 17 9
7 17 9
8 17 9
9 17 9
10 17 9
11 17 9
12 17 9
13 17 9
14 17 9
3 18 10
4 18 10
5 18 10
6 18 10
7 18 10
8 18 10
9 18 10
10 18 10
11 18 10
12 18 10
13 18 10
14 18 10
3 19 11
4 19 11
5 19 11
6 19 11
7 19 11
8 19 11
9 19 11
10 19 11
11 19 11
12 19 11
13 19 11
14 19 11
3 20 12
4 20 12
5 20 12
6 20 12
7 20 12
8 20 12
9 20 12
10 20 12
11 20 12
12 20 12
13 20 12
14 20 12
3 15 13
4 15 13
5 15 13
6 15 13
7 15 13
8 15 13
9 15 13
10 15 13
11 15 13
12 15 13
13 15 13
14 15 13
3 16 14
4 16 14
5 16 14
6 16 14
7 16 14
8 16 14
9 16 14
10 16 14
11 16 14
12 16 14
13 16 14
14 16 14
3 17 15
4 17 15
5 17 15
6 17 15
7 17 15
8 17 15
9 17 15
10 17 15
11 17 15
12 17 15
13 17 15
14 17 15
3 18 16
4 18 16
5 18 16
6 18 16
7 18 16
8 18 16
9 18 16
10 18 16
11 18 16
12 18 16
13 18 16
14 18 16
3 19 17
4 19 17
5 19 17
6 19 17
7 19 17
8 19 17
9 19 17
10 19 17
11 19 17
12 19 17
13 19 17
14 19 17
3 20 18
4 20 18
5 20 18
6 20 18
7 20 18
8 20 18
9 20 18
10 20 18
11 20 18
12 20 18
13 20 18
14 20 18
3 15 19
4 15 19
5 15 19
6 15 19
7 15 19
8 15 19
9 15 19
10 15 19
11 15 19
12 15 19
13 15 19
14 15 19
3 16 20
4 16 20
5 16 20
6 16 20
7 16 20
8 16 20
9 16 20
10 16 20
11 16 20
12 16 20
13 16 20
14 16 20
3 17 21
4 17 21
5 17 21
6 17 21
7 17 21
8 17 21
9 17 21
10 17 21
11 17 21
12 17 21
13 17 21
14 17 21
3 18 22
4 18 22
5 18 22
6 18 22
7 18 22
8 18 22
9 18 22
10 18 22
11 18 22
12 18 22
13 18 22
14 18 22
3 19 23
4 19 23
5 19 23
6 19 23
7 19 23
8 19 23
9 19 23
10 19 23
11 19 23
12 19 23
13 19 23
14 19 23
3 20 24
4 20 24
5 20 24
6 20 24
7 20 24
8 20 24
9 20 24
10 20 24
11 20 24
12 20 24
13 20 24
14 20 24
3 15 25
4 15 25
5 15 25
6 15 25
7 15 25
8 15 25
9 15 25
10 15 25
11 15 25
12 15 25
13 15 25
14 15 25
3 16 26
4 16 26
5 16 26
6 16 26
7 16 26
8 16 26
9 16 26
10 16 26
11 16 26
12 16 26
13 16 26
14 16 26
3 17 27
4 17 27
5 17 27
6 17 27
7 17 27
8 17 27
9 17 27
10 17 27
11 17 27
12 17 27
13 17 27
14 17 27
3 18 28
4 18 28
5 18 28
6 18 28
7 18 28
8 18 28
9 18 28
10 18 28
11 18 28
12 18 28
13 18 28
14 18 28
3 19 29
4 19 29
5 19 29
6 19 29
7 19 29
8 19 29
9 19 29
10 19 29
11 19 29
12 19 29
13 19 29
14 19 29
3 20 30
4 20 30
5 20 30
6 20 30
7 20 30
8 20 30
9 20 30
10 20 30
11 20 30
12 20 30
13 20 30
14 20 30
3 15 31
4 15 31
5 15 31
6 15 31
7 15 31
8 15 31
9 15 31
10 15 31
11 15 31
12 15 31
13 15 31
14 15 31
3 16 32
4 16 32
5 16 32
6 16 32
7 16 32
8 16 32
9 16 32
10 16 32
11 16 32
12 16 32
13 16 32
14 16 32
3 17 33
4 17 33
5 17 33
6 17 33
7 17 33
8 17 33
9 17 33
10 17 33
11 17 33
12 17 33
13 17 33
14 17 33
3 18 34
4 18 34
5 18 34
6 18 34
7 18 34
8 18 34
9 18 34
10 18 34
11 18 34
12 18 34
13 18 34
14 18 34
3 19 35
4 19 35
5 19 35
6 19 35
7 19 35
8 19 35
9 19 35
10 19 35
11 19 35
12 19 35
13 19 35
14 19 35
3 20 36
4 20 36
5 20 36
6 20 36
7 20 36
8 20 36
9 20 36
10 20 36
11 20 36
12 20 36
13 20 36
14 20 36
3 15 37
4 15 37
5 15 37
6 15 37
7 15 37
8 15 37
9 15 37
10 15 37
11 15 37
12 15 37
13 15 37
14 15 37
3 16 38
4 16 38
5 16 38
6 16 38
7 16 38
8 16 38
9 16 38
10 16 38
11 16 38
12 16 38
13 16 38
14 16 38
3 17 39
4 17 39
5 17 39
6 17 39
7 17 39
8 17 39
9 17 39
10 17 39
11 17 39
12 17 39
13 17 39
14 17 39
3 18 40
4 18 40
5 18 40
6 18 40
7 18 40
8 18 40
9 18 40
10 18 40
11 18 40
12 18 40
13 18 40
14 18 40
3 19 41
4 19 41
5 19 41
6 19 41
7 19 41
8 19 41
9 19 41
10 19 41
11 19 41
12 19 41
13 19 41
14 19 41
3 20 42
4 20 42
5 20 42
6 20 42
7 20 42
8 20 42
9 20 42
10 20 42
11 20 42
12 20 42
13 20 42
14 20 42
3 15 43
4 15 43
5 15 43
6 15 43
7 15 43
8 15 43
9 15 43
10 15 43
11 15 43
12 15 43
13 15 43
14 15 43
3 16 44
4 16 44
5 16 44
6 16 44
7 16 44
8 16 44
9 16 44
10 16 44
11 16 44
12 16 44
13 16 44
14 16 44
3 17 45
4 17 45
5 17 45
6 17 45
7 17 45
8 17 45
9 17 45
10 17 45
11 17 45
12 17 45
13 17 45
14 17 45
3 18 46
4 18 46
5 18 46
6 18 46
7 18 46
8 18 46
9 18 46
10 18 46
11 18 46
12 18 46
13 18 46
14 18 46
3 19 47
4 19 47
5 19 47
6 19 47
7 19 47
8 19 47
9 19 47
10 19 47
11 19 47
12 19 47
13 19 47
14 19 47
3 20 48
4 20 48
5 20 48
6 20 48
7 20 48
8 20 48
9 20 48
10 20 48
11 20 48
12 20 48
13 20 48
14 20 48
3 15 49
4 15 49
5 15 49
6 15 49
7 15 49
8 15 49
9 15 49
10 15 49
11 15 49
12 15 49
13 15 49
14 15 49
3 16 50
4 16 50
5 16 50
6 16 50
7 16 50
8 16 50
9 16 50
10 16 50
11 16 50
12 16 50
13 16 50
14 16 50
3 17 51
4 17 51
5 17 51
6 17 51
7 17 51
8 17 51
9 17 51
10 17 51
11 17 51
12 17 51
13 17 51
14 17 51
3 18 52
4 18 52
5 18 52
6 18 52
7 18 52
8 18 52
9 18 52
10 18 52
11 18 52
12 18 52
13 18 52
14 18 52
3 19 53
4 19 53
5 19 53
6 19 53
7 19 53
8 19 53
9 19 53
10 19 53
11 19 53
12 19 53
13 19 53
14 19 53
3 20 54
4 20 54
5 20 54
6 20 54
7 20 54
8 20 54
9 20 54
10 20 54
11 20 54
12 20 54
13 20 54
14 20 54
3 15 55
4 15 55
5 15 55
6 15 55
7 15 55
8 15 55
9 15 55
10 15 55
11 15 55
12 15 55
13 15 55
14 15 55
3 16 56
4 16 56
5 16 56
6 16 56
7 16 56
8 16 56
9 16 56
10 16 56
11 16 56
12 16 56
13 16 56
14 16 56
3 17 57
4 17 57
5 17 57
6 17 57
7 17 57
8 17 57
9 17 57
10 17 57
11 17 57
12 17 57
13 17 57
14 17 57
3 18 58
4 18 58
5 18 58
6 18 58
7 18 58
8 18 58
9 18 58
10 18 58
11 18 58
12 18 58
13 18 58
14 18 58
3 19 59
4 19 59
5 19 59
6 19 59
7 19 59
8 19 59
9 19 59
10 19 59
11 19 59
12 19 59
13 19 59
14 19 59
3 20 60
4 20 60
5 20 60
6 20 60
7 20 60
8 20 60
9 20 60
10 20 60
11 20 60
12 20 60
13 20 60
14 20 60
3 15 61
4 15 61
5 15 61
6 15 61
7 15 61
8 15 61
9 15 61
10 15 61
11 15 61
12 15 61
13 15 61
14 15 61
3 16 62
4 16 62
5 16 62
6 16 62
7 16 62
8 16 62
9 16 62
10 16 62
11 16 62
12 16 62
13 16 62
14 16 62
3 17 63
4 17 63
5 17 63
6 17 63
7 17 63
8 17 63
9 17 63
10 17 63
11 17 63
12 17 63
13 17 63
14 17 63
3 18 64
4 18 64
5 18 64
6 18 64
7 18 64
8 18 64
9 18 64
10 18 64
11 18 64
12 18 64
13 18 64
14 18 64
3 19 65
4 19 65
5 19 65
6 19 65
7 19 65
8 19 65
9 19 65
10 19 65
11 19 65
12 19 65
13 19 65
14 19 65
3 20 66
4 20 66
5 20 66
6 20 66
7 20 66
8 20 66
9 20 66
10 20 66
11 20 66
12 20 66
13 20 66
14 20 66
3 15 67
4 15 67
5 15 67
6 15 67
7 15 67
8 15 67
9 15 67
10 15 67
11 15 67
12 15 67
13 15 67
14 15 67
3 16 68
4 16 68
5 16 68
6 16 68
7 16 68
8 16 68
9 16 68
10 16 68
11 16 68
12 16 68
13 16 68
14 16 68
3 17 69
4 17 69
5 17 69
6 17 69
7 17 69
8 17 69
9 17 69
10 17 69
11 17 69
12 17 69
13 17 69
14 17 69
3 18 70
4 18 70
5 18 70
6 18 70
7 18 70
8 18 70
9 18 70
10 18 70
11 18 70
12 18 70
13 18 70
14 18 70
3 19 71
4 19 71
5 19 71
6 19 71
7 19 71
8 19 71
9 19 71
10 19 71
11 19 71
12 19 71
13 19 71
14 19 71
3 20 72
4 20 72
5 20 72
6 20 72
7 20 72
8 20 72
9 20 72
10 20 72
11 20 72
12 20 72
13 20 72
14 20 72
3 15 73
4 15 73
5 15 73
6 15 73
7 15 73
8 15 73
9 15 73
10 15 73
11 15 73
12 15 73
13 15 73
14 15 73
3 16 74
4 16 74
5 16 74
6 16 74
7 16 74
8 16 74
9 16 74
10 16 74
11 16 74
12 16 74
13 16 74
14 16 74
3 17 75
4 17 75
5 17 75
6 17 75
7 17 75
8 17 75
9 17 75
10 17 75
11 17 75
12 17 75
13 17 75
14 17 75
3 18 76
4 18 76
5 18 76
6 18 76
7 18 76
8 18 76
9 18 76
10 18 76
11 18 76
12 18 76
13 18 76
14 18 76
3 19 77
4 19 77
5 19 77
6 19 77
7 19 77
8 19 77
9 19 77
10 19 77
11 19 77
12 19 77
13 19 77
14 19 77
3 20 78
4 20 78
5 20 78
6 20 78
7 20 78
8 20 78
9 20 78
10 20 78
11 20 78
12 20 78
13 20 78
14 20 78
3 15 79
4 15 79
5 15 79
6 15 79
7 15 79
8 15 79
9 15 79
10 15 79
11 15 79
12 15 79
13 15 79
14 15 79
3 16 80
4 16 80
5 16 80
6 16 80
7 16 80
8 16 80
9 16 80
10 16 80
11 16 80
12 16 80
13 16 80
14 16 80
3 17 81
4 17 81
5 17 81
6 17 81
7 17 81
8 17 81
9 17 81
10 17 81
11 17 81
12 17 81
13 17 81
14 17 81
3 18 82
4 18 82
5 18 82
6 18 82
7 18 82
8 18 82
9 18 82
10 18 82
11 18 82
12 18 82
13 18 82
14 18 82
3 19 83
4 19 83
5 19 83
6 19 83
7 19 83
8 19 83
9 19 83
10 19 83
11 19 83
12 19 83
13 19 83
14 19 83
3 20 84
4 20 84
5 20 84
6 20 84
7 20 84
8 20 84
9 20 84
10 20 84
11 20 84
12 20 84
13 20 84
14 20 84
3 15 85
4 15 85
5 15 85
6 15 85
7 15 85
8 15 85
9 15 85
10 15 85
11 15 85
12 15 85
13 15 85
14 15 85
3 16 86
4 16 86
5 16 86
6 16 86
7 16 86
8 16 86
9 16 86
10 16 86
11 16 86
12 16 86
13 16 86
14 16 86
3 17 87
4 17 87
5 17 87
6 17 87
7 17 87
8 17 87
9 17 87
10 17 87
11 17 87
12 17 87
13 17 87
14 17 87
3 18 88
4 18 88
5 18 88
6 18 88
7 18 88
8 18 88
9 18 88
10 18 88
11 18 88
12 18 88
13 18 88
14 18 88
3 19 89
4 19 89
5 19 89
6 19 89
7 19 89
8 19 89
9 19 89
10 19 89
11 19 89
12 19 89
13 19 89
14 19 89
3 20 90
4 20 90
5 20 90
6 20 90
7 20 90
8 20 90
9 20 90
10 20 90
11 20 90
12 20 90
13 20 90
14 20 90
3 15 91
4 15 91
5 15 91
6 15 91
7 15 91
8 15 91
9 15 91
10 15 91
11 15 91
12 15 91
13 15 91
14 15 91
3 16 92
4 16 92
5 16 92
6 16 92
7 16 92
8 16 92
9 16 92
10 16 92
11 16 92
12 16 92
13 16 92
14 16 92
3 17 93
4 17 93
5 17 93
6 17 93
7 17 93
8 17 93
9 17 93
10 17 93
11 17 93
12 17 93
13 17 93
14 17 93
3 18 94
4 18 94
5 18 94
6 18 94
7 18 94
8 18 94
9 18 94
10 18 94
11 18 94
12 18 94
13 18 94
14 18 94
3 19 95
4 19 95
5 19 95
6 19 95
7 19 95
8 19 95
9 19 95
10 19 95
11 19 95
12 19 95
13 19 95
14 19 95
3 20 96
4 20 96
5 20 96
6 20 96
7 20 96
8 20 96
9 20 96
10 20 96
11 20 96
12 20 96
13 20 96
14 20 96
3 15 97
4 15 97
5 15 97
6 15 97
7 15 97
8 15 97
9 15 97
10 15 97
11 15 97
12 15 97
13 15 97
14 15 97
3 16 98
4 16 98
5 16 98
6 16 98
7 16 98
8 16 98
9 16 98
10 16 98
11 16 98
12 16 98
13 16 98
14 16 98
3 17 99
4 17 99
5 17 99
6 17 99
7 17 99
8 17 99
9 17 99
10 17 99
11 17 99
12 17 99
13 17 99
14 17 99
3 18 100
4 18 100
5 18 100
6 18 100
7 18 100
8 18 100
9 18 100
10 18 100
11 18 100
12 18 100
13 18 100
14 18 100
3 19 101
4 19 101
5 19 101
6 19 101
7 19 101
8 19 101
9 19 101
10 19 101
11 19 101
12 19 101
13 19 101
14 19 101
3 20 102
4 20 102
5 20 102
6 20 102
7 20 102
8 20 102
9 20 102
10 20 102
11 20 102
12 20 102
13 20 102
14 20 102
3 15 103
4 15 103
5 15 103
6 15 103
7 15 103
8 15 103
9 15 103
10 15 103
11 15 103
12 15 103
13 15 103
14 15 103
3 16 104
4 16 104
5 16 104
6 16 104
7 16 104
8 16 104
9 16 104
10 16 104
11 16 104
12 16 104
13 16 104
14 16 104
3 17 105
4 17 105
5 17 105
6 17 105
7 17 105
8 17 105
9 17 105
10 17 105
11 17 105
12 17 105
13 17 105
14 17 105
3 18 106
4 18 106
5 18 106
6 18 106
7 18 106
8 18 106
9 18 106
10 18 106
11 18 106
12 18 106
13 18 106
14 18 106
3 19 107
4 19 107
5 19 107
6 19 107
7 19 107
8 19 107
9 19 107
10 19 107
11 19 107
12 19 107
13 19 107
14 19 107
3 20 108
4 20 108
5 20 108
6 20 108
7 20 108
8 20 108
9 20 108
10 20 108
11 20 108
12 20 108
13 20 108
14 20 108
3 15 109
4 15 109
5 15 109
6 15 109
7 15 109
8 15 109
9 15 109
10 15 109
11 15 109
12 15 109
13 15 109
14 15 109
3 16 110
4 16 110
5 16 110
6 16 110
7 16 110
8 16 110
9 16 110
10 16 110
11 16 110
12 16 110
13 16 110
14 16 110
3 17 111
4 17 111
5 17 111
6 17 111
7 17 111
8 17 111
9 17 111
10 17 111
11 17 111
12 17 111
13 17 111
14 17 111
3 18 112
4 18 112
5 18 112
6 18 112
7 18 112
8 18 112
9 18 112
10 18 112
11 18 112
12 18 112
13 18 112
14 18 112
3 19 113
4 19 113
5 19 113
6 19 113
7 19 113
8 19 113
9 19 113
10 19 113
11 19 113
12 19 113
13 19 113
14 19 113
3 20 114
4 20 114
5 20 114
6 20 114
7 20 114
8 20 114
9 20 114
10 20 114
11 20 114
12 20 114
13 20 114
14 20 114
3 15 115
4 15 115
5 15 115
6 15 115
7 15 115
8 15 115
9 15 115
10 15 115
11 15 115
12 15 115
13 15 115
14 15 115
3 16 116
4 16 116
5 16 116
6 16 116
7 16 116
8 16 116
9 16 116
10 16 116
11 16 116
12 16 116
13 16 116
14 16 116
3 17 117
4 17 117
5 17 117
6 17 117
7 17 117
8 17 117
9 17 117
10 17 117
11 17 117
12 17 117
13 17 117
14 17 117
3 18 118
4 18 118
5 18 118
6 18 118
7 18 118
8 18 118
9 18 118
10 18 118
11 18 118
12 18 118
13 18 118
14 18 118
3 19 119
4 19 119
5 19 119
6 19 119
7 19 119
8 19 119
9 19 119
10 19 119
11 19 119
12 19 119
13 19 119
14 19 119
3 20 120
4 20 120
5 20 120
6 20 120
7 20 120
8 20 120
9 20 120
10 20 120
11 20 120
12 20 120
13 20 120
14 20 120
3 15 121
4 15 121
5 15 121
6 15 121
7 15 121
8 15 121
9 15 121
10 15 121
11 15 121
12 15 121
13 15 121
14 15 121
3 16 122
4 16 122
5 16 122
6 16 122
7 16 122
8 16 122
9 16 122
10 16 122
11 16 122
12 16 122
13 16 122
14 16 122
3 17 123
4 17 123
5 17 123
6 17 123
7 17 123
8 17 123
9 17 123
10 17 123
11 17 123
12 17 123
13 17 123
14 17 123
3 18 124
4 18 124
5 18 124
6 18 124
7 18 124
8 18 124
9 18 124
10 18 124
11 18 124
12 18 124
13 18 124
14 18 124
3 19 125
4 19 125
5 19 125
6 19 125
7 19 125
8 19 125
9 19 125
10 19 125
11 19 125
12 19 125
13 19 125
14 19 125
3 20 126
4 20 126
5 20 126
6 20 126
7 20 126
8 20 126
9 20 126
10 20 126
11 20 126
12 20 126
13 20 126
14 20 126
3 15 127
4 15 127
5 15 127
6 15 127
7 15 127
8 15 127
9 15 127
10 15 127
11 15 127
12 15 127
13 15 127
14 15 127
3 16 128
4 16 128
5 16 128
6 16 128
7 16 128
8 16 128
9 16 128
10 16 128
11 16 128
12 16 128
13 16 128
14 16 128
3 17 129
4 17 129
5 17 129
6 17 129
7 17 129
8 17 129
9 17 129
10 17 129
11 17 129
12 17 129
13 17 129
14 17 129
3 18 130
4 18 130
5 18 130
6 18 130
7 18 130
8 18 130
9 18 130
10 18 130
11 18 130
12 18 130
13 18 130
14 18 130
3 19 131
4 19 131
5 19 131
6 19 131
7 19 131
8 19 131
9 19 131
10 19 131
11 19 131
12 19 131
13 19 131
14 19 131
3 20 132
4 20 132
5 20 132
6 20 132
7 20 132
8 20 132
9 20 132
10 20 132
11 20 132
12 20 132
13 20 132
14 20 132
3 15 133
4 15 133
5 15 133
6 15 133
7 15 133
8 15 133
9 15 133
10 15 133
11 15 133
12 15 133
13 15 133
14 15 133
3 16 134
4 16 134
5 16 134
6 16 134
7 16 134
8 16 134
9 16 134
10 16 134
11 16 134
12 16 134
13 16 134
14 16 134
3 17 135
4 17 135
5 17 135
6 17 135
7 17 135
8 17 135
9 17 135
10 17 135
11 17 135
12 17 135
13 17 135
14 17 135
3 18 136
4 18 136
5 18 136
6 18 136
7 18 136
8 18 136
9 18 136
10 18 136
11 18 136
12 18 136
13 18 136
14 18 136
3 19 137
4 19 137
5 19 137
6 19 137
7 19 137
8 19 137
9 19 137
10 19 137
11 19 137
12 19 137
13 19 137
14 19 137
3 20 138
4 20 138
5 20 138
6 20 138
7 20 138
8 20 138
9 20 138
10 20 138
11 20 138
12 20 138
13 20 138
14 20 138
3 15 139
4 15 139
5 15 139
6 15 139
7 15 139
8 15 139
9 15 139
10 15 139
11 15 139
12 15 139
13 15 139
14 15 139
3 16 140
4 16 140
5 16 140
6 16 140
7 16 140
8 16 140
9 16 140
10 16 140
11 16 140
12 16 140
13 16 140
14 16 140
3 17 141
4 17 141
5 17 141
6 17 141
7 17 141
8 17 141
9 17 141
10 17 141
11 17 141
12 17 141
13 17 141
14 17 141
3 18 142
4 18 142
5 18 142
6 18 142
7 18 142
8 18 142
9 18 142
10 18 142
11 18 142
12 18 142
13 18 142
14 18 142
3 19 143
4 19 143
5 19 143
6 19 143
7 19 143
8 19 143
9 19 143
10 19 143
11 19 143
12 19 143
13 19 143
14 19 143
3 20 144
4 20 144
5 20 144
6 20 144
7 20 144
8 20 144
9 20 144
10 20 144
11 20 144
12 20 144
13 20 144
14 20 144
3 15 145
4 15 145
5 15 145
6 15 145
7 15 145
8 15 145
9 15 145
10 15 145
11 15 145
12 15 145
13 15 145
14 15 145
3 16 146
4 16 146
5 16 146
6 16 146
7 16 146
8 16 146
9 16 146
10 16 146
11 16 146
12 16 146
13 16 146
14 16 146
3 17 147
4 17 147
5 17 147
6 17 147
7 17 147
8 17 147
9 17 147
10 17 147
11 17 147
12 17 147
13 17 147
14 17 147
3 18 148
4 18 148
5 18 148
6 18 148
7 18 148
8 18 148
9 18 148
10 18 148
11 18 148
12 18 148
13 18 148
14 18 148
3 19 149
4 19 149
5 19 149
6 19 149
7 19 149
8 19 149
9 19 149
10 19 149
11 19 149
12 19 149
13 19 149
14 19 149
3 20 150
4 20 150
5 20 150
6 20 150
7 20 150
8 20 150
9 20 150
10 20 150
11 20 150
12 20 150
13 20 150
14 20 150
3 15 151
4 15 151
5 15 151
6 15 151
7 15 151
8 15 151
9 15 151
10 15 151
11 15 151
12 15 151
13 15 151
14 15 151
3 16 152
4 16 152
5 16 152
6 16 152
7 16 152
8 16 152
9 16 152
10 16 152
11 16 152
12 16 152
13 16 152
14 16 152
3 17 153
4 17 153
5 17 153
6 17 153
7 17 153
8 17 153
9 17 153
10 17 153
11 17 153
12 17 153
13 17 153
14 17 153
3 18 154
4 18 154
5 18 154
6 18 154
7 18 154
8 18 154
9 18 154
10 18 154
11 18 154
12 18 154
13 18 154
14 18 154
3 19 155
4 19 155
5 19 155
6 19 155
7 19 155
8 19 155
9 19 155
10 19 155
11 19 155
12 19 155
13 19 155
14 19 155
3 20 156
4 20 156
5 20 156
6 20 156
7 20 156
8 20 156
9 20 156
10 20 156
11 20 156
12 20 156
13 20 156
14 20 156
3 15 157
4 15 157
5 15 157
6 15 157
7 15 157
8 15 157
9 15 157
10 15 157
11 15 157
12 15 157
13 15 157
14 15 157
3 16 158
4 16 158
5 16 158
6 16 158
7 16 158
8 16 158
9 16 158
10 16 158
11 16 158
12 16 158
13 16 158
14 16 158
3 17 159
4 17 159
5 17 159
6 17 159
7 17 159
8 17 159
9 17 159
10 17 159
11 17 159
12 17 159
13 17 159
14 17 159
3 18 160
4 18 160
5 18 160
6 18 160
7 18 160
8 18 160
9 18 160
10 18 160
11 18 160
12 18 160
13 18 160
14 18 160
3 19 161
4 19 161
5 19 161
6 19 161
7 19 161
8 19 161
9 19 161
10 19 161
11 19 161
12 19 161
13 19 161
14 19 161
3 20 162
4 20 162
5 20 162
6 20 162
7 20 162
8 20 162
9 20 162
10 20 162
11 20 162
12 20 162
13 20 162
14 20 162
3 15 163
4 15 163
5 15 163
6 15 163
7 15 163
8 15 163
9 15 163
10 15 163
11 15 163
12 15 163
13 15 163
14 15 163
3 16 164
4 16 164
5 16 164
6 16 164
7 16 164
8 16 164
9 16 164
10 16 164
11 16 164
12 16 164
13 16 164
14 16 164
3 17 165
4 17 165
5 17 165
6 17 165
7 17 165
8 17 165
9 17 165
10 17 165
11 17 165
12 17 165
13 17 165
14 17 165
3 18 166
4 18 166
5 18 166
6 18 166
7 18 166
8 18 166
9 18 166
10 18 166
11 18 166
12 18 166
13 18 166
14 18 166
3 19 167
4 19 167
5 19 167
6 19 167
7 19 167
8 19 167
9 19 167
10 19 167
11 19 167
12 19 167
13 19 167
14 19 167
3 20 168
4 20 168
5 20 168
6 20 168
7 20 168
8 20 168
9 20 168
10 20 168
11 20 168
12 20 168
13 20 168
14 20 168
3 15 169
4 15 169
5 15 169
6 15 169
7 15 169
8 15 169
9 15 169
10 15 169
11 15 169
12 15 169
13 15 169
14 15 169
3 16 170
4 16 170
5 16 170
6 16 170
7 16 170
8 16 170
9 16 170
10 16 170
11 16 170
12 16 170
13 16 170
14 16 170
3 17 171
4 17 171
5 17 171
6 17 171
7 17 171
8 17 171
9 17 171
10 17 171
11 17 171
12 17 171
13 17 171
14 17 171
3 18 172
4 18 172
5 18 172
6 18 172
7 18 172
8 18 172
9 18 172
10 18 172
11 18 172
12 18 172
13 18 172
14 18 172
3 19 173
4 19 173
5 19 173
6 19 173
7 19 173
8 19 173
9 19 173
10 19 173
11 19 173
12 19 173
13 19 173
14 19 173
3 20 174
4 20 174
5 20 174
6 20 174
7 20 174
8 20 174
9 20 174
10 20 174
11 20 174
12 20 174
13 20 174
14 20 174
3 15 175
4 15 175
5 15 175
6 15 175
7 15 175
8 15 175
9 15 175
10 15 175
11 15 175
12 15 175
13 15 175
14 15 175
3 16 176
4 16 176
5 16 176
6 16 176
7 16 176
8 16 176
9 16 176
10 16 176
11 16 176
12 16 176
13 16 176
14 16 176
3 17 177
4 17 177
5 17 177
6 17 177
7 17 177
8 17 177
9 17 177
10 17 177
11 17 177
12 17 177
13 17 177
14 17 177
3 18 178
4 18 178
5 18 178
6 18 178
7 18 178
8 18 178
9 18 178
10 18 178
11 18 178
12 18 178
13 18 178
14 18 178
3 19 179
4 19 179
5 19 179
6 19 179
7 19 179
8 19 179
9 19 179
10 19 179
11 19 179
12 19 179
13 19 179
14 19 179
3 20 180
4 20 180
5 20 180
6 20 180
7 20 180
8 20 180
9 20 180
10 20 180
11 20 180
12 20 180
13 20 180
14 20 180
3 15 181
4 15 181
5 15 181
6 15 181
7 15 181
8 15 181
9 15 181
10 15 181
11 15 181
12 15 181
13 15 181
14 15 181
3 16 182
4 16 182
5 16 182
6 16 182
7 16 182
8 16 182
9 16 182
10 16 182
11 16 182
12 16 182
13 16 182
14 16 182
3 17 183
4 17 183
5 17 183
6 17 183
7 17 183
8 17 183
9 17 183
10 17 183
11 17 183
12 17 183
13 17 183
14 17 183
3 18 184
4 18 184
5 18 184
6 18 184
7 18 184
8 18 184
9 18 184
10 18 184
11 18 184
12 18 184
13 18 184
14 18 184
3 19 185
4 19 185
5 19 185
6 19 185
7 19 185
8 19 185
9 19 185
10 19 185
11 19 185
12 19 185
13 19 185
14 19 185
3 20 186
4 20 186
5 20 186
6 20 186
7 20 186
8 20 186
9 20 186
10 20 186
11 20 186
12 20 186
13 20 186
14 20 186
3 15 187
4 15 187
5 15 187
6 15 187
7 15 187
8 15 187
9 15 187
10 15 187
11 15 187
12 15 187
13 15 187
14 15 187
3 16 188
4 16 188
5 16 188
6 16 188
7 16 188
8 16 188
9 16 188
10 16 188
11 16 188
12 16 188
13 16 188
14 16 188
3 17 189
4 17 189
5 17 189
6 17 189
7 17 189
8 17 189
9 17 189
10 17 189
11 17 189
12 17 189
13 17 189
14 17 189
3 18 190
4 18 190
5 18 190
6 18 190
7 18 190
8 18 190
9 18 190
10 18 190
11 18 190
12 18 190
13 18 190
14 18 190
3 19 191
4 19 191
5 19 191
6 19 191
7 19 191
8 19 191
9 19 191
10 19 191
11 19 191
12 19 191
13 19 191
14 19 191
3 20 192
4 20 192
5 20 192
6 20 192
7 20 192
8 20 192
9 20 192
10 20 192
11 20 192
12 20 192
13 20 192
14 20 192
3 15 193
4 15 193
5 15 193
6 15 193
7 15 193
8 15 193
9 15 193
10 15 193
11 15 193
12 15 193
13 15 193
14 15 193
3 16 194
4 16 194
5 16 194
6 16 194
7 16 194
8 16 194
9 16 194
10 16 194
11 16 194
12 16 194
13 16 194
14 16 194
3 17 195
4 17 195
5 17 195
6 17 195
7 17 195
8 17 195
9 17 195
10 17 195
11 17 195
12 17 195
13 17 195
14 17 195
3 18 196
4 18 196
5 18 196
6 18 196
7 18 196
8 18 196
9 18 196
10 18 196
11 18 196
12 18 196
13 18 196
14 18 196
3 19 197
4 19 197
5 19 197
6 19 197
7 19 197
8 19 197
9 19 197
10 19 197
11 19 197
12 19 197
13 19 197
14 19 197
3 20 198
4 20 198
5 20 198
6 20 198
7 20 198
8 20 198
9 20 198
10 20 198
11 20 198
12 20 198
13 20 198
14 20 198
3 15 199
4 15 199
5 15 199
6 15 199
7 15 199
8 15 199
9 15 199
10 15 199
11 15 199
12 15 199
13 15 199
14 15 199
3 16 200
4 16 200
5 16 200
6 16 200
7 16 200
8 16 200
9 16 200
10 16 200
11 16 200
12 16 200
13 16 200
14 16 200
3 17 201
4 17 201
5 17 201
6 17 201
7 17 201
8 17 201
9 17 201
10 17 201
11 17 201
12 17 201
13 17 201
14 17 201
3 18 202
4 18 202
5 18 202
6 18 202
7 18 202
8 18 202
9 18 202
10 18 202
11 18 202
12 18 202
13 18 202
14 18 202
3 19 203
4 19 203
5 19 203
6 19 203
7 19 203
8 19 203
9 19 203
10 19 203
11 19 203
12 19 203
13 19 203
14 19 203
3 20 204
4 20 204
5 20 204
6 20 204
7 20 204
8 20 204
9 20 204
10 20 204
11 20 204
12 20 204
13 20 204
14 20 204
3 15 205
4 15 205
5 15 205
6 15 205
7 15 205
8 15 205
9 15 205
10 15 205
11 15 205
12 15 205
13 15 205
14 15 205
3 16 206
4 16 206
5 16 206
6 16 206
7 16 206
8 16 206
9 16 206
10 16 206
11 16 206
12 16 206
13 16 206
14 16 206
3 17 207
4 17 207
5 17 207
6 17 207
7 17 207
8 17 207
9 17 207
10 17 207
11 17 207
12 17 207
13 17 207
14 17 207
3 18 208
4 18 208
5 18 208
6 18 208
7 18 208
8 18 208
9 18 208
10 18 208
11 18 208
12 18 208
13 18 208
14 18 208
3 19 209
4 19 209
5 19 209
6 19 209
7 19 209
8 19 209
9 19 209
10 19 209
11 19 209
12 19 209
13 19 209
14 19 209
3 20 210
4 20 210
5 20 210
6 20 210
7 20 210
8 20 210
9 20 210
10 20 210
11 20 210
12 20 210
13 20 210
14 20 210
3 15 211
4 15 211
5 15 211
6 15 211
7 15 211
8 15 211
9 15 211
10 15 211
11 15 211
12 15 211
13 15 211
14 15 211
3 16 212
4 16 212
5 16 212
6 16 212
7 16 212
8 16 212
9 16 212
10 16 212
11 16 212
12 16 212
13 16 212
14 16 212
3 17 213
4 17 213
5 17 213
6 17 213
7 17 213
8 17 213
9 17 213
10 17 213
11 17 213
12 17 213
13 17 213
14 17 213
3 18 214
4 18 214
5 18 214
6 18 214
7 18 214
8 18 214
9 18 214
10 18 214
11 18 214
12 18 214
13 18 214
14 18 214
3 19 215
4 19 215
5 19 215
6 19 215
7 19 215
8 19 215
9 19 215
10 19 215
11 19 215
12 19 215
13 19 215
14 19 215
3 20 216
4 20 216
5 20 216
6 20 216
7 20 216
8 20 216
9 20 216
10 20 216
11 20 216
12 20 216
13 20 216
14 20 216
3 15 217
4 15 217
5 15 217
6 15 217
7 15 217
8 15 217
9 15 217
10 15 217
11 15 217
12 15 217
13 15 217
14 15 217
3 16 218
4 16 218
5 16 218
6 16 218
7 16 218
8 16 218
9 16 218
10 16 218
11 16 218
12 16 218
13 16 218
14 16 218
3 17 219
4 17 219
5 17 219
6 17 219
7 17 219
8 17 219
9 17 219
10 17 219
11 17 219
12 17 219
13 17 219
14 17 219
3 18 220
4 18 220
5 18 220
6 18 220
7 18 220
8 18 220
9 18 220
10 18 220
11 18 220
12 18 220
13 18 220
14 18 220
3 19 221
4 19 221
5 19 221
6 19 221
7 19 221
8 19 221
9 19 221
10 19 221
11 19 221
12 19 221
13 19 221
14 19 221
3 20 222
4 20 222
5 20 222
6 20 222
7 20 222
8 20 222
9 20 222
10 20 222
11 20 222
12 20 222
13 20 222
14 20 222
3 15 223
4 15 223
5 15 223
6 15 223
7 15 223
8 15 223
9 15 223
10 15 223
11 15 223
12 15 223
13 15 223
14 15 223
3 16 224
4 16 224
5 16 224
6 16 224
7 16 224
8 16 224
9 16 224
10 16 224
11 16 224
12 16 224
13 16 224
14 16 224
3 17 225
4 17 225
5 17 225
6 17 225
7 17 225
8 17 225
9 17 225
10 17 225
11 17 225
12 17 225
13 17 225
14 17 225
3 18 226
4 18 226
5 18 226
6 18 226
7 18 226
8 18 226
9 18 226
10 18 226
11 18 226
12 18 226
13 18 226
14 18 226
3 19 227
4 19 227
5 19 227
6 19 227
7 19 227
8 19 227
9 19 227
10 19 227
11 19 227
12 19 227
13 19 227
14 19 227
3 20 228
4 20 228
5 20 228
6 20 228
7 20 228
8 20 228
9 20 228
10 20 228
11 20 228
12 20 228
13 20 228
14 20 228
3 15 229
4 15 229
5 15 229
6 15 229
7 15 229
8 15 229
9 15 229
10 15 229
11 15 229
12 15 229
13 15 229
14 15 229
3 16 230
4 16 230
5 16 230
6 16 230
7 16 230
8 16 230
9 16 230
10 16 230
11 16 230
12 16 230
13 16 230
14 16 230
3 17 231
4 17 231
5 17 231
6 17 231
7 17 231
8 17 231
9 17 231
10 17 231
11 17 231
12 17 231
13 17 231
14 17 231
3 18 232
4 18 232
5 18 232
6 18 232
7 18 232
8 18 232
9 18 232
10 18 232
11 18 232
12 18 232
13 18 232
14 18 232
3 19 233
4 19 233
5 19 233
6 19 233
7 19 233
8 19 233
9 19 233
10 19 233
11 19 233
12 19 233
13 19 233
14 19 233
3 20 234
4 20 234
5 20 234
6 20 234
7 20 234
8 20 234
9 20 234
10 20 234
11 20 234
12 20 234
13 20 234
14 20 234
3 15 235
4 15 235
5 15 235
6 15 235
7 15 235
8 15 235
9 15 235
10 15 235
11 15 235
12 15 235
13 15 235
14 15 235
3 16 236
4 16 236
5 16 236
6 16 236
7 16 236
8 16 236
9 16 236
10 16 236
11 16 236
12 16 236
13 16 236
14 16 236
3 17 237
4 17 237
5 17 237
6 17 237
7 17 237
8 17 237
9 17 237
10 17 237
11 17 237
12 17 237
13 17 237
14 17 237
3 18 238
4 18 238
5 18 238
6 18 238
7 18 238
8 18 238
9 18 238
10 18 238
11 18 238
12 18 238
13 18 238
14 18 238
3 19 239
4 19 239
5 19 239
6 19 239
7 19 239
8 19 239
9 19 239
10 19 239
11 19 239
12 19 239
13 19 239
14 19 239
3 20 240
4 20 240
5 20 240
6 20 240
7 20 240
8 20 240
9 20 240
10 20 240
11 20 240
12 20 240
13 20 240
14 20 240
3 15 241
4 15 241
5 15 241
6 15 241
7 15 241
8 15 241
9 15 241
10 15 241
11 15 241
12 15 241
13 15 241
14 15 241
3 16 242
4 16 242
5 16 242
6 16 242
7 16 242
8 16 242
9 16 242
10 16 242
11 16 242
12 16 242
13 16 242
14 16 242
3 17 243
4 17 243
5 17 243
6 17 243
7 17 243
8 17 243
9 17 243
10 17 243
11 17 243
12 17 243
13 17 243
14 17 243
3 18 244
4 18 244
5 18 244
6 18 244
7 18 244
8 18 244
9 18 244
10 18 244
11 18 244
12 18 244
13 18 244
14 18 244
3 19 245
4 19 245
5 19 245
6 19 245
7 19 245
8 19 245
9 19 245
10 19 245
11 19 245
12 19 245
13 19 245
14 19 245
3 20 246
4 20 246
5 20 246
6 20 246
7 20 246
8 20 246
9 20 246
10 20 246
11 20 246
12 20 246
13 20 246
14 20 246
3 15 247
4 15 247
5 15 247
6 15 247
7 15 247
8 15 247
9 15 247
10 15 247
11 15 247
12 15 247
13 15 247
14 15 247
3 16 248
4 16 248
5 16 248
6 16 248
7 16 248
8 16 248
9 16 248
10 16 248
11 16 248
12 16 248
13 16 248
14 16 248
3 17 249
4 17 249
5 17 249
6 17 249
7 17 249
8 17 249
9 17 249
10 17 249
11 17 249
12 17 249
13 17 249
14 17 249
3 18 250
4 18 250
5 18 250
6 18 250
7 18 250
8 18 250
9 18 250
10 18 250
11 18 250
12 18 250
13 18 250
14 18 250
3 19 251
4 19 251
5 19 251
6 19 251
7 19 251
8 19 251
9 19 251
10 19 251
11 19 251
12 19 251
13 19 251
14 19 251
3 20 252
4 20 252
5 20 252
6 20 252
7 20 252
8 20 252
9 20 252
10 20 252
11 20 252
12 20 252
13 20 252
14 20 252
3 15 253
4 15 253
5 15 253
6 15 253
7 15 253
8 15 253
9 15 253
10 15 253
11 15 253
12 15 253
13 15 253
14 15 253
3 16 254
4 16 254
5 16 254
6 16 254
7 16 254
8 16 254
9 16 254
10 16 254
11 16 254
12 16 254
13 16 254
14 16 254
3 17 255
4 17 255
5 17 255
6 17 255
7 17 255
8 17 255
9 17 255
10 17 255
11 17 255
12 17 255
13 17 255
14 17 255
3 18 256
4 18 256
5 18 256
6 18 256
7 18 256
8 18 256
9 18 256
10 18 256
11 18 256
12 18 256
13 18 256
14 18 256
3 19 257
4 19 257
5 19 257
6 19 257
7 19 257
8 19 257
9 19 257
10 19 257
11 19 257
12 19 257
13 19 257
14 19 257
3 20 258
4 20 258
5 20 258
6 20 258
7 20 258
8 20 258
9 20 258
10 20 258
11 20 258
12 20 258
13 20 258
14 20 258
3 15 259
4 15 259
5 15 259
6 15 259
7 15 259
8 15 259
9 15 259
10 15 259
11 15 259
12 15 259
13 15 259
14 15 259
3 16 260
4 16 260
5 16 260
6 16 260
7 16 260
8 16 260
9 16 260
10 16 260
11 16 260
12 16 260
13 16 260
14 16 260
3 17 261
4 17 261
5 17 261
6 17 261
7 17 261
8 17 261
9 17 261
10 17 261
11 17 261
12 17 261
13 17 261
14 17 261
3 18 262
4 18 262
5 18 262
6 18 262
7 18 262
8 18 262
9 18 262
10 18 262
11 18 262
12 18 262
13 18 262
14 18 262
3 19 263
4 19 263
5 19 263
6 19 263
7 19 263
8 19 263
9 19 263
10 19 263
11 19 263
12 19 263
13 19 263
14 19 263
3 20 264
4 20 264
5 20 264
6 20 264
7 20 264
8 20 264
9 20 264
10 20 264
11 20 264
12 20 264
13 20 264
14 20 264
3 15 265
4 15 265
5 15 265
6 15 265
7 15 265
8 15 265
9 15 265
10 15 265
11 15 265
12 15 265
13 15 265
14 15 265
3 16 266
4 16 266
5 16 266
6 16 266
7 16 266
8 16 266
9 16 266
10 16 266
11 16 266
12 16 266
13 16 266
14 16 266
3 17 267
4 17 267
5 17 267
6 17 267
7 17 267
8 17 267
9 17 267
10 17 267
11 17 267
12 17 267
13 17 267
14 17 267
3 18 268
4 18 268
5 18 268
6 18 268
7 18 268
8 18 268
9 18 268
10 18 268
11 18 268
12 18 268
13 18 268
14 18 268
3 19 269
4 19 269
5 19 269
6 19 269
7 19 269
8 19 269
9 19 269
10 19 269
11 19 269
12 19 269
13 19 269
14 19 269
3 20 270
4 20 270
5 20 270
6 20 270
7 20 270
8 20 270
9 20 270
10 20 270
11 20 270
12 20 270
13 20 270
14 20 270
3 15 271
4 15 271
5 15 271
6 15 271
7 15 271
8 15 271
9 15 271
10 15 271
11 15 271
12 15 271
13 15 271
14 15 271
3 16 272
4 16 272
5 16 272
6 16 272
7 16 272
8 16 272
9 16 272
10 16 272
11 16 272
12 16 272
13 16 272
14 16 272
3 17 273
4 17 273
5 17 273
6 17 273
7 17 273
8 17 273
9 17 273
10 17 273
11 17 273
12 17 273
13 17 273
14 17 273
3 18 274
4 18 274
5 18 274
6 18 274
7 18 274
8 18 274
9 18 274
10 18 274
11 18 274
12 18 274
13 18 274
14 18 274
3 19 275
4 19 275
5 19 275
6 19 275
7 19 275
8 19 275
9 19 275
10 19 275
11 19 275
12 19 275
13 19 275
14 19 275
3 20 276
4 20 276
5 20 276
6 20 276
7 20 276
8 20 276
9 20 276
10 20 276
11 20 276
12 20 276
13 20 276
14 20 276
3 15 277
4 15 277
5 15 277
6 15 277
7 15 277
8 15 277
9 15 277
10 15 277
11 15 277
12 15 277
13 15 277
14 15 277
3 16 278
4 16 278
5 16 278
6 16 278
7 16 278
8 16 278
9 16 278
10 16 278
11 16 278
12 16 278
13 16 278
14 16 278
3 17 279
4 17 279
5 17 279
6 17 279
7 17 279
8 17 279
9 17 279
10 17 279
11 17 279
12 17 279
13 17 279
14 17 279
3 18 280
4 18 280
5 18 280
6 18 280
7 18 280
8 18 280
9 18 280
10 18 280
11 18 280
12 18 280
13 18 280
14 18 280
3 19 281
4 19 281
5 19 281
6 19 281
7 19 281
8 19 281
9 19 281
10 19 281
11 19 281
12 19 281
13 19 281
14 19 281
3 20 282
4 20 282
5 20 282
6 20 282
7 20 282
8 20 282
9 20 282
10 20 282
11 20 282
12 20 282
13 20 282
14 20 282
3 15 283
4 15 283
5 15 283
6 15 283
7 15 283
8 15 283
9 15 283
10 15 283
11 15 283
12 15 283
13 15 283
14 15 283
3 16 284
4 16 284
5 16 284
6 16 284
7 16 284
8 16 284
9 16 284
10 16 284
11 16 284
12 16 284
13 16 284
14 16 284
3 17 285
4 17 285
5 17 285
6 17 285
7 17 285
8 17 285
9 17 285
10 17 285
11 17 285
12 17 285
13 17 285
14 17 285
3 18 286
4 18 286
5 18 286
6 18 286
7 18 286
8 18 286
9 18 286
10 18 286
11 18 286
12 18 286
13 18 286
14 18 286
3 19 287
4 19 287
5 19 287
6 19 287
7 19 287
8 19 287
9 19 287
10 19 287
11 19 287
12 19 287
13 19 287
14 19 287
3 20 288
4 20 288
5 20 288
6 20 288
7 20 288
8 20 288
9 20 288
10 20 288
11 20 288
12 20 288
13 20 288
14 20 288
3 15 289
4 15 289
5 15 289
6 15 289
7 15 289
8 15 289
9 15 289
10 15 289
11 15 289
12 15 289
13 15 289
14 15 289
3 16 290
4 16 290
5 16 290
6 16 290
7 16 290
8 16 290
9 16 290
10 16 290
11 16 290
12 16 290
13 16 290
14 16 290
3 17 291
4 17 291
5 17 291
6 17 291
7 17 291
8 17 291
9 17 291
10 17 291
11 17 291
12 17 291
13 17 291
14 17 291
3 18 292
4 18 292
5 18 292
6 18 292
7 18 292
8 18 292
9 18 292
10 18 292
11 18 292
12 18 292
13 18 292
14 18 292
3 19 293
4 19 293
5 19 293
6 19 293
7 19 293
8 19 293
9 19 293
10 19 293
11 19 293
12 19 293
13 19 293
14 19 293
3 20 294
4 20 294
5 20 294
6 20 294
7 20 294
8 20 294
9 20 294
10 20 294
11 20 294
12 20 294
13 20 294
14 20 294
3 15 295
4 15 295
5 15 295
6 15 295
7 15 295
8 15 295
9 15 295
10 15 295
11 15 295
12 15 295
13 15 295
14 15 295
3 16 296
4 16 296
5 16 296
6 16 296
7 16 296
8 16 296
9 16 296
10 16 296
11 16 296
12 16 296
13 16 296
14 16 296
3 17 297
4 17 297
5 17 297
6 17 297
7 17 297
8 17 297
9 17 297
10 17 297
11 17 297
12 17 297
13 17 297
14 17 297
3 18 298
4 18 298
5 18 298
6 18 298
7 18 298
8 18 298
9 18 298
10 18 298
11 18 298
12 18 298
13 18 298
14 18 298
3 19 299
4 19 299
5 19 299
6 19 299
7 19 299
8 19 299
9 19 299
10 19 299
11 19 299
12 19 299
13 19 299
14 19 299
3 20 300
4 20 300
5 20 300
6 20 300
7 20 300
8 20 300
9 20 300
10 20 300
11 20 300
12 20 300
13 20 300
14 20 300
3 15 301
4 15 301
5 15 301
6 15 301
7 15 301
8 15 301
9 15 301
10 15 301
11 15 301
12 15 301
13 15 301
14 15 301
3 16 302
4 16 302
5 16 302
6 16 302
7 16 302
8 16 302
9 16 302
10 16 302
11 16 302
12 16 302
13 16 302
14 16 302
3 17 303
4 17 303
5 17 303
6 17 303
7 17 303
8 17 303
9 17 303
10 17 303
11 17 303
12 17 303
13 17 303
14 17 303
3 18 304
4 18 304
5 18 304
6 18 304
7 18 304
8 18 304
9 18 304
10 18 304
11 18 304
12 18 304
13 18 304
14 18 304
3 19 305
4 19 305
5 19 305
6 19 305
7 19 305
8 19 305
9 19 305
10 19 305
11 19 305
12 19 305
13 19 305
14 19 305
3 20 306
4 20 306
5 20 306
6 20 306
7 20 306
8 20 306
9 20 306
10 20 306
11 20 306
12 20 306
13 20 306
14 20 306
3 15 307
4 15 307
5 15 307
6 15 307
7 15 307
8 15 307
9 15 307
10 15 307
11 15 307
12 15 307
13 15 307
14 15 307
3 16 308
4 16 308
5 16 308
6 16 308
7 16 308
8 16 308
9 16 308
10 16 308
11 16 308
12 16 308
13 16 308
14 16 308
3 17 309
4 17 309
5 17 309
6 17 309
7 17 309
8 17 309
9 17 309
10 17 309
11 17 309
12 17 309
13 17 309
14 17 309
3 18 310
4 18 310
5 18 310
6 18 310
7 18 310
8 18 310
9 18 310
10 18 310
11 18 310
12 18 310
13 18 310
14 18 310
3 19 311
4 19 311
5 19 311
6 19 311
7 19 311
8 19 311
9 19 311
10 19 311
11 19 311
12 19 311
13 19 311
14 19 311
3 20 312
4 20 312
5 20 312
6 20 312
7 20 312
8 20 312
9 20 312
10 20 312
11 20 312
12 20 312
13 20 312
14 20 312
3 15 313
4 15 313
5 15 313
6 15 313
7 15 313
8 15 313
9 15 313
10 15 313
11 15 313
12 15 313
13 15 313
14 15 313
3 16 314
4 16 314
5 16 314
6 16 314
7 16 314
8 16 314
9 16 314
10 16 314
11 16 314
12 16 314
13 16 314
14 16 314
3 17 315
4 17 315
5 17 315
6 17 315
7 17 315
8 17 315
9 17 315
10 17 315
11 17 315
12 17 315
13 17 315
14 17 315
3 18 316
4 18 316
5 18 316
6 18 316
7 18 316
8 18 316
9 18 316
10 18 316
11 18 316
12 18 316
13 18 316
14 18 316
3 19 317
4 19 317
5 19 317
6 19 317
7 19 317
8 19 317
9 19 317
10 19 317
11 19 317
12 19 317
13 19 317
14 19 317
3 20 318
4 20 318
5 20 318
6 20 318
7 20 318
8 20 318
9 20 318
10 20 318
11 20 318
12 20 318
13 20 318
14 20 318
3 15 319
4 15 319
5 15 319
6 15 319
7 15 319
8 15 319
9 15 319
10 15 319
11 15 319
12 15 319
13 15 319
14 15 319
3 16 320
4 16 320
5 16 320
6 16 320
7 16 320
8 16 320
9 16 320
10 16 320
11 16 320
12 16 320
13 16 320
14 16 320
3 17 321
4 17 321
5 17 321
6 17 321
7 17 321
8 17 321
9 17 321
10 17 321
11 17 321
12 17 321
13 17 321
14 17 321
3 18 322
4 18 322
5 18 322
6 18 322
7 18 322
8 18 322
9 18 322
10 18 322
11 18 322
12 18 322
13 18 322
14 18 322
3 19 323
4 19 323
5 19 323
6 19 323
7 19 323
8 19 323
9 19 323
10 19 323
11 19 323
12 19 323
13 19 323
14 19 323
3 20 324
4 20 324
5 20 324
6 20 324
7 20 324
8 20 324
9 20 324
10 20 324
11 20 324
12 20 324
13 20 324
14 20 324
3 15 325
4 15 325
5 15 325
6 15 325
7 15 325
8 15 325
9 15 325
10 15 325
11 15 325
12 15 325
13 15 325
14 15 325
3 16 326
4 16 326
5 16 326
6 16 326
7 16 326
8 16 326
9 16 326
10 16 326
11 16 326
12 16 326
13 16 326
14 16 326
3 17 327
4 17 327
5 17 327
6 17 327
7 17 327
8 17 327
9 17 327
10 17 327
11 17 327
12 17 327
13 17 327
14 17 327
3 18 328
4 18 328
5 18 328
6 18 328
7 18 328
8 18 328
9 18 328
10 18 328
11 18 328
12 18 328
13 18 328
14 18 328
3 19 329
4 19 329
5 19 329
6 19 329
7 19 329
8 19 329
9 19 329
10 19 329
11 19 329
12 19 329
13 19 329
14 19 329
3 20 330
4 20 330
5 20 330
6 20 330
7 20 330
8 20 330
9 20 330
10 20 330
11 20 330
12 20 330
13 20 330
14 20 330
3 15 331
4 15 331
5 15 331
6 15 331
7 15 331
8 15 331
9 15 331
10 15 331
11 15 331
12 15 331
13 15 331
14 15 331
3 16 332
4 16 332
5 16 332
6 16 332
7 16 332
8 16 332
9 16 332
10 16 332
11 16 332
12 16 332
13 16 332
14 16 332
3 17 333
4 17 333
5 17 333
6 17 333
7 17 333
8 17 333
9 17 333
10 17 333
11 17 333
12 17 333
13 17 333
14 17 333
3 18 334
4 18 334
5 18 334
6 18 334
7 18 334
8 18 334
9 18 334
10 18 334
11 18 334
12 18 334
13 18 334
14 18 334
3 19 335
4 19 335
5 19 335
6 19 335
7 19 335
8 19 335
9 19 335
10 19 335
11 19 335
12 19 335
13 19 335
14 19 335
3 20 336
4 20 336
5 20 336
6 20 336
7 20 336
8 20 336
9 20 336
10 20 336
11 20 336
12 20 336
13 20 336
14 20 336
3 15 337
4 15 337
5 15 337
6 15 337
7 15 337
8 15 337
9 15 337
10 15 337
11 15 337
12 15 337
13 15 337
14 15 337
3 16 338
4 16 338
5 16 338
6 16 338
7 16 338
8 16 338
9 16 338
10 16 338
11 16 338
12 16 338
13 16 338
14 16 338
3 17 339
4 17 339
5 17 339
6 17 339
7 17 339
8 17 339
9 17 339
10 17 339
11 17 339
12 17 339
13 17 339
14 17 339
3 18 340
4 18 340
5 18 340
6 18 340
7 18 340
8 18 340
9 18 340
10 18 340
11 18 340
12 18 340
13 18 340
14 18 340
3 19 341
4 19 341
5 19 341
6 19 341
7 19 341
8 19 341
9 19 341
10 19 341
11 19 341
12 19 341
13 19 341
14 19 341
3 20 342
4 20 342
5 20 342
6 20 342
7 20 342
8 20 342
9 20 342
10 20 342
11 20 342
12 20 342
13 20 342
14 20 342
3 15 343
4 15 343
5 15 343
6 15 343
7 15 343
8 15 343
9 15 343
10 15 343
11 15 343
12 15 343
13 15 343
14 15 343
3 16 344
4 16 344
5 16 344
6 16 344
7 16 344
8 16 344
9 16 344
10 16 344
11 16 344
12 16 344
13 16 344
14 16 344
3 17 345
4 17 345
5 17 345
6 17 345
7 17 345
8 17 345
9 17 345
10 17 345
11 17 345
12 17 345
13 17 345
14 17 345
3 18 346
4 18 346
5 18 346
6 18 346
7 18 346
8 18 346
9 18 346
10 18 346
11 18 346
12 18 346
13 18 346
14 18 346
3 19 347
4 19 347
5 19 347
6 19 347
7 19 347
8 19 347
9 19 347
10 19 347
11 19 347
12 19 347
13 19 347
14 19 347
3 20 348
4 20 348
5 20 348
6 20 348
7 20 348
8 20 348
9 20 348
10 20 348
11 20 348
12 20 348
13 20 348
14 20 348
3 15 349
4 15 349
5 15 349
6 15 349
7 15 349
8 15 349
9 15 349
10 15 349
11 15 349
12 15 349
13 15 349
14 15 349
3 16 350
4 16 350
5 16 350
6 16 350
7 16 350
8 16 350
9 16 350
10 16 350
11 16 350
12 16 350
13 16 350
14 16 350
3 17 351
4 17 351
5 17 351
6 17 351
7 17 351
8 17 351
9 17 351
10 17 351
11 17 351
12 17 351
13 17 351
14 17 351
3 18 352
4 18 352
5 18 352
6 18 352
7 18 352
8 18 352
9 18 352
10 18 352
11 18 352
12 18 352
13 18 352
14 18 352
3 19 353
4 19 353
5 19 353
6 19 353
7 19 353
8 19 353
9 19 353
10 19 353
11 19 353
12 19 353
13 19 353
14 19 353
3 20 354
4 20 354
5 20 354
6 20 354
7 20 354
8 20 354
9 20 354
10 20 354
11 20 354
12 20 354
13 20 354
14 20 354
3 15 355
4 15 355
5 15 355
6 15 355
7 15 355
8 15 355
9 15 355
10 15 355
11 15 355
12 15 355
13 15 355
14 15 355
3 16 356
4 16 356
5 16 356
6 16 356
7 16 356
8 16 356
9 16 356
10 16 356
11 16 356
12 16 356
13 16 356
14 16 356
3 17 357
4 17 357
5 17 357
6 17 357
7 17 357
8 17 357
9 17 357
10 17 357
11 17 357
12 17 357
13 17 357
14 17 357
3 18 358
4 18 358
5 18 358
6 18 358
7 18 358
8 18 358
9 18 358
10 18 358
11 18 358
12 18 358
13 18 358
14 18 358
3 19 359
4 19 359
5 19 359
6 19 359
7 19 359
8 19 359
9 19 359
10 19 359
11 19 359
12 19 359
13 19 359
14 19 359
3 20 360
4 20 360
5 20 360
6 20 360
7 20 360
8 20 360
9 20 360
10 20 360
11 20 360
12 20 360
13 20 360
14 20 360
3 15 361
4 15 361
5 15 361
6 15 361
7 15 361
8 15 361
9 15 361
10 15 361
11 15 361
12 15 361
13 15 361
14 15 361
3 16 362
4 16 362
5 16 362
6 16 362
7 16 362
8 16 362
9 16 362
10 16 362
11 16 362
12 16 362
13 16 362
14 16 362
3 17 363
4 17 363
5 17 363
6 17 363
7 17 363
8 17 363
9 17 363
10 17 363
11 17 363
12 17 363
13 17 363
14 17 363
3 18 364
4 18 364
5 18 364
6 18 364
7 18 364
8 18 364
9 18 364
10 18 364
11 18 364
12 18 364
13 18 364
14 18 364
3 19 365
4 19 365
5 19 365
6 19 365
7 19 365
8 19 365
9 19 365
10 19 365
11 19 365
12 19 365
13 19 365
14 19 365
3 20 366
4 20 366
5 20 366
6 20 366
7 20 366
8 20 366
9 20 366
10 20 366
11 20 366
12 20 366
13 20 366
14 20 366
3 15 367
4 15 367
5 15 367
6 15 367
7 15 367
8 15 367
9 15 367
10 15 367
11 15 367
12 15 367
13 15 367
14 15 367
3 16 368
4 16 368
5 16 368
6 16 368
7 16 368
8 16 368
9 16 368
10 16 368
11 16 368
12 16 368
13 16 368
14 16 368
3 17 369
4 17 369
5 17 369
6 17 369
7 17 369
8 17 369
9 17 369
10 17 369
11 17 369
12 17 369
13 17 369
14 17 369
3 18 370
4 18 370
5 18 370
6 18 370
7 18 370
8 18 370
9 18 370
10 18 370
11 18 370
12 18 370
13 18 370
14 18 370
3 19 371
4 19 371
5 19 371
6 19 371
7 19 371
8 19 371
9 19 371
10 19 371
11 19 371
12 19 371
13 19 371
14 19 371
3 20 372
4 20 372
5 20 372
6 20 372
7 20 372
8 20 372
9 20 372
10 20 372
11 20 372
12 20 372
13 20 372
14 20 372
3 15 373
4 15 373
5 15 373
6 15 373
7 15 373
8 15 373
9 15 373
10 15 373
11 15 373
12 15 373
13 15 373
14 15 373
3 16 374
4 16 374
5 16 374
6 16 374
7 16 374
8 16 374
9 16 374
10 16 374
11 16 374
12 16 374
13 16 374
14 16 374
3 17 375
4 17 375
5 17 375
6 17 375
7 17 375
8 17 375
9 17 375
10 17 375
11 17 375
12 17 375
13 17 375
14 17 375
3 18 376
4 18 376
5 18 376
6 18 376
7 18 376
8 18 376
9 18 376
10 18 376
11 18 376
12 18 376
13 18 376
14 18 376
3 19 377
4 19 377
5 19 377
6 19 377
7 19 377
8 19 377
9 19 377
10 19 377
11 19 377
12 19 377
13 19 377
14 19 377
3 20 378
4 20 378
5 20 378
6 20 378
7 20 378
8 20 378
9 20 378
10 20 378
11 20 378
12 20 378
13 20 378
14 20 378
3 15 379
4 15 379
5 15 379
6 15 379
7 15 379
8 15 379
9 15 379
10 15 379
11 15 379
12 15 379
13 15 379
14 15 379
3 16 380
4 16 380
5 16 380
6 16 380
7 16 380
8 16 380
9 16 380
10 16 380
11 16 380
12 16 380
13 16 380
14 16 380
3 17 381
4 17 381
5 17 381
6 17 381
7 17 381
8 17 381
9 17 381
10 17 381
11 17 381
12 17 381
13 17 381
14 17 381
3 18 382
4 18 382
5 18 382
6 18 382
7 18 382
8 18 382
9 18 382
10 18 382
11 18 382
12 18 382
13 18 382
14 18 382
3 19 383
4 19 383
5 19 383
6 19 383
7 19 383
8 19 383
9 19 383
10 19 383
11 19 383
12 19 383
13 19 383
14 19 383
3 20 384
4 20 384
5 20 384
6 20 384
7 20 384
8 20 384
9 20 384
10 20 384
11 20 384
12 20 384
13 20 384
14 20 384
3 15 385
4 15 385
5 15 385
6 15 385
7 15 385
8 15 385
9 15 385
10 15 385
11 15 385
12 15 385
13 15 385
14 15 385
3 16 386
4 16 386
5 16 386
6 16 386
7 16 386
8 16 386
9 16 386
10 16 386
11 16 386
12 16 386
13 16 386
14 16 386
3 17 387
4 17 387
5 17 387
6 17 387
7 17 387
8 17 387
9 17 387
10 17 387
11 17 387
12 17 387
13 17 387
14 17 387
3 18 388
4 18 388
5 18 388
6 18 388
7 18 388
8 18 388
9 18 388
10 18 388
11 18 388
12 18 388
13 18 388
14 18 388
3 19 389
4 19 389
5 19 389
6 19 389
7 19 389
8 19 389
9 19 389
10 19 389
11 19 389
12 19 389
13 19 389
14 19 389
3 20 390
4 20 390
5 20 390
6 20 390
7 20 390
8 20 390
9 20 390
10 20 390
11 20 390
12 20 390
13 20 390
14 20 390
3 15 391
4 15 391
5 15 391
6 15 391
7 15 391
8 15 391
9 15 391
10 15 391
11 15 391
12 15 391
13 15 391
14 15 391
3 16 392
4 16 392
5 16 392
6 16 392
7 16 392
8 16 392
9 16 392
10 16 392
11 16 392
12 16 392
13 16 392
14 16 392
3 17 393
4 17 393
5 17 393
6 17 393
7 17 393
8 17 393
9 17 393
10 17 393
11 17 393
12 17 393
13 17 393
14 17 393
3 18 394
4 18 394
5 18 394
6 18 394
7 18 394
8 18 394
9 18 394
10 18 394
11 18 394
12 18 394
13 18 394
14 18 394
3 19 395
4 19 395
5 19 395
6 19 395
7 19 395
8 19 395
9 19 395
10 19 395
11 19 395
12 19 395
13 19 395
14 19 395
3 20 396
4 20 396
5 20 396
6 20 396
7 20 396
8 20 396
9 20 396
10 20 396
11 20 396
12 20 396
13 20 396
14 20 396
3 15 397
4 15 397
5 15 397
6 15 397
7 15 397
8 15 397
9 15 397
10 15 397
11 15 397
12 15 397
13 15 397
14 15 397
3 16 398
4 16 398
5 16 398
6 16 398
7 16 398
8 16 398
9 16 398
10 16 398
11 16 398
12 16 398
13 16 398
14 16 398
3 17 399
4 17 399
5 17 399
6 17 399
7 17 399
8 17 399
9 17 399
10 17 399
11 17 399
12 17 399
13 17 399
14 17 399
3 18 400
4 18 400
5 18 400
6 18 400
7 18 400
8 18 400
9 18 400
10 18 400
11 18 400
12 18 400
13 18 400
14 18 400
3 19 401
4 19 401
5 19 401
6 19 401
7 19 401
8 19 401
9 19 401
10 19 401
11 19 401
12 19 401
13 19 401
14 19 401
3 20 402
4 20 402
5 20 402
6 20 402
7 20 402
8 20 402
9 20 402
10 20 402
11 20 402
12 20 402
13 20 402
14 20 402
3 15 403
4 15 403
5 15 403
6 15 403
7 15 403
8 15 403
9 15 403
10 15 403
11 15 403
12 15 403
13 15 403
14 15 403
3 16 404
4 16 404
5 16 404
6 16 404
7 16 404
8 16 404
9 16 404
10 16 404
11 16 404
12 16 404
13 16 404
14 16 404
3 17 405
4 17 405
5 17 405
6 17 405
7 17 405
8 17 405
9 17 405
10 17 405
11 17 405
12 17 405
13 17 405
14 17 405
3 18 406
4 18 406
5 18 406
6 18 406
7 18 406
8 18 406
9 18 406
10 18 406
11 18 406
12 18 406
13 18 406
14 18 406
3 19 407
4 19 407
5 19 407
6 19 407
7 19 407
8 19 407
9 19 407
10 19 407
11 19 407
12 19 407
13 19 407
14 19 407
3 20 408
4 20 408
5 20 408
6 20 408
7 20 408
8 20 408
9 20 408
10 20 408
11 20 408
12 20 408
13 20 408
14 20 408
3 15 409
4 15 409
5 15 409
6 15 409
7 15 409
8 15 409
9 15 409
10 15 409
11 15 409
12 15 409
13 15 409
14 15 409
3 16 410
4 16 410
5 16 410
6 16 410
7 16 410
8 16 410
9 16 410
10 16 410
11 16 410
12 16 410
13 16 410
14 16 410
3 17 411
4 17 411
5 17 411
6 17 411
7 17 411
8 17 411
9 17 411
10 17 411
11 17 411
12 17 411
13 17 411
14 17 411
3 18 412
4 18 412
5 18 412
6 18 412
7 18 412
8 18 412
9 18 412
10 18 412
11 18 412
12 18 412
13 18 412
14 18 412
3 19 413
4 19 413
5 19 413
6 19 413
7 19 413
8 19 413
9 19 413
10 19 413
11 19 413
12 19 413
13 19 413
14 19 413
3 20 414
4 20 414
5 20 414
6 20 414
7 20 414
8 20 414
9 20 414
10 20 414
11 20 414
12 20 414
13 20 414
14 20 414
3 15 415
4 15 415
5 15 415
6 15 415
7 15 415
8 15 415
9 15 415
10 15 415
11 15 415
12 15 415
13 15 415
14 15 415
3 16 416
4 16 416
5 16 416
6 16 416
7 16 416
8 16 416
9 16 416
10 16 416
11 16 416
12 16 416
13 16 416
14 16 416
3 17 417
4 17 417
5 17 417
6 17 417
7 17 417
8 17 417
9 17 417
10 17 417
11 17 417
12 17 417
13 17 417
14 17 417
3 18 418
4 18 418
5 18 418
6 18 418
7 18 418
8 18 418
9 18 418
10 18 418
11 18 418
12 18 418
13 18 418
14 18 418
3 19 419
4 19 419
5 19 419
6 19 419
7 19 419
8 19 419
9 19 419
10 19 419
11 19 419
12 19 419
13 19 419
14 19 419
3 20 420
4 20 420
5 20 420
6 20 420
7 20 420
8 20 420
9 20 420
10 20 420
11 20 420
12 20 420
13 20 420
14 20 420
3 15 421
4 15 421
5 15 421
6 15 421
7 15 421
8 15 421
9 15 421
10 15 421
11 15 421
12 15 421
13 15 421
14 15 421
3 16 422
4 16 422
5 16 422
6 16 422
7 16 422
8 16 422
9 16 422
10 16 422
11 16 422
12 16 422
13 16 422
14 16 422
3 17 423
4 17 423
5 17 423
6 17 423
7 17 423
8 17 423
9 17 423
10 17 423
11 17 423
12 17 423
13 17 423
14 17 423
3 18 424
4 18 424
5 18 424
6 18 424
7 18 424
8 18 424
9 18 424
10 18 424
11 18 424
12 18 424
13 18 424
14 18 424
3 19 425
4 19 425
5 19 425
6 19 425
7 19 425
8 19 425
9 19 425
10 19 425
11 19 425
12 19 425
13 19 425
14 19 425
3 20 426
4 20 426
5 20 426
6 20 426
7 20 426
8 20 426
9 20 426
10 20 426
11 20 426
12 20 426
13 20 426
14 20 426
3 15 427
4 15 427
5 15 427
6 15 427
7 15 427
8 15 427
9 15 427
10 15 427
11 15 427
12 15 427
13 15 427
14 15 427
3 16 428
4 16 428
5 16 428
6 16 428
7 16 428
8 16 428
9 16 428
10 16 428
11 16 428
12 16 428
13 16 428
14 16 428
3 17 429
4 17 429
5 17 429
6 17 429
7 17 429
8 17 429
9 17 429
10 17 429
11 17 429
12 17 429
13 17 429
14 17 429
3 18 430
4 18 430
5 18 430
6 18 430
7 18 430
8 18 430
9 18 430
10 18 430
11 18 430
12 18 430
13 18 430
14 18 430
3 19 431
4 19 431
5 19 431
6 19 431
7 19 431
8 19 431
9 19 431
10 19 431
11 19 431
12 19 431
13 19 431
14 19 431
3 20 432
4 20 432
5 20 432
6 20 432
7 20 432
8 20 432
9 20 432
10 20 432
11 20 432
12 20 432
13 20 432
14 20 432
3 15 433
4 15 433
5 15 433
6 15 433
7 15 433
8 15 433
9 15 433
10 15 433
11 15 433
12 15 433
13 15 433
14 15 433
3 16 434
4 16 434
5 16 434
6 16 434
7 16 434
8 16 434
9 16 434
10 16 434
11 16 434
12 16 434
13 16 434
14 16 434
3 17 435
4 17 435
5 17 435
6 17 435
7 17 435
8 17 435
9 17 435
10 17 435
11 17 435
12 17 435
13 17 435
14 17 435
3 18 436
4 18 436
5 18 436
6 18 436
7 18 436
8 18 436
9 18 436
10 18 436
11 18 436
12 18 436
13 18 436
14 18 436
3 19 437
4 19 437
5 19 437
6 19 437
7 19 437
8 19 437
9 19 437
10 19 437
11 19 437
12 19 437
13 19 437
14 19 437
3 20 438
4 20 438
5 20 438
6 20 438
7 20 438
8 20 438
9 20 438
10 20 438
11 20 438
12 20 438
13 20 438
14 20 438
3 15 439
4 15 439
5 15 439
6 15 439
7 15 439
8 15 439
9 15 439
10 15 439
11 15 439
12 15 439
13 15 439
14 15 439
3 16 440
4 16 440
5 16 440
6 16 440
7 16 440
8 16 440
9 16 440
10 16 440
11 16 440
12 16 440
13 16 440
14 16 440
3 17 441
4 17 441
5 17 441
6 17 441
7 17 441
8 17 441
9 17 441
10 17 441
11 17 441
12 17 441
13 17 441
14 17 441
3 18 442
4 18 442
5 18 442
6 18 442
7 18 442
8 18 442
9 18 442
10 18 442
11 18 442
12 18 442
13 18 442
14 18 442
3 19 443
4 19 443
5 19 443
6 19 443
7 19 443
8 19 443
9 19 443
10 19 443
11 19 443
12 19 443
13 19 443
14 19 443
3 20 444
4 20 444
5 20 444
6 20 444
7 20 444
8 20 444
9 20 444
10 20 444
11 20 444
12 20 444
13 20 444
14 20 444
3 15 445
4 15 445
5 15 445
6 15 445
7 15 445
8 15 445
9 15 445
10 15 445
11 15 445
12 15 445
13 15 445
14 15 445
3 16 446
4 16 446
5 16 446
6 16 446
7 16 446
8 16 446
9 16 446
10 16 446
11 16 446
12 16 446
13 16 446
14 16 446
3 17 447
4 17 447
5 17 447
6 17 447
7 17 447
8 17 447
9 17 447
10 17 447
11 17 447
12 17 447
13 17 447
14 17 447
3 18 448
4 18 448
5 18 448
6 18 448
7 18 448
8 18 448
9 18 448
10 18 448
11 18 448
12 18 448
13 18 448
14 18 448
3 19 449
4 19 449
5 19 449
6 19 449
7 19 449
8 19 449
9 19 449
10 19 449
11 19 449
12 19 449
13 19 449
14 19 449
3 20 450
4 20 450
5 20 450
6 20 450
7 20 450
8 20 450
9 20 450
10 20 450
11 20 450
12 20 450
13 20 450
14 20 450
3 15 451
4 15 451
5 15 451
6 15 451
7 15 451
8 15 451
9 15 451
10 15 451
11 15 451
12 15 451
13 15 451
14 15 451
3 16 452
4 16 452
5 16 452
6 16 452
7 16 452
8 16 452
9 16 452
10 16 452
11 16 452
12 16 452
13 16 452
14 16 452
3 17 453
4 17 453
5 17 453
6 17 453
7 17 453
8 17 453
9 17 453
10 17 453
11 17 453
12 17 453
13 17 453
14 17 453
3 18 454
4 18 454
5 18 454
6 18 454
7 18 454
8 18 454
9 18 454
10 18 454
11 18 454
12 18 454
13 18 454
14 18 454
3 19 455
4 19 455
5 19 455
6 19 455
7 19 455
8 19 455
9 19 455
10 19 455
11 19 455
12 19 455
13 19 455
14 19 455
3 20 456
4 20 456
5 20 456
6 20 456
7 20 456
8 20 456
9 20 456
10 20 456
11 20 456
12 20 456
13 20 456
14 20 456
3 15 457
4 15 457
5 15 457
6 15 457
7 15 457
8 15 457
9 15 457
10 15 457
11 15 457
12 15 457
13 15 457
14 15 457
3 16 458
4 16 458
5 16 458
6 16 458
7 16 458
8 16 458
9 16 458
10 16 458
11 16 458
12 16 458
13 16 458
14 16 458
3 17 459
4 17 459
5 17 459
6 17 459
7 17 459
8 17 459
9 17 459
10 17 459
11 17 459
12 17 459
13 17 459
14 17 459
3 18 460
4 18 460
5 18 460
6 18 460
7 18 460
8 18 460
9 18 460
10 18 460
11 18 460
12 18 460
13 18 460
14 18 460
3 19 461
4 19 461
5 19 461
6 19 461
7 19 461
8 19 461
9 19 461
10 19 461
11 19 461
12 19 461
13 19 461
14 19 461
3 20 462
4 20 462
5 20 462
6 20 462
7 20 462
8 20 462
9 20 462
10 20 462
11 20 462
12 20 462
13 20 462
14 20 462
3 15 463
4 15 463
5 15 463
6 15 463
7 15 463
8 15 463
9 15 463
10 15 463
11 15 463
12 15 463
13 15 463
14 15 463
3 16 464
4 16 464
5 16 464
6 16 464
7 16 464
8 16 464
9 16 464
10 16 464
11 16 464
12 16 464
13 16 464
14 16 464
3 17 465
4 17 465
5 17 465
6 17 465
7 17 465
8 17 465
9 17 465
10 17 465
11 17 465
12 17 465
13 17 465
14 17 465
3 18 466
4 18 466
5 18 466
6 18 466
7 18 466
8 18 466
9 18 466
10 18 466
11 18 466
12 18 466
13 18 466
14 18 466
3 19 467
4 19 467
5 19 467
6 19 467
7 19 467
8 19 467
9 19 467
10 19 467
11 19 467
12 19 467
13 19 467
14 19 467
3 20 468
4 20 468
5 20 468
6 20 468
7 20 468
8 20 468
9 20 468
10 20 468
11 20 468
12 20 468
13 20 468
14 20 468
3 15 469
4 15 469
5 15 469
6 15 469
7 15 469
8 15 469
9 15 469
10 15 469
11 15 469
12 15 469
13 15 469
14 15 469
3 16 470
4 16 470
5 16 470
6 16 470
7 16 470
8 16 470
9 16 470
10 16 470
11 16 470
12 16 470
13 16 470
14 16 470
3 17 471
4 17 471
5 17 471
6 17 471
7 17 471
8 17 471
9 17 471
10 17 471
11 17 471
12 17 471
13 17 471
14 17 471
3 18 472
4 18 472
5 18 472
6 18 472
7 18 472
8 18 472
9 18 472
10 18 472
11 18 472
12 18 472
13 18 472
14 18 472
3 19 473
4 19 473
5 19 473
6 19 473
7 19 473
8 19 473
9 19 473
10 19 473
11 19 473
12 19 473
13 19 473
14 19 473
3 20 474
4 20 474
5 20 474
6 20 474
7 20 474
8 20 474
9 20 474
10 20 474
11 20 474
12 20 474
13 20 474
14 20 474
3 15 475
4 15 475
5 15 475
6 15 475
7 15 475
8 15 475
9 15 475
10 15 475
11 15 475
12 15 475
13 15 475
14 15 475
3 16 476
4 16 476
5 16 476
6 16 476
7 16 476
8 16 476
9 16 476
10 16 476
11 16 476
12 16 476
13 16 476
14 16 476
3 17 477
4 17 477
5 17 477
6 17 477
7 17 477
8 17 477
9 17 477
10 17 477
11 17 477
12 17 477
13 17 477
14 17 477
3 18 478
4 18 478
5 18 478
6 18 478
7 18 478
8 18 478
9 18 478
10 18 478
11 18 478
12 18 478
13 18 478
14 18 478
3 19 479
4 19 479
5 19 479
6 19 479
7 19 479
8 19 479
9 19 479
10 19 479
11 19 479
12 19 479
13 19 479
14 19 479
3 20 480
4 20 480
5 20 480
6 20 480
7 20 480
8 20 480
9 20 480
10 20 480
11 20 480
12 20 480
13 20 480
14 20 480
3 15 481
4 15 481
5 15 481
6 15 481
7 15 481
8 15 481
9 15 481
10 15 481
11 15 481
12 15 481
13 15 481
14 15 481
3 16 482
4 16 482
5 16 482
6 16 482
7 16 482
8 16 482
9 16 482
10 16 482
11 16 482
12 16 482
13 16 482
14 16 482
3 17 483
4 17 483
5 17 483
6 17 483
7 17 483
8 17 483
9 17 483
10 17 483
11 17 483
12 17 483
13 17 483
14 17 483
3 18 484
4 18 484
5 18 484
6 18 484
7 18 484
8 18 484
9 18 484
10 18 484
11 18 484
12 18 484
13 18 484
14 18 484
3 19 485
4 19 485
5 19 485
6 19 485
7 19 485
8 19 485
9 19 485
10 19 485
11 19 485
12 19 485
13 19 485
14 19 485
3 20 486
4 20 486
5 20 486
6 20 486
7 20 486
8 20 486
9 20 486
10 20 486
11 20 486
12 20 486
13 20 486
14 20 486
3 15 487
4 15 487
5 15 487
6 15 487
7 15 487
8 15 487
9 15 487
10 15 487
11 15 487
12 15 487
13 15 487
14 15 487
3 16 488
4 16 488
5 16 488
6 16 488
7 16 488
8 16 488
9 16 488
10 16 488
11 16 488
12 16 488
13 16 488
14 16 488
3 17 489
4 17 489
5 17 489
6 17 489
7 17 489
8 17 489
9 17 489
10 17 489
11 17 489
12 17 489
13 17 489
14 17 489
3 18 490
4 18 490
5 18 490
6 18 490
7 18 490
8 18 490
9 18 490
10 18 490
11 18 490
12 18 490
13 18 490
14 18 490
3 19 491
4 19 491
5 19 491
6 19 491
7 19 491
8 19 491
9 19 491
10 19 491
11 19 491
12 19 491
13 19 491
14 19 491
3 20 492
4 20 492
5 20 492
6 20 492
7 20 492
8 20 492
9 20 492
10 20 492
11 20 492
12 20 492
13 20 492
14 20 492
3 15 493
4 15 493
5 15 493
6 15 493
7 15 493
8 15 493
9 15 493
10 15 493
11 15 493
12 15 493
13 15 493
14 15 493
3 16 494
4 16 494
5 16 494
6 16 494
7 16 494
8 16 494
9 16 494
10 16 494
11 16 494
12 16 494
13 16 494
14 16 494
3 17 495
4 17 495
5 17 495
6 17 495
7 17 495
8 17 495
9 17 495
10 17 495
11 17 495
12 17 495
13 17 495
14 17 495
3 18 496
4 18 496
5 18 496
6 18 496
7 18 496
8 18 496
9 18 496
10 18 496
11 18 496
12 18 496
13 18 496
14 18 496
3 19 497
4 19 497
5 19 497
6 19 497
7 19 497
8 19 497
9 19 497
10 19 497
11 19 497
12 19 497
13 19 497
14 19 497
3 20 498
4 20 498
5 20 498
6 20 498
7 20 498
8 20 498
9 20 498
10 20 498
11 20 498
12 20 498
13 20 498
14 20 498
3 15 499
4 15 499
5 15 499
6 15 499
7 15 499
8 15 499
9 15 499
10 15 499
11 15 499
12 15 499
13 15 499
14 15 499
3 16 500
4 16 500
5 16 500
6 16 500
7 16 500
8 16 500
9 16 500
10 16 500
11 16 500
12 16 500
13 16 500
14 16 500
3 17 501
4 17 501
5 17 501
6 17 501
7 17 501
8 17 501
9 17 501
10 17 501
11 17 501
12 17 501
13 17 501
14 17 501
3 18 502
4 18 502
5 18 502
6 18 502
7 18 502
8 18 502
9 18 502
10 18 502
11 18 502
12 18 502
13 18 502
14 18 502
3 19 503
4 19 503
5 19 503
6 19 503
7 19 503
8 19 503
9 19 503
10 19 503
11 19 503
12 19 503
13 19 503
14 19 503
3 20 504
4 20 504
5 20 504
6 20 504
7 20 504
8 20 504
9 20 504
10 20 504
11 20 504
12 20 504
13 20 504
14 20 504
3 15 505
4 15 505
5 15 505
6 15 505
7 15 505
8 15 505
9 15 505
10 15 505
11 15 505
12 15 505
13 15 505
14 15 505
3 16 506
4 16 506
5 16 506
6 16 506
7 16 506
8 16 506
9 16 506
10 16 506
11 16 506
12 16 506
13 16 506
14 16 506
3 17 507
4 17 507
5 17 507
6 17 507
7 17 507
8 17 507
9 17 507
10 17 507
11 17 507
12 17 507
13 17 507
14 17 507
3 18 508
4 18 508
5 18 508
6 18 508
7 18 508
8 18 508
9 18 508
10 18 508
11 18 508
12 18 508
13 18 508
14 18 508
3 19 509
4 19 509
5 19 509
6 19 509
7 19 509
8 19 509
9 19 509
10 19 509
11 19 509
12 19 509
13 19 509
14 19 509
3 20 510
4 20 510
5 20 510
6 20 510
7 20 510
8 20 510
9 20 510
10 20 510
11 20 510
12 20 510
13 20 510
14 20 510
3 15 511
4 15 511
5 15 511
6 15 511
7 15 511
8 15 511
9 15 511
10 15 511
11 15 511
12 15 511
13 15 511
14 15 511
3 16 512
4 16 512
5 16 512
6 16 512
7 16 512
8 16 512
9 16 512
10 16 512
11 16 512
12 16 512
13 16 512
14 16 512
3 17 513
4 17 513
5 17 513
6 17 513
7 17 513
8 17 513
9 17 513
10 17 513
11 17 513
12 17 513
13 17 513
14 17 513
3 18 514
4 18 514
5 18 514
6 18 514
7 18 514
8 18 514
9 18 514
10 18 514
11 18 514
12 18 514
13 18 514
14 18 514
3 19 515
4 19 515
5 19 515
6 19 515
7 19 515
8 19 515
9 19 515
10 19 515
11 19 515
12 19 515
13 19 515
14 19 515
3 20 516
4 20 516
5 20 516
6 20 516
7 20 516
8 20 516
9 20 516
10 20 516
11 20 516
12 20 516
13 20 516
14 20 516
3 15 517
4 15 517
5 15 517
6 15 517
7 15 517
8 15 517
9 15 517
10 15 517
11 15 517
12 15 517
13 15 517
14 15 517
3 16 518
4 16 518
5 16 518
6 16 518
7 16 518
8 16 518
9 16 518
10 16 518
11 16 518
12 16 518
13 16 518
14 16 518
3 17 519
4 17 519
5 17 519
6 17 519
7 17 519
8 17 519
9 17 519
10 17 519
11 17 519
12 17 519
13 17 519
14 17 519
3 18 520
4 18 520
5 18 520
6 18 520
7 18 520
8 18 520
9 18 520
10 18 520
11 18 520
12 18 520
13 18 520
14 18 520
3 19 521
4 19 521
5 19 521
6 19 521
7 19 521
8 19 521
9 19 521
10 19 521
11 19 521
12 19 521
13 19 521
14 19 521
3 20 522
4 20 522
5 20 522
6 20 522
7 20 522
8 20 522
9 20 522
10 20 522
11 20 522
12 20 522
13 20 522
14 20 522
3 15 523
4 15 523
5 15 523
6 15 523
7 15 523
8 15 523
9 15 523
10 15 523
11 15 523
12 15 523
13 15 523
14 15 523
3 16 524
4 16 524
5 16 524
6 16 524
7 16 524
8 16 524
9 16 524
10 16 524
11 16 524
12 16 524
13 16 524
14 16 524
3 17 525
4 17 525
5 17 525
6 17 525
7 17 525
8 17 525
9 17 525
10 17 525
11 17 525
12 17 525
13 17 525
14 17 525
3 18 526
4 18 526
5 18 526
6 18 526
7 18 526
8 18 526
9 18 526
10 18 526
11 18 526
12 18 526
13 18 526
14 18 526
3 19 527
4 19 527
5 19 527
6 19 527
7 19 527
8 19 527
9 19 527
10 19 527
11 19 527
12 19 527
13 19 527
14 19 527
3 20 528
4 20 528
5 20 528
6 20 528
7 20 528
8 20 528
9 20 528
10 20 528
11 20 528
12 20 528
13 20 528
14 20 528
3 15 529
4 15 529
5 15 529
6 15 529
7 15 529
8 15 529
9 15 529
10 15 529
11 15 529
12 15 529
13 15 529
14 15 529
3 16 530
4 16 530
5 16 530
6 16 530
7 16 530
8 16 530
9 16 530
10 16 530
11 16 530
12 16 530
13 16 530
14 16 530
3 17 531
4 17 531
5 17 531
6 17 531
7 17 531
8 17 531
9 17 531
10 17 531
11 17 531
12 17 531
13 17 531
14 17 531
3 18 532
4 18 532
5 18 532
6 18 532
7 18 532
8 18 532
9 18 532
10 18 532
11 18 532
12 18 532
13 18 532
14 18 532
3 19 533
4 19 533
5 19 533
6 19 533
7 19 533
8 19 533
9 19 533
10 19 533
11 19 533
12 19 533
13 19 533
14 19 533
3 20 534
4 20 534
5 20 534
6 20 534
7 20 534
8 20 534
9 20 534
10 20 534
11 20 534
12 20 534
13 20 534
14 20 534
3 15 535
4 15 535
5 15 535
6 15 535
7 15 535
8 15 535
9 15 535
10 15 535
11 15 535
12 15 535
13 15 535
14 15 535
3 16 536
4 16 536
5 16 536
6 16 536
7 16 536
8 16 536
9 16 536
10 16 536
11 16 536
12 16 536
13 16 536
14 16 536
3 17 537
4 17 537
5 17 537
6 17 537
7 17 537
8 17 537
9 17 537
10 17 537
11 17 537
12 17 537
13 17 537
14 17 537
3 18 538
4 18 538
5 18 538
6 18 538
7 18 538
8 18 538
9 18 538
10 18 538
11 18 538
12 18 538
13 18 538
14 18 538
3 19 539
4 19 539
5 19 539
6 19 539
7 19 539
8 19 539
9 19 539
10 19 539
11 19 539
12 19 539
13 19 539
14 19 539
3 20 540
4 20 540
5 20 540
6 20 540
7 20 540
8 20 540
9 20 540
10 20 540
11 20 540
12 20 540
13 20 540
14 20 540
3 15 541
4 15 541
5 15 541
6 15 541
7 15 541
8 15 541
9 15 541
10 15 541
11 15 541
12 15 541
13 15 541
14 15 541
3 16 542
4 16 542
5 16 542
6 16 542
7 16 542
8 16 542
9 16 542
10 16 542
11 16 542
12 16 542
13 16 542
14 16 542
3 17 543
4 17 543
5 17 543
6 17 543
7 17 543
8 17 543
9 17 543
10 17 543
11 17 543
12 17 543
13 17 543
14 17 543
3 18 544
4 18 544
5 18 544
6 18 544
7 18 544
8 18 544
9 18 544
10 18 544
11 18 544
12 18 544
13 18 544
14 18 544
3 19 545
4 19 545
5 19 545
6 19 545
7 19 545
8 19 545
9 19 545
10 19 545
11 19 545
12 19 545
13 19 545
14 19 545
3 20 546
4 20 546
5 20 546
6 20 546
7 20 546
8 20 546
9 20 546
10 20 546
11 20 546
12 20 546
13 20 546
14 20 546
3 15 547
4 15 547
5 15 547
6 15 547
7 15 547
8 15 547
9 15 547
10 15 547
11 15 547
12 15 547
13 15 547
14 15 547
3 16 548
4 16 548
5 16 548
6 16 548
7 16 548
8 16 548
9 16 548
10 16 548
11 16 548
12 16 548
13 16 548
14 16 548
3 17 549
4 17 549
5 17 549
6 17 549
7 17 549
8 17 549
9 17 549
10 17 549
11 17 549
12 17 549
13 17 549
14 17 549
3 18 550
4 18 550
5 18 550
6 18 550
7 18 550
8 18 550
9 18 550
10 18 550
11 18 550
12 18 550
13 18 550
14 18 550
3 19 551
4 19 551
5 19 551
6 19 551
7 19 551
8 19 551
9 19 551
10 19 551
11 19 551
12 19 551
13 19 551
14 19 551
3 20 552
4 20 552
5 20 552
6 20 552
7 20 552
8 20 552
9 20 552
10 20 552
11 20 552
12 20 552
13 20 552
14 20 552
3 15 553
4 15 553
5 15 553
6 15 553
7 15 553
8 15 553
9 15 553
10 15 553
11 15 553
12 15 553
13 15 553
14 15 553
3 16 554
4 16 554
5 16 554
6 16 554
7 16 554
8 16 554
9 16 554
10 16 554
11 16 554
12 16 554
13 16 554
14 16 554
3 17 555
4 17 555
5 17 555
6 17 555
7 17 555
8 17 555
9 17 555
10 17 555
11 17 555
12 17 555
13 17 555
14 17 555
3 18 556
4 18 556
5 18 556
6 18 556
7 18 556
8 18 556
9 18 556
10 18 556
11 18 556
12 18 556
13 18 556
14 18 556
3 19 557
4 19 557
5 19 557
6 19 557
7 19 557
8 19 557
9 19 557
10 19 557
11 19 557
12 19 557
13 19 557
14 19 557
3 20 558
4 20 558
5 20 558
6 20 558
7 20 558
8 20 558
9 20 558
10 20 558
11 20 558
12 20 558
13 20 558
14 20 558
3 15 559
4 15 559
5 15 559
6 15 559
7 15 559
8 15 559
9 15 559
10 15 559
11 15 559
12 15 559
13 15 559
14 15 559
3 16 560
4 16 560
5 16 560
6 16 560
7 16 560
8 16 560
9 16 560
10 16 560
11 16 560
12 16 560
13 16 560
14 16 560
3 17 561
4 17 561
5 17 561
6 17 561
7 17 561
8 17 561
9 17 561
10 17 561
11 17 561
12 17 561
13 17 561
14 17 561
3 18 562
4 18 562
5 18 562
6 18 562
7 18 562
8 18 562
9 18 562
10 18 562
11 18 562
12 18 562
13 18 562
14 18 562
3 19 563
4 19 563
5 19 563
6 19 563
7 19 563
8 19 563
9 19 563
10 19 563
11 19 563
12 19 563
13 19 563
14 19 563
3 20 564
4 20 564
5 20 564
6 20 564
7 20 564
8 20 564
9 20 564
10 20 564
11 20 564
12 20 564
13 20 564
14 20 564
3 15 565
4 15 565
5 15 565
6 15 565
7 15 565
8 15 565
9 15 565
10 15 565
11 15 565
12 15 565
13 15 565
14 15 565
3 16 566
4 16 566
5 16 566
6 16 566
7 16 566
8 16 566
9 16 566
10 16 566
11 16 566
12 16 566
13 16 566
14 16 566
3 17 567
4 17 567
5 17 567
6 17 567
7 17 567
8 17 567
9 17 567
10 17 567
11 17 567
12 17 567
13 17 567
14 17 567
3 18 568
4 18 568
5 18 568
6 18 568
7 18 568
8 18 568
9 18 568
10 18 568
11 18 568
12 18 568
13 18 568
14 18 568
3 19 569
4 19 569
5 19 569
6 19 569
7 19 569
8 19 569
9 19 569
10 19 569
11 19 569
12 19 569
13 19 569
14 19 569
3 20 570
4 20 570
5 20 570
6 20 570
7 20 570
8 20 570
9 20 570
10 20 570
11 20 570
12 20 570
13 20 570
14 20 570
3 15 571
4 15 571
5 15 571
6 15 571
7 15 571
8 15 571
9 15 571
10 15 571
11 15 571
12 15 571
13 15 571
14 15 571
3 16 572
4 16 572
5 16 572
6 16 572
7 16 572
8 16 572
9 16 572
10 16 572
11 16 572
12 16 572
13 16 572
14 16 572
3 17 573
4 17 573
5 17 573
6 17 573
7 17 573
8 17 573
9 17 573
10 17 573
11 17 573
12 17 573
13 17 573
14 17 573
3 18 574
4 18 574
5 18 574
6 18 574
7 18 574
8 18 574
9 18 574
10 18 574
11 18 574
12 18 574
13 18 574
14 18 574
3 19 575
4 19 575
5 19 575
6 19 575
7 19 575
8 19 575
9 19 575
10 19 575
11 19 575
12 19 575
13 19 575
14 19 575
3 20 576
4 20 576
5 20 576
6 20 576
7 20 576
8 20 576
9 20 576
10 20 576
11 20 576
12 20 576
13 20 576
14 20 576
3 15 577
4 15 577
5 15 577
6 15 577
7 15 577
8 15 577
9 15 577
10 15 577
11 15 577
12 15 577
13 15 577
14 15 577
3 16 578
4 16 578
5 16 578
6 16 578
7 16 578
8 16 578
9 16 578
10 16 578
11 16 578
12 16 578
13 16 578
14 16 578
3 17 579
4 17 579
5 17 579
6 17 579
7 17 579
8 17 579
9 17 579
10 17 579
11 17 579
12 17 579
13 17 579
14 17 579
3 18 580
4 18 580
5 18 580
6 18 580
7 18 580
8 18 580
9 18 580
10 18 580
11 18 580
12 18 580
13 18 580
14 18 580
3 19 581
4 19 581
5 19 581
6 19 581
7 19 581
8 19 581
9 19 581
10 19 581
11 19 581
12 19 581
13 19 581
14 19 581
3 20 582
4 20 582
5 20 582
6 20 582
7 20 582
8 20 582
9 20 582
10 20 582
11 20 582
12 20 582
13 20 582
14 20 582
3 15 583
4 15 583
5 15 583
6 15 583
7 15 583
8 15 583
9 15 583
10 15 583
11 15 583
12 15 583
13 15 583
14 15 583
3 16 584
4 16 584
5 16 584
6 16 584
7 16 584
8 16 584
9 16 584
10 16 584
11 16 584
12 16 584
13 16 584
14 16 584
3 17 585
4 17 585
5 17 585
6 17 585
7 17 585
8 17 585
9 17 585
10 17 585
11 17 585
12 17 585
13 17 585
14 17 585
3 18 586
4 18 586
5 18 586
6 18 586
7 18 586
8 18 586
9 18 586
10 18 586
11 18 586
12 18 586
13 18 586
14 18 586
3 19 587
4 19 587
5 19 587
6 19 587
7 19 587
8 19 587
9 19 587
10 19 587
11 19 587
12 19 587
13 19 587
14 19 587
3 20 588
4 20 588
5 20 588
6 20 588
7 20 588
8 20 588
9 20 588
10 20 588
11 20 588
12 20 588
13 20 588
14 20 588
3 15 589
4 15 589
5 15 589
6 15 589
7 15 589
8 15 589
9 15 589
10 15 589
11 15 589
12 15 589
13 15 589
14 15 589
3 16 590
4 16 590
5 16 590
6 16 590
7 16 590
8 16 590
9 16 590
10 16 590
11 16 590
12 16 590
13 16 590
14 16 590
3 17 591
4 17 591
5 17 591
6 17 591
7 17 591
8 17 591
9 17 591
10 17 591
11 17 591
12 17 591
13 17 591
14 17 591
3 18 592
4 18 592
5 18 592
6 18 592
7 18 592
8 18 592
9 18 592
10 18 592
11 18 592
12 18 592
13 18 592
14 18 592
3 19 593
4 19 593
5 19 593
6 19 593
7 19 593
8 19 593
9 19 593
10 19 593
11 19 593
12 19 593
13 19 593
14 19 593
3 20 594
4 20 594
5 20 594
6 20 594
7 20 594
8 20 594
9 20 594
10 20 594
11 20 594
12 20 594
13 20 594
14 20 594
