10 16 1
11 16 1
12 16 1
13 16 1
14 16 1
15 16 1
10 17 2
11 17 2
12 17 2
13 17 2
14 17 2
15 17 2
10 16 3
11 16 3
12 16 3
13 16 3
14 16 3
15 16 3
10 17 4
11 17 4
12 17 4
13 17 4
14 17 4
15 17 4
10 16 5
11 16 5
12 16 5
13 16 5
14 16 5
15 16 5
10 17 6
11 17 6
12 17 6
13 17 6
14 17 6
15 17 6
10 16 7
11 16 7
12 16 7
13 16 7
14 16 7
15 16 7
10 17 8
11 17 8
12 17 8
13 17 8
14 17 8
15 17 8
10 16 9
11 16 9
12 16 9
13 16 9
14 16 9
15 16 9
10 17 10
11 17 10
12 17 10
13 17 10
14 17 10
15 17 10
10 16 11
11 16 11
12 16 11
13 16 11
14 16 11
15 16 11
10 17 12
11 17 12
12 17 12
13 17 12
14 17 12
15 17 12
10 16 13
11 16 13
12 16 13
13 16 13
14 16 13
15 16 13
10 17 14
11 17 14
12 17 14
13 17 14
14 17 14
15 17 14
10 16 15
11 16 15
12 16 15
13 16 15
14 16 15
15 16 15
10 17 16
11 17 16
12 17 16
13 17 16
14 17 16
15 17 16
10 16 17
11 16 17
12 16 17
13 16 17
14 16 17
15 16 17
10 17 18
11 17 18
12 17 18
13 17 18
14 17 18
15 17 18
10 16 19
11 16 19
12 16 19
13 16 19
14 16 19
15 16 19
10 17 20
11 17 20
12 17 20
13 17 20
14 17 20
15 17 20
