10 12 1
10 12 2
10 12 3
10 12 4
10 12 5
10 12 6
10 12 7
10 12 8
10 12 9
10 12 10
10 12 11
10 12 12
10 12 13
10 12 14
10 12 15
10 12 16
10 12 17
10 12 18
10 12 19
10 12 20
10 12 21
10 12 22
10 12 23
10 12 24
10 12 25
10 12 26
10 12 27
10 12 28
10 12 29
10 12 30
10 12 31
10 12 32
10 12 33
10 12 34
10 12 35
10 12 36
10 12 37
10 12 38
10 12 39
10 12 40
10 12 41
10 12 42
10 12 43
10 12 44
10 12 45
10 12 46
10 12 47
10 12 48
10 12 49
10 12 50
10 12 51
10 12 52
10 12 53
10 12 54
10 12 55
10 12 56
10 12 57
10 12 58
10 12 59
10 12 60
10 12 61
10 12 62
10 12 63
10 12 64
10 12 65
10 12 66
10 12 67
10 12 68
10 12 69
10 12 70
10 12 71
10 12 72
10 12 73
10 12 74
10 12 75
10 12 76
10 12 77
10 12 78
10 12 79
10 12 80
10 12 81
10 12 82
10 12 83
10 12 84
10 12 85
10 12 86
10 12 87
10 12 88
10 12 89
10 12 90
10 12 91
10 12 92
10 12 93
10 12 94
10 12 95
10 12 96
