2 12 1
2 12 2
2 12 3
2 12 4
2 12 5
2 12 6
2 12 7
2 12 8
2 12 9
2 12 10
2 12 11
2 12 12
2 12 13
2 12 14
2 12 15
2 12 16
2 12 17
2 12 18
2 12 19
2 12 20
2 12 21
2 12 22
2 12 23
2 12 24
2 12 25
2 12 26
2 12 27
2 12 28
2 12 29
2 12 30
2 12 31
2 12 32
2 12 33
2 12 34
2 12 35
2 12 36
2 12 37
2 12 38
2 12 39
2 12 40
2 12 41
2 12 42
2 12 43
2 12 44
2 12 45
2 12 46
2 12 47
2 12 48
2 12 49
2 12 50
2 12 51
2 12 52
2 12 53
2 12 54
2 12 55
2 12 56
2 12 57
2 12 58
2 12 59
2 12 60
2 12 61
2 12 62
2 12 63
2 12 64
2 12 65
2 12 66
2 12 67
2 12 68
2 12 69
2 12 70
2 12 71
2 12 72
2 12 73
2 12 74
2 12 75
2 12 76
2 12 77
2 12 78
2 12 79
2 12 80
2 12 81
2 12 82
2 12 83
2 12 84
2 12 85
2 12 86
2 12 87
2 12 88
2 12 89
2 12 90
2 12 91
2 12 92
2 12 93
2 12 94
2 12 95
2 12 96
