10 3 1
10 3 2
10 3 3
10 3 4
10 3 5
10 3 6
10 3 7
10 3 8
10 3 9
10 3 10
10 3 11
10 3 12
10 3 13
10 3 14
10 3 15
10 3 16
10 3 17
10 3 18
10 3 19
10 3 20
10 3 21
10 3 22
10 3 23
10 3 24
10 3 25
10 3 26
10 3 27
10 3 28
10 3 29
10 3 30
10 3 31
10 3 32
10 3 33
10 3 34
10 3 35
10 3 36
10 3 37
10 3 38
10 3 39
10 3 40
10 3 41
10 3 42
10 3 43
10 3 44
10 3 45
10 3 46
10 3 47
10 3 48
10 3 49
10 3 50
10 3 51
10 3 52
10 3 53
10 3 54
10 3 55
10 3 56
10 3 57
10 3 58
10 3 59
10 3 60
10 3 61
10 3 62
10 3 63
10 3 64
10 3 65
10 3 66
10 3 67
10 3 68
10 3 69
10 3 70
10 3 71
10 3 72
10 3 73
10 3 74
10 3 75
10 3 76
10 3 77
10 3 78
10 3 79
10 3 80
10 3 81
10 3 82
10 3 83
10 3 84
10 3 85
10 3 86
10 3 87
10 3 88
10 3 89
10 3 90
10 3 91
10 3 92
10 3 93
10 3 94
10 3 95
10 3 96
10 3 97
10 3 98
10 3 99
10 3 100
10 3 101
10 3 102
10 3 103
10 3 104
10 3 105
10 3 106
10 3 107
10 3 108
10 3 109
10 3 110
10 3 111
10 3 112
10 3 113
10 3 114
10 3 115
10 3 116
10 3 117
10 3 118
10 3 119
10 3 120
10 3 121
10 3 122
10 3 123
10 3 124
10 3 125
10 3 126
10 3 127
10 3 128
10 3 129
10 3 130
10 3 131
10 3 132
10 3 133
10 3 134
10 3 135
10 3 136
10 3 137
10 3 138
10 3 139
10 3 140
10 3 141
10 3 142
10 3 143
10 3 144
10 3 145
10 3 146
10 3 147
10 3 148
10 3 149
10 3 150
10 3 151
10 3 152
10 3 153
10 3 154
10 3 155
10 3 156
10 3 157
10 3 158
10 3 159
10 3 160
10 3 161
10 3 162
10 3 163
10 3 164
10 3 165
10 3 166
10 3 167
10 3 168
10 3 169
10 3 170
10 3 171
10 3 172
10 3 173
10 3 174
10 3 175
10 3 176
10 3 177
10 3 178
10 3 179
10 3 180
10 3 181
10 3 182
10 3 183
10 3 184
10 3 185
10 3 186
10 3 187
10 3 188
10 3 189
10 3 190
10 3 191
10 3 192
10 3 193
10 3 194
10 3 195
10 3 196
10 3 197
10 3 198
10 3 199
10 3 200
10 3 201
10 3 202
10 3 203
10 3 204
10 3 205
10 3 206
10 3 207
10 3 208
10 3 209
10 3 210
10 3 211
10 3 212
10 3 213
10 3 214
10 3 215
10 3 216
10 3 217
10 3 218
10 3 219
10 3 220
10 3 221
10 3 222
10 3 223
10 3 224
10 3 225
10 3 226
10 3 227
10 3 228
10 3 229
10 3 230
10 3 231
10 3 232
10 3 233
10 3 234
10 3 235
10 3 236
10 3 237
10 3 238
10 3 239
10 3 240
10 3 241
10 3 242
10 3 243
10 3 244
10 3 245
10 3 246
10 3 247
10 3 248
10 3 249
10 3 250
10 3 251
10 3 252
10 3 253
10 3 254
10 3 255
10 3 256
10 3 257
10 3 258
10 3 259
10 3 260
10 3 261
10 3 262
10 3 263
10 3 264
10 3 265
10 3 266
10 3 267
10 3 268
10 3 269
10 3 270
10 3 271
10 3 272
10 3 273
10 3 274
10 3 275
10 3 276
10 3 277
10 3 278
10 3 279
10 3 280
10 3 281
10 3 282
10 3 283
10 3 284
10 3 285
10 3 286
10 3 287
10 3 288
10 3 289
10 3 290
10 3 291
10 3 292
10 3 293
10 3 294
10 3 295
10 3 296
10 3 297
10 3 298
10 3 299
10 3 300
10 3 301
10 3 302
10 3 303
10 3 304
10 3 305
10 3 306
10 3 307
