6 9 1
7 9 1
8 9 1
6 10 2
7 10 2
8 10 2
6 11 3
7 11 3
8 11 3
6 12 4
7 12 4
8 12 4
6 13 5
7 13 5
8 13 5
6 14 6
7 14 6
8 14 6
6 15 7
7 15 7
8 15 7
6 16 8
7 16 8
8 16 8
6 17 9
7 17 9
8 17 9
6 18 10
7 18 10
8 18 10
6 19 11
7 19 11
8 19 11
6 20 12
7 20 12
8 20 12
6 9 13
7 9 13
8 9 13
6 10 14
7 10 14
8 10 14
6 11 15
7 11 15
8 11 15
6 12 16
7 12 16
8 12 16
6 13 17
7 13 17
8 13 17
6 14 18
7 14 18
8 14 18
6 15 19
7 15 19
8 15 19
6 16 20
7 16 20
8 16 20
6 17 21
7 17 21
8 17 21
6 18 22
7 18 22
8 18 22
6 19 23
7 19 23
8 19 23
6 20 24
7 20 24
8 20 24
6 9 25
7 9 25
8 9 25
6 10 26
7 10 26
8 10 26
6 11 27
7 11 27
8 11 27
6 12 28
7 12 28
8 12 28
6 13 29
7 13 29
8 13 29
6 14 30
7 14 30
8 14 30
6 15 31
7 15 31
8 15 31
6 16 32
7 16 32
8 16 32
6 17 33
7 17 33
8 17 33
6 18 34
7 18 34
8 18 34
6 19 35
7 19 35
8 19 35
6 20 36
7 20 36
8 20 36
6 9 37
7 9 37
8 9 37
6 10 38
7 10 38
8 10 38
6 11 39
7 11 39
8 11 39
6 12 40
7 12 40
8 12 40
6 13 41
7 13 41
8 13 41
6 14 42
7 14 42
8 14 42
6 15 43
7 15 43
8 15 43
6 16 44
7 16 44
8 16 44
6 17 45
7 17 45
8 17 45
6 18 46
7 18 46
8 18 46
6 19 47
7 19 47
8 19 47
6 20 48
7 20 48
8 20 48
