21 27 1
22 27 1
23 27 1
24 27 1
25 27 1
26 27 1
21 28 2
22 28 2
23 28 2
24 28 2
25 28 2
26 28 2
21 29 3
22 29 3
23 29 3
24 29 3
25 29 3
26 29 3
21 27 4
22 27 4
23 27 4
24 27 4
25 27 4
26 27 4
21 28 5
22 28 5
23 28 5
24 28 5
25 28 5
26 28 5
21 29 6
22 29 6
23 29 6
24 29 6
25 29 6
26 29 6
21 27 7
22 27 7
23 27 7
24 27 7
25 27 7
26 27 7
21 28 8
22 28 8
23 28 8
24 28 8
25 28 8
26 28 8
21 29 9
22 29 9
23 29 9
24 29 9
25 29 9
26 29 9
21 27 10
22 27 10
23 27 10
24 27 10
25 27 10
26 27 10
21 28 11
22 28 11
23 28 11
24 28 11
25 28 11
26 28 11
21 29 12
22 29 12
23 29 12
24 29 12
25 29 12
26 29 12
