19 12 1
19 12 2
19 12 3
19 12 4
19 12 5
19 12 6
19 12 7
19 12 8
19 12 9
19 12 10
19 12 11
19 12 12
19 12 13
19 12 14
19 12 15
19 12 16
19 12 17
19 12 18
19 12 19
19 12 20
19 12 21
19 12 22
19 12 23
19 12 24
19 12 25
19 12 26
19 12 27
19 12 28
19 12 29
19 12 30
19 12 31
19 12 32
19 12 33
19 12 34
19 12 35
19 12 36
19 12 37
19 12 38
19 12 39
19 12 40
19 12 41
19 12 42
19 12 43
19 12 44
19 12 45
19 12 46
19 12 47
19 12 48
19 12 49
19 12 50
19 12 51
19 12 52
19 12 53
19 12 54
19 12 55
19 12 56
19 12 57
19 12 58
19 12 59
19 12 60
19 12 61
19 12 62
19 12 63
19 12 64
19 12 65
19 12 66
19 12 67
19 12 68
19 12 69
19 12 70
19 12 71
19 12 72
19 12 73
19 12 74
19 12 75
19 12 76
19 12 77
19 12 78
19 12 79
19 12 80
19 12 81
19 12 82
19 12 83
19 12 84
19 12 85
19 12 86
19 12 87
19 12 88
19 12 89
19 12 90
19 12 91
19 12 92
19 12 93
19 12 94
19 12 95
19 12 96
19 12 97
19 12 98
19 12 99
19 12 100
19 12 101
19 12 102
19 12 103
19 12 104
19 12 105
19 12 106
19 12 107
19 12 108
19 12 109
19 12 110
19 12 111
19 12 112
19 12 113
19 12 114
19 12 115
19 12 116
19 12 117
19 12 118
19 12 119
19 12 120
19 12 121
19 12 122
19 12 123
19 12 124
19 12 125
19 12 126
19 12 127
19 12 128
19 12 129
19 12 130
19 12 131
19 12 132
19 12 133
19 12 134
19 12 135
19 12 136
19 12 137
19 12 138
19 12 139
19 12 140
19 12 141
19 12 142
19 12 143
19 12 144
19 12 145
19 12 146
19 12 147
19 12 148
19 12 149
19 12 150
19 12 151
19 12 152
19 12 153
19 12 154
19 12 155
19 12 156
19 12 157
19 12 158
19 12 159
19 12 160
19 12 161
19 12 162
19 12 163
19 12 164
19 12 165
19 12 166
19 12 167
19 12 168
19 12 169
19 12 170
19 12 171
19 12 172
19 12 173
19 12 174
19 12 175
19 12 176
19 12 177
19 12 178
19 12 179
19 12 180
19 12 181
19 12 182
19 12 183
19 12 184
19 12 185
19 12 186
19 12 187
19 12 188
19 12 189
19 12 190
19 12 191
19 12 192
19 12 193
19 12 194
19 12 195
19 12 196
19 12 197
19 12 198
19 12 199
19 12 200
19 12 201
19 12 202
19 12 203
19 12 204
19 12 205
19 12 206
19 12 207
19 12 208
19 12 209
19 12 210
19 12 211
19 12 212
19 12 213
19 12 214
19 12 215
19 12 216
19 12 217
19 12 218
19 12 219
19 12 220
19 12 221
19 12 222
19 12 223
19 12 224
19 12 225
19 12 226
19 12 227
19 12 228
19 12 229
19 12 230
19 12 231
19 12 232
19 12 233
19 12 234
19 12 235
19 12 236
19 12 237
19 12 238
19 12 239
19 12 240
19 12 241
19 12 242
19 12 243
19 12 244
19 12 245
19 12 246
19 12 247
19 12 248
19 12 249
19 12 250
19 12 251
19 12 252
19 12 253
19 12 254
19 12 255
19 12 256
19 12 257
19 12 258
19 12 259
19 12 260
19 12 261
19 12 262
19 12 263
19 12 264
19 12 265
19 12 266
19 12 267
19 12 268
19 12 269
19 12 270
19 12 271
19 12 272
19 12 273
19 12 274
19 12 275
19 12 276
19 12 277
19 12 278
19 12 279
19 12 280
19 12 281
19 12 282
19 12 283
19 12 284
19 12 285
19 12 286
19 12 287
19 12 288
19 12 289
19 12 290
19 12 291
19 12 292
19 12 293
19 12 294
19 12 295
19 12 296
19 12 297
19 12 298
19 12 299
19 12 300
19 12 301
19 12 302
19 12 303
19 12 304
19 12 305
19 12 306
19 12 307
