19 15 1
19 15 2
19 15 3
19 15 4
19 15 5
19 15 6
19 15 7
19 15 8
19 15 9
19 15 10
19 15 11
19 15 12
19 15 13
19 15 14
19 15 15
19 15 16
19 15 17
19 15 18
19 15 19
19 15 20
19 15 21
19 15 22
19 15 23
19 15 24
19 15 25
19 15 26
19 15 27
19 15 28
19 15 29
19 15 30
19 15 31
19 15 32
19 15 33
19 15 34
19 15 35
19 15 36
19 15 37
19 15 38
19 15 39
19 15 40
19 15 41
19 15 42
19 15 43
19 15 44
19 15 45
19 15 46
19 15 47
19 15 48
19 15 49
19 15 50
19 15 51
19 15 52
19 15 53
19 15 54
19 15 55
19 15 56
19 15 57
19 15 58
19 15 59
19 15 60
19 15 61
19 15 62
19 15 63
19 15 64
19 15 65
19 15 66
19 15 67
19 15 68
19 15 69
19 15 70
19 15 71
19 15 72
19 15 73
19 15 74
19 15 75
19 15 76
19 15 77
19 15 78
19 15 79
19 15 80
19 15 81
19 15 82
19 15 83
19 15 84
19 15 85
19 15 86
19 15 87
19 15 88
19 15 89
19 15 90
19 15 91
19 15 92
19 15 93
19 15 94
19 15 95
19 15 96
19 15 97
19 15 98
19 15 99
19 15 100
19 15 101
19 15 102
19 15 103
19 15 104
19 15 105
19 15 106
19 15 107
19 15 108
19 15 109
19 15 110
19 15 111
19 15 112
19 15 113
19 15 114
19 15 115
19 15 116
19 15 117
19 15 118
19 15 119
19 15 120
19 15 121
19 15 122
19 15 123
19 15 124
19 15 125
19 15 126
19 15 127
19 15 128
19 15 129
19 15 130
19 15 131
19 15 132
19 15 133
19 15 134
19 15 135
19 15 136
19 15 137
19 15 138
19 15 139
19 15 140
19 15 141
19 15 142
19 15 143
19 15 144
19 15 145
19 15 146
19 15 147
19 15 148
19 15 149
19 15 150
19 15 151
19 15 152
19 15 153
19 15 154
19 15 155
19 15 156
19 15 157
19 15 158
19 15 159
19 15 160
19 15 161
19 15 162
19 15 163
19 15 164
19 15 165
19 15 166
19 15 167
19 15 168
19 15 169
19 15 170
19 15 171
19 15 172
19 15 173
19 15 174
19 15 175
19 15 176
19 15 177
19 15 178
19 15 179
19 15 180
19 15 181
19 15 182
19 15 183
19 15 184
19 15 185
19 15 186
19 15 187
19 15 188
19 15 189
19 15 190
19 15 191
19 15 192
19 15 193
19 15 194
19 15 195
19 15 196
19 15 197
19 15 198
19 15 199
19 15 200
19 15 201
19 15 202
19 15 203
19 15 204
19 15 205
19 15 206
19 15 207
19 15 208
19 15 209
19 15 210
19 15 211
19 15 212
19 15 213
19 15 214
19 15 215
19 15 216
19 15 217
19 15 218
19 15 219
19 15 220
19 15 221
19 15 222
19 15 223
19 15 224
19 15 225
19 15 226
19 15 227
19 15 228
19 15 229
19 15 230
19 15 231
19 15 232
19 15 233
19 15 234
19 15 235
19 15 236
19 15 237
19 15 238
19 15 239
19 15 240
19 15 241
19 15 242
19 15 243
19 15 244
19 15 245
19 15 246
19 15 247
19 15 248
19 15 249
19 15 250
19 15 251
19 15 252
19 15 253
19 15 254
19 15 255
19 15 256
19 15 257
19 15 258
19 15 259
19 15 260
19 15 261
19 15 262
19 15 263
19 15 264
19 15 265
19 15 266
19 15 267
19 15 268
19 15 269
19 15 270
19 15 271
19 15 272
19 15 273
19 15 274
19 15 275
19 15 276
19 15 277
19 15 278
19 15 279
19 15 280
19 15 281
19 15 282
19 15 283
19 15 284
19 15 285
19 15 286
19 15 287
19 15 288
19 15 289
19 15 290
19 15 291
19 15 292
19 15 293
19 15 294
19 15 295
19 15 296
19 15 297
19 15 298
19 15 299
19 15 300
19 15 301
19 15 302
19 15 303
19 15 304
19 15 305
19 15 306
19 15 307
