76 88 1
77 88 1
78 88 1
79 88 1
80 88 1
81 88 1
82 88 1
83 88 1
84 88 1
85 88 1
86 88 1
87 88 1
76 89 2
77 89 2
78 89 2
79 89 2
80 89 2
81 89 2
82 89 2
83 89 2
84 89 2
85 89 2
86 89 2
87 89 2
76 90 3
77 90 3
78 90 3
79 90 3
80 90 3
81 90 3
82 90 3
83 90 3
84 90 3
85 90 3
86 90 3
87 90 3
76 91 4
77 91 4
78 91 4
79 91 4
80 91 4
81 91 4
82 91 4
83 91 4
84 91 4
85 91 4
86 91 4
87 91 4
76 92 5
77 92 5
78 92 5
79 92 5
80 92 5
81 92 5
82 92 5
83 92 5
84 92 5
85 92 5
86 92 5
87 92 5
76 93 6
77 93 6
78 93 6
79 93 6
80 93 6
81 93 6
82 93 6
83 93 6
84 93 6
85 93 6
86 93 6
87 93 6
76 88 7
77 88 7
78 88 7
79 88 7
80 88 7
81 88 7
82 88 7
83 88 7
84 88 7
85 88 7
86 88 7
87 88 7
76 89 8
77 89 8
78 89 8
79 89 8
80 89 8
81 89 8
82 89 8
83 89 8
84 89 8
85 89 8
86 89 8
87 89 8
76 90 9
77 90 9
78 90 9
79 90 9
80 90 9
81 90 9
82 90 9
83 90 9
84 90 9
85 90 9
86 90 9
87 90 9
76 91 10
77 91 10
78 91 10
79 91 10
80 91 10
81 91 10
82 91 10
83 91 10
84 91 10
85 91 10
86 91 10
87 91 10
76 92 11
77 92 11
78 92 11
79 92 11
80 92 11
81 92 11
82 92 11
83 92 11
84 92 11
85 92 11
86 92 11
87 92 11
76 93 12
77 93 12
78 93 12
79 93 12
80 93 12
81 93 12
82 93 12
83 93 12
84 93 12
85 93 12
86 93 12
87 93 12
76 88 13
77 88 13
78 88 13
79 88 13
80 88 13
81 88 13
82 88 13
83 88 13
84 88 13
85 88 13
86 88 13
87 88 13
76 89 14
77 89 14
78 89 14
79 89 14
80 89 14
81 89 14
82 89 14
83 89 14
84 89 14
85 89 14
86 89 14
87 89 14
76 90 15
77 90 15
78 90 15
79 90 15
80 90 15
81 90 15
82 90 15
83 90 15
84 90 15
85 90 15
86 90 15
87 90 15
76 91 16
77 91 16
78 91 16
79 91 16
80 91 16
81 91 16
82 91 16
83 91 16
84 91 16
85 91 16
86 91 16
87 91 16
76 92 17
77 92 17
78 92 17
79 92 17
80 92 17
81 92 17
82 92 17
83 92 17
84 92 17
85 92 17
86 92 17
87 92 17
76 93 18
77 93 18
78 93 18
79 93 18
80 93 18
81 93 18
82 93 18
83 93 18
84 93 18
85 93 18
86 93 18
87 93 18
76 88 19
77 88 19
78 88 19
79 88 19
80 88 19
81 88 19
82 88 19
83 88 19
84 88 19
85 88 19
86 88 19
87 88 19
76 89 20
77 89 20
78 89 20
79 89 20
80 89 20
81 89 20
82 89 20
83 89 20
84 89 20
85 89 20
86 89 20
87 89 20
76 90 21
77 90 21
78 90 21
79 90 21
80 90 21
81 90 21
82 90 21
83 90 21
84 90 21
85 90 21
86 90 21
87 90 21
76 91 22
77 91 22
78 91 22
79 91 22
80 91 22
81 91 22
82 91 22
83 91 22
84 91 22
85 91 22
86 91 22
87 91 22
76 92 23
77 92 23
78 92 23
79 92 23
80 92 23
81 92 23
82 92 23
83 92 23
84 92 23
85 92 23
86 92 23
87 92 23
76 93 24
77 93 24
78 93 24
79 93 24
80 93 24
81 93 24
82 93 24
83 93 24
84 93 24
85 93 24
86 93 24
87 93 24
76 88 25
77 88 25
78 88 25
79 88 25
80 88 25
81 88 25
82 88 25
83 88 25
84 88 25
85 88 25
86 88 25
87 88 25
76 89 26
77 89 26
78 89 26
79 89 26
80 89 26
81 89 26
82 89 26
83 89 26
84 89 26
85 89 26
86 89 26
87 89 26
76 90 27
77 90 27
78 90 27
79 90 27
80 90 27
81 90 27
82 90 27
83 90 27
84 90 27
85 90 27
86 90 27
87 90 27
76 91 28
77 91 28
78 91 28
79 91 28
80 91 28
81 91 28
82 91 28
83 91 28
84 91 28
85 91 28
86 91 28
87 91 28
76 92 29
77 92 29
78 92 29
79 92 29
80 92 29
81 92 29
82 92 29
83 92 29
84 92 29
85 92 29
86 92 29
87 92 29
76 93 30
77 93 30
78 93 30
79 93 30
80 93 30
81 93 30
82 93 30
83 93 30
84 93 30
85 93 30
86 93 30
87 93 30
76 88 31
77 88 31
78 88 31
79 88 31
80 88 31
81 88 31
82 88 31
83 88 31
84 88 31
85 88 31
86 88 31
87 88 31
76 89 32
77 89 32
78 89 32
79 89 32
80 89 32
81 89 32
82 89 32
83 89 32
84 89 32
85 89 32
86 89 32
87 89 32
76 90 33
77 90 33
78 90 33
79 90 33
80 90 33
81 90 33
82 90 33
83 90 33
84 90 33
85 90 33
86 90 33
87 90 33
76 91 34
77 91 34
78 91 34
79 91 34
80 91 34
81 91 34
82 91 34
83 91 34
84 91 34
85 91 34
86 91 34
87 91 34
76 92 35
77 92 35
78 92 35
79 92 35
80 92 35
81 92 35
82 92 35
83 92 35
84 92 35
85 92 35
86 92 35
87 92 35
76 93 36
77 93 36
78 93 36
79 93 36
80 93 36
81 93 36
82 93 36
83 93 36
84 93 36
85 93 36
86 93 36
87 93 36
76 88 37
77 88 37
78 88 37
79 88 37
80 88 37
81 88 37
82 88 37
83 88 37
84 88 37
85 88 37
86 88 37
87 88 37
76 89 38
77 89 38
78 89 38
79 89 38
80 89 38
81 89 38
82 89 38
83 89 38
84 89 38
85 89 38
86 89 38
87 89 38
76 90 39
77 90 39
78 90 39
79 90 39
80 90 39
81 90 39
82 90 39
83 90 39
84 90 39
85 90 39
86 90 39
87 90 39
76 91 40
77 91 40
78 91 40
79 91 40
80 91 40
81 91 40
82 91 40
83 91 40
84 91 40
85 91 40
86 91 40
87 91 40
76 92 41
77 92 41
78 92 41
79 92 41
80 92 41
81 92 41
82 92 41
83 92 41
84 92 41
85 92 41
86 92 41
87 92 41
76 93 42
77 93 42
78 93 42
79 93 42
80 93 42
81 93 42
82 93 42
83 93 42
84 93 42
85 93 42
86 93 42
87 93 42
76 88 43
77 88 43
78 88 43
79 88 43
80 88 43
81 88 43
82 88 43
83 88 43
84 88 43
85 88 43
86 88 43
87 88 43
76 89 44
77 89 44
78 89 44
79 89 44
80 89 44
81 89 44
82 89 44
83 89 44
84 89 44
85 89 44
86 89 44
87 89 44
76 90 45
77 90 45
78 90 45
79 90 45
80 90 45
81 90 45
82 90 45
83 90 45
84 90 45
85 90 45
86 90 45
87 90 45
76 91 46
77 91 46
78 91 46
79 91 46
80 91 46
81 91 46
82 91 46
83 91 46
84 91 46
85 91 46
86 91 46
87 91 46
76 92 47
77 92 47
78 92 47
79 92 47
80 92 47
81 92 47
82 92 47
83 92 47
84 92 47
85 92 47
86 92 47
87 92 47
76 93 48
77 93 48
78 93 48
79 93 48
80 93 48
81 93 48
82 93 48
83 93 48
84 93 48
85 93 48
86 93 48
87 93 48
76 88 49
77 88 49
78 88 49
79 88 49
80 88 49
81 88 49
82 88 49
83 88 49
84 88 49
85 88 49
86 88 49
87 88 49
76 89 50
77 89 50
78 89 50
79 89 50
80 89 50
81 89 50
82 89 50
83 89 50
84 89 50
85 89 50
86 89 50
87 89 50
76 90 51
77 90 51
78 90 51
79 90 51
80 90 51
81 90 51
82 90 51
83 90 51
84 90 51
85 90 51
86 90 51
87 90 51
76 91 52
77 91 52
78 91 52
79 91 52
80 91 52
81 91 52
82 91 52
83 91 52
84 91 52
85 91 52
86 91 52
87 91 52
76 92 53
77 92 53
78 92 53
79 92 53
80 92 53
81 92 53
82 92 53
83 92 53
84 92 53
85 92 53
86 92 53
87 92 53
76 93 54
77 93 54
78 93 54
79 93 54
80 93 54
81 93 54
82 93 54
83 93 54
84 93 54
85 93 54
86 93 54
87 93 54
76 88 55
77 88 55
78 88 55
79 88 55
80 88 55
81 88 55
82 88 55
83 88 55
84 88 55
85 88 55
86 88 55
87 88 55
76 89 56
77 89 56
78 89 56
79 89 56
80 89 56
81 89 56
82 89 56
83 89 56
84 89 56
85 89 56
86 89 56
87 89 56
76 90 57
77 90 57
78 90 57
79 90 57
80 90 57
81 90 57
82 90 57
83 90 57
84 90 57
85 90 57
86 90 57
87 90 57
76 91 58
77 91 58
78 91 58
79 91 58
80 91 58
81 91 58
82 91 58
83 91 58
84 91 58
85 91 58
86 91 58
87 91 58
76 92 59
77 92 59
78 92 59
79 92 59
80 92 59
81 92 59
82 92 59
83 92 59
84 92 59
85 92 59
86 92 59
87 92 59
76 93 60
77 93 60
78 93 60
79 93 60
80 93 60
81 93 60
82 93 60
83 93 60
84 93 60
85 93 60
86 93 60
87 93 60
