16 28 1
17 28 1
18 28 1
19 28 1
20 28 1
21 28 1
22 28 1
23 28 1
24 28 1
25 28 1
26 28 1
27 28 1
16 29 2
17 29 2
18 29 2
19 29 2
20 29 2
21 29 2
22 29 2
23 29 2
24 29 2
25 29 2
26 29 2
27 29 2
16 30 3
17 30 3
18 30 3
19 30 3
20 30 3
21 30 3
22 30 3
23 30 3
24 30 3
25 30 3
26 30 3
27 30 3
16 31 4
17 31 4
18 31 4
19 31 4
20 31 4
21 31 4
22 31 4
23 31 4
24 31 4
25 31 4
26 31 4
27 31 4
16 32 5
17 32 5
18 32 5
19 32 5
20 32 5
21 32 5
22 32 5
23 32 5
24 32 5
25 32 5
26 32 5
27 32 5
16 33 6
17 33 6
18 33 6
19 33 6
20 33 6
21 33 6
22 33 6
23 33 6
24 33 6
25 33 6
26 33 6
27 33 6
16 28 7
17 28 7
18 28 7
19 28 7
20 28 7
21 28 7
22 28 7
23 28 7
24 28 7
25 28 7
26 28 7
27 28 7
16 29 8
17 29 8
18 29 8
19 29 8
20 29 8
21 29 8
22 29 8
23 29 8
24 29 8
25 29 8
26 29 8
27 29 8
16 30 9
17 30 9
18 30 9
19 30 9
20 30 9
21 30 9
22 30 9
23 30 9
24 30 9
25 30 9
26 30 9
27 30 9
16 31 10
17 31 10
18 31 10
19 31 10
20 31 10
21 31 10
22 31 10
23 31 10
24 31 10
25 31 10
26 31 10
27 31 10
16 32 11
17 32 11
18 32 11
19 32 11
20 32 11
21 32 11
22 32 11
23 32 11
24 32 11
25 32 11
26 32 11
27 32 11
16 33 12
17 33 12
18 33 12
19 33 12
20 33 12
21 33 12
22 33 12
23 33 12
24 33 12
25 33 12
26 33 12
27 33 12
16 28 13
17 28 13
18 28 13
19 28 13
20 28 13
21 28 13
22 28 13
23 28 13
24 28 13
25 28 13
26 28 13
27 28 13
16 29 14
17 29 14
18 29 14
19 29 14
20 29 14
21 29 14
22 29 14
23 29 14
24 29 14
25 29 14
26 29 14
27 29 14
16 30 15
17 30 15
18 30 15
19 30 15
20 30 15
21 30 15
22 30 15
23 30 15
24 30 15
25 30 15
26 30 15
27 30 15
16 31 16
17 31 16
18 31 16
19 31 16
20 31 16
21 31 16
22 31 16
23 31 16
24 31 16
25 31 16
26 31 16
27 31 16
16 32 17
17 32 17
18 32 17
19 32 17
20 32 17
21 32 17
22 32 17
23 32 17
24 32 17
25 32 17
26 32 17
27 32 17
16 33 18
17 33 18
18 33 18
19 33 18
20 33 18
21 33 18
22 33 18
23 33 18
24 33 18
25 33 18
26 33 18
27 33 18
16 28 19
17 28 19
18 28 19
19 28 19
20 28 19
21 28 19
22 28 19
23 28 19
24 28 19
25 28 19
26 28 19
27 28 19
16 29 20
17 29 20
18 29 20
19 29 20
20 29 20
21 29 20
22 29 20
23 29 20
24 29 20
25 29 20
26 29 20
27 29 20
16 30 21
17 30 21
18 30 21
19 30 21
20 30 21
21 30 21
22 30 21
23 30 21
24 30 21
25 30 21
26 30 21
27 30 21
16 31 22
17 31 22
18 31 22
19 31 22
20 31 22
21 31 22
22 31 22
23 31 22
24 31 22
25 31 22
26 31 22
27 31 22
16 32 23
17 32 23
18 32 23
19 32 23
20 32 23
21 32 23
22 32 23
23 32 23
24 32 23
25 32 23
26 32 23
27 32 23
16 33 24
17 33 24
18 33 24
19 33 24
20 33 24
21 33 24
22 33 24
23 33 24
24 33 24
25 33 24
26 33 24
27 33 24
16 28 25
17 28 25
18 28 25
19 28 25
20 28 25
21 28 25
22 28 25
23 28 25
24 28 25
25 28 25
26 28 25
27 28 25
16 29 26
17 29 26
18 29 26
19 29 26
20 29 26
21 29 26
22 29 26
23 29 26
24 29 26
25 29 26
26 29 26
27 29 26
16 30 27
17 30 27
18 30 27
19 30 27
20 30 27
21 30 27
22 30 27
23 30 27
24 30 27
25 30 27
26 30 27
27 30 27
16 31 28
17 31 28
18 31 28
19 31 28
20 31 28
21 31 28
22 31 28
23 31 28
24 31 28
25 31 28
26 31 28
27 31 28
16 32 29
17 32 29
18 32 29
19 32 29
20 32 29
21 32 29
22 32 29
23 32 29
24 32 29
25 32 29
26 32 29
27 32 29
16 33 30
17 33 30
18 33 30
19 33 30
20 33 30
21 33 30
22 33 30
23 33 30
24 33 30
25 33 30
26 33 30
27 33 30
16 28 31
17 28 31
18 28 31
19 28 31
20 28 31
21 28 31
22 28 31
23 28 31
24 28 31
25 28 31
26 28 31
27 28 31
16 29 32
17 29 32
18 29 32
19 29 32
20 29 32
21 29 32
22 29 32
23 29 32
24 29 32
25 29 32
26 29 32
27 29 32
16 30 33
17 30 33
18 30 33
19 30 33
20 30 33
21 30 33
22 30 33
23 30 33
24 30 33
25 30 33
26 30 33
27 30 33
16 31 34
17 31 34
18 31 34
19 31 34
20 31 34
21 31 34
22 31 34
23 31 34
24 31 34
25 31 34
26 31 34
27 31 34
16 32 35
17 32 35
18 32 35
19 32 35
20 32 35
21 32 35
22 32 35
23 32 35
24 32 35
25 32 35
26 32 35
27 32 35
16 33 36
17 33 36
18 33 36
19 33 36
20 33 36
21 33 36
22 33 36
23 33 36
24 33 36
25 33 36
26 33 36
27 33 36
16 28 37
17 28 37
18 28 37
19 28 37
20 28 37
21 28 37
22 28 37
23 28 37
24 28 37
25 28 37
26 28 37
27 28 37
16 29 38
17 29 38
18 29 38
19 29 38
20 29 38
21 29 38
22 29 38
23 29 38
24 29 38
25 29 38
26 29 38
27 29 38
16 30 39
17 30 39
18 30 39
19 30 39
20 30 39
21 30 39
22 30 39
23 30 39
24 30 39
25 30 39
26 30 39
27 30 39
16 31 40
17 31 40
18 31 40
19 31 40
20 31 40
21 31 40
22 31 40
23 31 40
24 31 40
25 31 40
26 31 40
27 31 40
16 32 41
17 32 41
18 32 41
19 32 41
20 32 41
21 32 41
22 32 41
23 32 41
24 32 41
25 32 41
26 32 41
27 32 41
16 33 42
17 33 42
18 33 42
19 33 42
20 33 42
21 33 42
22 33 42
23 33 42
24 33 42
25 33 42
26 33 42
27 33 42
16 28 43
17 28 43
18 28 43
19 28 43
20 28 43
21 28 43
22 28 43
23 28 43
24 28 43
25 28 43
26 28 43
27 28 43
16 29 44
17 29 44
18 29 44
19 29 44
20 29 44
21 29 44
22 29 44
23 29 44
24 29 44
25 29 44
26 29 44
27 29 44
16 30 45
17 30 45
18 30 45
19 30 45
20 30 45
21 30 45
22 30 45
23 30 45
24 30 45
25 30 45
26 30 45
27 30 45
16 31 46
17 31 46
18 31 46
19 31 46
20 31 46
21 31 46
22 31 46
23 31 46
24 31 46
25 31 46
26 31 46
27 31 46
16 32 47
17 32 47
18 32 47
19 32 47
20 32 47
21 32 47
22 32 47
23 32 47
24 32 47
25 32 47
26 32 47
27 32 47
16 33 48
17 33 48
18 33 48
19 33 48
20 33 48
21 33 48
22 33 48
23 33 48
24 33 48
25 33 48
26 33 48
27 33 48
16 28 49
17 28 49
18 28 49
19 28 49
20 28 49
21 28 49
22 28 49
23 28 49
24 28 49
25 28 49
26 28 49
27 28 49
16 29 50
17 29 50
18 29 50
19 29 50
20 29 50
21 29 50
22 29 50
23 29 50
24 29 50
25 29 50
26 29 50
27 29 50
16 30 51
17 30 51
18 30 51
19 30 51
20 30 51
21 30 51
22 30 51
23 30 51
24 30 51
25 30 51
26 30 51
27 30 51
16 31 52
17 31 52
18 31 52
19 31 52
20 31 52
21 31 52
22 31 52
23 31 52
24 31 52
25 31 52
26 31 52
27 31 52
16 32 53
17 32 53
18 32 53
19 32 53
20 32 53
21 32 53
22 32 53
23 32 53
24 32 53
25 32 53
26 32 53
27 32 53
16 33 54
17 33 54
18 33 54
19 33 54
20 33 54
21 33 54
22 33 54
23 33 54
24 33 54
25 33 54
26 33 54
27 33 54
16 28 55
17 28 55
18 28 55
19 28 55
20 28 55
21 28 55
22 28 55
23 28 55
24 28 55
25 28 55
26 28 55
27 28 55
16 29 56
17 29 56
18 29 56
19 29 56
20 29 56
21 29 56
22 29 56
23 29 56
24 29 56
25 29 56
26 29 56
27 29 56
16 30 57
17 30 57
18 30 57
19 30 57
20 30 57
21 30 57
22 30 57
23 30 57
24 30 57
25 30 57
26 30 57
27 30 57
16 31 58
17 31 58
18 31 58
19 31 58
20 31 58
21 31 58
22 31 58
23 31 58
24 31 58
25 31 58
26 31 58
27 31 58
16 32 59
17 32 59
18 32 59
19 32 59
20 32 59
21 32 59
22 32 59
23 32 59
24 32 59
25 32 59
26 32 59
27 32 59
16 33 60
17 33 60
18 33 60
19 33 60
20 33 60
21 33 60
22 33 60
23 33 60
24 33 60
25 33 60
26 33 60
27 33 60
