7 10 1
8 10 1
9 10 1
7 11 2
8 11 2
9 11 2
7 12 3
8 12 3
9 12 3
7 13 4
8 13 4
9 13 4
7 14 5
8 14 5
9 14 5
7 15 6
8 15 6
9 15 6
7 16 7
8 16 7
9 16 7
7 17 8
8 17 8
9 17 8
7 18 9
8 18 9
9 18 9
7 19 10
8 19 10
9 19 10
7 20 11
8 20 11
9 20 11
7 21 12
8 21 12
9 21 12
7 10 13
8 10 13
9 10 13
7 11 14
8 11 14
9 11 14
7 12 15
8 12 15
9 12 15
7 13 16
8 13 16
9 13 16
7 14 17
8 14 17
9 14 17
7 15 18
8 15 18
9 15 18
7 16 19
8 16 19
9 16 19
7 17 20
8 17 20
9 17 20
7 18 21
8 18 21
9 18 21
7 19 22
8 19 22
9 19 22
7 20 23
8 20 23
9 20 23
7 21 24
8 21 24
9 21 24
7 10 25
8 10 25
9 10 25
7 11 26
8 11 26
9 11 26
7 12 27
8 12 27
9 12 27
7 13 28
8 13 28
9 13 28
7 14 29
8 14 29
9 14 29
7 15 30
8 15 30
9 15 30
7 16 31
8 16 31
9 16 31
7 17 32
8 17 32
9 17 32
7 18 33
8 18 33
9 18 33
7 19 34
8 19 34
9 19 34
7 20 35
8 20 35
9 20 35
7 21 36
8 21 36
9 21 36
