45 48 1
46 48 1
47 48 1
45 49 2
46 49 2
47 49 2
45 50 3
46 50 3
47 50 3
45 51 4
46 51 4
47 51 4
45 52 5
46 52 5
47 52 5
45 53 6
46 53 6
47 53 6
45 54 7
46 54 7
47 54 7
45 55 8
46 55 8
47 55 8
45 56 9
46 56 9
47 56 9
45 57 10
46 57 10
47 57 10
45 58 11
46 58 11
47 58 11
45 59 12
46 59 12
47 59 12
45 48 13
46 48 13
47 48 13
45 49 14
46 49 14
47 49 14
45 50 15
46 50 15
47 50 15
45 51 16
46 51 16
47 51 16
45 52 17
46 52 17
47 52 17
45 53 18
46 53 18
47 53 18
45 54 19
46 54 19
47 54 19
45 55 20
46 55 20
47 55 20
45 56 21
46 56 21
47 56 21
45 57 22
46 57 22
47 57 22
45 58 23
46 58 23
47 58 23
45 59 24
46 59 24
47 59 24
45 48 25
46 48 25
47 48 25
45 49 26
46 49 26
47 49 26
45 50 27
46 50 27
47 50 27
45 51 28
46 51 28
47 51 28
45 52 29
46 52 29
47 52 29
45 53 30
46 53 30
47 53 30
45 54 31
46 54 31
47 54 31
45 55 32
46 55 32
47 55 32
45 56 33
46 56 33
47 56 33
45 57 34
46 57 34
47 57 34
45 58 35
46 58 35
47 58 35
45 59 36
46 59 36
47 59 36
