83 86 1
84 86 1
85 86 1
83 87 2
84 87 2
85 87 2
83 88 3
84 88 3
85 88 3
83 89 4
84 89 4
85 89 4
83 90 5
84 90 5
85 90 5
83 91 6
84 91 6
85 91 6
83 92 7
84 92 7
85 92 7
83 93 8
84 93 8
85 93 8
83 94 9
84 94 9
85 94 9
83 95 10
84 95 10
85 95 10
83 96 11
84 96 11
85 96 11
83 97 12
84 97 12
85 97 12
83 86 13
84 86 13
85 86 13
83 87 14
84 87 14
85 87 14
83 88 15
84 88 15
85 88 15
83 89 16
84 89 16
85 89 16
83 90 17
84 90 17
85 90 17
83 91 18
84 91 18
85 91 18
83 92 19
84 92 19
85 92 19
83 93 20
84 93 20
85 93 20
83 94 21
84 94 21
85 94 21
83 95 22
84 95 22
85 95 22
83 96 23
84 96 23
85 96 23
83 97 24
84 97 24
85 97 24
83 86 25
84 86 25
85 86 25
83 87 26
84 87 26
85 87 26
83 88 27
84 88 27
85 88 27
83 89 28
84 89 28
85 89 28
83 90 29
84 90 29
85 90 29
83 91 30
84 91 30
85 91 30
83 92 31
84 92 31
85 92 31
83 93 32
84 93 32
85 93 32
83 94 33
84 94 33
85 94 33
83 95 34
84 95 34
85 95 34
83 96 35
84 96 35
85 96 35
83 97 36
84 97 36
85 97 36
