5 10 1
6 10 1
7 10 1
8 10 1
9 10 1
5 11 2
6 11 2
7 11 2
8 11 2
9 11 2
10 11 2
5 12 3
6 12 3
7 12 3
8 12 3
9 12 3
10 12 3
5 13 4
6 13 4
7 13 4
8 13 4
9 13 4
10 13 4
5 14 5
6 14 5
7 14 5
8 14 5
9 14 5
10 14 5
5 10 6
6 10 6
7 10 6
8 10 6
9 10 6
5 11 7
6 11 7
7 11 7
8 11 7
9 11 7
10 11 7
5 12 8
6 12 8
7 12 8
8 12 8
9 12 8
10 12 8
5 13 9
6 13 9
7 13 9
8 13 9
9 13 9
10 13 9
5 14 10
6 14 10
7 14 10
8 14 10
9 14 10
10 14 10
5 10 11
6 10 11
7 10 11
8 10 11
9 10 11
5 11 12
6 11 12
7 11 12
8 11 12
9 11 12
10 11 12
5 12 13
6 12 13
7 12 13
8 12 13
9 12 13
10 12 13
5 13 14
6 13 14
7 13 14
8 13 14
9 13 14
10 13 14
5 14 15
6 14 15
7 14 15
8 14 15
9 14 15
10 14 15
5 10 16
6 10 16
7 10 16
8 10 16
9 10 16
5 11 17
6 11 17
7 11 17
8 11 17
9 11 17
10 11 17
5 12 18
6 12 18
7 12 18
8 12 18
9 12 18
10 12 18
5 13 19
6 13 19
7 13 19
8 13 19
9 13 19
10 13 19
5 14 20
6 14 20
7 14 20
8 14 20
9 14 20
10 14 20
5 10 21
6 10 21
7 10 21
8 10 21
9 10 21
5 11 22
6 11 22
7 11 22
8 11 22
9 11 22
10 11 22
5 12 23
6 12 23
7 12 23
8 12 23
9 12 23
10 12 23
5 13 24
6 13 24
7 13 24
8 13 24
9 13 24
10 13 24
5 14 25
6 14 25
7 14 25
8 14 25
9 14 25
10 14 25
5 10 26
6 10 26
7 10 26
8 10 26
9 10 26
5 11 27
6 11 27
7 11 27
8 11 27
9 11 27
10 11 27
5 12 28
6 12 28
7 12 28
8 12 28
9 12 28
10 12 28
5 13 29
6 13 29
7 13 29
8 13 29
9 13 29
10 13 29
5 14 30
6 14 30
7 14 30
8 14 30
9 14 30
10 14 30
5 10 31
6 10 31
7 10 31
8 10 31
9 10 31
5 11 32
6 11 32
7 11 32
8 11 32
9 11 32
10 11 32
5 12 33
6 12 33
7 12 33
8 12 33
9 12 33
10 12 33
5 13 34
6 13 34
7 13 34
8 13 34
9 13 34
10 13 34
5 14 35
6 14 35
7 14 35
8 14 35
9 14 35
10 14 35
5 10 36
6 10 36
7 10 36
8 10 36
9 10 36
5 11 37
6 11 37
7 11 37
8 11 37
9 11 37
10 11 37
5 12 38
6 12 38
7 12 38
8 12 38
9 12 38
10 12 38
5 13 39
6 13 39
7 13 39
8 13 39
9 13 39
10 13 39
5 14 40
6 14 40
7 14 40
8 14 40
9 14 40
10 14 40
5 10 41
6 10 41
7 10 41
8 10 41
9 10 41
5 11 42
6 11 42
7 11 42
8 11 42
9 11 42
10 11 42
5 12 43
6 12 43
7 12 43
8 12 43
9 12 43
10 12 43
5 13 44
6 13 44
7 13 44
8 13 44
9 13 44
10 13 44
5 14 45
6 14 45
7 14 45
8 14 45
9 14 45
10 14 45
5 10 46
6 10 46
7 10 46
8 10 46
9 10 46
5 11 47
6 11 47
7 11 47
8 11 47
9 11 47
10 11 47
5 12 48
6 12 48
7 12 48
8 12 48
9 12 48
10 12 48
5 13 49
6 13 49
7 13 49
8 13 49
9 13 49
10 13 49
5 14 50
6 14 50
7 14 50
8 14 50
9 14 50
10 14 50
5 10 51
6 10 51
7 10 51
8 10 51
9 10 51
5 11 52
6 11 52
7 11 52
8 11 52
9 11 52
10 11 52
5 12 53
6 12 53
7 12 53
8 12 53
9 12 53
10 12 53
5 13 54
6 13 54
7 13 54
8 13 54
9 13 54
10 13 54
5 14 55
6 14 55
7 14 55
8 14 55
9 14 55
10 14 55
5 10 56
6 10 56
7 10 56
8 10 56
9 10 56
5 11 57
6 11 57
7 11 57
8 11 57
9 11 57
10 11 57
5 12 58
6 12 58
7 12 58
8 12 58
9 12 58
10 12 58
5 13 59
6 13 59
7 13 59
8 13 59
9 13 59
10 13 59
5 14 60
6 14 60
7 14 60
8 14 60
9 14 60
10 14 60
5 10 61
6 10 61
7 10 61
8 10 61
9 10 61
5 11 62
6 11 62
7 11 62
8 11 62
9 11 62
10 11 62
5 12 63
6 12 63
7 12 63
8 12 63
9 12 63
10 12 63
5 13 64
6 13 64
7 13 64
8 13 64
9 13 64
10 13 64
5 14 65
6 14 65
7 14 65
8 14 65
9 14 65
10 14 65
5 10 66
6 10 66
7 10 66
8 10 66
9 10 66
5 11 67
6 11 67
7 11 67
8 11 67
9 11 67
10 11 67
5 12 68
6 12 68
7 12 68
8 12 68
9 12 68
10 12 68
5 13 69
6 13 69
7 13 69
8 13 69
9 13 69
10 13 69
5 14 70
6 14 70
7 14 70
8 14 70
9 14 70
10 14 70
5 10 71
6 10 71
7 10 71
8 10 71
9 10 71
5 11 72
6 11 72
7 11 72
8 11 72
9 11 72
10 11 72
5 12 73
6 12 73
7 12 73
8 12 73
9 12 73
10 12 73
5 13 74
6 13 74
7 13 74
8 13 74
9 13 74
10 13 74
5 14 75
6 14 75
7 14 75
8 14 75
9 14 75
10 14 75
5 10 76
6 10 76
7 10 76
8 10 76
9 10 76
5 11 77
6 11 77
7 11 77
8 11 77
9 11 77
10 11 77
5 12 78
6 12 78
7 12 78
8 12 78
9 12 78
10 12 78
5 13 79
6 13 79
7 13 79
8 13 79
9 13 79
10 13 79
5 14 80
6 14 80
7 14 80
8 14 80
9 14 80
10 14 80
5 10 81
6 10 81
7 10 81
8 10 81
9 10 81
5 11 82
6 11 82
7 11 82
8 11 82
9 11 82
10 11 82
5 12 83
6 12 83
7 12 83
8 12 83
9 12 83
10 12 83
5 13 84
6 13 84
7 13 84
8 13 84
9 13 84
10 13 84
5 14 85
6 14 85
7 14 85
8 14 85
9 14 85
10 14 85
5 10 86
6 10 86
7 10 86
8 10 86
9 10 86
5 11 87
6 11 87
7 11 87
8 11 87
9 11 87
10 11 87
5 12 88
6 12 88
7 12 88
8 12 88
9 12 88
10 12 88
5 13 89
6 13 89
7 13 89
8 13 89
9 13 89
10 13 89
5 14 90
6 14 90
7 14 90
8 14 90
9 14 90
10 14 90
5 10 91
6 10 91
7 10 91
8 10 91
9 10 91
5 11 92
6 11 92
7 11 92
8 11 92
9 11 92
10 11 92
5 12 93
6 12 93
7 12 93
8 12 93
9 12 93
10 12 93
5 13 94
6 13 94
7 13 94
8 13 94
9 13 94
10 13 94
5 14 95
6 14 95
7 14 95
8 14 95
9 14 95
10 14 95
