13 4 1
13 4 2
13 4 3
13 4 4
13 4 5
13 4 6
13 4 7
13 4 8
13 4 9
13 4 10
13 4 11
13 4 12
13 4 13
13 4 14
13 4 15
13 4 16
13 4 17
13 4 18
13 4 19
13 4 20
13 4 21
13 4 22
13 4 23
13 4 24
13 4 25
13 4 26
13 4 27
13 4 28
13 4 29
13 4 30
13 4 31
13 4 32
13 4 33
13 4 34
13 4 35
13 4 36
13 4 37
13 4 38
13 4 39
13 4 40
13 4 41
13 4 42
13 4 43
13 4 44
13 4 45
13 4 46
13 4 47
13 4 48
13 4 49
13 4 50
13 4 51
13 4 52
13 4 53
13 4 54
13 4 55
13 4 56
13 4 57
13 4 58
13 4 59
13 4 60
13 4 61
13 4 62
13 4 63
13 4 64
13 4 65
13 4 66
13 4 67
13 4 68
13 4 69
13 4 70
13 4 71
13 4 72
13 4 73
13 4 74
13 4 75
13 4 76
13 4 77
13 4 78
13 4 79
13 4 80
13 4 81
13 4 82
13 4 83
13 4 84
13 4 85
13 4 86
13 4 87
13 4 88
13 4 89
13 4 90
13 4 91
13 4 92
13 4 93
13 4 94
13 4 95
13 4 96
13 4 97
13 4 98
13 4 99
13 4 100
13 4 101
13 4 102
13 4 103
13 4 104
13 4 105
13 4 106
13 4 107
13 4 108
13 4 109
13 4 110
13 4 111
13 4 112
13 4 113
13 4 114
13 4 115
13 4 116
13 4 117
13 4 118
13 4 119
13 4 120
13 4 121
13 4 122
13 4 123
13 4 124
13 4 125
13 4 126
13 4 127
13 4 128
13 4 129
13 4 130
13 4 131
13 4 132
13 4 133
13 4 134
13 4 135
13 4 136
13 4 137
13 4 138
13 4 139
13 4 140
13 4 141
13 4 142
13 4 143
13 4 144
13 4 145
13 4 146
13 4 147
13 4 148
13 4 149
13 4 150
13 4 151
13 4 152
13 4 153
13 4 154
13 4 155
13 4 156
13 4 157
13 4 158
13 4 159
13 4 160
13 4 161
13 4 162
13 4 163
13 4 164
13 4 165
13 4 166
13 4 167
13 4 168
13 4 169
13 4 170
13 4 171
13 4 172
13 4 173
13 4 174
13 4 175
13 4 176
13 4 177
13 4 178
13 4 179
13 4 180
13 4 181
13 4 182
13 4 183
13 4 184
13 4 185
13 4 186
13 4 187
13 4 188
13 4 189
13 4 190
13 4 191
13 4 192
13 4 193
13 4 194
13 4 195
13 4 196
13 4 197
13 4 198
13 4 199
13 4 200
13 4 201
13 4 202
13 4 203
13 4 204
13 4 205
13 4 206
13 4 207
13 4 208
13 4 209
13 4 210
13 4 211
13 4 212
13 4 213
13 4 214
13 4 215
13 4 216
13 4 217
13 4 218
13 4 219
13 4 220
13 4 221
13 4 222
13 4 223
13 4 224
13 4 225
13 4 226
13 4 227
13 4 228
13 4 229
13 4 230
13 4 231
13 4 232
13 4 233
13 4 234
13 4 235
13 4 236
13 4 237
13 4 238
13 4 239
13 4 240
13 4 241
13 4 242
13 4 243
13 4 244
13 4 245
