13 3 1
13 3 2
13 3 3
13 3 4
13 3 5
13 3 6
13 3 7
13 3 8
13 3 9
13 3 10
13 3 11
13 3 12
13 3 13
13 3 14
13 3 15
13 3 16
13 3 17
13 3 18
13 3 19
13 3 20
13 3 21
13 3 22
13 3 23
13 3 24
13 3 25
13 3 26
13 3 27
13 3 28
13 3 29
13 3 30
13 3 31
13 3 32
13 3 33
13 3 34
13 3 35
13 3 36
13 3 37
13 3 38
13 3 39
13 3 40
13 3 41
13 3 42
13 3 43
13 3 44
13 3 45
13 3 46
13 3 47
13 3 48
13 3 49
13 3 50
13 3 51
13 3 52
13 3 53
13 3 54
13 3 55
13 3 56
13 3 57
13 3 58
13 3 59
13 3 60
13 3 61
13 3 62
13 3 63
13 3 64
13 3 65
13 3 66
13 3 67
13 3 68
13 3 69
13 3 70
13 3 71
13 3 72
13 3 73
13 3 74
13 3 75
13 3 76
13 3 77
13 3 78
13 3 79
13 3 80
13 3 81
13 3 82
13 3 83
13 3 84
13 3 85
13 3 86
13 3 87
13 3 88
13 3 89
13 3 90
13 3 91
13 3 92
13 3 93
13 3 94
13 3 95
13 3 96
13 3 97
13 3 98
13 3 99
13 3 100
13 3 101
13 3 102
13 3 103
13 3 104
13 3 105
13 3 106
13 3 107
13 3 108
13 3 109
13 3 110
13 3 111
13 3 112
13 3 113
13 3 114
13 3 115
13 3 116
13 3 117
13 3 118
13 3 119
13 3 120
13 3 121
13 3 122
13 3 123
13 3 124
13 3 125
13 3 126
13 3 127
13 3 128
13 3 129
13 3 130
13 3 131
13 3 132
13 3 133
13 3 134
13 3 135
13 3 136
13 3 137
13 3 138
13 3 139
13 3 140
13 3 141
13 3 142
13 3 143
13 3 144
13 3 145
13 3 146
13 3 147
13 3 148
13 3 149
13 3 150
13 3 151
13 3 152
13 3 153
13 3 154
13 3 155
13 3 156
13 3 157
13 3 158
13 3 159
13 3 160
13 3 161
13 3 162
13 3 163
13 3 164
13 3 165
13 3 166
13 3 167
13 3 168
13 3 169
13 3 170
13 3 171
13 3 172
13 3 173
13 3 174
13 3 175
13 3 176
13 3 177
13 3 178
13 3 179
13 3 180
13 3 181
13 3 182
13 3 183
13 3 184
13 3 185
13 3 186
13 3 187
13 3 188
13 3 189
13 3 190
13 3 191
13 3 192
13 3 193
13 3 194
13 3 195
13 3 196
13 3 197
13 3 198
13 3 199
13 3 200
13 3 201
13 3 202
13 3 203
13 3 204
13 3 205
13 3 206
13 3 207
13 3 208
13 3 209
13 3 210
13 3 211
13 3 212
13 3 213
13 3 214
13 3 215
13 3 216
13 3 217
13 3 218
13 3 219
13 3 220
13 3 221
13 3 222
13 3 223
13 3 224
13 3 225
13 3 226
13 3 227
13 3 228
13 3 229
13 3 230
13 3 231
13 3 232
13 3 233
13 3 234
13 3 235
13 3 236
13 3 237
13 3 238
13 3 239
13 3 240
13 3 241
13 3 242
13 3 243
13 3 244
13 3 245
