12 11 1
12 11 2
12 11 3
12 11 4
12 11 5
12 11 6
12 11 7
12 11 8
12 11 9
12 11 10
12 11 11
12 11 12
12 11 13
12 11 14
12 11 15
12 11 16
12 11 17
12 11 18
12 11 19
12 11 20
12 11 21
12 11 22
12 11 23
12 11 24
12 11 25
12 11 26
12 11 27
12 11 28
12 11 29
12 11 30
12 11 31
12 11 32
12 11 33
12 11 34
12 11 35
12 11 36
12 11 37
12 11 38
12 11 39
12 11 40
12 11 41
12 11 42
12 11 43
12 11 44
12 11 45
12 11 46
12 11 47
12 11 48
12 11 49
12 11 50
12 11 51
12 11 52
12 11 53
12 11 54
12 11 55
12 11 56
12 11 57
12 11 58
12 11 59
12 11 60
12 11 61
12 11 62
12 11 63
12 11 64
12 11 65
12 11 66
12 11 67
12 11 68
12 11 69
12 11 70
12 11 71
12 11 72
12 11 73
12 11 74
12 11 75
12 11 76
12 11 77
12 11 78
12 11 79
12 11 80
12 11 81
12 11 82
12 11 83
12 11 84
12 11 85
12 11 86
12 11 87
12 11 88
12 11 89
12 11 90
12 11 91
12 11 92
12 11 93
12 11 94
12 11 95
12 11 96
12 11 97
12 11 98
12 11 99
12 11 100
12 11 101
12 11 102
12 11 103
12 11 104
12 11 105
12 11 106
12 11 107
12 11 108
12 11 109
12 11 110
12 11 111
12 11 112
12 11 113
12 11 114
12 11 115
12 11 116
12 11 117
12 11 118
12 11 119
12 11 120
12 11 121
12 11 122
12 11 123
12 11 124
12 11 125
12 11 126
12 11 127
12 11 128
12 11 129
12 11 130
12 11 131
12 11 132
12 11 133
12 11 134
12 11 135
12 11 136
12 11 137
12 11 138
12 11 139
12 11 140
12 11 141
12 11 142
12 11 143
12 11 144
12 11 145
12 11 146
12 11 147
12 11 148
12 11 149
12 11 150
12 11 151
12 11 152
12 11 153
12 11 154
12 11 155
12 11 156
12 11 157
12 11 158
12 11 159
12 11 160
12 11 161
12 11 162
12 11 163
12 11 164
12 11 165
12 11 166
12 11 167
12 11 168
12 11 169
12 11 170
12 11 171
12 11 172
12 11 173
12 11 174
12 11 175
12 11 176
12 11 177
12 11 178
12 11 179
12 11 180
12 11 181
12 11 182
12 11 183
12 11 184
12 11 185
12 11 186
12 11 187
12 11 188
12 11 189
12 11 190
12 11 191
12 11 192
12 11 193
12 11 194
12 11 195
12 11 196
12 11 197
12 11 198
12 11 199
12 11 200
12 11 201
12 11 202
12 11 203
12 11 204
12 11 205
12 11 206
12 11 207
12 11 208
12 11 209
12 11 210
12 11 211
12 11 212
12 11 213
12 11 214
12 11 215
12 11 216
12 11 217
12 11 218
12 11 219
12 11 220
12 11 221
12 11 222
12 11 223
12 11 224
12 11 225
12 11 226
12 11 227
12 11 228
12 11 229
12 11 230
12 11 231
12 11 232
12 11 233
12 11 234
12 11 235
12 11 236
12 11 237
12 11 238
12 11 239
12 11 240
12 11 241
12 11 242
12 11 243
12 11 244
12 11 245
