13 9 1
13 9 2
13 9 3
13 9 4
13 9 5
13 9 6
13 9 7
13 9 8
13 9 9
13 9 10
13 9 11
13 9 12
13 9 13
13 9 14
13 9 15
13 9 16
13 9 17
13 9 18
13 9 19
13 9 20
13 9 21
13 9 22
13 9 23
13 9 24
13 9 25
13 9 26
13 9 27
13 9 28
13 9 29
13 9 30
13 9 31
13 9 32
13 9 33
13 9 34
13 9 35
13 9 36
13 9 37
13 9 38
13 9 39
13 9 40
13 9 41
13 9 42
13 9 43
13 9 44
13 9 45
13 9 46
13 9 47
13 9 48
13 9 49
13 9 50
13 9 51
13 9 52
13 9 53
13 9 54
13 9 55
13 9 56
13 9 57
13 9 58
13 9 59
13 9 60
13 9 61
13 9 62
13 9 63
13 9 64
13 9 65
13 9 66
13 9 67
13 9 68
13 9 69
13 9 70
13 9 71
13 9 72
13 9 73
13 9 74
13 9 75
13 9 76
13 9 77
13 9 78
13 9 79
13 9 80
13 9 81
13 9 82
13 9 83
13 9 84
13 9 85
13 9 86
13 9 87
13 9 88
13 9 89
13 9 90
13 9 91
13 9 92
13 9 93
13 9 94
13 9 95
13 9 96
13 9 97
13 9 98
13 9 99
13 9 100
13 9 101
13 9 102
13 9 103
13 9 104
13 9 105
13 9 106
13 9 107
13 9 108
13 9 109
13 9 110
13 9 111
13 9 112
13 9 113
13 9 114
13 9 115
13 9 116
13 9 117
13 9 118
13 9 119
13 9 120
13 9 121
13 9 122
13 9 123
13 9 124
13 9 125
13 9 126
13 9 127
13 9 128
13 9 129
13 9 130
13 9 131
13 9 132
13 9 133
13 9 134
13 9 135
13 9 136
13 9 137
13 9 138
13 9 139
13 9 140
13 9 141
13 9 142
13 9 143
13 9 144
13 9 145
13 9 146
13 9 147
13 9 148
13 9 149
13 9 150
13 9 151
13 9 152
13 9 153
13 9 154
13 9 155
13 9 156
13 9 157
13 9 158
13 9 159
13 9 160
13 9 161
13 9 162
13 9 163
13 9 164
13 9 165
13 9 166
13 9 167
13 9 168
13 9 169
13 9 170
13 9 171
13 9 172
13 9 173
13 9 174
13 9 175
13 9 176
13 9 177
13 9 178
13 9 179
13 9 180
13 9 181
13 9 182
13 9 183
13 9 184
13 9 185
13 9 186
13 9 187
13 9 188
13 9 189
13 9 190
13 9 191
13 9 192
13 9 193
13 9 194
13 9 195
13 9 196
13 9 197
13 9 198
13 9 199
13 9 200
13 9 201
13 9 202
13 9 203
13 9 204
13 9 205
13 9 206
13 9 207
13 9 208
13 9 209
13 9 210
13 9 211
13 9 212
13 9 213
13 9 214
13 9 215
13 9 216
13 9 217
13 9 218
13 9 219
13 9 220
13 9 221
13 9 222
13 9 223
13 9 224
13 9 225
13 9 226
13 9 227
13 9 228
13 9 229
13 9 230
13 9 231
13 9 232
13 9 233
13 9 234
13 9 235
13 9 236
13 9 237
13 9 238
13 9 239
13 9 240
13 9 241
13 9 242
13 9 243
13 9 244
13 9 245
