6 12 1
6 12 2
6 12 3
6 12 4
6 12 5
6 12 6
6 12 7
6 12 8
6 12 9
6 12 10
6 12 11
6 12 12
6 12 13
6 12 14
6 12 15
6 12 16
6 12 17
6 12 18
6 12 19
6 12 20
6 12 21
6 12 22
6 12 23
6 12 24
6 12 25
6 12 26
6 12 27
6 12 28
6 12 29
6 12 30
6 12 31
6 12 32
6 12 33
6 12 34
6 12 35
6 12 36
6 12 37
6 12 38
6 12 39
6 12 40
6 12 41
6 12 42
6 12 43
6 12 44
6 12 45
6 12 46
6 12 47
6 12 48
6 12 49
6 12 50
6 12 51
6 12 52
6 12 53
6 12 54
6 12 55
6 12 56
6 12 57
6 12 58
6 12 59
6 12 60
6 12 61
6 12 62
6 12 63
6 12 64
6 12 65
6 12 66
6 12 67
6 12 68
6 12 69
6 12 70
6 12 71
6 12 72
6 12 73
6 12 74
6 12 75
6 12 76
6 12 77
6 12 78
6 12 79
6 12 80
6 12 81
6 12 82
6 12 83
6 12 84
6 12 85
6 12 86
6 12 87
6 12 88
6 12 89
6 12 90
6 12 91
6 12 92
6 12 93
6 12 94
6 12 95
6 12 96
6 12 97
6 12 98
6 12 99
6 12 100
6 12 101
6 12 102
6 12 103
6 12 104
6 12 105
6 12 106
6 12 107
6 12 108
6 12 109
6 12 110
6 12 111
6 12 112
6 12 113
6 12 114
6 12 115
6 12 116
6 12 117
6 12 118
6 12 119
6 12 120
6 12 121
6 12 122
6 12 123
6 12 124
6 12 125
6 12 126
6 12 127
6 12 128
6 12 129
6 12 130
6 12 131
6 12 132
6 12 133
6 12 134
6 12 135
6 12 136
6 12 137
6 12 138
6 12 139
6 12 140
6 12 141
6 12 142
6 12 143
6 12 144
6 12 145
6 12 146
6 12 147
6 12 148
6 12 149
6 12 150
6 12 151
6 12 152
6 12 153
6 12 154
6 12 155
6 12 156
6 12 157
6 12 158
6 12 159
6 12 160
6 12 161
6 12 162
6 12 163
6 12 164
6 12 165
6 12 166
6 12 167
6 12 168
6 12 169
6 12 170
6 12 171
6 12 172
6 12 173
6 12 174
6 12 175
6 12 176
6 12 177
6 12 178
6 12 179
6 12 180
6 12 181
6 12 182
6 12 183
6 12 184
6 12 185
6 12 186
6 12 187
6 12 188
6 12 189
6 12 190
6 12 191
6 12 192
6 12 193
6 12 194
6 12 195
6 12 196
6 12 197
6 12 198
6 12 199
6 12 200
6 12 201
6 12 202
6 12 203
6 12 204
6 12 205
6 12 206
6 12 207
6 12 208
6 12 209
6 12 210
6 12 211
6 12 212
6 12 213
6 12 214
6 12 215
6 12 216
6 12 217
6 12 218
6 12 219
6 12 220
6 12 221
6 12 222
6 12 223
6 12 224
6 12 225
6 12 226
6 12 227
6 12 228
6 12 229
6 12 230
6 12 231
6 12 232
6 12 233
6 12 234
6 12 235
6 12 236
6 12 237
6 12 238
6 12 239
6 12 240
6 12 241
6 12 242
6 12 243
6 12 244
6 12 245
