7 12 1
7 12 2
7 12 3
7 12 4
7 12 5
7 12 6
7 12 7
7 12 8
7 12 9
7 12 10
7 12 11
7 12 12
7 12 13
7 12 14
7 12 15
7 12 16
7 12 17
7 12 18
7 12 19
7 12 20
7 12 21
7 12 22
7 12 23
7 12 24
7 12 25
7 12 26
7 12 27
7 12 28
7 12 29
7 12 30
7 12 31
7 12 32
7 12 33
7 12 34
7 12 35
7 12 36
7 12 37
7 12 38
7 12 39
7 12 40
7 12 41
7 12 42
7 12 43
7 12 44
7 12 45
7 12 46
7 12 47
7 12 48
7 12 49
7 12 50
7 12 51
7 12 52
7 12 53
7 12 54
7 12 55
7 12 56
7 12 57
7 12 58
7 12 59
7 12 60
7 12 61
7 12 62
7 12 63
7 12 64
7 12 65
7 12 66
7 12 67
7 12 68
7 12 69
7 12 70
7 12 71
7 12 72
7 12 73
7 12 74
7 12 75
7 12 76
7 12 77
7 12 78
7 12 79
7 12 80
7 12 81
7 12 82
7 12 83
7 12 84
7 12 85
7 12 86
7 12 87
7 12 88
7 12 89
7 12 90
7 12 91
7 12 92
7 12 93
7 12 94
7 12 95
7 12 96
7 12 97
7 12 98
7 12 99
7 12 100
7 12 101
7 12 102
7 12 103
7 12 104
7 12 105
7 12 106
7 12 107
7 12 108
7 12 109
7 12 110
7 12 111
7 12 112
7 12 113
7 12 114
7 12 115
7 12 116
7 12 117
7 12 118
7 12 119
7 12 120
7 12 121
7 12 122
7 12 123
7 12 124
7 12 125
7 12 126
7 12 127
7 12 128
7 12 129
7 12 130
7 12 131
7 12 132
7 12 133
7 12 134
7 12 135
7 12 136
7 12 137
7 12 138
7 12 139
7 12 140
7 12 141
7 12 142
7 12 143
7 12 144
7 12 145
7 12 146
7 12 147
7 12 148
7 12 149
7 12 150
7 12 151
7 12 152
7 12 153
7 12 154
7 12 155
7 12 156
7 12 157
7 12 158
7 12 159
7 12 160
7 12 161
7 12 162
7 12 163
7 12 164
7 12 165
7 12 166
7 12 167
7 12 168
7 12 169
7 12 170
7 12 171
7 12 172
7 12 173
7 12 174
7 12 175
7 12 176
7 12 177
7 12 178
7 12 179
7 12 180
7 12 181
7 12 182
7 12 183
7 12 184
7 12 185
7 12 186
7 12 187
7 12 188
7 12 189
7 12 190
7 12 191
7 12 192
7 12 193
7 12 194
7 12 195
7 12 196
7 12 197
7 12 198
7 12 199
7 12 200
7 12 201
7 12 202
7 12 203
7 12 204
7 12 205
7 12 206
7 12 207
7 12 208
7 12 209
7 12 210
7 12 211
7 12 212
7 12 213
7 12 214
7 12 215
7 12 216
7 12 217
7 12 218
7 12 219
7 12 220
7 12 221
7 12 222
7 12 223
7 12 224
7 12 225
7 12 226
7 12 227
7 12 228
7 12 229
7 12 230
7 12 231
7 12 232
7 12 233
7 12 234
7 12 235
7 12 236
7 12 237
7 12 238
7 12 239
7 12 240
7 12 241
7 12 242
7 12 243
7 12 244
7 12 245
