3 12 1
3 12 2
3 12 3
3 12 4
3 12 5
3 12 6
3 12 7
3 12 8
3 12 9
3 12 10
3 12 11
3 12 12
3 12 13
3 12 14
3 12 15
3 12 16
3 12 17
3 12 18
3 12 19
3 12 20
3 12 21
3 12 22
3 12 23
3 12 24
3 12 25
3 12 26
3 12 27
3 12 28
3 12 29
3 12 30
3 12 31
3 12 32
3 12 33
3 12 34
3 12 35
3 12 36
3 12 37
3 12 38
3 12 39
3 12 40
3 12 41
3 12 42
3 12 43
3 12 44
3 12 45
3 12 46
3 12 47
3 12 48
3 12 49
3 12 50
3 12 51
3 12 52
3 12 53
3 12 54
3 12 55
3 12 56
3 12 57
3 12 58
3 12 59
3 12 60
3 12 61
3 12 62
3 12 63
3 12 64
3 12 65
3 12 66
3 12 67
3 12 68
3 12 69
3 12 70
3 12 71
3 12 72
3 12 73
3 12 74
3 12 75
3 12 76
3 12 77
3 12 78
3 12 79
3 12 80
3 12 81
3 12 82
3 12 83
3 12 84
3 12 85
3 12 86
3 12 87
3 12 88
3 12 89
3 12 90
3 12 91
3 12 92
3 12 93
3 12 94
3 12 95
3 12 96
3 12 97
3 12 98
3 12 99
3 12 100
3 12 101
3 12 102
3 12 103
3 12 104
3 12 105
3 12 106
3 12 107
3 12 108
3 12 109
3 12 110
3 12 111
3 12 112
3 12 113
3 12 114
3 12 115
3 12 116
3 12 117
3 12 118
3 12 119
3 12 120
3 12 121
3 12 122
3 12 123
3 12 124
3 12 125
3 12 126
3 12 127
3 12 128
3 12 129
3 12 130
3 12 131
3 12 132
3 12 133
3 12 134
3 12 135
3 12 136
3 12 137
3 12 138
3 12 139
3 12 140
3 12 141
3 12 142
3 12 143
3 12 144
3 12 145
3 12 146
3 12 147
3 12 148
3 12 149
3 12 150
3 12 151
3 12 152
3 12 153
3 12 154
3 12 155
3 12 156
3 12 157
3 12 158
3 12 159
3 12 160
3 12 161
3 12 162
3 12 163
3 12 164
3 12 165
3 12 166
3 12 167
3 12 168
3 12 169
3 12 170
3 12 171
3 12 172
3 12 173
3 12 174
3 12 175
3 12 176
3 12 177
3 12 178
3 12 179
3 12 180
3 12 181
3 12 182
3 12 183
3 12 184
3 12 185
3 12 186
3 12 187
3 12 188
3 12 189
3 12 190
3 12 191
3 12 192
3 12 193
3 12 194
3 12 195
3 12 196
3 12 197
3 12 198
3 12 199
3 12 200
3 12 201
3 12 202
3 12 203
3 12 204
3 12 205
3 12 206
3 12 207
3 12 208
3 12 209
3 12 210
3 12 211
3 12 212
3 12 213
3 12 214
3 12 215
3 12 216
3 12 217
3 12 218
3 12 219
3 12 220
3 12 221
3 12 222
3 12 223
3 12 224
3 12 225
3 12 226
3 12 227
3 12 228
3 12 229
3 12 230
3 12 231
3 12 232
3 12 233
3 12 234
3 12 235
3 12 236
3 12 237
3 12 238
3 12 239
3 12 240
3 12 241
3 12 242
3 12 243
3 12 244
3 12 245
