26 29 1
27 29 1
28 29 1
26 30 2
27 30 2
28 30 2
26 31 3
27 31 3
28 31 3
26 29 4
27 29 4
28 29 4
26 30 5
27 30 5
28 30 5
26 31 6
27 31 6
28 31 6
26 29 7
27 29 7
28 29 7
26 30 8
27 30 8
28 30 8
26 31 9
27 31 9
28 31 9
26 29 10
27 29 10
28 29 10
26 30 11
27 30 11
28 30 11
26 31 12
27 31 12
28 31 12
26 29 13
27 29 13
28 29 13
26 30 14
27 30 14
28 30 14
26 31 15
27 31 15
28 31 15
26 29 16
27 29 16
28 29 16
26 30 17
27 30 17
28 30 17
26 31 18
27 31 18
28 31 18
26 29 19
27 29 19
28 29 19
26 30 20
27 30 20
28 30 20
26 31 21
27 31 21
28 31 21
26 29 22
27 29 22
28 29 22
26 30 23
27 30 23
28 30 23
26 31 24
27 31 24
28 31 24
26 29 25
27 29 25
28 29 25
26 30 26
27 30 26
28 30 26
26 31 27
27 31 27
28 31 27
26 29 28
27 29 28
28 29 28
26 30 29
27 30 29
28 30 29
26 31 30
27 31 30
28 31 30
26 29 31
27 29 31
28 29 31
26 30 32
27 30 32
28 30 32
26 31 33
27 31 33
28 31 33
26 29 34
27 29 34
28 29 34
26 30 35
27 30 35
28 30 35
26 31 36
27 31 36
28 31 36
26 29 37
27 29 37
28 29 37
26 30 38
27 30 38
28 30 38
26 31 39
27 31 39
28 31 39
26 29 40
27 29 40
28 29 40
26 30 41
27 30 41
28 30 41
26 31 42
27 31 42
28 31 42
26 29 43
27 29 43
28 29 43
26 30 44
27 30 44
28 30 44
26 31 45
27 31 45
28 31 45
26 29 46
27 29 46
28 29 46
26 30 47
27 30 47
28 30 47
26 31 48
27 31 48
28 31 48
26 29 49
27 29 49
28 29 49
26 30 50
27 30 50
28 30 50
26 31 51
27 31 51
28 31 51
26 29 52
27 29 52
28 29 52
26 30 53
27 30 53
28 30 53
26 31 54
27 31 54
28 31 54
26 29 55
27 29 55
28 29 55
26 30 56
27 30 56
28 30 56
26 31 57
27 31 57
28 31 57
26 29 58
27 29 58
28 29 58
26 30 59
27 30 59
28 30 59
26 31 60
27 31 60
28 31 60
26 29 61
27 29 61
28 29 61
26 30 62
27 30 62
28 30 62
26 31 63
27 31 63
28 31 63
26 29 64
27 29 64
28 29 64
26 30 65
27 30 65
28 30 65
26 31 66
27 31 66
28 31 66
26 29 67
27 29 67
28 29 67
26 30 68
27 30 68
28 30 68
26 31 69
27 31 69
28 31 69
26 29 70
27 29 70
28 29 70
26 30 71
27 30 71
28 30 71
26 31 72
27 31 72
28 31 72
26 29 73
27 29 73
28 29 73
26 30 74
27 30 74
28 30 74
26 31 75
27 31 75
28 31 75
26 29 76
27 29 76
28 29 76
26 30 77
27 30 77
28 30 77
26 31 78
27 31 78
28 31 78
26 29 79
27 29 79
28 29 79
26 30 80
27 30 80
28 30 80
26 31 81
27 31 81
28 31 81
26 29 82
27 29 82
28 29 82
26 30 83
27 30 83
28 30 83
26 31 84
27 31 84
28 31 84
26 29 85
27 29 85
28 29 85
26 30 86
27 30 86
28 30 86
26 31 87
27 31 87
28 31 87
26 29 88
27 29 88
28 29 88
26 30 89
27 30 89
28 30 89
26 31 90
27 31 90
28 31 90
26 29 91
27 29 91
28 29 91
26 30 92
27 30 92
28 30 92
26 31 93
27 31 93
28 31 93
