7 8 1
7 9 2
7 10 3
7 11 4
7 12 5
7 13 6
7 8 7
7 9 8
7 10 9
7 11 10
7 12 11
7 13 12
7 8 13
7 9 14
7 10 15
7 11 16
7 12 17
7 13 18
7 8 19
7 9 20
7 10 21
7 11 22
7 12 23
7 13 24
7 8 25
7 9 26
7 10 27
7 11 28
7 12 29
7 13 30
7 8 31
7 9 32
7 10 33
7 11 34
7 12 35
7 13 36
7 8 37
7 9 38
7 10 39
7 11 40
7 12 41
7 13 42
7 8 43
7 9 44
7 10 45
7 11 46
7 12 47
7 13 48
7 8 49
7 9 50
7 10 51
7 11 52
7 12 53
7 13 54
7 8 55
7 9 56
7 10 57
7 11 58
7 12 59
7 13 60
7 8 61
7 9 62
7 10 63
7 11 64
7 12 65
7 13 66
7 8 67
7 9 68
7 10 69
7 11 70
7 12 71
7 13 72
7 8 73
7 9 74
7 10 75
7 11 76
7 12 77
7 13 78
7 8 79
7 9 80
7 10 81
7 11 82
7 12 83
7 13 84
7 8 85
7 9 86
7 10 87
7 11 88
7 12 89
7 13 90
7 8 91
7 9 92
7 10 93
7 11 94
7 12 95
7 13 96
7 8 97
7 9 98
7 10 99
7 11 100
7 12 101
7 13 102
7 8 103
7 9 104
7 10 105
7 11 106
7 12 107
7 13 108
7 8 109
7 9 110
7 10 111
7 11 112
7 12 113
7 13 114
7 8 115
7 9 116
7 10 117
7 11 118
7 12 119
7 13 120
7 8 121
7 9 122
7 10 123
7 11 124
7 12 125
7 13 126
7 8 127
7 9 128
7 10 129
7 11 130
7 12 131
7 13 132
7 8 133
7 9 134
7 10 135
7 11 136
7 12 137
7 13 138
7 8 139
7 9 140
7 10 141
7 11 142
7 12 143
7 13 144
7 8 145
7 9 146
7 10 147
7 11 148
7 12 149
7 13 150
7 8 151
7 9 152
7 10 153
7 11 154
7 12 155
7 13 156
7 8 157
7 9 158
7 10 159
7 11 160
7 12 161
7 13 162
7 8 163
7 9 164
7 10 165
7 11 166
7 12 167
7 13 168
7 8 169
7 9 170
7 10 171
7 11 172
7 12 173
7 13 174
7 8 175
7 9 176
7 10 177
7 11 178
7 12 179
7 13 180
7 8 181
7 9 182
7 10 183
7 11 184
7 12 185
7 13 186
