12 18 1
13 18 1
14 18 1
15 18 1
16 18 1
17 18 1
12 18 2
13 18 2
14 18 2
15 18 2
16 18 2
17 18 2
12 18 3
13 18 3
14 18 3
15 18 3
16 18 3
17 18 3
12 18 4
13 18 4
14 18 4
15 18 4
16 18 4
17 18 4
12 18 5
13 18 5
14 18 5
15 18 5
16 18 5
17 18 5
12 18 6
13 18 6
14 18 6
15 18 6
16 18 6
17 18 6
12 18 7
13 18 7
14 18 7
15 18 7
16 18 7
17 18 7
12 18 8
13 18 8
14 18 8
15 18 8
16 18 8
17 18 8
12 18 9
13 18 9
14 18 9
15 18 9
16 18 9
17 18 9
12 18 10
13 18 10
14 18 10
15 18 10
16 18 10
17 18 10
12 18 11
13 18 11
14 18 11
15 18 11
16 18 11
17 18 11
12 18 12
13 18 12
14 18 12
15 18 12
16 18 12
17 18 12
12 18 13
13 18 13
14 18 13
15 18 13
16 18 13
17 18 13
12 18 14
13 18 14
14 18 14
15 18 14
16 18 14
17 18 14
12 18 15
13 18 15
14 18 15
15 18 15
16 18 15
17 18 15
12 18 16
13 18 16
14 18 16
15 18 16
16 18 16
17 18 16
12 18 17
13 18 17
14 18 17
15 18 17
16 18 17
17 18 17
12 18 18
13 18 18
14 18 18
15 18 18
16 18 18
17 18 18
12 18 19
13 18 19
14 18 19
15 18 19
16 18 19
17 18 19
12 18 20
13 18 20
14 18 20
15 18 20
16 18 20
17 18 20
12 18 21
13 18 21
14 18 21
15 18 21
16 18 21
17 18 21
12 18 22
13 18 22
14 18 22
15 18 22
16 18 22
17 18 22
12 18 23
13 18 23
14 18 23
15 18 23
16 18 23
17 18 23
12 18 24
13 18 24
14 18 24
15 18 24
16 18 24
17 18 24
12 18 25
13 18 25
14 18 25
15 18 25
16 18 25
17 18 25
12 18 26
13 18 26
14 18 26
15 18 26
16 18 26
17 18 26
12 18 27
13 18 27
14 18 27
15 18 27
16 18 27
17 18 27
12 18 28
13 18 28
14 18 28
15 18 28
16 18 28
17 18 28
12 18 29
13 18 29
14 18 29
15 18 29
16 18 29
17 18 29
12 18 30
13 18 30
14 18 30
15 18 30
16 18 30
17 18 30
12 18 31
13 18 31
14 18 31
15 18 31
16 18 31
17 18 31
