24 30 1
25 30 1
26 30 1
27 30 1
28 30 1
29 30 1
24 30 2
25 30 2
26 30 2
27 30 2
28 30 2
29 30 2
24 30 3
25 30 3
26 30 3
27 30 3
28 30 3
29 30 3
24 30 4
25 30 4
26 30 4
27 30 4
28 30 4
29 30 4
24 30 5
25 30 5
26 30 5
27 30 5
28 30 5
29 30 5
24 30 6
25 30 6
26 30 6
27 30 6
28 30 6
29 30 6
24 30 7
25 30 7
26 30 7
27 30 7
28 30 7
29 30 7
24 30 8
25 30 8
26 30 8
27 30 8
28 30 8
29 30 8
24 30 9
25 30 9
26 30 9
27 30 9
28 30 9
29 30 9
24 30 10
25 30 10
26 30 10
27 30 10
28 30 10
29 30 10
24 30 11
25 30 11
26 30 11
27 30 11
28 30 11
29 30 11
24 30 12
25 30 12
26 30 12
27 30 12
28 30 12
29 30 12
24 30 13
25 30 13
26 30 13
27 30 13
28 30 13
29 30 13
24 30 14
25 30 14
26 30 14
27 30 14
28 30 14
29 30 14
24 30 15
25 30 15
26 30 15
27 30 15
28 30 15
29 30 15
24 30 16
25 30 16
26 30 16
27 30 16
28 30 16
29 30 16
24 30 17
25 30 17
26 30 17
27 30 17
28 30 17
29 30 17
24 30 18
25 30 18
26 30 18
27 30 18
28 30 18
29 30 18
24 30 19
25 30 19
26 30 19
27 30 19
28 30 19
29 30 19
24 30 20
25 30 20
26 30 20
27 30 20
28 30 20
29 30 20
24 30 21
25 30 21
26 30 21
27 30 21
28 30 21
29 30 21
24 30 22
25 30 22
26 30 22
27 30 22
28 30 22
29 30 22
24 30 23
25 30 23
26 30 23
27 30 23
28 30 23
29 30 23
24 30 24
25 30 24
26 30 24
27 30 24
28 30 24
29 30 24
24 30 25
25 30 25
26 30 25
27 30 25
28 30 25
29 30 25
24 30 26
25 30 26
26 30 26
27 30 26
28 30 26
29 30 26
24 30 27
25 30 27
26 30 27
27 30 27
28 30 27
29 30 27
24 30 28
25 30 28
26 30 28
27 30 28
28 30 28
29 30 28
24 30 29
25 30 29
26 30 29
27 30 29
28 30 29
29 30 29
24 30 30
25 30 30
26 30 30
27 30 30
28 30 30
29 30 30
24 30 31
25 30 31
26 30 31
27 30 31
28 30 31
29 30 31
24 30 32
25 30 32
26 30 32
27 30 32
28 30 32
29 30 32
24 30 33
25 30 33
26 30 33
27 30 33
28 30 33
29 30 33
24 30 34
25 30 34
26 30 34
27 30 34
28 30 34
29 30 34
24 30 35
25 30 35
26 30 35
27 30 35
28 30 35
29 30 35
24 30 36
25 30 36
26 30 36
27 30 36
28 30 36
29 30 36
24 30 37
25 30 37
26 30 37
27 30 37
28 30 37
29 30 37
24 30 38
25 30 38
26 30 38
27 30 38
28 30 38
29 30 38
24 30 39
25 30 39
26 30 39
27 30 39
28 30 39
29 30 39
24 30 40
25 30 40
26 30 40
27 30 40
28 30 40
29 30 40
24 30 41
25 30 41
26 30 41
27 30 41
28 30 41
29 30 41
24 30 42
25 30 42
26 30 42
27 30 42
28 30 42
29 30 42
24 30 43
25 30 43
26 30 43
27 30 43
28 30 43
29 30 43
24 30 44
25 30 44
26 30 44
27 30 44
28 30 44
29 30 44
24 30 45
25 30 45
26 30 45
27 30 45
28 30 45
29 30 45
24 30 46
25 30 46
26 30 46
27 30 46
28 30 46
29 30 46
24 30 47
25 30 47
26 30 47
27 30 47
28 30 47
29 30 47
24 30 48
25 30 48
26 30 48
27 30 48
28 30 48
29 30 48
24 30 49
25 30 49
26 30 49
27 30 49
28 30 49
29 30 49
24 30 50
25 30 50
26 30 50
27 30 50
28 30 50
29 30 50
24 30 51
25 30 51
26 30 51
27 30 51
28 30 51
29 30 51
24 30 52
25 30 52
26 30 52
27 30 52
28 30 52
29 30 52
24 30 53
25 30 53
26 30 53
27 30 53
28 30 53
29 30 53
24 30 54
25 30 54
26 30 54
27 30 54
28 30 54
29 30 54
24 30 55
25 30 55
26 30 55
27 30 55
28 30 55
29 30 55
24 30 56
25 30 56
26 30 56
27 30 56
28 30 56
29 30 56
24 30 57
25 30 57
26 30 57
27 30 57
28 30 57
29 30 57
24 30 58
25 30 58
26 30 58
27 30 58
28 30 58
29 30 58
24 30 59
25 30 59
26 30 59
27 30 59
28 30 59
29 30 59
24 30 60
25 30 60
26 30 60
27 30 60
28 30 60
29 30 60
24 30 61
25 30 61
26 30 61
27 30 61
28 30 61
29 30 61
24 30 62
25 30 62
26 30 62
27 30 62
28 30 62
29 30 62
24 30 63
25 30 63
26 30 63
27 30 63
28 30 63
29 30 63
24 30 64
25 30 64
26 30 64
27 30 64
28 30 64
29 30 64
24 30 65
25 30 65
26 30 65
27 30 65
28 30 65
29 30 65
24 30 66
25 30 66
26 30 66
27 30 66
28 30 66
29 30 66
24 30 67
25 30 67
26 30 67
27 30 67
28 30 67
29 30 67
24 30 68
25 30 68
26 30 68
27 30 68
28 30 68
29 30 68
24 30 69
25 30 69
26 30 69
27 30 69
28 30 69
29 30 69
24 30 70
25 30 70
26 30 70
27 30 70
28 30 70
29 30 70
24 30 71
25 30 71
26 30 71
27 30 71
28 30 71
29 30 71
24 30 72
25 30 72
26 30 72
27 30 72
28 30 72
29 30 72
24 30 73
25 30 73
26 30 73
27 30 73
28 30 73
29 30 73
24 30 74
25 30 74
26 30 74
27 30 74
28 30 74
29 30 74
24 30 75
25 30 75
26 30 75
27 30 75
28 30 75
29 30 75
24 30 76
25 30 76
26 30 76
27 30 76
28 30 76
29 30 76
24 30 77
25 30 77
26 30 77
27 30 77
28 30 77
29 30 77
24 30 78
25 30 78
26 30 78
27 30 78
28 30 78
29 30 78
24 30 79
25 30 79
26 30 79
27 30 79
28 30 79
29 30 79
24 30 80
25 30 80
26 30 80
27 30 80
28 30 80
29 30 80
24 30 81
25 30 81
26 30 81
27 30 81
28 30 81
29 30 81
24 30 82
25 30 82
26 30 82
27 30 82
28 30 82
29 30 82
24 30 83
25 30 83
26 30 83
27 30 83
28 30 83
29 30 83
24 30 84
25 30 84
26 30 84
27 30 84
28 30 84
29 30 84
24 30 85
25 30 85
26 30 85
27 30 85
28 30 85
29 30 85
24 30 86
25 30 86
26 30 86
27 30 86
28 30 86
29 30 86
24 30 87
25 30 87
26 30 87
27 30 87
28 30 87
29 30 87
24 30 88
25 30 88
26 30 88
27 30 88
28 30 88
29 30 88
24 30 89
25 30 89
26 30 89
27 30 89
28 30 89
29 30 89
24 30 90
25 30 90
26 30 90
27 30 90
28 30 90
29 30 90
24 30 91
25 30 91
26 30 91
27 30 91
28 30 91
29 30 91
24 30 92
25 30 92
26 30 92
27 30 92
28 30 92
29 30 92
24 30 93
25 30 93
26 30 93
27 30 93
28 30 93
29 30 93
24 30 94
25 30 94
26 30 94
27 30 94
28 30 94
29 30 94
24 30 95
25 30 95
26 30 95
27 30 95
28 30 95
29 30 95
24 30 96
25 30 96
26 30 96
27 30 96
28 30 96
29 30 96
24 30 97
25 30 97
26 30 97
27 30 97
28 30 97
29 30 97
24 30 98
25 30 98
26 30 98
27 30 98
28 30 98
29 30 98
24 30 99
25 30 99
26 30 99
27 30 99
28 30 99
29 30 99
24 30 100
25 30 100
26 30 100
27 30 100
28 30 100
29 30 100
24 30 101
25 30 101
26 30 101
27 30 101
28 30 101
29 30 101
24 30 102
25 30 102
26 30 102
27 30 102
28 30 102
29 30 102
24 30 103
25 30 103
26 30 103
27 30 103
28 30 103
29 30 103
24 30 104
25 30 104
26 30 104
27 30 104
28 30 104
29 30 104
24 30 105
25 30 105
26 30 105
27 30 105
28 30 105
29 30 105
24 30 106
25 30 106
26 30 106
27 30 106
28 30 106
29 30 106
24 30 107
25 30 107
26 30 107
27 30 107
28 30 107
29 30 107
24 30 108
25 30 108
26 30 108
27 30 108
28 30 108
29 30 108
24 30 109
25 30 109
26 30 109
27 30 109
28 30 109
29 30 109
24 30 110
25 30 110
26 30 110
27 30 110
28 30 110
29 30 110
24 30 111
25 30 111
26 30 111
27 30 111
28 30 111
29 30 111
24 30 112
25 30 112
26 30 112
27 30 112
28 30 112
29 30 112
24 30 113
25 30 113
26 30 113
27 30 113
28 30 113
29 30 113
24 30 114
25 30 114
26 30 114
27 30 114
28 30 114
29 30 114
24 30 115
25 30 115
26 30 115
27 30 115
28 30 115
29 30 115
24 30 116
25 30 116
26 30 116
27 30 116
28 30 116
29 30 116
24 30 117
25 30 117
26 30 117
27 30 117
28 30 117
29 30 117
24 30 118
25 30 118
26 30 118
27 30 118
28 30 118
29 30 118
24 30 119
25 30 119
26 30 119
27 30 119
28 30 119
29 30 119
24 30 120
25 30 120
26 30 120
27 30 120
28 30 120
29 30 120
24 30 121
25 30 121
26 30 121
27 30 121
28 30 121
29 30 121
24 30 122
25 30 122
26 30 122
27 30 122
28 30 122
29 30 122
24 30 123
25 30 123
26 30 123
27 30 123
28 30 123
29 30 123
24 30 124
25 30 124
26 30 124
27 30 124
28 30 124
29 30 124
24 30 125
25 30 125
26 30 125
27 30 125
28 30 125
29 30 125
24 30 126
25 30 126
26 30 126
27 30 126
28 30 126
29 30 126
24 30 127
25 30 127
26 30 127
27 30 127
28 30 127
29 30 127
24 30 128
25 30 128
26 30 128
27 30 128
28 30 128
29 30 128
24 30 129
25 30 129
26 30 129
27 30 129
28 30 129
29 30 129
24 30 130
25 30 130
26 30 130
27 30 130
28 30 130
29 30 130
24 30 131
25 30 131
26 30 131
27 30 131
28 30 131
29 30 131
24 30 132
25 30 132
26 30 132
27 30 132
28 30 132
29 30 132
24 30 133
25 30 133
26 30 133
27 30 133
28 30 133
29 30 133
24 30 134
25 30 134
26 30 134
27 30 134
28 30 134
29 30 134
24 30 135
25 30 135
26 30 135
27 30 135
28 30 135
29 30 135
24 30 136
25 30 136
26 30 136
27 30 136
28 30 136
29 30 136
24 30 137
25 30 137
26 30 137
27 30 137
28 30 137
29 30 137
24 30 138
25 30 138
26 30 138
27 30 138
28 30 138
29 30 138
24 30 139
25 30 139
26 30 139
27 30 139
28 30 139
29 30 139
24 30 140
25 30 140
26 30 140
27 30 140
28 30 140
29 30 140
24 30 141
25 30 141
26 30 141
27 30 141
28 30 141
29 30 141
24 30 142
25 30 142
26 30 142
27 30 142
28 30 142
29 30 142
24 30 143
25 30 143
26 30 143
27 30 143
28 30 143
29 30 143
24 30 144
25 30 144
26 30 144
27 30 144
28 30 144
29 30 144
24 30 145
25 30 145
26 30 145
27 30 145
28 30 145
29 30 145
24 30 146
25 30 146
26 30 146
27 30 146
28 30 146
29 30 146
24 30 147
25 30 147
26 30 147
27 30 147
28 30 147
29 30 147
24 30 148
25 30 148
26 30 148
27 30 148
28 30 148
29 30 148
24 30 149
25 30 149
26 30 149
27 30 149
28 30 149
29 30 149
24 30 150
25 30 150
26 30 150
27 30 150
28 30 150
29 30 150
24 30 151
25 30 151
26 30 151
27 30 151
28 30 151
29 30 151
24 30 152
25 30 152
26 30 152
27 30 152
28 30 152
29 30 152
24 30 153
25 30 153
26 30 153
27 30 153
28 30 153
29 30 153
24 30 154
25 30 154
26 30 154
27 30 154
28 30 154
29 30 154
24 30 155
25 30 155
26 30 155
27 30 155
28 30 155
29 30 155
24 30 156
25 30 156
26 30 156
27 30 156
28 30 156
29 30 156
24 30 157
25 30 157
26 30 157
27 30 157
28 30 157
29 30 157
24 30 158
25 30 158
26 30 158
27 30 158
28 30 158
29 30 158
24 30 159
25 30 159
26 30 159
27 30 159
28 30 159
29 30 159
24 30 160
25 30 160
26 30 160
27 30 160
28 30 160
29 30 160
24 30 161
25 30 161
26 30 161
27 30 161
28 30 161
29 30 161
24 30 162
25 30 162
26 30 162
27 30 162
28 30 162
29 30 162
24 30 163
25 30 163
26 30 163
27 30 163
28 30 163
29 30 163
24 30 164
25 30 164
26 30 164
27 30 164
28 30 164
29 30 164
24 30 165
25 30 165
26 30 165
27 30 165
28 30 165
29 30 165
24 30 166
25 30 166
26 30 166
27 30 166
28 30 166
29 30 166
24 30 167
25 30 167
26 30 167
27 30 167
28 30 167
29 30 167
24 30 168
25 30 168
26 30 168
27 30 168
28 30 168
29 30 168
24 30 169
25 30 169
26 30 169
27 30 169
28 30 169
29 30 169
24 30 170
25 30 170
26 30 170
27 30 170
28 30 170
29 30 170
24 30 171
25 30 171
26 30 171
27 30 171
28 30 171
29 30 171
24 30 172
25 30 172
26 30 172
27 30 172
28 30 172
29 30 172
24 30 173
25 30 173
26 30 173
27 30 173
28 30 173
29 30 173
24 30 174
25 30 174
26 30 174
27 30 174
28 30 174
29 30 174
24 30 175
25 30 175
26 30 175
27 30 175
28 30 175
29 30 175
24 30 176
25 30 176
26 30 176
27 30 176
28 30 176
29 30 176
24 30 177
25 30 177
26 30 177
27 30 177
28 30 177
29 30 177
24 30 178
25 30 178
26 30 178
27 30 178
28 30 178
29 30 178
24 30 179
25 30 179
26 30 179
27 30 179
28 30 179
29 30 179
24 30 180
25 30 180
26 30 180
27 30 180
28 30 180
29 30 180
24 30 181
25 30 181
26 30 181
27 30 181
28 30 181
29 30 181
24 30 182
25 30 182
26 30 182
27 30 182
28 30 182
29 30 182
24 30 183
25 30 183
26 30 183
27 30 183
28 30 183
29 30 183
24 30 184
25 30 184
26 30 184
27 30 184
28 30 184
29 30 184
24 30 185
25 30 185
26 30 185
27 30 185
28 30 185
29 30 185
24 30 186
25 30 186
26 30 186
27 30 186
28 30 186
29 30 186
24 30 187
25 30 187
26 30 187
27 30 187
28 30 187
29 30 187
24 30 188
25 30 188
26 30 188
27 30 188
28 30 188
29 30 188
24 30 189
25 30 189
26 30 189
27 30 189
28 30 189
29 30 189
24 30 190
25 30 190
26 30 190
27 30 190
28 30 190
29 30 190
24 30 191
25 30 191
26 30 191
27 30 191
28 30 191
29 30 191
24 30 192
25 30 192
26 30 192
27 30 192
28 30 192
29 30 192
24 30 193
25 30 193
26 30 193
27 30 193
28 30 193
29 30 193
24 30 194
25 30 194
26 30 194
27 30 194
28 30 194
29 30 194
24 30 195
25 30 195
26 30 195
27 30 195
28 30 195
29 30 195
24 30 196
25 30 196
26 30 196
27 30 196
28 30 196
29 30 196
24 30 197
25 30 197
26 30 197
27 30 197
28 30 197
29 30 197
24 30 198
25 30 198
26 30 198
27 30 198
28 30 198
29 30 198
24 30 199
25 30 199
26 30 199
27 30 199
28 30 199
29 30 199
24 30 200
25 30 200
26 30 200
27 30 200
28 30 200
29 30 200
24 30 201
25 30 201
26 30 201
27 30 201
28 30 201
29 30 201
24 30 202
25 30 202
26 30 202
27 30 202
28 30 202
29 30 202
24 30 203
25 30 203
26 30 203
27 30 203
28 30 203
29 30 203
24 30 204
25 30 204
26 30 204
27 30 204
28 30 204
29 30 204
24 30 205
25 30 205
26 30 205
27 30 205
28 30 205
29 30 205
24 30 206
25 30 206
26 30 206
27 30 206
28 30 206
29 30 206
24 30 207
25 30 207
26 30 207
27 30 207
28 30 207
29 30 207
24 30 208
25 30 208
26 30 208
27 30 208
28 30 208
29 30 208
24 30 209
25 30 209
26 30 209
27 30 209
28 30 209
29 30 209
24 30 210
25 30 210
26 30 210
27 30 210
28 30 210
29 30 210
24 30 211
25 30 211
26 30 211
27 30 211
28 30 211
29 30 211
24 30 212
25 30 212
26 30 212
27 30 212
28 30 212
29 30 212
24 30 213
25 30 213
26 30 213
27 30 213
28 30 213
29 30 213
24 30 214
25 30 214
26 30 214
27 30 214
28 30 214
29 30 214
24 30 215
25 30 215
26 30 215
27 30 215
28 30 215
29 30 215
24 30 216
25 30 216
26 30 216
27 30 216
28 30 216
29 30 216
24 30 217
25 30 217
26 30 217
27 30 217
28 30 217
29 30 217
24 30 218
25 30 218
26 30 218
27 30 218
28 30 218
29 30 218
24 30 219
25 30 219
26 30 219
27 30 219
28 30 219
29 30 219
24 30 220
25 30 220
26 30 220
27 30 220
28 30 220
29 30 220
24 30 221
25 30 221
26 30 221
27 30 221
28 30 221
29 30 221
24 30 222
25 30 222
26 30 222
27 30 222
28 30 222
29 30 222
24 30 223
25 30 223
26 30 223
27 30 223
28 30 223
29 30 223
24 30 224
25 30 224
26 30 224
27 30 224
28 30 224
29 30 224
24 30 225
25 30 225
26 30 225
27 30 225
28 30 225
29 30 225
24 30 226
25 30 226
26 30 226
27 30 226
28 30 226
29 30 226
24 30 227
25 30 227
26 30 227
27 30 227
28 30 227
29 30 227
24 30 228
25 30 228
26 30 228
27 30 228
28 30 228
29 30 228
24 30 229
25 30 229
26 30 229
27 30 229
28 30 229
29 30 229
24 30 230
25 30 230
26 30 230
27 30 230
28 30 230
29 30 230
24 30 231
25 30 231
26 30 231
27 30 231
28 30 231
29 30 231
24 30 232
25 30 232
26 30 232
27 30 232
28 30 232
29 30 232
24 30 233
25 30 233
26 30 233
27 30 233
28 30 233
29 30 233
24 30 234
25 30 234
26 30 234
27 30 234
28 30 234
29 30 234
24 30 235
25 30 235
26 30 235
27 30 235
28 30 235
29 30 235
24 30 236
25 30 236
26 30 236
27 30 236
28 30 236
29 30 236
24 30 237
25 30 237
26 30 237
27 30 237
28 30 237
29 30 237
24 30 238
25 30 238
26 30 238
27 30 238
28 30 238
29 30 238
24 30 239
25 30 239
26 30 239
27 30 239
28 30 239
29 30 239
24 30 240
25 30 240
26 30 240
27 30 240
28 30 240
29 30 240
24 30 241
25 30 241
26 30 241
27 30 241
28 30 241
29 30 241
24 30 242
25 30 242
26 30 242
27 30 242
28 30 242
29 30 242
24 30 243
25 30 243
26 30 243
27 30 243
28 30 243
29 30 243
24 30 244
25 30 244
26 30 244
27 30 244
28 30 244
29 30 244
24 30 245
25 30 245
26 30 245
27 30 245
28 30 245
29 30 245
24 30 246
25 30 246
26 30 246
27 30 246
28 30 246
29 30 246
