24 30 1
25 30 1
26 30 1
27 30 1
28 30 1
29 30 1
24 31 2
25 31 2
26 31 2
27 31 2
28 31 2
29 31 2
24 32 3
25 32 3
26 32 3
27 32 3
28 32 3
29 32 3
24 30 4
25 30 4
26 30 4
27 30 4
28 30 4
29 30 4
24 31 5
25 31 5
26 31 5
27 31 5
28 31 5
29 31 5
24 32 6
25 32 6
26 32 6
27 32 6
28 32 6
29 32 6
24 30 7
25 30 7
26 30 7
27 30 7
28 30 7
29 30 7
24 31 8
25 31 8
26 31 8
27 31 8
28 31 8
29 31 8
24 32 9
25 32 9
26 32 9
27 32 9
28 32 9
29 32 9
24 30 10
25 30 10
26 30 10
27 30 10
28 30 10
29 30 10
24 31 11
25 31 11
26 31 11
27 31 11
28 31 11
29 31 11
24 32 12
25 32 12
26 32 12
27 32 12
28 32 12
29 32 12
