54 60 1
55 60 1
56 60 1
57 60 1
58 60 1
59 60 1
54 61 2
55 61 2
56 61 2
57 61 2
58 61 2
59 61 2
54 62 3
55 62 3
56 62 3
57 62 3
58 62 3
59 62 3
54 63 4
55 63 4
56 63 4
57 63 4
58 63 4
59 63 4
54 60 5
55 60 5
56 60 5
57 60 5
58 60 5
59 60 5
54 61 6
55 61 6
56 61 6
57 61 6
58 61 6
59 61 6
54 62 7
55 62 7
56 62 7
57 62 7
58 62 7
59 62 7
54 63 8
55 63 8
56 63 8
57 63 8
58 63 8
59 63 8
54 60 9
55 60 9
56 60 9
57 60 9
58 60 9
59 60 9
54 61 10
55 61 10
56 61 10
57 61 10
58 61 10
59 61 10
54 62 11
55 62 11
56 62 11
57 62 11
58 62 11
59 62 11
54 63 12
55 63 12
56 63 12
57 63 12
58 63 12
59 63 12
54 60 13
55 60 13
56 60 13
57 60 13
58 60 13
59 60 13
54 61 14
55 61 14
56 61 14
57 61 14
58 61 14
59 61 14
54 62 15
55 62 15
56 62 15
57 62 15
58 62 15
59 62 15
54 63 16
55 63 16
56 63 16
57 63 16
58 63 16
59 63 16
