19 25 1
20 25 1
21 25 1
22 25 1
23 25 1
24 25 1
19 26 2
20 26 2
21 26 2
22 26 2
23 26 2
24 26 2
19 27 3
20 27 3
21 27 3
22 27 3
23 27 3
24 27 3
19 28 4
20 28 4
21 28 4
22 28 4
23 28 4
24 28 4
19 29 5
20 29 5
21 29 5
22 29 5
23 29 5
24 29 5
19 30 6
20 30 6
21 30 6
22 30 6
23 30 6
24 30 6
19 25 7
20 25 7
21 25 7
22 25 7
23 25 7
24 25 7
19 26 8
20 26 8
21 26 8
22 26 8
23 26 8
24 26 8
19 27 9
20 27 9
21 27 9
22 27 9
23 27 9
24 27 9
19 28 10
20 28 10
21 28 10
22 28 10
23 28 10
24 28 10
19 29 11
20 29 11
21 29 11
22 29 11
23 29 11
24 29 11
19 30 12
20 30 12
21 30 12
22 30 12
23 30 12
24 30 12
19 25 13
20 25 13
21 25 13
22 25 13
23 25 13
24 25 13
19 26 14
20 26 14
21 26 14
22 26 14
23 26 14
24 26 14
19 27 15
20 27 15
21 27 15
22 27 15
23 27 15
24 27 15
19 28 16
20 28 16
21 28 16
22 28 16
23 28 16
24 28 16
19 29 17
20 29 17
21 29 17
22 29 17
23 29 17
24 29 17
19 30 18
20 30 18
21 30 18
22 30 18
23 30 18
24 30 18
