16 14 1
16 14 2
16 14 3
16 14 4
16 14 5
16 14 6
16 14 7
16 14 8
16 14 9
16 14 10
16 14 11
16 14 12
16 14 13
16 14 14
16 14 15
16 14 16
16 14 17
16 14 18
16 14 19
16 14 20
16 14 21
16 14 22
16 14 23
16 14 24
16 14 25
16 14 26
16 14 27
16 14 28
16 14 29
16 14 30
16 14 31
16 14 32
16 14 33
16 14 34
16 14 35
16 14 36
16 14 37
16 14 38
16 14 39
16 14 40
16 14 41
16 14 42
16 14 43
16 14 44
16 14 45
16 14 46
16 14 47
16 14 48
16 14 49
16 14 50
16 14 51
16 14 52
16 14 53
16 14 54
16 14 55
16 14 56
16 14 57
16 14 58
16 14 59
16 14 60
16 14 61
16 14 62
16 14 63
16 14 64
16 14 65
16 14 66
16 14 67
16 14 68
16 14 69
16 14 70
16 14 71
16 14 72
16 14 73
16 14 74
16 14 75
16 14 76
16 14 77
16 14 78
16 14 79
16 14 80
16 14 81
16 14 82
16 14 83
16 14 84
16 14 85
16 14 86
16 14 87
16 14 88
16 14 89
16 14 90
16 14 91
16 14 92
16 14 93
16 14 94
16 14 95
16 14 96
16 14 97
16 14 98
16 14 99
16 14 100
16 14 101
16 14 102
16 14 103
16 14 104
16 14 105
16 14 106
16 14 107
16 14 108
16 14 109
16 14 110
16 14 111
16 14 112
16 14 113
16 14 114
16 14 115
16 14 116
16 14 117
16 14 118
16 14 119
16 14 120
16 14 121
16 14 122
16 14 123
16 14 124
16 14 125
16 14 126
16 14 127
16 14 128
16 14 129
16 14 130
16 14 131
16 14 132
16 14 133
16 14 134
16 14 135
16 14 136
16 14 137
16 14 138
16 14 139
16 14 140
16 14 141
16 14 142
16 14 143
16 14 144
16 14 145
16 14 146
16 14 147
16 14 148
16 14 149
16 14 150
16 14 151
16 14 152
16 14 153
16 14 154
16 14 155
16 14 156
16 14 157
16 14 158
16 14 159
16 14 160
16 14 161
16 14 162
16 14 163
16 14 164
16 14 165
16 14 166
16 14 167
16 14 168
16 14 169
16 14 170
16 14 171
16 14 172
16 14 173
16 14 174
16 14 175
16 14 176
16 14 177
16 14 178
16 14 179
16 14 180
16 14 181
16 14 182
16 14 183
16 14 184
16 14 185
16 14 186
16 14 187
16 14 188
16 14 189
16 14 190
16 14 191
16 14 192
16 14 193
16 14 194
16 14 195
16 14 196
16 14 197
16 14 198
16 14 199
16 14 200
16 14 201
16 14 202
16 14 203
16 14 204
16 14 205
16 14 206
16 14 207
16 14 208
16 14 209
16 14 210
16 14 211
16 14 212
16 14 213
16 14 214
16 14 215
16 14 216
16 14 217
16 14 218
16 14 219
16 14 220
16 14 221
16 14 222
16 14 223
16 14 224
16 14 225
16 14 226
16 14 227
16 14 228
16 14 229
16 14 230
16 14 231
16 14 232
16 14 233
16 14 234
16 14 235
16 14 236
16 14 237
16 14 238
16 14 239
16 14 240
16 14 241
16 14 242
16 14 243
16 14 244
16 14 245
16 14 246
16 14 247
16 14 248
16 14 249
16 14 250
16 14 251
16 14 252
16 14 253
16 14 254
16 14 255
16 14 256
16 14 257
16 14 258
16 14 259
16 14 260
16 14 261
16 14 262
16 14 263
16 14 264
16 14 265
16 14 266
16 14 267
16 14 268
16 14 269
16 14 270
16 14 271
16 14 272
16 14 273
16 14 274
16 14 275
16 14 276
16 14 277
16 14 278
16 14 279
16 14 280
16 14 281
16 14 282
16 14 283
16 14 284
16 14 285
16 14 286
16 14 287
16 14 288
16 14 289
16 14 290
16 14 291
16 14 292
16 14 293
16 14 294
16 14 295
16 14 296
16 14 297
16 14 298
16 14 299
16 14 300
16 14 301
16 14 302
16 14 303
16 14 304
16 14 305
16 14 306
16 14 307
16 14 308
16 14 309
16 14 310
16 14 311
16 14 312
16 14 313
16 14 314
16 14 315
16 14 316
16 14 317
16 14 318
16 14 319
16 14 320
16 14 321
16 14 322
16 14 323
16 14 324
16 14 325
16 14 326
16 14 327
16 14 328
16 14 329
16 14 330
16 14 331
16 14 332
16 14 333
16 14 334
16 14 335
16 14 336
16 14 337
16 14 338
16 14 339
16 14 340
16 14 341
16 14 342
16 14 343
16 14 344
16 14 345
16 14 346
16 14 347
16 14 348
16 14 349
16 14 350
16 14 351
16 14 352
16 14 353
16 14 354
16 14 355
16 14 356
16 14 357
16 14 358
16 14 359
16 14 360
16 14 361
16 14 362
16 14 363
16 14 364
16 14 365
16 14 366
16 14 367
16 14 368
16 14 369
16 14 370
16 14 371
16 14 372
16 14 373
16 14 374
16 14 375
16 14 376
16 14 377
16 14 378
16 14 379
16 14 380
16 14 381
16 14 382
16 14 383
16 14 384
16 14 385
16 14 386
16 14 387
16 14 388
16 14 389
16 14 390
16 14 391
16 14 392
16 14 393
16 14 394
16 14 395
16 14 396
16 14 397
16 14 398
16 14 399
16 14 400
16 14 401
16 14 402
16 14 403
16 14 404
16 14 405
16 14 406
16 14 407
16 14 408
16 14 409
16 14 410
16 14 411
16 14 412
16 14 413
16 14 414
16 14 415
16 14 416
16 14 417
16 14 418
16 14 419
16 14 420
16 14 421
16 14 422
16 14 423
16 14 424
16 14 425
16 14 426
16 14 427
16 14 428
16 14 429
16 14 430
16 14 431
16 14 432
16 14 433
16 14 434
16 14 435
16 14 436
16 14 437
16 14 438
16 14 439
16 14 440
16 14 441
16 14 442
16 14 443
16 14 444
16 14 445
16 14 446
16 14 447
16 14 448
16 14 449
16 14 450
16 14 451
16 14 452
16 14 453
16 14 454
16 14 455
16 14 456
16 14 457
16 14 458
16 14 459
16 14 460
16 14 461
16 14 462
16 14 463
16 14 464
16 14 465
16 14 466
16 14 467
16 14 468
16 14 469
16 14 470
16 14 471
16 14 472
16 14 473
16 14 474
16 14 475
16 14 476
16 14 477
16 14 478
16 14 479
16 14 480
16 14 481
16 14 482
16 14 483
16 14 484
16 14 485
16 14 486
16 14 487
16 14 488
16 14 489
16 14 490
16 14 491
16 14 492
16 14 493
16 14 494
16 14 495
16 14 496
16 14 497
16 14 498
16 14 499
16 14 500
16 14 501
16 14 502
16 14 503
16 14 504
16 14 505
16 14 506
16 14 507
16 14 508
16 14 509
16 14 510
16 14 511
16 14 512
16 14 513
16 14 514
16 14 515
16 14 516
16 14 517
16 14 518
16 14 519
16 14 520
16 14 521
16 14 522
16 14 523
16 14 524
16 14 525
16 14 526
16 14 527
16 14 528
16 14 529
16 14 530
16 14 531
16 14 532
16 14 533
16 14 534
16 14 535
16 14 536
16 14 537
16 14 538
16 14 539
16 14 540
16 14 541
16 14 542
16 14 543
16 14 544
16 14 545
16 14 546
16 14 547
16 14 548
16 14 549
16 14 550
16 14 551
16 14 552
16 14 553
16 14 554
16 14 555
16 14 556
16 14 557
16 14 558
16 14 559
16 14 560
16 14 561
16 14 562
16 14 563
16 14 564
16 14 565
16 14 566
16 14 567
16 14 568
16 14 569
16 14 570
16 14 571
16 14 572
16 14 573
16 14 574
16 14 575
16 14 576
16 14 577
16 14 578
16 14 579
16 14 580
16 14 581
16 14 582
16 14 583
16 14 584
16 14 585
16 14 586
16 14 587
16 14 588
16 14 589
16 14 590
16 14 591
16 14 592
16 14 593
16 14 594
16 14 595
16 14 596
16 14 597
16 14 598
16 14 599
16 14 600
16 14 601
16 14 602
16 14 603
16 14 604
16 14 605
16 14 606
16 14 607
16 14 608
16 14 609
16 14 610
16 14 611
16 14 612
16 14 613
16 14 614
