0 13 1
0 13 2
0 13 3
0 13 4
0 13 5
0 13 6
0 13 7
0 13 8
0 13 9
0 13 10
0 13 11
0 13 12
0 13 13
0 13 14
0 13 15
0 13 16
0 13 17
0 13 18
0 13 19
0 13 20
0 13 21
0 13 22
0 13 23
0 13 24
0 13 25
0 13 26
0 13 27
0 13 28
0 13 29
0 13 30
0 13 31
0 13 32
0 13 33
0 13 34
0 13 35
0 13 36
0 13 37
0 13 38
0 13 39
0 13 40
0 13 41
0 13 42
0 13 43
0 13 44
0 13 45
0 13 46
0 13 47
0 13 48
0 13 49
0 13 50
0 13 51
0 13 52
0 13 53
0 13 54
0 13 55
0 13 56
0 13 57
0 13 58
0 13 59
0 13 60
0 13 61
0 13 62
0 13 63
0 13 64
0 13 65
0 13 66
0 13 67
0 13 68
0 13 69
0 13 70
0 13 71
0 13 72
0 13 73
0 13 74
0 13 75
0 13 76
0 13 77
0 13 78
0 13 79
0 13 80
0 13 81
0 13 82
0 13 83
0 13 84
0 13 85
0 13 86
0 13 87
0 13 88
0 13 89
0 13 90
0 13 91
0 13 92
0 13 93
0 13 94
0 13 95
0 13 96
0 13 97
0 13 98
0 13 99
0 13 100
0 13 101
0 13 102
0 13 103
0 13 104
0 13 105
0 13 106
0 13 107
0 13 108
0 13 109
0 13 110
0 13 111
0 13 112
0 13 113
0 13 114
0 13 115
0 13 116
0 13 117
0 13 118
0 13 119
0 13 120
0 13 121
0 13 122
0 13 123
0 13 124
0 13 125
0 13 126
0 13 127
0 13 128
0 13 129
0 13 130
0 13 131
0 13 132
0 13 133
0 13 134
0 13 135
0 13 136
0 13 137
0 13 138
0 13 139
0 13 140
0 13 141
0 13 142
0 13 143
0 13 144
0 13 145
0 13 146
0 13 147
0 13 148
0 13 149
0 13 150
0 13 151
0 13 152
0 13 153
0 13 154
0 13 155
0 13 156
0 13 157
0 13 158
0 13 159
0 13 160
0 13 161
0 13 162
0 13 163
0 13 164
0 13 165
0 13 166
0 13 167
0 13 168
0 13 169
0 13 170
0 13 171
0 13 172
0 13 173
0 13 174
0 13 175
0 13 176
0 13 177
0 13 178
0 13 179
0 13 180
0 13 181
0 13 182
0 13 183
0 13 184
0 13 185
0 13 186
0 13 187
0 13 188
0 13 189
0 13 190
0 13 191
0 13 192
0 13 193
0 13 194
0 13 195
0 13 196
0 13 197
0 13 198
0 13 199
0 13 200
0 13 201
0 13 202
0 13 203
0 13 204
0 13 205
0 13 206
0 13 207
0 13 208
0 13 209
0 13 210
0 13 211
0 13 212
0 13 213
0 13 214
0 13 215
0 13 216
0 13 217
0 13 218
0 13 219
0 13 220
0 13 221
0 13 222
0 13 223
0 13 224
0 13 225
0 13 226
0 13 227
0 13 228
0 13 229
0 13 230
0 13 231
0 13 232
0 13 233
0 13 234
0 13 235
0 13 236
0 13 237
0 13 238
0 13 239
0 13 240
0 13 241
0 13 242
0 13 243
0 13 244
0 13 245
0 13 246
0 13 247
0 13 248
0 13 249
0 13 250
0 13 251
0 13 252
0 13 253
0 13 254
0 13 255
0 13 256
0 13 257
0 13 258
0 13 259
0 13 260
0 13 261
0 13 262
0 13 263
0 13 264
0 13 265
0 13 266
0 13 267
0 13 268
0 13 269
0 13 270
0 13 271
0 13 272
0 13 273
0 13 274
0 13 275
0 13 276
0 13 277
0 13 278
0 13 279
0 13 280
0 13 281
0 13 282
0 13 283
0 13 284
0 13 285
0 13 286
0 13 287
0 13 288
0 13 289
0 13 290
0 13 291
0 13 292
0 13 293
0 13 294
0 13 295
0 13 296
0 13 297
0 13 298
0 13 299
0 13 300
0 13 301
0 13 302
0 13 303
0 13 304
0 13 305
0 13 306
0 13 307
0 13 308
0 13 309
0 13 310
0 13 311
0 13 312
0 13 313
0 13 314
0 13 315
0 13 316
0 13 317
0 13 318
0 13 319
0 13 320
0 13 321
0 13 322
0 13 323
0 13 324
0 13 325
0 13 326
0 13 327
0 13 328
0 13 329
0 13 330
0 13 331
0 13 332
0 13 333
0 13 334
0 13 335
0 13 336
0 13 337
0 13 338
0 13 339
0 13 340
0 13 341
0 13 342
0 13 343
0 13 344
0 13 345
0 13 346
0 13 347
0 13 348
0 13 349
0 13 350
0 13 351
0 13 352
0 13 353
0 13 354
0 13 355
0 13 356
0 13 357
0 13 358
0 13 359
0 13 360
0 13 361
0 13 362
0 13 363
0 13 364
0 13 365
0 13 366
0 13 367
0 13 368
0 13 369
0 13 370
0 13 371
0 13 372
0 13 373
0 13 374
0 13 375
0 13 376
0 13 377
0 13 378
0 13 379
0 13 380
0 13 381
0 13 382
0 13 383
0 13 384
0 13 385
0 13 386
0 13 387
0 13 388
0 13 389
0 13 390
0 13 391
0 13 392
0 13 393
0 13 394
0 13 395
0 13 396
0 13 397
0 13 398
0 13 399
0 13 400
0 13 401
0 13 402
0 13 403
0 13 404
0 13 405
0 13 406
0 13 407
0 13 408
0 13 409
0 13 410
0 13 411
0 13 412
0 13 413
0 13 414
0 13 415
0 13 416
0 13 417
0 13 418
0 13 419
0 13 420
0 13 421
0 13 422
0 13 423
0 13 424
0 13 425
0 13 426
0 13 427
0 13 428
0 13 429
0 13 430
0 13 431
0 13 432
0 13 433
0 13 434
0 13 435
0 13 436
0 13 437
0 13 438
0 13 439
0 13 440
0 13 441
0 13 442
0 13 443
0 13 444
0 13 445
0 13 446
0 13 447
0 13 448
0 13 449
0 13 450
0 13 451
0 13 452
0 13 453
0 13 454
0 13 455
0 13 456
0 13 457
0 13 458
0 13 459
0 13 460
0 13 461
0 13 462
0 13 463
0 13 464
0 13 465
0 13 466
0 13 467
0 13 468
0 13 469
0 13 470
0 13 471
0 13 472
0 13 473
0 13 474
0 13 475
0 13 476
0 13 477
0 13 478
0 13 479
0 13 480
0 13 481
0 13 482
0 13 483
0 13 484
0 13 485
0 13 486
0 13 487
0 13 488
0 13 489
0 13 490
0 13 491
0 13 492
0 13 493
0 13 494
0 13 495
0 13 496
0 13 497
0 13 498
0 13 499
0 13 500
0 13 501
0 13 502
0 13 503
0 13 504
0 13 505
0 13 506
0 13 507
0 13 508
0 13 509
0 13 510
0 13 511
0 13 512
0 13 513
0 13 514
0 13 515
0 13 516
0 13 517
0 13 518
0 13 519
0 13 520
0 13 521
0 13 522
0 13 523
0 13 524
0 13 525
0 13 526
0 13 527
0 13 528
0 13 529
0 13 530
0 13 531
0 13 532
0 13 533
0 13 534
0 13 535
0 13 536
0 13 537
0 13 538
0 13 539
0 13 540
0 13 541
0 13 542
0 13 543
0 13 544
0 13 545
0 13 546
0 13 547
0 13 548
0 13 549
0 13 550
0 13 551
0 13 552
0 13 553
0 13 554
0 13 555
0 13 556
0 13 557
0 13 558
0 13 559
0 13 560
0 13 561
0 13 562
0 13 563
0 13 564
0 13 565
0 13 566
0 13 567
0 13 568
0 13 569
0 13 570
0 13 571
0 13 572
0 13 573
0 13 574
0 13 575
0 13 576
0 13 577
0 13 578
0 13 579
0 13 580
0 13 581
0 13 582
0 13 583
0 13 584
0 13 585
0 13 586
0 13 587
0 13 588
0 13 589
0 13 590
0 13 591
0 13 592
0 13 593
0 13 594
0 13 595
0 13 596
0 13 597
0 13 598
0 13 599
0 13 600
0 13 601
0 13 602
0 13 603
0 13 604
0 13 605
0 13 606
0 13 607
0 13 608
0 13 609
0 13 610
0 13 611
0 13 612
0 13 613
0 13 614
0 13 615
0 13 616
0 13 617
0 13 618
0 13 619
0 13 620
0 13 621
0 13 622
0 13 623
0 13 624
0 13 625
0 13 626
0 13 627
0 13 628
0 13 629
0 13 630
0 13 631
0 13 632
0 13 633
0 13 634
0 13 635
0 13 636
0 13 637
0 13 638
0 13 639
0 13 640
0 13 641
0 13 642
0 13 643
0 13 644
0 13 645
0 13 646
0 13 647
0 13 648
0 13 649
0 13 650
0 13 651
0 13 652
0 13 653
0 13 654
0 13 655
0 13 656
0 13 657
0 13 658
0 13 659
0 13 660
0 13 661
0 13 662
0 13 663
0 13 664
0 13 665
0 13 666
0 13 667
0 13 668
0 13 669
0 13 670
0 13 671
0 13 672
0 13 673
0 13 674
0 13 675
0 13 676
0 13 677
0 13 678
0 13 679
0 13 680
0 13 681
0 13 682
0 13 683
0 13 684
0 13 685
0 13 686
0 13 687
0 13 688
0 13 689
0 13 690
0 13 691
0 13 692
0 13 693
0 13 694
0 13 695
0 13 696
0 13 697
0 13 698
0 13 699
0 13 700
0 13 701
0 13 702
0 13 703
0 13 704
0 13 705
0 13 706
0 13 707
0 13 708
0 13 709
0 13 710
0 13 711
0 13 712
0 13 713
0 13 714
0 13 715
0 13 716
0 13 717
0 13 718
0 13 719
0 13 720
0 13 721
0 13 722
0 13 723
0 13 724
0 13 725
0 13 726
0 13 727
0 13 728
0 13 729
0 13 730
0 13 731
0 13 732
0 13 733
0 13 734
0 13 735
0 13 736
0 13 737
0 13 738
0 13 739
0 13 740
0 13 741
0 13 742
0 13 743
0 13 744
0 13 745
0 13 746
0 13 747
0 13 748
0 13 749
0 13 750
0 13 751
0 13 752
0 13 753
0 13 754
0 13 755
0 13 756
0 13 757
0 13 758
0 13 759
0 13 760
0 13 761
0 13 762
0 13 763
0 13 764
0 13 765
0 13 766
0 13 767
0 13 768
0 13 769
0 13 770
0 13 771
0 13 772
0 13 773
0 13 774
0 13 775
0 13 776
0 13 777
0 13 778
0 13 779
0 13 780
0 13 781
0 13 782
0 13 783
0 13 784
0 13 785
0 13 786
0 13 787
0 13 788
0 13 789
0 13 790
0 13 791
0 13 792
0 13 793
0 13 794
0 13 795
0 13 796
0 13 797
0 13 798
0 13 799
0 13 800
0 13 801
0 13 802
0 13 803
0 13 804
0 13 805
0 13 806
0 13 807
0 13 808
0 13 809
0 13 810
0 13 811
0 13 812
0 13 813
0 13 814
0 13 815
0 13 816
0 13 817
0 13 818
0 13 819
0 13 820
0 13 821
0 13 822
0 13 823
0 13 824
0 13 825
0 13 826
0 13 827
0 13 828
0 13 829
0 13 830
0 13 831
0 13 832
0 13 833
0 13 834
0 13 835
0 13 836
0 13 837
0 13 838
0 13 839
0 13 840
0 13 841
0 13 842
0 13 843
0 13 844
0 13 845
0 13 846
0 13 847
0 13 848
0 13 849
0 13 850
0 13 851
0 13 852
0 13 853
0 13 854
0 13 855
0 13 856
0 13 857
0 13 858
0 13 859
0 13 860
0 13 861
0 13 862
0 13 863
0 13 864
0 13 865
0 13 866
0 13 867
0 13 868
0 13 869
0 13 870
0 13 871
0 13 872
0 13 873
0 13 874
0 13 875
0 13 876
0 13 877
0 13 878
0 13 879
0 13 880
0 13 881
0 13 882
0 13 883
0 13 884
0 13 885
0 13 886
0 13 887
0 13 888
0 13 889
0 13 890
0 13 891
0 13 892
0 13 893
0 13 894
0 13 895
0 13 896
0 13 897
0 13 898
0 13 899
0 13 900
0 13 901
0 13 902
0 13 903
0 13 904
0 13 905
0 13 906
0 13 907
0 13 908
0 13 909
0 13 910
0 13 911
0 13 912
0 13 913
0 13 914
0 13 915
0 13 916
0 13 917
0 13 918
0 13 919
0 13 920
0 13 921
0 13 922
0 13 923
0 13 924
0 13 925
0 13 926
0 13 927
0 13 928
0 13 929
0 13 930
0 13 931
0 13 932
0 13 933
0 13 934
0 13 935
0 13 936
0 13 937
0 13 938
0 13 939
0 13 940
0 13 941
0 13 942
0 13 943
0 13 944
0 13 945
0 13 946
0 13 947
0 13 948
0 13 949
0 13 950
0 13 951
0 13 952
0 13 953
0 13 954
0 13 955
0 13 956
0 13 957
0 13 958
0 13 959
0 13 960
0 13 961
0 13 962
0 13 963
0 13 964
0 13 965
0 13 966
0 13 967
0 13 968
0 13 969
0 13 970
0 13 971
0 13 972
0 13 973
0 13 974
0 13 975
0 13 976
0 13 977
0 13 978
0 13 979
0 13 980
0 13 981
0 13 982
0 13 983
0 13 984
0 13 985
0 13 986
0 13 987
0 13 988
0 13 989
0 13 990
0 13 991
0 13 992
0 13 993
0 13 994
0 13 995
0 13 996
0 13 997
0 13 998
0 13 999
0 13 1000
0 13 1001
0 13 1002
0 13 1003
0 13 1004
0 13 1005
0 13 1006
0 13 1007
0 13 1008
0 13 1009
0 13 1010
0 13 1011
0 13 1012
0 13 1013
0 13 1014
0 13 1015
0 13 1016
0 13 1017
0 13 1018
0 13 1019
0 13 1020
0 13 1021
0 13 1022
0 13 1023
0 13 1024
0 13 1025
0 13 1026
0 13 1027
0 13 1028
0 13 1029
0 13 1030
0 13 1031
0 13 1032
0 13 1033
0 13 1034
0 13 1035
0 13 1036
0 13 1037
0 13 1038
0 13 1039
0 13 1040
0 13 1041
0 13 1042
0 13 1043
0 13 1044
0 13 1045
0 13 1046
0 13 1047
0 13 1048
0 13 1049
0 13 1050
0 13 1051
0 13 1052
0 13 1053
0 13 1054
0 13 1055
0 13 1056
0 13 1057
0 13 1058
0 13 1059
0 13 1060
0 13 1061
0 13 1062
0 13 1063
0 13 1064
0 13 1065
0 13 1066
0 13 1067
0 13 1068
0 13 1069
0 13 1070
0 13 1071
0 13 1072
0 13 1073
0 13 1074
0 13 1075
0 13 1076
0 13 1077
0 13 1078
0 13 1079
0 13 1080
0 13 1081
0 13 1082
0 13 1083
0 13 1084
0 13 1085
0 13 1086
0 13 1087
0 13 1088
0 13 1089
0 13 1090
0 13 1091
0 13 1092
0 13 1093
0 13 1094
0 13 1095
0 13 1096
0 13 1097
0 13 1098
0 13 1099
0 13 1100
0 13 1101
0 13 1102
0 13 1103
0 13 1104
0 13 1105
0 13 1106
0 13 1107
0 13 1108
0 13 1109
0 13 1110
0 13 1111
0 13 1112
0 13 1113
0 13 1114
0 13 1115
0 13 1116
0 13 1117
0 13 1118
0 13 1119
0 13 1120
0 13 1121
0 13 1122
0 13 1123
0 13 1124
0 13 1125
0 13 1126
0 13 1127
0 13 1128
0 13 1129
0 13 1130
0 13 1131
0 13 1132
0 13 1133
0 13 1134
0 13 1135
0 13 1136
0 13 1137
0 13 1138
0 13 1139
0 13 1140
0 13 1141
0 13 1142
0 13 1143
0 13 1144
0 13 1145
0 13 1146
0 13 1147
0 13 1148
0 13 1149
0 13 1150
0 13 1151
0 13 1152
0 13 1153
0 13 1154
0 13 1155
0 13 1156
0 13 1157
0 13 1158
0 13 1159
0 13 1160
0 13 1161
0 13 1162
0 13 1163
0 13 1164
0 13 1165
0 13 1166
0 13 1167
0 13 1168
0 13 1169
0 13 1170
0 13 1171
0 13 1172
0 13 1173
0 13 1174
0 13 1175
0 13 1176
0 13 1177
0 13 1178
0 13 1179
0 13 1180
0 13 1181
0 13 1182
0 13 1183
0 13 1184
0 13 1185
0 13 1186
0 13 1187
0 13 1188
0 13 1189
0 13 1190
0 13 1191
0 13 1192
0 13 1193
0 13 1194
0 13 1195
0 13 1196
0 13 1197
0 13 1198
0 13 1199
0 13 1200
0 13 1201
0 13 1202
0 13 1203
0 13 1204
0 13 1205
0 13 1206
0 13 1207
0 13 1208
0 13 1209
0 13 1210
0 13 1211
0 13 1212
0 13 1213
0 13 1214
0 13 1215
0 13 1216
0 13 1217
0 13 1218
0 13 1219
0 13 1220
0 13 1221
0 13 1222
0 13 1223
0 13 1224
0 13 1225
0 13 1226
0 13 1227
0 13 1228
0 13 1229
0 13 1230
0 13 1231
0 13 1232
0 13 1233
0 13 1234
0 13 1235
0 13 1236
0 13 1237
0 13 1238
0 13 1239
0 13 1240
0 13 1241
0 13 1242
0 13 1243
0 13 1244
0 13 1245
0 13 1246
0 13 1247
0 13 1248
0 13 1249
0 13 1250
0 13 1251
0 13 1252
0 13 1253
0 13 1254
0 13 1255
0 13 1256
0 13 1257
0 13 1258
0 13 1259
0 13 1260
0 13 1261
0 13 1262
0 13 1263
0 13 1264
0 13 1265
0 13 1266
0 13 1267
0 13 1268
0 13 1269
0 13 1270
0 13 1271
0 13 1272
0 13 1273
0 13 1274
0 13 1275
0 13 1276
0 13 1277
0 13 1278
0 13 1279
0 13 1280
0 13 1281
0 13 1282
0 13 1283
0 13 1284
0 13 1285
0 13 1286
0 13 1287
0 13 1288
0 13 1289
0 13 1290
0 13 1291
0 13 1292
0 13 1293
0 13 1294
0 13 1295
0 13 1296
0 13 1297
0 13 1298
0 13 1299
0 13 1300
0 13 1301
0 13 1302
0 13 1303
0 13 1304
0 13 1305
0 13 1306
0 13 1307
0 13 1308
0 13 1309
0 13 1310
0 13 1311
0 13 1312
0 13 1313
0 13 1314
0 13 1315
0 13 1316
0 13 1317
0 13 1318
0 13 1319
0 13 1320
0 13 1321
0 13 1322
0 13 1323
0 13 1324
0 13 1325
0 13 1326
0 13 1327
0 13 1328
0 13 1329
0 13 1330
0 13 1331
0 13 1332
0 13 1333
0 13 1334
0 13 1335
0 13 1336
0 13 1337
0 13 1338
0 13 1339
0 13 1340
0 13 1341
0 13 1342
0 13 1343
0 13 1344
0 13 1345
0 13 1346
0 13 1347
0 13 1348
0 13 1349
0 13 1350
0 13 1351
0 13 1352
0 13 1353
0 13 1354
0 13 1355
0 13 1356
0 13 1357
0 13 1358
0 13 1359
0 13 1360
0 13 1361
0 13 1362
0 13 1363
0 13 1364
0 13 1365
0 13 1366
0 13 1367
0 13 1368
0 13 1369
0 13 1370
0 13 1371
0 13 1372
0 13 1373
0 13 1374
0 13 1375
0 13 1376
0 13 1377
0 13 1378
0 13 1379
0 13 1380
0 13 1381
0 13 1382
0 13 1383
0 13 1384
0 13 1385
0 13 1386
0 13 1387
0 13 1388
0 13 1389
0 13 1390
0 13 1391
0 13 1392
0 13 1393
0 13 1394
0 13 1395
0 13 1396
0 13 1397
0 13 1398
0 13 1399
0 13 1400
0 13 1401
0 13 1402
0 13 1403
0 13 1404
0 13 1405
0 13 1406
0 13 1407
0 13 1408
0 13 1409
0 13 1410
0 13 1411
0 13 1412
0 13 1413
0 13 1414
0 13 1415
0 13 1416
0 13 1417
0 13 1418
0 13 1419
0 13 1420
0 13 1421
0 13 1422
0 13 1423
0 13 1424
0 13 1425
0 13 1426
0 13 1427
0 13 1428
0 13 1429
0 13 1430
0 13 1431
0 13 1432
0 13 1433
0 13 1434
0 13 1435
0 13 1436
0 13 1437
0 13 1438
0 13 1439
0 13 1440
0 13 1441
0 13 1442
0 13 1443
0 13 1444
0 13 1445
0 13 1446
0 13 1447
0 13 1448
0 13 1449
0 13 1450
0 13 1451
0 13 1452
0 13 1453
0 13 1454
0 13 1455
0 13 1456
0 13 1457
0 13 1458
0 13 1459
0 13 1460
0 13 1461
0 13 1462
0 13 1463
0 13 1464
0 13 1465
0 13 1466
0 13 1467
0 13 1468
0 13 1469
0 13 1470
0 13 1471
0 13 1472
0 13 1473
0 13 1474
0 13 1475
0 13 1476
0 13 1477
0 13 1478
0 13 1479
0 13 1480
0 13 1481
0 13 1482
0 13 1483
0 13 1484
0 13 1485
0 13 1486
0 13 1487
0 13 1488
0 13 1489
0 13 1490
0 13 1491
0 13 1492
0 13 1493
0 13 1494
0 13 1495
0 13 1496
0 13 1497
0 13 1498
0 13 1499
0 13 1500
0 13 1501
0 13 1502
0 13 1503
0 13 1504
0 13 1505
0 13 1506
0 13 1507
0 13 1508
0 13 1509
0 13 1510
0 13 1511
0 13 1512
0 13 1513
0 13 1514
0 13 1515
0 13 1516
0 13 1517
0 13 1518
0 13 1519
0 13 1520
0 13 1521
0 13 1522
0 13 1523
0 13 1524
0 13 1525
0 13 1526
0 13 1527
0 13 1528
0 13 1529
0 13 1530
0 13 1531
0 13 1532
0 13 1533
0 13 1534
0 13 1535
0 13 1536
0 13 1537
0 13 1538
0 13 1539
0 13 1540
0 13 1541
0 13 1542
0 13 1543
0 13 1544
0 13 1545
0 13 1546
0 13 1547
0 13 1548
0 13 1549
0 13 1550
0 13 1551
0 13 1552
0 13 1553
0 13 1554
0 13 1555
0 13 1556
0 13 1557
0 13 1558
0 13 1559
0 13 1560
0 13 1561
0 13 1562
0 13 1563
0 13 1564
0 13 1565
0 13 1566
0 13 1567
0 13 1568
0 13 1569
0 13 1570
0 13 1571
0 13 1572
0 13 1573
0 13 1574
0 13 1575
0 13 1576
0 13 1577
0 13 1578
0 13 1579
0 13 1580
0 13 1581
0 13 1582
0 13 1583
0 13 1584
0 13 1585
0 13 1586
0 13 1587
0 13 1588
0 13 1589
0 13 1590
0 13 1591
0 13 1592
0 13 1593
0 13 1594
0 13 1595
0 13 1596
0 13 1597
0 13 1598
0 13 1599
0 13 1600
0 13 1601
0 13 1602
0 13 1603
0 13 1604
0 13 1605
0 13 1606
0 13 1607
0 13 1608
0 13 1609
0 13 1610
0 13 1611
0 13 1612
0 13 1613
0 13 1614
0 13 1615
0 13 1616
0 13 1617
0 13 1618
0 13 1619
0 13 1620
0 13 1621
0 13 1622
0 13 1623
0 13 1624
0 13 1625
0 13 1626
0 13 1627
0 13 1628
0 13 1629
0 13 1630
0 13 1631
0 13 1632
0 13 1633
0 13 1634
0 13 1635
0 13 1636
0 13 1637
0 13 1638
0 13 1639
0 13 1640
0 13 1641
0 13 1642
0 13 1643
0 13 1644
0 13 1645
0 13 1646
0 13 1647
0 13 1648
0 13 1649
0 13 1650
0 13 1651
0 13 1652
0 13 1653
0 13 1654
0 13 1655
0 13 1656
0 13 1657
0 13 1658
0 13 1659
0 13 1660
0 13 1661
0 13 1662
0 13 1663
0 13 1664
0 13 1665
0 13 1666
0 13 1667
0 13 1668
0 13 1669
0 13 1670
0 13 1671
0 13 1672
0 13 1673
0 13 1674
0 13 1675
0 13 1676
0 13 1677
0 13 1678
0 13 1679
0 13 1680
0 13 1681
0 13 1682
0 13 1683
0 13 1684
0 13 1685
0 13 1686
0 13 1687
0 13 1688
0 13 1689
0 13 1690
0 13 1691
0 13 1692
0 13 1693
0 13 1694
0 13 1695
0 13 1696
0 13 1697
0 13 1698
0 13 1699
0 13 1700
0 13 1701
0 13 1702
0 13 1703
0 13 1704
0 13 1705
0 13 1706
0 13 1707
0 13 1708
0 13 1709
0 13 1710
0 13 1711
0 13 1712
0 13 1713
0 13 1714
0 13 1715
0 13 1716
0 13 1717
0 13 1718
0 13 1719
0 13 1720
0 13 1721
0 13 1722
0 13 1723
0 13 1724
0 13 1725
0 13 1726
0 13 1727
0 13 1728
0 13 1729
0 13 1730
0 13 1731
0 13 1732
0 13 1733
0 13 1734
0 13 1735
0 13 1736
0 13 1737
0 13 1738
0 13 1739
0 13 1740
0 13 1741
0 13 1742
0 13 1743
0 13 1744
0 13 1745
0 13 1746
0 13 1747
0 13 1748
0 13 1749
0 13 1750
0 13 1751
0 13 1752
0 13 1753
0 13 1754
0 13 1755
0 13 1756
0 13 1757
0 13 1758
0 13 1759
0 13 1760
0 13 1761
0 13 1762
0 13 1763
0 13 1764
0 13 1765
0 13 1766
0 13 1767
0 13 1768
0 13 1769
0 13 1770
0 13 1771
0 13 1772
0 13 1773
0 13 1774
0 13 1775
0 13 1776
0 13 1777
0 13 1778
0 13 1779
0 13 1780
0 13 1781
0 13 1782
0 13 1783
0 13 1784
0 13 1785
0 13 1786
0 13 1787
0 13 1788
0 13 1789
0 13 1790
0 13 1791
0 13 1792
0 13 1793
0 13 1794
0 13 1795
0 13 1796
0 13 1797
0 13 1798
0 13 1799
0 13 1800
0 13 1801
0 13 1802
0 13 1803
0 13 1804
0 13 1805
0 13 1806
0 13 1807
0 13 1808
0 13 1809
0 13 1810
0 13 1811
0 13 1812
0 13 1813
0 13 1814
0 13 1815
0 13 1816
0 13 1817
0 13 1818
0 13 1819
0 13 1820
0 13 1821
0 13 1822
0 13 1823
0 13 1824
0 13 1825
0 13 1826
0 13 1827
0 13 1828
0 13 1829
0 13 1830
0 13 1831
0 13 1832
0 13 1833
0 13 1834
0 13 1835
0 13 1836
0 13 1837
0 13 1838
0 13 1839
0 13 1840
0 13 1841
0 13 1842
0 13 1843
0 13 1844
0 13 1845
0 13 1846
0 13 1847
0 13 1848
0 13 1849
0 13 1850
0 13 1851
0 13 1852
0 13 1853
0 13 1854
0 13 1855
0 13 1856
0 13 1857
0 13 1858
0 13 1859
0 13 1860
0 13 1861
0 13 1862
0 13 1863
0 13 1864
0 13 1865
0 13 1866
0 13 1867
0 13 1868
0 13 1869
0 13 1870
0 13 1871
0 13 1872
0 13 1873
0 13 1874
0 13 1875
0 13 1876
0 13 1877
0 13 1878
0 13 1879
0 13 1880
0 13 1881
0 13 1882
0 13 1883
0 13 1884
0 13 1885
0 13 1886
0 13 1887
0 13 1888
0 13 1889
0 13 1890
0 13 1891
0 13 1892
0 13 1893
0 13 1894
0 13 1895
0 13 1896
0 13 1897
0 13 1898
0 13 1899
0 13 1900
0 13 1901
0 13 1902
0 13 1903
0 13 1904
0 13 1905
0 13 1906
0 13 1907
0 13 1908
0 13 1909
0 13 1910
0 13 1911
0 13 1912
0 13 1913
0 13 1914
0 13 1915
0 13 1916
0 13 1917
0 13 1918
0 13 1919
0 13 1920
0 13 1921
0 13 1922
0 13 1923
0 13 1924
0 13 1925
0 13 1926
0 13 1927
0 13 1928
0 13 1929
0 13 1930
0 13 1931
0 13 1932
0 13 1933
0 13 1934
0 13 1935
0 13 1936
0 13 1937
0 13 1938
0 13 1939
0 13 1940
0 13 1941
0 13 1942
0 13 1943
0 13 1944
0 13 1945
0 13 1946
0 13 1947
0 13 1948
0 13 1949
0 13 1950
0 13 1951
0 13 1952
0 13 1953
0 13 1954
0 13 1955
0 13 1956
0 13 1957
0 13 1958
0 13 1959
0 13 1960
0 13 1961
0 13 1962
0 13 1963
0 13 1964
0 13 1965
0 13 1966
0 13 1967
0 13 1968
0 13 1969
0 13 1970
0 13 1971
0 13 1972
0 13 1973
0 13 1974
0 13 1975
0 13 1976
0 13 1977
0 13 1978
0 13 1979
0 13 1980
0 13 1981
0 13 1982
0 13 1983
0 13 1984
0 13 1985
0 13 1986
0 13 1987
0 13 1988
0 13 1989
0 13 1990
0 13 1991
0 13 1992
0 13 1993
0 13 1994
0 13 1995
0 13 1996
0 13 1997
0 13 1998
0 13 1999
0 13 2000
0 13 2001
0 13 2002
0 13 2003
0 13 2004
0 13 2005
0 13 2006
0 13 2007
0 13 2008
0 13 2009
0 13 2010
0 13 2011
0 13 2012
0 13 2013
0 13 2014
0 13 2015
0 13 2016
0 13 2017
0 13 2018
0 13 2019
0 13 2020
0 13 2021
0 13 2022
0 13 2023
0 13 2024
0 13 2025
0 13 2026
0 13 2027
0 13 2028
0 13 2029
0 13 2030
0 13 2031
0 13 2032
0 13 2033
0 13 2034
0 13 2035
0 13 2036
0 13 2037
0 13 2038
0 13 2039
0 13 2040
0 13 2041
0 13 2042
0 13 2043
0 13 2044
0 13 2045
0 13 2046
0 13 2047
0 13 2048
0 13 2049
0 13 2050
0 13 2051
0 13 2052
0 13 2053
0 13 2054
0 13 2055
0 13 2056
0 13 2057
0 13 2058
0 13 2059
0 13 2060
0 13 2061
0 13 2062
0 13 2063
0 13 2064
0 13 2065
0 13 2066
0 13 2067
0 13 2068
0 13 2069
0 13 2070
0 13 2071
0 13 2072
0 13 2073
0 13 2074
0 13 2075
0 13 2076
0 13 2077
0 13 2078
0 13 2079
0 13 2080
0 13 2081
0 13 2082
0 13 2083
0 13 2084
0 13 2085
0 13 2086
0 13 2087
0 13 2088
0 13 2089
0 13 2090
0 13 2091
0 13 2092
0 13 2093
0 13 2094
0 13 2095
0 13 2096
0 13 2097
0 13 2098
0 13 2099
0 13 2100
0 13 2101
0 13 2102
0 13 2103
0 13 2104
0 13 2105
0 13 2106
0 13 2107
0 13 2108
0 13 2109
0 13 2110
0 13 2111
0 13 2112
0 13 2113
0 13 2114
0 13 2115
0 13 2116
0 13 2117
0 13 2118
0 13 2119
0 13 2120
0 13 2121
0 13 2122
0 13 2123
0 13 2124
0 13 2125
0 13 2126
0 13 2127
0 13 2128
0 13 2129
0 13 2130
0 13 2131
0 13 2132
0 13 2133
0 13 2134
0 13 2135
0 13 2136
0 13 2137
0 13 2138
0 13 2139
0 13 2140
0 13 2141
0 13 2142
0 13 2143
0 13 2144
0 13 2145
0 13 2146
0 13 2147
0 13 2148
0 13 2149
0 13 2150
0 13 2151
0 13 2152
0 13 2153
0 13 2154
0 13 2155
0 13 2156
0 13 2157
0 13 2158
0 13 2159
0 13 2160
0 13 2161
0 13 2162
0 13 2163
0 13 2164
0 13 2165
0 13 2166
0 13 2167
0 13 2168
0 13 2169
0 13 2170
0 13 2171
0 13 2172
0 13 2173
0 13 2174
0 13 2175
0 13 2176
0 13 2177
0 13 2178
0 13 2179
0 13 2180
0 13 2181
0 13 2182
0 13 2183
0 13 2184
0 13 2185
0 13 2186
0 13 2187
0 13 2188
0 13 2189
0 13 2190
0 13 2191
0 13 2192
0 13 2193
0 13 2194
0 13 2195
0 13 2196
0 13 2197
0 13 2198
0 13 2199
0 13 2200
0 13 2201
0 13 2202
0 13 2203
0 13 2204
0 13 2205
0 13 2206
0 13 2207
0 13 2208
0 13 2209
0 13 2210
0 13 2211
0 13 2212
0 13 2213
0 13 2214
0 13 2215
0 13 2216
0 13 2217
0 13 2218
0 13 2219
0 13 2220
0 13 2221
0 13 2222
0 13 2223
0 13 2224
0 13 2225
0 13 2226
0 13 2227
0 13 2228
0 13 2229
0 13 2230
0 13 2231
0 13 2232
0 13 2233
0 13 2234
0 13 2235
0 13 2236
0 13 2237
0 13 2238
0 13 2239
0 13 2240
0 13 2241
0 13 2242
0 13 2243
0 13 2244
0 13 2245
0 13 2246
0 13 2247
0 13 2248
0 13 2249
0 13 2250
0 13 2251
0 13 2252
0 13 2253
0 13 2254
0 13 2255
0 13 2256
0 13 2257
0 13 2258
0 13 2259
0 13 2260
0 13 2261
0 13 2262
0 13 2263
0 13 2264
0 13 2265
0 13 2266
0 13 2267
0 13 2268
0 13 2269
0 13 2270
0 13 2271
0 13 2272
0 13 2273
0 13 2274
0 13 2275
0 13 2276
0 13 2277
0 13 2278
0 13 2279
0 13 2280
0 13 2281
0 13 2282
0 13 2283
0 13 2284
0 13 2285
0 13 2286
0 13 2287
0 13 2288
0 13 2289
0 13 2290
0 13 2291
0 13 2292
0 13 2293
0 13 2294
0 13 2295
0 13 2296
0 13 2297
0 13 2298
0 13 2299
0 13 2300
0 13 2301
0 13 2302
0 13 2303
0 13 2304
0 13 2305
0 13 2306
0 13 2307
0 13 2308
0 13 2309
0 13 2310
0 13 2311
0 13 2312
0 13 2313
0 13 2314
0 13 2315
0 13 2316
0 13 2317
0 13 2318
0 13 2319
0 13 2320
0 13 2321
0 13 2322
0 13 2323
0 13 2324
0 13 2325
0 13 2326
0 13 2327
0 13 2328
0 13 2329
0 13 2330
0 13 2331
0 13 2332
0 13 2333
0 13 2334
0 13 2335
0 13 2336
0 13 2337
0 13 2338
0 13 2339
0 13 2340
0 13 2341
0 13 2342
0 13 2343
0 13 2344
0 13 2345
0 13 2346
0 13 2347
0 13 2348
0 13 2349
0 13 2350
0 13 2351
0 13 2352
0 13 2353
0 13 2354
0 13 2355
0 13 2356
0 13 2357
0 13 2358
0 13 2359
0 13 2360
0 13 2361
0 13 2362
0 13 2363
0 13 2364
0 13 2365
0 13 2366
0 13 2367
0 13 2368
0 13 2369
0 13 2370
0 13 2371
0 13 2372
0 13 2373
0 13 2374
0 13 2375
0 13 2376
0 13 2377
0 13 2378
0 13 2379
0 13 2380
0 13 2381
0 13 2382
0 13 2383
0 13 2384
0 13 2385
0 13 2386
0 13 2387
0 13 2388
0 13 2389
0 13 2390
0 13 2391
0 13 2392
0 13 2393
0 13 2394
0 13 2395
0 13 2396
0 13 2397
0 13 2398
0 13 2399
0 13 2400
0 13 2401
0 13 2402
0 13 2403
0 13 2404
0 13 2405
0 13 2406
0 13 2407
0 13 2408
0 13 2409
0 13 2410
0 13 2411
0 13 2412
0 13 2413
0 13 2414
0 13 2415
0 13 2416
0 13 2417
0 13 2418
0 13 2419
0 13 2420
0 13 2421
0 13 2422
0 13 2423
0 13 2424
0 13 2425
0 13 2426
0 13 2427
0 13 2428
0 13 2429
0 13 2430
0 13 2431
0 13 2432
0 13 2433
0 13 2434
0 13 2435
0 13 2436
0 13 2437
0 13 2438
0 13 2439
0 13 2440
0 13 2441
0 13 2442
0 13 2443
0 13 2444
0 13 2445
0 13 2446
0 13 2447
0 13 2448
0 13 2449
0 13 2450
0 13 2451
0 13 2452
0 13 2453
0 13 2454
0 13 2455
0 13 2456
0 13 2457
