3 10 1
3 10 2
3 10 3
3 10 4
3 10 5
3 10 6
3 10 7
3 10 8
3 10 9
3 10 10
3 10 11
3 10 12
3 10 13
3 10 14
3 10 15
3 10 16
3 10 17
3 10 18
3 10 19
3 10 20
3 10 21
3 10 22
3 10 23
3 10 24
3 10 25
3 10 26
3 10 27
3 10 28
3 10 29
3 10 30
3 10 31
3 10 32
3 10 33
3 10 34
3 10 35
3 10 36
3 10 37
3 10 38
3 10 39
3 10 40
3 10 41
3 10 42
3 10 43
3 10 44
3 10 45
3 10 46
3 10 47
3 10 48
3 10 49
3 10 50
3 10 51
3 10 52
3 10 53
3 10 54
3 10 55
3 10 56
3 10 57
3 10 58
3 10 59
3 10 60
3 10 61
3 10 62
3 10 63
3 10 64
3 10 65
3 10 66
3 10 67
3 10 68
3 10 69
3 10 70
3 10 71
3 10 72
3 10 73
3 10 74
3 10 75
3 10 76
3 10 77
3 10 78
3 10 79
3 10 80
3 10 81
3 10 82
3 10 83
3 10 84
3 10 85
3 10 86
3 10 87
3 10 88
3 10 89
3 10 90
3 10 91
3 10 92
3 10 93
3 10 94
3 10 95
3 10 96
3 10 97
3 10 98
3 10 99
3 10 100
3 10 101
3 10 102
3 10 103
3 10 104
3 10 105
3 10 106
3 10 107
3 10 108
3 10 109
3 10 110
3 10 111
3 10 112
3 10 113
3 10 114
3 10 115
3 10 116
3 10 117
3 10 118
3 10 119
3 10 120
3 10 121
3 10 122
3 10 123
3 10 124
3 10 125
3 10 126
3 10 127
3 10 128
3 10 129
3 10 130
3 10 131
3 10 132
3 10 133
3 10 134
3 10 135
3 10 136
3 10 137
3 10 138
3 10 139
3 10 140
3 10 141
3 10 142
3 10 143
3 10 144
3 10 145
3 10 146
3 10 147
3 10 148
3 10 149
3 10 150
3 10 151
3 10 152
3 10 153
3 10 154
3 10 155
3 10 156
3 10 157
3 10 158
3 10 159
3 10 160
3 10 161
3 10 162
3 10 163
3 10 164
3 10 165
3 10 166
3 10 167
3 10 168
3 10 169
3 10 170
3 10 171
3 10 172
3 10 173
3 10 174
3 10 175
3 10 176
3 10 177
3 10 178
3 10 179
3 10 180
3 10 181
3 10 182
3 10 183
3 10 184
3 10 185
3 10 186
3 10 187
3 10 188
3 10 189
3 10 190
3 10 191
3 10 192
3 10 193
3 10 194
3 10 195
3 10 196
3 10 197
3 10 198
3 10 199
3 10 200
3 10 201
3 10 202
3 10 203
3 10 204
3 10 205
3 10 206
3 10 207
3 10 208
3 10 209
3 10 210
3 10 211
3 10 212
3 10 213
3 10 214
3 10 215
3 10 216
3 10 217
3 10 218
3 10 219
3 10 220
3 10 221
3 10 222
3 10 223
3 10 224
3 10 225
3 10 226
3 10 227
3 10 228
3 10 229
3 10 230
3 10 231
3 10 232
3 10 233
3 10 234
3 10 235
3 10 236
3 10 237
3 10 238
3 10 239
3 10 240
3 10 241
3 10 242
3 10 243
3 10 244
3 10 245
3 10 246
3 10 247
3 10 248
3 10 249
3 10 250
3 10 251
3 10 252
3 10 253
3 10 254
3 10 255
3 10 256
3 10 257
3 10 258
3 10 259
3 10 260
3 10 261
3 10 262
3 10 263
3 10 264
3 10 265
3 10 266
3 10 267
3 10 268
3 10 269
3 10 270
3 10 271
3 10 272
3 10 273
3 10 274
3 10 275
3 10 276
3 10 277
3 10 278
3 10 279
3 10 280
3 10 281
3 10 282
3 10 283
3 10 284
3 10 285
3 10 286
3 10 287
3 10 288
3 10 289
3 10 290
3 10 291
3 10 292
3 10 293
3 10 294
3 10 295
3 10 296
3 10 297
3 10 298
3 10 299
3 10 300
3 10 301
3 10 302
3 10 303
3 10 304
3 10 305
3 10 306
3 10 307
3 10 308
3 10 309
3 10 310
3 10 311
3 10 312
3 10 313
3 10 314
3 10 315
3 10 316
3 10 317
3 10 318
3 10 319
3 10 320
3 10 321
3 10 322
3 10 323
3 10 324
3 10 325
3 10 326
3 10 327
3 10 328
3 10 329
3 10 330
3 10 331
3 10 332
3 10 333
3 10 334
3 10 335
3 10 336
3 10 337
3 10 338
3 10 339
3 10 340
3 10 341
3 10 342
3 10 343
3 10 344
3 10 345
3 10 346
3 10 347
3 10 348
3 10 349
3 10 350
3 10 351
3 10 352
3 10 353
3 10 354
3 10 355
3 10 356
3 10 357
3 10 358
3 10 359
3 10 360
3 10 361
3 10 362
3 10 363
3 10 364
3 10 365
3 10 366
3 10 367
3 10 368
3 10 369
3 10 370
3 10 371
3 10 372
3 10 373
3 10 374
3 10 375
3 10 376
3 10 377
3 10 378
3 10 379
3 10 380
3 10 381
3 10 382
3 10 383
3 10 384
3 10 385
3 10 386
3 10 387
3 10 388
3 10 389
3 10 390
3 10 391
3 10 392
3 10 393
3 10 394
3 10 395
3 10 396
3 10 397
3 10 398
3 10 399
3 10 400
3 10 401
3 10 402
3 10 403
3 10 404
3 10 405
3 10 406
3 10 407
3 10 408
3 10 409
3 10 410
3 10 411
3 10 412
3 10 413
3 10 414
3 10 415
3 10 416
3 10 417
3 10 418
3 10 419
3 10 420
3 10 421
3 10 422
3 10 423
3 10 424
3 10 425
3 10 426
3 10 427
3 10 428
3 10 429
3 10 430
3 10 431
3 10 432
3 10 433
3 10 434
3 10 435
3 10 436
3 10 437
3 10 438
3 10 439
3 10 440
3 10 441
3 10 442
3 10 443
3 10 444
3 10 445
3 10 446
3 10 447
3 10 448
3 10 449
3 10 450
3 10 451
3 10 452
3 10 453
3 10 454
3 10 455
3 10 456
3 10 457
3 10 458
3 10 459
3 10 460
3 10 461
3 10 462
3 10 463
3 10 464
3 10 465
3 10 466
3 10 467
3 10 468
3 10 469
3 10 470
3 10 471
3 10 472
3 10 473
3 10 474
3 10 475
3 10 476
3 10 477
3 10 478
3 10 479
3 10 480
3 10 481
3 10 482
3 10 483
3 10 484
3 10 485
3 10 486
3 10 487
3 10 488
3 10 489
3 10 490
3 10 491
3 10 492
3 10 493
3 10 494
3 10 495
3 10 496
3 10 497
3 10 498
3 10 499
3 10 500
3 10 501
3 10 502
3 10 503
3 10 504
3 10 505
3 10 506
3 10 507
3 10 508
3 10 509
3 10 510
3 10 511
3 10 512
3 10 513
3 10 514
3 10 515
3 10 516
3 10 517
3 10 518
3 10 519
3 10 520
3 10 521
3 10 522
3 10 523
3 10 524
3 10 525
3 10 526
3 10 527
3 10 528
3 10 529
3 10 530
3 10 531
3 10 532
3 10 533
3 10 534
3 10 535
3 10 536
3 10 537
3 10 538
3 10 539
3 10 540
3 10 541
3 10 542
3 10 543
3 10 544
3 10 545
3 10 546
3 10 547
3 10 548
3 10 549
3 10 550
3 10 551
3 10 552
3 10 553
3 10 554
3 10 555
3 10 556
3 10 557
3 10 558
3 10 559
3 10 560
3 10 561
3 10 562
3 10 563
3 10 564
3 10 565
3 10 566
3 10 567
3 10 568
3 10 569
3 10 570
3 10 571
3 10 572
3 10 573
3 10 574
3 10 575
3 10 576
3 10 577
3 10 578
3 10 579
3 10 580
3 10 581
3 10 582
3 10 583
3 10 584
3 10 585
3 10 586
3 10 587
3 10 588
3 10 589
3 10 590
3 10 591
3 10 592
3 10 593
3 10 594
3 10 595
3 10 596
3 10 597
3 10 598
3 10 599
3 10 600
3 10 601
3 10 602
3 10 603
3 10 604
3 10 605
3 10 606
3 10 607
3 10 608
3 10 609
3 10 610
3 10 611
3 10 612
3 10 613
3 10 614
3 10 615
3 10 616
3 10 617
3 10 618
3 10 619
3 10 620
3 10 621
3 10 622
3 10 623
3 10 624
3 10 625
3 10 626
3 10 627
3 10 628
3 10 629
3 10 630
3 10 631
3 10 632
3 10 633
3 10 634
3 10 635
3 10 636
3 10 637
3 10 638
3 10 639
3 10 640
3 10 641
3 10 642
3 10 643
3 10 644
3 10 645
3 10 646
3 10 647
3 10 648
3 10 649
3 10 650
3 10 651
3 10 652
3 10 653
3 10 654
3 10 655
3 10 656
3 10 657
3 10 658
3 10 659
3 10 660
3 10 661
3 10 662
3 10 663
3 10 664
3 10 665
3 10 666
3 10 667
3 10 668
3 10 669
3 10 670
3 10 671
3 10 672
3 10 673
3 10 674
3 10 675
3 10 676
3 10 677
3 10 678
3 10 679
3 10 680
3 10 681
3 10 682
3 10 683
3 10 684
3 10 685
3 10 686
3 10 687
3 10 688
3 10 689
3 10 690
3 10 691
3 10 692
3 10 693
3 10 694
3 10 695
3 10 696
3 10 697
3 10 698
3 10 699
3 10 700
3 10 701
3 10 702
3 10 703
3 10 704
3 10 705
3 10 706
3 10 707
3 10 708
3 10 709
3 10 710
3 10 711
3 10 712
3 10 713
3 10 714
3 10 715
3 10 716
3 10 717
3 10 718
3 10 719
3 10 720
3 10 721
3 10 722
3 10 723
3 10 724
3 10 725
3 10 726
3 10 727
3 10 728
3 10 729
3 10 730
3 10 731
3 10 732
3 10 733
3 10 734
3 10 735
3 10 736
3 10 737
3 10 738
3 10 739
3 10 740
3 10 741
3 10 742
3 10 743
3 10 744
3 10 745
3 10 746
3 10 747
3 10 748
3 10 749
3 10 750
3 10 751
3 10 752
3 10 753
3 10 754
3 10 755
3 10 756
3 10 757
3 10 758
3 10 759
3 10 760
3 10 761
3 10 762
3 10 763
3 10 764
3 10 765
3 10 766
3 10 767
3 10 768
3 10 769
3 10 770
3 10 771
3 10 772
3 10 773
3 10 774
3 10 775
3 10 776
3 10 777
3 10 778
3 10 779
3 10 780
3 10 781
3 10 782
3 10 783
3 10 784
3 10 785
3 10 786
3 10 787
3 10 788
3 10 789
3 10 790
3 10 791
3 10 792
3 10 793
3 10 794
3 10 795
3 10 796
3 10 797
3 10 798
3 10 799
3 10 800
3 10 801
3 10 802
3 10 803
3 10 804
3 10 805
3 10 806
3 10 807
3 10 808
3 10 809
3 10 810
3 10 811
3 10 812
3 10 813
3 10 814
3 10 815
3 10 816
3 10 817
3 10 818
3 10 819
3 10 820
3 10 821
3 10 822
3 10 823
3 10 824
3 10 825
3 10 826
3 10 827
3 10 828
3 10 829
3 10 830
3 10 831
3 10 832
3 10 833
3 10 834
3 10 835
3 10 836
3 10 837
3 10 838
3 10 839
3 10 840
3 10 841
3 10 842
3 10 843
3 10 844
3 10 845
3 10 846
3 10 847
3 10 848
3 10 849
3 10 850
3 10 851
3 10 852
3 10 853
3 10 854
3 10 855
3 10 856
3 10 857
3 10 858
3 10 859
3 10 860
3 10 861
3 10 862
3 10 863
3 10 864
3 10 865
3 10 866
3 10 867
3 10 868
3 10 869
3 10 870
3 10 871
3 10 872
3 10 873
3 10 874
3 10 875
3 10 876
3 10 877
3 10 878
3 10 879
3 10 880
3 10 881
3 10 882
3 10 883
3 10 884
3 10 885
3 10 886
3 10 887
3 10 888
3 10 889
3 10 890
3 10 891
3 10 892
3 10 893
3 10 894
3 10 895
3 10 896
3 10 897
3 10 898
3 10 899
3 10 900
3 10 901
3 10 902
3 10 903
3 10 904
3 10 905
3 10 906
3 10 907
3 10 908
3 10 909
3 10 910
3 10 911
3 10 912
3 10 913
3 10 914
3 10 915
3 10 916
3 10 917
3 10 918
3 10 919
3 10 920
3 10 921
3 10 922
3 10 923
3 10 924
3 10 925
3 10 926
3 10 927
3 10 928
3 10 929
3 10 930
3 10 931
3 10 932
3 10 933
3 10 934
3 10 935
3 10 936
3 10 937
3 10 938
3 10 939
3 10 940
3 10 941
3 10 942
3 10 943
3 10 944
3 10 945
3 10 946
3 10 947
3 10 948
3 10 949
3 10 950
3 10 951
3 10 952
3 10 953
3 10 954
3 10 955
3 10 956
3 10 957
3 10 958
3 10 959
3 10 960
3 10 961
3 10 962
3 10 963
3 10 964
3 10 965
3 10 966
3 10 967
3 10 968
3 10 969
3 10 970
3 10 971
3 10 972
3 10 973
3 10 974
3 10 975
3 10 976
3 10 977
3 10 978
3 10 979
3 10 980
3 10 981
3 10 982
3 10 983
3 10 984
3 10 985
3 10 986
3 10 987
3 10 988
3 10 989
3 10 990
3 10 991
3 10 992
3 10 993
3 10 994
3 10 995
3 10 996
3 10 997
3 10 998
3 10 999
3 10 1000
3 10 1001
3 10 1002
3 10 1003
3 10 1004
3 10 1005
3 10 1006
3 10 1007
3 10 1008
3 10 1009
3 10 1010
3 10 1011
3 10 1012
3 10 1013
3 10 1014
3 10 1015
3 10 1016
3 10 1017
3 10 1018
3 10 1019
3 10 1020
3 10 1021
3 10 1022
3 10 1023
3 10 1024
3 10 1025
3 10 1026
3 10 1027
3 10 1028
3 10 1029
3 10 1030
3 10 1031
3 10 1032
3 10 1033
3 10 1034
3 10 1035
3 10 1036
3 10 1037
3 10 1038
3 10 1039
3 10 1040
3 10 1041
3 10 1042
3 10 1043
3 10 1044
3 10 1045
3 10 1046
3 10 1047
3 10 1048
3 10 1049
3 10 1050
3 10 1051
3 10 1052
3 10 1053
3 10 1054
3 10 1055
3 10 1056
3 10 1057
3 10 1058
3 10 1059
3 10 1060
3 10 1061
3 10 1062
3 10 1063
3 10 1064
3 10 1065
3 10 1066
3 10 1067
3 10 1068
3 10 1069
3 10 1070
3 10 1071
3 10 1072
3 10 1073
3 10 1074
3 10 1075
3 10 1076
3 10 1077
3 10 1078
3 10 1079
3 10 1080
3 10 1081
3 10 1082
3 10 1083
3 10 1084
3 10 1085
3 10 1086
3 10 1087
3 10 1088
3 10 1089
3 10 1090
3 10 1091
3 10 1092
3 10 1093
3 10 1094
3 10 1095
3 10 1096
3 10 1097
3 10 1098
3 10 1099
3 10 1100
3 10 1101
3 10 1102
3 10 1103
3 10 1104
3 10 1105
3 10 1106
3 10 1107
3 10 1108
3 10 1109
3 10 1110
3 10 1111
3 10 1112
3 10 1113
3 10 1114
3 10 1115
3 10 1116
3 10 1117
3 10 1118
3 10 1119
3 10 1120
3 10 1121
3 10 1122
3 10 1123
3 10 1124
3 10 1125
3 10 1126
3 10 1127
3 10 1128
3 10 1129
3 10 1130
3 10 1131
3 10 1132
3 10 1133
3 10 1134
3 10 1135
3 10 1136
3 10 1137
3 10 1138
3 10 1139
3 10 1140
3 10 1141
3 10 1142
3 10 1143
3 10 1144
3 10 1145
3 10 1146
3 10 1147
3 10 1148
3 10 1149
3 10 1150
3 10 1151
3 10 1152
3 10 1153
3 10 1154
3 10 1155
3 10 1156
3 10 1157
3 10 1158
3 10 1159
3 10 1160
3 10 1161
3 10 1162
3 10 1163
3 10 1164
3 10 1165
3 10 1166
3 10 1167
3 10 1168
3 10 1169
3 10 1170
3 10 1171
3 10 1172
3 10 1173
3 10 1174
3 10 1175
3 10 1176
3 10 1177
3 10 1178
3 10 1179
3 10 1180
3 10 1181
3 10 1182
3 10 1183
3 10 1184
3 10 1185
3 10 1186
3 10 1187
3 10 1188
3 10 1189
3 10 1190
3 10 1191
3 10 1192
3 10 1193
3 10 1194
3 10 1195
3 10 1196
3 10 1197
3 10 1198
3 10 1199
3 10 1200
3 10 1201
3 10 1202
3 10 1203
3 10 1204
3 10 1205
3 10 1206
3 10 1207
3 10 1208
3 10 1209
3 10 1210
3 10 1211
3 10 1212
3 10 1213
3 10 1214
3 10 1215
3 10 1216
3 10 1217
3 10 1218
3 10 1219
3 10 1220
3 10 1221
3 10 1222
3 10 1223
3 10 1224
3 10 1225
3 10 1226
3 10 1227
3 10 1228
3 10 1229
3 10 1230
3 10 1231
3 10 1232
3 10 1233
3 10 1234
3 10 1235
3 10 1236
3 10 1237
3 10 1238
3 10 1239
3 10 1240
3 10 1241
3 10 1242
3 10 1243
3 10 1244
3 10 1245
3 10 1246
3 10 1247
3 10 1248
3 10 1249
3 10 1250
3 10 1251
3 10 1252
3 10 1253
3 10 1254
3 10 1255
3 10 1256
3 10 1257
3 10 1258
3 10 1259
3 10 1260
3 10 1261
3 10 1262
3 10 1263
3 10 1264
3 10 1265
3 10 1266
3 10 1267
3 10 1268
3 10 1269
3 10 1270
3 10 1271
3 10 1272
3 10 1273
3 10 1274
3 10 1275
3 10 1276
3 10 1277
3 10 1278
3 10 1279
3 10 1280
3 10 1281
3 10 1282
3 10 1283
3 10 1284
3 10 1285
3 10 1286
3 10 1287
3 10 1288
3 10 1289
3 10 1290
3 10 1291
3 10 1292
3 10 1293
3 10 1294
3 10 1295
3 10 1296
3 10 1297
3 10 1298
3 10 1299
3 10 1300
3 10 1301
3 10 1302
3 10 1303
3 10 1304
3 10 1305
3 10 1306
3 10 1307
3 10 1308
3 10 1309
3 10 1310
3 10 1311
3 10 1312
3 10 1313
3 10 1314
3 10 1315
3 10 1316
3 10 1317
3 10 1318
3 10 1319
3 10 1320
3 10 1321
3 10 1322
3 10 1323
3 10 1324
3 10 1325
3 10 1326
3 10 1327
3 10 1328
3 10 1329
3 10 1330
3 10 1331
3 10 1332
3 10 1333
3 10 1334
3 10 1335
3 10 1336
3 10 1337
3 10 1338
3 10 1339
3 10 1340
3 10 1341
3 10 1342
3 10 1343
3 10 1344
3 10 1345
3 10 1346
3 10 1347
3 10 1348
3 10 1349
3 10 1350
3 10 1351
3 10 1352
3 10 1353
3 10 1354
3 10 1355
3 10 1356
3 10 1357
3 10 1358
3 10 1359
3 10 1360
3 10 1361
3 10 1362
3 10 1363
3 10 1364
3 10 1365
3 10 1366
3 10 1367
3 10 1368
3 10 1369
3 10 1370
3 10 1371
3 10 1372
3 10 1373
3 10 1374
3 10 1375
3 10 1376
3 10 1377
3 10 1378
3 10 1379
3 10 1380
3 10 1381
3 10 1382
3 10 1383
3 10 1384
3 10 1385
3 10 1386
3 10 1387
3 10 1388
3 10 1389
3 10 1390
3 10 1391
3 10 1392
3 10 1393
3 10 1394
3 10 1395
3 10 1396
3 10 1397
3 10 1398
3 10 1399
3 10 1400
3 10 1401
3 10 1402
3 10 1403
3 10 1404
3 10 1405
3 10 1406
3 10 1407
3 10 1408
3 10 1409
3 10 1410
3 10 1411
3 10 1412
3 10 1413
3 10 1414
3 10 1415
3 10 1416
3 10 1417
3 10 1418
3 10 1419
3 10 1420
3 10 1421
3 10 1422
3 10 1423
3 10 1424
3 10 1425
3 10 1426
3 10 1427
3 10 1428
3 10 1429
3 10 1430
3 10 1431
3 10 1432
3 10 1433
3 10 1434
3 10 1435
3 10 1436
3 10 1437
3 10 1438
3 10 1439
3 10 1440
3 10 1441
3 10 1442
3 10 1443
3 10 1444
3 10 1445
3 10 1446
3 10 1447
3 10 1448
3 10 1449
3 10 1450
3 10 1451
3 10 1452
3 10 1453
3 10 1454
3 10 1455
3 10 1456
3 10 1457
3 10 1458
3 10 1459
3 10 1460
3 10 1461
3 10 1462
3 10 1463
3 10 1464
3 10 1465
3 10 1466
3 10 1467
3 10 1468
3 10 1469
3 10 1470
3 10 1471
3 10 1472
3 10 1473
3 10 1474
3 10 1475
3 10 1476
3 10 1477
3 10 1478
3 10 1479
3 10 1480
3 10 1481
3 10 1482
3 10 1483
3 10 1484
3 10 1485
3 10 1486
3 10 1487
3 10 1488
3 10 1489
3 10 1490
3 10 1491
3 10 1492
3 10 1493
3 10 1494
3 10 1495
3 10 1496
3 10 1497
3 10 1498
3 10 1499
3 10 1500
3 10 1501
3 10 1502
3 10 1503
3 10 1504
3 10 1505
3 10 1506
3 10 1507
3 10 1508
3 10 1509
3 10 1510
3 10 1511
3 10 1512
3 10 1513
3 10 1514
3 10 1515
3 10 1516
3 10 1517
3 10 1518
3 10 1519
3 10 1520
3 10 1521
3 10 1522
3 10 1523
3 10 1524
3 10 1525
3 10 1526
3 10 1527
3 10 1528
3 10 1529
3 10 1530
3 10 1531
3 10 1532
3 10 1533
3 10 1534
3 10 1535
3 10 1536
3 10 1537
3 10 1538
3 10 1539
3 10 1540
3 10 1541
3 10 1542
3 10 1543
3 10 1544
3 10 1545
3 10 1546
3 10 1547
3 10 1548
3 10 1549
3 10 1550
3 10 1551
3 10 1552
3 10 1553
3 10 1554
3 10 1555
3 10 1556
3 10 1557
3 10 1558
3 10 1559
3 10 1560
3 10 1561
3 10 1562
3 10 1563
3 10 1564
3 10 1565
3 10 1566
3 10 1567
3 10 1568
3 10 1569
3 10 1570
3 10 1571
3 10 1572
3 10 1573
3 10 1574
3 10 1575
3 10 1576
3 10 1577
3 10 1578
3 10 1579
3 10 1580
3 10 1581
3 10 1582
3 10 1583
3 10 1584
3 10 1585
3 10 1586
3 10 1587
3 10 1588
3 10 1589
3 10 1590
3 10 1591
3 10 1592
3 10 1593
3 10 1594
3 10 1595
3 10 1596
3 10 1597
3 10 1598
3 10 1599
3 10 1600
3 10 1601
3 10 1602
3 10 1603
3 10 1604
3 10 1605
3 10 1606
3 10 1607
3 10 1608
3 10 1609
3 10 1610
3 10 1611
3 10 1612
3 10 1613
3 10 1614
3 10 1615
3 10 1616
3 10 1617
3 10 1618
3 10 1619
3 10 1620
3 10 1621
3 10 1622
3 10 1623
3 10 1624
3 10 1625
3 10 1626
3 10 1627
3 10 1628
3 10 1629
3 10 1630
3 10 1631
3 10 1632
3 10 1633
3 10 1634
3 10 1635
3 10 1636
3 10 1637
3 10 1638
3 10 1639
3 10 1640
3 10 1641
3 10 1642
3 10 1643
3 10 1644
3 10 1645
3 10 1646
3 10 1647
3 10 1648
3 10 1649
3 10 1650
3 10 1651
3 10 1652
3 10 1653
3 10 1654
3 10 1655
3 10 1656
3 10 1657
3 10 1658
3 10 1659
3 10 1660
3 10 1661
3 10 1662
3 10 1663
3 10 1664
3 10 1665
3 10 1666
3 10 1667
3 10 1668
3 10 1669
3 10 1670
3 10 1671
3 10 1672
3 10 1673
3 10 1674
3 10 1675
3 10 1676
3 10 1677
3 10 1678
3 10 1679
3 10 1680
3 10 1681
3 10 1682
3 10 1683
3 10 1684
3 10 1685
3 10 1686
3 10 1687
3 10 1688
3 10 1689
3 10 1690
3 10 1691
3 10 1692
3 10 1693
3 10 1694
3 10 1695
3 10 1696
3 10 1697
3 10 1698
3 10 1699
3 10 1700
3 10 1701
3 10 1702
3 10 1703
3 10 1704
3 10 1705
3 10 1706
3 10 1707
3 10 1708
3 10 1709
3 10 1710
3 10 1711
3 10 1712
3 10 1713
3 10 1714
3 10 1715
3 10 1716
3 10 1717
3 10 1718
3 10 1719
3 10 1720
3 10 1721
3 10 1722
3 10 1723
3 10 1724
3 10 1725
3 10 1726
3 10 1727
3 10 1728
3 10 1729
3 10 1730
3 10 1731
3 10 1732
3 10 1733
3 10 1734
3 10 1735
3 10 1736
3 10 1737
3 10 1738
3 10 1739
3 10 1740
3 10 1741
3 10 1742
3 10 1743
3 10 1744
3 10 1745
3 10 1746
3 10 1747
3 10 1748
3 10 1749
3 10 1750
3 10 1751
3 10 1752
3 10 1753
3 10 1754
3 10 1755
3 10 1756
3 10 1757
3 10 1758
3 10 1759
3 10 1760
3 10 1761
3 10 1762
3 10 1763
3 10 1764
3 10 1765
3 10 1766
3 10 1767
3 10 1768
3 10 1769
3 10 1770
3 10 1771
3 10 1772
3 10 1773
3 10 1774
3 10 1775
3 10 1776
3 10 1777
3 10 1778
3 10 1779
3 10 1780
3 10 1781
3 10 1782
3 10 1783
3 10 1784
3 10 1785
3 10 1786
3 10 1787
3 10 1788
3 10 1789
3 10 1790
3 10 1791
3 10 1792
3 10 1793
3 10 1794
3 10 1795
3 10 1796
3 10 1797
3 10 1798
3 10 1799
3 10 1800
3 10 1801
3 10 1802
3 10 1803
3 10 1804
3 10 1805
3 10 1806
3 10 1807
3 10 1808
3 10 1809
3 10 1810
3 10 1811
3 10 1812
3 10 1813
3 10 1814
3 10 1815
3 10 1816
3 10 1817
3 10 1818
3 10 1819
3 10 1820
3 10 1821
3 10 1822
3 10 1823
3 10 1824
3 10 1825
3 10 1826
3 10 1827
3 10 1828
3 10 1829
3 10 1830
3 10 1831
3 10 1832
3 10 1833
3 10 1834
3 10 1835
3 10 1836
3 10 1837
3 10 1838
3 10 1839
3 10 1840
3 10 1841
3 10 1842
3 10 1843
3 10 1844
3 10 1845
3 10 1846
3 10 1847
3 10 1848
3 10 1849
3 10 1850
3 10 1851
3 10 1852
3 10 1853
3 10 1854
3 10 1855
3 10 1856
3 10 1857
3 10 1858
3 10 1859
3 10 1860
3 10 1861
3 10 1862
3 10 1863
3 10 1864
3 10 1865
3 10 1866
3 10 1867
3 10 1868
3 10 1869
3 10 1870
3 10 1871
3 10 1872
3 10 1873
3 10 1874
3 10 1875
3 10 1876
3 10 1877
3 10 1878
3 10 1879
3 10 1880
3 10 1881
3 10 1882
3 10 1883
3 10 1884
3 10 1885
3 10 1886
3 10 1887
3 10 1888
3 10 1889
3 10 1890
3 10 1891
3 10 1892
3 10 1893
3 10 1894
3 10 1895
3 10 1896
3 10 1897
3 10 1898
3 10 1899
3 10 1900
3 10 1901
3 10 1902
3 10 1903
3 10 1904
3 10 1905
3 10 1906
3 10 1907
3 10 1908
3 10 1909
3 10 1910
3 10 1911
3 10 1912
3 10 1913
3 10 1914
3 10 1915
3 10 1916
3 10 1917
3 10 1918
3 10 1919
3 10 1920
3 10 1921
3 10 1922
3 10 1923
3 10 1924
3 10 1925
3 10 1926
3 10 1927
3 10 1928
3 10 1929
3 10 1930
3 10 1931
3 10 1932
3 10 1933
3 10 1934
3 10 1935
3 10 1936
3 10 1937
3 10 1938
3 10 1939
3 10 1940
3 10 1941
3 10 1942
3 10 1943
3 10 1944
3 10 1945
3 10 1946
3 10 1947
3 10 1948
3 10 1949
3 10 1950
3 10 1951
3 10 1952
3 10 1953
3 10 1954
3 10 1955
3 10 1956
3 10 1957
3 10 1958
3 10 1959
3 10 1960
3 10 1961
3 10 1962
3 10 1963
3 10 1964
3 10 1965
3 10 1966
3 10 1967
3 10 1968
3 10 1969
3 10 1970
3 10 1971
3 10 1972
3 10 1973
3 10 1974
3 10 1975
3 10 1976
3 10 1977
3 10 1978
3 10 1979
3 10 1980
3 10 1981
3 10 1982
3 10 1983
3 10 1984
3 10 1985
3 10 1986
3 10 1987
3 10 1988
3 10 1989
3 10 1990
3 10 1991
3 10 1992
3 10 1993
3 10 1994
3 10 1995
3 10 1996
3 10 1997
3 10 1998
3 10 1999
3 10 2000
3 10 2001
3 10 2002
3 10 2003
3 10 2004
3 10 2005
3 10 2006
3 10 2007
3 10 2008
3 10 2009
3 10 2010
3 10 2011
3 10 2012
3 10 2013
3 10 2014
3 10 2015
3 10 2016
3 10 2017
3 10 2018
3 10 2019
3 10 2020
3 10 2021
3 10 2022
3 10 2023
3 10 2024
3 10 2025
3 10 2026
3 10 2027
3 10 2028
3 10 2029
3 10 2030
3 10 2031
3 10 2032
3 10 2033
3 10 2034
3 10 2035
3 10 2036
3 10 2037
3 10 2038
3 10 2039
3 10 2040
3 10 2041
3 10 2042
3 10 2043
3 10 2044
3 10 2045
3 10 2046
3 10 2047
3 10 2048
3 10 2049
3 10 2050
3 10 2051
3 10 2052
3 10 2053
3 10 2054
3 10 2055
3 10 2056
3 10 2057
3 10 2058
3 10 2059
3 10 2060
3 10 2061
3 10 2062
3 10 2063
3 10 2064
3 10 2065
3 10 2066
3 10 2067
3 10 2068
3 10 2069
3 10 2070
3 10 2071
3 10 2072
3 10 2073
3 10 2074
3 10 2075
3 10 2076
3 10 2077
3 10 2078
3 10 2079
3 10 2080
3 10 2081
3 10 2082
3 10 2083
3 10 2084
3 10 2085
3 10 2086
3 10 2087
3 10 2088
3 10 2089
3 10 2090
3 10 2091
3 10 2092
3 10 2093
3 10 2094
3 10 2095
3 10 2096
3 10 2097
3 10 2098
3 10 2099
3 10 2100
3 10 2101
3 10 2102
3 10 2103
3 10 2104
3 10 2105
3 10 2106
3 10 2107
3 10 2108
3 10 2109
3 10 2110
3 10 2111
3 10 2112
3 10 2113
3 10 2114
3 10 2115
3 10 2116
3 10 2117
3 10 2118
3 10 2119
3 10 2120
3 10 2121
3 10 2122
3 10 2123
3 10 2124
3 10 2125
3 10 2126
3 10 2127
3 10 2128
3 10 2129
3 10 2130
3 10 2131
3 10 2132
3 10 2133
3 10 2134
3 10 2135
3 10 2136
3 10 2137
3 10 2138
3 10 2139
3 10 2140
3 10 2141
3 10 2142
3 10 2143
3 10 2144
3 10 2145
3 10 2146
3 10 2147
3 10 2148
3 10 2149
3 10 2150
3 10 2151
3 10 2152
3 10 2153
3 10 2154
3 10 2155
3 10 2156
3 10 2157
3 10 2158
3 10 2159
3 10 2160
3 10 2161
3 10 2162
3 10 2163
3 10 2164
3 10 2165
3 10 2166
3 10 2167
3 10 2168
3 10 2169
3 10 2170
3 10 2171
3 10 2172
3 10 2173
3 10 2174
3 10 2175
3 10 2176
3 10 2177
3 10 2178
3 10 2179
3 10 2180
3 10 2181
3 10 2182
3 10 2183
3 10 2184
3 10 2185
3 10 2186
3 10 2187
3 10 2188
3 10 2189
3 10 2190
3 10 2191
3 10 2192
3 10 2193
3 10 2194
3 10 2195
3 10 2196
3 10 2197
3 10 2198
3 10 2199
3 10 2200
3 10 2201
3 10 2202
3 10 2203
3 10 2204
3 10 2205
3 10 2206
3 10 2207
3 10 2208
3 10 2209
3 10 2210
3 10 2211
3 10 2212
3 10 2213
3 10 2214
3 10 2215
3 10 2216
3 10 2217
3 10 2218
3 10 2219
3 10 2220
3 10 2221
3 10 2222
3 10 2223
3 10 2224
3 10 2225
3 10 2226
3 10 2227
3 10 2228
3 10 2229
3 10 2230
3 10 2231
3 10 2232
3 10 2233
3 10 2234
3 10 2235
3 10 2236
3 10 2237
3 10 2238
3 10 2239
3 10 2240
3 10 2241
3 10 2242
3 10 2243
3 10 2244
3 10 2245
3 10 2246
3 10 2247
3 10 2248
3 10 2249
3 10 2250
3 10 2251
3 10 2252
3 10 2253
3 10 2254
3 10 2255
3 10 2256
3 10 2257
3 10 2258
3 10 2259
3 10 2260
3 10 2261
3 10 2262
3 10 2263
3 10 2264
3 10 2265
3 10 2266
3 10 2267
3 10 2268
3 10 2269
3 10 2270
3 10 2271
3 10 2272
3 10 2273
3 10 2274
3 10 2275
3 10 2276
3 10 2277
3 10 2278
3 10 2279
3 10 2280
3 10 2281
3 10 2282
3 10 2283
3 10 2284
3 10 2285
3 10 2286
3 10 2287
3 10 2288
3 10 2289
3 10 2290
3 10 2291
3 10 2292
3 10 2293
3 10 2294
3 10 2295
3 10 2296
3 10 2297
3 10 2298
3 10 2299
3 10 2300
3 10 2301
3 10 2302
3 10 2303
3 10 2304
3 10 2305
3 10 2306
3 10 2307
3 10 2308
3 10 2309
3 10 2310
3 10 2311
3 10 2312
3 10 2313
3 10 2314
3 10 2315
3 10 2316
3 10 2317
3 10 2318
3 10 2319
3 10 2320
3 10 2321
3 10 2322
3 10 2323
3 10 2324
3 10 2325
3 10 2326
3 10 2327
3 10 2328
3 10 2329
3 10 2330
3 10 2331
3 10 2332
3 10 2333
3 10 2334
3 10 2335
3 10 2336
3 10 2337
3 10 2338
3 10 2339
3 10 2340
3 10 2341
3 10 2342
3 10 2343
3 10 2344
3 10 2345
3 10 2346
3 10 2347
3 10 2348
3 10 2349
3 10 2350
3 10 2351
3 10 2352
3 10 2353
3 10 2354
3 10 2355
3 10 2356
3 10 2357
3 10 2358
3 10 2359
3 10 2360
3 10 2361
3 10 2362
3 10 2363
3 10 2364
3 10 2365
3 10 2366
3 10 2367
3 10 2368
3 10 2369
3 10 2370
3 10 2371
3 10 2372
3 10 2373
3 10 2374
3 10 2375
3 10 2376
3 10 2377
3 10 2378
3 10 2379
3 10 2380
3 10 2381
3 10 2382
3 10 2383
3 10 2384
3 10 2385
3 10 2386
3 10 2387
3 10 2388
3 10 2389
3 10 2390
3 10 2391
3 10 2392
3 10 2393
3 10 2394
3 10 2395
3 10 2396
3 10 2397
3 10 2398
3 10 2399
3 10 2400
3 10 2401
3 10 2402
3 10 2403
3 10 2404
3 10 2405
3 10 2406
3 10 2407
3 10 2408
3 10 2409
3 10 2410
3 10 2411
3 10 2412
3 10 2413
3 10 2414
3 10 2415
3 10 2416
3 10 2417
3 10 2418
3 10 2419
3 10 2420
3 10 2421
3 10 2422
3 10 2423
3 10 2424
3 10 2425
3 10 2426
3 10 2427
3 10 2428
3 10 2429
3 10 2430
3 10 2431
3 10 2432
3 10 2433
3 10 2434
3 10 2435
3 10 2436
3 10 2437
3 10 2438
3 10 2439
3 10 2440
3 10 2441
3 10 2442
3 10 2443
3 10 2444
3 10 2445
3 10 2446
3 10 2447
3 10 2448
3 10 2449
3 10 2450
3 10 2451
3 10 2452
3 10 2453
3 10 2454
3 10 2455
3 10 2456
3 10 2457
