1 13 1
1 13 2
1 13 3
1 13 4
1 13 5
1 13 6
1 13 7
1 13 8
1 13 9
1 13 10
1 13 11
1 13 12
1 13 13
1 13 14
1 13 15
1 13 16
1 13 17
1 13 18
1 13 19
1 13 20
1 13 21
1 13 22
1 13 23
1 13 24
1 13 25
1 13 26
1 13 27
1 13 28
1 13 29
1 13 30
1 13 31
1 13 32
1 13 33
1 13 34
1 13 35
1 13 36
1 13 37
1 13 38
1 13 39
1 13 40
1 13 41
1 13 42
1 13 43
1 13 44
1 13 45
1 13 46
1 13 47
1 13 48
1 13 49
1 13 50
1 13 51
1 13 52
1 13 53
1 13 54
1 13 55
1 13 56
1 13 57
1 13 58
1 13 59
1 13 60
1 13 61
1 13 62
1 13 63
1 13 64
1 13 65
1 13 66
1 13 67
1 13 68
1 13 69
1 13 70
1 13 71
1 13 72
1 13 73
1 13 74
1 13 75
1 13 76
1 13 77
1 13 78
1 13 79
1 13 80
1 13 81
1 13 82
1 13 83
1 13 84
1 13 85
1 13 86
1 13 87
1 13 88
1 13 89
1 13 90
1 13 91
1 13 92
1 13 93
1 13 94
1 13 95
1 13 96
1 13 97
1 13 98
1 13 99
1 13 100
1 13 101
1 13 102
1 13 103
1 13 104
1 13 105
1 13 106
1 13 107
1 13 108
1 13 109
1 13 110
1 13 111
1 13 112
1 13 113
1 13 114
1 13 115
1 13 116
1 13 117
1 13 118
1 13 119
1 13 120
1 13 121
1 13 122
1 13 123
1 13 124
1 13 125
1 13 126
1 13 127
1 13 128
1 13 129
1 13 130
1 13 131
1 13 132
1 13 133
1 13 134
1 13 135
1 13 136
1 13 137
1 13 138
1 13 139
1 13 140
1 13 141
1 13 142
1 13 143
1 13 144
1 13 145
1 13 146
1 13 147
1 13 148
1 13 149
1 13 150
1 13 151
1 13 152
1 13 153
1 13 154
1 13 155
1 13 156
1 13 157
1 13 158
1 13 159
1 13 160
1 13 161
1 13 162
1 13 163
1 13 164
1 13 165
1 13 166
1 13 167
1 13 168
1 13 169
1 13 170
1 13 171
1 13 172
1 13 173
1 13 174
1 13 175
1 13 176
1 13 177
1 13 178
1 13 179
1 13 180
1 13 181
1 13 182
1 13 183
1 13 184
1 13 185
1 13 186
1 13 187
1 13 188
1 13 189
1 13 190
1 13 191
1 13 192
1 13 193
1 13 194
1 13 195
1 13 196
1 13 197
1 13 198
1 13 199
1 13 200
1 13 201
1 13 202
1 13 203
1 13 204
1 13 205
1 13 206
1 13 207
1 13 208
1 13 209
1 13 210
1 13 211
1 13 212
1 13 213
1 13 214
1 13 215
1 13 216
1 13 217
1 13 218
1 13 219
1 13 220
1 13 221
1 13 222
1 13 223
1 13 224
1 13 225
1 13 226
1 13 227
1 13 228
1 13 229
1 13 230
1 13 231
1 13 232
1 13 233
1 13 234
1 13 235
1 13 236
1 13 237
1 13 238
1 13 239
1 13 240
1 13 241
1 13 242
1 13 243
1 13 244
1 13 245
1 13 246
1 13 247
1 13 248
1 13 249
1 13 250
1 13 251
1 13 252
1 13 253
1 13 254
1 13 255
1 13 256
1 13 257
1 13 258
1 13 259
1 13 260
1 13 261
1 13 262
1 13 263
1 13 264
1 13 265
1 13 266
1 13 267
1 13 268
1 13 269
1 13 270
1 13 271
1 13 272
1 13 273
1 13 274
1 13 275
1 13 276
1 13 277
1 13 278
1 13 279
1 13 280
1 13 281
1 13 282
1 13 283
1 13 284
1 13 285
1 13 286
1 13 287
1 13 288
1 13 289
1 13 290
1 13 291
1 13 292
1 13 293
1 13 294
1 13 295
1 13 296
1 13 297
1 13 298
1 13 299
1 13 300
1 13 301
1 13 302
1 13 303
1 13 304
1 13 305
1 13 306
1 13 307
1 13 308
1 13 309
1 13 310
1 13 311
1 13 312
1 13 313
1 13 314
1 13 315
1 13 316
1 13 317
1 13 318
1 13 319
1 13 320
1 13 321
1 13 322
1 13 323
1 13 324
1 13 325
1 13 326
1 13 327
1 13 328
1 13 329
1 13 330
1 13 331
1 13 332
1 13 333
1 13 334
1 13 335
1 13 336
1 13 337
1 13 338
1 13 339
1 13 340
1 13 341
1 13 342
1 13 343
1 13 344
1 13 345
1 13 346
1 13 347
1 13 348
1 13 349
1 13 350
1 13 351
1 13 352
1 13 353
1 13 354
1 13 355
1 13 356
1 13 357
1 13 358
1 13 359
1 13 360
1 13 361
1 13 362
1 13 363
1 13 364
1 13 365
1 13 366
1 13 367
1 13 368
1 13 369
1 13 370
1 13 371
1 13 372
1 13 373
1 13 374
1 13 375
1 13 376
1 13 377
1 13 378
1 13 379
1 13 380
1 13 381
1 13 382
1 13 383
1 13 384
1 13 385
1 13 386
1 13 387
1 13 388
1 13 389
1 13 390
1 13 391
1 13 392
1 13 393
1 13 394
1 13 395
1 13 396
1 13 397
1 13 398
1 13 399
1 13 400
1 13 401
1 13 402
1 13 403
1 13 404
1 13 405
1 13 406
1 13 407
1 13 408
1 13 409
1 13 410
1 13 411
1 13 412
1 13 413
1 13 414
1 13 415
1 13 416
1 13 417
1 13 418
1 13 419
1 13 420
1 13 421
1 13 422
1 13 423
1 13 424
1 13 425
1 13 426
1 13 427
1 13 428
1 13 429
1 13 430
1 13 431
1 13 432
1 13 433
1 13 434
1 13 435
1 13 436
1 13 437
1 13 438
1 13 439
1 13 440
1 13 441
1 13 442
1 13 443
1 13 444
1 13 445
1 13 446
1 13 447
1 13 448
1 13 449
1 13 450
1 13 451
1 13 452
1 13 453
1 13 454
1 13 455
1 13 456
1 13 457
1 13 458
1 13 459
1 13 460
1 13 461
1 13 462
1 13 463
1 13 464
1 13 465
1 13 466
1 13 467
1 13 468
1 13 469
1 13 470
1 13 471
1 13 472
1 13 473
1 13 474
1 13 475
1 13 476
1 13 477
1 13 478
1 13 479
1 13 480
1 13 481
1 13 482
1 13 483
1 13 484
1 13 485
1 13 486
1 13 487
1 13 488
1 13 489
1 13 490
1 13 491
1 13 492
1 13 493
1 13 494
1 13 495
1 13 496
1 13 497
1 13 498
1 13 499
1 13 500
1 13 501
1 13 502
1 13 503
1 13 504
1 13 505
1 13 506
1 13 507
1 13 508
1 13 509
1 13 510
1 13 511
1 13 512
1 13 513
1 13 514
1 13 515
1 13 516
1 13 517
1 13 518
1 13 519
1 13 520
1 13 521
1 13 522
1 13 523
1 13 524
1 13 525
1 13 526
1 13 527
1 13 528
1 13 529
1 13 530
1 13 531
1 13 532
1 13 533
1 13 534
1 13 535
1 13 536
1 13 537
1 13 538
1 13 539
1 13 540
1 13 541
1 13 542
1 13 543
1 13 544
1 13 545
1 13 546
1 13 547
1 13 548
1 13 549
1 13 550
1 13 551
1 13 552
1 13 553
1 13 554
1 13 555
1 13 556
1 13 557
1 13 558
1 13 559
1 13 560
1 13 561
1 13 562
1 13 563
1 13 564
1 13 565
1 13 566
1 13 567
1 13 568
1 13 569
1 13 570
1 13 571
1 13 572
1 13 573
1 13 574
1 13 575
1 13 576
1 13 577
1 13 578
1 13 579
1 13 580
1 13 581
1 13 582
1 13 583
1 13 584
1 13 585
1 13 586
1 13 587
1 13 588
1 13 589
1 13 590
1 13 591
1 13 592
1 13 593
1 13 594
1 13 595
1 13 596
1 13 597
1 13 598
1 13 599
1 13 600
1 13 601
1 13 602
1 13 603
1 13 604
1 13 605
1 13 606
1 13 607
1 13 608
1 13 609
1 13 610
1 13 611
1 13 612
1 13 613
1 13 614
1 13 615
1 13 616
1 13 617
1 13 618
1 13 619
1 13 620
1 13 621
1 13 622
1 13 623
1 13 624
1 13 625
1 13 626
1 13 627
1 13 628
1 13 629
1 13 630
1 13 631
1 13 632
1 13 633
1 13 634
1 13 635
1 13 636
1 13 637
1 13 638
1 13 639
1 13 640
1 13 641
1 13 642
1 13 643
1 13 644
1 13 645
1 13 646
1 13 647
1 13 648
1 13 649
1 13 650
1 13 651
1 13 652
1 13 653
1 13 654
1 13 655
1 13 656
1 13 657
1 13 658
1 13 659
1 13 660
1 13 661
1 13 662
1 13 663
1 13 664
1 13 665
1 13 666
1 13 667
1 13 668
1 13 669
1 13 670
1 13 671
1 13 672
1 13 673
1 13 674
1 13 675
1 13 676
1 13 677
1 13 678
1 13 679
1 13 680
1 13 681
1 13 682
1 13 683
1 13 684
1 13 685
1 13 686
1 13 687
1 13 688
1 13 689
1 13 690
1 13 691
1 13 692
1 13 693
1 13 694
1 13 695
1 13 696
1 13 697
1 13 698
1 13 699
1 13 700
1 13 701
1 13 702
1 13 703
1 13 704
1 13 705
1 13 706
1 13 707
1 13 708
1 13 709
1 13 710
1 13 711
1 13 712
1 13 713
1 13 714
1 13 715
1 13 716
1 13 717
1 13 718
1 13 719
1 13 720
1 13 721
1 13 722
1 13 723
1 13 724
1 13 725
1 13 726
1 13 727
1 13 728
1 13 729
1 13 730
1 13 731
1 13 732
1 13 733
1 13 734
1 13 735
1 13 736
1 13 737
1 13 738
1 13 739
1 13 740
1 13 741
1 13 742
1 13 743
1 13 744
1 13 745
1 13 746
1 13 747
1 13 748
1 13 749
1 13 750
1 13 751
1 13 752
1 13 753
1 13 754
1 13 755
1 13 756
1 13 757
1 13 758
1 13 759
1 13 760
1 13 761
1 13 762
1 13 763
1 13 764
1 13 765
1 13 766
1 13 767
1 13 768
1 13 769
1 13 770
1 13 771
1 13 772
1 13 773
1 13 774
1 13 775
1 13 776
1 13 777
1 13 778
1 13 779
1 13 780
1 13 781
1 13 782
1 13 783
1 13 784
1 13 785
1 13 786
1 13 787
1 13 788
1 13 789
1 13 790
1 13 791
1 13 792
1 13 793
1 13 794
1 13 795
1 13 796
1 13 797
1 13 798
1 13 799
1 13 800
1 13 801
1 13 802
1 13 803
1 13 804
1 13 805
1 13 806
1 13 807
1 13 808
1 13 809
1 13 810
1 13 811
1 13 812
1 13 813
1 13 814
1 13 815
1 13 816
1 13 817
1 13 818
1 13 819
1 13 820
1 13 821
1 13 822
1 13 823
1 13 824
1 13 825
1 13 826
1 13 827
1 13 828
1 13 829
1 13 830
1 13 831
1 13 832
1 13 833
1 13 834
1 13 835
1 13 836
1 13 837
1 13 838
1 13 839
1 13 840
1 13 841
1 13 842
1 13 843
1 13 844
1 13 845
1 13 846
1 13 847
1 13 848
1 13 849
1 13 850
1 13 851
1 13 852
1 13 853
1 13 854
1 13 855
1 13 856
1 13 857
1 13 858
1 13 859
1 13 860
1 13 861
1 13 862
1 13 863
1 13 864
1 13 865
1 13 866
1 13 867
1 13 868
1 13 869
1 13 870
1 13 871
1 13 872
1 13 873
1 13 874
1 13 875
1 13 876
1 13 877
1 13 878
1 13 879
1 13 880
1 13 881
1 13 882
1 13 883
1 13 884
1 13 885
1 13 886
1 13 887
1 13 888
1 13 889
1 13 890
1 13 891
1 13 892
1 13 893
1 13 894
1 13 895
1 13 896
1 13 897
1 13 898
1 13 899
1 13 900
1 13 901
1 13 902
1 13 903
1 13 904
1 13 905
1 13 906
1 13 907
1 13 908
1 13 909
1 13 910
1 13 911
1 13 912
1 13 913
1 13 914
1 13 915
1 13 916
1 13 917
1 13 918
1 13 919
1 13 920
1 13 921
1 13 922
1 13 923
1 13 924
1 13 925
1 13 926
1 13 927
1 13 928
1 13 929
1 13 930
1 13 931
1 13 932
1 13 933
1 13 934
1 13 935
1 13 936
1 13 937
1 13 938
1 13 939
1 13 940
1 13 941
1 13 942
1 13 943
1 13 944
1 13 945
1 13 946
1 13 947
1 13 948
1 13 949
1 13 950
1 13 951
1 13 952
1 13 953
1 13 954
1 13 955
1 13 956
1 13 957
1 13 958
1 13 959
1 13 960
1 13 961
1 13 962
1 13 963
1 13 964
1 13 965
1 13 966
1 13 967
1 13 968
1 13 969
1 13 970
1 13 971
1 13 972
1 13 973
1 13 974
1 13 975
1 13 976
1 13 977
1 13 978
1 13 979
1 13 980
1 13 981
1 13 982
1 13 983
1 13 984
1 13 985
1 13 986
1 13 987
1 13 988
1 13 989
1 13 990
1 13 991
1 13 992
1 13 993
1 13 994
1 13 995
1 13 996
1 13 997
1 13 998
1 13 999
1 13 1000
1 13 1001
1 13 1002
1 13 1003
1 13 1004
1 13 1005
1 13 1006
1 13 1007
1 13 1008
1 13 1009
1 13 1010
1 13 1011
1 13 1012
1 13 1013
1 13 1014
1 13 1015
1 13 1016
1 13 1017
1 13 1018
1 13 1019
1 13 1020
1 13 1021
1 13 1022
1 13 1023
1 13 1024
1 13 1025
1 13 1026
1 13 1027
1 13 1028
1 13 1029
1 13 1030
1 13 1031
1 13 1032
1 13 1033
1 13 1034
1 13 1035
1 13 1036
1 13 1037
1 13 1038
1 13 1039
1 13 1040
1 13 1041
1 13 1042
1 13 1043
1 13 1044
1 13 1045
1 13 1046
1 13 1047
1 13 1048
1 13 1049
1 13 1050
1 13 1051
1 13 1052
1 13 1053
1 13 1054
1 13 1055
1 13 1056
1 13 1057
1 13 1058
1 13 1059
1 13 1060
1 13 1061
1 13 1062
1 13 1063
1 13 1064
1 13 1065
1 13 1066
1 13 1067
1 13 1068
1 13 1069
1 13 1070
1 13 1071
1 13 1072
1 13 1073
1 13 1074
1 13 1075
1 13 1076
1 13 1077
1 13 1078
1 13 1079
1 13 1080
1 13 1081
1 13 1082
1 13 1083
1 13 1084
1 13 1085
1 13 1086
1 13 1087
1 13 1088
1 13 1089
1 13 1090
1 13 1091
1 13 1092
1 13 1093
1 13 1094
1 13 1095
1 13 1096
1 13 1097
1 13 1098
1 13 1099
1 13 1100
1 13 1101
1 13 1102
1 13 1103
1 13 1104
1 13 1105
1 13 1106
1 13 1107
1 13 1108
1 13 1109
1 13 1110
1 13 1111
1 13 1112
1 13 1113
1 13 1114
1 13 1115
1 13 1116
1 13 1117
1 13 1118
1 13 1119
1 13 1120
1 13 1121
1 13 1122
1 13 1123
1 13 1124
1 13 1125
1 13 1126
1 13 1127
1 13 1128
1 13 1129
1 13 1130
1 13 1131
1 13 1132
1 13 1133
1 13 1134
1 13 1135
1 13 1136
1 13 1137
1 13 1138
1 13 1139
1 13 1140
1 13 1141
1 13 1142
1 13 1143
1 13 1144
1 13 1145
1 13 1146
1 13 1147
1 13 1148
1 13 1149
1 13 1150
1 13 1151
1 13 1152
1 13 1153
1 13 1154
1 13 1155
1 13 1156
1 13 1157
1 13 1158
1 13 1159
1 13 1160
1 13 1161
1 13 1162
1 13 1163
1 13 1164
1 13 1165
1 13 1166
1 13 1167
1 13 1168
1 13 1169
1 13 1170
1 13 1171
1 13 1172
1 13 1173
1 13 1174
1 13 1175
1 13 1176
1 13 1177
1 13 1178
1 13 1179
1 13 1180
1 13 1181
1 13 1182
1 13 1183
1 13 1184
1 13 1185
1 13 1186
1 13 1187
1 13 1188
1 13 1189
1 13 1190
1 13 1191
1 13 1192
1 13 1193
1 13 1194
1 13 1195
1 13 1196
1 13 1197
1 13 1198
1 13 1199
1 13 1200
1 13 1201
1 13 1202
1 13 1203
1 13 1204
1 13 1205
1 13 1206
1 13 1207
1 13 1208
1 13 1209
1 13 1210
1 13 1211
1 13 1212
1 13 1213
1 13 1214
1 13 1215
1 13 1216
1 13 1217
1 13 1218
1 13 1219
1 13 1220
1 13 1221
1 13 1222
1 13 1223
1 13 1224
1 13 1225
1 13 1226
1 13 1227
1 13 1228
1 13 1229
1 13 1230
1 13 1231
1 13 1232
1 13 1233
1 13 1234
1 13 1235
1 13 1236
1 13 1237
1 13 1238
1 13 1239
1 13 1240
1 13 1241
1 13 1242
1 13 1243
1 13 1244
1 13 1245
1 13 1246
1 13 1247
1 13 1248
1 13 1249
1 13 1250
1 13 1251
1 13 1252
1 13 1253
1 13 1254
1 13 1255
1 13 1256
1 13 1257
1 13 1258
1 13 1259
1 13 1260
1 13 1261
1 13 1262
1 13 1263
1 13 1264
1 13 1265
1 13 1266
1 13 1267
1 13 1268
1 13 1269
1 13 1270
1 13 1271
1 13 1272
1 13 1273
1 13 1274
1 13 1275
1 13 1276
1 13 1277
1 13 1278
1 13 1279
1 13 1280
1 13 1281
1 13 1282
1 13 1283
1 13 1284
1 13 1285
1 13 1286
1 13 1287
1 13 1288
1 13 1289
1 13 1290
1 13 1291
1 13 1292
1 13 1293
1 13 1294
1 13 1295
1 13 1296
1 13 1297
1 13 1298
1 13 1299
1 13 1300
1 13 1301
1 13 1302
1 13 1303
1 13 1304
1 13 1305
1 13 1306
1 13 1307
1 13 1308
1 13 1309
1 13 1310
1 13 1311
1 13 1312
1 13 1313
1 13 1314
1 13 1315
1 13 1316
1 13 1317
1 13 1318
1 13 1319
1 13 1320
1 13 1321
1 13 1322
1 13 1323
1 13 1324
1 13 1325
1 13 1326
1 13 1327
1 13 1328
1 13 1329
1 13 1330
1 13 1331
1 13 1332
1 13 1333
1 13 1334
1 13 1335
1 13 1336
1 13 1337
1 13 1338
1 13 1339
1 13 1340
1 13 1341
1 13 1342
1 13 1343
1 13 1344
1 13 1345
1 13 1346
1 13 1347
1 13 1348
1 13 1349
1 13 1350
1 13 1351
1 13 1352
1 13 1353
1 13 1354
1 13 1355
1 13 1356
1 13 1357
1 13 1358
1 13 1359
1 13 1360
1 13 1361
1 13 1362
1 13 1363
1 13 1364
1 13 1365
1 13 1366
1 13 1367
1 13 1368
1 13 1369
1 13 1370
1 13 1371
1 13 1372
1 13 1373
1 13 1374
1 13 1375
1 13 1376
1 13 1377
1 13 1378
1 13 1379
1 13 1380
1 13 1381
1 13 1382
1 13 1383
1 13 1384
1 13 1385
1 13 1386
1 13 1387
1 13 1388
1 13 1389
1 13 1390
1 13 1391
1 13 1392
1 13 1393
1 13 1394
1 13 1395
1 13 1396
1 13 1397
1 13 1398
1 13 1399
1 13 1400
1 13 1401
1 13 1402
1 13 1403
1 13 1404
1 13 1405
1 13 1406
1 13 1407
1 13 1408
1 13 1409
1 13 1410
1 13 1411
1 13 1412
1 13 1413
1 13 1414
1 13 1415
1 13 1416
1 13 1417
1 13 1418
1 13 1419
1 13 1420
1 13 1421
1 13 1422
1 13 1423
1 13 1424
1 13 1425
1 13 1426
1 13 1427
1 13 1428
1 13 1429
1 13 1430
1 13 1431
1 13 1432
1 13 1433
1 13 1434
1 13 1435
1 13 1436
1 13 1437
1 13 1438
1 13 1439
1 13 1440
1 13 1441
1 13 1442
1 13 1443
1 13 1444
1 13 1445
1 13 1446
1 13 1447
1 13 1448
1 13 1449
1 13 1450
1 13 1451
1 13 1452
1 13 1453
1 13 1454
1 13 1455
1 13 1456
1 13 1457
1 13 1458
1 13 1459
1 13 1460
1 13 1461
1 13 1462
1 13 1463
1 13 1464
1 13 1465
1 13 1466
1 13 1467
1 13 1468
1 13 1469
1 13 1470
1 13 1471
1 13 1472
1 13 1473
1 13 1474
1 13 1475
1 13 1476
1 13 1477
1 13 1478
1 13 1479
1 13 1480
1 13 1481
1 13 1482
1 13 1483
1 13 1484
1 13 1485
1 13 1486
1 13 1487
1 13 1488
1 13 1489
1 13 1490
1 13 1491
1 13 1492
1 13 1493
1 13 1494
1 13 1495
1 13 1496
1 13 1497
1 13 1498
1 13 1499
1 13 1500
1 13 1501
1 13 1502
1 13 1503
1 13 1504
1 13 1505
1 13 1506
1 13 1507
1 13 1508
1 13 1509
1 13 1510
1 13 1511
1 13 1512
1 13 1513
1 13 1514
1 13 1515
1 13 1516
1 13 1517
1 13 1518
1 13 1519
1 13 1520
1 13 1521
1 13 1522
1 13 1523
1 13 1524
1 13 1525
1 13 1526
1 13 1527
1 13 1528
1 13 1529
1 13 1530
1 13 1531
1 13 1532
1 13 1533
1 13 1534
1 13 1535
1 13 1536
1 13 1537
1 13 1538
1 13 1539
1 13 1540
1 13 1541
1 13 1542
1 13 1543
1 13 1544
1 13 1545
1 13 1546
1 13 1547
1 13 1548
1 13 1549
1 13 1550
1 13 1551
1 13 1552
1 13 1553
1 13 1554
1 13 1555
1 13 1556
1 13 1557
1 13 1558
1 13 1559
1 13 1560
1 13 1561
1 13 1562
1 13 1563
1 13 1564
1 13 1565
1 13 1566
1 13 1567
1 13 1568
1 13 1569
1 13 1570
1 13 1571
1 13 1572
1 13 1573
1 13 1574
1 13 1575
1 13 1576
1 13 1577
1 13 1578
1 13 1579
1 13 1580
1 13 1581
1 13 1582
1 13 1583
1 13 1584
1 13 1585
1 13 1586
1 13 1587
1 13 1588
1 13 1589
1 13 1590
1 13 1591
1 13 1592
1 13 1593
1 13 1594
1 13 1595
1 13 1596
1 13 1597
1 13 1598
1 13 1599
1 13 1600
1 13 1601
1 13 1602
1 13 1603
1 13 1604
1 13 1605
1 13 1606
1 13 1607
1 13 1608
1 13 1609
1 13 1610
1 13 1611
1 13 1612
1 13 1613
1 13 1614
1 13 1615
1 13 1616
1 13 1617
1 13 1618
1 13 1619
1 13 1620
1 13 1621
1 13 1622
1 13 1623
1 13 1624
1 13 1625
1 13 1626
1 13 1627
1 13 1628
1 13 1629
1 13 1630
1 13 1631
1 13 1632
1 13 1633
1 13 1634
1 13 1635
1 13 1636
1 13 1637
1 13 1638
1 13 1639
1 13 1640
1 13 1641
1 13 1642
1 13 1643
1 13 1644
1 13 1645
1 13 1646
1 13 1647
1 13 1648
1 13 1649
1 13 1650
1 13 1651
1 13 1652
1 13 1653
1 13 1654
1 13 1655
1 13 1656
1 13 1657
1 13 1658
1 13 1659
1 13 1660
1 13 1661
1 13 1662
1 13 1663
1 13 1664
1 13 1665
1 13 1666
1 13 1667
1 13 1668
1 13 1669
1 13 1670
1 13 1671
1 13 1672
1 13 1673
1 13 1674
1 13 1675
1 13 1676
1 13 1677
1 13 1678
1 13 1679
1 13 1680
1 13 1681
1 13 1682
1 13 1683
1 13 1684
1 13 1685
1 13 1686
1 13 1687
1 13 1688
1 13 1689
1 13 1690
1 13 1691
1 13 1692
1 13 1693
1 13 1694
1 13 1695
1 13 1696
1 13 1697
1 13 1698
1 13 1699
1 13 1700
1 13 1701
1 13 1702
1 13 1703
1 13 1704
1 13 1705
1 13 1706
1 13 1707
1 13 1708
1 13 1709
1 13 1710
1 13 1711
1 13 1712
1 13 1713
1 13 1714
1 13 1715
1 13 1716
1 13 1717
1 13 1718
1 13 1719
1 13 1720
1 13 1721
1 13 1722
1 13 1723
1 13 1724
1 13 1725
1 13 1726
1 13 1727
1 13 1728
1 13 1729
1 13 1730
1 13 1731
1 13 1732
1 13 1733
1 13 1734
1 13 1735
1 13 1736
1 13 1737
1 13 1738
1 13 1739
1 13 1740
1 13 1741
1 13 1742
1 13 1743
1 13 1744
1 13 1745
1 13 1746
1 13 1747
1 13 1748
1 13 1749
1 13 1750
1 13 1751
1 13 1752
1 13 1753
1 13 1754
1 13 1755
1 13 1756
1 13 1757
1 13 1758
1 13 1759
1 13 1760
1 13 1761
1 13 1762
1 13 1763
1 13 1764
1 13 1765
1 13 1766
1 13 1767
1 13 1768
1 13 1769
1 13 1770
1 13 1771
1 13 1772
1 13 1773
1 13 1774
1 13 1775
1 13 1776
1 13 1777
1 13 1778
1 13 1779
1 13 1780
1 13 1781
1 13 1782
1 13 1783
1 13 1784
1 13 1785
1 13 1786
1 13 1787
1 13 1788
1 13 1789
1 13 1790
1 13 1791
1 13 1792
1 13 1793
1 13 1794
1 13 1795
1 13 1796
1 13 1797
1 13 1798
1 13 1799
1 13 1800
1 13 1801
1 13 1802
1 13 1803
1 13 1804
1 13 1805
1 13 1806
1 13 1807
1 13 1808
1 13 1809
1 13 1810
1 13 1811
1 13 1812
1 13 1813
1 13 1814
1 13 1815
1 13 1816
1 13 1817
1 13 1818
1 13 1819
1 13 1820
1 13 1821
1 13 1822
1 13 1823
1 13 1824
1 13 1825
1 13 1826
1 13 1827
1 13 1828
1 13 1829
1 13 1830
1 13 1831
1 13 1832
1 13 1833
1 13 1834
1 13 1835
1 13 1836
1 13 1837
1 13 1838
1 13 1839
1 13 1840
1 13 1841
1 13 1842
1 13 1843
1 13 1844
1 13 1845
1 13 1846
1 13 1847
1 13 1848
1 13 1849
1 13 1850
1 13 1851
1 13 1852
1 13 1853
1 13 1854
1 13 1855
1 13 1856
1 13 1857
1 13 1858
1 13 1859
1 13 1860
1 13 1861
1 13 1862
1 13 1863
1 13 1864
1 13 1865
1 13 1866
1 13 1867
1 13 1868
1 13 1869
1 13 1870
1 13 1871
1 13 1872
1 13 1873
1 13 1874
1 13 1875
1 13 1876
1 13 1877
1 13 1878
1 13 1879
1 13 1880
1 13 1881
1 13 1882
1 13 1883
1 13 1884
1 13 1885
1 13 1886
1 13 1887
1 13 1888
1 13 1889
1 13 1890
1 13 1891
1 13 1892
1 13 1893
1 13 1894
1 13 1895
1 13 1896
1 13 1897
1 13 1898
1 13 1899
1 13 1900
1 13 1901
1 13 1902
1 13 1903
1 13 1904
1 13 1905
1 13 1906
1 13 1907
1 13 1908
1 13 1909
1 13 1910
1 13 1911
1 13 1912
1 13 1913
1 13 1914
1 13 1915
1 13 1916
1 13 1917
1 13 1918
1 13 1919
1 13 1920
1 13 1921
1 13 1922
1 13 1923
1 13 1924
1 13 1925
1 13 1926
1 13 1927
1 13 1928
1 13 1929
1 13 1930
1 13 1931
1 13 1932
1 13 1933
1 13 1934
1 13 1935
1 13 1936
1 13 1937
1 13 1938
1 13 1939
1 13 1940
1 13 1941
1 13 1942
1 13 1943
1 13 1944
1 13 1945
1 13 1946
1 13 1947
1 13 1948
1 13 1949
1 13 1950
1 13 1951
1 13 1952
1 13 1953
1 13 1954
1 13 1955
1 13 1956
1 13 1957
1 13 1958
1 13 1959
1 13 1960
1 13 1961
1 13 1962
1 13 1963
1 13 1964
1 13 1965
1 13 1966
1 13 1967
1 13 1968
1 13 1969
1 13 1970
1 13 1971
1 13 1972
1 13 1973
1 13 1974
1 13 1975
1 13 1976
1 13 1977
1 13 1978
1 13 1979
1 13 1980
1 13 1981
1 13 1982
1 13 1983
1 13 1984
1 13 1985
1 13 1986
1 13 1987
1 13 1988
1 13 1989
1 13 1990
1 13 1991
1 13 1992
1 13 1993
1 13 1994
1 13 1995
1 13 1996
1 13 1997
1 13 1998
1 13 1999
1 13 2000
1 13 2001
1 13 2002
1 13 2003
1 13 2004
1 13 2005
1 13 2006
1 13 2007
1 13 2008
1 13 2009
1 13 2010
1 13 2011
1 13 2012
1 13 2013
1 13 2014
1 13 2015
1 13 2016
1 13 2017
1 13 2018
1 13 2019
1 13 2020
1 13 2021
1 13 2022
1 13 2023
1 13 2024
1 13 2025
1 13 2026
1 13 2027
1 13 2028
1 13 2029
1 13 2030
1 13 2031
1 13 2032
1 13 2033
1 13 2034
1 13 2035
1 13 2036
1 13 2037
1 13 2038
1 13 2039
1 13 2040
1 13 2041
1 13 2042
1 13 2043
1 13 2044
1 13 2045
1 13 2046
1 13 2047
1 13 2048
1 13 2049
1 13 2050
1 13 2051
1 13 2052
1 13 2053
1 13 2054
1 13 2055
1 13 2056
1 13 2057
1 13 2058
1 13 2059
1 13 2060
1 13 2061
1 13 2062
1 13 2063
1 13 2064
1 13 2065
1 13 2066
1 13 2067
1 13 2068
1 13 2069
1 13 2070
1 13 2071
1 13 2072
1 13 2073
1 13 2074
1 13 2075
1 13 2076
1 13 2077
1 13 2078
1 13 2079
1 13 2080
1 13 2081
1 13 2082
1 13 2083
1 13 2084
1 13 2085
1 13 2086
1 13 2087
1 13 2088
1 13 2089
1 13 2090
1 13 2091
1 13 2092
1 13 2093
1 13 2094
1 13 2095
1 13 2096
1 13 2097
1 13 2098
1 13 2099
1 13 2100
1 13 2101
1 13 2102
1 13 2103
1 13 2104
1 13 2105
1 13 2106
1 13 2107
1 13 2108
1 13 2109
1 13 2110
1 13 2111
1 13 2112
1 13 2113
1 13 2114
1 13 2115
1 13 2116
1 13 2117
1 13 2118
1 13 2119
1 13 2120
1 13 2121
1 13 2122
1 13 2123
1 13 2124
1 13 2125
1 13 2126
1 13 2127
1 13 2128
1 13 2129
1 13 2130
1 13 2131
1 13 2132
1 13 2133
1 13 2134
1 13 2135
1 13 2136
1 13 2137
1 13 2138
1 13 2139
1 13 2140
1 13 2141
1 13 2142
1 13 2143
1 13 2144
1 13 2145
1 13 2146
1 13 2147
1 13 2148
1 13 2149
1 13 2150
1 13 2151
1 13 2152
1 13 2153
1 13 2154
1 13 2155
1 13 2156
1 13 2157
1 13 2158
1 13 2159
1 13 2160
1 13 2161
1 13 2162
1 13 2163
1 13 2164
1 13 2165
1 13 2166
1 13 2167
1 13 2168
1 13 2169
1 13 2170
1 13 2171
1 13 2172
1 13 2173
1 13 2174
1 13 2175
1 13 2176
1 13 2177
1 13 2178
1 13 2179
1 13 2180
1 13 2181
1 13 2182
1 13 2183
1 13 2184
1 13 2185
1 13 2186
1 13 2187
1 13 2188
1 13 2189
1 13 2190
1 13 2191
1 13 2192
1 13 2193
1 13 2194
1 13 2195
1 13 2196
1 13 2197
1 13 2198
1 13 2199
1 13 2200
1 13 2201
1 13 2202
1 13 2203
1 13 2204
1 13 2205
1 13 2206
1 13 2207
1 13 2208
1 13 2209
1 13 2210
1 13 2211
1 13 2212
1 13 2213
1 13 2214
1 13 2215
1 13 2216
1 13 2217
1 13 2218
1 13 2219
1 13 2220
1 13 2221
1 13 2222
1 13 2223
1 13 2224
1 13 2225
1 13 2226
1 13 2227
1 13 2228
1 13 2229
1 13 2230
1 13 2231
1 13 2232
1 13 2233
1 13 2234
1 13 2235
1 13 2236
1 13 2237
1 13 2238
1 13 2239
1 13 2240
1 13 2241
1 13 2242
1 13 2243
1 13 2244
1 13 2245
1 13 2246
1 13 2247
1 13 2248
1 13 2249
1 13 2250
1 13 2251
1 13 2252
1 13 2253
1 13 2254
1 13 2255
1 13 2256
1 13 2257
1 13 2258
1 13 2259
1 13 2260
1 13 2261
1 13 2262
1 13 2263
1 13 2264
1 13 2265
1 13 2266
1 13 2267
1 13 2268
1 13 2269
1 13 2270
1 13 2271
1 13 2272
1 13 2273
1 13 2274
1 13 2275
1 13 2276
1 13 2277
1 13 2278
1 13 2279
1 13 2280
1 13 2281
1 13 2282
1 13 2283
1 13 2284
1 13 2285
1 13 2286
1 13 2287
1 13 2288
1 13 2289
1 13 2290
1 13 2291
1 13 2292
1 13 2293
1 13 2294
1 13 2295
1 13 2296
1 13 2297
1 13 2298
1 13 2299
1 13 2300
1 13 2301
1 13 2302
1 13 2303
1 13 2304
1 13 2305
1 13 2306
1 13 2307
1 13 2308
1 13 2309
1 13 2310
1 13 2311
1 13 2312
1 13 2313
1 13 2314
1 13 2315
1 13 2316
1 13 2317
1 13 2318
1 13 2319
1 13 2320
1 13 2321
1 13 2322
1 13 2323
1 13 2324
1 13 2325
1 13 2326
1 13 2327
1 13 2328
1 13 2329
1 13 2330
1 13 2331
1 13 2332
1 13 2333
1 13 2334
1 13 2335
1 13 2336
1 13 2337
1 13 2338
1 13 2339
1 13 2340
1 13 2341
1 13 2342
1 13 2343
1 13 2344
1 13 2345
1 13 2346
1 13 2347
1 13 2348
1 13 2349
1 13 2350
1 13 2351
1 13 2352
1 13 2353
1 13 2354
1 13 2355
1 13 2356
1 13 2357
1 13 2358
1 13 2359
1 13 2360
1 13 2361
1 13 2362
1 13 2363
1 13 2364
1 13 2365
1 13 2366
1 13 2367
1 13 2368
1 13 2369
1 13 2370
1 13 2371
1 13 2372
1 13 2373
1 13 2374
1 13 2375
1 13 2376
1 13 2377
1 13 2378
1 13 2379
1 13 2380
1 13 2381
1 13 2382
1 13 2383
1 13 2384
1 13 2385
1 13 2386
1 13 2387
1 13 2388
1 13 2389
1 13 2390
1 13 2391
1 13 2392
1 13 2393
1 13 2394
1 13 2395
1 13 2396
1 13 2397
1 13 2398
1 13 2399
1 13 2400
1 13 2401
1 13 2402
1 13 2403
1 13 2404
1 13 2405
1 13 2406
1 13 2407
1 13 2408
1 13 2409
1 13 2410
1 13 2411
1 13 2412
1 13 2413
1 13 2414
1 13 2415
1 13 2416
1 13 2417
1 13 2418
1 13 2419
1 13 2420
1 13 2421
1 13 2422
1 13 2423
1 13 2424
1 13 2425
1 13 2426
1 13 2427
1 13 2428
1 13 2429
1 13 2430
1 13 2431
1 13 2432
1 13 2433
1 13 2434
1 13 2435
1 13 2436
1 13 2437
1 13 2438
1 13 2439
1 13 2440
1 13 2441
1 13 2442
1 13 2443
1 13 2444
1 13 2445
1 13 2446
1 13 2447
1 13 2448
1 13 2449
1 13 2450
1 13 2451
1 13 2452
1 13 2453
1 13 2454
1 13 2455
1 13 2456
1 13 2457
