16 10 1
16 10 2
16 10 3
16 10 4
16 10 5
16 10 6
16 10 7
16 10 8
16 10 9
16 10 10
16 10 11
16 10 12
16 10 13
16 10 14
16 10 15
16 10 16
16 10 17
16 10 18
16 10 19
16 10 20
16 10 21
16 10 22
16 10 23
16 10 24
16 10 25
16 10 26
16 10 27
16 10 28
16 10 29
16 10 30
16 10 31
16 10 32
16 10 33
16 10 34
16 10 35
16 10 36
16 10 37
16 10 38
16 10 39
16 10 40
16 10 41
16 10 42
16 10 43
16 10 44
16 10 45
16 10 46
16 10 47
16 10 48
16 10 49
16 10 50
16 10 51
16 10 52
16 10 53
16 10 54
16 10 55
16 10 56
16 10 57
16 10 58
16 10 59
16 10 60
16 10 61
16 10 62
16 10 63
16 10 64
16 10 65
16 10 66
16 10 67
16 10 68
16 10 69
16 10 70
16 10 71
16 10 72
16 10 73
16 10 74
16 10 75
16 10 76
16 10 77
16 10 78
16 10 79
16 10 80
16 10 81
16 10 82
16 10 83
16 10 84
16 10 85
16 10 86
16 10 87
16 10 88
16 10 89
16 10 90
16 10 91
16 10 92
16 10 93
16 10 94
16 10 95
16 10 96
16 10 97
16 10 98
16 10 99
16 10 100
16 10 101
16 10 102
