16 11 1
16 11 2
16 11 3
16 11 4
16 11 5
16 11 6
16 11 7
16 11 8
16 11 9
16 11 10
16 11 11
16 11 12
16 11 13
16 11 14
16 11 15
16 11 16
16 11 17
16 11 18
16 11 19
16 11 20
16 11 21
16 11 22
16 11 23
16 11 24
16 11 25
16 11 26
16 11 27
16 11 28
16 11 29
16 11 30
16 11 31
16 11 32
16 11 33
16 11 34
16 11 35
16 11 36
16 11 37
16 11 38
16 11 39
16 11 40
16 11 41
16 11 42
16 11 43
16 11 44
16 11 45
16 11 46
16 11 47
16 11 48
16 11 49
16 11 50
16 11 51
16 11 52
16 11 53
16 11 54
16 11 55
16 11 56
16 11 57
16 11 58
16 11 59
16 11 60
16 11 61
16 11 62
16 11 63
16 11 64
16 11 65
16 11 66
16 11 67
16 11 68
16 11 69
16 11 70
16 11 71
16 11 72
16 11 73
16 11 74
16 11 75
16 11 76
16 11 77
16 11 78
16 11 79
16 11 80
16 11 81
16 11 82
16 11 83
16 11 84
16 11 85
16 11 86
16 11 87
16 11 88
16 11 89
16 11 90
16 11 91
16 11 92
16 11 93
16 11 94
16 11 95
16 11 96
16 11 97
16 11 98
16 11 99
16 11 100
16 11 101
16 11 102
