16 11 1
16 11 2
16 11 3
16 11 4
16 11 5
16 11 6
16 11 7
16 11 8
16 11 9
16 11 10
16 11 11
16 11 12
16 11 13
16 11 14
16 11 15
16 11 16
16 11 17
16 11 18
16 11 19
16 11 20
16 11 21
16 11 22
16 11 23
16 11 24
16 11 25
16 11 26
16 11 27
16 11 28
16 11 29
16 11 30
16 11 31
16 11 32
16 11 33
16 11 34
16 11 35
16 11 36
16 11 37
16 11 38
16 11 39
16 11 40
16 11 41
16 11 42
16 11 43
16 11 44
16 11 45
16 11 46
16 11 47
16 11 48
16 11 49
16 11 50
16 11 51
16 11 52
16 11 53
16 11 54
16 11 55
16 11 56
16 11 57
16 11 58
16 11 59
16 11 60
16 11 61
16 11 62
16 11 63
16 11 64
16 11 65
16 11 66
16 11 67
16 11 68
16 11 69
16 11 70
16 11 71
16 11 72
16 11 73
16 11 74
16 11 75
16 11 76
16 11 77
16 11 78
16 11 79
16 11 80
16 11 81
16 11 82
16 11 83
16 11 84
16 11 85
16 11 86
16 11 87
16 11 88
16 11 89
16 11 90
16 11 91
16 11 92
16 11 93
16 11 94
16 11 95
16 11 96
16 11 97
16 11 98
16 11 99
16 11 100
16 11 101
16 11 102
16 11 103
16 11 104
16 11 105
16 11 106
16 11 107
16 11 108
16 11 109
16 11 110
16 11 111
16 11 112
16 11 113
16 11 114
16 11 115
16 11 116
16 11 117
16 11 118
16 11 119
16 11 120
16 11 121
16 11 122
16 11 123
16 11 124
16 11 125
16 11 126
16 11 127
16 11 128
16 11 129
16 11 130
16 11 131
16 11 132
16 11 133
16 11 134
16 11 135
16 11 136
16 11 137
16 11 138
16 11 139
16 11 140
16 11 141
16 11 142
16 11 143
16 11 144
16 11 145
16 11 146
16 11 147
16 11 148
16 11 149
16 11 150
16 11 151
16 11 152
16 11 153
16 11 154
16 11 155
16 11 156
16 11 157
16 11 158
16 11 159
16 11 160
16 11 161
16 11 162
16 11 163
16 11 164
16 11 165
16 11 166
16 11 167
16 11 168
16 11 169
16 11 170
16 11 171
16 11 172
16 11 173
16 11 174
16 11 175
16 11 176
16 11 177
16 11 178
16 11 179
16 11 180
16 11 181
16 11 182
16 11 183
16 11 184
16 11 185
16 11 186
16 11 187
16 11 188
16 11 189
16 11 190
16 11 191
16 11 192
16 11 193
16 11 194
16 11 195
16 11 196
16 11 197
16 11 198
16 11 199
16 11 200
16 11 201
16 11 202
16 11 203
16 11 204
16 11 205
16 11 206
16 11 207
16 11 208
16 11 209
16 11 210
16 11 211
16 11 212
16 11 213
16 11 214
16 11 215
16 11 216
16 11 217
16 11 218
16 11 219
16 11 220
16 11 221
16 11 222
16 11 223
16 11 224
16 11 225
16 11 226
16 11 227
16 11 228
16 11 229
16 11 230
16 11 231
16 11 232
16 11 233
16 11 234
16 11 235
16 11 236
16 11 237
16 11 238
16 11 239
16 11 240
16 11 241
16 11 242
16 11 243
16 11 244
16 11 245
16 11 246
16 11 247
16 11 248
16 11 249
16 11 250
16 11 251
16 11 252
16 11 253
16 11 254
16 11 255
16 11 256
16 11 257
16 11 258
16 11 259
16 11 260
16 11 261
16 11 262
16 11 263
16 11 264
16 11 265
16 11 266
16 11 267
16 11 268
16 11 269
16 11 270
16 11 271
16 11 272
16 11 273
16 11 274
16 11 275
16 11 276
16 11 277
16 11 278
16 11 279
16 11 280
16 11 281
16 11 282
16 11 283
16 11 284
16 11 285
16 11 286
16 11 287
16 11 288
16 11 289
16 11 290
16 11 291
16 11 292
16 11 293
16 11 294
16 11 295
16 11 296
16 11 297
16 11 298
16 11 299
16 11 300
16 11 301
16 11 302
16 11 303
16 11 304
16 11 305
16 11 306
16 11 307
16 11 308
16 11 309
16 11 310
16 11 311
16 11 312
16 11 313
16 11 314
16 11 315
16 11 316
16 11 317
16 11 318
16 11 319
16 11 320
16 11 321
16 11 322
16 11 323
16 11 324
16 11 325
16 11 326
16 11 327
16 11 328
16 11 329
16 11 330
16 11 331
16 11 332
16 11 333
16 11 334
16 11 335
16 11 336
16 11 337
16 11 338
16 11 339
16 11 340
16 11 341
16 11 342
16 11 343
16 11 344
16 11 345
16 11 346
16 11 347
16 11 348
16 11 349
16 11 350
16 11 351
16 11 352
16 11 353
16 11 354
16 11 355
16 11 356
16 11 357
16 11 358
16 11 359
16 11 360
16 11 361
16 11 362
16 11 363
16 11 364
16 11 365
16 11 366
16 11 367
16 11 368
16 11 369
16 11 370
16 11 371
16 11 372
16 11 373
16 11 374
16 11 375
16 11 376
16 11 377
16 11 378
16 11 379
16 11 380
16 11 381
16 11 382
16 11 383
16 11 384
16 11 385
16 11 386
16 11 387
16 11 388
16 11 389
16 11 390
16 11 391
16 11 392
16 11 393
16 11 394
16 11 395
16 11 396
16 11 397
16 11 398
16 11 399
16 11 400
16 11 401
16 11 402
16 11 403
16 11 404
16 11 405
16 11 406
16 11 407
16 11 408
16 11 409
16 11 410
16 11 411
16 11 412
16 11 413
16 11 414
16 11 415
16 11 416
16 11 417
16 11 418
16 11 419
16 11 420
16 11 421
16 11 422
16 11 423
16 11 424
16 11 425
16 11 426
16 11 427
16 11 428
16 11 429
16 11 430
16 11 431
16 11 432
16 11 433
16 11 434
16 11 435
16 11 436
16 11 437
16 11 438
16 11 439
16 11 440
16 11 441
16 11 442
16 11 443
16 11 444
16 11 445
16 11 446
16 11 447
16 11 448
16 11 449
16 11 450
16 11 451
16 11 452
16 11 453
16 11 454
16 11 455
16 11 456
16 11 457
16 11 458
16 11 459
16 11 460
16 11 461
16 11 462
16 11 463
16 11 464
16 11 465
16 11 466
16 11 467
16 11 468
16 11 469
16 11 470
16 11 471
16 11 472
16 11 473
16 11 474
16 11 475
16 11 476
16 11 477
16 11 478
16 11 479
16 11 480
16 11 481
16 11 482
16 11 483
16 11 484
16 11 485
16 11 486
16 11 487
16 11 488
16 11 489
16 11 490
16 11 491
16 11 492
16 11 493
16 11 494
16 11 495
16 11 496
16 11 497
16 11 498
16 11 499
16 11 500
16 11 501
16 11 502
16 11 503
16 11 504
16 11 505
16 11 506
16 11 507
16 11 508
16 11 509
16 11 510
16 11 511
16 11 512
16 11 513
16 11 514
16 11 515
16 11 516
16 11 517
16 11 518
16 11 519
16 11 520
16 11 521
16 11 522
16 11 523
16 11 524
16 11 525
16 11 526
16 11 527
16 11 528
16 11 529
16 11 530
16 11 531
16 11 532
16 11 533
16 11 534
16 11 535
16 11 536
16 11 537
16 11 538
16 11 539
16 11 540
16 11 541
16 11 542
16 11 543
16 11 544
16 11 545
16 11 546
16 11 547
16 11 548
16 11 549
16 11 550
16 11 551
16 11 552
16 11 553
16 11 554
16 11 555
16 11 556
16 11 557
16 11 558
16 11 559
16 11 560
16 11 561
16 11 562
16 11 563
16 11 564
16 11 565
16 11 566
16 11 567
16 11 568
16 11 569
16 11 570
16 11 571
16 11 572
16 11 573
16 11 574
16 11 575
16 11 576
16 11 577
16 11 578
16 11 579
16 11 580
16 11 581
16 11 582
16 11 583
16 11 584
16 11 585
16 11 586
16 11 587
16 11 588
16 11 589
16 11 590
16 11 591
16 11 592
16 11 593
16 11 594
16 11 595
16 11 596
16 11 597
16 11 598
16 11 599
16 11 600
16 11 601
16 11 602
16 11 603
16 11 604
16 11 605
16 11 606
16 11 607
16 11 608
16 11 609
16 11 610
16 11 611
16 11 612
16 11 613
16 11 614
