9 27 1
10 27 1
11 27 1
12 27 1
13 27 1
14 27 1
15 27 1
16 27 1
17 27 1
18 27 1
19 27 1
20 27 1
21 27 1
22 27 1
23 27 1
24 27 1
25 27 1
26 27 1
9 28 2
10 28 2
11 28 2
12 28 2
13 28 2
14 28 2
15 28 2
16 28 2
17 28 2
18 28 2
19 28 2
20 28 2
21 28 2
22 28 2
23 28 2
24 28 2
25 28 2
26 28 2
9 29 3
10 29 3
11 29 3
12 29 3
13 29 3
14 29 3
15 29 3
16 29 3
17 29 3
18 29 3
19 29 3
20 29 3
21 29 3
22 29 3
23 29 3
24 29 3
25 29 3
26 29 3
9 30 4
10 30 4
11 30 4
12 30 4
13 30 4
14 30 4
15 30 4
16 30 4
17 30 4
18 30 4
19 30 4
20 30 4
21 30 4
22 30 4
23 30 4
24 30 4
25 30 4
26 30 4
9 31 5
10 31 5
11 31 5
12 31 5
13 31 5
14 31 5
15 31 5
16 31 5
17 31 5
18 31 5
19 31 5
20 31 5
21 31 5
22 31 5
23 31 5
24 31 5
25 31 5
26 31 5
9 32 6
10 32 6
11 32 6
12 32 6
13 32 6
14 32 6
15 32 6
16 32 6
17 32 6
18 32 6
19 32 6
20 32 6
21 32 6
22 32 6
23 32 6
24 32 6
25 32 6
26 32 6
9 33 7
10 33 7
11 33 7
12 33 7
13 33 7
14 33 7
15 33 7
16 33 7
17 33 7
18 33 7
19 33 7
20 33 7
21 33 7
22 33 7
23 33 7
24 33 7
25 33 7
26 33 7
9 34 8
10 34 8
11 34 8
12 34 8
13 34 8
14 34 8
15 34 8
16 34 8
17 34 8
18 34 8
19 34 8
20 34 8
21 34 8
22 34 8
23 34 8
24 34 8
25 34 8
26 34 8
9 35 9
10 35 9
11 35 9
12 35 9
13 35 9
14 35 9
15 35 9
16 35 9
17 35 9
18 35 9
19 35 9
20 35 9
21 35 9
22 35 9
23 35 9
24 35 9
25 35 9
26 35 9
9 36 10
10 36 10
11 36 10
12 36 10
13 36 10
14 36 10
15 36 10
16 36 10
17 36 10
18 36 10
19 36 10
20 36 10
21 36 10
22 36 10
23 36 10
24 36 10
25 36 10
26 36 10
9 37 11
10 37 11
11 37 11
12 37 11
13 37 11
14 37 11
15 37 11
16 37 11
17 37 11
18 37 11
19 37 11
20 37 11
21 37 11
22 37 11
23 37 11
24 37 11
25 37 11
26 37 11
9 38 12
10 38 12
11 38 12
12 38 12
13 38 12
14 38 12
15 38 12
16 38 12
17 38 12
18 38 12
19 38 12
20 38 12
21 38 12
22 38 12
23 38 12
24 38 12
25 38 12
26 38 12
9 39 13
10 39 13
11 39 13
12 39 13
13 39 13
14 39 13
15 39 13
16 39 13
17 39 13
18 39 13
19 39 13
20 39 13
21 39 13
22 39 13
23 39 13
24 39 13
25 39 13
26 39 13
9 40 14
10 40 14
11 40 14
12 40 14
13 40 14
14 40 14
15 40 14
16 40 14
17 40 14
18 40 14
19 40 14
20 40 14
21 40 14
22 40 14
23 40 14
24 40 14
25 40 14
26 40 14
9 41 15
10 41 15
11 41 15
12 41 15
13 41 15
14 41 15
15 41 15
16 41 15
17 41 15
18 41 15
19 41 15
20 41 15
21 41 15
22 41 15
23 41 15
24 41 15
25 41 15
26 41 15
9 42 16
10 42 16
11 42 16
12 42 16
13 42 16
14 42 16
15 42 16
16 42 16
17 42 16
18 42 16
19 42 16
20 42 16
21 42 16
22 42 16
23 42 16
24 42 16
25 42 16
26 42 16
9 43 17
10 43 17
11 43 17
12 43 17
13 43 17
14 43 17
15 43 17
16 43 17
17 43 17
18 43 17
19 43 17
20 43 17
21 43 17
22 43 17
23 43 17
24 43 17
25 43 17
26 43 17
9 44 18
10 44 18
11 44 18
12 44 18
13 44 18
14 44 18
15 44 18
16 44 18
17 44 18
18 44 18
19 44 18
20 44 18
21 44 18
22 44 18
23 44 18
24 44 18
25 44 18
26 44 18
9 27 19
10 27 19
11 27 19
12 27 19
13 27 19
14 27 19
15 27 19
16 27 19
17 27 19
18 27 19
19 27 19
20 27 19
21 27 19
22 27 19
23 27 19
24 27 19
25 27 19
26 27 19
9 28 20
10 28 20
11 28 20
12 28 20
13 28 20
14 28 20
15 28 20
16 28 20
17 28 20
18 28 20
19 28 20
20 28 20
21 28 20
22 28 20
23 28 20
24 28 20
25 28 20
26 28 20
9 29 21
10 29 21
11 29 21
12 29 21
13 29 21
14 29 21
15 29 21
16 29 21
17 29 21
18 29 21
19 29 21
20 29 21
21 29 21
22 29 21
23 29 21
24 29 21
25 29 21
26 29 21
9 30 22
10 30 22
11 30 22
12 30 22
13 30 22
14 30 22
15 30 22
16 30 22
17 30 22
18 30 22
19 30 22
20 30 22
21 30 22
22 30 22
23 30 22
24 30 22
25 30 22
26 30 22
9 31 23
10 31 23
11 31 23
12 31 23
13 31 23
14 31 23
15 31 23
16 31 23
17 31 23
18 31 23
19 31 23
20 31 23
21 31 23
22 31 23
23 31 23
24 31 23
25 31 23
26 31 23
9 32 24
10 32 24
11 32 24
12 32 24
13 32 24
14 32 24
15 32 24
16 32 24
17 32 24
18 32 24
19 32 24
20 32 24
21 32 24
22 32 24
23 32 24
24 32 24
25 32 24
26 32 24
9 33 25
10 33 25
11 33 25
12 33 25
13 33 25
14 33 25
15 33 25
16 33 25
17 33 25
18 33 25
19 33 25
20 33 25
21 33 25
22 33 25
23 33 25
24 33 25
25 33 25
26 33 25
9 34 26
10 34 26
11 34 26
12 34 26
13 34 26
14 34 26
15 34 26
16 34 26
17 34 26
18 34 26
19 34 26
20 34 26
21 34 26
22 34 26
23 34 26
24 34 26
25 34 26
26 34 26
9 35 27
10 35 27
11 35 27
12 35 27
13 35 27
14 35 27
15 35 27
16 35 27
17 35 27
18 35 27
19 35 27
20 35 27
21 35 27
22 35 27
23 35 27
24 35 27
25 35 27
26 35 27
9 36 28
10 36 28
11 36 28
12 36 28
13 36 28
14 36 28
15 36 28
16 36 28
17 36 28
18 36 28
19 36 28
20 36 28
21 36 28
22 36 28
23 36 28
24 36 28
25 36 28
26 36 28
9 37 29
10 37 29
11 37 29
12 37 29
13 37 29
14 37 29
15 37 29
16 37 29
17 37 29
18 37 29
19 37 29
20 37 29
21 37 29
22 37 29
23 37 29
24 37 29
25 37 29
26 37 29
9 38 30
10 38 30
11 38 30
12 38 30
13 38 30
14 38 30
15 38 30
16 38 30
17 38 30
18 38 30
19 38 30
20 38 30
21 38 30
22 38 30
23 38 30
24 38 30
25 38 30
26 38 30
9 39 31
10 39 31
11 39 31
12 39 31
13 39 31
14 39 31
15 39 31
16 39 31
17 39 31
18 39 31
19 39 31
20 39 31
21 39 31
22 39 31
23 39 31
24 39 31
25 39 31
26 39 31
9 40 32
10 40 32
11 40 32
12 40 32
13 40 32
14 40 32
15 40 32
16 40 32
17 40 32
18 40 32
19 40 32
20 40 32
21 40 32
22 40 32
23 40 32
24 40 32
25 40 32
26 40 32
9 41 33
10 41 33
11 41 33
12 41 33
13 41 33
14 41 33
15 41 33
16 41 33
17 41 33
18 41 33
19 41 33
20 41 33
21 41 33
22 41 33
23 41 33
24 41 33
25 41 33
26 41 33
9 42 34
10 42 34
11 42 34
12 42 34
13 42 34
14 42 34
15 42 34
16 42 34
17 42 34
18 42 34
19 42 34
20 42 34
21 42 34
22 42 34
23 42 34
24 42 34
25 42 34
26 42 34
9 43 35
10 43 35
11 43 35
12 43 35
13 43 35
14 43 35
15 43 35
16 43 35
17 43 35
18 43 35
19 43 35
20 43 35
21 43 35
22 43 35
23 43 35
24 43 35
25 43 35
26 43 35
9 44 36
10 44 36
11 44 36
12 44 36
13 44 36
14 44 36
15 44 36
16 44 36
17 44 36
18 44 36
19 44 36
20 44 36
21 44 36
22 44 36
23 44 36
24 44 36
25 44 36
26 44 36
