31 37 1
32 37 1
33 37 1
34 37 1
35 37 1
36 37 1
31 38 2
32 38 2
33 38 2
34 38 2
35 38 2
36 38 2
31 39 3
32 39 3
33 39 3
34 39 3
35 39 3
36 39 3
31 40 4
32 40 4
33 40 4
34 40 4
35 40 4
36 40 4
31 41 5
32 41 5
33 41 5
34 41 5
35 41 5
36 41 5
31 42 6
32 42 6
33 42 6
34 42 6
35 42 6
36 42 6
31 43 7
32 43 7
33 43 7
34 43 7
35 43 7
36 43 7
31 44 8
32 44 8
33 44 8
34 44 8
35 44 8
36 44 8
31 45 9
32 45 9
33 45 9
34 45 9
35 45 9
36 45 9
31 46 10
32 46 10
33 46 10
34 46 10
35 46 10
36 46 10
31 47 11
32 47 11
33 47 11
34 47 11
35 47 11
36 47 11
31 48 12
32 48 12
33 48 12
34 48 12
35 48 12
36 48 12
31 49 13
32 49 13
33 49 13
34 49 13
35 49 13
36 49 13
31 50 14
32 50 14
33 50 14
34 50 14
35 50 14
36 50 14
31 51 15
32 51 15
33 51 15
34 51 15
35 51 15
36 51 15
31 52 16
32 52 16
33 52 16
34 52 16
35 52 16
36 52 16
31 53 17
32 53 17
33 53 17
34 53 17
35 53 17
36 53 17
31 54 18
32 54 18
33 54 18
34 54 18
35 54 18
36 54 18
31 55 19
32 55 19
33 55 19
34 55 19
35 55 19
36 55 19
31 56 20
32 56 20
33 56 20
34 56 20
35 56 20
36 56 20
31 57 21
32 57 21
33 57 21
34 57 21
35 57 21
36 57 21
31 58 22
32 58 22
33 58 22
34 58 22
35 58 22
36 58 22
31 59 23
32 59 23
33 59 23
34 59 23
35 59 23
36 59 23
31 60 24
32 60 24
33 60 24
34 60 24
35 60 24
36 60 24
31 37 25
32 37 25
33 37 25
34 37 25
35 37 25
36 37 25
31 38 26
32 38 26
33 38 26
34 38 26
35 38 26
36 38 26
31 39 27
32 39 27
33 39 27
34 39 27
35 39 27
36 39 27
31 40 28
32 40 28
33 40 28
34 40 28
35 40 28
36 40 28
31 41 29
32 41 29
33 41 29
34 41 29
35 41 29
36 41 29
31 42 30
32 42 30
33 42 30
34 42 30
35 42 30
36 42 30
31 43 31
32 43 31
33 43 31
34 43 31
35 43 31
36 43 31
31 44 32
32 44 32
33 44 32
34 44 32
35 44 32
36 44 32
31 45 33
32 45 33
33 45 33
34 45 33
35 45 33
36 45 33
31 46 34
32 46 34
33 46 34
34 46 34
35 46 34
36 46 34
31 47 35
32 47 35
33 47 35
34 47 35
35 47 35
36 47 35
31 48 36
32 48 36
33 48 36
34 48 36
35 48 36
36 48 36
31 49 37
32 49 37
33 49 37
34 49 37
35 49 37
36 49 37
31 50 38
32 50 38
33 50 38
34 50 38
35 50 38
36 50 38
31 51 39
32 51 39
33 51 39
34 51 39
35 51 39
36 51 39
31 52 40
32 52 40
33 52 40
34 52 40
35 52 40
36 52 40
31 53 41
32 53 41
33 53 41
34 53 41
35 53 41
36 53 41
31 54 42
32 54 42
33 54 42
34 54 42
35 54 42
36 54 42
31 55 43
32 55 43
33 55 43
34 55 43
35 55 43
36 55 43
31 56 44
32 56 44
33 56 44
34 56 44
35 56 44
36 56 44
31 57 45
32 57 45
33 57 45
34 57 45
35 57 45
36 57 45
31 58 46
32 58 46
33 58 46
34 58 46
35 58 46
36 58 46
31 59 47
32 59 47
33 59 47
34 59 47
35 59 47
36 59 47
31 60 48
32 60 48
33 60 48
34 60 48
35 60 48
36 60 48
31 37 49
32 37 49
33 37 49
34 37 49
35 37 49
36 37 49
31 38 50
32 38 50
33 38 50
34 38 50
35 38 50
36 38 50
31 39 51
32 39 51
33 39 51
34 39 51
35 39 51
36 39 51
31 40 52
32 40 52
33 40 52
34 40 52
35 40 52
36 40 52
31 41 53
32 41 53
33 41 53
34 41 53
35 41 53
36 41 53
31 42 54
32 42 54
33 42 54
34 42 54
35 42 54
36 42 54
31 43 55
32 43 55
33 43 55
34 43 55
35 43 55
36 43 55
31 44 56
32 44 56
33 44 56
34 44 56
35 44 56
36 44 56
31 45 57
32 45 57
33 45 57
34 45 57
35 45 57
36 45 57
31 46 58
32 46 58
33 46 58
34 46 58
35 46 58
36 46 58
31 47 59
32 47 59
33 47 59
34 47 59
35 47 59
36 47 59
31 48 60
32 48 60
33 48 60
34 48 60
35 48 60
36 48 60
31 49 61
32 49 61
33 49 61
34 49 61
35 49 61
36 49 61
31 50 62
32 50 62
33 50 62
34 50 62
35 50 62
36 50 62
31 51 63
32 51 63
33 51 63
34 51 63
35 51 63
36 51 63
31 52 64
32 52 64
33 52 64
34 52 64
35 52 64
36 52 64
31 53 65
32 53 65
33 53 65
34 53 65
35 53 65
36 53 65
31 54 66
32 54 66
33 54 66
34 54 66
35 54 66
36 54 66
31 55 67
32 55 67
33 55 67
34 55 67
35 55 67
36 55 67
31 56 68
32 56 68
33 56 68
34 56 68
35 56 68
36 56 68
31 57 69
32 57 69
33 57 69
34 57 69
35 57 69
36 57 69
31 58 70
32 58 70
33 58 70
34 58 70
35 58 70
36 58 70
31 59 71
32 59 71
33 59 71
34 59 71
35 59 71
36 59 71
31 60 72
32 60 72
33 60 72
34 60 72
35 60 72
36 60 72
