31 32 1
31 32 2
31 32 3
31 32 4
31 32 5
31 32 6
31 32 7
31 32 8
31 32 9
31 32 10
31 32 11
31 32 12
31 32 13
31 32 14
31 32 15
31 32 16
31 32 17
31 32 18
31 32 19
31 32 20
31 32 21
31 32 22
31 32 23
31 32 24
31 32 25
31 32 26
31 32 27
31 32 28
31 32 29
31 32 30
31 32 31
31 32 32
31 32 33
31 32 34
31 32 35
31 32 36
31 32 37
31 32 38
31 32 39
31 32 40
31 32 41
31 32 42
31 32 43
31 32 44
31 32 45
31 32 46
31 32 47
31 32 48
31 32 49
31 32 50
31 32 51
31 32 52
31 32 53
31 32 54
31 32 55
31 32 56
31 32 57
31 32 58
31 32 59
31 32 60
31 32 61
31 32 62
31 32 63
31 32 64
31 32 65
31 32 66
31 32 67
31 32 68
31 32 69
31 32 70
31 32 71
31 32 72
31 32 73
31 32 74
31 32 75
31 32 76
31 32 77
31 32 78
31 32 79
31 32 80
31 32 81
31 32 82
31 32 83
31 32 84
31 32 85
31 32 86
31 32 87
31 32 88
31 32 89
31 32 90
31 32 91
31 32 92
31 32 93
31 32 94
31 32 95
31 32 96
31 32 97
31 32 98
31 32 99
31 32 100
31 32 101
31 32 102
31 32 103
31 32 104
31 32 105
31 32 106
31 32 107
31 32 108
31 32 109
31 32 110
31 32 111
31 32 112
31 32 113
31 32 114
31 32 115
31 32 116
31 32 117
31 32 118
31 32 119
31 32 120
31 32 121
31 32 122
31 32 123
31 32 124
31 32 125
31 32 126
31 32 127
31 32 128
31 32 129
31 32 130
31 32 131
31 32 132
31 32 133
31 32 134
31 32 135
31 32 136
31 32 137
31 32 138
31 32 139
31 32 140
31 32 141
31 32 142
31 32 143
31 32 144
31 32 145
31 32 146
31 32 147
31 32 148
31 32 149
31 32 150
31 32 151
31 32 152
31 32 153
31 32 154
31 32 155
31 32 156
31 32 157
31 32 158
31 32 159
31 32 160
31 32 161
31 32 162
31 32 163
31 32 164
31 32 165
31 32 166
31 32 167
31 32 168
31 32 169
31 32 170
31 32 171
31 32 172
31 32 173
31 32 174
31 32 175
31 32 176
31 32 177
31 32 178
31 32 179
31 32 180
31 32 181
31 32 182
31 32 183
31 32 184
31 32 185
31 32 186
31 32 187
31 32 188
31 32 189
31 32 190
31 32 191
31 32 192
31 32 193
31 32 194
31 32 195
31 32 196
31 32 197
31 32 198
31 32 199
31 32 200
31 32 201
31 32 202
31 32 203
31 32 204
31 32 205
31 32 206
31 32 207
31 32 208
31 32 209
31 32 210
31 32 211
31 32 212
31 32 213
31 32 214
31 32 215
31 32 216
31 32 217
31 32 218
31 32 219
31 32 220
31 32 221
31 32 222
31 32 223
31 32 224
31 32 225
31 32 226
31 32 227
31 32 228
31 32 229
31 32 230
31 32 231
31 32 232
31 32 233
31 32 234
31 32 235
31 32 236
31 32 237
31 32 238
31 32 239
31 32 240
31 32 241
31 32 242
31 32 243
31 32 244
31 32 245
31 32 246
31 32 247
31 32 248
31 32 249
31 32 250
31 32 251
31 32 252
31 32 253
31 32 254
31 32 255
31 32 256
31 32 257
31 32 258
31 32 259
31 32 260
31 32 261
31 32 262
31 32 263
31 32 264
31 32 265
31 32 266
31 32 267
31 32 268
31 32 269
31 32 270
31 32 271
31 32 272
31 32 273
31 32 274
31 32 275
31 32 276
31 32 277
31 32 278
31 32 279
31 32 280
31 32 281
31 32 282
31 32 283
31 32 284
31 32 285
31 32 286
31 32 287
31 32 288
31 32 289
31 32 290
31 32 291
31 32 292
31 32 293
31 32 294
31 32 295
31 32 296
31 32 297
31 32 298
31 32 299
31 32 300
31 32 301
31 32 302
31 32 303
31 32 304
31 32 305
31 32 306
31 32 307
31 32 308
31 32 309
31 32 310
31 32 311
31 32 312
31 32 313
31 32 314
31 32 315
31 32 316
31 32 317
31 32 318
31 32 319
31 32 320
31 32 321
31 32 322
31 32 323
31 32 324
31 32 325
31 32 326
31 32 327
31 32 328
31 32 329
31 32 330
31 32 331
31 32 332
31 32 333
31 32 334
31 32 335
31 32 336
31 32 337
31 32 338
31 32 339
31 32 340
31 32 341
31 32 342
31 32 343
31 32 344
31 32 345
31 32 346
31 32 347
31 32 348
31 32 349
31 32 350
31 32 351
31 32 352
31 32 353
31 32 354
31 32 355
31 32 356
31 32 357
31 32 358
31 32 359
31 32 360
31 32 361
31 32 362
31 32 363
31 32 364
31 32 365
31 32 366
31 32 367
31 32 368
31 32 369
31 32 370
31 32 371
31 32 372
31 32 373
31 32 374
31 32 375
31 32 376
31 32 377
31 32 378
31 32 379
31 32 380
31 32 381
31 32 382
31 32 383
31 32 384
31 32 385
31 32 386
31 32 387
31 32 388
31 32 389
31 32 390
31 32 391
31 32 392
31 32 393
31 32 394
31 32 395
31 32 396
31 32 397
31 32 398
31 32 399
31 32 400
31 32 401
31 32 402
31 32 403
31 32 404
31 32 405
31 32 406
31 32 407
31 32 408
31 32 409
31 32 410
31 32 411
31 32 412
31 32 413
31 32 414
31 32 415
31 32 416
31 32 417
31 32 418
31 32 419
31 32 420
31 32 421
31 32 422
31 32 423
31 32 424
31 32 425
31 32 426
31 32 427
31 32 428
31 32 429
31 32 430
31 32 431
31 32 432
31 32 433
31 32 434
31 32 435
31 32 436
31 32 437
31 32 438
31 32 439
31 32 440
31 32 441
31 32 442
31 32 443
31 32 444
31 32 445
31 32 446
31 32 447
31 32 448
31 32 449
31 32 450
31 32 451
31 32 452
31 32 453
31 32 454
31 32 455
31 32 456
31 32 457
31 32 458
31 32 459
31 32 460
31 32 461
31 32 462
31 32 463
31 32 464
31 32 465
31 32 466
31 32 467
31 32 468
31 32 469
31 32 470
31 32 471
31 32 472
31 32 473
31 32 474
31 32 475
31 32 476
31 32 477
31 32 478
31 32 479
31 32 480
31 32 481
31 32 482
31 32 483
31 32 484
31 32 485
31 32 486
31 32 487
31 32 488
31 32 489
31 32 490
31 32 491
31 32 492
31 32 493
31 32 494
31 32 495
31 32 496
31 32 497
31 32 498
31 32 499
31 32 500
31 32 501
31 32 502
31 32 503
31 32 504
31 32 505
31 32 506
31 32 507
31 32 508
31 32 509
31 32 510
31 32 511
31 32 512
31 32 513
31 32 514
31 32 515
31 32 516
31 32 517
31 32 518
31 32 519
31 32 520
31 32 521
31 32 522
31 32 523
31 32 524
31 32 525
31 32 526
31 32 527
31 32 528
31 32 529
31 32 530
31 32 531
31 32 532
31 32 533
31 32 534
31 32 535
31 32 536
31 32 537
31 32 538
31 32 539
31 32 540
31 32 541
31 32 542
31 32 543
31 32 544
31 32 545
31 32 546
31 32 547
31 32 548
31 32 549
31 32 550
31 32 551
31 32 552
31 32 553
31 32 554
31 32 555
31 32 556
31 32 557
31 32 558
31 32 559
31 32 560
31 32 561
31 32 562
31 32 563
31 32 564
31 32 565
31 32 566
31 32 567
31 32 568
31 32 569
31 32 570
31 32 571
31 32 572
31 32 573
31 32 574
31 32 575
31 32 576
31 32 577
31 32 578
31 32 579
31 32 580
31 32 581
31 32 582
31 32 583
31 32 584
31 32 585
31 32 586
31 32 587
31 32 588
31 32 589
31 32 590
31 32 591
31 32 592
31 32 593
31 32 594
31 32 595
31 32 596
31 32 597
31 32 598
31 32 599
31 32 600
31 32 601
31 32 602
31 32 603
31 32 604
31 32 605
31 32 606
31 32 607
31 32 608
31 32 609
31 32 610
31 32 611
31 32 612
31 32 613
31 32 614
31 32 615
31 32 616
31 32 617
31 32 618
31 32 619
31 32 620
31 32 621
31 32 622
31 32 623
31 32 624
31 32 625
31 32 626
31 32 627
31 32 628
31 32 629
31 32 630
31 32 631
31 32 632
31 32 633
31 32 634
31 32 635
31 32 636
31 32 637
31 32 638
31 32 639
31 32 640
31 32 641
31 32 642
31 32 643
31 32 644
31 32 645
31 32 646
31 32 647
31 32 648
31 32 649
31 32 650
31 32 651
31 32 652
31 32 653
31 32 654
31 32 655
31 32 656
31 32 657
31 32 658
31 32 659
31 32 660
31 32 661
31 32 662
31 32 663
31 32 664
31 32 665
31 32 666
31 32 667
31 32 668
31 32 669
31 32 670
31 32 671
31 32 672
31 32 673
31 32 674
31 32 675
31 32 676
31 32 677
31 32 678
31 32 679
31 32 680
31 32 681
31 32 682
31 32 683
31 32 684
31 32 685
31 32 686
31 32 687
31 32 688
31 32 689
31 32 690
31 32 691
31 32 692
31 32 693
31 32 694
31 32 695
31 32 696
31 32 697
31 32 698
31 32 699
31 32 700
31 32 701
31 32 702
31 32 703
31 32 704
31 32 705
31 32 706
31 32 707
31 32 708
31 32 709
31 32 710
31 32 711
31 32 712
31 32 713
31 32 714
31 32 715
31 32 716
31 32 717
31 32 718
31 32 719
31 32 720
31 32 721
31 32 722
31 32 723
31 32 724
31 32 725
31 32 726
31 32 727
31 32 728
31 32 729
31 32 730
31 32 731
31 32 732
31 32 733
31 32 734
31 32 735
31 32 736
31 32 737
31 32 738
31 32 739
31 32 740
31 32 741
31 32 742
31 32 743
31 32 744
31 32 745
31 32 746
31 32 747
31 32 748
31 32 749
31 32 750
31 32 751
31 32 752
31 32 753
31 32 754
31 32 755
31 32 756
31 32 757
31 32 758
31 32 759
31 32 760
31 32 761
31 32 762
31 32 763
31 32 764
31 32 765
31 32 766
31 32 767
31 32 768
31 32 769
31 32 770
31 32 771
31 32 772
31 32 773
31 32 774
31 32 775
31 32 776
31 32 777
31 32 778
31 32 779
31 32 780
31 32 781
31 32 782
31 32 783
31 32 784
31 32 785
31 32 786
31 32 787
31 32 788
31 32 789
31 32 790
31 32 791
31 32 792
31 32 793
31 32 794
31 32 795
31 32 796
31 32 797
31 32 798
31 32 799
31 32 800
31 32 801
31 32 802
31 32 803
31 32 804
31 32 805
31 32 806
31 32 807
31 32 808
31 32 809
31 32 810
31 32 811
31 32 812
31 32 813
31 32 814
31 32 815
31 32 816
31 32 817
31 32 818
31 32 819
31 32 820
31 32 821
31 32 822
31 32 823
31 32 824
31 32 825
31 32 826
31 32 827
31 32 828
31 32 829
31 32 830
31 32 831
31 32 832
31 32 833
31 32 834
31 32 835
31 32 836
31 32 837
31 32 838
31 32 839
31 32 840
31 32 841
31 32 842
31 32 843
31 32 844
31 32 845
31 32 846
31 32 847
31 32 848
31 32 849
31 32 850
31 32 851
31 32 852
31 32 853
31 32 854
31 32 855
31 32 856
31 32 857
31 32 858
31 32 859
31 32 860
31 32 861
31 32 862
31 32 863
31 32 864
31 32 865
31 32 866
31 32 867
31 32 868
31 32 869
31 32 870
31 32 871
31 32 872
31 32 873
31 32 874
31 32 875
31 32 876
31 32 877
31 32 878
31 32 879
31 32 880
31 32 881
31 32 882
31 32 883
31 32 884
31 32 885
31 32 886
31 32 887
31 32 888
31 32 889
31 32 890
31 32 891
31 32 892
31 32 893
31 32 894
31 32 895
31 32 896
31 32 897
31 32 898
31 32 899
31 32 900
31 32 901
31 32 902
31 32 903
31 32 904
31 32 905
31 32 906
31 32 907
31 32 908
31 32 909
31 32 910
31 32 911
31 32 912
31 32 913
31 32 914
31 32 915
31 32 916
31 32 917
31 32 918
31 32 919
31 32 920
31 32 921
31 32 922
31 32 923
31 32 924
31 32 925
31 32 926
31 32 927
31 32 928
31 32 929
31 32 930
31 32 931
31 32 932
31 32 933
31 32 934
31 32 935
31 32 936
31 32 937
31 32 938
31 32 939
31 32 940
31 32 941
31 32 942
31 32 943
31 32 944
31 32 945
31 32 946
31 32 947
31 32 948
31 32 949
31 32 950
31 32 951
31 32 952
31 32 953
31 32 954
31 32 955
31 32 956
31 32 957
31 32 958
31 32 959
31 32 960
31 32 961
31 32 962
31 32 963
31 32 964
31 32 965
31 32 966
31 32 967
31 32 968
31 32 969
31 32 970
31 32 971
31 32 972
31 32 973
31 32 974
31 32 975
31 32 976
31 32 977
31 32 978
31 32 979
31 32 980
31 32 981
31 32 982
31 32 983
