36 9 1
36 9 2
36 9 3
36 9 4
36 9 5
36 9 6
36 9 7
36 9 8
36 9 9
36 9 10
36 9 11
36 9 12
36 9 13
36 9 14
36 9 15
36 9 16
36 9 17
36 9 18
36 9 19
36 9 20
36 9 21
36 9 22
36 9 23
36 9 24
36 9 25
36 9 26
36 9 27
36 9 28
36 9 29
36 9 30
36 9 31
36 9 32
36 9 33
36 9 34
36 9 35
36 9 36
36 9 37
36 9 38
36 9 39
36 9 40
36 9 41
36 9 42
36 9 43
36 9 44
36 9 45
36 9 46
36 9 47
36 9 48
36 9 49
36 9 50
36 9 51
36 9 52
36 9 53
36 9 54
36 9 55
36 9 56
36 9 57
36 9 58
36 9 59
36 9 60
36 9 61
36 9 62
36 9 63
36 9 64
36 9 65
36 9 66
36 9 67
36 9 68
36 9 69
36 9 70
36 9 71
36 9 72
36 9 73
36 9 74
36 9 75
36 9 76
36 9 77
36 9 78
36 9 79
36 9 80
36 9 81
36 9 82
36 9 83
36 9 84
36 9 85
36 9 86
36 9 87
36 9 88
36 9 89
36 9 90
36 9 91
36 9 92
36 9 93
36 9 94
36 9 95
36 9 96
36 9 97
36 9 98
36 9 99
36 9 100
36 9 101
36 9 102
36 9 103
36 9 104
36 9 105
36 9 106
36 9 107
36 9 108
36 9 109
36 9 110
36 9 111
36 9 112
36 9 113
36 9 114
36 9 115
36 9 116
36 9 117
36 9 118
36 9 119
36 9 120
36 9 121
36 9 122
36 9 123
36 9 124
36 9 125
36 9 126
36 9 127
36 9 128
36 9 129
36 9 130
36 9 131
36 9 132
36 9 133
36 9 134
36 9 135
36 9 136
36 9 137
36 9 138
36 9 139
36 9 140
36 9 141
36 9 142
36 9 143
36 9 144
36 9 145
36 9 146
36 9 147
36 9 148
36 9 149
36 9 150
36 9 151
36 9 152
36 9 153
36 9 154
36 9 155
36 9 156
36 9 157
36 9 158
36 9 159
36 9 160
36 9 161
36 9 162
36 9 163
36 9 164
36 9 165
36 9 166
36 9 167
36 9 168
36 9 169
36 9 170
36 9 171
36 9 172
36 9 173
36 9 174
36 9 175
36 9 176
36 9 177
36 9 178
36 9 179
36 9 180
36 9 181
36 9 182
36 9 183
36 9 184
36 9 185
36 9 186
36 9 187
36 9 188
36 9 189
36 9 190
36 9 191
36 9 192
36 9 193
36 9 194
36 9 195
36 9 196
36 9 197
36 9 198
36 9 199
36 9 200
36 9 201
36 9 202
36 9 203
36 9 204
36 9 205
36 9 206
36 9 207
36 9 208
36 9 209
36 9 210
36 9 211
36 9 212
36 9 213
36 9 214
36 9 215
36 9 216
36 9 217
36 9 218
36 9 219
36 9 220
36 9 221
36 9 222
36 9 223
36 9 224
36 9 225
36 9 226
36 9 227
36 9 228
36 9 229
36 9 230
36 9 231
36 9 232
36 9 233
36 9 234
36 9 235
36 9 236
36 9 237
36 9 238
36 9 239
36 9 240
36 9 241
36 9 242
36 9 243
36 9 244
36 9 245
