36 30 1
36 30 2
36 30 3
36 30 4
36 30 5
36 30 6
36 30 7
36 30 8
36 30 9
36 30 10
36 30 11
36 30 12
36 30 13
36 30 14
36 30 15
36 30 16
36 30 17
36 30 18
36 30 19
36 30 20
36 30 21
36 30 22
36 30 23
36 30 24
36 30 25
36 30 26
36 30 27
36 30 28
36 30 29
36 30 30
36 30 31
36 30 32
36 30 33
36 30 34
36 30 35
36 30 36
36 30 37
36 30 38
36 30 39
36 30 40
36 30 41
36 30 42
36 30 43
36 30 44
36 30 45
36 30 46
36 30 47
36 30 48
36 30 49
36 30 50
36 30 51
36 30 52
36 30 53
36 30 54
36 30 55
36 30 56
36 30 57
36 30 58
36 30 59
36 30 60
36 30 61
36 30 62
36 30 63
36 30 64
36 30 65
36 30 66
36 30 67
36 30 68
36 30 69
36 30 70
36 30 71
36 30 72
36 30 73
36 30 74
36 30 75
36 30 76
36 30 77
36 30 78
36 30 79
36 30 80
36 30 81
36 30 82
36 30 83
36 30 84
36 30 85
36 30 86
36 30 87
36 30 88
36 30 89
36 30 90
36 30 91
36 30 92
36 30 93
36 30 94
36 30 95
36 30 96
36 30 97
36 30 98
36 30 99
36 30 100
36 30 101
36 30 102
36 30 103
36 30 104
36 30 105
36 30 106
36 30 107
36 30 108
36 30 109
36 30 110
36 30 111
36 30 112
36 30 113
36 30 114
36 30 115
36 30 116
36 30 117
36 30 118
36 30 119
36 30 120
36 30 121
36 30 122
36 30 123
36 30 124
36 30 125
36 30 126
36 30 127
36 30 128
36 30 129
36 30 130
36 30 131
36 30 132
36 30 133
36 30 134
36 30 135
36 30 136
36 30 137
36 30 138
36 30 139
36 30 140
36 30 141
36 30 142
36 30 143
36 30 144
36 30 145
36 30 146
36 30 147
36 30 148
36 30 149
36 30 150
36 30 151
36 30 152
36 30 153
36 30 154
36 30 155
36 30 156
36 30 157
36 30 158
36 30 159
36 30 160
36 30 161
36 30 162
36 30 163
36 30 164
36 30 165
36 30 166
36 30 167
36 30 168
36 30 169
36 30 170
36 30 171
36 30 172
36 30 173
36 30 174
36 30 175
36 30 176
36 30 177
36 30 178
36 30 179
36 30 180
36 30 181
36 30 182
36 30 183
36 30 184
36 30 185
36 30 186
36 30 187
36 30 188
36 30 189
36 30 190
36 30 191
36 30 192
36 30 193
36 30 194
36 30 195
36 30 196
36 30 197
36 30 198
36 30 199
36 30 200
36 30 201
36 30 202
36 30 203
36 30 204
36 30 205
36 30 206
36 30 207
36 30 208
36 30 209
36 30 210
36 30 211
36 30 212
36 30 213
36 30 214
36 30 215
36 30 216
36 30 217
36 30 218
36 30 219
36 30 220
36 30 221
36 30 222
36 30 223
36 30 224
36 30 225
36 30 226
36 30 227
36 30 228
36 30 229
36 30 230
36 30 231
36 30 232
36 30 233
36 30 234
36 30 235
36 30 236
36 30 237
36 30 238
36 30 239
36 30 240
36 30 241
36 30 242
36 30 243
36 30 244
36 30 245
