36 6 1
36 6 2
36 6 3
36 6 4
36 6 5
36 6 6
36 6 7
36 6 8
36 6 9
36 6 10
36 6 11
36 6 12
36 6 13
36 6 14
36 6 15
36 6 16
36 6 17
36 6 18
36 6 19
36 6 20
36 6 21
36 6 22
36 6 23
36 6 24
36 6 25
36 6 26
36 6 27
36 6 28
36 6 29
36 6 30
36 6 31
36 6 32
36 6 33
36 6 34
36 6 35
36 6 36
36 6 37
36 6 38
36 6 39
36 6 40
36 6 41
36 6 42
36 6 43
36 6 44
36 6 45
36 6 46
36 6 47
36 6 48
36 6 49
36 6 50
36 6 51
36 6 52
36 6 53
36 6 54
36 6 55
36 6 56
36 6 57
36 6 58
36 6 59
36 6 60
36 6 61
36 6 62
36 6 63
36 6 64
36 6 65
36 6 66
36 6 67
36 6 68
36 6 69
36 6 70
36 6 71
36 6 72
36 6 73
36 6 74
36 6 75
36 6 76
36 6 77
36 6 78
36 6 79
36 6 80
36 6 81
36 6 82
36 6 83
36 6 84
36 6 85
36 6 86
36 6 87
36 6 88
36 6 89
36 6 90
36 6 91
36 6 92
36 6 93
36 6 94
36 6 95
36 6 96
36 6 97
36 6 98
36 6 99
36 6 100
36 6 101
36 6 102
36 6 103
36 6 104
36 6 105
36 6 106
36 6 107
36 6 108
36 6 109
36 6 110
36 6 111
36 6 112
36 6 113
36 6 114
36 6 115
36 6 116
36 6 117
36 6 118
36 6 119
36 6 120
36 6 121
36 6 122
36 6 123
36 6 124
36 6 125
36 6 126
36 6 127
36 6 128
36 6 129
36 6 130
36 6 131
36 6 132
36 6 133
36 6 134
36 6 135
36 6 136
36 6 137
36 6 138
36 6 139
36 6 140
36 6 141
36 6 142
36 6 143
36 6 144
36 6 145
36 6 146
36 6 147
36 6 148
36 6 149
36 6 150
36 6 151
36 6 152
36 6 153
36 6 154
36 6 155
36 6 156
36 6 157
36 6 158
36 6 159
36 6 160
36 6 161
36 6 162
36 6 163
36 6 164
36 6 165
36 6 166
36 6 167
36 6 168
36 6 169
36 6 170
36 6 171
36 6 172
36 6 173
36 6 174
36 6 175
36 6 176
36 6 177
36 6 178
36 6 179
36 6 180
36 6 181
36 6 182
36 6 183
36 6 184
36 6 185
36 6 186
36 6 187
36 6 188
36 6 189
36 6 190
36 6 191
36 6 192
36 6 193
36 6 194
36 6 195
36 6 196
36 6 197
36 6 198
36 6 199
36 6 200
36 6 201
36 6 202
36 6 203
36 6 204
36 6 205
36 6 206
36 6 207
36 6 208
36 6 209
36 6 210
36 6 211
36 6 212
36 6 213
36 6 214
36 6 215
36 6 216
36 6 217
36 6 218
36 6 219
36 6 220
36 6 221
36 6 222
36 6 223
36 6 224
36 6 225
36 6 226
36 6 227
36 6 228
36 6 229
36 6 230
36 6 231
36 6 232
36 6 233
36 6 234
36 6 235
36 6 236
36 6 237
36 6 238
36 6 239
36 6 240
36 6 241
36 6 242
36 6 243
36 6 244
36 6 245
