16 17 1
16 17 2
16 17 3
16 17 4
16 17 5
16 17 6
16 17 7
16 17 8
16 17 9
16 17 10
16 17 11
16 17 12
16 17 13
16 17 14
16 17 15
16 17 16
16 17 17
16 17 18
16 17 19
16 17 20
16 17 21
16 17 22
16 17 23
16 17 24
16 17 25
16 17 26
16 17 27
16 17 28
16 17 29
16 17 30
16 17 31
16 17 32
16 17 33
16 17 34
16 17 35
16 17 36
16 17 37
16 17 38
16 17 39
16 17 40
16 17 41
16 17 42
16 17 43
16 17 44
16 17 45
16 17 46
16 17 47
16 17 48
16 17 49
16 17 50
16 17 51
16 17 52
16 17 53
16 17 54
16 17 55
16 17 56
16 17 57
16 17 58
16 17 59
16 17 60
16 17 61
16 17 62
16 17 63
16 17 64
16 17 65
16 17 66
16 17 67
16 17 68
16 17 69
16 17 70
16 17 71
16 17 72
16 17 73
16 17 74
16 17 75
16 17 76
16 17 77
16 17 78
16 17 79
16 17 80
16 17 81
16 17 82
16 17 83
16 17 84
16 17 85
16 17 86
16 17 87
16 17 88
16 17 89
16 17 90
16 17 91
16 17 92
16 17 93
16 17 94
16 17 95
16 17 96
16 17 97
16 17 98
16 17 99
16 17 100
16 17 101
16 17 102
16 17 103
16 17 104
16 17 105
16 17 106
16 17 107
16 17 108
16 17 109
16 17 110
16 17 111
16 17 112
16 17 113
16 17 114
16 17 115
16 17 116
16 17 117
16 17 118
16 17 119
16 17 120
16 17 121
16 17 122
16 17 123
16 17 124
16 17 125
16 17 126
16 17 127
16 17 128
16 17 129
16 17 130
16 17 131
16 17 132
16 17 133
16 17 134
16 17 135
16 17 136
16 17 137
16 17 138
16 17 139
16 17 140
16 17 141
16 17 142
16 17 143
16 17 144
16 17 145
16 17 146
16 17 147
16 17 148
16 17 149
16 17 150
16 17 151
16 17 152
16 17 153
16 17 154
16 17 155
16 17 156
16 17 157
16 17 158
16 17 159
16 17 160
16 17 161
16 17 162
16 17 163
16 17 164
16 17 165
16 17 166
16 17 167
16 17 168
16 17 169
16 17 170
16 17 171
16 17 172
16 17 173
16 17 174
16 17 175
16 17 176
16 17 177
16 17 178
16 17 179
16 17 180
16 17 181
16 17 182
16 17 183
16 17 184
16 17 185
16 17 186
16 17 187
16 17 188
16 17 189
16 17 190
16 17 191
16 17 192
16 17 193
16 17 194
16 17 195
16 17 196
16 17 197
16 17 198
16 17 199
16 17 200
16 17 201
16 17 202
16 17 203
16 17 204
16 17 205
16 17 206
16 17 207
16 17 208
16 17 209
16 17 210
16 17 211
16 17 212
16 17 213
16 17 214
16 17 215
16 17 216
16 17 217
16 17 218
16 17 219
16 17 220
16 17 221
16 17 222
16 17 223
16 17 224
16 17 225
16 17 226
16 17 227
16 17 228
16 17 229
16 17 230
16 17 231
16 17 232
16 17 233
16 17 234
16 17 235
16 17 236
16 17 237
16 17 238
16 17 239
16 17 240
16 17 241
16 17 242
16 17 243
16 17 244
16 17 245
16 17 246
16 17 247
16 17 248
16 17 249
16 17 250
16 17 251
16 17 252
16 17 253
16 17 254
16 17 255
16 17 256
16 17 257
16 17 258
16 17 259
16 17 260
16 17 261
16 17 262
16 17 263
16 17 264
16 17 265
16 17 266
16 17 267
16 17 268
16 17 269
16 17 270
16 17 271
16 17 272
16 17 273
16 17 274
16 17 275
16 17 276
16 17 277
16 17 278
16 17 279
16 17 280
16 17 281
16 17 282
16 17 283
16 17 284
16 17 285
16 17 286
16 17 287
16 17 288
16 17 289
16 17 290
16 17 291
16 17 292
16 17 293
16 17 294
16 17 295
16 17 296
16 17 297
16 17 298
16 17 299
16 17 300
16 17 301
16 17 302
16 17 303
16 17 304
16 17 305
16 17 306
16 17 307
16 17 308
16 17 309
16 17 310
16 17 311
16 17 312
16 17 313
16 17 314
16 17 315
16 17 316
16 17 317
16 17 318
16 17 319
16 17 320
16 17 321
16 17 322
16 17 323
16 17 324
16 17 325
16 17 326
16 17 327
16 17 328
16 17 329
16 17 330
16 17 331
16 17 332
16 17 333
16 17 334
16 17 335
16 17 336
16 17 337
16 17 338
16 17 339
16 17 340
16 17 341
16 17 342
16 17 343
16 17 344
16 17 345
16 17 346
16 17 347
16 17 348
16 17 349
16 17 350
16 17 351
16 17 352
16 17 353
16 17 354
16 17 355
16 17 356
16 17 357
16 17 358
16 17 359
16 17 360
16 17 361
16 17 362
16 17 363
16 17 364
16 17 365
16 17 366
16 17 367
16 17 368
16 17 369
16 17 370
16 17 371
16 17 372
16 17 373
16 17 374
16 17 375
16 17 376
16 17 377
16 17 378
16 17 379
16 17 380
16 17 381
16 17 382
16 17 383
16 17 384
16 17 385
16 17 386
16 17 387
16 17 388
16 17 389
16 17 390
16 17 391
16 17 392
16 17 393
16 17 394
16 17 395
16 17 396
16 17 397
16 17 398
16 17 399
16 17 400
16 17 401
16 17 402
16 17 403
16 17 404
16 17 405
16 17 406
16 17 407
16 17 408
16 17 409
16 17 410
16 17 411
16 17 412
16 17 413
16 17 414
16 17 415
16 17 416
16 17 417
16 17 418
16 17 419
16 17 420
16 17 421
16 17 422
16 17 423
16 17 424
16 17 425
16 17 426
16 17 427
16 17 428
16 17 429
16 17 430
16 17 431
16 17 432
16 17 433
16 17 434
16 17 435
16 17 436
16 17 437
16 17 438
16 17 439
16 17 440
16 17 441
16 17 442
16 17 443
16 17 444
16 17 445
16 17 446
16 17 447
16 17 448
16 17 449
16 17 450
16 17 451
16 17 452
16 17 453
16 17 454
16 17 455
16 17 456
16 17 457
16 17 458
16 17 459
16 17 460
16 17 461
16 17 462
16 17 463
16 17 464
16 17 465
16 17 466
16 17 467
16 17 468
16 17 469
16 17 470
16 17 471
16 17 472
16 17 473
16 17 474
16 17 475
16 17 476
16 17 477
16 17 478
16 17 479
16 17 480
16 17 481
16 17 482
16 17 483
16 17 484
16 17 485
16 17 486
16 17 487
16 17 488
16 17 489
16 17 490
16 17 491
16 17 492
16 17 493
16 17 494
16 17 495
16 17 496
16 17 497
16 17 498
16 17 499
16 17 500
16 17 501
16 17 502
16 17 503
16 17 504
16 17 505
16 17 506
16 17 507
16 17 508
16 17 509
16 17 510
16 17 511
16 17 512
16 17 513
16 17 514
16 17 515
16 17 516
16 17 517
16 17 518
16 17 519
16 17 520
16 17 521
16 17 522
16 17 523
16 17 524
16 17 525
16 17 526
16 17 527
16 17 528
16 17 529
16 17 530
16 17 531
16 17 532
16 17 533
16 17 534
16 17 535
16 17 536
16 17 537
16 17 538
16 17 539
16 17 540
16 17 541
16 17 542
16 17 543
16 17 544
16 17 545
16 17 546
16 17 547
16 17 548
16 17 549
16 17 550
16 17 551
16 17 552
16 17 553
16 17 554
16 17 555
16 17 556
16 17 557
16 17 558
16 17 559
16 17 560
16 17 561
16 17 562
16 17 563
16 17 564
16 17 565
16 17 566
16 17 567
16 17 568
16 17 569
16 17 570
16 17 571
16 17 572
16 17 573
16 17 574
16 17 575
16 17 576
16 17 577
16 17 578
16 17 579
16 17 580
16 17 581
16 17 582
16 17 583
16 17 584
16 17 585
16 17 586
16 17 587
16 17 588
16 17 589
16 17 590
16 17 591
16 17 592
16 17 593
16 17 594
16 17 595
16 17 596
16 17 597
16 17 598
16 17 599
16 17 600
16 17 601
16 17 602
16 17 603
16 17 604
16 17 605
16 17 606
16 17 607
16 17 608
16 17 609
16 17 610
16 17 611
16 17 612
16 17 613
16 17 614
16 17 615
16 17 616
16 17 617
16 17 618
16 17 619
16 17 620
16 17 621
16 17 622
16 17 623
16 17 624
16 17 625
16 17 626
16 17 627
16 17 628
16 17 629
16 17 630
16 17 631
16 17 632
16 17 633
16 17 634
16 17 635
16 17 636
16 17 637
16 17 638
16 17 639
16 17 640
16 17 641
16 17 642
16 17 643
16 17 644
16 17 645
16 17 646
16 17 647
16 17 648
16 17 649
16 17 650
16 17 651
16 17 652
16 17 653
16 17 654
16 17 655
16 17 656
16 17 657
16 17 658
16 17 659
16 17 660
16 17 661
16 17 662
16 17 663
16 17 664
16 17 665
16 17 666
16 17 667
16 17 668
16 17 669
16 17 670
16 17 671
16 17 672
16 17 673
16 17 674
16 17 675
16 17 676
16 17 677
16 17 678
16 17 679
16 17 680
16 17 681
16 17 682
16 17 683
16 17 684
16 17 685
16 17 686
16 17 687
16 17 688
16 17 689
16 17 690
16 17 691
16 17 692
16 17 693
16 17 694
16 17 695
16 17 696
16 17 697
16 17 698
16 17 699
16 17 700
16 17 701
16 17 702
16 17 703
16 17 704
16 17 705
16 17 706
16 17 707
16 17 708
16 17 709
16 17 710
16 17 711
16 17 712
16 17 713
16 17 714
16 17 715
16 17 716
16 17 717
16 17 718
16 17 719
16 17 720
16 17 721
16 17 722
16 17 723
16 17 724
16 17 725
16 17 726
16 17 727
16 17 728
16 17 729
16 17 730
16 17 731
16 17 732
16 17 733
16 17 734
16 17 735
16 17 736
16 17 737
16 17 738
16 17 739
16 17 740
16 17 741
16 17 742
16 17 743
16 17 744
16 17 745
16 17 746
16 17 747
16 17 748
16 17 749
16 17 750
16 17 751
16 17 752
16 17 753
16 17 754
16 17 755
16 17 756
16 17 757
16 17 758
16 17 759
16 17 760
16 17 761
16 17 762
16 17 763
16 17 764
16 17 765
16 17 766
16 17 767
16 17 768
16 17 769
16 17 770
16 17 771
16 17 772
16 17 773
16 17 774
16 17 775
16 17 776
16 17 777
16 17 778
16 17 779
16 17 780
16 17 781
16 17 782
16 17 783
16 17 784
16 17 785
16 17 786
16 17 787
16 17 788
16 17 789
16 17 790
16 17 791
16 17 792
16 17 793
16 17 794
16 17 795
16 17 796
16 17 797
16 17 798
16 17 799
16 17 800
16 17 801
16 17 802
16 17 803
16 17 804
16 17 805
16 17 806
16 17 807
16 17 808
16 17 809
16 17 810
16 17 811
16 17 812
16 17 813
16 17 814
16 17 815
16 17 816
16 17 817
16 17 818
16 17 819
16 17 820
16 17 821
16 17 822
16 17 823
16 17 824
16 17 825
16 17 826
16 17 827
16 17 828
16 17 829
16 17 830
16 17 831
16 17 832
16 17 833
16 17 834
16 17 835
16 17 836
16 17 837
16 17 838
16 17 839
16 17 840
16 17 841
16 17 842
16 17 843
16 17 844
16 17 845
16 17 846
16 17 847
16 17 848
16 17 849
16 17 850
16 17 851
16 17 852
16 17 853
16 17 854
16 17 855
16 17 856
16 17 857
16 17 858
16 17 859
16 17 860
16 17 861
16 17 862
16 17 863
16 17 864
16 17 865
16 17 866
16 17 867
16 17 868
16 17 869
16 17 870
16 17 871
16 17 872
16 17 873
16 17 874
16 17 875
16 17 876
16 17 877
16 17 878
16 17 879
16 17 880
16 17 881
16 17 882
16 17 883
16 17 884
16 17 885
16 17 886
16 17 887
16 17 888
16 17 889
16 17 890
16 17 891
16 17 892
16 17 893
16 17 894
16 17 895
16 17 896
16 17 897
16 17 898
16 17 899
16 17 900
16 17 901
16 17 902
16 17 903
16 17 904
16 17 905
16 17 906
16 17 907
16 17 908
16 17 909
16 17 910
16 17 911
16 17 912
16 17 913
16 17 914
16 17 915
16 17 916
16 17 917
16 17 918
16 17 919
16 17 920
16 17 921
16 17 922
16 17 923
16 17 924
16 17 925
16 17 926
16 17 927
16 17 928
16 17 929
16 17 930
16 17 931
16 17 932
16 17 933
16 17 934
16 17 935
16 17 936
16 17 937
16 17 938
16 17 939
16 17 940
16 17 941
16 17 942
16 17 943
16 17 944
16 17 945
16 17 946
16 17 947
16 17 948
16 17 949
16 17 950
16 17 951
16 17 952
16 17 953
16 17 954
16 17 955
16 17 956
16 17 957
16 17 958
16 17 959
16 17 960
16 17 961
16 17 962
16 17 963
16 17 964
16 17 965
16 17 966
16 17 967
16 17 968
16 17 969
16 17 970
16 17 971
16 17 972
16 17 973
16 17 974
16 17 975
16 17 976
16 17 977
16 17 978
16 17 979
16 17 980
16 17 981
16 17 982
16 17 983
