7 8 1
7 8 2
7 8 3
7 8 4
7 8 5
7 8 6
7 8 7
7 8 8
7 8 9
7 8 10
7 8 11
7 8 12
7 8 13
7 8 14
7 8 15
7 8 16
7 8 17
7 8 18
7 8 19
7 8 20
7 8 21
7 8 22
7 8 23
7 8 24
7 8 25
7 8 26
7 8 27
7 8 28
7 8 29
7 8 30
7 8 31
7 8 32
7 8 33
7 8 34
7 8 35
7 8 36
7 8 37
7 8 38
7 8 39
7 8 40
7 8 41
7 8 42
7 8 43
7 8 44
7 8 45
7 8 46
7 8 47
7 8 48
7 8 49
7 8 50
7 8 51
7 8 52
7 8 53
7 8 54
7 8 55
7 8 56
7 8 57
7 8 58
7 8 59
7 8 60
7 8 61
7 8 62
7 8 63
7 8 64
7 8 65
7 8 66
7 8 67
7 8 68
7 8 69
7 8 70
7 8 71
7 8 72
7 8 73
7 8 74
7 8 75
7 8 76
7 8 77
7 8 78
7 8 79
7 8 80
7 8 81
7 8 82
7 8 83
7 8 84
7 8 85
7 8 86
7 8 87
7 8 88
7 8 89
7 8 90
7 8 91
7 8 92
7 8 93
7 8 94
7 8 95
7 8 96
7 8 97
7 8 98
7 8 99
7 8 100
7 8 101
7 8 102
7 8 103
7 8 104
7 8 105
7 8 106
7 8 107
7 8 108
7 8 109
7 8 110
7 8 111
7 8 112
7 8 113
7 8 114
7 8 115
7 8 116
7 8 117
7 8 118
7 8 119
7 8 120
7 8 121
7 8 122
7 8 123
7 8 124
7 8 125
7 8 126
7 8 127
7 8 128
7 8 129
7 8 130
7 8 131
7 8 132
7 8 133
7 8 134
7 8 135
7 8 136
7 8 137
7 8 138
7 8 139
7 8 140
7 8 141
7 8 142
7 8 143
7 8 144
7 8 145
7 8 146
7 8 147
7 8 148
7 8 149
7 8 150
7 8 151
7 8 152
7 8 153
7 8 154
7 8 155
7 8 156
7 8 157
7 8 158
7 8 159
7 8 160
7 8 161
7 8 162
7 8 163
7 8 164
7 8 165
7 8 166
7 8 167
7 8 168
7 8 169
7 8 170
7 8 171
7 8 172
7 8 173
7 8 174
7 8 175
7 8 176
7 8 177
7 8 178
7 8 179
7 8 180
7 8 181
7 8 182
7 8 183
7 8 184
7 8 185
7 8 186
7 8 187
7 8 188
7 8 189
7 8 190
7 8 191
7 8 192
7 8 193
7 8 194
7 8 195
7 8 196
7 8 197
7 8 198
7 8 199
7 8 200
7 8 201
7 8 202
7 8 203
7 8 204
7 8 205
7 8 206
7 8 207
7 8 208
7 8 209
7 8 210
7 8 211
7 8 212
7 8 213
7 8 214
7 8 215
7 8 216
7 8 217
7 8 218
7 8 219
7 8 220
7 8 221
7 8 222
7 8 223
7 8 224
7 8 225
7 8 226
7 8 227
7 8 228
7 8 229
7 8 230
7 8 231
7 8 232
7 8 233
7 8 234
7 8 235
7 8 236
7 8 237
7 8 238
7 8 239
7 8 240
7 8 241
7 8 242
7 8 243
7 8 244
7 8 245
7 8 246
7 8 247
7 8 248
7 8 249
7 8 250
7 8 251
7 8 252
7 8 253
7 8 254
7 8 255
7 8 256
7 8 257
7 8 258
7 8 259
7 8 260
7 8 261
7 8 262
7 8 263
7 8 264
7 8 265
7 8 266
7 8 267
7 8 268
7 8 269
7 8 270
7 8 271
7 8 272
7 8 273
7 8 274
7 8 275
7 8 276
7 8 277
7 8 278
7 8 279
7 8 280
7 8 281
7 8 282
7 8 283
7 8 284
7 8 285
7 8 286
7 8 287
7 8 288
7 8 289
7 8 290
7 8 291
7 8 292
7 8 293
7 8 294
7 8 295
7 8 296
7 8 297
7 8 298
7 8 299
7 8 300
7 8 301
7 8 302
7 8 303
7 8 304
7 8 305
7 8 306
7 8 307
7 8 308
7 8 309
7 8 310
7 8 311
7 8 312
7 8 313
7 8 314
7 8 315
7 8 316
7 8 317
7 8 318
7 8 319
7 8 320
7 8 321
7 8 322
7 8 323
7 8 324
7 8 325
7 8 326
7 8 327
7 8 328
7 8 329
7 8 330
7 8 331
7 8 332
7 8 333
7 8 334
7 8 335
7 8 336
7 8 337
7 8 338
7 8 339
7 8 340
7 8 341
7 8 342
7 8 343
7 8 344
7 8 345
7 8 346
7 8 347
7 8 348
7 8 349
7 8 350
7 8 351
7 8 352
7 8 353
7 8 354
7 8 355
7 8 356
7 8 357
7 8 358
7 8 359
7 8 360
7 8 361
7 8 362
7 8 363
7 8 364
7 8 365
7 8 366
7 8 367
7 8 368
7 8 369
7 8 370
7 8 371
7 8 372
7 8 373
7 8 374
7 8 375
7 8 376
7 8 377
7 8 378
7 8 379
7 8 380
7 8 381
7 8 382
7 8 383
7 8 384
7 8 385
7 8 386
7 8 387
7 8 388
7 8 389
7 8 390
7 8 391
7 8 392
7 8 393
7 8 394
7 8 395
7 8 396
7 8 397
7 8 398
7 8 399
7 8 400
7 8 401
7 8 402
7 8 403
7 8 404
7 8 405
7 8 406
7 8 407
7 8 408
7 8 409
7 8 410
7 8 411
7 8 412
7 8 413
7 8 414
7 8 415
7 8 416
7 8 417
7 8 418
7 8 419
7 8 420
7 8 421
7 8 422
7 8 423
7 8 424
7 8 425
7 8 426
7 8 427
7 8 428
7 8 429
7 8 430
7 8 431
7 8 432
7 8 433
7 8 434
7 8 435
7 8 436
7 8 437
7 8 438
7 8 439
7 8 440
7 8 441
7 8 442
7 8 443
7 8 444
7 8 445
7 8 446
7 8 447
7 8 448
7 8 449
7 8 450
7 8 451
7 8 452
7 8 453
7 8 454
7 8 455
7 8 456
7 8 457
7 8 458
7 8 459
7 8 460
7 8 461
7 8 462
7 8 463
7 8 464
7 8 465
7 8 466
7 8 467
7 8 468
7 8 469
7 8 470
7 8 471
7 8 472
7 8 473
7 8 474
7 8 475
7 8 476
7 8 477
7 8 478
7 8 479
7 8 480
7 8 481
7 8 482
7 8 483
7 8 484
7 8 485
7 8 486
7 8 487
7 8 488
7 8 489
7 8 490
7 8 491
7 8 492
7 8 493
7 8 494
7 8 495
7 8 496
7 8 497
7 8 498
7 8 499
7 8 500
7 8 501
7 8 502
7 8 503
7 8 504
7 8 505
7 8 506
7 8 507
7 8 508
7 8 509
7 8 510
7 8 511
7 8 512
7 8 513
7 8 514
7 8 515
7 8 516
7 8 517
7 8 518
7 8 519
7 8 520
7 8 521
7 8 522
7 8 523
7 8 524
7 8 525
7 8 526
7 8 527
7 8 528
7 8 529
7 8 530
7 8 531
7 8 532
7 8 533
7 8 534
7 8 535
7 8 536
7 8 537
7 8 538
7 8 539
7 8 540
7 8 541
7 8 542
7 8 543
7 8 544
7 8 545
7 8 546
7 8 547
7 8 548
7 8 549
7 8 550
7 8 551
7 8 552
7 8 553
7 8 554
7 8 555
7 8 556
7 8 557
7 8 558
7 8 559
7 8 560
7 8 561
7 8 562
7 8 563
7 8 564
7 8 565
7 8 566
7 8 567
7 8 568
7 8 569
7 8 570
7 8 571
7 8 572
7 8 573
7 8 574
7 8 575
7 8 576
7 8 577
7 8 578
7 8 579
7 8 580
7 8 581
7 8 582
7 8 583
7 8 584
7 8 585
7 8 586
7 8 587
7 8 588
7 8 589
7 8 590
7 8 591
7 8 592
7 8 593
7 8 594
7 8 595
7 8 596
7 8 597
7 8 598
7 8 599
7 8 600
7 8 601
7 8 602
7 8 603
7 8 604
7 8 605
7 8 606
7 8 607
7 8 608
7 8 609
7 8 610
7 8 611
7 8 612
7 8 613
7 8 614
7 8 615
7 8 616
7 8 617
7 8 618
7 8 619
7 8 620
7 8 621
7 8 622
7 8 623
7 8 624
7 8 625
7 8 626
7 8 627
7 8 628
7 8 629
7 8 630
7 8 631
7 8 632
7 8 633
7 8 634
7 8 635
7 8 636
7 8 637
7 8 638
7 8 639
7 8 640
7 8 641
7 8 642
7 8 643
7 8 644
7 8 645
7 8 646
7 8 647
7 8 648
7 8 649
7 8 650
7 8 651
7 8 652
7 8 653
7 8 654
7 8 655
7 8 656
7 8 657
7 8 658
7 8 659
7 8 660
7 8 661
7 8 662
7 8 663
7 8 664
7 8 665
7 8 666
7 8 667
7 8 668
7 8 669
7 8 670
7 8 671
7 8 672
7 8 673
7 8 674
7 8 675
7 8 676
7 8 677
7 8 678
7 8 679
7 8 680
7 8 681
7 8 682
7 8 683
7 8 684
7 8 685
7 8 686
7 8 687
7 8 688
7 8 689
7 8 690
7 8 691
7 8 692
7 8 693
7 8 694
7 8 695
7 8 696
7 8 697
7 8 698
7 8 699
7 8 700
7 8 701
7 8 702
7 8 703
7 8 704
7 8 705
7 8 706
7 8 707
7 8 708
7 8 709
7 8 710
7 8 711
7 8 712
7 8 713
7 8 714
7 8 715
7 8 716
7 8 717
7 8 718
7 8 719
7 8 720
7 8 721
7 8 722
7 8 723
7 8 724
7 8 725
7 8 726
7 8 727
7 8 728
7 8 729
7 8 730
7 8 731
7 8 732
7 8 733
7 8 734
7 8 735
7 8 736
7 8 737
7 8 738
7 8 739
7 8 740
7 8 741
7 8 742
7 8 743
7 8 744
7 8 745
7 8 746
7 8 747
7 8 748
7 8 749
7 8 750
7 8 751
7 8 752
7 8 753
7 8 754
7 8 755
7 8 756
7 8 757
7 8 758
7 8 759
7 8 760
7 8 761
7 8 762
7 8 763
7 8 764
7 8 765
7 8 766
7 8 767
7 8 768
7 8 769
7 8 770
7 8 771
7 8 772
7 8 773
7 8 774
7 8 775
7 8 776
7 8 777
7 8 778
7 8 779
7 8 780
7 8 781
7 8 782
7 8 783
7 8 784
7 8 785
7 8 786
7 8 787
7 8 788
7 8 789
7 8 790
7 8 791
7 8 792
7 8 793
7 8 794
7 8 795
7 8 796
7 8 797
7 8 798
7 8 799
7 8 800
7 8 801
7 8 802
7 8 803
7 8 804
7 8 805
7 8 806
7 8 807
7 8 808
7 8 809
7 8 810
7 8 811
7 8 812
7 8 813
7 8 814
7 8 815
7 8 816
7 8 817
7 8 818
7 8 819
7 8 820
7 8 821
7 8 822
7 8 823
7 8 824
7 8 825
7 8 826
7 8 827
7 8 828
7 8 829
7 8 830
7 8 831
7 8 832
7 8 833
7 8 834
7 8 835
7 8 836
7 8 837
7 8 838
7 8 839
7 8 840
7 8 841
7 8 842
7 8 843
7 8 844
7 8 845
7 8 846
7 8 847
7 8 848
7 8 849
7 8 850
7 8 851
7 8 852
7 8 853
7 8 854
7 8 855
7 8 856
7 8 857
7 8 858
7 8 859
7 8 860
7 8 861
7 8 862
7 8 863
7 8 864
7 8 865
7 8 866
7 8 867
7 8 868
7 8 869
7 8 870
7 8 871
7 8 872
7 8 873
7 8 874
7 8 875
7 8 876
7 8 877
7 8 878
7 8 879
7 8 880
7 8 881
7 8 882
7 8 883
7 8 884
7 8 885
7 8 886
7 8 887
7 8 888
7 8 889
7 8 890
7 8 891
7 8 892
7 8 893
7 8 894
7 8 895
7 8 896
7 8 897
7 8 898
7 8 899
7 8 900
7 8 901
7 8 902
7 8 903
7 8 904
7 8 905
7 8 906
7 8 907
7 8 908
7 8 909
7 8 910
7 8 911
7 8 912
7 8 913
7 8 914
7 8 915
7 8 916
7 8 917
7 8 918
7 8 919
7 8 920
7 8 921
7 8 922
7 8 923
7 8 924
7 8 925
7 8 926
7 8 927
7 8 928
7 8 929
7 8 930
7 8 931
7 8 932
7 8 933
7 8 934
7 8 935
7 8 936
7 8 937
7 8 938
7 8 939
7 8 940
7 8 941
7 8 942
7 8 943
7 8 944
7 8 945
7 8 946
7 8 947
7 8 948
7 8 949
7 8 950
7 8 951
7 8 952
7 8 953
7 8 954
7 8 955
7 8 956
7 8 957
7 8 958
7 8 959
7 8 960
7 8 961
7 8 962
7 8 963
7 8 964
7 8 965
7 8 966
7 8 967
7 8 968
7 8 969
7 8 970
7 8 971
7 8 972
7 8 973
7 8 974
7 8 975
7 8 976
7 8 977
7 8 978
7 8 979
7 8 980
7 8 981
7 8 982
7 8 983
