27 28 1
27 28 2
27 28 3
27 28 4
27 28 5
27 28 6
27 28 7
27 28 8
27 28 9
27 28 10
27 28 11
27 28 12
27 28 13
27 28 14
27 28 15
27 28 16
27 28 17
27 28 18
27 28 19
27 28 20
27 28 21
27 28 22
27 28 23
27 28 24
27 28 25
27 28 26
27 28 27
27 28 28
27 28 29
27 28 30
27 28 31
27 28 32
27 28 33
27 28 34
27 28 35
27 28 36
27 28 37
27 28 38
27 28 39
27 28 40
27 28 41
27 28 42
27 28 43
27 28 44
27 28 45
27 28 46
27 28 47
27 28 48
27 28 49
27 28 50
27 28 51
27 28 52
27 28 53
27 28 54
27 28 55
27 28 56
27 28 57
27 28 58
27 28 59
27 28 60
27 28 61
27 28 62
27 28 63
27 28 64
27 28 65
27 28 66
27 28 67
27 28 68
27 28 69
27 28 70
27 28 71
27 28 72
27 28 73
27 28 74
27 28 75
27 28 76
27 28 77
27 28 78
27 28 79
27 28 80
27 28 81
27 28 82
27 28 83
27 28 84
27 28 85
27 28 86
27 28 87
27 28 88
27 28 89
27 28 90
27 28 91
27 28 92
27 28 93
27 28 94
27 28 95
27 28 96
27 28 97
27 28 98
27 28 99
27 28 100
27 28 101
27 28 102
27 28 103
27 28 104
27 28 105
27 28 106
27 28 107
27 28 108
27 28 109
27 28 110
27 28 111
27 28 112
27 28 113
27 28 114
27 28 115
27 28 116
27 28 117
27 28 118
27 28 119
27 28 120
27 28 121
27 28 122
27 28 123
27 28 124
27 28 125
27 28 126
27 28 127
27 28 128
27 28 129
27 28 130
27 28 131
27 28 132
27 28 133
27 28 134
27 28 135
27 28 136
27 28 137
27 28 138
27 28 139
27 28 140
27 28 141
27 28 142
27 28 143
27 28 144
27 28 145
27 28 146
27 28 147
27 28 148
27 28 149
27 28 150
27 28 151
27 28 152
27 28 153
27 28 154
27 28 155
27 28 156
27 28 157
27 28 158
27 28 159
27 28 160
27 28 161
27 28 162
27 28 163
27 28 164
27 28 165
27 28 166
27 28 167
27 28 168
27 28 169
27 28 170
27 28 171
27 28 172
27 28 173
27 28 174
27 28 175
27 28 176
27 28 177
27 28 178
27 28 179
27 28 180
27 28 181
27 28 182
27 28 183
27 28 184
27 28 185
27 28 186
27 28 187
27 28 188
27 28 189
27 28 190
27 28 191
27 28 192
27 28 193
27 28 194
27 28 195
27 28 196
27 28 197
27 28 198
27 28 199
27 28 200
27 28 201
27 28 202
27 28 203
27 28 204
27 28 205
27 28 206
27 28 207
27 28 208
27 28 209
27 28 210
27 28 211
27 28 212
27 28 213
27 28 214
27 28 215
27 28 216
27 28 217
27 28 218
27 28 219
27 28 220
27 28 221
27 28 222
27 28 223
27 28 224
27 28 225
27 28 226
27 28 227
27 28 228
27 28 229
27 28 230
27 28 231
27 28 232
27 28 233
27 28 234
27 28 235
27 28 236
27 28 237
27 28 238
27 28 239
27 28 240
27 28 241
27 28 242
27 28 243
27 28 244
27 28 245
