28 29 1
28 29 2
28 29 3
28 29 4
28 29 5
28 29 6
28 29 7
28 29 8
28 29 9
28 29 10
28 29 11
28 29 12
28 29 13
28 29 14
28 29 15
28 29 16
28 29 17
28 29 18
28 29 19
28 29 20
28 29 21
28 29 22
28 29 23
28 29 24
28 29 25
28 29 26
28 29 27
28 29 28
28 29 29
28 29 30
28 29 31
28 29 32
28 29 33
28 29 34
28 29 35
28 29 36
28 29 37
28 29 38
28 29 39
28 29 40
28 29 41
28 29 42
28 29 43
28 29 44
28 29 45
28 29 46
28 29 47
28 29 48
28 29 49
28 29 50
28 29 51
28 29 52
28 29 53
28 29 54
28 29 55
28 29 56
28 29 57
28 29 58
28 29 59
28 29 60
28 29 61
28 29 62
28 29 63
28 29 64
28 29 65
28 29 66
28 29 67
28 29 68
28 29 69
28 29 70
28 29 71
28 29 72
28 29 73
28 29 74
28 29 75
28 29 76
28 29 77
28 29 78
28 29 79
28 29 80
28 29 81
28 29 82
28 29 83
28 29 84
28 29 85
28 29 86
28 29 87
28 29 88
28 29 89
28 29 90
28 29 91
28 29 92
28 29 93
28 29 94
28 29 95
28 29 96
28 29 97
28 29 98
28 29 99
28 29 100
28 29 101
28 29 102
28 29 103
28 29 104
28 29 105
28 29 106
28 29 107
28 29 108
28 29 109
28 29 110
28 29 111
28 29 112
28 29 113
28 29 114
28 29 115
28 29 116
28 29 117
28 29 118
28 29 119
28 29 120
28 29 121
28 29 122
28 29 123
28 29 124
28 29 125
28 29 126
28 29 127
28 29 128
28 29 129
28 29 130
28 29 131
28 29 132
28 29 133
28 29 134
28 29 135
28 29 136
28 29 137
28 29 138
28 29 139
28 29 140
28 29 141
28 29 142
28 29 143
28 29 144
28 29 145
28 29 146
28 29 147
28 29 148
28 29 149
28 29 150
28 29 151
28 29 152
28 29 153
28 29 154
28 29 155
28 29 156
28 29 157
28 29 158
28 29 159
28 29 160
28 29 161
28 29 162
28 29 163
28 29 164
28 29 165
28 29 166
28 29 167
28 29 168
28 29 169
28 29 170
28 29 171
28 29 172
28 29 173
28 29 174
28 29 175
28 29 176
28 29 177
28 29 178
28 29 179
28 29 180
28 29 181
28 29 182
28 29 183
28 29 184
28 29 185
28 29 186
28 29 187
28 29 188
28 29 189
28 29 190
28 29 191
28 29 192
28 29 193
28 29 194
28 29 195
28 29 196
28 29 197
28 29 198
28 29 199
28 29 200
28 29 201
28 29 202
28 29 203
28 29 204
28 29 205
28 29 206
28 29 207
28 29 208
28 29 209
28 29 210
28 29 211
28 29 212
28 29 213
28 29 214
28 29 215
28 29 216
28 29 217
28 29 218
28 29 219
28 29 220
28 29 221
28 29 222
28 29 223
28 29 224
28 29 225
28 29 226
28 29 227
28 29 228
28 29 229
28 29 230
28 29 231
28 29 232
28 29 233
28 29 234
28 29 235
28 29 236
28 29 237
28 29 238
28 29 239
28 29 240
28 29 241
28 29 242
28 29 243
28 29 244
28 29 245
28 29 246
28 29 247
28 29 248
28 29 249
28 29 250
28 29 251
28 29 252
28 29 253
28 29 254
28 29 255
28 29 256
28 29 257
28 29 258
28 29 259
28 29 260
28 29 261
28 29 262
28 29 263
28 29 264
28 29 265
28 29 266
28 29 267
28 29 268
28 29 269
28 29 270
28 29 271
28 29 272
28 29 273
28 29 274
28 29 275
28 29 276
28 29 277
28 29 278
28 29 279
28 29 280
28 29 281
28 29 282
28 29 283
28 29 284
28 29 285
28 29 286
28 29 287
28 29 288
28 29 289
28 29 290
28 29 291
28 29 292
28 29 293
28 29 294
28 29 295
28 29 296
28 29 297
28 29 298
28 29 299
28 29 300
28 29 301
28 29 302
28 29 303
28 29 304
28 29 305
28 29 306
28 29 307
28 29 308
28 29 309
28 29 310
28 29 311
28 29 312
28 29 313
28 29 314
28 29 315
28 29 316
28 29 317
28 29 318
28 29 319
28 29 320
28 29 321
28 29 322
28 29 323
28 29 324
28 29 325
28 29 326
28 29 327
28 29 328
28 29 329
28 29 330
28 29 331
28 29 332
28 29 333
28 29 334
28 29 335
28 29 336
28 29 337
28 29 338
28 29 339
28 29 340
28 29 341
28 29 342
28 29 343
28 29 344
28 29 345
28 29 346
28 29 347
28 29 348
28 29 349
28 29 350
28 29 351
28 29 352
28 29 353
28 29 354
28 29 355
28 29 356
28 29 357
28 29 358
28 29 359
28 29 360
28 29 361
28 29 362
28 29 363
28 29 364
28 29 365
28 29 366
28 29 367
28 29 368
28 29 369
28 29 370
28 29 371
28 29 372
28 29 373
28 29 374
28 29 375
28 29 376
28 29 377
28 29 378
28 29 379
28 29 380
28 29 381
28 29 382
28 29 383
28 29 384
28 29 385
28 29 386
28 29 387
28 29 388
28 29 389
28 29 390
28 29 391
28 29 392
28 29 393
28 29 394
28 29 395
28 29 396
28 29 397
28 29 398
28 29 399
28 29 400
28 29 401
28 29 402
28 29 403
28 29 404
28 29 405
28 29 406
28 29 407
28 29 408
28 29 409
28 29 410
28 29 411
28 29 412
28 29 413
28 29 414
28 29 415
28 29 416
28 29 417
28 29 418
28 29 419
28 29 420
28 29 421
28 29 422
28 29 423
28 29 424
28 29 425
28 29 426
28 29 427
28 29 428
28 29 429
28 29 430
28 29 431
28 29 432
28 29 433
28 29 434
28 29 435
28 29 436
28 29 437
28 29 438
28 29 439
28 29 440
28 29 441
28 29 442
28 29 443
28 29 444
28 29 445
28 29 446
28 29 447
28 29 448
28 29 449
28 29 450
28 29 451
28 29 452
28 29 453
28 29 454
28 29 455
28 29 456
28 29 457
28 29 458
28 29 459
28 29 460
28 29 461
28 29 462
28 29 463
28 29 464
28 29 465
28 29 466
28 29 467
28 29 468
28 29 469
28 29 470
28 29 471
28 29 472
28 29 473
28 29 474
28 29 475
28 29 476
28 29 477
28 29 478
28 29 479
28 29 480
28 29 481
28 29 482
28 29 483
28 29 484
28 29 485
28 29 486
28 29 487
28 29 488
28 29 489
28 29 490
28 29 491
28 29 492
28 29 493
28 29 494
28 29 495
28 29 496
28 29 497
28 29 498
28 29 499
28 29 500
28 29 501
28 29 502
28 29 503
28 29 504
28 29 505
28 29 506
28 29 507
28 29 508
28 29 509
28 29 510
28 29 511
28 29 512
28 29 513
28 29 514
28 29 515
28 29 516
28 29 517
28 29 518
28 29 519
28 29 520
28 29 521
28 29 522
28 29 523
28 29 524
28 29 525
28 29 526
28 29 527
28 29 528
28 29 529
28 29 530
28 29 531
28 29 532
28 29 533
28 29 534
28 29 535
28 29 536
28 29 537
28 29 538
28 29 539
28 29 540
28 29 541
28 29 542
28 29 543
28 29 544
28 29 545
28 29 546
28 29 547
28 29 548
28 29 549
28 29 550
28 29 551
28 29 552
28 29 553
28 29 554
28 29 555
28 29 556
28 29 557
28 29 558
28 29 559
28 29 560
28 29 561
28 29 562
28 29 563
28 29 564
28 29 565
28 29 566
28 29 567
28 29 568
28 29 569
28 29 570
28 29 571
28 29 572
28 29 573
28 29 574
28 29 575
28 29 576
28 29 577
28 29 578
28 29 579
28 29 580
28 29 581
28 29 582
28 29 583
28 29 584
28 29 585
28 29 586
28 29 587
28 29 588
28 29 589
28 29 590
28 29 591
28 29 592
28 29 593
28 29 594
28 29 595
28 29 596
28 29 597
28 29 598
28 29 599
28 29 600
28 29 601
28 29 602
28 29 603
28 29 604
28 29 605
28 29 606
28 29 607
28 29 608
28 29 609
28 29 610
28 29 611
28 29 612
28 29 613
28 29 614
28 29 615
28 29 616
28 29 617
28 29 618
28 29 619
28 29 620
28 29 621
28 29 622
28 29 623
28 29 624
28 29 625
28 29 626
28 29 627
28 29 628
28 29 629
28 29 630
28 29 631
28 29 632
28 29 633
28 29 634
28 29 635
28 29 636
28 29 637
28 29 638
28 29 639
28 29 640
28 29 641
28 29 642
28 29 643
28 29 644
28 29 645
28 29 646
28 29 647
28 29 648
28 29 649
28 29 650
28 29 651
28 29 652
28 29 653
28 29 654
28 29 655
28 29 656
28 29 657
28 29 658
28 29 659
28 29 660
28 29 661
28 29 662
28 29 663
28 29 664
28 29 665
28 29 666
28 29 667
28 29 668
28 29 669
28 29 670
28 29 671
28 29 672
28 29 673
28 29 674
28 29 675
28 29 676
28 29 677
28 29 678
28 29 679
28 29 680
28 29 681
28 29 682
28 29 683
28 29 684
28 29 685
28 29 686
28 29 687
28 29 688
28 29 689
28 29 690
28 29 691
28 29 692
28 29 693
28 29 694
28 29 695
28 29 696
28 29 697
28 29 698
28 29 699
28 29 700
28 29 701
28 29 702
28 29 703
28 29 704
28 29 705
28 29 706
28 29 707
28 29 708
28 29 709
28 29 710
28 29 711
28 29 712
28 29 713
28 29 714
28 29 715
28 29 716
28 29 717
28 29 718
28 29 719
28 29 720
28 29 721
28 29 722
28 29 723
28 29 724
28 29 725
28 29 726
28 29 727
28 29 728
28 29 729
28 29 730
28 29 731
28 29 732
28 29 733
28 29 734
28 29 735
28 29 736
28 29 737
28 29 738
28 29 739
28 29 740
28 29 741
28 29 742
28 29 743
28 29 744
28 29 745
28 29 746
28 29 747
28 29 748
28 29 749
28 29 750
28 29 751
28 29 752
28 29 753
28 29 754
28 29 755
28 29 756
28 29 757
28 29 758
28 29 759
28 29 760
28 29 761
28 29 762
28 29 763
28 29 764
28 29 765
28 29 766
28 29 767
28 29 768
28 29 769
28 29 770
28 29 771
28 29 772
28 29 773
28 29 774
28 29 775
28 29 776
28 29 777
28 29 778
28 29 779
28 29 780
28 29 781
28 29 782
28 29 783
28 29 784
28 29 785
28 29 786
28 29 787
28 29 788
28 29 789
28 29 790
28 29 791
28 29 792
28 29 793
28 29 794
28 29 795
28 29 796
28 29 797
28 29 798
28 29 799
28 29 800
28 29 801
28 29 802
28 29 803
28 29 804
28 29 805
28 29 806
28 29 807
28 29 808
28 29 809
28 29 810
28 29 811
28 29 812
28 29 813
28 29 814
28 29 815
28 29 816
28 29 817
28 29 818
28 29 819
28 29 820
28 29 821
28 29 822
28 29 823
28 29 824
28 29 825
28 29 826
28 29 827
28 29 828
28 29 829
28 29 830
28 29 831
28 29 832
28 29 833
28 29 834
28 29 835
28 29 836
28 29 837
28 29 838
28 29 839
28 29 840
28 29 841
28 29 842
28 29 843
28 29 844
28 29 845
28 29 846
28 29 847
28 29 848
28 29 849
28 29 850
28 29 851
28 29 852
28 29 853
28 29 854
28 29 855
28 29 856
28 29 857
28 29 858
28 29 859
28 29 860
28 29 861
28 29 862
28 29 863
28 29 864
28 29 865
28 29 866
28 29 867
28 29 868
28 29 869
28 29 870
28 29 871
28 29 872
28 29 873
28 29 874
28 29 875
28 29 876
28 29 877
28 29 878
28 29 879
28 29 880
28 29 881
28 29 882
28 29 883
28 29 884
28 29 885
28 29 886
28 29 887
28 29 888
28 29 889
28 29 890
28 29 891
28 29 892
28 29 893
28 29 894
28 29 895
28 29 896
28 29 897
28 29 898
28 29 899
28 29 900
28 29 901
28 29 902
28 29 903
28 29 904
28 29 905
28 29 906
28 29 907
28 29 908
28 29 909
28 29 910
28 29 911
28 29 912
28 29 913
28 29 914
28 29 915
28 29 916
28 29 917
28 29 918
28 29 919
28 29 920
28 29 921
28 29 922
28 29 923
28 29 924
28 29 925
28 29 926
28 29 927
28 29 928
28 29 929
28 29 930
28 29 931
28 29 932
28 29 933
28 29 934
28 29 935
28 29 936
28 29 937
28 29 938
28 29 939
28 29 940
28 29 941
28 29 942
28 29 943
28 29 944
28 29 945
28 29 946
28 29 947
28 29 948
28 29 949
28 29 950
28 29 951
28 29 952
28 29 953
28 29 954
28 29 955
28 29 956
28 29 957
28 29 958
28 29 959
28 29 960
28 29 961
28 29 962
28 29 963
28 29 964
28 29 965
28 29 966
28 29 967
28 29 968
28 29 969
28 29 970
28 29 971
28 29 972
28 29 973
28 29 974
28 29 975
28 29 976
28 29 977
28 29 978
28 29 979
28 29 980
28 29 981
28 29 982
28 29 983
