15 16 1
15 16 2
15 16 3
15 16 4
15 16 5
15 16 6
15 16 7
15 16 8
15 16 9
15 16 10
15 16 11
15 16 12
15 16 13
15 16 14
15 16 15
15 16 16
15 16 17
15 16 18
15 16 19
15 16 20
15 16 21
15 16 22
15 16 23
15 16 24
15 16 25
15 16 26
15 16 27
15 16 28
15 16 29
15 16 30
15 16 31
15 16 32
15 16 33
15 16 34
15 16 35
15 16 36
15 16 37
15 16 38
15 16 39
15 16 40
15 16 41
15 16 42
15 16 43
15 16 44
15 16 45
15 16 46
15 16 47
15 16 48
15 16 49
15 16 50
15 16 51
15 16 52
15 16 53
15 16 54
15 16 55
15 16 56
15 16 57
15 16 58
15 16 59
15 16 60
15 16 61
15 16 62
15 16 63
15 16 64
15 16 65
15 16 66
15 16 67
15 16 68
15 16 69
15 16 70
15 16 71
15 16 72
15 16 73
15 16 74
15 16 75
15 16 76
15 16 77
15 16 78
15 16 79
15 16 80
15 16 81
15 16 82
15 16 83
15 16 84
15 16 85
15 16 86
15 16 87
15 16 88
15 16 89
15 16 90
15 16 91
15 16 92
15 16 93
15 16 94
15 16 95
15 16 96
15 16 97
15 16 98
15 16 99
15 16 100
15 16 101
15 16 102
15 16 103
15 16 104
15 16 105
15 16 106
15 16 107
15 16 108
15 16 109
15 16 110
15 16 111
15 16 112
15 16 113
15 16 114
15 16 115
15 16 116
15 16 117
15 16 118
15 16 119
15 16 120
15 16 121
15 16 122
15 16 123
15 16 124
15 16 125
15 16 126
15 16 127
15 16 128
15 16 129
15 16 130
15 16 131
15 16 132
15 16 133
15 16 134
15 16 135
15 16 136
15 16 137
15 16 138
15 16 139
15 16 140
15 16 141
15 16 142
15 16 143
15 16 144
15 16 145
15 16 146
15 16 147
15 16 148
15 16 149
15 16 150
15 16 151
15 16 152
15 16 153
15 16 154
15 16 155
15 16 156
15 16 157
15 16 158
15 16 159
15 16 160
15 16 161
15 16 162
15 16 163
15 16 164
15 16 165
15 16 166
15 16 167
15 16 168
15 16 169
15 16 170
15 16 171
15 16 172
15 16 173
15 16 174
15 16 175
15 16 176
15 16 177
15 16 178
15 16 179
15 16 180
15 16 181
15 16 182
15 16 183
15 16 184
15 16 185
15 16 186
15 16 187
15 16 188
15 16 189
15 16 190
15 16 191
15 16 192
15 16 193
15 16 194
15 16 195
15 16 196
15 16 197
15 16 198
15 16 199
15 16 200
15 16 201
15 16 202
15 16 203
15 16 204
15 16 205
15 16 206
15 16 207
15 16 208
15 16 209
15 16 210
15 16 211
15 16 212
15 16 213
15 16 214
15 16 215
15 16 216
15 16 217
15 16 218
15 16 219
15 16 220
15 16 221
15 16 222
15 16 223
15 16 224
15 16 225
15 16 226
15 16 227
15 16 228
15 16 229
15 16 230
15 16 231
15 16 232
15 16 233
15 16 234
15 16 235
15 16 236
15 16 237
15 16 238
15 16 239
15 16 240
15 16 241
15 16 242
15 16 243
15 16 244
15 16 245
