30 31 1
30 31 2
30 31 3
30 31 4
30 31 5
30 31 6
30 31 7
30 31 8
30 31 9
30 31 10
30 31 11
30 31 12
30 31 13
30 31 14
30 31 15
30 31 16
30 31 17
30 31 18
30 31 19
30 31 20
30 31 21
30 31 22
30 31 23
30 31 24
30 31 25
30 31 26
30 31 27
30 31 28
30 31 29
30 31 30
30 31 31
30 31 32
30 31 33
30 31 34
30 31 35
30 31 36
30 31 37
30 31 38
30 31 39
30 31 40
30 31 41
30 31 42
30 31 43
30 31 44
30 31 45
30 31 46
30 31 47
30 31 48
30 31 49
30 31 50
30 31 51
30 31 52
30 31 53
30 31 54
30 31 55
30 31 56
30 31 57
30 31 58
30 31 59
30 31 60
30 31 61
30 31 62
30 31 63
30 31 64
30 31 65
30 31 66
30 31 67
30 31 68
30 31 69
30 31 70
30 31 71
30 31 72
30 31 73
30 31 74
30 31 75
30 31 76
30 31 77
30 31 78
30 31 79
30 31 80
30 31 81
30 31 82
30 31 83
30 31 84
30 31 85
30 31 86
30 31 87
30 31 88
30 31 89
30 31 90
30 31 91
30 31 92
30 31 93
30 31 94
30 31 95
30 31 96
30 31 97
30 31 98
30 31 99
30 31 100
30 31 101
30 31 102
30 31 103
30 31 104
30 31 105
30 31 106
30 31 107
30 31 108
30 31 109
30 31 110
30 31 111
30 31 112
30 31 113
30 31 114
30 31 115
30 31 116
30 31 117
30 31 118
30 31 119
30 31 120
30 31 121
30 31 122
30 31 123
30 31 124
30 31 125
30 31 126
30 31 127
30 31 128
30 31 129
30 31 130
30 31 131
30 31 132
30 31 133
30 31 134
30 31 135
30 31 136
30 31 137
30 31 138
30 31 139
30 31 140
30 31 141
30 31 142
30 31 143
30 31 144
30 31 145
30 31 146
30 31 147
30 31 148
30 31 149
30 31 150
30 31 151
30 31 152
30 31 153
30 31 154
30 31 155
30 31 156
30 31 157
30 31 158
30 31 159
30 31 160
30 31 161
30 31 162
30 31 163
30 31 164
30 31 165
30 31 166
30 31 167
30 31 168
30 31 169
30 31 170
30 31 171
30 31 172
30 31 173
30 31 174
30 31 175
30 31 176
30 31 177
30 31 178
30 31 179
30 31 180
30 31 181
30 31 182
30 31 183
30 31 184
30 31 185
30 31 186
30 31 187
30 31 188
30 31 189
30 31 190
30 31 191
30 31 192
30 31 193
30 31 194
30 31 195
30 31 196
30 31 197
30 31 198
30 31 199
30 31 200
30 31 201
30 31 202
30 31 203
30 31 204
30 31 205
30 31 206
30 31 207
30 31 208
30 31 209
30 31 210
30 31 211
30 31 212
30 31 213
30 31 214
30 31 215
30 31 216
30 31 217
30 31 218
30 31 219
30 31 220
30 31 221
30 31 222
30 31 223
30 31 224
30 31 225
30 31 226
30 31 227
30 31 228
30 31 229
30 31 230
30 31 231
30 31 232
30 31 233
30 31 234
30 31 235
30 31 236
30 31 237
30 31 238
30 31 239
30 31 240
30 31 241
30 31 242
30 31 243
30 31 244
30 31 245
