36 33 1
36 33 2
36 33 3
36 33 4
36 33 5
36 33 6
36 33 7
36 33 8
36 33 9
36 33 10
36 33 11
36 33 12
36 33 13
36 33 14
36 33 15
36 33 16
36 33 17
36 33 18
36 33 19
36 33 20
36 33 21
36 33 22
36 33 23
36 33 24
36 33 25
36 33 26
36 33 27
36 33 28
36 33 29
36 33 30
36 33 31
36 33 32
36 33 33
36 33 34
36 33 35
36 33 36
36 33 37
36 33 38
36 33 39
36 33 40
36 33 41
36 33 42
36 33 43
36 33 44
36 33 45
36 33 46
36 33 47
36 33 48
36 33 49
36 33 50
36 33 51
36 33 52
36 33 53
36 33 54
36 33 55
36 33 56
36 33 57
36 33 58
36 33 59
36 33 60
36 33 61
36 33 62
36 33 63
36 33 64
36 33 65
36 33 66
36 33 67
36 33 68
36 33 69
36 33 70
36 33 71
36 33 72
36 33 73
36 33 74
36 33 75
36 33 76
36 33 77
36 33 78
36 33 79
36 33 80
36 33 81
36 33 82
36 33 83
36 33 84
36 33 85
36 33 86
36 33 87
36 33 88
36 33 89
36 33 90
36 33 91
36 33 92
36 33 93
36 33 94
36 33 95
36 33 96
36 33 97
36 33 98
36 33 99
36 33 100
36 33 101
36 33 102
36 33 103
36 33 104
36 33 105
36 33 106
36 33 107
36 33 108
36 33 109
36 33 110
36 33 111
36 33 112
36 33 113
36 33 114
36 33 115
36 33 116
36 33 117
36 33 118
36 33 119
36 33 120
36 33 121
36 33 122
36 33 123
36 33 124
36 33 125
36 33 126
36 33 127
36 33 128
36 33 129
36 33 130
36 33 131
36 33 132
36 33 133
36 33 134
36 33 135
36 33 136
36 33 137
36 33 138
36 33 139
36 33 140
36 33 141
36 33 142
36 33 143
36 33 144
36 33 145
36 33 146
36 33 147
36 33 148
36 33 149
36 33 150
36 33 151
36 33 152
36 33 153
36 33 154
36 33 155
36 33 156
36 33 157
36 33 158
36 33 159
36 33 160
36 33 161
36 33 162
36 33 163
36 33 164
36 33 165
36 33 166
36 33 167
36 33 168
36 33 169
36 33 170
36 33 171
36 33 172
36 33 173
36 33 174
36 33 175
36 33 176
36 33 177
36 33 178
36 33 179
36 33 180
36 33 181
36 33 182
36 33 183
36 33 184
36 33 185
36 33 186
36 33 187
36 33 188
36 33 189
36 33 190
36 33 191
36 33 192
36 33 193
36 33 194
36 33 195
36 33 196
36 33 197
36 33 198
36 33 199
36 33 200
36 33 201
36 33 202
36 33 203
36 33 204
36 33 205
36 33 206
36 33 207
36 33 208
36 33 209
36 33 210
36 33 211
36 33 212
36 33 213
36 33 214
36 33 215
36 33 216
36 33 217
36 33 218
36 33 219
36 33 220
36 33 221
36 33 222
36 33 223
36 33 224
36 33 225
36 33 226
36 33 227
36 33 228
36 33 229
36 33 230
36 33 231
36 33 232
36 33 233
36 33 234
36 33 235
36 33 236
36 33 237
36 33 238
36 33 239
36 33 240
36 33 241
36 33 242
36 33 243
36 33 244
36 33 245
