24 25 1
24 25 2
24 25 3
24 25 4
24 25 5
24 25 6
24 25 7
24 25 8
24 25 9
24 25 10
24 25 11
24 25 12
24 25 13
24 25 14
24 25 15
24 25 16
24 25 17
24 25 18
24 25 19
24 25 20
24 25 21
24 25 22
24 25 23
24 25 24
24 25 25
24 25 26
24 25 27
24 25 28
24 25 29
24 25 30
24 25 31
24 25 32
24 25 33
24 25 34
24 25 35
24 25 36
24 25 37
24 25 38
24 25 39
24 25 40
24 25 41
24 25 42
24 25 43
24 25 44
24 25 45
24 25 46
24 25 47
24 25 48
24 25 49
24 25 50
24 25 51
24 25 52
24 25 53
24 25 54
24 25 55
24 25 56
24 25 57
24 25 58
24 25 59
24 25 60
24 25 61
24 25 62
24 25 63
24 25 64
24 25 65
24 25 66
24 25 67
24 25 68
24 25 69
24 25 70
24 25 71
24 25 72
24 25 73
24 25 74
24 25 75
24 25 76
24 25 77
24 25 78
24 25 79
24 25 80
24 25 81
24 25 82
24 25 83
24 25 84
24 25 85
24 25 86
24 25 87
24 25 88
24 25 89
24 25 90
24 25 91
24 25 92
24 25 93
24 25 94
24 25 95
24 25 96
24 25 97
24 25 98
24 25 99
24 25 100
24 25 101
24 25 102
24 25 103
24 25 104
24 25 105
24 25 106
24 25 107
24 25 108
24 25 109
24 25 110
24 25 111
24 25 112
24 25 113
24 25 114
24 25 115
24 25 116
24 25 117
24 25 118
24 25 119
24 25 120
24 25 121
24 25 122
24 25 123
24 25 124
24 25 125
24 25 126
24 25 127
24 25 128
24 25 129
24 25 130
24 25 131
24 25 132
24 25 133
24 25 134
24 25 135
24 25 136
24 25 137
24 25 138
24 25 139
24 25 140
24 25 141
24 25 142
24 25 143
24 25 144
24 25 145
24 25 146
24 25 147
24 25 148
24 25 149
24 25 150
24 25 151
24 25 152
24 25 153
24 25 154
24 25 155
24 25 156
24 25 157
24 25 158
24 25 159
24 25 160
24 25 161
24 25 162
24 25 163
24 25 164
24 25 165
24 25 166
24 25 167
24 25 168
24 25 169
24 25 170
24 25 171
24 25 172
24 25 173
24 25 174
24 25 175
24 25 176
24 25 177
24 25 178
24 25 179
24 25 180
24 25 181
24 25 182
24 25 183
24 25 184
24 25 185
24 25 186
24 25 187
24 25 188
24 25 189
24 25 190
24 25 191
24 25 192
24 25 193
24 25 194
24 25 195
24 25 196
24 25 197
24 25 198
24 25 199
24 25 200
24 25 201
24 25 202
24 25 203
24 25 204
24 25 205
24 25 206
24 25 207
24 25 208
24 25 209
24 25 210
24 25 211
24 25 212
24 25 213
24 25 214
24 25 215
24 25 216
24 25 217
24 25 218
24 25 219
24 25 220
24 25 221
24 25 222
24 25 223
24 25 224
24 25 225
24 25 226
24 25 227
24 25 228
24 25 229
24 25 230
24 25 231
24 25 232
24 25 233
24 25 234
24 25 235
24 25 236
24 25 237
24 25 238
24 25 239
24 25 240
24 25 241
24 25 242
24 25 243
24 25 244
24 25 245
