22 23 1
22 23 2
22 23 3
22 23 4
22 23 5
22 23 6
22 23 7
22 23 8
22 23 9
22 23 10
22 23 11
22 23 12
22 23 13
22 23 14
22 23 15
22 23 16
22 23 17
22 23 18
22 23 19
22 23 20
22 23 21
22 23 22
22 23 23
22 23 24
22 23 25
22 23 26
22 23 27
22 23 28
22 23 29
22 23 30
22 23 31
22 23 32
22 23 33
22 23 34
22 23 35
22 23 36
22 23 37
22 23 38
22 23 39
22 23 40
22 23 41
22 23 42
22 23 43
22 23 44
22 23 45
22 23 46
22 23 47
22 23 48
22 23 49
22 23 50
22 23 51
22 23 52
22 23 53
22 23 54
22 23 55
22 23 56
22 23 57
22 23 58
22 23 59
22 23 60
22 23 61
22 23 62
22 23 63
22 23 64
22 23 65
22 23 66
22 23 67
22 23 68
22 23 69
22 23 70
22 23 71
22 23 72
22 23 73
22 23 74
22 23 75
22 23 76
22 23 77
22 23 78
22 23 79
22 23 80
22 23 81
22 23 82
22 23 83
22 23 84
22 23 85
22 23 86
22 23 87
22 23 88
22 23 89
22 23 90
22 23 91
22 23 92
22 23 93
22 23 94
22 23 95
22 23 96
22 23 97
22 23 98
22 23 99
22 23 100
22 23 101
22 23 102
22 23 103
22 23 104
22 23 105
22 23 106
22 23 107
22 23 108
22 23 109
22 23 110
22 23 111
22 23 112
22 23 113
22 23 114
22 23 115
22 23 116
22 23 117
22 23 118
22 23 119
22 23 120
22 23 121
22 23 122
22 23 123
22 23 124
22 23 125
22 23 126
22 23 127
22 23 128
22 23 129
22 23 130
22 23 131
22 23 132
22 23 133
22 23 134
22 23 135
22 23 136
22 23 137
22 23 138
22 23 139
22 23 140
22 23 141
22 23 142
22 23 143
22 23 144
22 23 145
22 23 146
22 23 147
22 23 148
22 23 149
22 23 150
22 23 151
22 23 152
22 23 153
22 23 154
22 23 155
22 23 156
22 23 157
22 23 158
22 23 159
22 23 160
22 23 161
22 23 162
22 23 163
22 23 164
22 23 165
22 23 166
22 23 167
22 23 168
22 23 169
22 23 170
22 23 171
22 23 172
22 23 173
22 23 174
22 23 175
22 23 176
22 23 177
22 23 178
22 23 179
22 23 180
22 23 181
22 23 182
22 23 183
22 23 184
22 23 185
22 23 186
22 23 187
22 23 188
22 23 189
22 23 190
22 23 191
22 23 192
22 23 193
22 23 194
22 23 195
22 23 196
22 23 197
22 23 198
22 23 199
22 23 200
22 23 201
22 23 202
22 23 203
22 23 204
22 23 205
22 23 206
22 23 207
22 23 208
22 23 209
22 23 210
22 23 211
22 23 212
22 23 213
22 23 214
22 23 215
22 23 216
22 23 217
22 23 218
22 23 219
22 23 220
22 23 221
22 23 222
22 23 223
22 23 224
22 23 225
22 23 226
22 23 227
22 23 228
22 23 229
22 23 230
22 23 231
22 23 232
22 23 233
22 23 234
22 23 235
22 23 236
22 23 237
22 23 238
22 23 239
22 23 240
22 23 241
22 23 242
22 23 243
22 23 244
22 23 245
22 23 246
22 23 247
22 23 248
22 23 249
22 23 250
22 23 251
22 23 252
22 23 253
22 23 254
22 23 255
22 23 256
22 23 257
22 23 258
22 23 259
22 23 260
22 23 261
22 23 262
22 23 263
22 23 264
22 23 265
22 23 266
22 23 267
22 23 268
22 23 269
22 23 270
22 23 271
22 23 272
22 23 273
22 23 274
22 23 275
22 23 276
22 23 277
22 23 278
22 23 279
22 23 280
22 23 281
22 23 282
22 23 283
22 23 284
22 23 285
22 23 286
22 23 287
22 23 288
22 23 289
22 23 290
22 23 291
22 23 292
22 23 293
22 23 294
22 23 295
22 23 296
22 23 297
22 23 298
22 23 299
22 23 300
22 23 301
22 23 302
22 23 303
22 23 304
22 23 305
22 23 306
22 23 307
22 23 308
22 23 309
22 23 310
22 23 311
22 23 312
22 23 313
22 23 314
22 23 315
22 23 316
22 23 317
22 23 318
22 23 319
22 23 320
22 23 321
22 23 322
22 23 323
22 23 324
22 23 325
22 23 326
22 23 327
22 23 328
22 23 329
22 23 330
22 23 331
22 23 332
22 23 333
22 23 334
22 23 335
22 23 336
22 23 337
22 23 338
22 23 339
22 23 340
22 23 341
22 23 342
22 23 343
22 23 344
22 23 345
22 23 346
22 23 347
22 23 348
22 23 349
22 23 350
22 23 351
22 23 352
22 23 353
22 23 354
22 23 355
22 23 356
22 23 357
22 23 358
22 23 359
22 23 360
22 23 361
22 23 362
22 23 363
22 23 364
22 23 365
22 23 366
22 23 367
22 23 368
22 23 369
22 23 370
22 23 371
22 23 372
22 23 373
22 23 374
22 23 375
22 23 376
22 23 377
22 23 378
22 23 379
22 23 380
22 23 381
22 23 382
22 23 383
22 23 384
22 23 385
22 23 386
22 23 387
22 23 388
22 23 389
22 23 390
22 23 391
22 23 392
22 23 393
22 23 394
22 23 395
22 23 396
22 23 397
22 23 398
22 23 399
22 23 400
22 23 401
22 23 402
22 23 403
22 23 404
22 23 405
22 23 406
22 23 407
22 23 408
22 23 409
22 23 410
22 23 411
22 23 412
22 23 413
22 23 414
22 23 415
22 23 416
22 23 417
22 23 418
22 23 419
22 23 420
22 23 421
22 23 422
22 23 423
22 23 424
22 23 425
22 23 426
22 23 427
22 23 428
22 23 429
22 23 430
22 23 431
22 23 432
22 23 433
22 23 434
22 23 435
22 23 436
22 23 437
22 23 438
22 23 439
22 23 440
22 23 441
22 23 442
22 23 443
22 23 444
22 23 445
22 23 446
22 23 447
22 23 448
22 23 449
22 23 450
22 23 451
22 23 452
22 23 453
22 23 454
22 23 455
22 23 456
22 23 457
22 23 458
22 23 459
22 23 460
22 23 461
22 23 462
22 23 463
22 23 464
22 23 465
22 23 466
22 23 467
22 23 468
22 23 469
22 23 470
22 23 471
22 23 472
22 23 473
22 23 474
22 23 475
22 23 476
22 23 477
22 23 478
22 23 479
22 23 480
22 23 481
22 23 482
22 23 483
22 23 484
22 23 485
22 23 486
22 23 487
22 23 488
22 23 489
22 23 490
22 23 491
22 23 492
22 23 493
22 23 494
22 23 495
22 23 496
22 23 497
22 23 498
22 23 499
22 23 500
22 23 501
22 23 502
22 23 503
22 23 504
22 23 505
22 23 506
22 23 507
22 23 508
22 23 509
22 23 510
22 23 511
22 23 512
22 23 513
22 23 514
22 23 515
22 23 516
22 23 517
22 23 518
22 23 519
22 23 520
22 23 521
22 23 522
22 23 523
22 23 524
22 23 525
22 23 526
22 23 527
22 23 528
22 23 529
22 23 530
22 23 531
22 23 532
22 23 533
22 23 534
22 23 535
22 23 536
22 23 537
22 23 538
22 23 539
22 23 540
22 23 541
22 23 542
22 23 543
22 23 544
22 23 545
22 23 546
22 23 547
22 23 548
22 23 549
22 23 550
22 23 551
22 23 552
22 23 553
22 23 554
22 23 555
22 23 556
22 23 557
22 23 558
22 23 559
22 23 560
22 23 561
22 23 562
22 23 563
22 23 564
22 23 565
22 23 566
22 23 567
22 23 568
22 23 569
22 23 570
22 23 571
22 23 572
22 23 573
22 23 574
22 23 575
22 23 576
22 23 577
22 23 578
22 23 579
22 23 580
22 23 581
22 23 582
22 23 583
22 23 584
22 23 585
22 23 586
22 23 587
22 23 588
22 23 589
22 23 590
22 23 591
22 23 592
22 23 593
22 23 594
22 23 595
22 23 596
22 23 597
22 23 598
22 23 599
22 23 600
22 23 601
22 23 602
22 23 603
22 23 604
22 23 605
22 23 606
22 23 607
22 23 608
22 23 609
22 23 610
22 23 611
22 23 612
22 23 613
22 23 614
22 23 615
22 23 616
22 23 617
22 23 618
22 23 619
22 23 620
22 23 621
22 23 622
22 23 623
22 23 624
22 23 625
22 23 626
22 23 627
22 23 628
22 23 629
22 23 630
22 23 631
22 23 632
22 23 633
22 23 634
22 23 635
22 23 636
22 23 637
22 23 638
22 23 639
22 23 640
22 23 641
22 23 642
22 23 643
22 23 644
22 23 645
22 23 646
22 23 647
22 23 648
22 23 649
22 23 650
22 23 651
22 23 652
22 23 653
22 23 654
22 23 655
22 23 656
22 23 657
22 23 658
22 23 659
22 23 660
22 23 661
22 23 662
22 23 663
22 23 664
22 23 665
22 23 666
22 23 667
22 23 668
22 23 669
22 23 670
22 23 671
22 23 672
22 23 673
22 23 674
22 23 675
22 23 676
22 23 677
22 23 678
22 23 679
22 23 680
22 23 681
22 23 682
22 23 683
22 23 684
22 23 685
22 23 686
22 23 687
22 23 688
22 23 689
22 23 690
22 23 691
22 23 692
22 23 693
22 23 694
22 23 695
22 23 696
22 23 697
22 23 698
22 23 699
22 23 700
22 23 701
22 23 702
22 23 703
22 23 704
22 23 705
22 23 706
22 23 707
22 23 708
22 23 709
22 23 710
22 23 711
22 23 712
22 23 713
22 23 714
22 23 715
22 23 716
22 23 717
22 23 718
22 23 719
22 23 720
22 23 721
22 23 722
22 23 723
22 23 724
22 23 725
22 23 726
22 23 727
22 23 728
22 23 729
22 23 730
22 23 731
22 23 732
22 23 733
22 23 734
22 23 735
22 23 736
22 23 737
22 23 738
22 23 739
22 23 740
22 23 741
22 23 742
22 23 743
22 23 744
22 23 745
22 23 746
22 23 747
22 23 748
22 23 749
22 23 750
22 23 751
22 23 752
22 23 753
22 23 754
22 23 755
22 23 756
22 23 757
22 23 758
22 23 759
22 23 760
22 23 761
22 23 762
22 23 763
22 23 764
22 23 765
22 23 766
22 23 767
22 23 768
22 23 769
22 23 770
22 23 771
22 23 772
22 23 773
22 23 774
22 23 775
22 23 776
22 23 777
22 23 778
22 23 779
22 23 780
22 23 781
22 23 782
22 23 783
22 23 784
22 23 785
22 23 786
22 23 787
22 23 788
22 23 789
22 23 790
22 23 791
22 23 792
22 23 793
22 23 794
22 23 795
22 23 796
22 23 797
22 23 798
22 23 799
22 23 800
22 23 801
22 23 802
22 23 803
22 23 804
22 23 805
22 23 806
22 23 807
22 23 808
22 23 809
22 23 810
22 23 811
22 23 812
22 23 813
22 23 814
22 23 815
22 23 816
22 23 817
22 23 818
22 23 819
22 23 820
22 23 821
22 23 822
22 23 823
22 23 824
22 23 825
22 23 826
22 23 827
22 23 828
22 23 829
22 23 830
22 23 831
22 23 832
22 23 833
22 23 834
22 23 835
22 23 836
22 23 837
22 23 838
22 23 839
22 23 840
22 23 841
22 23 842
22 23 843
22 23 844
22 23 845
22 23 846
22 23 847
22 23 848
22 23 849
22 23 850
22 23 851
22 23 852
22 23 853
22 23 854
22 23 855
22 23 856
22 23 857
22 23 858
22 23 859
22 23 860
22 23 861
22 23 862
22 23 863
22 23 864
22 23 865
22 23 866
22 23 867
22 23 868
22 23 869
22 23 870
22 23 871
22 23 872
22 23 873
22 23 874
22 23 875
22 23 876
22 23 877
22 23 878
22 23 879
22 23 880
22 23 881
22 23 882
22 23 883
22 23 884
22 23 885
22 23 886
22 23 887
22 23 888
22 23 889
22 23 890
22 23 891
22 23 892
22 23 893
22 23 894
22 23 895
22 23 896
22 23 897
22 23 898
22 23 899
22 23 900
22 23 901
22 23 902
22 23 903
22 23 904
22 23 905
22 23 906
22 23 907
22 23 908
22 23 909
22 23 910
22 23 911
22 23 912
22 23 913
22 23 914
22 23 915
22 23 916
22 23 917
22 23 918
22 23 919
22 23 920
22 23 921
22 23 922
22 23 923
22 23 924
22 23 925
22 23 926
22 23 927
22 23 928
22 23 929
22 23 930
22 23 931
22 23 932
22 23 933
22 23 934
22 23 935
22 23 936
22 23 937
22 23 938
22 23 939
22 23 940
22 23 941
22 23 942
22 23 943
22 23 944
22 23 945
22 23 946
22 23 947
22 23 948
22 23 949
22 23 950
22 23 951
22 23 952
22 23 953
22 23 954
22 23 955
22 23 956
22 23 957
22 23 958
22 23 959
22 23 960
22 23 961
22 23 962
22 23 963
22 23 964
22 23 965
22 23 966
22 23 967
22 23 968
22 23 969
22 23 970
22 23 971
22 23 972
22 23 973
22 23 974
22 23 975
22 23 976
22 23 977
22 23 978
22 23 979
22 23 980
22 23 981
22 23 982
22 23 983
