36 21 1
36 21 2
36 21 3
36 21 4
36 21 5
36 21 6
36 21 7
36 21 8
36 21 9
36 21 10
36 21 11
36 21 12
36 21 13
36 21 14
36 21 15
36 21 16
36 21 17
36 21 18
36 21 19
36 21 20
36 21 21
36 21 22
36 21 23
36 21 24
36 21 25
36 21 26
36 21 27
36 21 28
36 21 29
36 21 30
36 21 31
36 21 32
36 21 33
36 21 34
36 21 35
36 21 36
36 21 37
36 21 38
36 21 39
36 21 40
36 21 41
36 21 42
36 21 43
36 21 44
36 21 45
36 21 46
36 21 47
36 21 48
36 21 49
36 21 50
36 21 51
36 21 52
36 21 53
36 21 54
36 21 55
36 21 56
36 21 57
36 21 58
36 21 59
36 21 60
36 21 61
36 21 62
36 21 63
36 21 64
36 21 65
36 21 66
36 21 67
36 21 68
36 21 69
36 21 70
36 21 71
36 21 72
36 21 73
36 21 74
36 21 75
36 21 76
36 21 77
36 21 78
36 21 79
36 21 80
36 21 81
36 21 82
36 21 83
36 21 84
36 21 85
36 21 86
36 21 87
36 21 88
36 21 89
36 21 90
36 21 91
36 21 92
36 21 93
36 21 94
36 21 95
36 21 96
36 21 97
36 21 98
36 21 99
36 21 100
36 21 101
36 21 102
36 21 103
36 21 104
36 21 105
36 21 106
36 21 107
36 21 108
36 21 109
36 21 110
36 21 111
36 21 112
36 21 113
36 21 114
36 21 115
36 21 116
36 21 117
36 21 118
36 21 119
36 21 120
36 21 121
36 21 122
36 21 123
36 21 124
36 21 125
36 21 126
36 21 127
36 21 128
36 21 129
36 21 130
36 21 131
36 21 132
36 21 133
36 21 134
36 21 135
36 21 136
36 21 137
36 21 138
36 21 139
36 21 140
36 21 141
36 21 142
36 21 143
36 21 144
36 21 145
36 21 146
36 21 147
36 21 148
36 21 149
36 21 150
36 21 151
36 21 152
36 21 153
36 21 154
36 21 155
36 21 156
36 21 157
36 21 158
36 21 159
36 21 160
36 21 161
36 21 162
36 21 163
36 21 164
36 21 165
36 21 166
36 21 167
36 21 168
36 21 169
36 21 170
36 21 171
36 21 172
36 21 173
36 21 174
36 21 175
36 21 176
36 21 177
36 21 178
36 21 179
36 21 180
36 21 181
36 21 182
36 21 183
36 21 184
36 21 185
36 21 186
36 21 187
36 21 188
36 21 189
36 21 190
36 21 191
36 21 192
36 21 193
36 21 194
36 21 195
36 21 196
36 21 197
36 21 198
36 21 199
36 21 200
36 21 201
36 21 202
36 21 203
36 21 204
36 21 205
36 21 206
36 21 207
36 21 208
36 21 209
36 21 210
36 21 211
36 21 212
36 21 213
36 21 214
36 21 215
36 21 216
36 21 217
36 21 218
36 21 219
36 21 220
36 21 221
36 21 222
36 21 223
36 21 224
36 21 225
36 21 226
36 21 227
36 21 228
36 21 229
36 21 230
36 21 231
36 21 232
36 21 233
36 21 234
36 21 235
36 21 236
36 21 237
36 21 238
36 21 239
36 21 240
36 21 241
36 21 242
36 21 243
36 21 244
36 21 245
