13 14 1
13 14 2
13 14 3
13 14 4
13 14 5
13 14 6
13 14 7
13 14 8
13 14 9
13 14 10
13 14 11
13 14 12
13 14 13
13 14 14
13 14 15
13 14 16
13 14 17
13 14 18
13 14 19
13 14 20
13 14 21
13 14 22
13 14 23
13 14 24
13 14 25
13 14 26
13 14 27
13 14 28
13 14 29
13 14 30
13 14 31
13 14 32
13 14 33
13 14 34
13 14 35
13 14 36
13 14 37
13 14 38
13 14 39
13 14 40
13 14 41
13 14 42
13 14 43
13 14 44
13 14 45
13 14 46
13 14 47
13 14 48
13 14 49
13 14 50
13 14 51
13 14 52
13 14 53
13 14 54
13 14 55
13 14 56
13 14 57
13 14 58
13 14 59
13 14 60
13 14 61
13 14 62
13 14 63
13 14 64
13 14 65
13 14 66
13 14 67
13 14 68
13 14 69
13 14 70
13 14 71
13 14 72
13 14 73
13 14 74
13 14 75
13 14 76
13 14 77
13 14 78
13 14 79
13 14 80
13 14 81
13 14 82
13 14 83
13 14 84
13 14 85
13 14 86
13 14 87
13 14 88
13 14 89
13 14 90
13 14 91
13 14 92
13 14 93
13 14 94
13 14 95
13 14 96
13 14 97
13 14 98
13 14 99
13 14 100
13 14 101
13 14 102
13 14 103
13 14 104
13 14 105
13 14 106
13 14 107
13 14 108
13 14 109
13 14 110
13 14 111
13 14 112
13 14 113
13 14 114
13 14 115
13 14 116
13 14 117
13 14 118
13 14 119
13 14 120
13 14 121
13 14 122
13 14 123
13 14 124
13 14 125
13 14 126
13 14 127
13 14 128
13 14 129
13 14 130
13 14 131
13 14 132
13 14 133
13 14 134
13 14 135
13 14 136
13 14 137
13 14 138
13 14 139
13 14 140
13 14 141
13 14 142
13 14 143
13 14 144
13 14 145
13 14 146
13 14 147
13 14 148
13 14 149
13 14 150
13 14 151
13 14 152
13 14 153
13 14 154
13 14 155
13 14 156
13 14 157
13 14 158
13 14 159
13 14 160
13 14 161
13 14 162
13 14 163
13 14 164
13 14 165
13 14 166
13 14 167
13 14 168
13 14 169
13 14 170
13 14 171
13 14 172
13 14 173
13 14 174
13 14 175
13 14 176
13 14 177
13 14 178
13 14 179
13 14 180
13 14 181
13 14 182
13 14 183
13 14 184
13 14 185
13 14 186
13 14 187
13 14 188
13 14 189
13 14 190
13 14 191
13 14 192
13 14 193
13 14 194
13 14 195
13 14 196
13 14 197
13 14 198
13 14 199
13 14 200
13 14 201
13 14 202
13 14 203
13 14 204
13 14 205
13 14 206
13 14 207
13 14 208
13 14 209
13 14 210
13 14 211
13 14 212
13 14 213
13 14 214
13 14 215
13 14 216
13 14 217
13 14 218
13 14 219
13 14 220
13 14 221
13 14 222
13 14 223
13 14 224
13 14 225
13 14 226
13 14 227
13 14 228
13 14 229
13 14 230
13 14 231
13 14 232
13 14 233
13 14 234
13 14 235
13 14 236
13 14 237
13 14 238
13 14 239
13 14 240
13 14 241
13 14 242
13 14 243
13 14 244
13 14 245
13 14 246
13 14 247
13 14 248
13 14 249
13 14 250
13 14 251
13 14 252
13 14 253
13 14 254
13 14 255
13 14 256
13 14 257
13 14 258
13 14 259
13 14 260
13 14 261
13 14 262
13 14 263
13 14 264
13 14 265
13 14 266
13 14 267
13 14 268
13 14 269
13 14 270
13 14 271
13 14 272
13 14 273
13 14 274
13 14 275
13 14 276
13 14 277
13 14 278
13 14 279
13 14 280
13 14 281
13 14 282
13 14 283
13 14 284
13 14 285
13 14 286
13 14 287
13 14 288
13 14 289
13 14 290
13 14 291
13 14 292
13 14 293
13 14 294
13 14 295
13 14 296
13 14 297
13 14 298
13 14 299
13 14 300
13 14 301
13 14 302
13 14 303
13 14 304
13 14 305
13 14 306
13 14 307
13 14 308
13 14 309
13 14 310
13 14 311
13 14 312
13 14 313
13 14 314
13 14 315
13 14 316
13 14 317
13 14 318
13 14 319
13 14 320
13 14 321
13 14 322
13 14 323
13 14 324
13 14 325
13 14 326
13 14 327
13 14 328
13 14 329
13 14 330
13 14 331
13 14 332
13 14 333
13 14 334
13 14 335
13 14 336
13 14 337
13 14 338
13 14 339
13 14 340
13 14 341
13 14 342
13 14 343
13 14 344
13 14 345
13 14 346
13 14 347
13 14 348
13 14 349
13 14 350
13 14 351
13 14 352
13 14 353
13 14 354
13 14 355
13 14 356
13 14 357
13 14 358
13 14 359
13 14 360
13 14 361
13 14 362
13 14 363
13 14 364
13 14 365
13 14 366
13 14 367
13 14 368
13 14 369
13 14 370
13 14 371
13 14 372
13 14 373
13 14 374
13 14 375
13 14 376
13 14 377
13 14 378
13 14 379
13 14 380
13 14 381
13 14 382
13 14 383
13 14 384
13 14 385
13 14 386
13 14 387
13 14 388
13 14 389
13 14 390
13 14 391
13 14 392
13 14 393
13 14 394
13 14 395
13 14 396
13 14 397
13 14 398
13 14 399
13 14 400
13 14 401
13 14 402
13 14 403
13 14 404
13 14 405
13 14 406
13 14 407
13 14 408
13 14 409
13 14 410
13 14 411
13 14 412
13 14 413
13 14 414
13 14 415
13 14 416
13 14 417
13 14 418
13 14 419
13 14 420
13 14 421
13 14 422
13 14 423
13 14 424
13 14 425
13 14 426
13 14 427
13 14 428
13 14 429
13 14 430
13 14 431
13 14 432
13 14 433
13 14 434
13 14 435
13 14 436
13 14 437
13 14 438
13 14 439
13 14 440
13 14 441
13 14 442
13 14 443
13 14 444
13 14 445
13 14 446
13 14 447
13 14 448
13 14 449
13 14 450
13 14 451
13 14 452
13 14 453
13 14 454
13 14 455
13 14 456
13 14 457
13 14 458
13 14 459
13 14 460
13 14 461
13 14 462
13 14 463
13 14 464
13 14 465
13 14 466
13 14 467
13 14 468
13 14 469
13 14 470
13 14 471
13 14 472
13 14 473
13 14 474
13 14 475
13 14 476
13 14 477
13 14 478
13 14 479
13 14 480
13 14 481
13 14 482
13 14 483
13 14 484
13 14 485
13 14 486
13 14 487
13 14 488
13 14 489
13 14 490
13 14 491
13 14 492
13 14 493
13 14 494
13 14 495
13 14 496
13 14 497
13 14 498
13 14 499
13 14 500
13 14 501
13 14 502
13 14 503
13 14 504
13 14 505
13 14 506
13 14 507
13 14 508
13 14 509
13 14 510
13 14 511
13 14 512
13 14 513
13 14 514
13 14 515
13 14 516
13 14 517
13 14 518
13 14 519
13 14 520
13 14 521
13 14 522
13 14 523
13 14 524
13 14 525
13 14 526
13 14 527
13 14 528
13 14 529
13 14 530
13 14 531
13 14 532
13 14 533
13 14 534
13 14 535
13 14 536
13 14 537
13 14 538
13 14 539
13 14 540
13 14 541
13 14 542
13 14 543
13 14 544
13 14 545
13 14 546
13 14 547
13 14 548
13 14 549
13 14 550
13 14 551
13 14 552
13 14 553
13 14 554
13 14 555
13 14 556
13 14 557
13 14 558
13 14 559
13 14 560
13 14 561
13 14 562
13 14 563
13 14 564
13 14 565
13 14 566
13 14 567
13 14 568
13 14 569
13 14 570
13 14 571
13 14 572
13 14 573
13 14 574
13 14 575
13 14 576
13 14 577
13 14 578
13 14 579
13 14 580
13 14 581
13 14 582
13 14 583
13 14 584
13 14 585
13 14 586
13 14 587
13 14 588
13 14 589
13 14 590
13 14 591
13 14 592
13 14 593
13 14 594
13 14 595
13 14 596
13 14 597
13 14 598
13 14 599
13 14 600
13 14 601
13 14 602
13 14 603
13 14 604
13 14 605
13 14 606
13 14 607
13 14 608
13 14 609
13 14 610
13 14 611
13 14 612
13 14 613
13 14 614
13 14 615
13 14 616
13 14 617
13 14 618
13 14 619
13 14 620
13 14 621
13 14 622
13 14 623
13 14 624
13 14 625
13 14 626
13 14 627
13 14 628
13 14 629
13 14 630
13 14 631
13 14 632
13 14 633
13 14 634
13 14 635
13 14 636
13 14 637
13 14 638
13 14 639
13 14 640
13 14 641
13 14 642
13 14 643
13 14 644
13 14 645
13 14 646
13 14 647
13 14 648
13 14 649
13 14 650
13 14 651
13 14 652
13 14 653
13 14 654
13 14 655
13 14 656
13 14 657
13 14 658
13 14 659
13 14 660
13 14 661
13 14 662
13 14 663
13 14 664
13 14 665
13 14 666
13 14 667
13 14 668
13 14 669
13 14 670
13 14 671
13 14 672
13 14 673
13 14 674
13 14 675
13 14 676
13 14 677
13 14 678
13 14 679
13 14 680
13 14 681
13 14 682
13 14 683
13 14 684
13 14 685
13 14 686
13 14 687
13 14 688
13 14 689
13 14 690
13 14 691
13 14 692
13 14 693
13 14 694
13 14 695
13 14 696
13 14 697
13 14 698
13 14 699
13 14 700
13 14 701
13 14 702
13 14 703
13 14 704
13 14 705
13 14 706
13 14 707
13 14 708
13 14 709
13 14 710
13 14 711
13 14 712
13 14 713
13 14 714
13 14 715
13 14 716
13 14 717
13 14 718
13 14 719
13 14 720
13 14 721
13 14 722
13 14 723
13 14 724
13 14 725
13 14 726
13 14 727
13 14 728
13 14 729
13 14 730
13 14 731
13 14 732
13 14 733
13 14 734
13 14 735
13 14 736
13 14 737
13 14 738
13 14 739
13 14 740
13 14 741
13 14 742
13 14 743
13 14 744
13 14 745
13 14 746
13 14 747
13 14 748
13 14 749
13 14 750
13 14 751
13 14 752
13 14 753
13 14 754
13 14 755
13 14 756
13 14 757
13 14 758
13 14 759
13 14 760
13 14 761
13 14 762
13 14 763
13 14 764
13 14 765
13 14 766
13 14 767
13 14 768
13 14 769
13 14 770
13 14 771
13 14 772
13 14 773
13 14 774
13 14 775
13 14 776
13 14 777
13 14 778
13 14 779
13 14 780
13 14 781
13 14 782
13 14 783
13 14 784
13 14 785
13 14 786
13 14 787
13 14 788
13 14 789
13 14 790
13 14 791
13 14 792
13 14 793
13 14 794
13 14 795
13 14 796
13 14 797
13 14 798
13 14 799
13 14 800
13 14 801
13 14 802
13 14 803
13 14 804
13 14 805
13 14 806
13 14 807
13 14 808
13 14 809
13 14 810
13 14 811
13 14 812
13 14 813
13 14 814
13 14 815
13 14 816
13 14 817
13 14 818
13 14 819
13 14 820
13 14 821
13 14 822
13 14 823
13 14 824
13 14 825
13 14 826
13 14 827
13 14 828
13 14 829
13 14 830
13 14 831
13 14 832
13 14 833
13 14 834
13 14 835
13 14 836
13 14 837
13 14 838
13 14 839
13 14 840
13 14 841
13 14 842
13 14 843
13 14 844
13 14 845
13 14 846
13 14 847
13 14 848
13 14 849
13 14 850
13 14 851
13 14 852
13 14 853
13 14 854
13 14 855
13 14 856
13 14 857
13 14 858
13 14 859
13 14 860
13 14 861
13 14 862
13 14 863
13 14 864
13 14 865
13 14 866
13 14 867
13 14 868
13 14 869
13 14 870
13 14 871
13 14 872
13 14 873
13 14 874
13 14 875
13 14 876
13 14 877
13 14 878
13 14 879
13 14 880
13 14 881
13 14 882
13 14 883
13 14 884
13 14 885
13 14 886
13 14 887
13 14 888
13 14 889
13 14 890
13 14 891
13 14 892
13 14 893
13 14 894
13 14 895
13 14 896
13 14 897
13 14 898
13 14 899
13 14 900
13 14 901
13 14 902
13 14 903
13 14 904
13 14 905
13 14 906
13 14 907
13 14 908
13 14 909
13 14 910
13 14 911
13 14 912
13 14 913
13 14 914
13 14 915
13 14 916
13 14 917
13 14 918
13 14 919
13 14 920
13 14 921
13 14 922
13 14 923
13 14 924
13 14 925
13 14 926
13 14 927
13 14 928
13 14 929
13 14 930
13 14 931
13 14 932
13 14 933
13 14 934
13 14 935
13 14 936
13 14 937
13 14 938
13 14 939
13 14 940
13 14 941
13 14 942
13 14 943
13 14 944
13 14 945
13 14 946
13 14 947
13 14 948
13 14 949
13 14 950
13 14 951
13 14 952
13 14 953
13 14 954
13 14 955
13 14 956
13 14 957
13 14 958
13 14 959
13 14 960
13 14 961
13 14 962
13 14 963
13 14 964
13 14 965
13 14 966
13 14 967
13 14 968
13 14 969
13 14 970
13 14 971
13 14 972
13 14 973
13 14 974
13 14 975
13 14 976
13 14 977
13 14 978
13 14 979
13 14 980
13 14 981
13 14 982
13 14 983
