32 35 1
33 35 1
34 35 1
32 36 2
33 36 2
34 36 2
32 37 3
33 37 3
34 37 3
32 35 4
33 35 4
34 35 4
32 36 5
33 36 5
34 36 5
32 37 6
33 37 6
34 37 6
32 35 7
33 35 7
34 35 7
32 36 8
33 36 8
34 36 8
32 37 9
33 37 9
34 37 9
32 35 10
33 35 10
34 35 10
32 36 11
33 36 11
34 36 11
32 37 12
33 37 12
34 37 12
32 35 13
33 35 13
34 35 13
32 36 14
33 36 14
34 36 14
32 37 15
33 37 15
34 37 15
32 35 16
33 35 16
34 35 16
32 36 17
33 36 17
34 36 17
32 37 18
33 37 18
34 37 18
32 35 19
33 35 19
34 35 19
32 36 20
33 36 20
34 36 20
32 37 21
33 37 21
34 37 21
32 35 22
33 35 22
34 35 22
32 36 23
33 36 23
34 36 23
32 37 24
33 37 24
34 37 24
32 35 25
33 35 25
34 35 25
32 36 26
33 36 26
34 36 26
32 37 27
33 37 27
34 37 27
32 35 28
33 35 28
34 35 28
32 36 29
33 36 29
34 36 29
32 37 30
33 37 30
34 37 30
32 35 31
33 35 31
34 35 31
32 36 32
33 36 32
34 36 32
32 37 33
33 37 33
34 37 33
