17 15 1
17 15 2
17 15 3
17 15 4
17 15 5
17 15 6
17 15 7
17 15 8
17 15 9
17 15 10
17 15 11
17 15 12
17 15 13
17 15 14
17 15 15
17 15 16
17 15 17
17 15 18
17 15 19
17 15 20
17 15 21
17 15 22
17 15 23
17 15 24
17 15 25
17 15 26
17 15 27
17 15 28
17 15 29
17 15 30
17 15 31
17 15 32
17 15 33
17 15 34
17 15 35
17 15 36
17 15 37
17 15 38
17 15 39
17 15 40
17 15 41
17 15 42
17 15 43
17 15 44
17 15 45
17 15 46
17 15 47
17 15 48
17 15 49
17 15 50
17 15 51
17 15 52
17 15 53
17 15 54
17 15 55
17 15 56
17 15 57
17 15 58
17 15 59
17 15 60
17 15 61
17 15 62
17 15 63
17 15 64
17 15 65
17 15 66
17 15 67
17 15 68
17 15 69
17 15 70
17 15 71
17 15 72
17 15 73
17 15 74
17 15 75
17 15 76
17 15 77
17 15 78
17 15 79
17 15 80
17 15 81
17 15 82
17 15 83
17 15 84
17 15 85
17 15 86
17 15 87
17 15 88
17 15 89
17 15 90
17 15 91
17 15 92
17 15 93
17 15 94
17 15 95
17 15 96
17 15 97
17 15 98
17 15 99
17 15 100
17 15 101
17 15 102
17 15 103
17 15 104
17 15 105
17 15 106
17 15 107
17 15 108
17 15 109
17 15 110
17 15 111
17 15 112
17 15 113
17 15 114
17 15 115
17 15 116
17 15 117
17 15 118
17 15 119
17 15 120
17 15 121
17 15 122
17 15 123
17 15 124
17 15 125
17 15 126
17 15 127
17 15 128
17 15 129
17 15 130
17 15 131
17 15 132
17 15 133
17 15 134
17 15 135
17 15 136
17 15 137
17 15 138
17 15 139
17 15 140
17 15 141
17 15 142
17 15 143
17 15 144
17 15 145
17 15 146
17 15 147
17 15 148
17 15 149
17 15 150
17 15 151
17 15 152
17 15 153
17 15 154
17 15 155
17 15 156
17 15 157
17 15 158
17 15 159
17 15 160
17 15 161
17 15 162
17 15 163
17 15 164
17 15 165
17 15 166
17 15 167
17 15 168
17 15 169
17 15 170
17 15 171
17 15 172
17 15 173
17 15 174
17 15 175
17 15 176
17 15 177
17 15 178
17 15 179
17 15 180
17 15 181
17 15 182
17 15 183
17 15 184
17 15 185
17 15 186
17 15 187
17 15 188
17 15 189
17 15 190
17 15 191
17 15 192
17 15 193
17 15 194
17 15 195
17 15 196
17 15 197
17 15 198
17 15 199
17 15 200
17 15 201
17 15 202
17 15 203
17 15 204
17 15 205
17 15 206
17 15 207
17 15 208
17 15 209
17 15 210
17 15 211
17 15 212
17 15 213
17 15 214
17 15 215
17 15 216
17 15 217
17 15 218
17 15 219
17 15 220
17 15 221
17 15 222
17 15 223
17 15 224
17 15 225
17 15 226
17 15 227
17 15 228
17 15 229
17 15 230
17 15 231
17 15 232
17 15 233
17 15 234
17 15 235
17 15 236
17 15 237
17 15 238
17 15 239
17 15 240
17 15 241
17 15 242
17 15 243
17 15 244
17 15 245
