17 13 1
17 13 2
17 13 3
17 13 4
17 13 5
17 13 6
17 13 7
17 13 8
17 13 9
17 13 10
17 13 11
17 13 12
17 13 13
17 13 14
17 13 15
17 13 16
17 13 17
17 13 18
17 13 19
17 13 20
17 13 21
17 13 22
17 13 23
17 13 24
17 13 25
17 13 26
17 13 27
17 13 28
17 13 29
17 13 30
17 13 31
17 13 32
17 13 33
17 13 34
17 13 35
17 13 36
17 13 37
17 13 38
17 13 39
17 13 40
17 13 41
17 13 42
17 13 43
17 13 44
17 13 45
17 13 46
17 13 47
17 13 48
17 13 49
17 13 50
17 13 51
17 13 52
17 13 53
17 13 54
17 13 55
17 13 56
17 13 57
17 13 58
17 13 59
17 13 60
17 13 61
17 13 62
17 13 63
17 13 64
17 13 65
17 13 66
17 13 67
17 13 68
17 13 69
17 13 70
17 13 71
17 13 72
17 13 73
17 13 74
17 13 75
17 13 76
17 13 77
17 13 78
17 13 79
17 13 80
17 13 81
17 13 82
17 13 83
17 13 84
17 13 85
17 13 86
17 13 87
17 13 88
17 13 89
17 13 90
17 13 91
17 13 92
17 13 93
17 13 94
17 13 95
17 13 96
17 13 97
17 13 98
17 13 99
17 13 100
17 13 101
17 13 102
17 13 103
17 13 104
17 13 105
17 13 106
17 13 107
17 13 108
17 13 109
17 13 110
17 13 111
17 13 112
17 13 113
17 13 114
17 13 115
17 13 116
17 13 117
17 13 118
17 13 119
17 13 120
17 13 121
17 13 122
17 13 123
17 13 124
17 13 125
17 13 126
17 13 127
17 13 128
17 13 129
17 13 130
17 13 131
17 13 132
17 13 133
17 13 134
17 13 135
17 13 136
17 13 137
17 13 138
17 13 139
17 13 140
17 13 141
17 13 142
17 13 143
17 13 144
17 13 145
17 13 146
17 13 147
17 13 148
17 13 149
17 13 150
17 13 151
17 13 152
17 13 153
17 13 154
17 13 155
17 13 156
17 13 157
17 13 158
17 13 159
17 13 160
17 13 161
17 13 162
17 13 163
17 13 164
17 13 165
17 13 166
17 13 167
17 13 168
17 13 169
17 13 170
17 13 171
17 13 172
17 13 173
17 13 174
17 13 175
17 13 176
17 13 177
17 13 178
17 13 179
17 13 180
17 13 181
17 13 182
17 13 183
17 13 184
17 13 185
17 13 186
17 13 187
17 13 188
17 13 189
17 13 190
17 13 191
17 13 192
17 13 193
17 13 194
17 13 195
17 13 196
17 13 197
17 13 198
17 13 199
17 13 200
17 13 201
17 13 202
17 13 203
17 13 204
17 13 205
17 13 206
17 13 207
17 13 208
17 13 209
17 13 210
17 13 211
17 13 212
17 13 213
17 13 214
17 13 215
17 13 216
17 13 217
17 13 218
17 13 219
17 13 220
17 13 221
17 13 222
17 13 223
17 13 224
17 13 225
17 13 226
17 13 227
17 13 228
17 13 229
17 13 230
17 13 231
17 13 232
17 13 233
17 13 234
17 13 235
17 13 236
17 13 237
17 13 238
17 13 239
17 13 240
17 13 241
17 13 242
17 13 243
17 13 244
17 13 245
