17 5 1
17 5 2
17 5 3
17 5 4
17 5 5
17 5 6
17 5 7
17 5 8
17 5 9
17 5 10
17 5 11
17 5 12
17 5 13
17 5 14
17 5 15
17 5 16
17 5 17
17 5 18
17 5 19
17 5 20
17 5 21
17 5 22
17 5 23
17 5 24
17 5 25
17 5 26
17 5 27
17 5 28
17 5 29
17 5 30
17 5 31
17 5 32
17 5 33
17 5 34
17 5 35
17 5 36
17 5 37
17 5 38
17 5 39
17 5 40
17 5 41
17 5 42
17 5 43
17 5 44
17 5 45
17 5 46
17 5 47
17 5 48
17 5 49
17 5 50
17 5 51
17 5 52
17 5 53
17 5 54
17 5 55
17 5 56
17 5 57
17 5 58
17 5 59
17 5 60
17 5 61
17 5 62
17 5 63
17 5 64
17 5 65
17 5 66
17 5 67
17 5 68
17 5 69
17 5 70
17 5 71
17 5 72
17 5 73
17 5 74
17 5 75
17 5 76
17 5 77
17 5 78
17 5 79
17 5 80
17 5 81
17 5 82
17 5 83
17 5 84
17 5 85
17 5 86
17 5 87
17 5 88
17 5 89
17 5 90
17 5 91
17 5 92
17 5 93
17 5 94
17 5 95
17 5 96
17 5 97
17 5 98
17 5 99
17 5 100
17 5 101
17 5 102
17 5 103
17 5 104
17 5 105
17 5 106
17 5 107
17 5 108
17 5 109
17 5 110
17 5 111
17 5 112
17 5 113
17 5 114
17 5 115
17 5 116
17 5 117
17 5 118
17 5 119
17 5 120
17 5 121
17 5 122
17 5 123
17 5 124
17 5 125
17 5 126
17 5 127
17 5 128
17 5 129
17 5 130
17 5 131
17 5 132
17 5 133
17 5 134
17 5 135
17 5 136
17 5 137
17 5 138
17 5 139
17 5 140
17 5 141
17 5 142
17 5 143
17 5 144
17 5 145
17 5 146
17 5 147
17 5 148
17 5 149
17 5 150
17 5 151
17 5 152
17 5 153
17 5 154
17 5 155
17 5 156
17 5 157
17 5 158
17 5 159
17 5 160
17 5 161
17 5 162
17 5 163
17 5 164
17 5 165
17 5 166
17 5 167
17 5 168
17 5 169
17 5 170
17 5 171
17 5 172
17 5 173
17 5 174
17 5 175
17 5 176
17 5 177
17 5 178
17 5 179
17 5 180
17 5 181
17 5 182
17 5 183
17 5 184
17 5 185
17 5 186
17 5 187
17 5 188
17 5 189
17 5 190
17 5 191
17 5 192
17 5 193
17 5 194
17 5 195
17 5 196
17 5 197
17 5 198
17 5 199
17 5 200
17 5 201
17 5 202
17 5 203
17 5 204
17 5 205
17 5 206
17 5 207
17 5 208
17 5 209
17 5 210
17 5 211
17 5 212
17 5 213
17 5 214
17 5 215
17 5 216
17 5 217
17 5 218
17 5 219
17 5 220
17 5 221
17 5 222
17 5 223
17 5 224
17 5 225
17 5 226
17 5 227
17 5 228
17 5 229
17 5 230
17 5 231
17 5 232
17 5 233
17 5 234
17 5 235
17 5 236
17 5 237
17 5 238
17 5 239
17 5 240
17 5 241
17 5 242
17 5 243
17 5 244
17 5 245
