1 6 1
2 6 1
3 6 1
4 6 1
5 6 1
1 7 2
2 7 2
3 7 2
4 7 2
5 7 2
6 7 2
1 8 3
2 8 3
3 8 3
4 8 3
5 8 3
6 8 3
1 9 4
2 9 4
3 9 4
4 9 4
5 9 4
6 9 4
1 10 5
2 10 5
3 10 5
4 10 5
5 10 5
6 10 5
1 6 6
2 6 6
3 6 6
4 6 6
5 6 6
1 7 7
2 7 7
3 7 7
4 7 7
5 7 7
6 7 7
1 8 8
2 8 8
3 8 8
4 8 8
5 8 8
6 8 8
1 9 9
2 9 9
3 9 9
4 9 9
5 9 9
6 9 9
1 10 10
2 10 10
3 10 10
4 10 10
5 10 10
6 10 10
1 6 11
2 6 11
3 6 11
4 6 11
5 6 11
1 7 12
2 7 12
3 7 12
4 7 12
5 7 12
6 7 12
1 8 13
2 8 13
3 8 13
4 8 13
5 8 13
6 8 13
1 9 14
2 9 14
3 9 14
4 9 14
5 9 14
6 9 14
1 10 15
2 10 15
3 10 15
4 10 15
5 10 15
6 10 15
1 6 16
2 6 16
3 6 16
4 6 16
5 6 16
1 7 17
2 7 17
3 7 17
4 7 17
5 7 17
6 7 17
1 8 18
2 8 18
3 8 18
4 8 18
5 8 18
6 8 18
1 9 19
2 9 19
3 9 19
4 9 19
5 9 19
6 9 19
1 10 20
2 10 20
3 10 20
4 10 20
5 10 20
6 10 20
1 6 21
2 6 21
3 6 21
4 6 21
5 6 21
1 7 22
2 7 22
3 7 22
4 7 22
5 7 22
6 7 22
1 8 23
2 8 23
3 8 23
4 8 23
5 8 23
6 8 23
1 9 24
2 9 24
3 9 24
4 9 24
5 9 24
6 9 24
1 10 25
2 10 25
3 10 25
4 10 25
5 10 25
6 10 25
1 6 26
2 6 26
3 6 26
4 6 26
5 6 26
1 7 27
2 7 27
3 7 27
4 7 27
5 7 27
6 7 27
1 8 28
2 8 28
3 8 28
4 8 28
5 8 28
6 8 28
1 9 29
2 9 29
3 9 29
4 9 29
5 9 29
6 9 29
1 10 30
2 10 30
3 10 30
4 10 30
5 10 30
6 10 30
1 6 31
2 6 31
3 6 31
4 6 31
5 6 31
1 7 32
2 7 32
3 7 32
4 7 32
5 7 32
6 7 32
1 8 33
2 8 33
3 8 33
4 8 33
5 8 33
6 8 33
1 9 34
2 9 34
3 9 34
4 9 34
5 9 34
6 9 34
1 10 35
2 10 35
3 10 35
4 10 35
5 10 35
6 10 35
1 6 36
2 6 36
3 6 36
4 6 36
5 6 36
1 7 37
2 7 37
3 7 37
4 7 37
5 7 37
6 7 37
1 8 38
2 8 38
3 8 38
4 8 38
5 8 38
6 8 38
1 9 39
2 9 39
3 9 39
4 9 39
5 9 39
6 9 39
1 10 40
2 10 40
3 10 40
4 10 40
5 10 40
6 10 40
1 6 41
2 6 41
3 6 41
4 6 41
5 6 41
1 7 42
2 7 42
3 7 42
4 7 42
5 7 42
6 7 42
1 8 43
2 8 43
3 8 43
4 8 43
5 8 43
6 8 43
1 9 44
2 9 44
3 9 44
4 9 44
5 9 44
6 9 44
1 10 45
2 10 45
3 10 45
4 10 45
5 10 45
6 10 45
1 6 46
2 6 46
3 6 46
4 6 46
5 6 46
1 7 47
2 7 47
3 7 47
4 7 47
5 7 47
6 7 47
1 8 48
2 8 48
3 8 48
4 8 48
5 8 48
6 8 48
1 9 49
2 9 49
3 9 49
4 9 49
5 9 49
6 9 49
1 10 50
2 10 50
3 10 50
4 10 50
5 10 50
6 10 50
