32 34 1
33 34 1
32 35 2
33 35 2
32 34 3
33 34 3
32 35 4
33 35 4
32 34 5
33 34 5
32 35 6
33 35 6
32 34 7
33 34 7
32 35 8
33 35 8
32 34 9
33 34 9
32 35 10
33 35 10
32 34 11
33 34 11
32 35 12
33 35 12
32 34 13
33 34 13
32 35 14
33 35 14
32 34 15
33 34 15
32 35 16
33 35 16
32 34 17
33 34 17
32 35 18
33 35 18
32 34 19
33 34 19
32 35 20
33 35 20
32 34 21
33 34 21
32 35 22
33 35 22
32 34 23
33 34 23
32 35 24
33 35 24
32 34 25
33 34 25
32 35 26
33 35 26
32 34 27
33 34 27
32 35 28
33 35 28
32 34 29
33 34 29
32 35 30
33 35 30
32 34 31
33 34 31
32 35 32
33 35 32
32 34 33
33 34 33
32 35 34
33 35 34
32 34 35
33 34 35
32 35 36
33 35 36
32 34 37
33 34 37
32 35 38
33 35 38
32 34 39
33 34 39
32 35 40
33 35 40
32 34 41
33 34 41
32 35 42
33 35 42
32 34 43
33 34 43
32 35 44
33 35 44
32 34 45
33 34 45
32 35 46
33 35 46
32 34 47
33 34 47
32 35 48
33 35 48
