24 26 1
25 26 1
24 27 2
25 27 2
24 26 3
25 26 3
24 27 4
25 27 4
24 26 5
25 26 5
24 27 6
25 27 6
24 26 7
25 26 7
24 27 8
25 27 8
24 26 9
25 26 9
24 27 10
25 27 10
24 26 11
25 26 11
24 27 12
25 27 12
24 26 13
25 26 13
24 27 14
25 27 14
24 26 15
25 26 15
24 27 16
25 27 16
24 26 17
25 26 17
24 27 18
25 27 18
24 26 19
25 26 19
24 27 20
25 27 20
24 26 21
25 26 21
24 27 22
25 27 22
24 26 23
25 26 23
24 27 24
25 27 24
24 26 25
25 26 25
24 27 26
25 27 26
24 26 27
25 26 27
24 27 28
25 27 28
24 26 29
25 26 29
24 27 30
25 27 30
24 26 31
25 26 31
24 27 32
25 27 32
24 26 33
25 26 33
24 27 34
25 27 34
24 26 35
25 26 35
24 27 36
25 27 36
24 26 37
25 26 37
24 27 38
25 27 38
24 26 39
25 26 39
24 27 40
25 27 40
24 26 41
25 26 41
24 27 42
25 27 42
24 26 43
25 26 43
24 27 44
25 27 44
24 26 45
25 26 45
24 27 46
25 27 46
24 26 47
25 26 47
24 27 48
25 27 48
