0 24 1
1 24 1
2 24 1
3 24 1
4 24 1
5 24 1
6 24 1
7 24 1
8 24 1
9 24 1
10 24 1
11 24 1
12 24 1
13 24 1
14 24 1
15 24 1
16 24 1
17 24 1
0 25 2
1 25 2
2 25 2
3 25 2
4 25 2
5 25 2
6 25 2
7 25 2
8 25 2
9 25 2
10 25 2
11 25 2
12 25 2
13 25 2
14 25 2
15 25 2
16 25 2
17 25 2
0 26 3
1 26 3
2 26 3
3 26 3
4 26 3
5 26 3
6 26 3
7 26 3
8 26 3
9 26 3
10 26 3
11 26 3
12 26 3
13 26 3
14 26 3
15 26 3
16 26 3
17 26 3
0 27 4
1 27 4
2 27 4
3 27 4
4 27 4
5 27 4
6 27 4
7 27 4
8 27 4
9 27 4
10 27 4
11 27 4
12 27 4
13 27 4
14 27 4
15 27 4
16 27 4
17 27 4
0 28 5
1 28 5
2 28 5
3 28 5
4 28 5
5 28 5
6 28 5
7 28 5
8 28 5
9 28 5
10 28 5
11 28 5
12 28 5
13 28 5
14 28 5
15 28 5
16 28 5
17 28 5
0 29 6
1 29 6
2 29 6
3 29 6
4 29 6
5 29 6
6 29 6
7 29 6
8 29 6
9 29 6
10 29 6
11 29 6
12 29 6
13 29 6
14 29 6
15 29 6
16 29 6
17 29 6
0 24 7
1 24 7
2 24 7
3 24 7
4 24 7
5 24 7
6 24 7
7 24 7
8 24 7
9 24 7
10 24 7
11 24 7
12 24 7
13 24 7
14 24 7
15 24 7
16 24 7
17 24 7
0 25 8
1 25 8
2 25 8
3 25 8
4 25 8
5 25 8
6 25 8
7 25 8
8 25 8
9 25 8
10 25 8
11 25 8
12 25 8
13 25 8
14 25 8
15 25 8
16 25 8
17 25 8
0 26 9
1 26 9
2 26 9
3 26 9
4 26 9
5 26 9
6 26 9
7 26 9
8 26 9
9 26 9
10 26 9
11 26 9
12 26 9
13 26 9
14 26 9
15 26 9
16 26 9
17 26 9
0 27 10
1 27 10
2 27 10
3 27 10
4 27 10
5 27 10
6 27 10
7 27 10
8 27 10
9 27 10
10 27 10
11 27 10
12 27 10
13 27 10
14 27 10
15 27 10
16 27 10
17 27 10
0 28 11
1 28 11
2 28 11
3 28 11
4 28 11
5 28 11
6 28 11
7 28 11
8 28 11
9 28 11
10 28 11
11 28 11
12 28 11
13 28 11
14 28 11
15 28 11
16 28 11
17 28 11
0 29 12
1 29 12
2 29 12
3 29 12
4 29 12
5 29 12
6 29 12
7 29 12
8 29 12
9 29 12
10 29 12
11 29 12
12 29 12
13 29 12
14 29 12
15 29 12
16 29 12
17 29 12
0 24 13
1 24 13
2 24 13
3 24 13
4 24 13
5 24 13
6 24 13
7 24 13
8 24 13
9 24 13
10 24 13
11 24 13
12 24 13
13 24 13
14 24 13
15 24 13
16 24 13
17 24 13
0 25 14
1 25 14
2 25 14
3 25 14
4 25 14
5 25 14
6 25 14
7 25 14
8 25 14
9 25 14
10 25 14
11 25 14
12 25 14
13 25 14
14 25 14
15 25 14
16 25 14
17 25 14
0 26 15
1 26 15
2 26 15
3 26 15
4 26 15
5 26 15
6 26 15
7 26 15
8 26 15
9 26 15
10 26 15
11 26 15
12 26 15
13 26 15
14 26 15
15 26 15
16 26 15
17 26 15
0 27 16
1 27 16
2 27 16
3 27 16
4 27 16
5 27 16
6 27 16
7 27 16
8 27 16
9 27 16
10 27 16
11 27 16
12 27 16
13 27 16
14 27 16
15 27 16
16 27 16
17 27 16
0 28 17
1 28 17
2 28 17
3 28 17
4 28 17
5 28 17
6 28 17
7 28 17
8 28 17
9 28 17
10 28 17
11 28 17
12 28 17
13 28 17
14 28 17
15 28 17
16 28 17
17 28 17
0 29 18
1 29 18
2 29 18
3 29 18
4 29 18
5 29 18
6 29 18
7 29 18
8 29 18
9 29 18
10 29 18
11 29 18
12 29 18
13 29 18
14 29 18
15 29 18
16 29 18
17 29 18
0 24 19
1 24 19
2 24 19
3 24 19
4 24 19
5 24 19
6 24 19
7 24 19
8 24 19
9 24 19
10 24 19
11 24 19
12 24 19
13 24 19
14 24 19
15 24 19
16 24 19
17 24 19
0 25 20
1 25 20
2 25 20
3 25 20
4 25 20
5 25 20
6 25 20
7 25 20
8 25 20
9 25 20
10 25 20
11 25 20
12 25 20
13 25 20
14 25 20
15 25 20
16 25 20
17 25 20
0 26 21
1 26 21
2 26 21
3 26 21
4 26 21
5 26 21
6 26 21
7 26 21
8 26 21
9 26 21
10 26 21
11 26 21
12 26 21
13 26 21
14 26 21
15 26 21
16 26 21
17 26 21
0 27 22
1 27 22
2 27 22
3 27 22
4 27 22
5 27 22
6 27 22
7 27 22
8 27 22
9 27 22
10 27 22
11 27 22
12 27 22
13 27 22
14 27 22
15 27 22
16 27 22
17 27 22
0 28 23
1 28 23
2 28 23
3 28 23
4 28 23
5 28 23
6 28 23
7 28 23
8 28 23
9 28 23
10 28 23
11 28 23
12 28 23
13 28 23
14 28 23
15 28 23
16 28 23
17 28 23
0 29 24
1 29 24
2 29 24
3 29 24
4 29 24
5 29 24
6 29 24
7 29 24
8 29 24
9 29 24
10 29 24
11 29 24
12 29 24
13 29 24
14 29 24
15 29 24
16 29 24
17 29 24
0 24 25
1 24 25
2 24 25
3 24 25
4 24 25
5 24 25
6 24 25
7 24 25
8 24 25
9 24 25
10 24 25
11 24 25
12 24 25
13 24 25
14 24 25
15 24 25
16 24 25
17 24 25
0 25 26
1 25 26
2 25 26
3 25 26
4 25 26
5 25 26
6 25 26
7 25 26
8 25 26
9 25 26
10 25 26
11 25 26
12 25 26
13 25 26
14 25 26
15 25 26
16 25 26
17 25 26
0 26 27
1 26 27
2 26 27
3 26 27
4 26 27
5 26 27
6 26 27
7 26 27
8 26 27
9 26 27
10 26 27
11 26 27
12 26 27
13 26 27
14 26 27
15 26 27
16 26 27
17 26 27
0 27 28
1 27 28
2 27 28
3 27 28
4 27 28
5 27 28
6 27 28
7 27 28
8 27 28
9 27 28
10 27 28
11 27 28
12 27 28
13 27 28
14 27 28
15 27 28
16 27 28
17 27 28
0 28 29
1 28 29
2 28 29
3 28 29
4 28 29
5 28 29
6 28 29
7 28 29
8 28 29
9 28 29
10 28 29
11 28 29
12 28 29
13 28 29
14 28 29
15 28 29
16 28 29
17 28 29
0 29 30
1 29 30
2 29 30
3 29 30
4 29 30
5 29 30
6 29 30
7 29 30
8 29 30
9 29 30
10 29 30
11 29 30
12 29 30
13 29 30
14 29 30
15 29 30
16 29 30
17 29 30
0 24 31
1 24 31
2 24 31
3 24 31
4 24 31
5 24 31
6 24 31
7 24 31
8 24 31
9 24 31
10 24 31
11 24 31
12 24 31
13 24 31
14 24 31
15 24 31
16 24 31
17 24 31
0 25 32
1 25 32
2 25 32
3 25 32
4 25 32
5 25 32
6 25 32
7 25 32
8 25 32
9 25 32
10 25 32
11 25 32
12 25 32
13 25 32
14 25 32
15 25 32
16 25 32
17 25 32
0 26 33
1 26 33
2 26 33
3 26 33
4 26 33
5 26 33
6 26 33
7 26 33
8 26 33
9 26 33
10 26 33
11 26 33
12 26 33
13 26 33
14 26 33
15 26 33
16 26 33
17 26 33
0 27 34
1 27 34
2 27 34
3 27 34
4 27 34
5 27 34
6 27 34
7 27 34
8 27 34
9 27 34
10 27 34
11 27 34
12 27 34
13 27 34
14 27 34
15 27 34
16 27 34
17 27 34
0 28 35
1 28 35
2 28 35
3 28 35
4 28 35
5 28 35
6 28 35
7 28 35
8 28 35
9 28 35
10 28 35
11 28 35
12 28 35
13 28 35
14 28 35
15 28 35
16 28 35
17 28 35
0 29 36
1 29 36
2 29 36
3 29 36
4 29 36
5 29 36
6 29 36
7 29 36
8 29 36
9 29 36
10 29 36
11 29 36
12 29 36
13 29 36
14 29 36
15 29 36
16 29 36
17 29 36
0 24 37
1 24 37
2 24 37
3 24 37
4 24 37
5 24 37
6 24 37
7 24 37
8 24 37
9 24 37
10 24 37
11 24 37
12 24 37
13 24 37
14 24 37
15 24 37
16 24 37
17 24 37
0 25 38
1 25 38
2 25 38
3 25 38
4 25 38
5 25 38
6 25 38
7 25 38
8 25 38
9 25 38
10 25 38
11 25 38
12 25 38
13 25 38
14 25 38
15 25 38
16 25 38
17 25 38
0 26 39
1 26 39
2 26 39
3 26 39
4 26 39
5 26 39
6 26 39
7 26 39
8 26 39
9 26 39
10 26 39
11 26 39
12 26 39
13 26 39
14 26 39
15 26 39
16 26 39
17 26 39
0 27 40
1 27 40
2 27 40
3 27 40
4 27 40
5 27 40
6 27 40
7 27 40
8 27 40
9 27 40
10 27 40
11 27 40
12 27 40
13 27 40
14 27 40
15 27 40
16 27 40
17 27 40
0 28 41
1 28 41
2 28 41
3 28 41
4 28 41
5 28 41
6 28 41
7 28 41
8 28 41
9 28 41
10 28 41
11 28 41
12 28 41
13 28 41
14 28 41
15 28 41
16 28 41
17 28 41
0 29 42
1 29 42
2 29 42
3 29 42
4 29 42
5 29 42
6 29 42
7 29 42
8 29 42
9 29 42
10 29 42
11 29 42
12 29 42
13 29 42
14 29 42
15 29 42
16 29 42
17 29 42
0 24 43
1 24 43
2 24 43
3 24 43
4 24 43
5 24 43
6 24 43
7 24 43
8 24 43
9 24 43
10 24 43
11 24 43
12 24 43
13 24 43
14 24 43
15 24 43
16 24 43
17 24 43
0 25 44
1 25 44
2 25 44
3 25 44
4 25 44
5 25 44
6 25 44
7 25 44
8 25 44
9 25 44
10 25 44
11 25 44
12 25 44
13 25 44
14 25 44
15 25 44
16 25 44
17 25 44
0 26 45
1 26 45
2 26 45
3 26 45
4 26 45
5 26 45
6 26 45
7 26 45
8 26 45
9 26 45
10 26 45
11 26 45
12 26 45
13 26 45
14 26 45
15 26 45
16 26 45
17 26 45
0 27 46
1 27 46
2 27 46
3 27 46
4 27 46
5 27 46
6 27 46
7 27 46
8 27 46
9 27 46
10 27 46
11 27 46
12 27 46
13 27 46
14 27 46
15 27 46
16 27 46
17 27 46
0 28 47
1 28 47
2 28 47
3 28 47
4 28 47
5 28 47
6 28 47
7 28 47
8 28 47
9 28 47
10 28 47
11 28 47
12 28 47
13 28 47
14 28 47
15 28 47
16 28 47
17 28 47
0 29 48
1 29 48
2 29 48
3 29 48
4 29 48
5 29 48
6 29 48
7 29 48
8 29 48
9 29 48
10 29 48
11 29 48
12 29 48
13 29 48
14 29 48
15 29 48
16 29 48
17 29 48
0 24 49
1 24 49
2 24 49
3 24 49
4 24 49
5 24 49
6 24 49
7 24 49
8 24 49
9 24 49
10 24 49
11 24 49
12 24 49
13 24 49
14 24 49
15 24 49
16 24 49
17 24 49
0 25 50
1 25 50
2 25 50
3 25 50
4 25 50
5 25 50
6 25 50
7 25 50
8 25 50
9 25 50
10 25 50
11 25 50
12 25 50
13 25 50
14 25 50
15 25 50
16 25 50
17 25 50
0 26 51
1 26 51
2 26 51
3 26 51
4 26 51
5 26 51
6 26 51
7 26 51
8 26 51
9 26 51
10 26 51
11 26 51
12 26 51
13 26 51
14 26 51
15 26 51
16 26 51
17 26 51
0 27 52
1 27 52
2 27 52
3 27 52
4 27 52
5 27 52
6 27 52
7 27 52
8 27 52
9 27 52
10 27 52
11 27 52
12 27 52
13 27 52
14 27 52
15 27 52
16 27 52
17 27 52
0 28 53
1 28 53
2 28 53
3 28 53
4 28 53
5 28 53
6 28 53
7 28 53
8 28 53
9 28 53
10 28 53
11 28 53
12 28 53
13 28 53
14 28 53
15 28 53
16 28 53
17 28 53
0 29 54
1 29 54
2 29 54
3 29 54
4 29 54
5 29 54
6 29 54
7 29 54
8 29 54
9 29 54
10 29 54
11 29 54
12 29 54
13 29 54
14 29 54
15 29 54
16 29 54
17 29 54
0 24 55
1 24 55
2 24 55
3 24 55
4 24 55
5 24 55
6 24 55
7 24 55
8 24 55
9 24 55
10 24 55
11 24 55
12 24 55
13 24 55
14 24 55
15 24 55
16 24 55
17 24 55
0 25 56
1 25 56
2 25 56
3 25 56
4 25 56
5 25 56
6 25 56
7 25 56
8 25 56
9 25 56
10 25 56
11 25 56
12 25 56
13 25 56
14 25 56
15 25 56
16 25 56
17 25 56
0 26 57
1 26 57
2 26 57
3 26 57
4 26 57
5 26 57
6 26 57
7 26 57
8 26 57
9 26 57
10 26 57
11 26 57
12 26 57
13 26 57
14 26 57
15 26 57
16 26 57
17 26 57
0 27 58
1 27 58
2 27 58
3 27 58
4 27 58
5 27 58
6 27 58
7 27 58
8 27 58
9 27 58
10 27 58
11 27 58
12 27 58
13 27 58
14 27 58
15 27 58
16 27 58
17 27 58
0 28 59
1 28 59
2 28 59
3 28 59
4 28 59
5 28 59
6 28 59
7 28 59
8 28 59
9 28 59
10 28 59
11 28 59
12 28 59
13 28 59
14 28 59
15 28 59
16 28 59
17 28 59
0 29 60
1 29 60
2 29 60
3 29 60
4 29 60
5 29 60
6 29 60
7 29 60
8 29 60
9 29 60
10 29 60
11 29 60
12 29 60
13 29 60
14 29 60
15 29 60
16 29 60
17 29 60
0 24 61
1 24 61
2 24 61
3 24 61
4 24 61
5 24 61
6 24 61
7 24 61
8 24 61
9 24 61
10 24 61
11 24 61
12 24 61
13 24 61
14 24 61
15 24 61
16 24 61
17 24 61
0 25 62
1 25 62
2 25 62
3 25 62
4 25 62
5 25 62
6 25 62
7 25 62
8 25 62
9 25 62
10 25 62
11 25 62
12 25 62
13 25 62
14 25 62
15 25 62
16 25 62
17 25 62
0 26 63
1 26 63
2 26 63
3 26 63
4 26 63
5 26 63
6 26 63
7 26 63
8 26 63
9 26 63
10 26 63
11 26 63
12 26 63
13 26 63
14 26 63
15 26 63
16 26 63
17 26 63
0 27 64
1 27 64
2 27 64
3 27 64
4 27 64
5 27 64
6 27 64
7 27 64
8 27 64
9 27 64
10 27 64
11 27 64
12 27 64
13 27 64
14 27 64
15 27 64
16 27 64
17 27 64
0 28 65
1 28 65
2 28 65
3 28 65
4 28 65
5 28 65
6 28 65
7 28 65
8 28 65
9 28 65
10 28 65
11 28 65
12 28 65
13 28 65
14 28 65
15 28 65
16 28 65
17 28 65
0 29 66
1 29 66
2 29 66
3 29 66
4 29 66
5 29 66
6 29 66
7 29 66
8 29 66
9 29 66
10 29 66
11 29 66
12 29 66
13 29 66
14 29 66
15 29 66
16 29 66
17 29 66
0 24 67
1 24 67
2 24 67
3 24 67
4 24 67
5 24 67
6 24 67
7 24 67
8 24 67
9 24 67
10 24 67
11 24 67
12 24 67
13 24 67
14 24 67
15 24 67
16 24 67
17 24 67
0 25 68
1 25 68
2 25 68
3 25 68
4 25 68
5 25 68
6 25 68
7 25 68
8 25 68
9 25 68
10 25 68
11 25 68
12 25 68
13 25 68
14 25 68
15 25 68
16 25 68
17 25 68
0 26 69
1 26 69
2 26 69
3 26 69
4 26 69
5 26 69
6 26 69
7 26 69
8 26 69
9 26 69
10 26 69
11 26 69
12 26 69
13 26 69
14 26 69
15 26 69
16 26 69
17 26 69
0 27 70
1 27 70
2 27 70
3 27 70
4 27 70
5 27 70
6 27 70
7 27 70
8 27 70
9 27 70
10 27 70
11 27 70
12 27 70
13 27 70
14 27 70
15 27 70
16 27 70
17 27 70
0 28 71
1 28 71
2 28 71
3 28 71
4 28 71
5 28 71
6 28 71
7 28 71
8 28 71
9 28 71
10 28 71
11 28 71
12 28 71
13 28 71
14 28 71
15 28 71
16 28 71
17 28 71
0 29 72
1 29 72
2 29 72
3 29 72
4 29 72
5 29 72
6 29 72
7 29 72
8 29 72
9 29 72
10 29 72
11 29 72
12 29 72
13 29 72
14 29 72
15 29 72
16 29 72
17 29 72
0 24 73
1 24 73
2 24 73
3 24 73
4 24 73
5 24 73
6 24 73
7 24 73
8 24 73
9 24 73
10 24 73
11 24 73
12 24 73
13 24 73
14 24 73
15 24 73
16 24 73
17 24 73
0 25 74
1 25 74
2 25 74
3 25 74
4 25 74
5 25 74
6 25 74
7 25 74
8 25 74
9 25 74
10 25 74
11 25 74
12 25 74
13 25 74
14 25 74
15 25 74
16 25 74
17 25 74
0 26 75
1 26 75
2 26 75
3 26 75
4 26 75
5 26 75
6 26 75
7 26 75
8 26 75
9 26 75
10 26 75
11 26 75
12 26 75
13 26 75
14 26 75
15 26 75
16 26 75
17 26 75
0 27 76
1 27 76
2 27 76
3 27 76
4 27 76
5 27 76
6 27 76
7 27 76
8 27 76
9 27 76
10 27 76
11 27 76
12 27 76
13 27 76
14 27 76
15 27 76
16 27 76
17 27 76
0 28 77
1 28 77
2 28 77
3 28 77
4 28 77
5 28 77
6 28 77
7 28 77
8 28 77
9 28 77
10 28 77
11 28 77
12 28 77
13 28 77
14 28 77
15 28 77
16 28 77
17 28 77
0 29 78
1 29 78
2 29 78
3 29 78
4 29 78
5 29 78
6 29 78
7 29 78
8 29 78
9 29 78
10 29 78
11 29 78
12 29 78
13 29 78
14 29 78
15 29 78
16 29 78
17 29 78
0 24 79
1 24 79
2 24 79
3 24 79
4 24 79
5 24 79
6 24 79
7 24 79
8 24 79
9 24 79
10 24 79
11 24 79
12 24 79
13 24 79
14 24 79
15 24 79
16 24 79
17 24 79
0 25 80
1 25 80
2 25 80
3 25 80
4 25 80
5 25 80
6 25 80
7 25 80
8 25 80
9 25 80
10 25 80
11 25 80
12 25 80
13 25 80
14 25 80
15 25 80
16 25 80
17 25 80
0 26 81
1 26 81
2 26 81
3 26 81
4 26 81
5 26 81
6 26 81
7 26 81
8 26 81
9 26 81
10 26 81
11 26 81
12 26 81
13 26 81
14 26 81
15 26 81
16 26 81
17 26 81
0 27 82
1 27 82
2 27 82
3 27 82
4 27 82
5 27 82
6 27 82
7 27 82
8 27 82
9 27 82
10 27 82
11 27 82
12 27 82
13 27 82
14 27 82
15 27 82
16 27 82
17 27 82
0 28 83
1 28 83
2 28 83
3 28 83
4 28 83
5 28 83
6 28 83
7 28 83
8 28 83
9 28 83
10 28 83
11 28 83
12 28 83
13 28 83
14 28 83
15 28 83
16 28 83
17 28 83
0 29 84
1 29 84
2 29 84
3 29 84
4 29 84
5 29 84
6 29 84
7 29 84
8 29 84
9 29 84
10 29 84
11 29 84
12 29 84
13 29 84
14 29 84
15 29 84
16 29 84
17 29 84
0 24 85
1 24 85
2 24 85
3 24 85
4 24 85
5 24 85
6 24 85
7 24 85
8 24 85
9 24 85
10 24 85
11 24 85
12 24 85
13 24 85
14 24 85
15 24 85
16 24 85
17 24 85
0 25 86
1 25 86
2 25 86
3 25 86
4 25 86
5 25 86
6 25 86
7 25 86
8 25 86
9 25 86
10 25 86
11 25 86
12 25 86
13 25 86
14 25 86
15 25 86
16 25 86
17 25 86
0 26 87
1 26 87
2 26 87
3 26 87
4 26 87
5 26 87
6 26 87
7 26 87
8 26 87
9 26 87
10 26 87
11 26 87
12 26 87
13 26 87
14 26 87
15 26 87
16 26 87
17 26 87
0 27 88
1 27 88
2 27 88
3 27 88
4 27 88
5 27 88
6 27 88
7 27 88
8 27 88
9 27 88
10 27 88
11 27 88
12 27 88
13 27 88
14 27 88
15 27 88
16 27 88
17 27 88
0 28 89
1 28 89
2 28 89
3 28 89
4 28 89
5 28 89
6 28 89
7 28 89
8 28 89
9 28 89
10 28 89
11 28 89
12 28 89
13 28 89
14 28 89
15 28 89
16 28 89
17 28 89
0 29 90
1 29 90
2 29 90
3 29 90
4 29 90
5 29 90
6 29 90
7 29 90
8 29 90
9 29 90
10 29 90
11 29 90
12 29 90
13 29 90
14 29 90
15 29 90
16 29 90
17 29 90
0 24 91
1 24 91
2 24 91
3 24 91
4 24 91
5 24 91
6 24 91
7 24 91
8 24 91
9 24 91
10 24 91
11 24 91
12 24 91
13 24 91
14 24 91
15 24 91
16 24 91
17 24 91
0 25 92
1 25 92
2 25 92
3 25 92
4 25 92
5 25 92
6 25 92
7 25 92
8 25 92
9 25 92
10 25 92
11 25 92
12 25 92
13 25 92
14 25 92
15 25 92
16 25 92
17 25 92
0 26 93
1 26 93
2 26 93
3 26 93
4 26 93
5 26 93
6 26 93
7 26 93
8 26 93
9 26 93
10 26 93
11 26 93
12 26 93
13 26 93
14 26 93
15 26 93
16 26 93
17 26 93
0 27 94
1 27 94
2 27 94
3 27 94
4 27 94
5 27 94
6 27 94
7 27 94
8 27 94
9 27 94
10 27 94
11 27 94
12 27 94
13 27 94
14 27 94
15 27 94
16 27 94
17 27 94
0 28 95
1 28 95
2 28 95
3 28 95
4 28 95
5 28 95
6 28 95
7 28 95
8 28 95
9 28 95
10 28 95
11 28 95
12 28 95
13 28 95
14 28 95
15 28 95
16 28 95
17 28 95
0 29 96
1 29 96
2 29 96
3 29 96
4 29 96
5 29 96
6 29 96
7 29 96
8 29 96
9 29 96
10 29 96
11 29 96
12 29 96
13 29 96
14 29 96
15 29 96
16 29 96
17 29 96
0 24 97
1 24 97
2 24 97
3 24 97
4 24 97
5 24 97
6 24 97
7 24 97
8 24 97
9 24 97
10 24 97
11 24 97
12 24 97
13 24 97
14 24 97
15 24 97
16 24 97
17 24 97
0 25 98
1 25 98
2 25 98
3 25 98
4 25 98
5 25 98
6 25 98
7 25 98
8 25 98
9 25 98
10 25 98
11 25 98
12 25 98
13 25 98
14 25 98
15 25 98
16 25 98
17 25 98
0 26 99
1 26 99
2 26 99
3 26 99
4 26 99
5 26 99
6 26 99
7 26 99
8 26 99
9 26 99
10 26 99
11 26 99
12 26 99
13 26 99
14 26 99
15 26 99
16 26 99
17 26 99
0 27 100
1 27 100
2 27 100
3 27 100
4 27 100
5 27 100
6 27 100
7 27 100
8 27 100
9 27 100
10 27 100
11 27 100
12 27 100
13 27 100
14 27 100
15 27 100
16 27 100
17 27 100
0 28 101
1 28 101
2 28 101
3 28 101
4 28 101
5 28 101
6 28 101
7 28 101
8 28 101
9 28 101
10 28 101
11 28 101
12 28 101
13 28 101
14 28 101
15 28 101
16 28 101
17 28 101
0 29 102
1 29 102
2 29 102
3 29 102
4 29 102
5 29 102
6 29 102
7 29 102
8 29 102
9 29 102
10 29 102
11 29 102
12 29 102
13 29 102
14 29 102
15 29 102
16 29 102
17 29 102
0 24 103
1 24 103
2 24 103
3 24 103
4 24 103
5 24 103
6 24 103
7 24 103
8 24 103
9 24 103
10 24 103
11 24 103
12 24 103
13 24 103
14 24 103
15 24 103
16 24 103
17 24 103
0 25 104
1 25 104
2 25 104
3 25 104
4 25 104
5 25 104
6 25 104
7 25 104
8 25 104
9 25 104
10 25 104
11 25 104
12 25 104
13 25 104
14 25 104
15 25 104
16 25 104
17 25 104
0 26 105
1 26 105
2 26 105
3 26 105
4 26 105
5 26 105
6 26 105
7 26 105
8 26 105
9 26 105
10 26 105
11 26 105
12 26 105
13 26 105
14 26 105
15 26 105
16 26 105
17 26 105
0 27 106
1 27 106
2 27 106
3 27 106
4 27 106
5 27 106
6 27 106
7 27 106
8 27 106
9 27 106
10 27 106
11 27 106
12 27 106
13 27 106
14 27 106
15 27 106
16 27 106
17 27 106
0 28 107
1 28 107
2 28 107
3 28 107
4 28 107
5 28 107
6 28 107
7 28 107
8 28 107
9 28 107
10 28 107
11 28 107
12 28 107
13 28 107
14 28 107
15 28 107
16 28 107
17 28 107
0 29 108
1 29 108
2 29 108
3 29 108
4 29 108
5 29 108
6 29 108
7 29 108
8 29 108
9 29 108
10 29 108
11 29 108
12 29 108
13 29 108
14 29 108
15 29 108
16 29 108
17 29 108
0 24 109
1 24 109
2 24 109
3 24 109
4 24 109
5 24 109
6 24 109
7 24 109
8 24 109
9 24 109
10 24 109
11 24 109
12 24 109
13 24 109
14 24 109
15 24 109
16 24 109
17 24 109
0 25 110
1 25 110
2 25 110
3 25 110
4 25 110
5 25 110
6 25 110
7 25 110
8 25 110
9 25 110
10 25 110
11 25 110
12 25 110
13 25 110
14 25 110
15 25 110
16 25 110
17 25 110
0 26 111
1 26 111
2 26 111
3 26 111
4 26 111
5 26 111
6 26 111
7 26 111
8 26 111
9 26 111
10 26 111
11 26 111
12 26 111
13 26 111
14 26 111
15 26 111
16 26 111
17 26 111
0 27 112
1 27 112
2 27 112
3 27 112
4 27 112
5 27 112
6 27 112
7 27 112
8 27 112
9 27 112
10 27 112
11 27 112
12 27 112
13 27 112
14 27 112
15 27 112
16 27 112
17 27 112
0 28 113
1 28 113
2 28 113
3 28 113
4 28 113
5 28 113
6 28 113
7 28 113
8 28 113
9 28 113
10 28 113
11 28 113
12 28 113
13 28 113
14 28 113
15 28 113
16 28 113
17 28 113
0 29 114
1 29 114
2 29 114
3 29 114
4 29 114
5 29 114
6 29 114
7 29 114
8 29 114
9 29 114
10 29 114
11 29 114
12 29 114
13 29 114
14 29 114
15 29 114
16 29 114
17 29 114
0 24 115
1 24 115
2 24 115
3 24 115
4 24 115
5 24 115
6 24 115
7 24 115
8 24 115
9 24 115
10 24 115
11 24 115
12 24 115
13 24 115
14 24 115
15 24 115
16 24 115
17 24 115
0 25 116
1 25 116
2 25 116
3 25 116
4 25 116
5 25 116
6 25 116
7 25 116
8 25 116
9 25 116
10 25 116
11 25 116
12 25 116
13 25 116
14 25 116
15 25 116
16 25 116
17 25 116
0 26 117
1 26 117
2 26 117
3 26 117
4 26 117
5 26 117
6 26 117
7 26 117
8 26 117
9 26 117
10 26 117
11 26 117
12 26 117
13 26 117
14 26 117
15 26 117
16 26 117
17 26 117
0 27 118
1 27 118
2 27 118
3 27 118
4 27 118
5 27 118
6 27 118
7 27 118
8 27 118
9 27 118
10 27 118
11 27 118
12 27 118
13 27 118
14 27 118
15 27 118
16 27 118
17 27 118
0 28 119
1 28 119
2 28 119
3 28 119
4 28 119
5 28 119
6 28 119
7 28 119
8 28 119
9 28 119
10 28 119
11 28 119
12 28 119
13 28 119
14 28 119
15 28 119
16 28 119
17 28 119
0 29 120
1 29 120
2 29 120
3 29 120
4 29 120
5 29 120
6 29 120
7 29 120
8 29 120
9 29 120
10 29 120
11 29 120
12 29 120
13 29 120
14 29 120
15 29 120
16 29 120
17 29 120
0 24 121
1 24 121
2 24 121
3 24 121
4 24 121
5 24 121
6 24 121
7 24 121
8 24 121
9 24 121
10 24 121
11 24 121
12 24 121
13 24 121
14 24 121
15 24 121
16 24 121
17 24 121
0 25 122
1 25 122
2 25 122
3 25 122
4 25 122
5 25 122
6 25 122
7 25 122
8 25 122
9 25 122
10 25 122
11 25 122
12 25 122
13 25 122
14 25 122
15 25 122
16 25 122
17 25 122
0 26 123
1 26 123
2 26 123
3 26 123
4 26 123
5 26 123
6 26 123
7 26 123
8 26 123
9 26 123
10 26 123
11 26 123
12 26 123
13 26 123
14 26 123
15 26 123
16 26 123
17 26 123
0 27 124
1 27 124
2 27 124
3 27 124
4 27 124
5 27 124
6 27 124
7 27 124
8 27 124
9 27 124
10 27 124
11 27 124
12 27 124
13 27 124
14 27 124
15 27 124
16 27 124
17 27 124
0 28 125
1 28 125
2 28 125
3 28 125
4 28 125
5 28 125
6 28 125
7 28 125
8 28 125
9 28 125
10 28 125
11 28 125
12 28 125
13 28 125
14 28 125
15 28 125
16 28 125
17 28 125
0 29 126
1 29 126
2 29 126
3 29 126
4 29 126
5 29 126
6 29 126
7 29 126
8 29 126
9 29 126
10 29 126
11 29 126
12 29 126
13 29 126
14 29 126
15 29 126
16 29 126
17 29 126
0 24 127
1 24 127
2 24 127
3 24 127
4 24 127
5 24 127
6 24 127
7 24 127
8 24 127
9 24 127
10 24 127
11 24 127
12 24 127
13 24 127
14 24 127
15 24 127
16 24 127
17 24 127
0 25 128
1 25 128
2 25 128
3 25 128
4 25 128
5 25 128
6 25 128
7 25 128
8 25 128
9 25 128
10 25 128
11 25 128
12 25 128
13 25 128
14 25 128
15 25 128
16 25 128
17 25 128
0 26 129
1 26 129
2 26 129
3 26 129
4 26 129
5 26 129
6 26 129
7 26 129
8 26 129
9 26 129
10 26 129
11 26 129
12 26 129
13 26 129
14 26 129
15 26 129
16 26 129
17 26 129
0 27 130
1 27 130
2 27 130
3 27 130
4 27 130
5 27 130
6 27 130
7 27 130
8 27 130
9 27 130
10 27 130
11 27 130
12 27 130
13 27 130
14 27 130
15 27 130
16 27 130
17 27 130
0 28 131
1 28 131
2 28 131
3 28 131
4 28 131
5 28 131
6 28 131
7 28 131
8 28 131
9 28 131
10 28 131
11 28 131
12 28 131
13 28 131
14 28 131
15 28 131
16 28 131
17 28 131
0 29 132
1 29 132
2 29 132
3 29 132
4 29 132
5 29 132
6 29 132
7 29 132
8 29 132
9 29 132
10 29 132
11 29 132
12 29 132
13 29 132
14 29 132
15 29 132
16 29 132
17 29 132
0 24 133
1 24 133
2 24 133
3 24 133
4 24 133
5 24 133
6 24 133
7 24 133
8 24 133
9 24 133
10 24 133
11 24 133
12 24 133
13 24 133
14 24 133
15 24 133
16 24 133
17 24 133
0 25 134
1 25 134
2 25 134
3 25 134
4 25 134
5 25 134
6 25 134
7 25 134
8 25 134
9 25 134
10 25 134
11 25 134
12 25 134
13 25 134
14 25 134
15 25 134
16 25 134
17 25 134
0 26 135
1 26 135
2 26 135
3 26 135
4 26 135
5 26 135
6 26 135
7 26 135
8 26 135
9 26 135
10 26 135
11 26 135
12 26 135
13 26 135
14 26 135
15 26 135
16 26 135
17 26 135
0 27 136
1 27 136
2 27 136
3 27 136
4 27 136
5 27 136
6 27 136
7 27 136
8 27 136
9 27 136
10 27 136
11 27 136
12 27 136
13 27 136
14 27 136
15 27 136
16 27 136
17 27 136
0 28 137
1 28 137
2 28 137
3 28 137
4 28 137
5 28 137
6 28 137
7 28 137
8 28 137
9 28 137
10 28 137
11 28 137
12 28 137
13 28 137
14 28 137
15 28 137
16 28 137
17 28 137
0 29 138
1 29 138
2 29 138
3 29 138
4 29 138
5 29 138
6 29 138
7 29 138
8 29 138
9 29 138
10 29 138
11 29 138
12 29 138
13 29 138
14 29 138
15 29 138
16 29 138
17 29 138
0 24 139
1 24 139
2 24 139
3 24 139
4 24 139
5 24 139
6 24 139
7 24 139
8 24 139
9 24 139
10 24 139
11 24 139
12 24 139
13 24 139
14 24 139
15 24 139
16 24 139
17 24 139
0 25 140
1 25 140
2 25 140
3 25 140
4 25 140
5 25 140
6 25 140
7 25 140
8 25 140
9 25 140
10 25 140
11 25 140
12 25 140
13 25 140
14 25 140
15 25 140
16 25 140
17 25 140
0 26 141
1 26 141
2 26 141
3 26 141
4 26 141
5 26 141
6 26 141
7 26 141
8 26 141
9 26 141
10 26 141
11 26 141
12 26 141
13 26 141
14 26 141
15 26 141
16 26 141
17 26 141
0 27 142
1 27 142
2 27 142
3 27 142
4 27 142
5 27 142
6 27 142
7 27 142
8 27 142
9 27 142
10 27 142
11 27 142
12 27 142
13 27 142
14 27 142
15 27 142
16 27 142
17 27 142
0 28 143
1 28 143
2 28 143
3 28 143
4 28 143
5 28 143
6 28 143
7 28 143
8 28 143
9 28 143
10 28 143
11 28 143
12 28 143
13 28 143
14 28 143
15 28 143
16 28 143
17 28 143
0 29 144
1 29 144
2 29 144
3 29 144
4 29 144
5 29 144
6 29 144
7 29 144
8 29 144
9 29 144
10 29 144
11 29 144
12 29 144
13 29 144
14 29 144
15 29 144
16 29 144
17 29 144
0 24 145
1 24 145
2 24 145
3 24 145
4 24 145
5 24 145
6 24 145
7 24 145
8 24 145
9 24 145
10 24 145
11 24 145
12 24 145
13 24 145
14 24 145
15 24 145
16 24 145
17 24 145
0 25 146
1 25 146
2 25 146
3 25 146
4 25 146
5 25 146
6 25 146
7 25 146
8 25 146
9 25 146
10 25 146
11 25 146
12 25 146
13 25 146
14 25 146
15 25 146
16 25 146
17 25 146
0 26 147
1 26 147
2 26 147
3 26 147
4 26 147
5 26 147
6 26 147
7 26 147
8 26 147
9 26 147
10 26 147
11 26 147
12 26 147
13 26 147
14 26 147
15 26 147
16 26 147
17 26 147
0 27 148
1 27 148
2 27 148
3 27 148
4 27 148
5 27 148
6 27 148
7 27 148
8 27 148
9 27 148
10 27 148
11 27 148
12 27 148
13 27 148
14 27 148
15 27 148
16 27 148
17 27 148
0 28 149
1 28 149
2 28 149
3 28 149
4 28 149
5 28 149
6 28 149
7 28 149
8 28 149
9 28 149
10 28 149
11 28 149
12 28 149
13 28 149
14 28 149
15 28 149
16 28 149
17 28 149
0 29 150
1 29 150
2 29 150
3 29 150
4 29 150
5 29 150
6 29 150
7 29 150
8 29 150
9 29 150
10 29 150
11 29 150
12 29 150
13 29 150
14 29 150
15 29 150
16 29 150
17 29 150
0 24 151
1 24 151
2 24 151
3 24 151
4 24 151
5 24 151
6 24 151
7 24 151
8 24 151
9 24 151
10 24 151
11 24 151
12 24 151
13 24 151
14 24 151
15 24 151
16 24 151
17 24 151
0 25 152
1 25 152
2 25 152
3 25 152
4 25 152
5 25 152
6 25 152
7 25 152
8 25 152
9 25 152
10 25 152
11 25 152
12 25 152
13 25 152
14 25 152
15 25 152
16 25 152
17 25 152
0 26 153
1 26 153
2 26 153
3 26 153
4 26 153
5 26 153
6 26 153
7 26 153
8 26 153
9 26 153
10 26 153
11 26 153
12 26 153
13 26 153
14 26 153
15 26 153
16 26 153
17 26 153
0 27 154
1 27 154
2 27 154
3 27 154
4 27 154
5 27 154
6 27 154
7 27 154
8 27 154
9 27 154
10 27 154
11 27 154
12 27 154
13 27 154
14 27 154
15 27 154
16 27 154
17 27 154
0 28 155
1 28 155
2 28 155
3 28 155
4 28 155
5 28 155
6 28 155
7 28 155
8 28 155
9 28 155
10 28 155
11 28 155
12 28 155
13 28 155
14 28 155
15 28 155
16 28 155
17 28 155
0 29 156
1 29 156
2 29 156
3 29 156
4 29 156
5 29 156
6 29 156
7 29 156
8 29 156
9 29 156
10 29 156
11 29 156
12 29 156
13 29 156
14 29 156
15 29 156
16 29 156
17 29 156
0 24 157
1 24 157
2 24 157
3 24 157
4 24 157
5 24 157
6 24 157
7 24 157
8 24 157
9 24 157
10 24 157
11 24 157
12 24 157
13 24 157
14 24 157
15 24 157
16 24 157
17 24 157
0 25 158
1 25 158
2 25 158
3 25 158
4 25 158
5 25 158
6 25 158
7 25 158
8 25 158
9 25 158
10 25 158
11 25 158
12 25 158
13 25 158
14 25 158
15 25 158
16 25 158
17 25 158
0 26 159
1 26 159
2 26 159
3 26 159
4 26 159
5 26 159
6 26 159
7 26 159
8 26 159
9 26 159
10 26 159
11 26 159
12 26 159
13 26 159
14 26 159
15 26 159
16 26 159
17 26 159
0 27 160
1 27 160
2 27 160
3 27 160
4 27 160
5 27 160
6 27 160
7 27 160
8 27 160
9 27 160
10 27 160
11 27 160
12 27 160
13 27 160
14 27 160
15 27 160
16 27 160
17 27 160
0 28 161
1 28 161
2 28 161
3 28 161
4 28 161
5 28 161
6 28 161
7 28 161
8 28 161
9 28 161
10 28 161
11 28 161
12 28 161
13 28 161
14 28 161
15 28 161
16 28 161
17 28 161
0 29 162
1 29 162
2 29 162
3 29 162
4 29 162
5 29 162
6 29 162
7 29 162
8 29 162
9 29 162
10 29 162
11 29 162
12 29 162
13 29 162
14 29 162
15 29 162
16 29 162
17 29 162
0 24 163
1 24 163
2 24 163
3 24 163
4 24 163
5 24 163
6 24 163
7 24 163
8 24 163
9 24 163
10 24 163
11 24 163
12 24 163
13 24 163
14 24 163
15 24 163
16 24 163
17 24 163
0 25 164
1 25 164
2 25 164
3 25 164
4 25 164
5 25 164
6 25 164
7 25 164
8 25 164
9 25 164
10 25 164
11 25 164
12 25 164
13 25 164
14 25 164
15 25 164
16 25 164
17 25 164
0 26 165
1 26 165
2 26 165
3 26 165
4 26 165
5 26 165
6 26 165
7 26 165
8 26 165
9 26 165
10 26 165
11 26 165
12 26 165
13 26 165
14 26 165
15 26 165
16 26 165
17 26 165
0 27 166
1 27 166
2 27 166
3 27 166
4 27 166
5 27 166
6 27 166
7 27 166
8 27 166
9 27 166
10 27 166
11 27 166
12 27 166
13 27 166
14 27 166
15 27 166
16 27 166
17 27 166
0 28 167
1 28 167
2 28 167
3 28 167
4 28 167
5 28 167
6 28 167
7 28 167
8 28 167
9 28 167
10 28 167
11 28 167
12 28 167
13 28 167
14 28 167
15 28 167
16 28 167
17 28 167
0 29 168
1 29 168
2 29 168
3 29 168
4 29 168
5 29 168
6 29 168
7 29 168
8 29 168
9 29 168
10 29 168
11 29 168
12 29 168
13 29 168
14 29 168
15 29 168
16 29 168
17 29 168
0 24 169
1 24 169
2 24 169
3 24 169
4 24 169
5 24 169
6 24 169
7 24 169
8 24 169
9 24 169
10 24 169
11 24 169
12 24 169
13 24 169
14 24 169
15 24 169
16 24 169
17 24 169
0 25 170
1 25 170
2 25 170
3 25 170
4 25 170
5 25 170
6 25 170
7 25 170
8 25 170
9 25 170
10 25 170
11 25 170
12 25 170
13 25 170
14 25 170
15 25 170
16 25 170
17 25 170
0 26 171
1 26 171
2 26 171
3 26 171
4 26 171
5 26 171
6 26 171
7 26 171
8 26 171
9 26 171
10 26 171
11 26 171
12 26 171
13 26 171
14 26 171
15 26 171
16 26 171
17 26 171
0 27 172
1 27 172
2 27 172
3 27 172
4 27 172
5 27 172
6 27 172
7 27 172
8 27 172
9 27 172
10 27 172
11 27 172
12 27 172
13 27 172
14 27 172
15 27 172
16 27 172
17 27 172
0 28 173
1 28 173
2 28 173
3 28 173
4 28 173
5 28 173
6 28 173
7 28 173
8 28 173
9 28 173
10 28 173
11 28 173
12 28 173
13 28 173
14 28 173
15 28 173
16 28 173
17 28 173
0 29 174
1 29 174
2 29 174
3 29 174
4 29 174
5 29 174
6 29 174
7 29 174
8 29 174
9 29 174
10 29 174
11 29 174
12 29 174
13 29 174
14 29 174
15 29 174
16 29 174
17 29 174
0 24 175
1 24 175
2 24 175
3 24 175
4 24 175
5 24 175
6 24 175
7 24 175
8 24 175
9 24 175
10 24 175
11 24 175
12 24 175
13 24 175
14 24 175
15 24 175
16 24 175
17 24 175
0 25 176
1 25 176
2 25 176
3 25 176
4 25 176
5 25 176
6 25 176
7 25 176
8 25 176
9 25 176
10 25 176
11 25 176
12 25 176
13 25 176
14 25 176
15 25 176
16 25 176
17 25 176
0 26 177
1 26 177
2 26 177
3 26 177
4 26 177
5 26 177
6 26 177
7 26 177
8 26 177
9 26 177
10 26 177
11 26 177
12 26 177
13 26 177
14 26 177
15 26 177
16 26 177
17 26 177
0 27 178
1 27 178
2 27 178
3 27 178
4 27 178
5 27 178
6 27 178
7 27 178
8 27 178
9 27 178
10 27 178
11 27 178
12 27 178
13 27 178
14 27 178
15 27 178
16 27 178
17 27 178
0 28 179
1 28 179
2 28 179
3 28 179
4 28 179
5 28 179
6 28 179
7 28 179
8 28 179
9 28 179
10 28 179
11 28 179
12 28 179
13 28 179
14 28 179
15 28 179
16 28 179
17 28 179
0 29 180
1 29 180
2 29 180
3 29 180
4 29 180
5 29 180
6 29 180
7 29 180
8 29 180
9 29 180
10 29 180
11 29 180
12 29 180
13 29 180
14 29 180
15 29 180
16 29 180
17 29 180
0 24 181
1 24 181
2 24 181
3 24 181
4 24 181
5 24 181
6 24 181
7 24 181
8 24 181
9 24 181
10 24 181
11 24 181
12 24 181
13 24 181
14 24 181
15 24 181
16 24 181
17 24 181
0 25 182
1 25 182
2 25 182
3 25 182
4 25 182
5 25 182
6 25 182
7 25 182
8 25 182
9 25 182
10 25 182
11 25 182
12 25 182
13 25 182
14 25 182
15 25 182
16 25 182
17 25 182
0 26 183
1 26 183
2 26 183
3 26 183
4 26 183
5 26 183
6 26 183
7 26 183
8 26 183
9 26 183
10 26 183
11 26 183
12 26 183
13 26 183
14 26 183
15 26 183
16 26 183
17 26 183
0 27 184
1 27 184
2 27 184
3 27 184
4 27 184
5 27 184
6 27 184
7 27 184
8 27 184
9 27 184
10 27 184
11 27 184
12 27 184
13 27 184
14 27 184
15 27 184
16 27 184
17 27 184
0 28 185
1 28 185
2 28 185
3 28 185
4 28 185
5 28 185
6 28 185
7 28 185
8 28 185
9 28 185
10 28 185
11 28 185
12 28 185
13 28 185
14 28 185
15 28 185
16 28 185
17 28 185
0 29 186
1 29 186
2 29 186
3 29 186
4 29 186
5 29 186
6 29 186
7 29 186
8 29 186
9 29 186
10 29 186
11 29 186
12 29 186
13 29 186
14 29 186
15 29 186
16 29 186
17 29 186
