77 80 1
78 80 1
79 80 1
77 81 2
78 81 2
79 81 2
77 82 3
78 82 3
79 82 3
77 83 4
78 83 4
79 83 4
77 84 5
78 84 5
79 84 5
77 85 6
78 85 6
79 85 6
77 86 7
78 86 7
79 86 7
77 87 8
78 87 8
79 87 8
77 88 9
78 88 9
79 88 9
77 89 10
78 89 10
79 89 10
77 90 11
78 90 11
79 90 11
77 91 12
78 91 12
79 91 12
77 80 13
78 80 13
79 80 13
77 81 14
78 81 14
79 81 14
77 82 15
78 82 15
79 82 15
77 83 16
78 83 16
79 83 16
77 84 17
78 84 17
79 84 17
77 85 18
78 85 18
79 85 18
77 86 19
78 86 19
79 86 19
77 87 20
78 87 20
79 87 20
77 88 21
78 88 21
79 88 21
77 89 22
78 89 22
79 89 22
77 90 23
78 90 23
79 90 23
77 91 24
78 91 24
79 91 24
77 80 25
78 80 25
79 80 25
77 81 26
78 81 26
79 81 26
77 82 27
78 82 27
79 82 27
77 83 28
78 83 28
79 83 28
77 84 29
78 84 29
79 84 29
77 85 30
78 85 30
79 85 30
77 86 31
78 86 31
79 86 31
77 87 32
78 87 32
79 87 32
77 88 33
78 88 33
79 88 33
77 89 34
78 89 34
79 89 34
77 90 35
78 90 35
79 90 35
77 91 36
78 91 36
79 91 36
