39 42 1
40 42 1
41 42 1
39 43 2
40 43 2
41 43 2
39 44 3
40 44 3
41 44 3
39 45 4
40 45 4
41 45 4
39 46 5
40 46 5
41 46 5
39 47 6
40 47 6
41 47 6
39 48 7
40 48 7
41 48 7
39 49 8
40 49 8
41 49 8
39 50 9
40 50 9
41 50 9
39 51 10
40 51 10
41 51 10
39 52 11
40 52 11
41 52 11
39 53 12
40 53 12
41 53 12
39 42 13
40 42 13
41 42 13
39 43 14
40 43 14
41 43 14
39 44 15
40 44 15
41 44 15
39 45 16
40 45 16
41 45 16
39 46 17
40 46 17
41 46 17
39 47 18
40 47 18
41 47 18
39 48 19
40 48 19
41 48 19
39 49 20
40 49 20
41 49 20
39 50 21
40 50 21
41 50 21
39 51 22
40 51 22
41 51 22
39 52 23
40 52 23
41 52 23
39 53 24
40 53 24
41 53 24
39 42 25
40 42 25
41 42 25
39 43 26
40 43 26
41 43 26
39 44 27
40 44 27
41 44 27
39 45 28
40 45 28
41 45 28
39 46 29
40 46 29
41 46 29
39 47 30
40 47 30
41 47 30
39 48 31
40 48 31
41 48 31
39 49 32
40 49 32
41 49 32
39 50 33
40 50 33
41 50 33
39 51 34
40 51 34
41 51 34
39 52 35
40 52 35
41 52 35
39 53 36
40 53 36
41 53 36
