2 21 1
2 21 2
2 21 3
2 21 4
2 21 5
2 21 6
2 21 7
2 21 8
2 21 9
2 21 10
2 21 11
2 21 12
2 21 13
2 21 14
2 21 15
2 21 16
2 21 17
2 21 18
2 21 19
2 21 20
2 21 21
2 21 22
2 21 23
2 21 24
2 21 25
2 21 26
2 21 27
2 21 28
2 21 29
2 21 30
2 21 31
2 21 32
2 21 33
2 21 34
2 21 35
2 21 36
2 21 37
2 21 38
2 21 39
2 21 40
2 21 41
2 21 42
2 21 43
2 21 44
2 21 45
2 21 46
2 21 47
2 21 48
2 21 49
2 21 50
2 21 51
2 21 52
2 21 53
2 21 54
2 21 55
2 21 56
2 21 57
2 21 58
2 21 59
2 21 60
2 21 61
2 21 62
2 21 63
2 21 64
2 21 65
2 21 66
2 21 67
2 21 68
2 21 69
2 21 70
2 21 71
2 21 72
2 21 73
2 21 74
2 21 75
2 21 76
2 21 77
2 21 78
2 21 79
2 21 80
2 21 81
2 21 82
2 21 83
2 21 84
2 21 85
2 21 86
2 21 87
2 21 88
2 21 89
2 21 90
2 21 91
2 21 92
2 21 93
2 21 94
2 21 95
2 21 96
2 21 97
2 21 98
2 21 99
2 21 100
2 21 101
2 21 102
2 21 103
2 21 104
2 21 105
2 21 106
2 21 107
2 21 108
2 21 109
2 21 110
2 21 111
2 21 112
2 21 113
2 21 114
2 21 115
2 21 116
2 21 117
2 21 118
2 21 119
2 21 120
2 21 121
2 21 122
2 21 123
2 21 124
2 21 125
2 21 126
2 21 127
2 21 128
2 21 129
2 21 130
2 21 131
2 21 132
2 21 133
2 21 134
2 21 135
2 21 136
2 21 137
2 21 138
2 21 139
2 21 140
2 21 141
2 21 142
2 21 143
2 21 144
2 21 145
2 21 146
2 21 147
2 21 148
2 21 149
2 21 150
2 21 151
2 21 152
2 21 153
2 21 154
2 21 155
2 21 156
2 21 157
2 21 158
2 21 159
2 21 160
2 21 161
2 21 162
2 21 163
2 21 164
2 21 165
2 21 166
2 21 167
2 21 168
2 21 169
2 21 170
2 21 171
2 21 172
2 21 173
2 21 174
2 21 175
2 21 176
2 21 177
2 21 178
2 21 179
2 21 180
2 21 181
2 21 182
2 21 183
2 21 184
2 21 185
2 21 186
2 21 187
2 21 188
2 21 189
2 21 190
2 21 191
2 21 192
2 21 193
2 21 194
2 21 195
2 21 196
2 21 197
2 21 198
2 21 199
2 21 200
2 21 201
2 21 202
2 21 203
2 21 204
2 21 205
2 21 206
2 21 207
2 21 208
2 21 209
2 21 210
2 21 211
2 21 212
2 21 213
2 21 214
2 21 215
2 21 216
2 21 217
2 21 218
2 21 219
2 21 220
2 21 221
2 21 222
2 21 223
2 21 224
2 21 225
2 21 226
2 21 227
2 21 228
2 21 229
2 21 230
2 21 231
2 21 232
2 21 233
2 21 234
2 21 235
2 21 236
2 21 237
2 21 238
2 21 239
2 21 240
2 21 241
2 21 242
2 21 243
2 21 244
2 21 245
