6 21 1
6 21 2
6 21 3
6 21 4
6 21 5
6 21 6
6 21 7
6 21 8
6 21 9
6 21 10
6 21 11
6 21 12
6 21 13
6 21 14
6 21 15
6 21 16
6 21 17
6 21 18
6 21 19
6 21 20
6 21 21
6 21 22
6 21 23
6 21 24
6 21 25
6 21 26
6 21 27
6 21 28
6 21 29
6 21 30
6 21 31
6 21 32
6 21 33
6 21 34
6 21 35
6 21 36
6 21 37
6 21 38
6 21 39
6 21 40
6 21 41
6 21 42
6 21 43
6 21 44
6 21 45
6 21 46
6 21 47
6 21 48
6 21 49
6 21 50
6 21 51
6 21 52
6 21 53
6 21 54
6 21 55
6 21 56
6 21 57
6 21 58
6 21 59
6 21 60
6 21 61
6 21 62
6 21 63
6 21 64
6 21 65
6 21 66
6 21 67
6 21 68
6 21 69
6 21 70
6 21 71
6 21 72
6 21 73
6 21 74
6 21 75
6 21 76
6 21 77
6 21 78
6 21 79
6 21 80
6 21 81
6 21 82
6 21 83
6 21 84
6 21 85
6 21 86
6 21 87
6 21 88
6 21 89
6 21 90
6 21 91
6 21 92
6 21 93
6 21 94
6 21 95
6 21 96
6 21 97
6 21 98
6 21 99
6 21 100
6 21 101
6 21 102
6 21 103
6 21 104
6 21 105
6 21 106
6 21 107
6 21 108
6 21 109
6 21 110
6 21 111
6 21 112
6 21 113
6 21 114
6 21 115
6 21 116
6 21 117
6 21 118
6 21 119
6 21 120
6 21 121
6 21 122
6 21 123
6 21 124
6 21 125
6 21 126
6 21 127
6 21 128
6 21 129
6 21 130
6 21 131
6 21 132
6 21 133
6 21 134
6 21 135
6 21 136
6 21 137
6 21 138
6 21 139
6 21 140
6 21 141
6 21 142
6 21 143
6 21 144
6 21 145
6 21 146
6 21 147
6 21 148
6 21 149
6 21 150
6 21 151
6 21 152
6 21 153
6 21 154
6 21 155
6 21 156
6 21 157
6 21 158
6 21 159
6 21 160
6 21 161
6 21 162
6 21 163
6 21 164
6 21 165
6 21 166
6 21 167
6 21 168
6 21 169
6 21 170
6 21 171
6 21 172
6 21 173
6 21 174
6 21 175
6 21 176
6 21 177
6 21 178
6 21 179
6 21 180
6 21 181
6 21 182
6 21 183
6 21 184
6 21 185
6 21 186
6 21 187
6 21 188
6 21 189
6 21 190
6 21 191
6 21 192
6 21 193
6 21 194
6 21 195
6 21 196
6 21 197
6 21 198
6 21 199
6 21 200
6 21 201
6 21 202
6 21 203
6 21 204
6 21 205
6 21 206
6 21 207
6 21 208
6 21 209
6 21 210
6 21 211
6 21 212
6 21 213
6 21 214
6 21 215
6 21 216
6 21 217
6 21 218
6 21 219
6 21 220
6 21 221
6 21 222
6 21 223
6 21 224
6 21 225
6 21 226
6 21 227
6 21 228
6 21 229
6 21 230
6 21 231
6 21 232
6 21 233
6 21 234
6 21 235
6 21 236
6 21 237
6 21 238
6 21 239
6 21 240
6 21 241
6 21 242
6 21 243
6 21 244
6 21 245
