22 21 1
22 21 2
22 21 3
22 21 4
22 21 5
22 21 6
22 21 7
22 21 8
22 21 9
22 21 10
22 21 11
22 21 12
22 21 13
22 21 14
22 21 15
22 21 16
22 21 17
22 21 18
22 21 19
22 21 20
22 21 21
22 21 22
22 21 23
22 21 24
22 21 25
22 21 26
22 21 27
22 21 28
22 21 29
22 21 30
22 21 31
22 21 32
22 21 33
22 21 34
22 21 35
22 21 36
22 21 37
22 21 38
22 21 39
22 21 40
22 21 41
22 21 42
22 21 43
22 21 44
22 21 45
22 21 46
22 21 47
22 21 48
22 21 49
22 21 50
22 21 51
22 21 52
22 21 53
22 21 54
22 21 55
22 21 56
22 21 57
22 21 58
22 21 59
22 21 60
22 21 61
