3 21 1
3 21 2
3 21 3
3 21 4
3 21 5
3 21 6
3 21 7
3 21 8
3 21 9
3 21 10
3 21 11
3 21 12
3 21 13
3 21 14
3 21 15
3 21 16
3 21 17
3 21 18
3 21 19
3 21 20
3 21 21
3 21 22
3 21 23
3 21 24
3 21 25
3 21 26
3 21 27
3 21 28
3 21 29
3 21 30
3 21 31
3 21 32
3 21 33
3 21 34
3 21 35
3 21 36
3 21 37
3 21 38
3 21 39
3 21 40
3 21 41
3 21 42
3 21 43
3 21 44
3 21 45
3 21 46
3 21 47
3 21 48
3 21 49
3 21 50
3 21 51
3 21 52
3 21 53
3 21 54
3 21 55
3 21 56
3 21 57
3 21 58
3 21 59
3 21 60
3 21 61
3 21 62
3 21 63
3 21 64
3 21 65
3 21 66
3 21 67
3 21 68
3 21 69
3 21 70
3 21 71
3 21 72
3 21 73
3 21 74
3 21 75
3 21 76
3 21 77
3 21 78
3 21 79
3 21 80
3 21 81
3 21 82
3 21 83
3 21 84
3 21 85
3 21 86
3 21 87
3 21 88
3 21 89
3 21 90
3 21 91
3 21 92
3 21 93
3 21 94
3 21 95
3 21 96
3 21 97
3 21 98
3 21 99
3 21 100
3 21 101
3 21 102
3 21 103
3 21 104
3 21 105
3 21 106
3 21 107
3 21 108
3 21 109
3 21 110
3 21 111
3 21 112
3 21 113
3 21 114
3 21 115
3 21 116
3 21 117
3 21 118
3 21 119
3 21 120
3 21 121
3 21 122
3 21 123
3 21 124
3 21 125
3 21 126
3 21 127
3 21 128
3 21 129
3 21 130
3 21 131
3 21 132
3 21 133
3 21 134
3 21 135
3 21 136
3 21 137
3 21 138
3 21 139
3 21 140
3 21 141
3 21 142
3 21 143
3 21 144
3 21 145
3 21 146
3 21 147
3 21 148
3 21 149
3 21 150
3 21 151
3 21 152
3 21 153
3 21 154
3 21 155
3 21 156
3 21 157
3 21 158
3 21 159
3 21 160
3 21 161
3 21 162
3 21 163
3 21 164
3 21 165
3 21 166
3 21 167
3 21 168
3 21 169
3 21 170
3 21 171
3 21 172
3 21 173
3 21 174
3 21 175
3 21 176
3 21 177
3 21 178
3 21 179
3 21 180
3 21 181
3 21 182
3 21 183
3 21 184
3 21 185
3 21 186
3 21 187
3 21 188
3 21 189
3 21 190
3 21 191
3 21 192
3 21 193
3 21 194
3 21 195
3 21 196
3 21 197
3 21 198
3 21 199
3 21 200
3 21 201
3 21 202
3 21 203
3 21 204
3 21 205
3 21 206
3 21 207
3 21 208
3 21 209
3 21 210
3 21 211
3 21 212
3 21 213
3 21 214
3 21 215
3 21 216
3 21 217
3 21 218
3 21 219
3 21 220
3 21 221
3 21 222
3 21 223
3 21 224
3 21 225
3 21 226
3 21 227
3 21 228
3 21 229
3 21 230
3 21 231
3 21 232
3 21 233
3 21 234
3 21 235
3 21 236
3 21 237
3 21 238
3 21 239
3 21 240
3 21 241
3 21 242
3 21 243
3 21 244
3 21 245
