0 12 1
1 12 1
2 12 1
3 12 1
4 12 1
5 12 1
6 12 1
7 12 1
8 12 1
9 12 1
10 12 1
11 12 1
0 13 2
1 13 2
2 13 2
3 13 2
4 13 2
5 13 2
6 13 2
7 13 2
8 13 2
9 13 2
10 13 2
11 13 2
0 14 3
1 14 3
2 14 3
3 14 3
4 14 3
5 14 3
6 14 3
7 14 3
8 14 3
9 14 3
10 14 3
11 14 3
0 15 4
1 15 4
2 15 4
3 15 4
4 15 4
5 15 4
6 15 4
7 15 4
8 15 4
9 15 4
10 15 4
11 15 4
0 16 5
1 16 5
2 16 5
3 16 5
4 16 5
5 16 5
6 16 5
7 16 5
8 16 5
9 16 5
10 16 5
11 16 5
0 17 6
1 17 6
2 17 6
3 17 6
4 17 6
5 17 6
6 17 6
7 17 6
8 17 6
9 17 6
10 17 6
11 17 6
0 12 7
1 12 7
2 12 7
3 12 7
4 12 7
5 12 7
6 12 7
7 12 7
8 12 7
9 12 7
10 12 7
11 12 7
0 13 8
1 13 8
2 13 8
3 13 8
4 13 8
5 13 8
6 13 8
7 13 8
8 13 8
9 13 8
10 13 8
11 13 8
0 14 9
1 14 9
2 14 9
3 14 9
4 14 9
5 14 9
6 14 9
7 14 9
8 14 9
9 14 9
10 14 9
11 14 9
0 15 10
1 15 10
2 15 10
3 15 10
4 15 10
5 15 10
6 15 10
7 15 10
8 15 10
9 15 10
10 15 10
11 15 10
0 16 11
1 16 11
2 16 11
3 16 11
4 16 11
5 16 11
6 16 11
7 16 11
8 16 11
9 16 11
10 16 11
11 16 11
0 17 12
1 17 12
2 17 12
3 17 12
4 17 12
5 17 12
6 17 12
7 17 12
8 17 12
9 17 12
10 17 12
11 17 12
0 12 13
1 12 13
2 12 13
3 12 13
4 12 13
5 12 13
6 12 13
7 12 13
8 12 13
9 12 13
10 12 13
11 12 13
0 13 14
1 13 14
2 13 14
3 13 14
4 13 14
5 13 14
6 13 14
7 13 14
8 13 14
9 13 14
10 13 14
11 13 14
0 14 15
1 14 15
2 14 15
3 14 15
4 14 15
5 14 15
6 14 15
7 14 15
8 14 15
9 14 15
10 14 15
11 14 15
0 15 16
1 15 16
2 15 16
3 15 16
4 15 16
5 15 16
6 15 16
7 15 16
8 15 16
9 15 16
10 15 16
11 15 16
0 16 17
1 16 17
2 16 17
3 16 17
4 16 17
5 16 17
6 16 17
7 16 17
8 16 17
9 16 17
10 16 17
11 16 17
0 17 18
1 17 18
2 17 18
3 17 18
4 17 18
5 17 18
6 17 18
7 17 18
8 17 18
9 17 18
10 17 18
11 17 18
0 12 19
1 12 19
2 12 19
3 12 19
4 12 19
5 12 19
6 12 19
7 12 19
8 12 19
9 12 19
10 12 19
11 12 19
0 13 20
1 13 20
2 13 20
3 13 20
4 13 20
5 13 20
6 13 20
7 13 20
8 13 20
9 13 20
10 13 20
11 13 20
0 14 21
1 14 21
2 14 21
3 14 21
4 14 21
5 14 21
6 14 21
7 14 21
8 14 21
9 14 21
10 14 21
11 14 21
0 15 22
1 15 22
2 15 22
3 15 22
4 15 22
5 15 22
6 15 22
7 15 22
8 15 22
9 15 22
10 15 22
11 15 22
0 16 23
1 16 23
2 16 23
3 16 23
4 16 23
5 16 23
6 16 23
7 16 23
8 16 23
9 16 23
10 16 23
11 16 23
0 17 24
1 17 24
2 17 24
3 17 24
4 17 24
5 17 24
6 17 24
7 17 24
8 17 24
9 17 24
10 17 24
11 17 24
0 12 25
1 12 25
2 12 25
3 12 25
4 12 25
5 12 25
6 12 25
7 12 25
8 12 25
9 12 25
10 12 25
11 12 25
0 13 26
1 13 26
2 13 26
3 13 26
4 13 26
5 13 26
6 13 26
7 13 26
8 13 26
9 13 26
10 13 26
11 13 26
0 14 27
1 14 27
2 14 27
3 14 27
4 14 27
5 14 27
6 14 27
7 14 27
8 14 27
9 14 27
10 14 27
11 14 27
0 15 28
1 15 28
2 15 28
3 15 28
4 15 28
5 15 28
6 15 28
7 15 28
8 15 28
9 15 28
10 15 28
11 15 28
0 16 29
1 16 29
2 16 29
3 16 29
4 16 29
5 16 29
6 16 29
7 16 29
8 16 29
9 16 29
10 16 29
11 16 29
0 17 30
1 17 30
2 17 30
3 17 30
4 17 30
5 17 30
6 17 30
7 17 30
8 17 30
9 17 30
10 17 30
11 17 30
0 12 31
1 12 31
2 12 31
3 12 31
4 12 31
5 12 31
6 12 31
7 12 31
8 12 31
9 12 31
10 12 31
11 12 31
0 13 32
1 13 32
2 13 32
3 13 32
4 13 32
5 13 32
6 13 32
7 13 32
8 13 32
9 13 32
10 13 32
11 13 32
0 14 33
1 14 33
2 14 33
3 14 33
4 14 33
5 14 33
6 14 33
7 14 33
8 14 33
9 14 33
10 14 33
11 14 33
0 15 34
1 15 34
2 15 34
3 15 34
4 15 34
5 15 34
6 15 34
7 15 34
8 15 34
9 15 34
10 15 34
11 15 34
0 16 35
1 16 35
2 16 35
3 16 35
4 16 35
5 16 35
6 16 35
7 16 35
8 16 35
9 16 35
10 16 35
11 16 35
0 17 36
1 17 36
2 17 36
3 17 36
4 17 36
5 17 36
6 17 36
7 17 36
8 17 36
9 17 36
10 17 36
11 17 36
0 12 37
1 12 37
2 12 37
3 12 37
4 12 37
5 12 37
6 12 37
7 12 37
8 12 37
9 12 37
10 12 37
11 12 37
0 13 38
1 13 38
2 13 38
3 13 38
4 13 38
5 13 38
6 13 38
7 13 38
8 13 38
9 13 38
10 13 38
11 13 38
0 14 39
1 14 39
2 14 39
3 14 39
4 14 39
5 14 39
6 14 39
7 14 39
8 14 39
9 14 39
10 14 39
11 14 39
0 15 40
1 15 40
2 15 40
3 15 40
4 15 40
5 15 40
6 15 40
7 15 40
8 15 40
9 15 40
10 15 40
11 15 40
0 16 41
1 16 41
2 16 41
3 16 41
4 16 41
5 16 41
6 16 41
7 16 41
8 16 41
9 16 41
10 16 41
11 16 41
0 17 42
1 17 42
2 17 42
3 17 42
4 17 42
5 17 42
6 17 42
7 17 42
8 17 42
9 17 42
10 17 42
11 17 42
0 12 43
1 12 43
2 12 43
3 12 43
4 12 43
5 12 43
6 12 43
7 12 43
8 12 43
9 12 43
10 12 43
11 12 43
0 13 44
1 13 44
2 13 44
3 13 44
4 13 44
5 13 44
6 13 44
7 13 44
8 13 44
9 13 44
10 13 44
11 13 44
0 14 45
1 14 45
2 14 45
3 14 45
4 14 45
5 14 45
6 14 45
7 14 45
8 14 45
9 14 45
10 14 45
11 14 45
0 15 46
1 15 46
2 15 46
3 15 46
4 15 46
5 15 46
6 15 46
7 15 46
8 15 46
9 15 46
10 15 46
11 15 46
0 16 47
1 16 47
2 16 47
3 16 47
4 16 47
5 16 47
6 16 47
7 16 47
8 16 47
9 16 47
10 16 47
11 16 47
0 17 48
1 17 48
2 17 48
3 17 48
4 17 48
5 17 48
6 17 48
7 17 48
8 17 48
9 17 48
10 17 48
11 17 48
0 12 49
1 12 49
2 12 49
3 12 49
4 12 49
5 12 49
6 12 49
7 12 49
8 12 49
9 12 49
10 12 49
11 12 49
0 13 50
1 13 50
2 13 50
3 13 50
4 13 50
5 13 50
6 13 50
7 13 50
8 13 50
9 13 50
10 13 50
11 13 50
0 14 51
1 14 51
2 14 51
3 14 51
4 14 51
5 14 51
6 14 51
7 14 51
8 14 51
9 14 51
10 14 51
11 14 51
0 15 52
1 15 52
2 15 52
3 15 52
4 15 52
5 15 52
6 15 52
7 15 52
8 15 52
9 15 52
10 15 52
11 15 52
0 16 53
1 16 53
2 16 53
3 16 53
4 16 53
5 16 53
6 16 53
7 16 53
8 16 53
9 16 53
10 16 53
11 16 53
0 17 54
1 17 54
2 17 54
3 17 54
4 17 54
5 17 54
6 17 54
7 17 54
8 17 54
9 17 54
10 17 54
11 17 54
0 12 55
1 12 55
2 12 55
3 12 55
4 12 55
5 12 55
6 12 55
7 12 55
8 12 55
9 12 55
10 12 55
11 12 55
0 13 56
1 13 56
2 13 56
3 13 56
4 13 56
5 13 56
6 13 56
7 13 56
8 13 56
9 13 56
10 13 56
11 13 56
0 14 57
1 14 57
2 14 57
3 14 57
4 14 57
5 14 57
6 14 57
7 14 57
8 14 57
9 14 57
10 14 57
11 14 57
0 15 58
1 15 58
2 15 58
3 15 58
4 15 58
5 15 58
6 15 58
7 15 58
8 15 58
9 15 58
10 15 58
11 15 58
0 16 59
1 16 59
2 16 59
3 16 59
4 16 59
5 16 59
6 16 59
7 16 59
8 16 59
9 16 59
10 16 59
11 16 59
0 17 60
1 17 60
2 17 60
3 17 60
4 17 60
5 17 60
6 17 60
7 17 60
8 17 60
9 17 60
10 17 60
11 17 60
