11 49 1
11 49 2
11 49 3
11 49 4
11 49 5
11 49 6
11 49 7
11 49 8
11 49 9
11 49 10
11 49 11
11 49 12
11 49 13
11 49 14
11 49 15
11 49 16
11 49 17
11 49 18
11 49 19
11 49 20
11 49 21
11 49 22
11 49 23
11 49 24
11 49 25
11 49 26
11 49 27
11 49 28
11 49 29
11 49 30
11 49 31
11 49 32
11 49 33
11 49 34
11 49 35
11 49 36
11 49 37
11 49 38
11 49 39
11 49 40
11 49 41
11 49 42
11 49 43
11 49 44
11 49 45
11 49 46
11 49 47
11 49 48
11 49 49
11 49 50
11 49 51
11 49 52
11 49 53
11 49 54
11 49 55
11 49 56
11 49 57
11 49 58
11 49 59
11 49 60
11 49 61
11 49 62
11 49 63
11 49 64
11 49 65
11 49 66
11 49 67
11 49 68
11 49 69
11 49 70
11 49 71
11 49 72
11 49 73
11 49 74
11 49 75
11 49 76
11 49 77
11 49 78
11 49 79
11 49 80
11 49 81
11 49 82
11 49 83
11 49 84
11 49 85
11 49 86
11 49 87
11 49 88
11 49 89
11 49 90
11 49 91
11 49 92
11 49 93
11 49 94
11 49 95
11 49 96
11 49 97
11 49 98
11 49 99
11 49 100
11 49 101
11 49 102
11 49 103
11 49 104
11 49 105
11 49 106
11 49 107
11 49 108
11 49 109
11 49 110
11 49 111
11 49 112
11 49 113
11 49 114
11 49 115
11 49 116
11 49 117
11 49 118
11 49 119
11 49 120
11 49 121
11 49 122
11 49 123
11 49 124
11 49 125
11 49 126
11 49 127
11 49 128
11 49 129
11 49 130
11 49 131
11 49 132
11 49 133
11 49 134
11 49 135
11 49 136
11 49 137
11 49 138
11 49 139
11 49 140
11 49 141
11 49 142
11 49 143
11 49 144
11 49 145
11 49 146
11 49 147
11 49 148
11 49 149
11 49 150
11 49 151
11 49 152
11 49 153
11 49 154
11 49 155
11 49 156
11 49 157
11 49 158
11 49 159
11 49 160
11 49 161
11 49 162
11 49 163
11 49 164
11 49 165
11 49 166
11 49 167
11 49 168
11 49 169
11 49 170
11 49 171
11 49 172
11 49 173
11 49 174
11 49 175
11 49 176
11 49 177
11 49 178
11 49 179
11 49 180
11 49 181
11 49 182
11 49 183
11 49 184
11 49 185
11 49 186
11 49 187
11 49 188
11 49 189
11 49 190
11 49 191
11 49 192
11 49 193
11 49 194
11 49 195
11 49 196
11 49 197
11 49 198
11 49 199
11 49 200
11 49 201
11 49 202
11 49 203
11 49 204
11 49 205
11 49 206
11 49 207
11 49 208
11 49 209
11 49 210
11 49 211
11 49 212
11 49 213
11 49 214
11 49 215
11 49 216
11 49 217
11 49 218
11 49 219
11 49 220
11 49 221
11 49 222
11 49 223
11 49 224
11 49 225
11 49 226
11 49 227
11 49 228
11 49 229
11 49 230
11 49 231
11 49 232
11 49 233
11 49 234
11 49 235
11 49 236
11 49 237
11 49 238
11 49 239
11 49 240
11 49 241
11 49 242
11 49 243
11 49 244
11 49 245
