4 49 1
4 49 2
4 49 3
4 49 4
4 49 5
4 49 6
4 49 7
4 49 8
4 49 9
4 49 10
4 49 11
4 49 12
4 49 13
4 49 14
4 49 15
4 49 16
4 49 17
4 49 18
4 49 19
4 49 20
4 49 21
4 49 22
4 49 23
4 49 24
4 49 25
4 49 26
4 49 27
4 49 28
4 49 29
4 49 30
4 49 31
4 49 32
4 49 33
4 49 34
4 49 35
4 49 36
4 49 37
4 49 38
4 49 39
4 49 40
4 49 41
4 49 42
4 49 43
4 49 44
4 49 45
4 49 46
4 49 47
4 49 48
4 49 49
4 49 50
4 49 51
4 49 52
4 49 53
4 49 54
4 49 55
4 49 56
4 49 57
4 49 58
4 49 59
4 49 60
4 49 61
4 49 62
4 49 63
4 49 64
4 49 65
4 49 66
4 49 67
4 49 68
4 49 69
4 49 70
4 49 71
4 49 72
4 49 73
4 49 74
4 49 75
4 49 76
4 49 77
4 49 78
4 49 79
4 49 80
4 49 81
4 49 82
4 49 83
4 49 84
4 49 85
4 49 86
4 49 87
4 49 88
4 49 89
4 49 90
4 49 91
4 49 92
4 49 93
4 49 94
4 49 95
4 49 96
4 49 97
4 49 98
4 49 99
4 49 100
4 49 101
4 49 102
4 49 103
4 49 104
4 49 105
4 49 106
4 49 107
4 49 108
4 49 109
4 49 110
4 49 111
4 49 112
4 49 113
4 49 114
4 49 115
4 49 116
4 49 117
4 49 118
4 49 119
4 49 120
4 49 121
4 49 122
4 49 123
4 49 124
4 49 125
4 49 126
4 49 127
4 49 128
4 49 129
4 49 130
4 49 131
4 49 132
4 49 133
4 49 134
4 49 135
4 49 136
4 49 137
4 49 138
4 49 139
4 49 140
4 49 141
4 49 142
4 49 143
4 49 144
4 49 145
4 49 146
4 49 147
4 49 148
4 49 149
4 49 150
4 49 151
4 49 152
4 49 153
4 49 154
4 49 155
4 49 156
4 49 157
4 49 158
4 49 159
4 49 160
4 49 161
4 49 162
4 49 163
4 49 164
4 49 165
4 49 166
4 49 167
4 49 168
4 49 169
4 49 170
4 49 171
4 49 172
4 49 173
4 49 174
4 49 175
4 49 176
4 49 177
4 49 178
4 49 179
4 49 180
4 49 181
4 49 182
4 49 183
4 49 184
4 49 185
4 49 186
4 49 187
4 49 188
4 49 189
4 49 190
4 49 191
4 49 192
4 49 193
4 49 194
4 49 195
4 49 196
4 49 197
4 49 198
4 49 199
4 49 200
4 49 201
4 49 202
4 49 203
4 49 204
4 49 205
4 49 206
4 49 207
4 49 208
4 49 209
4 49 210
4 49 211
4 49 212
4 49 213
4 49 214
4 49 215
4 49 216
4 49 217
4 49 218
4 49 219
4 49 220
4 49 221
4 49 222
4 49 223
4 49 224
4 49 225
4 49 226
4 49 227
4 49 228
4 49 229
4 49 230
4 49 231
4 49 232
4 49 233
4 49 234
4 49 235
4 49 236
4 49 237
4 49 238
4 49 239
4 49 240
4 49 241
4 49 242
4 49 243
4 49 244
4 49 245
