8 49 1
8 49 2
8 49 3
8 49 4
8 49 5
8 49 6
8 49 7
8 49 8
8 49 9
8 49 10
8 49 11
8 49 12
8 49 13
8 49 14
8 49 15
8 49 16
8 49 17
8 49 18
8 49 19
8 49 20
8 49 21
8 49 22
8 49 23
8 49 24
8 49 25
8 49 26
8 49 27
8 49 28
8 49 29
8 49 30
8 49 31
8 49 32
8 49 33
8 49 34
8 49 35
8 49 36
8 49 37
8 49 38
8 49 39
8 49 40
8 49 41
8 49 42
8 49 43
8 49 44
8 49 45
8 49 46
8 49 47
8 49 48
8 49 49
8 49 50
8 49 51
8 49 52
8 49 53
8 49 54
8 49 55
8 49 56
8 49 57
8 49 58
8 49 59
8 49 60
8 49 61
8 49 62
8 49 63
8 49 64
8 49 65
8 49 66
8 49 67
8 49 68
8 49 69
8 49 70
8 49 71
8 49 72
8 49 73
8 49 74
8 49 75
8 49 76
8 49 77
8 49 78
8 49 79
8 49 80
8 49 81
8 49 82
8 49 83
8 49 84
8 49 85
8 49 86
8 49 87
8 49 88
8 49 89
8 49 90
8 49 91
8 49 92
8 49 93
8 49 94
8 49 95
8 49 96
8 49 97
8 49 98
8 49 99
8 49 100
8 49 101
8 49 102
8 49 103
8 49 104
8 49 105
8 49 106
8 49 107
8 49 108
8 49 109
8 49 110
8 49 111
8 49 112
8 49 113
8 49 114
8 49 115
8 49 116
8 49 117
8 49 118
8 49 119
8 49 120
8 49 121
8 49 122
8 49 123
8 49 124
8 49 125
8 49 126
8 49 127
8 49 128
8 49 129
8 49 130
8 49 131
8 49 132
8 49 133
8 49 134
8 49 135
8 49 136
8 49 137
8 49 138
8 49 139
8 49 140
8 49 141
8 49 142
8 49 143
8 49 144
8 49 145
8 49 146
8 49 147
8 49 148
8 49 149
8 49 150
8 49 151
8 49 152
8 49 153
8 49 154
8 49 155
8 49 156
8 49 157
8 49 158
8 49 159
8 49 160
8 49 161
8 49 162
8 49 163
8 49 164
8 49 165
8 49 166
8 49 167
8 49 168
8 49 169
8 49 170
8 49 171
8 49 172
8 49 173
8 49 174
8 49 175
8 49 176
8 49 177
8 49 178
8 49 179
8 49 180
8 49 181
8 49 182
8 49 183
8 49 184
8 49 185
8 49 186
8 49 187
8 49 188
8 49 189
8 49 190
8 49 191
8 49 192
8 49 193
8 49 194
8 49 195
8 49 196
8 49 197
8 49 198
8 49 199
8 49 200
8 49 201
8 49 202
8 49 203
8 49 204
8 49 205
8 49 206
8 49 207
8 49 208
8 49 209
8 49 210
8 49 211
8 49 212
8 49 213
8 49 214
8 49 215
8 49 216
8 49 217
8 49 218
8 49 219
8 49 220
8 49 221
8 49 222
8 49 223
8 49 224
8 49 225
8 49 226
8 49 227
8 49 228
8 49 229
8 49 230
8 49 231
8 49 232
8 49 233
8 49 234
8 49 235
8 49 236
8 49 237
8 49 238
8 49 239
8 49 240
8 49 241
8 49 242
8 49 243
8 49 244
8 49 245
