22 49 1
22 49 2
22 49 3
22 49 4
22 49 5
22 49 6
22 49 7
22 49 8
22 49 9
22 49 10
22 49 11
22 49 12
22 49 13
22 49 14
22 49 15
22 49 16
22 49 17
22 49 18
22 49 19
22 49 20
22 49 21
22 49 22
22 49 23
22 49 24
22 49 25
22 49 26
22 49 27
22 49 28
22 49 29
22 49 30
22 49 31
22 49 32
22 49 33
22 49 34
22 49 35
22 49 36
22 49 37
22 49 38
22 49 39
22 49 40
22 49 41
22 49 42
22 49 43
22 49 44
22 49 45
22 49 46
22 49 47
22 49 48
22 49 49
22 49 50
22 49 51
22 49 52
22 49 53
22 49 54
22 49 55
22 49 56
22 49 57
22 49 58
22 49 59
22 49 60
22 49 61
22 49 62
22 49 63
22 49 64
22 49 65
22 49 66
22 49 67
22 49 68
22 49 69
22 49 70
22 49 71
22 49 72
22 49 73
22 49 74
22 49 75
22 49 76
22 49 77
22 49 78
22 49 79
22 49 80
22 49 81
22 49 82
22 49 83
22 49 84
22 49 85
22 49 86
22 49 87
22 49 88
22 49 89
22 49 90
22 49 91
22 49 92
22 49 93
22 49 94
22 49 95
22 49 96
22 49 97
22 49 98
22 49 99
22 49 100
22 49 101
22 49 102
22 49 103
22 49 104
22 49 105
22 49 106
22 49 107
22 49 108
22 49 109
22 49 110
22 49 111
22 49 112
22 49 113
22 49 114
22 49 115
22 49 116
22 49 117
22 49 118
22 49 119
22 49 120
22 49 121
22 49 122
22 49 123
22 49 124
22 49 125
22 49 126
22 49 127
22 49 128
22 49 129
22 49 130
22 49 131
22 49 132
22 49 133
22 49 134
22 49 135
22 49 136
22 49 137
22 49 138
22 49 139
22 49 140
22 49 141
22 49 142
22 49 143
22 49 144
22 49 145
22 49 146
22 49 147
22 49 148
22 49 149
22 49 150
22 49 151
22 49 152
22 49 153
22 49 154
22 49 155
22 49 156
22 49 157
22 49 158
22 49 159
22 49 160
22 49 161
22 49 162
22 49 163
22 49 164
22 49 165
22 49 166
22 49 167
22 49 168
22 49 169
22 49 170
22 49 171
22 49 172
22 49 173
22 49 174
22 49 175
22 49 176
22 49 177
22 49 178
22 49 179
22 49 180
22 49 181
22 49 182
22 49 183
22 49 184
22 49 185
22 49 186
22 49 187
22 49 188
22 49 189
22 49 190
22 49 191
22 49 192
22 49 193
22 49 194
22 49 195
22 49 196
22 49 197
22 49 198
22 49 199
22 49 200
22 49 201
22 49 202
22 49 203
22 49 204
22 49 205
22 49 206
22 49 207
22 49 208
22 49 209
22 49 210
22 49 211
22 49 212
22 49 213
22 49 214
22 49 215
22 49 216
22 49 217
22 49 218
22 49 219
22 49 220
22 49 221
22 49 222
22 49 223
22 49 224
22 49 225
22 49 226
22 49 227
22 49 228
22 49 229
22 49 230
22 49 231
22 49 232
22 49 233
22 49 234
22 49 235
22 49 236
22 49 237
22 49 238
22 49 239
22 49 240
22 49 241
22 49 242
22 49 243
22 49 244
22 49 245
