21 49 1
21 49 2
21 49 3
21 49 4
21 49 5
21 49 6
21 49 7
21 49 8
21 49 9
21 49 10
21 49 11
21 49 12
21 49 13
21 49 14
21 49 15
21 49 16
21 49 17
21 49 18
21 49 19
21 49 20
21 49 21
21 49 22
21 49 23
21 49 24
21 49 25
21 49 26
21 49 27
21 49 28
21 49 29
21 49 30
21 49 31
21 49 32
21 49 33
21 49 34
21 49 35
21 49 36
21 49 37
21 49 38
21 49 39
21 49 40
21 49 41
21 49 42
21 49 43
21 49 44
21 49 45
21 49 46
21 49 47
21 49 48
21 49 49
21 49 50
21 49 51
21 49 52
21 49 53
21 49 54
21 49 55
21 49 56
21 49 57
21 49 58
21 49 59
21 49 60
21 49 61
21 49 62
21 49 63
21 49 64
21 49 65
21 49 66
21 49 67
21 49 68
21 49 69
21 49 70
21 49 71
21 49 72
21 49 73
21 49 74
21 49 75
21 49 76
21 49 77
21 49 78
21 49 79
21 49 80
21 49 81
21 49 82
21 49 83
21 49 84
21 49 85
21 49 86
21 49 87
21 49 88
21 49 89
21 49 90
21 49 91
21 49 92
21 49 93
21 49 94
21 49 95
21 49 96
21 49 97
21 49 98
21 49 99
21 49 100
21 49 101
21 49 102
21 49 103
21 49 104
21 49 105
21 49 106
21 49 107
21 49 108
21 49 109
21 49 110
21 49 111
21 49 112
21 49 113
21 49 114
21 49 115
21 49 116
21 49 117
21 49 118
21 49 119
21 49 120
21 49 121
21 49 122
21 49 123
21 49 124
21 49 125
21 49 126
21 49 127
21 49 128
21 49 129
21 49 130
21 49 131
21 49 132
21 49 133
21 49 134
21 49 135
21 49 136
21 49 137
21 49 138
21 49 139
21 49 140
21 49 141
21 49 142
21 49 143
21 49 144
21 49 145
21 49 146
21 49 147
21 49 148
21 49 149
21 49 150
21 49 151
21 49 152
21 49 153
21 49 154
21 49 155
21 49 156
21 49 157
21 49 158
21 49 159
21 49 160
21 49 161
21 49 162
21 49 163
21 49 164
21 49 165
21 49 166
21 49 167
21 49 168
21 49 169
21 49 170
21 49 171
21 49 172
21 49 173
21 49 174
21 49 175
21 49 176
21 49 177
21 49 178
21 49 179
21 49 180
21 49 181
21 49 182
21 49 183
21 49 184
21 49 185
21 49 186
21 49 187
21 49 188
21 49 189
21 49 190
21 49 191
21 49 192
21 49 193
21 49 194
21 49 195
21 49 196
21 49 197
21 49 198
21 49 199
21 49 200
21 49 201
21 49 202
21 49 203
21 49 204
21 49 205
21 49 206
21 49 207
21 49 208
21 49 209
21 49 210
21 49 211
21 49 212
21 49 213
21 49 214
21 49 215
21 49 216
21 49 217
21 49 218
21 49 219
21 49 220
21 49 221
21 49 222
21 49 223
21 49 224
21 49 225
21 49 226
21 49 227
21 49 228
21 49 229
21 49 230
21 49 231
21 49 232
21 49 233
21 49 234
21 49 235
21 49 236
21 49 237
21 49 238
21 49 239
21 49 240
21 49 241
21 49 242
21 49 243
21 49 244
21 49 245
