18 49 1
18 49 2
18 49 3
18 49 4
18 49 5
18 49 6
18 49 7
18 49 8
18 49 9
18 49 10
18 49 11
18 49 12
18 49 13
18 49 14
18 49 15
18 49 16
18 49 17
18 49 18
18 49 19
18 49 20
18 49 21
18 49 22
18 49 23
18 49 24
18 49 25
18 49 26
18 49 27
18 49 28
18 49 29
18 49 30
18 49 31
18 49 32
18 49 33
18 49 34
18 49 35
18 49 36
18 49 37
18 49 38
18 49 39
18 49 40
18 49 41
18 49 42
18 49 43
18 49 44
18 49 45
18 49 46
18 49 47
18 49 48
18 49 49
18 49 50
18 49 51
18 49 52
18 49 53
18 49 54
18 49 55
18 49 56
18 49 57
18 49 58
18 49 59
18 49 60
18 49 61
18 49 62
18 49 63
18 49 64
18 49 65
18 49 66
18 49 67
18 49 68
18 49 69
18 49 70
18 49 71
18 49 72
18 49 73
18 49 74
18 49 75
18 49 76
18 49 77
18 49 78
18 49 79
18 49 80
18 49 81
18 49 82
18 49 83
18 49 84
18 49 85
18 49 86
18 49 87
18 49 88
18 49 89
18 49 90
18 49 91
18 49 92
18 49 93
18 49 94
18 49 95
18 49 96
18 49 97
18 49 98
18 49 99
18 49 100
18 49 101
18 49 102
18 49 103
18 49 104
18 49 105
18 49 106
18 49 107
18 49 108
18 49 109
18 49 110
18 49 111
18 49 112
18 49 113
18 49 114
18 49 115
18 49 116
18 49 117
18 49 118
18 49 119
18 49 120
18 49 121
18 49 122
18 49 123
18 49 124
18 49 125
18 49 126
18 49 127
18 49 128
18 49 129
18 49 130
18 49 131
18 49 132
18 49 133
18 49 134
18 49 135
18 49 136
18 49 137
18 49 138
18 49 139
18 49 140
18 49 141
18 49 142
18 49 143
18 49 144
18 49 145
18 49 146
18 49 147
18 49 148
18 49 149
18 49 150
18 49 151
18 49 152
18 49 153
18 49 154
18 49 155
18 49 156
18 49 157
18 49 158
18 49 159
18 49 160
18 49 161
18 49 162
18 49 163
18 49 164
18 49 165
18 49 166
18 49 167
18 49 168
18 49 169
18 49 170
18 49 171
18 49 172
18 49 173
18 49 174
18 49 175
18 49 176
18 49 177
18 49 178
18 49 179
18 49 180
18 49 181
18 49 182
18 49 183
18 49 184
18 49 185
18 49 186
18 49 187
18 49 188
18 49 189
18 49 190
18 49 191
18 49 192
18 49 193
18 49 194
18 49 195
18 49 196
18 49 197
18 49 198
18 49 199
18 49 200
18 49 201
18 49 202
18 49 203
18 49 204
18 49 205
18 49 206
18 49 207
18 49 208
18 49 209
18 49 210
18 49 211
18 49 212
18 49 213
18 49 214
18 49 215
18 49 216
18 49 217
18 49 218
18 49 219
18 49 220
18 49 221
18 49 222
18 49 223
18 49 224
18 49 225
18 49 226
18 49 227
18 49 228
18 49 229
18 49 230
18 49 231
18 49 232
18 49 233
18 49 234
18 49 235
18 49 236
18 49 237
18 49 238
18 49 239
18 49 240
18 49 241
18 49 242
18 49 243
18 49 244
18 49 245
