10 49 1
10 49 2
10 49 3
10 49 4
10 49 5
10 49 6
10 49 7
10 49 8
10 49 9
10 49 10
10 49 11
10 49 12
10 49 13
10 49 14
10 49 15
10 49 16
10 49 17
10 49 18
10 49 19
10 49 20
10 49 21
10 49 22
10 49 23
10 49 24
10 49 25
10 49 26
10 49 27
10 49 28
10 49 29
10 49 30
10 49 31
10 49 32
10 49 33
10 49 34
10 49 35
10 49 36
10 49 37
10 49 38
10 49 39
10 49 40
10 49 41
10 49 42
10 49 43
10 49 44
10 49 45
10 49 46
10 49 47
10 49 48
10 49 49
10 49 50
10 49 51
10 49 52
10 49 53
10 49 54
10 49 55
10 49 56
10 49 57
10 49 58
10 49 59
10 49 60
10 49 61
10 49 62
10 49 63
10 49 64
10 49 65
10 49 66
10 49 67
10 49 68
10 49 69
10 49 70
10 49 71
10 49 72
10 49 73
10 49 74
10 49 75
10 49 76
10 49 77
10 49 78
10 49 79
10 49 80
10 49 81
10 49 82
10 49 83
10 49 84
10 49 85
10 49 86
10 49 87
10 49 88
10 49 89
10 49 90
10 49 91
10 49 92
10 49 93
10 49 94
10 49 95
10 49 96
10 49 97
10 49 98
10 49 99
10 49 100
10 49 101
10 49 102
10 49 103
10 49 104
10 49 105
10 49 106
10 49 107
10 49 108
10 49 109
10 49 110
10 49 111
10 49 112
10 49 113
10 49 114
10 49 115
10 49 116
10 49 117
10 49 118
10 49 119
10 49 120
10 49 121
10 49 122
10 49 123
10 49 124
10 49 125
10 49 126
10 49 127
10 49 128
10 49 129
10 49 130
10 49 131
10 49 132
10 49 133
10 49 134
10 49 135
10 49 136
10 49 137
10 49 138
10 49 139
10 49 140
10 49 141
10 49 142
10 49 143
10 49 144
10 49 145
10 49 146
10 49 147
10 49 148
10 49 149
10 49 150
10 49 151
10 49 152
10 49 153
10 49 154
10 49 155
10 49 156
10 49 157
10 49 158
10 49 159
10 49 160
10 49 161
10 49 162
10 49 163
10 49 164
10 49 165
10 49 166
10 49 167
10 49 168
10 49 169
10 49 170
10 49 171
10 49 172
10 49 173
10 49 174
10 49 175
10 49 176
10 49 177
10 49 178
10 49 179
10 49 180
10 49 181
10 49 182
10 49 183
10 49 184
10 49 185
10 49 186
10 49 187
10 49 188
10 49 189
10 49 190
10 49 191
10 49 192
10 49 193
10 49 194
10 49 195
10 49 196
10 49 197
10 49 198
10 49 199
10 49 200
10 49 201
10 49 202
10 49 203
10 49 204
10 49 205
10 49 206
10 49 207
10 49 208
10 49 209
10 49 210
10 49 211
10 49 212
10 49 213
10 49 214
10 49 215
10 49 216
10 49 217
10 49 218
10 49 219
10 49 220
10 49 221
10 49 222
10 49 223
10 49 224
10 49 225
10 49 226
10 49 227
10 49 228
10 49 229
10 49 230
10 49 231
10 49 232
10 49 233
10 49 234
10 49 235
10 49 236
10 49 237
10 49 238
10 49 239
10 49 240
10 49 241
10 49 242
10 49 243
10 49 244
10 49 245
