5 49 1
5 49 2
5 49 3
5 49 4
5 49 5
5 49 6
5 49 7
5 49 8
5 49 9
5 49 10
5 49 11
5 49 12
5 49 13
5 49 14
5 49 15
5 49 16
5 49 17
5 49 18
5 49 19
5 49 20
5 49 21
5 49 22
5 49 23
5 49 24
5 49 25
5 49 26
5 49 27
5 49 28
5 49 29
5 49 30
5 49 31
5 49 32
5 49 33
5 49 34
5 49 35
5 49 36
5 49 37
5 49 38
5 49 39
5 49 40
5 49 41
5 49 42
5 49 43
5 49 44
5 49 45
5 49 46
5 49 47
5 49 48
5 49 49
5 49 50
5 49 51
5 49 52
5 49 53
5 49 54
5 49 55
5 49 56
5 49 57
5 49 58
5 49 59
5 49 60
5 49 61
5 49 62
5 49 63
5 49 64
5 49 65
5 49 66
5 49 67
5 49 68
5 49 69
5 49 70
5 49 71
5 49 72
5 49 73
5 49 74
5 49 75
5 49 76
5 49 77
5 49 78
5 49 79
5 49 80
5 49 81
5 49 82
5 49 83
5 49 84
5 49 85
5 49 86
5 49 87
5 49 88
5 49 89
5 49 90
5 49 91
5 49 92
5 49 93
5 49 94
5 49 95
5 49 96
5 49 97
5 49 98
5 49 99
5 49 100
5 49 101
5 49 102
5 49 103
5 49 104
5 49 105
5 49 106
5 49 107
5 49 108
5 49 109
5 49 110
5 49 111
5 49 112
5 49 113
5 49 114
5 49 115
5 49 116
5 49 117
5 49 118
5 49 119
5 49 120
5 49 121
5 49 122
5 49 123
5 49 124
5 49 125
5 49 126
5 49 127
5 49 128
5 49 129
5 49 130
5 49 131
5 49 132
5 49 133
5 49 134
5 49 135
5 49 136
5 49 137
5 49 138
5 49 139
5 49 140
5 49 141
5 49 142
5 49 143
5 49 144
5 49 145
5 49 146
5 49 147
5 49 148
5 49 149
5 49 150
5 49 151
5 49 152
5 49 153
5 49 154
5 49 155
5 49 156
5 49 157
5 49 158
5 49 159
5 49 160
5 49 161
5 49 162
5 49 163
5 49 164
5 49 165
5 49 166
5 49 167
5 49 168
5 49 169
5 49 170
5 49 171
5 49 172
5 49 173
5 49 174
5 49 175
5 49 176
5 49 177
5 49 178
5 49 179
5 49 180
5 49 181
5 49 182
5 49 183
5 49 184
5 49 185
5 49 186
5 49 187
5 49 188
5 49 189
5 49 190
5 49 191
5 49 192
5 49 193
5 49 194
5 49 195
5 49 196
5 49 197
5 49 198
5 49 199
5 49 200
5 49 201
5 49 202
5 49 203
5 49 204
5 49 205
5 49 206
5 49 207
5 49 208
5 49 209
5 49 210
5 49 211
5 49 212
5 49 213
5 49 214
5 49 215
5 49 216
5 49 217
5 49 218
5 49 219
5 49 220
5 49 221
5 49 222
5 49 223
5 49 224
5 49 225
5 49 226
5 49 227
5 49 228
5 49 229
5 49 230
5 49 231
5 49 232
5 49 233
5 49 234
5 49 235
5 49 236
5 49 237
5 49 238
5 49 239
5 49 240
5 49 241
5 49 242
5 49 243
5 49 244
5 49 245
