6 49 1
6 49 2
6 49 3
6 49 4
6 49 5
6 49 6
6 49 7
6 49 8
6 49 9
6 49 10
6 49 11
6 49 12
6 49 13
6 49 14
6 49 15
6 49 16
6 49 17
6 49 18
6 49 19
6 49 20
6 49 21
6 49 22
6 49 23
6 49 24
6 49 25
6 49 26
6 49 27
6 49 28
6 49 29
6 49 30
6 49 31
6 49 32
6 49 33
6 49 34
6 49 35
6 49 36
6 49 37
6 49 38
6 49 39
6 49 40
6 49 41
6 49 42
6 49 43
6 49 44
6 49 45
6 49 46
6 49 47
6 49 48
6 49 49
6 49 50
6 49 51
6 49 52
6 49 53
6 49 54
6 49 55
6 49 56
6 49 57
6 49 58
6 49 59
6 49 60
6 49 61
6 49 62
6 49 63
6 49 64
6 49 65
6 49 66
6 49 67
6 49 68
6 49 69
6 49 70
6 49 71
6 49 72
6 49 73
6 49 74
6 49 75
6 49 76
6 49 77
6 49 78
6 49 79
6 49 80
6 49 81
6 49 82
6 49 83
6 49 84
6 49 85
6 49 86
6 49 87
6 49 88
6 49 89
6 49 90
6 49 91
6 49 92
6 49 93
6 49 94
6 49 95
6 49 96
6 49 97
6 49 98
6 49 99
6 49 100
6 49 101
6 49 102
6 49 103
6 49 104
6 49 105
6 49 106
6 49 107
6 49 108
6 49 109
6 49 110
6 49 111
6 49 112
6 49 113
6 49 114
6 49 115
6 49 116
6 49 117
6 49 118
6 49 119
6 49 120
6 49 121
6 49 122
6 49 123
6 49 124
6 49 125
6 49 126
6 49 127
6 49 128
6 49 129
6 49 130
6 49 131
6 49 132
6 49 133
6 49 134
6 49 135
6 49 136
6 49 137
6 49 138
6 49 139
6 49 140
6 49 141
6 49 142
6 49 143
6 49 144
6 49 145
6 49 146
6 49 147
6 49 148
6 49 149
6 49 150
6 49 151
6 49 152
6 49 153
6 49 154
6 49 155
6 49 156
6 49 157
6 49 158
6 49 159
6 49 160
6 49 161
6 49 162
6 49 163
6 49 164
6 49 165
6 49 166
6 49 167
6 49 168
6 49 169
6 49 170
6 49 171
6 49 172
6 49 173
6 49 174
6 49 175
6 49 176
6 49 177
6 49 178
6 49 179
6 49 180
6 49 181
6 49 182
6 49 183
6 49 184
6 49 185
6 49 186
6 49 187
6 49 188
6 49 189
6 49 190
6 49 191
6 49 192
6 49 193
6 49 194
6 49 195
6 49 196
6 49 197
6 49 198
6 49 199
6 49 200
6 49 201
6 49 202
6 49 203
6 49 204
6 49 205
6 49 206
6 49 207
6 49 208
6 49 209
6 49 210
6 49 211
6 49 212
6 49 213
6 49 214
6 49 215
6 49 216
6 49 217
6 49 218
6 49 219
6 49 220
6 49 221
6 49 222
6 49 223
6 49 224
6 49 225
6 49 226
6 49 227
6 49 228
6 49 229
6 49 230
6 49 231
6 49 232
6 49 233
6 49 234
6 49 235
6 49 236
6 49 237
6 49 238
6 49 239
6 49 240
6 49 241
6 49 242
6 49 243
6 49 244
6 49 245
