19 49 1
19 49 2
19 49 3
19 49 4
19 49 5
19 49 6
19 49 7
19 49 8
19 49 9
19 49 10
19 49 11
19 49 12
19 49 13
19 49 14
19 49 15
19 49 16
19 49 17
19 49 18
19 49 19
19 49 20
19 49 21
19 49 22
19 49 23
19 49 24
19 49 25
19 49 26
19 49 27
19 49 28
19 49 29
19 49 30
19 49 31
19 49 32
19 49 33
19 49 34
19 49 35
19 49 36
19 49 37
19 49 38
19 49 39
19 49 40
19 49 41
19 49 42
19 49 43
19 49 44
19 49 45
19 49 46
19 49 47
19 49 48
19 49 49
19 49 50
19 49 51
19 49 52
19 49 53
19 49 54
19 49 55
19 49 56
19 49 57
19 49 58
19 49 59
19 49 60
19 49 61
19 49 62
19 49 63
19 49 64
19 49 65
19 49 66
19 49 67
19 49 68
19 49 69
19 49 70
19 49 71
19 49 72
19 49 73
19 49 74
19 49 75
19 49 76
19 49 77
19 49 78
19 49 79
19 49 80
19 49 81
19 49 82
19 49 83
19 49 84
19 49 85
19 49 86
19 49 87
19 49 88
19 49 89
19 49 90
19 49 91
19 49 92
19 49 93
19 49 94
19 49 95
19 49 96
19 49 97
19 49 98
19 49 99
19 49 100
19 49 101
19 49 102
19 49 103
19 49 104
19 49 105
19 49 106
19 49 107
19 49 108
19 49 109
19 49 110
19 49 111
19 49 112
19 49 113
19 49 114
19 49 115
19 49 116
19 49 117
19 49 118
19 49 119
19 49 120
19 49 121
19 49 122
19 49 123
19 49 124
19 49 125
19 49 126
19 49 127
19 49 128
19 49 129
19 49 130
19 49 131
19 49 132
19 49 133
19 49 134
19 49 135
19 49 136
19 49 137
19 49 138
19 49 139
19 49 140
19 49 141
19 49 142
19 49 143
19 49 144
19 49 145
19 49 146
19 49 147
19 49 148
19 49 149
19 49 150
19 49 151
19 49 152
19 49 153
19 49 154
19 49 155
19 49 156
19 49 157
19 49 158
19 49 159
19 49 160
19 49 161
19 49 162
19 49 163
19 49 164
19 49 165
19 49 166
19 49 167
19 49 168
19 49 169
19 49 170
19 49 171
19 49 172
19 49 173
19 49 174
19 49 175
19 49 176
19 49 177
19 49 178
19 49 179
19 49 180
19 49 181
19 49 182
19 49 183
19 49 184
19 49 185
19 49 186
19 49 187
19 49 188
19 49 189
19 49 190
19 49 191
19 49 192
19 49 193
19 49 194
19 49 195
19 49 196
19 49 197
19 49 198
19 49 199
19 49 200
19 49 201
19 49 202
19 49 203
19 49 204
19 49 205
19 49 206
19 49 207
19 49 208
19 49 209
19 49 210
19 49 211
19 49 212
19 49 213
19 49 214
19 49 215
19 49 216
19 49 217
19 49 218
19 49 219
19 49 220
19 49 221
19 49 222
19 49 223
19 49 224
19 49 225
19 49 226
19 49 227
19 49 228
19 49 229
19 49 230
19 49 231
19 49 232
19 49 233
19 49 234
19 49 235
19 49 236
19 49 237
19 49 238
19 49 239
19 49 240
19 49 241
19 49 242
19 49 243
19 49 244
19 49 245
