14 49 1
14 49 2
14 49 3
14 49 4
14 49 5
14 49 6
14 49 7
14 49 8
14 49 9
14 49 10
14 49 11
14 49 12
14 49 13
14 49 14
14 49 15
14 49 16
14 49 17
14 49 18
14 49 19
14 49 20
14 49 21
14 49 22
14 49 23
14 49 24
14 49 25
14 49 26
14 49 27
14 49 28
14 49 29
14 49 30
14 49 31
14 49 32
14 49 33
14 49 34
14 49 35
14 49 36
14 49 37
14 49 38
14 49 39
14 49 40
14 49 41
14 49 42
14 49 43
14 49 44
14 49 45
14 49 46
14 49 47
14 49 48
14 49 49
14 49 50
14 49 51
14 49 52
14 49 53
14 49 54
14 49 55
14 49 56
14 49 57
14 49 58
14 49 59
14 49 60
14 49 61
14 49 62
14 49 63
14 49 64
14 49 65
14 49 66
14 49 67
14 49 68
14 49 69
14 49 70
14 49 71
14 49 72
14 49 73
14 49 74
14 49 75
14 49 76
14 49 77
14 49 78
14 49 79
14 49 80
14 49 81
14 49 82
14 49 83
14 49 84
14 49 85
14 49 86
14 49 87
14 49 88
14 49 89
14 49 90
14 49 91
14 49 92
14 49 93
14 49 94
14 49 95
14 49 96
14 49 97
14 49 98
14 49 99
14 49 100
14 49 101
14 49 102
14 49 103
14 49 104
14 49 105
14 49 106
14 49 107
14 49 108
14 49 109
14 49 110
14 49 111
14 49 112
14 49 113
14 49 114
14 49 115
14 49 116
14 49 117
14 49 118
14 49 119
14 49 120
14 49 121
14 49 122
14 49 123
14 49 124
14 49 125
14 49 126
14 49 127
14 49 128
14 49 129
14 49 130
14 49 131
14 49 132
14 49 133
14 49 134
14 49 135
14 49 136
14 49 137
14 49 138
14 49 139
14 49 140
14 49 141
14 49 142
14 49 143
14 49 144
14 49 145
14 49 146
14 49 147
14 49 148
14 49 149
14 49 150
14 49 151
14 49 152
14 49 153
14 49 154
14 49 155
14 49 156
14 49 157
14 49 158
14 49 159
14 49 160
14 49 161
14 49 162
14 49 163
14 49 164
14 49 165
14 49 166
14 49 167
14 49 168
14 49 169
14 49 170
14 49 171
14 49 172
14 49 173
14 49 174
14 49 175
14 49 176
14 49 177
14 49 178
14 49 179
14 49 180
14 49 181
14 49 182
14 49 183
14 49 184
14 49 185
14 49 186
14 49 187
14 49 188
14 49 189
14 49 190
14 49 191
14 49 192
14 49 193
14 49 194
14 49 195
14 49 196
14 49 197
14 49 198
14 49 199
14 49 200
14 49 201
14 49 202
14 49 203
14 49 204
14 49 205
14 49 206
14 49 207
14 49 208
14 49 209
14 49 210
14 49 211
14 49 212
14 49 213
14 49 214
14 49 215
14 49 216
14 49 217
14 49 218
14 49 219
14 49 220
14 49 221
14 49 222
14 49 223
14 49 224
14 49 225
14 49 226
14 49 227
14 49 228
14 49 229
14 49 230
14 49 231
14 49 232
14 49 233
14 49 234
14 49 235
14 49 236
14 49 237
14 49 238
14 49 239
14 49 240
14 49 241
14 49 242
14 49 243
14 49 244
14 49 245
