9 12 1
10 12 1
11 12 1
9 13 2
10 13 2
11 13 2
9 14 3
10 14 3
11 14 3
9 15 4
10 15 4
11 15 4
9 16 5
10 16 5
11 16 5
9 17 6
10 17 6
11 17 6
9 18 7
10 18 7
11 18 7
9 19 8
10 19 8
11 19 8
9 20 9
10 20 9
11 20 9
9 21 10
10 21 10
11 21 10
9 22 11
10 22 11
11 22 11
9 23 12
10 23 12
11 23 12
9 12 13
10 12 13
11 12 13
9 13 14
10 13 14
11 13 14
9 14 15
10 14 15
11 14 15
9 15 16
10 15 16
11 15 16
9 16 17
10 16 17
11 16 17
9 17 18
10 17 18
11 17 18
9 18 19
10 18 19
11 18 19
9 19 20
10 19 20
11 19 20
9 20 21
10 20 21
11 20 21
9 21 22
10 21 22
11 21 22
9 22 23
10 22 23
11 22 23
9 23 24
10 23 24
11 23 24
9 12 25
10 12 25
11 12 25
9 13 26
10 13 26
11 13 26
9 14 27
10 14 27
11 14 27
9 15 28
10 15 28
11 15 28
9 16 29
10 16 29
11 16 29
9 17 30
10 17 30
11 17 30
9 18 31
10 18 31
11 18 31
9 19 32
10 19 32
11 19 32
9 20 33
10 20 33
11 20 33
9 21 34
10 21 34
11 21 34
9 22 35
10 22 35
11 22 35
9 23 36
10 23 36
11 23 36
9 12 37
10 12 37
11 12 37
9 13 38
10 13 38
11 13 38
9 14 39
10 14 39
11 14 39
9 15 40
10 15 40
11 15 40
9 16 41
10 16 41
11 16 41
9 17 42
10 17 42
11 17 42
9 18 43
10 18 43
11 18 43
9 19 44
10 19 44
11 19 44
9 20 45
10 20 45
11 20 45
9 21 46
10 21 46
11 21 46
9 22 47
10 22 47
11 22 47
9 23 48
10 23 48
11 23 48
9 12 49
10 12 49
11 12 49
9 13 50
10 13 50
11 13 50
9 14 51
10 14 51
11 14 51
9 15 52
10 15 52
11 15 52
9 16 53
10 16 53
11 16 53
9 17 54
10 17 54
11 17 54
9 18 55
10 18 55
11 18 55
9 19 56
10 19 56
11 19 56
9 20 57
10 20 57
11 20 57
9 21 58
10 21 58
11 21 58
9 22 59
10 22 59
11 22 59
9 23 60
10 23 60
11 23 60
9 12 61
10 12 61
11 12 61
9 13 62
10 13 62
11 13 62
9 14 63
10 14 63
11 14 63
9 15 64
10 15 64
11 15 64
9 16 65
10 16 65
11 16 65
9 17 66
10 17 66
11 17 66
9 18 67
10 18 67
11 18 67
9 19 68
10 19 68
11 19 68
9 20 69
10 20 69
11 20 69
9 21 70
10 21 70
11 21 70
9 22 71
10 22 71
11 22 71
9 23 72
10 23 72
11 23 72
9 12 73
10 12 73
11 12 73
9 13 74
10 13 74
11 13 74
9 14 75
10 14 75
11 14 75
9 15 76
10 15 76
11 15 76
9 16 77
10 16 77
11 16 77
9 17 78
10 17 78
11 17 78
9 18 79
10 18 79
11 18 79
9 19 80
10 19 80
11 19 80
9 20 81
10 20 81
11 20 81
9 21 82
10 21 82
11 21 82
9 22 83
10 22 83
11 22 83
9 23 84
10 23 84
11 23 84
9 12 85
10 12 85
11 12 85
9 13 86
10 13 86
11 13 86
9 14 87
10 14 87
11 14 87
9 15 88
10 15 88
11 15 88
9 16 89
10 16 89
11 16 89
9 17 90
10 17 90
11 17 90
9 18 91
10 18 91
11 18 91
9 19 92
10 19 92
11 19 92
9 20 93
10 20 93
11 20 93
9 21 94
10 21 94
11 21 94
9 22 95
10 22 95
11 22 95
9 23 96
10 23 96
11 23 96
9 12 97
10 12 97
11 12 97
9 13 98
10 13 98
11 13 98
9 14 99
10 14 99
11 14 99
9 15 100
10 15 100
11 15 100
9 16 101
10 16 101
11 16 101
9 17 102
10 17 102
11 17 102
9 18 103
10 18 103
11 18 103
9 19 104
10 19 104
11 19 104
9 20 105
10 20 105
11 20 105
9 21 106
10 21 106
11 21 106
9 22 107
10 22 107
11 22 107
9 23 108
10 23 108
11 23 108
9 12 109
10 12 109
11 12 109
9 13 110
10 13 110
11 13 110
9 14 111
10 14 111
11 14 111
9 15 112
10 15 112
11 15 112
9 16 113
10 16 113
11 16 113
9 17 114
10 17 114
11 17 114
9 18 115
10 18 115
11 18 115
9 19 116
10 19 116
11 19 116
9 20 117
10 20 117
11 20 117
9 21 118
10 21 118
11 21 118
9 22 119
10 22 119
11 22 119
9 23 120
10 23 120
11 23 120
9 12 121
10 12 121
11 12 121
9 13 122
10 13 122
11 13 122
9 14 123
10 14 123
11 14 123
9 15 124
10 15 124
11 15 124
9 16 125
10 16 125
11 16 125
9 17 126
10 17 126
11 17 126
9 18 127
10 18 127
11 18 127
9 19 128
10 19 128
11 19 128
9 20 129
10 20 129
11 20 129
9 21 130
10 21 130
11 21 130
9 22 131
10 22 131
11 22 131
9 23 132
10 23 132
11 23 132
9 12 133
10 12 133
11 12 133
9 13 134
10 13 134
11 13 134
9 14 135
10 14 135
11 14 135
9 15 136
10 15 136
11 15 136
9 16 137
10 16 137
11 16 137
9 17 138
10 17 138
11 17 138
9 18 139
10 18 139
11 18 139
9 19 140
10 19 140
11 19 140
9 20 141
10 20 141
11 20 141
9 21 142
10 21 142
11 21 142
9 22 143
10 22 143
11 22 143
9 23 144
10 23 144
11 23 144
9 12 145
10 12 145
11 12 145
9 13 146
10 13 146
11 13 146
9 14 147
10 14 147
11 14 147
9 15 148
10 15 148
11 15 148
9 16 149
10 16 149
11 16 149
9 17 150
10 17 150
11 17 150
9 18 151
10 18 151
11 18 151
9 19 152
10 19 152
11 19 152
9 20 153
10 20 153
11 20 153
9 21 154
10 21 154
11 21 154
9 22 155
10 22 155
11 22 155
9 23 156
10 23 156
11 23 156
9 12 157
10 12 157
11 12 157
9 13 158
10 13 158
11 13 158
9 14 159
10 14 159
11 14 159
9 15 160
10 15 160
11 15 160
9 16 161
10 16 161
11 16 161
9 17 162
10 17 162
11 17 162
9 18 163
10 18 163
11 18 163
9 19 164
10 19 164
11 19 164
9 20 165
10 20 165
11 20 165
9 21 166
10 21 166
11 21 166
9 22 167
10 22 167
11 22 167
9 23 168
10 23 168
11 23 168
9 12 169
10 12 169
11 12 169
9 13 170
10 13 170
11 13 170
9 14 171
10 14 171
11 14 171
9 15 172
10 15 172
11 15 172
9 16 173
10 16 173
11 16 173
9 17 174
10 17 174
11 17 174
9 18 175
10 18 175
11 18 175
9 19 176
10 19 176
11 19 176
9 20 177
10 20 177
11 20 177
9 21 178
10 21 178
11 21 178
9 22 179
10 22 179
11 22 179
9 23 180
10 23 180
11 23 180
9 12 181
10 12 181
11 12 181
9 13 182
10 13 182
11 13 182
9 14 183
10 14 183
11 14 183
9 15 184
10 15 184
11 15 184
9 16 185
10 16 185
11 16 185
9 17 186
10 17 186
11 17 186
9 18 187
10 18 187
11 18 187
9 19 188
10 19 188
11 19 188
9 20 189
10 20 189
11 20 189
9 21 190
10 21 190
11 21 190
9 22 191
10 22 191
11 22 191
9 23 192
10 23 192
11 23 192
9 12 193
10 12 193
11 12 193
9 13 194
10 13 194
11 13 194
9 14 195
10 14 195
11 14 195
9 15 196
10 15 196
11 15 196
9 16 197
10 16 197
11 16 197
9 17 198
10 17 198
11 17 198
9 18 199
10 18 199
11 18 199
9 19 200
10 19 200
11 19 200
9 20 201
10 20 201
11 20 201
9 21 202
10 21 202
11 21 202
9 22 203
10 22 203
11 22 203
9 23 204
10 23 204
11 23 204
9 12 205
10 12 205
11 12 205
9 13 206
10 13 206
11 13 206
9 14 207
10 14 207
11 14 207
9 15 208
10 15 208
11 15 208
9 16 209
10 16 209
11 16 209
9 17 210
10 17 210
11 17 210
9 18 211
10 18 211
11 18 211
9 19 212
10 19 212
11 19 212
9 20 213
10 20 213
11 20 213
9 21 214
10 21 214
11 21 214
9 22 215
10 22 215
11 22 215
9 23 216
10 23 216
11 23 216
9 12 217
10 12 217
11 12 217
9 13 218
10 13 218
11 13 218
9 14 219
10 14 219
11 14 219
9 15 220
10 15 220
11 15 220
9 16 221
10 16 221
11 16 221
9 17 222
10 17 222
11 17 222
9 18 223
10 18 223
11 18 223
9 19 224
10 19 224
11 19 224
9 20 225
10 20 225
11 20 225
9 21 226
10 21 226
11 21 226
9 22 227
10 22 227
11 22 227
9 23 228
10 23 228
11 23 228
9 12 229
10 12 229
11 12 229
9 13 230
10 13 230
11 13 230
9 14 231
10 14 231
11 14 231
9 15 232
10 15 232
11 15 232
9 16 233
10 16 233
11 16 233
9 17 234
10 17 234
11 17 234
9 18 235
10 18 235
11 18 235
9 19 236
10 19 236
11 19 236
9 20 237
10 20 237
11 20 237
9 21 238
10 21 238
11 21 238
9 22 239
10 22 239
11 22 239
9 23 240
10 23 240
11 23 240
9 12 241
10 12 241
11 12 241
9 13 242
10 13 242
11 13 242
9 14 243
10 14 243
11 14 243
9 15 244
10 15 244
11 15 244
9 16 245
10 16 245
11 16 245
9 17 246
10 17 246
11 17 246
9 18 247
10 18 247
11 18 247
9 19 248
10 19 248
11 19 248
9 20 249
10 20 249
11 20 249
9 21 250
10 21 250
11 21 250
9 22 251
10 22 251
11 22 251
9 23 252
10 23 252
11 23 252
9 12 253
10 12 253
11 12 253
9 13 254
10 13 254
11 13 254
9 14 255
10 14 255
11 14 255
9 15 256
10 15 256
11 15 256
9 16 257
10 16 257
11 16 257
9 17 258
10 17 258
11 17 258
9 18 259
10 18 259
11 18 259
9 19 260
10 19 260
11 19 260
9 20 261
10 20 261
11 20 261
9 21 262
10 21 262
11 21 262
9 22 263
10 22 263
11 22 263
9 23 264
10 23 264
11 23 264
9 12 265
10 12 265
11 12 265
9 13 266
10 13 266
11 13 266
9 14 267
10 14 267
11 14 267
9 15 268
10 15 268
11 15 268
9 16 269
10 16 269
11 16 269
9 17 270
10 17 270
11 17 270
9 18 271
10 18 271
11 18 271
9 19 272
10 19 272
11 19 272
9 20 273
10 20 273
11 20 273
9 21 274
10 21 274
11 21 274
9 22 275
10 22 275
11 22 275
9 23 276
10 23 276
11 23 276
9 12 277
10 12 277
11 12 277
9 13 278
10 13 278
11 13 278
9 14 279
10 14 279
11 14 279
9 15 280
10 15 280
11 15 280
9 16 281
10 16 281
11 16 281
9 17 282
10 17 282
11 17 282
9 18 283
10 18 283
11 18 283
9 19 284
10 19 284
11 19 284
9 20 285
10 20 285
11 20 285
9 21 286
10 21 286
11 21 286
9 22 287
10 22 287
11 22 287
9 23 288
10 23 288
11 23 288
9 12 289
10 12 289
11 12 289
9 13 290
10 13 290
11 13 290
9 14 291
10 14 291
11 14 291
9 15 292
10 15 292
11 15 292
9 16 293
10 16 293
11 16 293
9 17 294
10 17 294
11 17 294
9 18 295
10 18 295
11 18 295
9 19 296
10 19 296
11 19 296
9 20 297
10 20 297
11 20 297
9 21 298
10 21 298
11 21 298
9 22 299
10 22 299
11 22 299
9 23 300
10 23 300
11 23 300
9 12 301
10 12 301
11 12 301
9 13 302
10 13 302
11 13 302
9 14 303
10 14 303
11 14 303
9 15 304
10 15 304
11 15 304
9 16 305
10 16 305
11 16 305
9 17 306
10 17 306
11 17 306
9 18 307
10 18 307
11 18 307
9 19 308
10 19 308
11 19 308
9 20 309
10 20 309
11 20 309
9 21 310
10 21 310
11 21 310
9 22 311
10 22 311
11 22 311
9 23 312
10 23 312
11 23 312
9 12 313
10 12 313
11 12 313
9 13 314
10 13 314
11 13 314
9 14 315
10 14 315
11 14 315
9 15 316
10 15 316
11 15 316
9 16 317
10 16 317
11 16 317
9 17 318
10 17 318
11 17 318
9 18 319
10 18 319
11 18 319
9 19 320
10 19 320
11 19 320
9 20 321
10 20 321
11 20 321
9 21 322
10 21 322
11 21 322
9 22 323
10 22 323
11 22 323
9 23 324
10 23 324
11 23 324
9 12 325
10 12 325
11 12 325
9 13 326
10 13 326
11 13 326
9 14 327
10 14 327
11 14 327
9 15 328
10 15 328
11 15 328
9 16 329
10 16 329
11 16 329
9 17 330
10 17 330
11 17 330
9 18 331
10 18 331
11 18 331
9 19 332
10 19 332
11 19 332
9 20 333
10 20 333
11 20 333
9 21 334
10 21 334
11 21 334
9 22 335
10 22 335
11 22 335
9 23 336
10 23 336
11 23 336
9 12 337
10 12 337
11 12 337
9 13 338
10 13 338
11 13 338
9 14 339
10 14 339
11 14 339
9 15 340
10 15 340
11 15 340
9 16 341
10 16 341
11 16 341
9 17 342
10 17 342
11 17 342
9 18 343
10 18 343
11 18 343
9 19 344
10 19 344
11 19 344
9 20 345
10 20 345
11 20 345
9 21 346
10 21 346
11 21 346
9 22 347
10 22 347
11 22 347
9 23 348
10 23 348
11 23 348
9 12 349
10 12 349
11 12 349
9 13 350
10 13 350
11 13 350
9 14 351
10 14 351
11 14 351
9 15 352
10 15 352
11 15 352
9 16 353
10 16 353
11 16 353
9 17 354
10 17 354
11 17 354
9 18 355
10 18 355
11 18 355
9 19 356
10 19 356
11 19 356
9 20 357
10 20 357
11 20 357
9 21 358
10 21 358
11 21 358
9 22 359
10 22 359
11 22 359
9 23 360
10 23 360
11 23 360
9 12 361
10 12 361
11 12 361
9 13 362
10 13 362
11 13 362
9 14 363
10 14 363
11 14 363
9 15 364
10 15 364
11 15 364
9 16 365
10 16 365
11 16 365
9 17 366
10 17 366
11 17 366
9 18 367
10 18 367
11 18 367
9 19 368
10 19 368
11 19 368
9 20 369
10 20 369
11 20 369
9 21 370
10 21 370
11 21 370
9 22 371
10 22 371
11 22 371
9 23 372
10 23 372
11 23 372
9 12 373
10 12 373
11 12 373
9 13 374
10 13 374
11 13 374
9 14 375
10 14 375
11 14 375
9 15 376
10 15 376
11 15 376
9 16 377
10 16 377
11 16 377
9 17 378
10 17 378
11 17 378
9 18 379
10 18 379
11 18 379
9 19 380
10 19 380
11 19 380
9 20 381
10 20 381
11 20 381
9 21 382
10 21 382
11 21 382
9 22 383
10 22 383
11 22 383
9 23 384
10 23 384
11 23 384
9 12 385
10 12 385
11 12 385
9 13 386
10 13 386
11 13 386
9 14 387
10 14 387
11 14 387
9 15 388
10 15 388
11 15 388
9 16 389
10 16 389
11 16 389
9 17 390
10 17 390
11 17 390
9 18 391
10 18 391
11 18 391
9 19 392
10 19 392
11 19 392
9 20 393
10 20 393
11 20 393
9 21 394
10 21 394
11 21 394
9 22 395
10 22 395
11 22 395
9 23 396
10 23 396
11 23 396
9 12 397
10 12 397
11 12 397
9 13 398
10 13 398
11 13 398
9 14 399
10 14 399
11 14 399
9 15 400
10 15 400
11 15 400
9 16 401
10 16 401
11 16 401
9 17 402
10 17 402
11 17 402
9 18 403
10 18 403
11 18 403
9 19 404
10 19 404
11 19 404
9 20 405
10 20 405
11 20 405
9 21 406
10 21 406
11 21 406
9 22 407
10 22 407
11 22 407
9 23 408
10 23 408
11 23 408
9 12 409
10 12 409
11 12 409
9 13 410
10 13 410
11 13 410
9 14 411
10 14 411
11 14 411
9 15 412
10 15 412
11 15 412
9 16 413
10 16 413
11 16 413
9 17 414
10 17 414
11 17 414
9 18 415
10 18 415
11 18 415
9 19 416
10 19 416
11 19 416
9 20 417
10 20 417
11 20 417
9 21 418
10 21 418
11 21 418
9 22 419
10 22 419
11 22 419
9 23 420
10 23 420
11 23 420
9 12 421
10 12 421
11 12 421
9 13 422
10 13 422
11 13 422
9 14 423
10 14 423
11 14 423
9 15 424
10 15 424
11 15 424
9 16 425
10 16 425
11 16 425
9 17 426
10 17 426
11 17 426
9 18 427
10 18 427
11 18 427
9 19 428
10 19 428
11 19 428
9 20 429
10 20 429
11 20 429
9 21 430
10 21 430
11 21 430
9 22 431
10 22 431
11 22 431
9 23 432
10 23 432
11 23 432
9 12 433
10 12 433
11 12 433
9 13 434
10 13 434
11 13 434
9 14 435
10 14 435
11 14 435
9 15 436
10 15 436
11 15 436
9 16 437
10 16 437
11 16 437
9 17 438
10 17 438
11 17 438
9 18 439
10 18 439
11 18 439
9 19 440
10 19 440
11 19 440
9 20 441
10 20 441
11 20 441
9 21 442
10 21 442
11 21 442
9 22 443
10 22 443
11 22 443
9 23 444
10 23 444
11 23 444
9 12 445
10 12 445
11 12 445
9 13 446
10 13 446
11 13 446
9 14 447
10 14 447
11 14 447
9 15 448
10 15 448
11 15 448
9 16 449
10 16 449
11 16 449
9 17 450
10 17 450
11 17 450
9 18 451
10 18 451
11 18 451
9 19 452
10 19 452
11 19 452
9 20 453
10 20 453
11 20 453
9 21 454
10 21 454
11 21 454
9 22 455
10 22 455
11 22 455
9 23 456
10 23 456
11 23 456
9 12 457
10 12 457
11 12 457
9 13 458
10 13 458
11 13 458
9 14 459
10 14 459
11 14 459
9 15 460
10 15 460
11 15 460
9 16 461
10 16 461
11 16 461
9 17 462
10 17 462
11 17 462
9 18 463
10 18 463
11 18 463
9 19 464
10 19 464
11 19 464
9 20 465
10 20 465
11 20 465
9 21 466
10 21 466
11 21 466
9 22 467
10 22 467
11 22 467
9 23 468
10 23 468
11 23 468
9 12 469
10 12 469
11 12 469
9 13 470
10 13 470
11 13 470
9 14 471
10 14 471
11 14 471
9 15 472
10 15 472
11 15 472
9 16 473
10 16 473
11 16 473
9 17 474
10 17 474
11 17 474
9 18 475
10 18 475
11 18 475
9 19 476
10 19 476
11 19 476
9 20 477
10 20 477
11 20 477
9 21 478
10 21 478
11 21 478
9 22 479
10 22 479
11 22 479
9 23 480
10 23 480
11 23 480
9 12 481
10 12 481
11 12 481
9 13 482
10 13 482
11 13 482
9 14 483
10 14 483
11 14 483
9 15 484
10 15 484
11 15 484
9 16 485
10 16 485
11 16 485
9 17 486
10 17 486
11 17 486
9 18 487
10 18 487
11 18 487
9 19 488
10 19 488
11 19 488
9 20 489
10 20 489
11 20 489
9 21 490
10 21 490
11 21 490
9 22 491
10 22 491
11 22 491
9 23 492
10 23 492
11 23 492
9 12 493
10 12 493
11 12 493
9 13 494
10 13 494
11 13 494
9 14 495
10 14 495
11 14 495
9 15 496
10 15 496
11 15 496
9 16 497
10 16 497
11 16 497
9 17 498
10 17 498
11 17 498
9 18 499
10 18 499
11 18 499
9 19 500
10 19 500
11 19 500
9 20 501
10 20 501
11 20 501
9 21 502
10 21 502
11 21 502
9 22 503
10 22 503
11 22 503
9 23 504
10 23 504
11 23 504
9 12 505
10 12 505
11 12 505
9 13 506
10 13 506
11 13 506
9 14 507
10 14 507
11 14 507
9 15 508
10 15 508
11 15 508
9 16 509
10 16 509
11 16 509
9 17 510
10 17 510
11 17 510
9 18 511
10 18 511
11 18 511
9 19 512
10 19 512
11 19 512
9 20 513
10 20 513
11 20 513
9 21 514
10 21 514
11 21 514
9 22 515
10 22 515
11 22 515
9 23 516
10 23 516
11 23 516
9 12 517
10 12 517
11 12 517
9 13 518
10 13 518
11 13 518
9 14 519
10 14 519
11 14 519
9 15 520
10 15 520
11 15 520
9 16 521
10 16 521
11 16 521
9 17 522
10 17 522
11 17 522
9 18 523
10 18 523
11 18 523
9 19 524
10 19 524
11 19 524
9 20 525
10 20 525
11 20 525
9 21 526
10 21 526
11 21 526
9 22 527
10 22 527
11 22 527
9 23 528
10 23 528
11 23 528
9 12 529
10 12 529
11 12 529
9 13 530
10 13 530
11 13 530
9 14 531
10 14 531
11 14 531
9 15 532
10 15 532
11 15 532
9 16 533
10 16 533
11 16 533
9 17 534
10 17 534
11 17 534
9 18 535
10 18 535
11 18 535
9 19 536
10 19 536
11 19 536
9 20 537
10 20 537
11 20 537
9 21 538
10 21 538
11 21 538
9 22 539
10 22 539
11 22 539
9 23 540
10 23 540
11 23 540
9 12 541
10 12 541
11 12 541
9 13 542
10 13 542
11 13 542
9 14 543
10 14 543
11 14 543
9 15 544
10 15 544
11 15 544
9 16 545
10 16 545
11 16 545
9 17 546
10 17 546
11 17 546
9 18 547
10 18 547
11 18 547
9 19 548
10 19 548
11 19 548
9 20 549
10 20 549
11 20 549
9 21 550
10 21 550
11 21 550
9 22 551
10 22 551
11 22 551
9 23 552
10 23 552
11 23 552
9 12 553
10 12 553
11 12 553
9 13 554
10 13 554
11 13 554
9 14 555
10 14 555
11 14 555
9 15 556
10 15 556
11 15 556
9 16 557
10 16 557
11 16 557
9 17 558
10 17 558
11 17 558
9 18 559
10 18 559
11 18 559
9 19 560
10 19 560
11 19 560
9 20 561
10 20 561
11 20 561
9 21 562
10 21 562
11 21 562
9 22 563
10 22 563
11 22 563
9 23 564
10 23 564
11 23 564
9 12 565
10 12 565
11 12 565
9 13 566
10 13 566
11 13 566
9 14 567
10 14 567
11 14 567
9 15 568
10 15 568
11 15 568
9 16 569
10 16 569
11 16 569
9 17 570
10 17 570
11 17 570
9 18 571
10 18 571
11 18 571
9 19 572
10 19 572
11 19 572
9 20 573
10 20 573
11 20 573
9 21 574
10 21 574
11 21 574
9 22 575
10 22 575
11 22 575
9 23 576
10 23 576
11 23 576
9 12 577
10 12 577
11 12 577
9 13 578
10 13 578
11 13 578
9 14 579
10 14 579
11 14 579
9 15 580
10 15 580
11 15 580
9 16 581
10 16 581
11 16 581
9 17 582
10 17 582
11 17 582
9 18 583
10 18 583
11 18 583
9 19 584
10 19 584
11 19 584
9 20 585
10 20 585
11 20 585
9 21 586
10 21 586
11 21 586
9 22 587
10 22 587
11 22 587
9 23 588
10 23 588
11 23 588
9 12 589
10 12 589
11 12 589
9 13 590
10 13 590
11 13 590
9 14 591
10 14 591
11 14 591
9 15 592
10 15 592
11 15 592
9 16 593
10 16 593
11 16 593
9 17 594
10 17 594
11 17 594
9 18 595
10 18 595
11 18 595
9 19 596
10 19 596
11 19 596
9 20 597
10 20 597
11 20 597
9 21 598
10 21 598
11 21 598
9 22 599
10 22 599
11 22 599
9 23 600
10 23 600
11 23 600
9 12 601
10 12 601
11 12 601
9 13 602
10 13 602
11 13 602
9 14 603
10 14 603
11 14 603
9 15 604
10 15 604
11 15 604
9 16 605
10 16 605
11 16 605
9 17 606
10 17 606
11 17 606
9 18 607
10 18 607
11 18 607
9 19 608
10 19 608
11 19 608
9 20 609
10 20 609
11 20 609
9 21 610
10 21 610
11 21 610
9 22 611
10 22 611
11 22 611
9 23 612
10 23 612
11 23 612
9 12 613
10 12 613
11 12 613
9 13 614
10 13 614
11 13 614
9 14 615
10 14 615
11 14 615
9 15 616
10 15 616
11 15 616
9 16 617
10 16 617
11 16 617
9 17 618
10 17 618
11 17 618
9 18 619
10 18 619
11 18 619
9 19 620
10 19 620
11 19 620
9 20 621
10 20 621
11 20 621
9 21 622
10 21 622
11 21 622
9 22 623
10 22 623
11 22 623
9 23 624
10 23 624
11 23 624
9 12 625
10 12 625
11 12 625
9 13 626
10 13 626
11 13 626
9 14 627
10 14 627
11 14 627
9 15 628
10 15 628
11 15 628
9 16 629
10 16 629
11 16 629
9 17 630
10 17 630
11 17 630
9 18 631
10 18 631
11 18 631
9 19 632
10 19 632
11 19 632
9 20 633
10 20 633
11 20 633
9 21 634
10 21 634
11 21 634
9 22 635
10 22 635
11 22 635
9 23 636
10 23 636
11 23 636
9 12 637
10 12 637
11 12 637
9 13 638
10 13 638
11 13 638
9 14 639
10 14 639
11 14 639
9 15 640
10 15 640
11 15 640
9 16 641
10 16 641
11 16 641
9 17 642
10 17 642
11 17 642
9 18 643
10 18 643
11 18 643
9 19 644
10 19 644
11 19 644
9 20 645
10 20 645
11 20 645
9 21 646
10 21 646
11 21 646
9 22 647
10 22 647
11 22 647
9 23 648
10 23 648
11 23 648
9 12 649
10 12 649
11 12 649
9 13 650
10 13 650
11 13 650
9 14 651
10 14 651
11 14 651
9 15 652
10 15 652
11 15 652
9 16 653
10 16 653
11 16 653
9 17 654
10 17 654
11 17 654
9 18 655
10 18 655
11 18 655
9 19 656
10 19 656
11 19 656
9 20 657
10 20 657
11 20 657
9 21 658
10 21 658
11 21 658
9 22 659
10 22 659
11 22 659
9 23 660
10 23 660
11 23 660
9 12 661
10 12 661
11 12 661
9 13 662
10 13 662
11 13 662
9 14 663
10 14 663
11 14 663
9 15 664
10 15 664
11 15 664
9 16 665
10 16 665
11 16 665
9 17 666
10 17 666
11 17 666
9 18 667
10 18 667
11 18 667
9 19 668
10 19 668
11 19 668
9 20 669
10 20 669
11 20 669
9 21 670
10 21 670
11 21 670
9 22 671
10 22 671
11 22 671
9 23 672
10 23 672
11 23 672
9 12 673
10 12 673
11 12 673
9 13 674
10 13 674
11 13 674
9 14 675
10 14 675
11 14 675
9 15 676
10 15 676
11 15 676
9 16 677
10 16 677
11 16 677
9 17 678
10 17 678
11 17 678
9 18 679
10 18 679
11 18 679
9 19 680
10 19 680
11 19 680
9 20 681
10 20 681
11 20 681
9 21 682
10 21 682
11 21 682
9 22 683
10 22 683
11 22 683
9 23 684
10 23 684
11 23 684
9 12 685
10 12 685
11 12 685
9 13 686
10 13 686
11 13 686
9 14 687
10 14 687
11 14 687
9 15 688
10 15 688
11 15 688
9 16 689
10 16 689
11 16 689
9 17 690
10 17 690
11 17 690
9 18 691
10 18 691
11 18 691
9 19 692
10 19 692
11 19 692
9 20 693
10 20 693
11 20 693
9 21 694
10 21 694
11 21 694
9 22 695
10 22 695
11 22 695
9 23 696
10 23 696
11 23 696
9 12 697
10 12 697
11 12 697
9 13 698
10 13 698
11 13 698
9 14 699
10 14 699
11 14 699
9 15 700
10 15 700
11 15 700
9 16 701
10 16 701
11 16 701
9 17 702
10 17 702
11 17 702
9 18 703
10 18 703
11 18 703
9 19 704
10 19 704
11 19 704
9 20 705
10 20 705
11 20 705
9 21 706
10 21 706
11 21 706
9 22 707
10 22 707
11 22 707
9 23 708
10 23 708
11 23 708
9 12 709
10 12 709
11 12 709
9 13 710
10 13 710
11 13 710
9 14 711
10 14 711
11 14 711
9 15 712
10 15 712
11 15 712
9 16 713
10 16 713
11 16 713
9 17 714
10 17 714
11 17 714
9 18 715
10 18 715
11 18 715
9 19 716
10 19 716
11 19 716
9 20 717
10 20 717
11 20 717
9 21 718
10 21 718
11 21 718
9 22 719
10 22 719
11 22 719
9 23 720
10 23 720
11 23 720
9 12 721
10 12 721
11 12 721
9 13 722
10 13 722
11 13 722
9 14 723
10 14 723
11 14 723
9 15 724
10 15 724
11 15 724
9 16 725
10 16 725
11 16 725
9 17 726
10 17 726
11 17 726
9 18 727
10 18 727
11 18 727
9 19 728
10 19 728
11 19 728
9 20 729
10 20 729
11 20 729
9 21 730
10 21 730
11 21 730
9 22 731
10 22 731
11 22 731
9 23 732
10 23 732
11 23 732
9 12 733
10 12 733
11 12 733
9 13 734
10 13 734
11 13 734
9 14 735
10 14 735
11 14 735
9 15 736
10 15 736
11 15 736
9 16 737
10 16 737
11 16 737
9 17 738
10 17 738
11 17 738
9 18 739
10 18 739
11 18 739
9 19 740
10 19 740
11 19 740
9 20 741
10 20 741
11 20 741
9 21 742
10 21 742
11 21 742
9 22 743
10 22 743
11 22 743
9 23 744
10 23 744
11 23 744
9 12 745
10 12 745
11 12 745
9 13 746
10 13 746
11 13 746
9 14 747
10 14 747
11 14 747
9 15 748
10 15 748
11 15 748
9 16 749
10 16 749
11 16 749
9 17 750
10 17 750
11 17 750
9 18 751
10 18 751
11 18 751
9 19 752
10 19 752
11 19 752
9 20 753
10 20 753
11 20 753
9 21 754
10 21 754
11 21 754
9 22 755
10 22 755
11 22 755
9 23 756
10 23 756
11 23 756
9 12 757
10 12 757
11 12 757
9 13 758
10 13 758
11 13 758
9 14 759
10 14 759
11 14 759
9 15 760
10 15 760
11 15 760
9 16 761
10 16 761
11 16 761
9 17 762
10 17 762
11 17 762
9 18 763
10 18 763
11 18 763
9 19 764
10 19 764
11 19 764
9 20 765
10 20 765
11 20 765
9 21 766
10 21 766
11 21 766
9 22 767
10 22 767
11 22 767
9 23 768
10 23 768
11 23 768
9 12 769
10 12 769
11 12 769
9 13 770
10 13 770
11 13 770
9 14 771
10 14 771
11 14 771
9 15 772
10 15 772
11 15 772
9 16 773
10 16 773
11 16 773
9 17 774
10 17 774
11 17 774
9 18 775
10 18 775
11 18 775
9 19 776
10 19 776
11 19 776
9 20 777
10 20 777
11 20 777
9 21 778
10 21 778
11 21 778
9 22 779
10 22 779
11 22 779
9 23 780
10 23 780
11 23 780
9 12 781
10 12 781
11 12 781
9 13 782
10 13 782
11 13 782
9 14 783
10 14 783
11 14 783
9 15 784
10 15 784
11 15 784
9 16 785
10 16 785
11 16 785
9 17 786
10 17 786
11 17 786
9 18 787
10 18 787
11 18 787
9 19 788
10 19 788
11 19 788
9 20 789
10 20 789
11 20 789
9 21 790
10 21 790
11 21 790
9 22 791
10 22 791
11 22 791
9 23 792
10 23 792
11 23 792
9 12 793
10 12 793
11 12 793
9 13 794
10 13 794
11 13 794
9 14 795
10 14 795
11 14 795
9 15 796
10 15 796
11 15 796
9 16 797
10 16 797
11 16 797
9 17 798
10 17 798
11 17 798
9 18 799
10 18 799
11 18 799
9 19 800
10 19 800
11 19 800
9 20 801
10 20 801
11 20 801
9 21 802
10 21 802
11 21 802
9 22 803
10 22 803
11 22 803
9 23 804
10 23 804
11 23 804
9 12 805
10 12 805
11 12 805
9 13 806
10 13 806
11 13 806
9 14 807
10 14 807
11 14 807
9 15 808
10 15 808
11 15 808
9 16 809
10 16 809
11 16 809
9 17 810
10 17 810
11 17 810
9 18 811
10 18 811
11 18 811
9 19 812
10 19 812
11 19 812
9 20 813
10 20 813
11 20 813
9 21 814
10 21 814
11 21 814
9 22 815
10 22 815
11 22 815
9 23 816
10 23 816
11 23 816
9 12 817
10 12 817
11 12 817
9 13 818
10 13 818
11 13 818
9 14 819
10 14 819
11 14 819
9 15 820
10 15 820
11 15 820
9 16 821
10 16 821
11 16 821
9 17 822
10 17 822
11 17 822
9 18 823
10 18 823
11 18 823
9 19 824
10 19 824
11 19 824
9 20 825
10 20 825
11 20 825
9 21 826
10 21 826
11 21 826
9 22 827
10 22 827
11 22 827
9 23 828
10 23 828
11 23 828
9 12 829
10 12 829
11 12 829
9 13 830
10 13 830
11 13 830
9 14 831
10 14 831
11 14 831
9 15 832
10 15 832
11 15 832
9 16 833
10 16 833
11 16 833
9 17 834
10 17 834
11 17 834
9 18 835
10 18 835
11 18 835
9 19 836
10 19 836
11 19 836
9 20 837
10 20 837
11 20 837
9 21 838
10 21 838
11 21 838
9 22 839
10 22 839
11 22 839
9 23 840
10 23 840
11 23 840
9 12 841
10 12 841
11 12 841
9 13 842
10 13 842
11 13 842
9 14 843
10 14 843
11 14 843
9 15 844
10 15 844
11 15 844
9 16 845
10 16 845
11 16 845
9 17 846
10 17 846
11 17 846
9 18 847
10 18 847
11 18 847
9 19 848
10 19 848
11 19 848
9 20 849
10 20 849
11 20 849
9 21 850
10 21 850
11 21 850
9 22 851
10 22 851
11 22 851
9 23 852
10 23 852
11 23 852
9 12 853
10 12 853
11 12 853
9 13 854
10 13 854
11 13 854
9 14 855
10 14 855
11 14 855
9 15 856
10 15 856
11 15 856
9 16 857
10 16 857
11 16 857
9 17 858
10 17 858
11 17 858
9 18 859
10 18 859
11 18 859
9 19 860
10 19 860
11 19 860
9 20 861
10 20 861
11 20 861
9 21 862
10 21 862
11 21 862
9 22 863
10 22 863
11 22 863
9 23 864
10 23 864
11 23 864
9 12 865
10 12 865
11 12 865
9 13 866
10 13 866
11 13 866
9 14 867
10 14 867
11 14 867
9 15 868
10 15 868
11 15 868
9 16 869
10 16 869
11 16 869
9 17 870
10 17 870
11 17 870
9 18 871
10 18 871
11 18 871
9 19 872
10 19 872
11 19 872
9 20 873
10 20 873
11 20 873
9 21 874
10 21 874
11 21 874
9 22 875
10 22 875
11 22 875
9 23 876
10 23 876
11 23 876
9 12 877
10 12 877
11 12 877
9 13 878
10 13 878
11 13 878
9 14 879
10 14 879
11 14 879
9 15 880
10 15 880
11 15 880
9 16 881
10 16 881
11 16 881
9 17 882
10 17 882
11 17 882
9 18 883
10 18 883
11 18 883
9 19 884
10 19 884
11 19 884
9 20 885
10 20 885
11 20 885
9 21 886
10 21 886
11 21 886
9 22 887
10 22 887
11 22 887
9 23 888
10 23 888
11 23 888
9 12 889
10 12 889
11 12 889
9 13 890
10 13 890
11 13 890
9 14 891
10 14 891
11 14 891
9 15 892
10 15 892
11 15 892
9 16 893
10 16 893
11 16 893
9 17 894
10 17 894
11 17 894
9 18 895
10 18 895
11 18 895
9 19 896
10 19 896
11 19 896
9 20 897
10 20 897
11 20 897
9 21 898
10 21 898
11 21 898
9 22 899
10 22 899
11 22 899
9 23 900
10 23 900
11 23 900
9 12 901
10 12 901
11 12 901
9 13 902
10 13 902
11 13 902
9 14 903
10 14 903
11 14 903
9 15 904
10 15 904
11 15 904
9 16 905
10 16 905
11 16 905
9 17 906
10 17 906
11 17 906
9 18 907
10 18 907
11 18 907
9 19 908
10 19 908
11 19 908
9 20 909
10 20 909
11 20 909
9 21 910
10 21 910
11 21 910
9 22 911
10 22 911
11 22 911
9 23 912
10 23 912
11 23 912
9 12 913
10 12 913
11 12 913
9 13 914
10 13 914
11 13 914
9 14 915
10 14 915
11 14 915
9 15 916
10 15 916
11 15 916
9 16 917
10 16 917
11 16 917
9 17 918
10 17 918
11 17 918
9 18 919
10 18 919
11 18 919
9 19 920
10 19 920
11 19 920
9 20 921
10 20 921
11 20 921
9 21 922
10 21 922
11 21 922
9 22 923
10 22 923
11 22 923
9 23 924
10 23 924
11 23 924
9 12 925
10 12 925
11 12 925
9 13 926
10 13 926
11 13 926
9 14 927
10 14 927
11 14 927
9 15 928
10 15 928
11 15 928
9 16 929
10 16 929
11 16 929
9 17 930
10 17 930
11 17 930
9 18 931
10 18 931
11 18 931
9 19 932
10 19 932
11 19 932
9 20 933
10 20 933
11 20 933
9 21 934
10 21 934
11 21 934
9 22 935
10 22 935
11 22 935
9 23 936
10 23 936
11 23 936
9 12 937
10 12 937
11 12 937
9 13 938
10 13 938
11 13 938
9 14 939
10 14 939
11 14 939
9 15 940
10 15 940
11 15 940
9 16 941
10 16 941
11 16 941
9 17 942
10 17 942
11 17 942
9 18 943
10 18 943
11 18 943
9 19 944
10 19 944
11 19 944
9 20 945
10 20 945
11 20 945
9 21 946
10 21 946
11 21 946
9 22 947
10 22 947
11 22 947
9 23 948
10 23 948
11 23 948
9 12 949
10 12 949
11 12 949
9 13 950
10 13 950
11 13 950
9 14 951
10 14 951
11 14 951
9 15 952
10 15 952
11 15 952
9 16 953
10 16 953
11 16 953
9 17 954
10 17 954
11 17 954
9 18 955
10 18 955
11 18 955
9 19 956
10 19 956
11 19 956
9 20 957
10 20 957
11 20 957
9 21 958
10 21 958
11 21 958
9 22 959
10 22 959
11 22 959
9 23 960
10 23 960
11 23 960
9 12 961
10 12 961
11 12 961
9 13 962
10 13 962
11 13 962
9 14 963
10 14 963
11 14 963
9 15 964
10 15 964
11 15 964
9 16 965
10 16 965
11 16 965
9 17 966
10 17 966
11 17 966
9 18 967
10 18 967
11 18 967
9 19 968
10 19 968
11 19 968
9 20 969
10 20 969
11 20 969
9 21 970
10 21 970
11 21 970
9 22 971
10 22 971
11 22 971
9 23 972
10 23 972
11 23 972
9 12 973
10 12 973
11 12 973
9 13 974
10 13 974
11 13 974
9 14 975
10 14 975
11 14 975
9 15 976
10 15 976
11 15 976
9 16 977
10 16 977
11 16 977
9 17 978
10 17 978
11 17 978
9 18 979
10 18 979
11 18 979
9 19 980
10 19 980
11 19 980
9 20 981
10 20 981
11 20 981
9 21 982
10 21 982
11 21 982
9 22 983
10 22 983
11 22 983
9 23 984
10 23 984
11 23 984
9 12 985
10 12 985
11 12 985
9 13 986
10 13 986
11 13 986
9 14 987
10 14 987
11 14 987
9 15 988
10 15 988
11 15 988
9 16 989
10 16 989
11 16 989
9 17 990
10 17 990
11 17 990
9 18 991
10 18 991
11 18 991
9 19 992
10 19 992
11 19 992
9 20 993
10 20 993
11 20 993
9 21 994
10 21 994
11 21 994
9 22 995
10 22 995
11 22 995
9 23 996
10 23 996
11 23 996
9 12 997
10 12 997
11 12 997
9 13 998
10 13 998
11 13 998
9 14 999
10 14 999
11 14 999
9 15 1000
10 15 1000
11 15 1000
9 16 1001
10 16 1001
11 16 1001
9 17 1002
10 17 1002
11 17 1002
9 18 1003
10 18 1003
11 18 1003
9 19 1004
10 19 1004
11 19 1004
9 20 1005
10 20 1005
11 20 1005
9 21 1006
10 21 1006
11 21 1006
9 22 1007
10 22 1007
11 22 1007
9 23 1008
10 23 1008
11 23 1008
9 12 1009
10 12 1009
11 12 1009
9 13 1010
10 13 1010
11 13 1010
9 14 1011
10 14 1011
11 14 1011
9 15 1012
10 15 1012
11 15 1012
9 16 1013
10 16 1013
11 16 1013
9 17 1014
10 17 1014
11 17 1014
9 18 1015
10 18 1015
11 18 1015
9 19 1016
10 19 1016
11 19 1016
9 20 1017
10 20 1017
11 20 1017
9 21 1018
10 21 1018
11 21 1018
9 22 1019
10 22 1019
11 22 1019
9 23 1020
10 23 1020
11 23 1020
9 12 1021
10 12 1021
11 12 1021
9 13 1022
10 13 1022
11 13 1022
9 14 1023
10 14 1023
11 14 1023
9 15 1024
10 15 1024
11 15 1024
9 16 1025
10 16 1025
11 16 1025
9 17 1026
10 17 1026
11 17 1026
9 18 1027
10 18 1027
11 18 1027
9 19 1028
10 19 1028
11 19 1028
9 20 1029
10 20 1029
11 20 1029
9 21 1030
10 21 1030
11 21 1030
9 22 1031
10 22 1031
11 22 1031
9 23 1032
10 23 1032
11 23 1032
9 12 1033
10 12 1033
11 12 1033
9 13 1034
10 13 1034
11 13 1034
9 14 1035
10 14 1035
11 14 1035
9 15 1036
10 15 1036
11 15 1036
9 16 1037
10 16 1037
11 16 1037
9 17 1038
10 17 1038
11 17 1038
9 18 1039
10 18 1039
11 18 1039
9 19 1040
10 19 1040
11 19 1040
9 20 1041
10 20 1041
11 20 1041
9 21 1042
10 21 1042
11 21 1042
9 22 1043
10 22 1043
11 22 1043
9 23 1044
10 23 1044
11 23 1044
9 12 1045
10 12 1045
11 12 1045
9 13 1046
10 13 1046
11 13 1046
9 14 1047
10 14 1047
11 14 1047
9 15 1048
10 15 1048
11 15 1048
9 16 1049
10 16 1049
11 16 1049
9 17 1050
10 17 1050
11 17 1050
9 18 1051
10 18 1051
11 18 1051
9 19 1052
10 19 1052
11 19 1052
9 20 1053
10 20 1053
11 20 1053
9 21 1054
10 21 1054
11 21 1054
9 22 1055
10 22 1055
11 22 1055
9 23 1056
10 23 1056
11 23 1056
9 12 1057
10 12 1057
11 12 1057
9 13 1058
10 13 1058
11 13 1058
9 14 1059
10 14 1059
11 14 1059
9 15 1060
10 15 1060
11 15 1060
9 16 1061
10 16 1061
11 16 1061
9 17 1062
10 17 1062
11 17 1062
9 18 1063
10 18 1063
11 18 1063
9 19 1064
10 19 1064
11 19 1064
9 20 1065
10 20 1065
11 20 1065
9 21 1066
10 21 1066
11 21 1066
9 22 1067
10 22 1067
11 22 1067
9 23 1068
10 23 1068
11 23 1068
9 12 1069
10 12 1069
11 12 1069
9 13 1070
10 13 1070
11 13 1070
9 14 1071
10 14 1071
11 14 1071
9 15 1072
10 15 1072
11 15 1072
9 16 1073
10 16 1073
11 16 1073
9 17 1074
10 17 1074
11 17 1074
9 18 1075
10 18 1075
11 18 1075
9 19 1076
10 19 1076
11 19 1076
9 20 1077
10 20 1077
11 20 1077
9 21 1078
10 21 1078
11 21 1078
9 22 1079
10 22 1079
11 22 1079
9 23 1080
10 23 1080
11 23 1080
9 12 1081
10 12 1081
11 12 1081
9 13 1082
10 13 1082
11 13 1082
9 14 1083
10 14 1083
11 14 1083
9 15 1084
10 15 1084
11 15 1084
9 16 1085
10 16 1085
11 16 1085
9 17 1086
10 17 1086
11 17 1086
9 18 1087
10 18 1087
11 18 1087
9 19 1088
10 19 1088
11 19 1088
9 20 1089
10 20 1089
11 20 1089
9 21 1090
10 21 1090
11 21 1090
9 22 1091
10 22 1091
11 22 1091
9 23 1092
10 23 1092
11 23 1092
9 12 1093
10 12 1093
11 12 1093
9 13 1094
10 13 1094
11 13 1094
9 14 1095
10 14 1095
11 14 1095
9 15 1096
10 15 1096
11 15 1096
9 16 1097
10 16 1097
11 16 1097
9 17 1098
10 17 1098
11 17 1098
9 18 1099
10 18 1099
11 18 1099
9 19 1100
10 19 1100
11 19 1100
9 20 1101
10 20 1101
11 20 1101
9 21 1102
10 21 1102
11 21 1102
9 22 1103
10 22 1103
11 22 1103
9 23 1104
10 23 1104
11 23 1104
9 12 1105
10 12 1105
11 12 1105
9 13 1106
10 13 1106
11 13 1106
9 14 1107
10 14 1107
11 14 1107
9 15 1108
10 15 1108
11 15 1108
9 16 1109
10 16 1109
11 16 1109
9 17 1110
10 17 1110
11 17 1110
9 18 1111
10 18 1111
11 18 1111
9 19 1112
10 19 1112
11 19 1112
9 20 1113
10 20 1113
11 20 1113
9 21 1114
10 21 1114
11 21 1114
9 22 1115
10 22 1115
11 22 1115
9 23 1116
10 23 1116
11 23 1116
9 12 1117
10 12 1117
11 12 1117
9 13 1118
10 13 1118
11 13 1118
9 14 1119
10 14 1119
11 14 1119
9 15 1120
10 15 1120
11 15 1120
9 16 1121
10 16 1121
11 16 1121
9 17 1122
10 17 1122
11 17 1122
9 18 1123
10 18 1123
11 18 1123
9 19 1124
10 19 1124
11 19 1124
9 20 1125
10 20 1125
11 20 1125
9 21 1126
10 21 1126
11 21 1126
9 22 1127
10 22 1127
11 22 1127
9 23 1128
10 23 1128
11 23 1128
9 12 1129
10 12 1129
11 12 1129
9 13 1130
10 13 1130
11 13 1130
9 14 1131
10 14 1131
11 14 1131
9 15 1132
10 15 1132
11 15 1132
9 16 1133
10 16 1133
11 16 1133
9 17 1134
10 17 1134
11 17 1134
9 18 1135
10 18 1135
11 18 1135
9 19 1136
10 19 1136
11 19 1136
9 20 1137
10 20 1137
11 20 1137
9 21 1138
10 21 1138
11 21 1138
9 22 1139
10 22 1139
11 22 1139
9 23 1140
10 23 1140
11 23 1140
9 12 1141
10 12 1141
11 12 1141
9 13 1142
10 13 1142
11 13 1142
9 14 1143
10 14 1143
11 14 1143
9 15 1144
10 15 1144
11 15 1144
9 16 1145
10 16 1145
11 16 1145
9 17 1146
10 17 1146
11 17 1146
9 18 1147
10 18 1147
11 18 1147
9 19 1148
10 19 1148
11 19 1148
9 20 1149
10 20 1149
11 20 1149
9 21 1150
10 21 1150
11 21 1150
9 22 1151
10 22 1151
11 22 1151
9 23 1152
10 23 1152
11 23 1152
9 12 1153
10 12 1153
11 12 1153
9 13 1154
10 13 1154
11 13 1154
9 14 1155
10 14 1155
11 14 1155
9 15 1156
10 15 1156
11 15 1156
9 16 1157
10 16 1157
11 16 1157
9 17 1158
10 17 1158
11 17 1158
9 18 1159
10 18 1159
11 18 1159
9 19 1160
10 19 1160
11 19 1160
9 20 1161
10 20 1161
11 20 1161
9 21 1162
10 21 1162
11 21 1162
9 22 1163
10 22 1163
11 22 1163
9 23 1164
10 23 1164
11 23 1164
9 12 1165
10 12 1165
11 12 1165
9 13 1166
10 13 1166
11 13 1166
9 14 1167
10 14 1167
11 14 1167
9 15 1168
10 15 1168
11 15 1168
9 16 1169
10 16 1169
11 16 1169
9 17 1170
10 17 1170
11 17 1170
9 18 1171
10 18 1171
11 18 1171
9 19 1172
10 19 1172
11 19 1172
9 20 1173
10 20 1173
11 20 1173
9 21 1174
10 21 1174
11 21 1174
9 22 1175
10 22 1175
11 22 1175
9 23 1176
10 23 1176
11 23 1176
9 12 1177
10 12 1177
11 12 1177
9 13 1178
10 13 1178
11 13 1178
9 14 1179
10 14 1179
11 14 1179
9 15 1180
10 15 1180
11 15 1180
9 16 1181
10 16 1181
11 16 1181
9 17 1182
10 17 1182
11 17 1182
9 18 1183
10 18 1183
11 18 1183
9 19 1184
10 19 1184
11 19 1184
9 20 1185
10 20 1185
11 20 1185
9 21 1186
10 21 1186
11 21 1186
9 22 1187
10 22 1187
11 22 1187
9 23 1188
10 23 1188
11 23 1188
9 12 1189
10 12 1189
11 12 1189
9 13 1190
10 13 1190
11 13 1190
9 14 1191
10 14 1191
11 14 1191
9 15 1192
10 15 1192
11 15 1192
9 16 1193
10 16 1193
11 16 1193
9 17 1194
10 17 1194
11 17 1194
9 18 1195
10 18 1195
11 18 1195
9 19 1196
10 19 1196
11 19 1196
9 20 1197
10 20 1197
11 20 1197
9 21 1198
10 21 1198
11 21 1198
9 22 1199
10 22 1199
11 22 1199
9 23 1200
10 23 1200
11 23 1200
9 12 1201
10 12 1201
11 12 1201
9 13 1202
10 13 1202
11 13 1202
9 14 1203
10 14 1203
11 14 1203
9 15 1204
10 15 1204
11 15 1204
9 16 1205
10 16 1205
11 16 1205
9 17 1206
10 17 1206
11 17 1206
9 18 1207
10 18 1207
11 18 1207
9 19 1208
10 19 1208
11 19 1208
9 20 1209
10 20 1209
11 20 1209
9 21 1210
10 21 1210
11 21 1210
9 22 1211
10 22 1211
11 22 1211
9 23 1212
10 23 1212
11 23 1212
9 12 1213
10 12 1213
11 12 1213
9 13 1214
10 13 1214
11 13 1214
9 14 1215
10 14 1215
11 14 1215
9 15 1216
10 15 1216
11 15 1216
9 16 1217
10 16 1217
11 16 1217
9 17 1218
10 17 1218
11 17 1218
9 18 1219
10 18 1219
11 18 1219
9 19 1220
10 19 1220
11 19 1220
9 20 1221
10 20 1221
11 20 1221
9 21 1222
10 21 1222
11 21 1222
9 22 1223
10 22 1223
11 22 1223
9 23 1224
10 23 1224
11 23 1224
9 12 1225
10 12 1225
11 12 1225
9 13 1226
10 13 1226
11 13 1226
9 14 1227
10 14 1227
11 14 1227
9 15 1228
10 15 1228
11 15 1228
9 16 1229
10 16 1229
11 16 1229
9 17 1230
10 17 1230
11 17 1230
9 18 1231
10 18 1231
11 18 1231
9 19 1232
10 19 1232
11 19 1232
9 20 1233
10 20 1233
11 20 1233
9 21 1234
10 21 1234
11 21 1234
9 22 1235
10 22 1235
11 22 1235
9 23 1236
10 23 1236
11 23 1236
9 12 1237
10 12 1237
11 12 1237
9 13 1238
10 13 1238
11 13 1238
9 14 1239
10 14 1239
11 14 1239
9 15 1240
10 15 1240
11 15 1240
9 16 1241
10 16 1241
11 16 1241
9 17 1242
10 17 1242
11 17 1242
9 18 1243
10 18 1243
11 18 1243
9 19 1244
10 19 1244
11 19 1244
9 20 1245
10 20 1245
11 20 1245
9 21 1246
10 21 1246
11 21 1246
9 22 1247
10 22 1247
11 22 1247
9 23 1248
10 23 1248
11 23 1248
9 12 1249
10 12 1249
11 12 1249
9 13 1250
10 13 1250
11 13 1250
9 14 1251
10 14 1251
11 14 1251
9 15 1252
10 15 1252
11 15 1252
9 16 1253
10 16 1253
11 16 1253
9 17 1254
10 17 1254
11 17 1254
9 18 1255
10 18 1255
11 18 1255
9 19 1256
10 19 1256
11 19 1256
9 20 1257
10 20 1257
11 20 1257
9 21 1258
10 21 1258
11 21 1258
9 22 1259
10 22 1259
11 22 1259
9 23 1260
10 23 1260
11 23 1260
9 12 1261
10 12 1261
11 12 1261
9 13 1262
10 13 1262
11 13 1262
9 14 1263
10 14 1263
11 14 1263
9 15 1264
10 15 1264
11 15 1264
9 16 1265
10 16 1265
11 16 1265
9 17 1266
10 17 1266
11 17 1266
9 18 1267
10 18 1267
11 18 1267
9 19 1268
10 19 1268
11 19 1268
9 20 1269
10 20 1269
11 20 1269
9 21 1270
10 21 1270
11 21 1270
9 22 1271
10 22 1271
11 22 1271
9 23 1272
10 23 1272
11 23 1272
9 12 1273
10 12 1273
11 12 1273
9 13 1274
10 13 1274
11 13 1274
9 14 1275
10 14 1275
11 14 1275
9 15 1276
10 15 1276
11 15 1276
9 16 1277
10 16 1277
11 16 1277
9 17 1278
10 17 1278
11 17 1278
9 18 1279
10 18 1279
11 18 1279
9 19 1280
10 19 1280
11 19 1280
9 20 1281
10 20 1281
11 20 1281
9 21 1282
10 21 1282
11 21 1282
9 22 1283
10 22 1283
11 22 1283
9 23 1284
10 23 1284
11 23 1284
9 12 1285
10 12 1285
11 12 1285
9 13 1286
10 13 1286
11 13 1286
9 14 1287
10 14 1287
11 14 1287
9 15 1288
10 15 1288
11 15 1288
9 16 1289
10 16 1289
11 16 1289
9 17 1290
10 17 1290
11 17 1290
9 18 1291
10 18 1291
11 18 1291
9 19 1292
10 19 1292
11 19 1292
9 20 1293
10 20 1293
11 20 1293
9 21 1294
10 21 1294
11 21 1294
9 22 1295
10 22 1295
11 22 1295
9 23 1296
10 23 1296
11 23 1296
9 12 1297
10 12 1297
11 12 1297
9 13 1298
10 13 1298
11 13 1298
9 14 1299
10 14 1299
11 14 1299
9 15 1300
10 15 1300
11 15 1300
9 16 1301
10 16 1301
11 16 1301
9 17 1302
10 17 1302
11 17 1302
9 18 1303
10 18 1303
11 18 1303
9 19 1304
10 19 1304
11 19 1304
9 20 1305
10 20 1305
11 20 1305
9 21 1306
10 21 1306
11 21 1306
9 22 1307
10 22 1307
11 22 1307
9 23 1308
10 23 1308
11 23 1308
9 12 1309
10 12 1309
11 12 1309
9 13 1310
10 13 1310
11 13 1310
9 14 1311
10 14 1311
11 14 1311
9 15 1312
10 15 1312
11 15 1312
9 16 1313
10 16 1313
11 16 1313
9 17 1314
10 17 1314
11 17 1314
9 18 1315
10 18 1315
11 18 1315
9 19 1316
10 19 1316
11 19 1316
9 20 1317
10 20 1317
11 20 1317
9 21 1318
10 21 1318
11 21 1318
9 22 1319
10 22 1319
11 22 1319
9 23 1320
10 23 1320
11 23 1320
9 12 1321
10 12 1321
11 12 1321
9 13 1322
10 13 1322
11 13 1322
9 14 1323
10 14 1323
11 14 1323
9 15 1324
10 15 1324
11 15 1324
9 16 1325
10 16 1325
11 16 1325
9 17 1326
10 17 1326
11 17 1326
9 18 1327
10 18 1327
11 18 1327
9 19 1328
10 19 1328
11 19 1328
9 20 1329
10 20 1329
11 20 1329
9 21 1330
10 21 1330
11 21 1330
9 22 1331
10 22 1331
11 22 1331
9 23 1332
10 23 1332
11 23 1332
9 12 1333
10 12 1333
11 12 1333
9 13 1334
10 13 1334
11 13 1334
9 14 1335
10 14 1335
11 14 1335
9 15 1336
10 15 1336
11 15 1336
9 16 1337
10 16 1337
11 16 1337
9 17 1338
10 17 1338
11 17 1338
9 18 1339
10 18 1339
11 18 1339
9 19 1340
10 19 1340
11 19 1340
9 20 1341
10 20 1341
11 20 1341
9 21 1342
10 21 1342
11 21 1342
9 22 1343
10 22 1343
11 22 1343
9 23 1344
10 23 1344
11 23 1344
9 12 1345
10 12 1345
11 12 1345
9 13 1346
10 13 1346
11 13 1346
9 14 1347
10 14 1347
11 14 1347
9 15 1348
10 15 1348
11 15 1348
9 16 1349
10 16 1349
11 16 1349
9 17 1350
10 17 1350
11 17 1350
9 18 1351
10 18 1351
11 18 1351
9 19 1352
10 19 1352
11 19 1352
9 20 1353
10 20 1353
11 20 1353
9 21 1354
10 21 1354
11 21 1354
9 22 1355
10 22 1355
11 22 1355
9 23 1356
10 23 1356
11 23 1356
9 12 1357
10 12 1357
11 12 1357
9 13 1358
10 13 1358
11 13 1358
9 14 1359
10 14 1359
11 14 1359
9 15 1360
10 15 1360
11 15 1360
9 16 1361
10 16 1361
11 16 1361
9 17 1362
10 17 1362
11 17 1362
9 18 1363
10 18 1363
11 18 1363
9 19 1364
10 19 1364
11 19 1364
9 20 1365
10 20 1365
11 20 1365
9 21 1366
10 21 1366
11 21 1366
9 22 1367
10 22 1367
11 22 1367
9 23 1368
10 23 1368
11 23 1368
9 12 1369
10 12 1369
11 12 1369
9 13 1370
10 13 1370
11 13 1370
9 14 1371
10 14 1371
11 14 1371
9 15 1372
10 15 1372
11 15 1372
9 16 1373
10 16 1373
11 16 1373
9 17 1374
10 17 1374
11 17 1374
9 18 1375
10 18 1375
11 18 1375
9 19 1376
10 19 1376
11 19 1376
9 20 1377
10 20 1377
11 20 1377
9 21 1378
10 21 1378
11 21 1378
9 22 1379
10 22 1379
11 22 1379
9 23 1380
10 23 1380
11 23 1380
9 12 1381
10 12 1381
11 12 1381
9 13 1382
10 13 1382
11 13 1382
9 14 1383
10 14 1383
11 14 1383
9 15 1384
10 15 1384
11 15 1384
9 16 1385
10 16 1385
11 16 1385
9 17 1386
10 17 1386
11 17 1386
9 18 1387
10 18 1387
11 18 1387
9 19 1388
10 19 1388
11 19 1388
9 20 1389
10 20 1389
11 20 1389
9 21 1390
10 21 1390
11 21 1390
9 22 1391
10 22 1391
11 22 1391
9 23 1392
10 23 1392
11 23 1392
9 12 1393
10 12 1393
11 12 1393
9 13 1394
10 13 1394
11 13 1394
9 14 1395
10 14 1395
11 14 1395
9 15 1396
10 15 1396
11 15 1396
9 16 1397
10 16 1397
11 16 1397
9 17 1398
10 17 1398
11 17 1398
9 18 1399
10 18 1399
11 18 1399
9 19 1400
10 19 1400
11 19 1400
9 20 1401
10 20 1401
11 20 1401
9 21 1402
10 21 1402
11 21 1402
9 22 1403
10 22 1403
11 22 1403
9 23 1404
10 23 1404
11 23 1404
9 12 1405
10 12 1405
11 12 1405
9 13 1406
10 13 1406
11 13 1406
9 14 1407
10 14 1407
11 14 1407
9 15 1408
10 15 1408
11 15 1408
9 16 1409
10 16 1409
11 16 1409
9 17 1410
10 17 1410
11 17 1410
9 18 1411
10 18 1411
11 18 1411
9 19 1412
10 19 1412
11 19 1412
9 20 1413
10 20 1413
11 20 1413
9 21 1414
10 21 1414
11 21 1414
9 22 1415
10 22 1415
11 22 1415
9 23 1416
10 23 1416
11 23 1416
9 12 1417
10 12 1417
11 12 1417
9 13 1418
10 13 1418
11 13 1418
9 14 1419
10 14 1419
11 14 1419
9 15 1420
10 15 1420
11 15 1420
9 16 1421
10 16 1421
11 16 1421
9 17 1422
10 17 1422
11 17 1422
9 18 1423
10 18 1423
11 18 1423
9 19 1424
10 19 1424
11 19 1424
9 20 1425
10 20 1425
11 20 1425
9 21 1426
10 21 1426
11 21 1426
9 22 1427
10 22 1427
11 22 1427
9 23 1428
10 23 1428
11 23 1428
9 12 1429
10 12 1429
11 12 1429
9 13 1430
10 13 1430
11 13 1430
9 14 1431
10 14 1431
11 14 1431
9 15 1432
10 15 1432
11 15 1432
9 16 1433
10 16 1433
11 16 1433
9 17 1434
10 17 1434
11 17 1434
9 18 1435
10 18 1435
11 18 1435
9 19 1436
10 19 1436
11 19 1436
9 20 1437
10 20 1437
11 20 1437
9 21 1438
10 21 1438
11 21 1438
9 22 1439
10 22 1439
11 22 1439
9 23 1440
10 23 1440
11 23 1440
9 12 1441
10 12 1441
11 12 1441
9 13 1442
10 13 1442
11 13 1442
9 14 1443
10 14 1443
11 14 1443
9 15 1444
10 15 1444
11 15 1444
9 16 1445
10 16 1445
11 16 1445
9 17 1446
10 17 1446
11 17 1446
9 18 1447
10 18 1447
11 18 1447
9 19 1448
10 19 1448
11 19 1448
9 20 1449
10 20 1449
11 20 1449
9 21 1450
10 21 1450
11 21 1450
9 22 1451
10 22 1451
11 22 1451
9 23 1452
10 23 1452
11 23 1452
9 12 1453
10 12 1453
11 12 1453
9 13 1454
10 13 1454
11 13 1454
9 14 1455
10 14 1455
11 14 1455
9 15 1456
10 15 1456
11 15 1456
9 16 1457
10 16 1457
11 16 1457
9 17 1458
10 17 1458
11 17 1458
9 18 1459
10 18 1459
11 18 1459
9 19 1460
10 19 1460
11 19 1460
9 20 1461
10 20 1461
11 20 1461
9 21 1462
10 21 1462
11 21 1462
9 22 1463
10 22 1463
11 22 1463
9 23 1464
10 23 1464
11 23 1464
9 12 1465
10 12 1465
11 12 1465
9 13 1466
10 13 1466
11 13 1466
9 14 1467
10 14 1467
11 14 1467
9 15 1468
10 15 1468
11 15 1468
9 16 1469
10 16 1469
11 16 1469
9 17 1470
10 17 1470
11 17 1470
9 18 1471
10 18 1471
11 18 1471
9 19 1472
10 19 1472
11 19 1472
9 20 1473
10 20 1473
11 20 1473
9 21 1474
10 21 1474
11 21 1474
9 22 1475
10 22 1475
11 22 1475
9 23 1476
10 23 1476
11 23 1476
9 12 1477
10 12 1477
11 12 1477
9 13 1478
10 13 1478
11 13 1478
9 14 1479
10 14 1479
11 14 1479
9 15 1480
10 15 1480
11 15 1480
9 16 1481
10 16 1481
11 16 1481
9 17 1482
10 17 1482
11 17 1482
9 18 1483
10 18 1483
11 18 1483
9 19 1484
10 19 1484
11 19 1484
9 20 1485
10 20 1485
11 20 1485
9 21 1486
10 21 1486
11 21 1486
9 22 1487
10 22 1487
11 22 1487
9 23 1488
10 23 1488
11 23 1488
9 12 1489
10 12 1489
11 12 1489
9 13 1490
10 13 1490
11 13 1490
9 14 1491
10 14 1491
11 14 1491
9 15 1492
10 15 1492
11 15 1492
9 16 1493
10 16 1493
11 16 1493
9 17 1494
10 17 1494
11 17 1494
9 18 1495
10 18 1495
11 18 1495
9 19 1496
10 19 1496
11 19 1496
9 20 1497
10 20 1497
11 20 1497
9 21 1498
10 21 1498
11 21 1498
9 22 1499
10 22 1499
11 22 1499
9 23 1500
10 23 1500
11 23 1500
9 12 1501
10 12 1501
11 12 1501
9 13 1502
10 13 1502
11 13 1502
9 14 1503
10 14 1503
11 14 1503
9 15 1504
10 15 1504
11 15 1504
9 16 1505
10 16 1505
11 16 1505
9 17 1506
10 17 1506
11 17 1506
9 18 1507
10 18 1507
11 18 1507
9 19 1508
10 19 1508
11 19 1508
9 20 1509
10 20 1509
11 20 1509
9 21 1510
10 21 1510
11 21 1510
9 22 1511
10 22 1511
11 22 1511
9 23 1512
10 23 1512
11 23 1512
9 12 1513
10 12 1513
11 12 1513
9 13 1514
10 13 1514
11 13 1514
9 14 1515
10 14 1515
11 14 1515
9 15 1516
10 15 1516
11 15 1516
9 16 1517
10 16 1517
11 16 1517
9 17 1518
10 17 1518
11 17 1518
9 18 1519
10 18 1519
11 18 1519
9 19 1520
10 19 1520
11 19 1520
9 20 1521
10 20 1521
11 20 1521
9 21 1522
10 21 1522
11 21 1522
9 22 1523
10 22 1523
11 22 1523
9 23 1524
10 23 1524
11 23 1524
9 12 1525
10 12 1525
11 12 1525
9 13 1526
10 13 1526
11 13 1526
9 14 1527
10 14 1527
11 14 1527
9 15 1528
10 15 1528
11 15 1528
9 16 1529
10 16 1529
11 16 1529
9 17 1530
10 17 1530
11 17 1530
9 18 1531
10 18 1531
11 18 1531
9 19 1532
10 19 1532
11 19 1532
9 20 1533
10 20 1533
11 20 1533
9 21 1534
10 21 1534
11 21 1534
9 22 1535
10 22 1535
11 22 1535
9 23 1536
10 23 1536
11 23 1536
9 12 1537
10 12 1537
11 12 1537
9 13 1538
10 13 1538
11 13 1538
9 14 1539
10 14 1539
11 14 1539
9 15 1540
10 15 1540
11 15 1540
9 16 1541
10 16 1541
11 16 1541
9 17 1542
10 17 1542
11 17 1542
9 18 1543
10 18 1543
11 18 1543
9 19 1544
10 19 1544
11 19 1544
9 20 1545
10 20 1545
11 20 1545
9 21 1546
10 21 1546
11 21 1546
9 22 1547
10 22 1547
11 22 1547
9 23 1548
10 23 1548
11 23 1548
9 12 1549
10 12 1549
11 12 1549
9 13 1550
10 13 1550
11 13 1550
9 14 1551
10 14 1551
11 14 1551
9 15 1552
10 15 1552
11 15 1552
9 16 1553
10 16 1553
11 16 1553
9 17 1554
10 17 1554
11 17 1554
9 18 1555
10 18 1555
11 18 1555
9 19 1556
10 19 1556
11 19 1556
9 20 1557
10 20 1557
11 20 1557
9 21 1558
10 21 1558
11 21 1558
9 22 1559
10 22 1559
11 22 1559
9 23 1560
10 23 1560
11 23 1560
9 12 1561
10 12 1561
11 12 1561
9 13 1562
10 13 1562
11 13 1562
9 14 1563
10 14 1563
11 14 1563
9 15 1564
10 15 1564
11 15 1564
9 16 1565
10 16 1565
11 16 1565
9 17 1566
10 17 1566
11 17 1566
9 18 1567
10 18 1567
11 18 1567
9 19 1568
10 19 1568
11 19 1568
9 20 1569
10 20 1569
11 20 1569
9 21 1570
10 21 1570
11 21 1570
9 22 1571
10 22 1571
11 22 1571
9 23 1572
10 23 1572
11 23 1572
9 12 1573
10 12 1573
11 12 1573
9 13 1574
10 13 1574
11 13 1574
9 14 1575
10 14 1575
11 14 1575
9 15 1576
10 15 1576
11 15 1576
9 16 1577
10 16 1577
11 16 1577
9 17 1578
10 17 1578
11 17 1578
9 18 1579
10 18 1579
11 18 1579
9 19 1580
10 19 1580
11 19 1580
9 20 1581
10 20 1581
11 20 1581
9 21 1582
10 21 1582
11 21 1582
9 22 1583
10 22 1583
11 22 1583
9 23 1584
10 23 1584
11 23 1584
9 12 1585
10 12 1585
11 12 1585
9 13 1586
10 13 1586
11 13 1586
9 14 1587
10 14 1587
11 14 1587
9 15 1588
10 15 1588
11 15 1588
9 16 1589
10 16 1589
11 16 1589
9 17 1590
10 17 1590
11 17 1590
9 18 1591
10 18 1591
11 18 1591
9 19 1592
10 19 1592
11 19 1592
9 20 1593
10 20 1593
11 20 1593
9 21 1594
10 21 1594
11 21 1594
9 22 1595
10 22 1595
11 22 1595
9 23 1596
10 23 1596
11 23 1596
9 12 1597
10 12 1597
11 12 1597
9 13 1598
10 13 1598
11 13 1598
9 14 1599
10 14 1599
11 14 1599
9 15 1600
10 15 1600
11 15 1600
9 16 1601
10 16 1601
11 16 1601
9 17 1602
10 17 1602
11 17 1602
9 18 1603
10 18 1603
11 18 1603
9 19 1604
10 19 1604
11 19 1604
9 20 1605
10 20 1605
11 20 1605
9 21 1606
10 21 1606
11 21 1606
9 22 1607
10 22 1607
11 22 1607
9 23 1608
10 23 1608
11 23 1608
9 12 1609
10 12 1609
11 12 1609
9 13 1610
10 13 1610
11 13 1610
9 14 1611
10 14 1611
11 14 1611
9 15 1612
10 15 1612
11 15 1612
9 16 1613
10 16 1613
11 16 1613
9 17 1614
10 17 1614
11 17 1614
9 18 1615
10 18 1615
11 18 1615
9 19 1616
10 19 1616
11 19 1616
9 20 1617
10 20 1617
11 20 1617
9 21 1618
10 21 1618
11 21 1618
9 22 1619
10 22 1619
11 22 1619
9 23 1620
10 23 1620
11 23 1620
9 12 1621
10 12 1621
11 12 1621
9 13 1622
10 13 1622
11 13 1622
9 14 1623
10 14 1623
11 14 1623
9 15 1624
10 15 1624
11 15 1624
9 16 1625
10 16 1625
11 16 1625
9 17 1626
10 17 1626
11 17 1626
9 18 1627
10 18 1627
11 18 1627
9 19 1628
10 19 1628
11 19 1628
9 20 1629
10 20 1629
11 20 1629
9 21 1630
10 21 1630
11 21 1630
9 22 1631
10 22 1631
11 22 1631
9 23 1632
10 23 1632
11 23 1632
9 12 1633
10 12 1633
11 12 1633
9 13 1634
10 13 1634
11 13 1634
9 14 1635
10 14 1635
11 14 1635
9 15 1636
10 15 1636
11 15 1636
9 16 1637
10 16 1637
11 16 1637
9 17 1638
10 17 1638
11 17 1638
9 18 1639
10 18 1639
11 18 1639
9 19 1640
10 19 1640
11 19 1640
9 20 1641
10 20 1641
11 20 1641
9 21 1642
10 21 1642
11 21 1642
9 22 1643
10 22 1643
11 22 1643
9 23 1644
10 23 1644
11 23 1644
9 12 1645
10 12 1645
11 12 1645
9 13 1646
10 13 1646
11 13 1646
9 14 1647
10 14 1647
11 14 1647
9 15 1648
10 15 1648
11 15 1648
9 16 1649
10 16 1649
11 16 1649
9 17 1650
10 17 1650
11 17 1650
9 18 1651
10 18 1651
11 18 1651
9 19 1652
10 19 1652
11 19 1652
9 20 1653
10 20 1653
11 20 1653
9 21 1654
10 21 1654
11 21 1654
9 22 1655
10 22 1655
11 22 1655
9 23 1656
10 23 1656
11 23 1656
9 12 1657
10 12 1657
11 12 1657
9 13 1658
10 13 1658
11 13 1658
9 14 1659
10 14 1659
11 14 1659
9 15 1660
10 15 1660
11 15 1660
9 16 1661
10 16 1661
11 16 1661
9 17 1662
10 17 1662
11 17 1662
9 18 1663
10 18 1663
11 18 1663
9 19 1664
10 19 1664
11 19 1664
9 20 1665
10 20 1665
11 20 1665
9 21 1666
10 21 1666
11 21 1666
9 22 1667
10 22 1667
11 22 1667
9 23 1668
10 23 1668
11 23 1668
9 12 1669
10 12 1669
11 12 1669
9 13 1670
10 13 1670
11 13 1670
9 14 1671
10 14 1671
11 14 1671
9 15 1672
10 15 1672
11 15 1672
9 16 1673
10 16 1673
11 16 1673
9 17 1674
10 17 1674
11 17 1674
9 18 1675
10 18 1675
11 18 1675
9 19 1676
10 19 1676
11 19 1676
9 20 1677
10 20 1677
11 20 1677
9 21 1678
10 21 1678
11 21 1678
9 22 1679
10 22 1679
11 22 1679
9 23 1680
10 23 1680
11 23 1680
9 12 1681
10 12 1681
11 12 1681
9 13 1682
10 13 1682
11 13 1682
9 14 1683
10 14 1683
11 14 1683
9 15 1684
10 15 1684
11 15 1684
9 16 1685
10 16 1685
11 16 1685
9 17 1686
10 17 1686
11 17 1686
9 18 1687
10 18 1687
11 18 1687
9 19 1688
10 19 1688
11 19 1688
9 20 1689
10 20 1689
11 20 1689
9 21 1690
10 21 1690
11 21 1690
9 22 1691
10 22 1691
11 22 1691
9 23 1692
10 23 1692
11 23 1692
9 12 1693
10 12 1693
11 12 1693
9 13 1694
10 13 1694
11 13 1694
9 14 1695
10 14 1695
11 14 1695
9 15 1696
10 15 1696
11 15 1696
9 16 1697
10 16 1697
11 16 1697
9 17 1698
10 17 1698
11 17 1698
9 18 1699
10 18 1699
11 18 1699
9 19 1700
10 19 1700
11 19 1700
9 20 1701
10 20 1701
11 20 1701
9 21 1702
10 21 1702
11 21 1702
9 22 1703
10 22 1703
11 22 1703
9 23 1704
10 23 1704
11 23 1704
9 12 1705
10 12 1705
11 12 1705
9 13 1706
10 13 1706
11 13 1706
9 14 1707
10 14 1707
11 14 1707
9 15 1708
10 15 1708
11 15 1708
9 16 1709
10 16 1709
11 16 1709
9 17 1710
10 17 1710
11 17 1710
9 18 1711
10 18 1711
11 18 1711
9 19 1712
10 19 1712
11 19 1712
9 20 1713
10 20 1713
11 20 1713
9 21 1714
10 21 1714
11 21 1714
9 22 1715
10 22 1715
11 22 1715
9 23 1716
10 23 1716
11 23 1716
9 12 1717
10 12 1717
11 12 1717
9 13 1718
10 13 1718
11 13 1718
9 14 1719
10 14 1719
11 14 1719
9 15 1720
10 15 1720
11 15 1720
9 16 1721
10 16 1721
11 16 1721
9 17 1722
10 17 1722
11 17 1722
9 18 1723
10 18 1723
11 18 1723
9 19 1724
10 19 1724
11 19 1724
9 20 1725
10 20 1725
11 20 1725
9 21 1726
10 21 1726
11 21 1726
9 22 1727
10 22 1727
11 22 1727
9 23 1728
10 23 1728
11 23 1728
9 12 1729
10 12 1729
11 12 1729
9 13 1730
10 13 1730
11 13 1730
9 14 1731
10 14 1731
11 14 1731
9 15 1732
10 15 1732
11 15 1732
9 16 1733
10 16 1733
11 16 1733
9 17 1734
10 17 1734
11 17 1734
9 18 1735
10 18 1735
11 18 1735
9 19 1736
10 19 1736
11 19 1736
9 20 1737
10 20 1737
11 20 1737
9 21 1738
10 21 1738
11 21 1738
9 22 1739
10 22 1739
11 22 1739
9 23 1740
10 23 1740
11 23 1740
9 12 1741
10 12 1741
11 12 1741
9 13 1742
10 13 1742
11 13 1742
9 14 1743
10 14 1743
11 14 1743
9 15 1744
10 15 1744
11 15 1744
9 16 1745
10 16 1745
11 16 1745
9 17 1746
10 17 1746
11 17 1746
9 18 1747
10 18 1747
11 18 1747
9 19 1748
10 19 1748
11 19 1748
9 20 1749
10 20 1749
11 20 1749
9 21 1750
10 21 1750
11 21 1750
9 22 1751
10 22 1751
11 22 1751
9 23 1752
10 23 1752
11 23 1752
9 12 1753
10 12 1753
11 12 1753
9 13 1754
10 13 1754
11 13 1754
9 14 1755
10 14 1755
11 14 1755
9 15 1756
10 15 1756
11 15 1756
9 16 1757
10 16 1757
11 16 1757
9 17 1758
10 17 1758
11 17 1758
9 18 1759
10 18 1759
11 18 1759
9 19 1760
10 19 1760
11 19 1760
9 20 1761
10 20 1761
11 20 1761
9 21 1762
10 21 1762
11 21 1762
9 22 1763
10 22 1763
11 22 1763
9 23 1764
10 23 1764
11 23 1764
9 12 1765
10 12 1765
11 12 1765
9 13 1766
10 13 1766
11 13 1766
9 14 1767
10 14 1767
11 14 1767
9 15 1768
10 15 1768
11 15 1768
9 16 1769
10 16 1769
11 16 1769
9 17 1770
10 17 1770
11 17 1770
9 18 1771
10 18 1771
11 18 1771
9 19 1772
10 19 1772
11 19 1772
9 20 1773
10 20 1773
11 20 1773
9 21 1774
10 21 1774
11 21 1774
9 22 1775
10 22 1775
11 22 1775
9 23 1776
10 23 1776
11 23 1776
9 12 1777
10 12 1777
11 12 1777
9 13 1778
10 13 1778
11 13 1778
9 14 1779
10 14 1779
11 14 1779
9 15 1780
10 15 1780
11 15 1780
9 16 1781
10 16 1781
11 16 1781
9 17 1782
10 17 1782
11 17 1782
9 18 1783
10 18 1783
11 18 1783
9 19 1784
10 19 1784
11 19 1784
9 20 1785
10 20 1785
11 20 1785
9 21 1786
10 21 1786
11 21 1786
9 22 1787
10 22 1787
11 22 1787
9 23 1788
10 23 1788
11 23 1788
9 12 1789
10 12 1789
11 12 1789
9 13 1790
10 13 1790
11 13 1790
9 14 1791
10 14 1791
11 14 1791
9 15 1792
10 15 1792
11 15 1792
9 16 1793
10 16 1793
11 16 1793
9 17 1794
10 17 1794
11 17 1794
9 18 1795
10 18 1795
11 18 1795
9 19 1796
10 19 1796
11 19 1796
9 20 1797
10 20 1797
11 20 1797
9 21 1798
10 21 1798
11 21 1798
9 22 1799
10 22 1799
11 22 1799
9 23 1800
10 23 1800
11 23 1800
9 12 1801
10 12 1801
11 12 1801
9 13 1802
10 13 1802
11 13 1802
9 14 1803
10 14 1803
11 14 1803
9 15 1804
10 15 1804
11 15 1804
9 16 1805
10 16 1805
11 16 1805
9 17 1806
10 17 1806
11 17 1806
9 18 1807
10 18 1807
11 18 1807
9 19 1808
10 19 1808
11 19 1808
9 20 1809
10 20 1809
11 20 1809
9 21 1810
10 21 1810
11 21 1810
9 22 1811
10 22 1811
11 22 1811
9 23 1812
10 23 1812
11 23 1812
9 12 1813
10 12 1813
11 12 1813
9 13 1814
10 13 1814
11 13 1814
9 14 1815
10 14 1815
11 14 1815
9 15 1816
10 15 1816
11 15 1816
9 16 1817
10 16 1817
11 16 1817
9 17 1818
10 17 1818
11 17 1818
9 18 1819
10 18 1819
11 18 1819
9 19 1820
10 19 1820
11 19 1820
9 20 1821
10 20 1821
11 20 1821
9 21 1822
10 21 1822
11 21 1822
9 22 1823
10 22 1823
11 22 1823
9 23 1824
10 23 1824
11 23 1824
9 12 1825
10 12 1825
11 12 1825
9 13 1826
10 13 1826
11 13 1826
9 14 1827
10 14 1827
11 14 1827
9 15 1828
10 15 1828
11 15 1828
9 16 1829
10 16 1829
11 16 1829
9 17 1830
10 17 1830
11 17 1830
9 18 1831
10 18 1831
11 18 1831
9 19 1832
10 19 1832
11 19 1832
9 20 1833
10 20 1833
11 20 1833
9 21 1834
10 21 1834
11 21 1834
9 22 1835
10 22 1835
11 22 1835
9 23 1836
10 23 1836
11 23 1836
9 12 1837
10 12 1837
11 12 1837
9 13 1838
10 13 1838
11 13 1838
9 14 1839
10 14 1839
11 14 1839
9 15 1840
10 15 1840
11 15 1840
9 16 1841
10 16 1841
11 16 1841
9 17 1842
10 17 1842
11 17 1842
9 18 1843
10 18 1843
11 18 1843
9 19 1844
10 19 1844
11 19 1844
9 20 1845
10 20 1845
11 20 1845
9 21 1846
10 21 1846
11 21 1846
9 22 1847
10 22 1847
11 22 1847
9 23 1848
10 23 1848
11 23 1848
9 12 1849
10 12 1849
11 12 1849
9 13 1850
10 13 1850
11 13 1850
9 14 1851
10 14 1851
11 14 1851
9 15 1852
10 15 1852
11 15 1852
9 16 1853
10 16 1853
11 16 1853
9 17 1854
10 17 1854
11 17 1854
9 18 1855
10 18 1855
11 18 1855
9 19 1856
10 19 1856
11 19 1856
9 20 1857
10 20 1857
11 20 1857
9 21 1858
10 21 1858
11 21 1858
9 22 1859
10 22 1859
11 22 1859
9 23 1860
10 23 1860
11 23 1860
9 12 1861
10 12 1861
11 12 1861
9 13 1862
10 13 1862
11 13 1862
9 14 1863
10 14 1863
11 14 1863
9 15 1864
10 15 1864
11 15 1864
9 16 1865
10 16 1865
11 16 1865
9 17 1866
10 17 1866
11 17 1866
9 18 1867
10 18 1867
11 18 1867
9 19 1868
10 19 1868
11 19 1868
9 20 1869
10 20 1869
11 20 1869
9 21 1870
10 21 1870
11 21 1870
9 22 1871
10 22 1871
11 22 1871
9 23 1872
10 23 1872
11 23 1872
9 12 1873
10 12 1873
11 12 1873
9 13 1874
10 13 1874
11 13 1874
9 14 1875
10 14 1875
11 14 1875
9 15 1876
10 15 1876
11 15 1876
9 16 1877
10 16 1877
11 16 1877
9 17 1878
10 17 1878
11 17 1878
9 18 1879
10 18 1879
11 18 1879
9 19 1880
10 19 1880
11 19 1880
9 20 1881
10 20 1881
11 20 1881
9 21 1882
10 21 1882
11 21 1882
9 22 1883
10 22 1883
11 22 1883
9 23 1884
10 23 1884
11 23 1884
9 12 1885
10 12 1885
11 12 1885
9 13 1886
10 13 1886
11 13 1886
9 14 1887
10 14 1887
11 14 1887
9 15 1888
10 15 1888
11 15 1888
9 16 1889
10 16 1889
11 16 1889
9 17 1890
10 17 1890
11 17 1890
9 18 1891
10 18 1891
11 18 1891
9 19 1892
10 19 1892
11 19 1892
9 20 1893
10 20 1893
11 20 1893
9 21 1894
10 21 1894
11 21 1894
9 22 1895
10 22 1895
11 22 1895
9 23 1896
10 23 1896
11 23 1896
9 12 1897
10 12 1897
11 12 1897
9 13 1898
10 13 1898
11 13 1898
9 14 1899
10 14 1899
11 14 1899
9 15 1900
10 15 1900
11 15 1900
9 16 1901
10 16 1901
11 16 1901
9 17 1902
10 17 1902
11 17 1902
9 18 1903
10 18 1903
11 18 1903
9 19 1904
10 19 1904
11 19 1904
9 20 1905
10 20 1905
11 20 1905
9 21 1906
10 21 1906
11 21 1906
9 22 1907
10 22 1907
11 22 1907
9 23 1908
10 23 1908
11 23 1908
9 12 1909
10 12 1909
11 12 1909
9 13 1910
10 13 1910
11 13 1910
9 14 1911
10 14 1911
11 14 1911
9 15 1912
10 15 1912
11 15 1912
9 16 1913
10 16 1913
11 16 1913
9 17 1914
10 17 1914
11 17 1914
9 18 1915
10 18 1915
11 18 1915
9 19 1916
10 19 1916
11 19 1916
9 20 1917
10 20 1917
11 20 1917
9 21 1918
10 21 1918
11 21 1918
9 22 1919
10 22 1919
11 22 1919
9 23 1920
10 23 1920
11 23 1920
9 12 1921
10 12 1921
11 12 1921
9 13 1922
10 13 1922
11 13 1922
9 14 1923
10 14 1923
11 14 1923
9 15 1924
10 15 1924
11 15 1924
9 16 1925
10 16 1925
11 16 1925
9 17 1926
10 17 1926
11 17 1926
9 18 1927
10 18 1927
11 18 1927
9 19 1928
10 19 1928
11 19 1928
9 20 1929
10 20 1929
11 20 1929
9 21 1930
10 21 1930
11 21 1930
9 22 1931
10 22 1931
11 22 1931
9 23 1932
10 23 1932
11 23 1932
9 12 1933
10 12 1933
11 12 1933
9 13 1934
10 13 1934
11 13 1934
9 14 1935
10 14 1935
11 14 1935
9 15 1936
10 15 1936
11 15 1936
9 16 1937
10 16 1937
11 16 1937
9 17 1938
10 17 1938
11 17 1938
9 18 1939
10 18 1939
11 18 1939
9 19 1940
10 19 1940
11 19 1940
9 20 1941
10 20 1941
11 20 1941
9 21 1942
10 21 1942
11 21 1942
9 22 1943
10 22 1943
11 22 1943
9 23 1944
10 23 1944
11 23 1944
9 12 1945
10 12 1945
11 12 1945
9 13 1946
10 13 1946
11 13 1946
9 14 1947
10 14 1947
11 14 1947
9 15 1948
10 15 1948
11 15 1948
9 16 1949
10 16 1949
11 16 1949
9 17 1950
10 17 1950
11 17 1950
9 18 1951
10 18 1951
11 18 1951
9 19 1952
10 19 1952
11 19 1952
9 20 1953
10 20 1953
11 20 1953
9 21 1954
10 21 1954
11 21 1954
9 22 1955
10 22 1955
11 22 1955
9 23 1956
10 23 1956
11 23 1956
9 12 1957
10 12 1957
11 12 1957
9 13 1958
10 13 1958
11 13 1958
9 14 1959
10 14 1959
11 14 1959
9 15 1960
10 15 1960
11 15 1960
9 16 1961
10 16 1961
11 16 1961
9 17 1962
10 17 1962
11 17 1962
9 18 1963
10 18 1963
11 18 1963
9 19 1964
10 19 1964
11 19 1964
9 20 1965
10 20 1965
11 20 1965
9 21 1966
10 21 1966
11 21 1966
9 22 1967
10 22 1967
11 22 1967
9 23 1968
10 23 1968
11 23 1968
9 12 1969
10 12 1969
11 12 1969
9 13 1970
10 13 1970
11 13 1970
9 14 1971
10 14 1971
11 14 1971
9 15 1972
10 15 1972
11 15 1972
9 16 1973
10 16 1973
11 16 1973
9 17 1974
10 17 1974
11 17 1974
9 18 1975
10 18 1975
11 18 1975
9 19 1976
10 19 1976
11 19 1976
9 20 1977
10 20 1977
11 20 1977
9 21 1978
10 21 1978
11 21 1978
9 22 1979
10 22 1979
11 22 1979
9 23 1980
10 23 1980
11 23 1980
9 12 1981
10 12 1981
11 12 1981
9 13 1982
10 13 1982
11 13 1982
9 14 1983
10 14 1983
11 14 1983
9 15 1984
10 15 1984
11 15 1984
9 16 1985
10 16 1985
11 16 1985
9 17 1986
10 17 1986
11 17 1986
9 18 1987
10 18 1987
11 18 1987
9 19 1988
10 19 1988
11 19 1988
9 20 1989
10 20 1989
11 20 1989
9 21 1990
10 21 1990
11 21 1990
9 22 1991
10 22 1991
11 22 1991
9 23 1992
10 23 1992
11 23 1992
9 12 1993
10 12 1993
11 12 1993
9 13 1994
10 13 1994
11 13 1994
9 14 1995
10 14 1995
11 14 1995
9 15 1996
10 15 1996
11 15 1996
9 16 1997
10 16 1997
11 16 1997
9 17 1998
10 17 1998
11 17 1998
9 18 1999
10 18 1999
11 18 1999
9 19 2000
10 19 2000
11 19 2000
9 20 2001
10 20 2001
11 20 2001
9 21 2002
10 21 2002
11 21 2002
9 22 2003
10 22 2003
11 22 2003
9 23 2004
10 23 2004
11 23 2004
9 12 2005
10 12 2005
11 12 2005
9 13 2006
10 13 2006
11 13 2006
9 14 2007
10 14 2007
11 14 2007
9 15 2008
10 15 2008
11 15 2008
9 16 2009
10 16 2009
11 16 2009
9 17 2010
10 17 2010
11 17 2010
9 18 2011
10 18 2011
11 18 2011
9 19 2012
10 19 2012
11 19 2012
9 20 2013
10 20 2013
11 20 2013
9 21 2014
10 21 2014
11 21 2014
9 22 2015
10 22 2015
11 22 2015
9 23 2016
10 23 2016
11 23 2016
9 12 2017
10 12 2017
11 12 2017
9 13 2018
10 13 2018
11 13 2018
9 14 2019
10 14 2019
11 14 2019
9 15 2020
10 15 2020
11 15 2020
9 16 2021
10 16 2021
11 16 2021
9 17 2022
10 17 2022
11 17 2022
9 18 2023
10 18 2023
11 18 2023
9 19 2024
10 19 2024
11 19 2024
9 20 2025
10 20 2025
11 20 2025
9 21 2026
10 21 2026
11 21 2026
9 22 2027
10 22 2027
11 22 2027
9 23 2028
10 23 2028
11 23 2028
9 12 2029
10 12 2029
11 12 2029
9 13 2030
10 13 2030
11 13 2030
9 14 2031
10 14 2031
11 14 2031
9 15 2032
10 15 2032
11 15 2032
9 16 2033
10 16 2033
11 16 2033
9 17 2034
10 17 2034
11 17 2034
9 18 2035
10 18 2035
11 18 2035
9 19 2036
10 19 2036
11 19 2036
9 20 2037
10 20 2037
11 20 2037
9 21 2038
10 21 2038
11 21 2038
9 22 2039
10 22 2039
11 22 2039
9 23 2040
10 23 2040
11 23 2040
9 12 2041
10 12 2041
11 12 2041
9 13 2042
10 13 2042
11 13 2042
9 14 2043
10 14 2043
11 14 2043
9 15 2044
10 15 2044
11 15 2044
9 16 2045
10 16 2045
11 16 2045
9 17 2046
10 17 2046
11 17 2046
9 18 2047
10 18 2047
11 18 2047
9 19 2048
10 19 2048
11 19 2048
9 20 2049
10 20 2049
11 20 2049
9 21 2050
10 21 2050
11 21 2050
9 22 2051
10 22 2051
11 22 2051
9 23 2052
10 23 2052
11 23 2052
9 12 2053
10 12 2053
11 12 2053
9 13 2054
10 13 2054
11 13 2054
9 14 2055
10 14 2055
11 14 2055
9 15 2056
10 15 2056
11 15 2056
9 16 2057
10 16 2057
11 16 2057
9 17 2058
10 17 2058
11 17 2058
9 18 2059
10 18 2059
11 18 2059
9 19 2060
10 19 2060
11 19 2060
9 20 2061
10 20 2061
11 20 2061
9 21 2062
10 21 2062
11 21 2062
9 22 2063
10 22 2063
11 22 2063
9 23 2064
10 23 2064
11 23 2064
9 12 2065
10 12 2065
11 12 2065
9 13 2066
10 13 2066
11 13 2066
9 14 2067
10 14 2067
11 14 2067
9 15 2068
10 15 2068
11 15 2068
9 16 2069
10 16 2069
11 16 2069
9 17 2070
10 17 2070
11 17 2070
9 18 2071
10 18 2071
11 18 2071
9 19 2072
10 19 2072
11 19 2072
9 20 2073
10 20 2073
11 20 2073
9 21 2074
10 21 2074
11 21 2074
9 22 2075
10 22 2075
11 22 2075
9 23 2076
10 23 2076
11 23 2076
9 12 2077
10 12 2077
11 12 2077
9 13 2078
10 13 2078
11 13 2078
9 14 2079
10 14 2079
11 14 2079
9 15 2080
10 15 2080
11 15 2080
9 16 2081
10 16 2081
11 16 2081
9 17 2082
10 17 2082
11 17 2082
9 18 2083
10 18 2083
11 18 2083
9 19 2084
10 19 2084
11 19 2084
9 20 2085
10 20 2085
11 20 2085
9 21 2086
10 21 2086
11 21 2086
9 22 2087
10 22 2087
11 22 2087
9 23 2088
10 23 2088
11 23 2088
9 12 2089
10 12 2089
11 12 2089
9 13 2090
10 13 2090
11 13 2090
9 14 2091
10 14 2091
11 14 2091
9 15 2092
10 15 2092
11 15 2092
9 16 2093
10 16 2093
11 16 2093
9 17 2094
10 17 2094
11 17 2094
9 18 2095
10 18 2095
11 18 2095
9 19 2096
10 19 2096
11 19 2096
9 20 2097
10 20 2097
11 20 2097
9 21 2098
10 21 2098
11 21 2098
9 22 2099
10 22 2099
11 22 2099
9 23 2100
10 23 2100
11 23 2100
9 12 2101
10 12 2101
11 12 2101
9 13 2102
10 13 2102
11 13 2102
9 14 2103
10 14 2103
11 14 2103
9 15 2104
10 15 2104
11 15 2104
9 16 2105
10 16 2105
11 16 2105
9 17 2106
10 17 2106
11 17 2106
9 18 2107
10 18 2107
11 18 2107
9 19 2108
10 19 2108
11 19 2108
9 20 2109
10 20 2109
11 20 2109
9 21 2110
10 21 2110
11 21 2110
9 22 2111
10 22 2111
11 22 2111
9 23 2112
10 23 2112
11 23 2112
9 12 2113
10 12 2113
11 12 2113
9 13 2114
10 13 2114
11 13 2114
9 14 2115
10 14 2115
11 14 2115
9 15 2116
10 15 2116
11 15 2116
9 16 2117
10 16 2117
11 16 2117
9 17 2118
10 17 2118
11 17 2118
9 18 2119
10 18 2119
11 18 2119
9 19 2120
10 19 2120
11 19 2120
9 20 2121
10 20 2121
11 20 2121
9 21 2122
10 21 2122
11 21 2122
9 22 2123
10 22 2123
11 22 2123
9 23 2124
10 23 2124
11 23 2124
9 12 2125
10 12 2125
11 12 2125
9 13 2126
10 13 2126
11 13 2126
9 14 2127
10 14 2127
11 14 2127
9 15 2128
10 15 2128
11 15 2128
9 16 2129
10 16 2129
11 16 2129
9 17 2130
10 17 2130
11 17 2130
9 18 2131
10 18 2131
11 18 2131
9 19 2132
10 19 2132
11 19 2132
9 20 2133
10 20 2133
11 20 2133
9 21 2134
10 21 2134
11 21 2134
9 22 2135
10 22 2135
11 22 2135
9 23 2136
10 23 2136
11 23 2136
9 12 2137
10 12 2137
11 12 2137
9 13 2138
10 13 2138
11 13 2138
9 14 2139
10 14 2139
11 14 2139
9 15 2140
10 15 2140
11 15 2140
9 16 2141
10 16 2141
11 16 2141
9 17 2142
10 17 2142
11 17 2142
9 18 2143
10 18 2143
11 18 2143
9 19 2144
10 19 2144
11 19 2144
9 20 2145
10 20 2145
11 20 2145
9 21 2146
10 21 2146
11 21 2146
9 22 2147
10 22 2147
11 22 2147
9 23 2148
10 23 2148
11 23 2148
9 12 2149
10 12 2149
11 12 2149
9 13 2150
10 13 2150
11 13 2150
9 14 2151
10 14 2151
11 14 2151
9 15 2152
10 15 2152
11 15 2152
9 16 2153
10 16 2153
11 16 2153
9 17 2154
10 17 2154
11 17 2154
9 18 2155
10 18 2155
11 18 2155
9 19 2156
10 19 2156
11 19 2156
9 20 2157
10 20 2157
11 20 2157
9 21 2158
10 21 2158
11 21 2158
9 22 2159
10 22 2159
11 22 2159
9 23 2160
10 23 2160
11 23 2160
9 12 2161
10 12 2161
11 12 2161
9 13 2162
10 13 2162
11 13 2162
9 14 2163
10 14 2163
11 14 2163
9 15 2164
10 15 2164
11 15 2164
9 16 2165
10 16 2165
11 16 2165
9 17 2166
10 17 2166
11 17 2166
9 18 2167
10 18 2167
11 18 2167
9 19 2168
10 19 2168
11 19 2168
9 20 2169
10 20 2169
11 20 2169
9 21 2170
10 21 2170
11 21 2170
9 22 2171
10 22 2171
11 22 2171
9 23 2172
10 23 2172
11 23 2172
9 12 2173
10 12 2173
11 12 2173
9 13 2174
10 13 2174
11 13 2174
9 14 2175
10 14 2175
11 14 2175
9 15 2176
10 15 2176
11 15 2176
9 16 2177
10 16 2177
11 16 2177
9 17 2178
10 17 2178
11 17 2178
9 18 2179
10 18 2179
11 18 2179
9 19 2180
10 19 2180
11 19 2180
9 20 2181
10 20 2181
11 20 2181
9 21 2182
10 21 2182
11 21 2182
9 22 2183
10 22 2183
11 22 2183
9 23 2184
10 23 2184
11 23 2184
9 12 2185
10 12 2185
11 12 2185
9 13 2186
10 13 2186
11 13 2186
9 14 2187
10 14 2187
11 14 2187
9 15 2188
10 15 2188
11 15 2188
9 16 2189
10 16 2189
11 16 2189
9 17 2190
10 17 2190
11 17 2190
9 18 2191
10 18 2191
11 18 2191
9 19 2192
10 19 2192
11 19 2192
9 20 2193
10 20 2193
11 20 2193
9 21 2194
10 21 2194
11 21 2194
9 22 2195
10 22 2195
11 22 2195
9 23 2196
10 23 2196
11 23 2196
9 12 2197
10 12 2197
11 12 2197
9 13 2198
10 13 2198
11 13 2198
9 14 2199
10 14 2199
11 14 2199
9 15 2200
10 15 2200
11 15 2200
9 16 2201
10 16 2201
11 16 2201
9 17 2202
10 17 2202
11 17 2202
9 18 2203
10 18 2203
11 18 2203
9 19 2204
10 19 2204
11 19 2204
9 20 2205
10 20 2205
11 20 2205
9 21 2206
10 21 2206
11 21 2206
9 22 2207
10 22 2207
11 22 2207
9 23 2208
10 23 2208
11 23 2208
9 12 2209
10 12 2209
11 12 2209
9 13 2210
10 13 2210
11 13 2210
9 14 2211
10 14 2211
11 14 2211
9 15 2212
10 15 2212
11 15 2212
9 16 2213
10 16 2213
11 16 2213
9 17 2214
10 17 2214
11 17 2214
9 18 2215
10 18 2215
11 18 2215
9 19 2216
10 19 2216
11 19 2216
9 20 2217
10 20 2217
11 20 2217
9 21 2218
10 21 2218
11 21 2218
9 22 2219
10 22 2219
11 22 2219
9 23 2220
10 23 2220
11 23 2220
9 12 2221
10 12 2221
11 12 2221
9 13 2222
10 13 2222
11 13 2222
9 14 2223
10 14 2223
11 14 2223
9 15 2224
10 15 2224
11 15 2224
9 16 2225
10 16 2225
11 16 2225
9 17 2226
10 17 2226
11 17 2226
9 18 2227
10 18 2227
11 18 2227
9 19 2228
10 19 2228
11 19 2228
9 20 2229
10 20 2229
11 20 2229
9 21 2230
10 21 2230
11 21 2230
9 22 2231
10 22 2231
11 22 2231
9 23 2232
10 23 2232
11 23 2232
9 12 2233
10 12 2233
11 12 2233
9 13 2234
10 13 2234
11 13 2234
9 14 2235
10 14 2235
11 14 2235
9 15 2236
10 15 2236
11 15 2236
9 16 2237
10 16 2237
11 16 2237
9 17 2238
10 17 2238
11 17 2238
9 18 2239
10 18 2239
11 18 2239
9 19 2240
10 19 2240
11 19 2240
9 20 2241
10 20 2241
11 20 2241
9 21 2242
10 21 2242
11 21 2242
9 22 2243
10 22 2243
11 22 2243
9 23 2244
10 23 2244
11 23 2244
9 12 2245
10 12 2245
11 12 2245
9 13 2246
10 13 2246
11 13 2246
9 14 2247
10 14 2247
11 14 2247
9 15 2248
10 15 2248
11 15 2248
9 16 2249
10 16 2249
11 16 2249
9 17 2250
10 17 2250
11 17 2250
9 18 2251
10 18 2251
11 18 2251
9 19 2252
10 19 2252
11 19 2252
9 20 2253
10 20 2253
11 20 2253
9 21 2254
10 21 2254
11 21 2254
9 22 2255
10 22 2255
11 22 2255
9 23 2256
10 23 2256
11 23 2256
9 12 2257
10 12 2257
11 12 2257
9 13 2258
10 13 2258
11 13 2258
9 14 2259
10 14 2259
11 14 2259
9 15 2260
10 15 2260
11 15 2260
9 16 2261
10 16 2261
11 16 2261
9 17 2262
10 17 2262
11 17 2262
9 18 2263
10 18 2263
11 18 2263
9 19 2264
10 19 2264
11 19 2264
9 20 2265
10 20 2265
11 20 2265
9 21 2266
10 21 2266
11 21 2266
9 22 2267
10 22 2267
11 22 2267
9 23 2268
10 23 2268
11 23 2268
9 12 2269
10 12 2269
11 12 2269
9 13 2270
10 13 2270
11 13 2270
9 14 2271
10 14 2271
11 14 2271
9 15 2272
10 15 2272
11 15 2272
9 16 2273
10 16 2273
11 16 2273
9 17 2274
10 17 2274
11 17 2274
9 18 2275
10 18 2275
11 18 2275
9 19 2276
10 19 2276
11 19 2276
9 20 2277
10 20 2277
11 20 2277
9 21 2278
10 21 2278
11 21 2278
9 22 2279
10 22 2279
11 22 2279
9 23 2280
10 23 2280
11 23 2280
9 12 2281
10 12 2281
11 12 2281
9 13 2282
10 13 2282
11 13 2282
9 14 2283
10 14 2283
11 14 2283
9 15 2284
10 15 2284
11 15 2284
9 16 2285
10 16 2285
11 16 2285
9 17 2286
10 17 2286
11 17 2286
9 18 2287
10 18 2287
11 18 2287
9 19 2288
10 19 2288
11 19 2288
9 20 2289
10 20 2289
11 20 2289
9 21 2290
10 21 2290
11 21 2290
9 22 2291
10 22 2291
11 22 2291
9 23 2292
10 23 2292
11 23 2292
9 12 2293
10 12 2293
11 12 2293
9 13 2294
10 13 2294
11 13 2294
9 14 2295
10 14 2295
11 14 2295
9 15 2296
10 15 2296
11 15 2296
9 16 2297
10 16 2297
11 16 2297
9 17 2298
10 17 2298
11 17 2298
9 18 2299
10 18 2299
11 18 2299
9 19 2300
10 19 2300
11 19 2300
9 20 2301
10 20 2301
11 20 2301
9 21 2302
10 21 2302
11 21 2302
9 22 2303
10 22 2303
11 22 2303
9 23 2304
10 23 2304
11 23 2304
9 12 2305
10 12 2305
11 12 2305
9 13 2306
10 13 2306
11 13 2306
9 14 2307
10 14 2307
11 14 2307
9 15 2308
10 15 2308
11 15 2308
9 16 2309
10 16 2309
11 16 2309
9 17 2310
10 17 2310
11 17 2310
9 18 2311
10 18 2311
11 18 2311
9 19 2312
10 19 2312
11 19 2312
9 20 2313
10 20 2313
11 20 2313
9 21 2314
10 21 2314
11 21 2314
9 22 2315
10 22 2315
11 22 2315
9 23 2316
10 23 2316
11 23 2316
9 12 2317
10 12 2317
11 12 2317
9 13 2318
10 13 2318
11 13 2318
9 14 2319
10 14 2319
11 14 2319
9 15 2320
10 15 2320
11 15 2320
9 16 2321
10 16 2321
11 16 2321
9 17 2322
10 17 2322
11 17 2322
9 18 2323
10 18 2323
11 18 2323
9 19 2324
10 19 2324
11 19 2324
9 20 2325
10 20 2325
11 20 2325
9 21 2326
10 21 2326
11 21 2326
9 22 2327
10 22 2327
11 22 2327
9 23 2328
10 23 2328
11 23 2328
9 12 2329
10 12 2329
11 12 2329
9 13 2330
10 13 2330
11 13 2330
9 14 2331
10 14 2331
11 14 2331
9 15 2332
10 15 2332
11 15 2332
9 16 2333
10 16 2333
11 16 2333
9 17 2334
10 17 2334
11 17 2334
9 18 2335
10 18 2335
11 18 2335
9 19 2336
10 19 2336
11 19 2336
9 20 2337
10 20 2337
11 20 2337
9 21 2338
10 21 2338
11 21 2338
9 22 2339
10 22 2339
11 22 2339
9 23 2340
10 23 2340
11 23 2340
9 12 2341
10 12 2341
11 12 2341
9 13 2342
10 13 2342
11 13 2342
9 14 2343
10 14 2343
11 14 2343
9 15 2344
10 15 2344
11 15 2344
9 16 2345
10 16 2345
11 16 2345
9 17 2346
10 17 2346
11 17 2346
9 18 2347
10 18 2347
11 18 2347
9 19 2348
10 19 2348
11 19 2348
9 20 2349
10 20 2349
11 20 2349
9 21 2350
10 21 2350
11 21 2350
9 22 2351
10 22 2351
11 22 2351
9 23 2352
10 23 2352
11 23 2352
9 12 2353
10 12 2353
11 12 2353
9 13 2354
10 13 2354
11 13 2354
9 14 2355
10 14 2355
11 14 2355
9 15 2356
10 15 2356
11 15 2356
9 16 2357
10 16 2357
11 16 2357
9 17 2358
10 17 2358
11 17 2358
9 18 2359
10 18 2359
11 18 2359
9 19 2360
10 19 2360
11 19 2360
9 20 2361
10 20 2361
11 20 2361
9 21 2362
10 21 2362
11 21 2362
9 22 2363
10 22 2363
11 22 2363
9 23 2364
10 23 2364
11 23 2364
9 12 2365
10 12 2365
11 12 2365
9 13 2366
10 13 2366
11 13 2366
9 14 2367
10 14 2367
11 14 2367
9 15 2368
10 15 2368
11 15 2368
9 16 2369
10 16 2369
11 16 2369
9 17 2370
10 17 2370
11 17 2370
9 18 2371
10 18 2371
11 18 2371
9 19 2372
10 19 2372
11 19 2372
9 20 2373
10 20 2373
11 20 2373
9 21 2374
10 21 2374
11 21 2374
9 22 2375
10 22 2375
11 22 2375
9 23 2376
10 23 2376
11 23 2376
9 12 2377
10 12 2377
11 12 2377
9 13 2378
10 13 2378
11 13 2378
9 14 2379
10 14 2379
11 14 2379
9 15 2380
10 15 2380
11 15 2380
9 16 2381
10 16 2381
11 16 2381
9 17 2382
10 17 2382
11 17 2382
9 18 2383
10 18 2383
11 18 2383
9 19 2384
10 19 2384
11 19 2384
9 20 2385
10 20 2385
11 20 2385
9 21 2386
10 21 2386
11 21 2386
9 22 2387
10 22 2387
11 22 2387
9 23 2388
10 23 2388
11 23 2388
9 12 2389
10 12 2389
11 12 2389
9 13 2390
10 13 2390
11 13 2390
9 14 2391
10 14 2391
11 14 2391
9 15 2392
10 15 2392
11 15 2392
9 16 2393
10 16 2393
11 16 2393
9 17 2394
10 17 2394
11 17 2394
9 18 2395
10 18 2395
11 18 2395
9 19 2396
10 19 2396
11 19 2396
9 20 2397
10 20 2397
11 20 2397
9 21 2398
10 21 2398
11 21 2398
9 22 2399
10 22 2399
11 22 2399
9 23 2400
10 23 2400
11 23 2400
9 12 2401
10 12 2401
11 12 2401
9 13 2402
10 13 2402
11 13 2402
9 14 2403
10 14 2403
11 14 2403
9 15 2404
10 15 2404
11 15 2404
9 16 2405
10 16 2405
11 16 2405
9 17 2406
10 17 2406
11 17 2406
9 18 2407
10 18 2407
11 18 2407
9 19 2408
10 19 2408
11 19 2408
9 20 2409
10 20 2409
11 20 2409
9 21 2410
10 21 2410
11 21 2410
9 22 2411
10 22 2411
11 22 2411
9 23 2412
10 23 2412
11 23 2412
9 12 2413
10 12 2413
11 12 2413
9 13 2414
10 13 2414
11 13 2414
9 14 2415
10 14 2415
11 14 2415
9 15 2416
10 15 2416
11 15 2416
9 16 2417
10 16 2417
11 16 2417
9 17 2418
10 17 2418
11 17 2418
9 18 2419
10 18 2419
11 18 2419
9 19 2420
10 19 2420
11 19 2420
9 20 2421
10 20 2421
11 20 2421
9 21 2422
10 21 2422
11 21 2422
9 22 2423
10 22 2423
11 22 2423
9 23 2424
10 23 2424
11 23 2424
9 12 2425
10 12 2425
11 12 2425
9 13 2426
10 13 2426
11 13 2426
9 14 2427
10 14 2427
11 14 2427
9 15 2428
10 15 2428
11 15 2428
9 16 2429
10 16 2429
11 16 2429
9 17 2430
10 17 2430
11 17 2430
9 18 2431
10 18 2431
11 18 2431
9 19 2432
10 19 2432
11 19 2432
9 20 2433
10 20 2433
11 20 2433
9 21 2434
10 21 2434
11 21 2434
9 22 2435
10 22 2435
11 22 2435
9 23 2436
10 23 2436
11 23 2436
9 12 2437
10 12 2437
11 12 2437
9 13 2438
10 13 2438
11 13 2438
9 14 2439
10 14 2439
11 14 2439
9 15 2440
10 15 2440
11 15 2440
9 16 2441
10 16 2441
11 16 2441
9 17 2442
10 17 2442
11 17 2442
9 18 2443
10 18 2443
11 18 2443
9 19 2444
10 19 2444
11 19 2444
9 20 2445
10 20 2445
11 20 2445
9 21 2446
10 21 2446
11 21 2446
9 22 2447
10 22 2447
11 22 2447
9 23 2448
10 23 2448
11 23 2448
9 12 2449
10 12 2449
11 12 2449
9 13 2450
10 13 2450
11 13 2450
9 14 2451
10 14 2451
11 14 2451
9 15 2452
10 15 2452
11 15 2452
9 16 2453
10 16 2453
11 16 2453
9 17 2454
10 17 2454
11 17 2454
9 18 2455
10 18 2455
11 18 2455
9 19 2456
10 19 2456
11 19 2456
9 20 2457
10 20 2457
11 20 2457
9 21 2458
10 21 2458
11 21 2458
9 22 2459
10 22 2459
11 22 2459
9 23 2460
10 23 2460
11 23 2460
9 12 2461
10 12 2461
11 12 2461
9 13 2462
10 13 2462
11 13 2462
9 14 2463
10 14 2463
11 14 2463
9 15 2464
10 15 2464
11 15 2464
9 16 2465
10 16 2465
11 16 2465
9 17 2466
10 17 2466
11 17 2466
9 18 2467
10 18 2467
11 18 2467
9 19 2468
10 19 2468
11 19 2468
9 20 2469
10 20 2469
11 20 2469
9 21 2470
10 21 2470
11 21 2470
9 22 2471
10 22 2471
11 22 2471
9 23 2472
10 23 2472
11 23 2472
9 12 2473
10 12 2473
11 12 2473
9 13 2474
10 13 2474
11 13 2474
9 14 2475
10 14 2475
11 14 2475
9 15 2476
10 15 2476
11 15 2476
9 16 2477
10 16 2477
11 16 2477
9 17 2478
10 17 2478
11 17 2478
9 18 2479
10 18 2479
11 18 2479
9 19 2480
10 19 2480
11 19 2480
9 20 2481
10 20 2481
11 20 2481
9 21 2482
10 21 2482
11 21 2482
9 22 2483
10 22 2483
11 22 2483
9 23 2484
10 23 2484
11 23 2484
9 12 2485
10 12 2485
11 12 2485
9 13 2486
10 13 2486
11 13 2486
9 14 2487
10 14 2487
11 14 2487
9 15 2488
10 15 2488
11 15 2488
9 16 2489
10 16 2489
11 16 2489
9 17 2490
10 17 2490
11 17 2490
9 18 2491
10 18 2491
11 18 2491
9 19 2492
10 19 2492
11 19 2492
9 20 2493
10 20 2493
11 20 2493
9 21 2494
10 21 2494
11 21 2494
9 22 2495
10 22 2495
11 22 2495
9 23 2496
10 23 2496
11 23 2496
9 12 2497
10 12 2497
11 12 2497
9 13 2498
10 13 2498
11 13 2498
9 14 2499
10 14 2499
11 14 2499
9 15 2500
10 15 2500
11 15 2500
9 16 2501
10 16 2501
11 16 2501
9 17 2502
10 17 2502
11 17 2502
9 18 2503
10 18 2503
11 18 2503
9 19 2504
10 19 2504
11 19 2504
9 20 2505
10 20 2505
11 20 2505
9 21 2506
10 21 2506
11 21 2506
9 22 2507
10 22 2507
11 22 2507
9 23 2508
10 23 2508
11 23 2508
9 12 2509
10 12 2509
11 12 2509
9 13 2510
10 13 2510
11 13 2510
9 14 2511
10 14 2511
11 14 2511
9 15 2512
10 15 2512
11 15 2512
9 16 2513
10 16 2513
11 16 2513
9 17 2514
10 17 2514
11 17 2514
9 18 2515
10 18 2515
11 18 2515
9 19 2516
10 19 2516
11 19 2516
9 20 2517
10 20 2517
11 20 2517
9 21 2518
10 21 2518
11 21 2518
9 22 2519
10 22 2519
11 22 2519
9 23 2520
10 23 2520
11 23 2520
9 12 2521
10 12 2521
11 12 2521
9 13 2522
10 13 2522
11 13 2522
9 14 2523
10 14 2523
11 14 2523
9 15 2524
10 15 2524
11 15 2524
9 16 2525
10 16 2525
11 16 2525
9 17 2526
10 17 2526
11 17 2526
9 18 2527
10 18 2527
11 18 2527
9 19 2528
10 19 2528
11 19 2528
9 20 2529
10 20 2529
11 20 2529
9 21 2530
10 21 2530
11 21 2530
9 22 2531
10 22 2531
11 22 2531
9 23 2532
10 23 2532
11 23 2532
9 12 2533
10 12 2533
11 12 2533
9 13 2534
10 13 2534
11 13 2534
9 14 2535
10 14 2535
11 14 2535
9 15 2536
10 15 2536
11 15 2536
9 16 2537
10 16 2537
11 16 2537
9 17 2538
10 17 2538
11 17 2538
9 18 2539
10 18 2539
11 18 2539
9 19 2540
10 19 2540
11 19 2540
9 20 2541
10 20 2541
11 20 2541
9 21 2542
10 21 2542
11 21 2542
9 22 2543
10 22 2543
11 22 2543
9 23 2544
10 23 2544
11 23 2544
9 12 2545
10 12 2545
11 12 2545
9 13 2546
10 13 2546
11 13 2546
9 14 2547
10 14 2547
11 14 2547
9 15 2548
10 15 2548
11 15 2548
9 16 2549
10 16 2549
11 16 2549
9 17 2550
10 17 2550
11 17 2550
9 18 2551
10 18 2551
11 18 2551
9 19 2552
10 19 2552
11 19 2552
9 20 2553
10 20 2553
11 20 2553
9 21 2554
10 21 2554
11 21 2554
9 22 2555
10 22 2555
11 22 2555
9 23 2556
10 23 2556
11 23 2556
9 12 2557
10 12 2557
11 12 2557
9 13 2558
10 13 2558
11 13 2558
9 14 2559
10 14 2559
11 14 2559
9 15 2560
10 15 2560
11 15 2560
9 16 2561
10 16 2561
11 16 2561
9 17 2562
10 17 2562
11 17 2562
9 18 2563
10 18 2563
11 18 2563
9 19 2564
10 19 2564
11 19 2564
9 20 2565
10 20 2565
11 20 2565
9 21 2566
10 21 2566
11 21 2566
9 22 2567
10 22 2567
11 22 2567
9 23 2568
10 23 2568
11 23 2568
9 12 2569
10 12 2569
11 12 2569
9 13 2570
10 13 2570
11 13 2570
9 14 2571
10 14 2571
11 14 2571
9 15 2572
10 15 2572
11 15 2572
9 16 2573
10 16 2573
11 16 2573
9 17 2574
10 17 2574
11 17 2574
9 18 2575
10 18 2575
11 18 2575
9 19 2576
10 19 2576
11 19 2576
9 20 2577
10 20 2577
11 20 2577
9 21 2578
10 21 2578
11 21 2578
9 22 2579
10 22 2579
11 22 2579
9 23 2580
10 23 2580
11 23 2580
9 12 2581
10 12 2581
11 12 2581
9 13 2582
10 13 2582
11 13 2582
9 14 2583
10 14 2583
11 14 2583
9 15 2584
10 15 2584
11 15 2584
9 16 2585
10 16 2585
11 16 2585
9 17 2586
10 17 2586
11 17 2586
9 18 2587
10 18 2587
11 18 2587
9 19 2588
10 19 2588
11 19 2588
9 20 2589
10 20 2589
11 20 2589
9 21 2590
10 21 2590
11 21 2590
9 22 2591
10 22 2591
11 22 2591
9 23 2592
10 23 2592
11 23 2592
9 12 2593
10 12 2593
11 12 2593
9 13 2594
10 13 2594
11 13 2594
9 14 2595
10 14 2595
11 14 2595
9 15 2596
10 15 2596
11 15 2596
9 16 2597
10 16 2597
11 16 2597
9 17 2598
10 17 2598
11 17 2598
9 18 2599
10 18 2599
11 18 2599
9 19 2600
10 19 2600
11 19 2600
9 20 2601
10 20 2601
11 20 2601
9 21 2602
10 21 2602
11 21 2602
9 22 2603
10 22 2603
11 22 2603
9 23 2604
10 23 2604
11 23 2604
9 12 2605
10 12 2605
11 12 2605
9 13 2606
10 13 2606
11 13 2606
9 14 2607
10 14 2607
11 14 2607
9 15 2608
10 15 2608
11 15 2608
9 16 2609
10 16 2609
11 16 2609
9 17 2610
10 17 2610
11 17 2610
9 18 2611
10 18 2611
11 18 2611
9 19 2612
10 19 2612
11 19 2612
9 20 2613
10 20 2613
11 20 2613
9 21 2614
10 21 2614
11 21 2614
9 22 2615
10 22 2615
11 22 2615
9 23 2616
10 23 2616
11 23 2616
9 12 2617
10 12 2617
11 12 2617
9 13 2618
10 13 2618
11 13 2618
9 14 2619
10 14 2619
11 14 2619
9 15 2620
10 15 2620
11 15 2620
9 16 2621
10 16 2621
11 16 2621
9 17 2622
10 17 2622
11 17 2622
9 18 2623
10 18 2623
11 18 2623
9 19 2624
10 19 2624
11 19 2624
9 20 2625
10 20 2625
11 20 2625
9 21 2626
10 21 2626
11 21 2626
9 22 2627
10 22 2627
11 22 2627
9 23 2628
10 23 2628
11 23 2628
9 12 2629
10 12 2629
11 12 2629
9 13 2630
10 13 2630
11 13 2630
9 14 2631
10 14 2631
11 14 2631
9 15 2632
10 15 2632
11 15 2632
9 16 2633
10 16 2633
11 16 2633
9 17 2634
10 17 2634
11 17 2634
9 18 2635
10 18 2635
11 18 2635
9 19 2636
10 19 2636
11 19 2636
9 20 2637
10 20 2637
11 20 2637
9 21 2638
10 21 2638
11 21 2638
9 22 2639
10 22 2639
11 22 2639
9 23 2640
10 23 2640
11 23 2640
9 12 2641
10 12 2641
11 12 2641
9 13 2642
10 13 2642
11 13 2642
9 14 2643
10 14 2643
11 14 2643
9 15 2644
10 15 2644
11 15 2644
9 16 2645
10 16 2645
11 16 2645
9 17 2646
10 17 2646
11 17 2646
9 18 2647
10 18 2647
11 18 2647
9 19 2648
10 19 2648
11 19 2648
9 20 2649
10 20 2649
11 20 2649
9 21 2650
10 21 2650
11 21 2650
9 22 2651
10 22 2651
11 22 2651
9 23 2652
10 23 2652
11 23 2652
9 12 2653
10 12 2653
11 12 2653
9 13 2654
10 13 2654
11 13 2654
9 14 2655
10 14 2655
11 14 2655
9 15 2656
10 15 2656
11 15 2656
9 16 2657
10 16 2657
11 16 2657
9 17 2658
10 17 2658
11 17 2658
9 18 2659
10 18 2659
11 18 2659
9 19 2660
10 19 2660
11 19 2660
9 20 2661
10 20 2661
11 20 2661
9 21 2662
10 21 2662
11 21 2662
9 22 2663
10 22 2663
11 22 2663
9 23 2664
10 23 2664
11 23 2664
9 12 2665
10 12 2665
11 12 2665
9 13 2666
10 13 2666
11 13 2666
9 14 2667
10 14 2667
11 14 2667
9 15 2668
10 15 2668
11 15 2668
9 16 2669
10 16 2669
11 16 2669
9 17 2670
10 17 2670
11 17 2670
9 18 2671
10 18 2671
11 18 2671
9 19 2672
10 19 2672
11 19 2672
9 20 2673
10 20 2673
11 20 2673
9 21 2674
10 21 2674
11 21 2674
9 22 2675
10 22 2675
11 22 2675
9 23 2676
10 23 2676
11 23 2676
9 12 2677
10 12 2677
11 12 2677
9 13 2678
10 13 2678
11 13 2678
9 14 2679
10 14 2679
11 14 2679
9 15 2680
10 15 2680
11 15 2680
9 16 2681
10 16 2681
11 16 2681
9 17 2682
10 17 2682
11 17 2682
9 18 2683
10 18 2683
11 18 2683
9 19 2684
10 19 2684
11 19 2684
9 20 2685
10 20 2685
11 20 2685
9 21 2686
10 21 2686
11 21 2686
9 22 2687
10 22 2687
11 22 2687
9 23 2688
10 23 2688
11 23 2688
9 12 2689
10 12 2689
11 12 2689
9 13 2690
10 13 2690
11 13 2690
9 14 2691
10 14 2691
11 14 2691
9 15 2692
10 15 2692
11 15 2692
9 16 2693
10 16 2693
11 16 2693
9 17 2694
10 17 2694
11 17 2694
9 18 2695
10 18 2695
11 18 2695
9 19 2696
10 19 2696
11 19 2696
9 20 2697
10 20 2697
11 20 2697
9 21 2698
10 21 2698
11 21 2698
9 22 2699
10 22 2699
11 22 2699
9 23 2700
10 23 2700
11 23 2700
9 12 2701
10 12 2701
11 12 2701
9 13 2702
10 13 2702
11 13 2702
9 14 2703
10 14 2703
11 14 2703
9 15 2704
10 15 2704
11 15 2704
9 16 2705
10 16 2705
11 16 2705
9 17 2706
10 17 2706
11 17 2706
9 18 2707
10 18 2707
11 18 2707
9 19 2708
10 19 2708
11 19 2708
9 20 2709
10 20 2709
11 20 2709
9 21 2710
10 21 2710
11 21 2710
9 22 2711
10 22 2711
11 22 2711
9 23 2712
10 23 2712
11 23 2712
9 12 2713
10 12 2713
11 12 2713
9 13 2714
10 13 2714
11 13 2714
9 14 2715
10 14 2715
11 14 2715
9 15 2716
10 15 2716
11 15 2716
9 16 2717
10 16 2717
11 16 2717
9 17 2718
10 17 2718
11 17 2718
9 18 2719
10 18 2719
11 18 2719
9 19 2720
10 19 2720
11 19 2720
9 20 2721
10 20 2721
11 20 2721
9 21 2722
10 21 2722
11 21 2722
9 22 2723
10 22 2723
11 22 2723
9 23 2724
10 23 2724
11 23 2724
9 12 2725
10 12 2725
11 12 2725
9 13 2726
10 13 2726
11 13 2726
9 14 2727
10 14 2727
11 14 2727
9 15 2728
10 15 2728
11 15 2728
9 16 2729
10 16 2729
11 16 2729
9 17 2730
10 17 2730
11 17 2730
9 18 2731
10 18 2731
11 18 2731
9 19 2732
10 19 2732
11 19 2732
9 20 2733
10 20 2733
11 20 2733
9 21 2734
10 21 2734
11 21 2734
9 22 2735
10 22 2735
11 22 2735
9 23 2736
10 23 2736
11 23 2736
9 12 2737
10 12 2737
11 12 2737
9 13 2738
10 13 2738
11 13 2738
9 14 2739
10 14 2739
11 14 2739
9 15 2740
10 15 2740
11 15 2740
9 16 2741
10 16 2741
11 16 2741
9 17 2742
10 17 2742
11 17 2742
9 18 2743
10 18 2743
11 18 2743
9 19 2744
10 19 2744
11 19 2744
9 20 2745
10 20 2745
11 20 2745
9 21 2746
10 21 2746
11 21 2746
9 22 2747
10 22 2747
11 22 2747
9 23 2748
10 23 2748
11 23 2748
9 12 2749
10 12 2749
11 12 2749
9 13 2750
10 13 2750
11 13 2750
9 14 2751
10 14 2751
11 14 2751
9 15 2752
10 15 2752
11 15 2752
9 16 2753
10 16 2753
11 16 2753
9 17 2754
10 17 2754
11 17 2754
9 18 2755
10 18 2755
11 18 2755
9 19 2756
10 19 2756
11 19 2756
9 20 2757
10 20 2757
11 20 2757
9 21 2758
10 21 2758
11 21 2758
9 22 2759
10 22 2759
11 22 2759
9 23 2760
10 23 2760
11 23 2760
9 12 2761
10 12 2761
11 12 2761
9 13 2762
10 13 2762
11 13 2762
9 14 2763
10 14 2763
11 14 2763
9 15 2764
10 15 2764
11 15 2764
9 16 2765
10 16 2765
11 16 2765
9 17 2766
10 17 2766
11 17 2766
9 18 2767
10 18 2767
11 18 2767
9 19 2768
10 19 2768
11 19 2768
9 20 2769
10 20 2769
11 20 2769
9 21 2770
10 21 2770
11 21 2770
9 22 2771
10 22 2771
11 22 2771
9 23 2772
10 23 2772
11 23 2772
9 12 2773
10 12 2773
11 12 2773
9 13 2774
10 13 2774
11 13 2774
9 14 2775
10 14 2775
11 14 2775
9 15 2776
10 15 2776
11 15 2776
9 16 2777
10 16 2777
11 16 2777
9 17 2778
10 17 2778
11 17 2778
9 18 2779
10 18 2779
11 18 2779
9 19 2780
10 19 2780
11 19 2780
9 20 2781
10 20 2781
11 20 2781
9 21 2782
10 21 2782
11 21 2782
9 22 2783
10 22 2783
11 22 2783
9 23 2784
10 23 2784
11 23 2784
9 12 2785
10 12 2785
11 12 2785
9 13 2786
10 13 2786
11 13 2786
9 14 2787
10 14 2787
11 14 2787
9 15 2788
10 15 2788
11 15 2788
9 16 2789
10 16 2789
11 16 2789
9 17 2790
10 17 2790
11 17 2790
9 18 2791
10 18 2791
11 18 2791
9 19 2792
10 19 2792
11 19 2792
9 20 2793
10 20 2793
11 20 2793
9 21 2794
10 21 2794
11 21 2794
9 22 2795
10 22 2795
11 22 2795
9 23 2796
10 23 2796
11 23 2796
9 12 2797
10 12 2797
11 12 2797
9 13 2798
10 13 2798
11 13 2798
9 14 2799
10 14 2799
11 14 2799
9 15 2800
10 15 2800
11 15 2800
9 16 2801
10 16 2801
11 16 2801
9 17 2802
10 17 2802
11 17 2802
9 18 2803
10 18 2803
11 18 2803
9 19 2804
10 19 2804
11 19 2804
9 20 2805
10 20 2805
11 20 2805
9 21 2806
10 21 2806
11 21 2806
9 22 2807
10 22 2807
11 22 2807
9 23 2808
10 23 2808
11 23 2808
9 12 2809
10 12 2809
11 12 2809
9 13 2810
10 13 2810
11 13 2810
9 14 2811
10 14 2811
11 14 2811
9 15 2812
10 15 2812
11 15 2812
9 16 2813
10 16 2813
11 16 2813
9 17 2814
10 17 2814
11 17 2814
9 18 2815
10 18 2815
11 18 2815
9 19 2816
10 19 2816
11 19 2816
9 20 2817
10 20 2817
11 20 2817
9 21 2818
10 21 2818
11 21 2818
9 22 2819
10 22 2819
11 22 2819
9 23 2820
10 23 2820
11 23 2820
9 12 2821
10 12 2821
11 12 2821
9 13 2822
10 13 2822
11 13 2822
9 14 2823
10 14 2823
11 14 2823
9 15 2824
10 15 2824
11 15 2824
9 16 2825
10 16 2825
11 16 2825
9 17 2826
10 17 2826
11 17 2826
9 18 2827
10 18 2827
11 18 2827
9 19 2828
10 19 2828
11 19 2828
9 20 2829
10 20 2829
11 20 2829
9 21 2830
10 21 2830
11 21 2830
9 22 2831
10 22 2831
11 22 2831
9 23 2832
10 23 2832
11 23 2832
9 12 2833
10 12 2833
11 12 2833
9 13 2834
10 13 2834
11 13 2834
9 14 2835
10 14 2835
11 14 2835
9 15 2836
10 15 2836
11 15 2836
9 16 2837
10 16 2837
11 16 2837
9 17 2838
10 17 2838
11 17 2838
9 18 2839
10 18 2839
11 18 2839
9 19 2840
10 19 2840
11 19 2840
9 20 2841
10 20 2841
11 20 2841
9 21 2842
10 21 2842
11 21 2842
9 22 2843
10 22 2843
11 22 2843
9 23 2844
10 23 2844
11 23 2844
9 12 2845
10 12 2845
11 12 2845
9 13 2846
10 13 2846
11 13 2846
9 14 2847
10 14 2847
11 14 2847
9 15 2848
10 15 2848
11 15 2848
9 16 2849
10 16 2849
11 16 2849
9 17 2850
10 17 2850
11 17 2850
9 18 2851
10 18 2851
11 18 2851
9 19 2852
10 19 2852
11 19 2852
9 20 2853
10 20 2853
11 20 2853
9 21 2854
10 21 2854
11 21 2854
9 22 2855
10 22 2855
11 22 2855
9 23 2856
10 23 2856
11 23 2856
9 12 2857
10 12 2857
11 12 2857
9 13 2858
10 13 2858
11 13 2858
9 14 2859
10 14 2859
11 14 2859
9 15 2860
10 15 2860
11 15 2860
9 16 2861
10 16 2861
11 16 2861
9 17 2862
10 17 2862
11 17 2862
9 18 2863
10 18 2863
11 18 2863
9 19 2864
10 19 2864
11 19 2864
9 20 2865
10 20 2865
11 20 2865
9 21 2866
10 21 2866
11 21 2866
9 22 2867
10 22 2867
11 22 2867
9 23 2868
10 23 2868
11 23 2868
9 12 2869
10 12 2869
11 12 2869
9 13 2870
10 13 2870
11 13 2870
9 14 2871
10 14 2871
11 14 2871
9 15 2872
10 15 2872
11 15 2872
9 16 2873
10 16 2873
11 16 2873
9 17 2874
10 17 2874
11 17 2874
9 18 2875
10 18 2875
11 18 2875
9 19 2876
10 19 2876
11 19 2876
9 20 2877
10 20 2877
11 20 2877
9 21 2878
10 21 2878
11 21 2878
9 22 2879
10 22 2879
11 22 2879
9 23 2880
10 23 2880
11 23 2880
9 12 2881
10 12 2881
11 12 2881
9 13 2882
10 13 2882
11 13 2882
9 14 2883
10 14 2883
11 14 2883
9 15 2884
10 15 2884
11 15 2884
9 16 2885
10 16 2885
11 16 2885
9 17 2886
10 17 2886
11 17 2886
9 18 2887
10 18 2887
11 18 2887
9 19 2888
10 19 2888
11 19 2888
9 20 2889
10 20 2889
11 20 2889
9 21 2890
10 21 2890
11 21 2890
9 22 2891
10 22 2891
11 22 2891
9 23 2892
10 23 2892
11 23 2892
9 12 2893
10 12 2893
11 12 2893
9 13 2894
10 13 2894
11 13 2894
9 14 2895
10 14 2895
11 14 2895
9 15 2896
10 15 2896
11 15 2896
9 16 2897
10 16 2897
11 16 2897
9 17 2898
10 17 2898
11 17 2898
9 18 2899
10 18 2899
11 18 2899
9 19 2900
10 19 2900
11 19 2900
9 20 2901
10 20 2901
11 20 2901
9 21 2902
10 21 2902
11 21 2902
9 22 2903
10 22 2903
11 22 2903
9 23 2904
10 23 2904
11 23 2904
9 12 2905
10 12 2905
11 12 2905
9 13 2906
10 13 2906
11 13 2906
9 14 2907
10 14 2907
11 14 2907
9 15 2908
10 15 2908
11 15 2908
9 16 2909
10 16 2909
11 16 2909
9 17 2910
10 17 2910
11 17 2910
9 18 2911
10 18 2911
11 18 2911
9 19 2912
10 19 2912
11 19 2912
9 20 2913
10 20 2913
11 20 2913
9 21 2914
10 21 2914
11 21 2914
9 22 2915
10 22 2915
11 22 2915
9 23 2916
10 23 2916
11 23 2916
9 12 2917
10 12 2917
11 12 2917
9 13 2918
10 13 2918
11 13 2918
9 14 2919
10 14 2919
11 14 2919
9 15 2920
10 15 2920
11 15 2920
9 16 2921
10 16 2921
11 16 2921
9 17 2922
10 17 2922
11 17 2922
9 18 2923
10 18 2923
11 18 2923
9 19 2924
10 19 2924
11 19 2924
9 20 2925
10 20 2925
11 20 2925
9 21 2926
10 21 2926
11 21 2926
9 22 2927
10 22 2927
11 22 2927
9 23 2928
10 23 2928
11 23 2928
9 12 2929
10 12 2929
11 12 2929
9 13 2930
10 13 2930
11 13 2930
9 14 2931
10 14 2931
11 14 2931
9 15 2932
10 15 2932
11 15 2932
9 16 2933
10 16 2933
11 16 2933
9 17 2934
10 17 2934
11 17 2934
9 18 2935
10 18 2935
11 18 2935
9 19 2936
10 19 2936
11 19 2936
9 20 2937
10 20 2937
11 20 2937
9 21 2938
10 21 2938
11 21 2938
9 22 2939
10 22 2939
11 22 2939
9 23 2940
10 23 2940
11 23 2940
9 12 2941
10 12 2941
11 12 2941
9 13 2942
10 13 2942
11 13 2942
9 14 2943
10 14 2943
11 14 2943
9 15 2944
10 15 2944
11 15 2944
9 16 2945
10 16 2945
11 16 2945
9 17 2946
10 17 2946
11 17 2946
9 18 2947
10 18 2947
11 18 2947
9 19 2948
10 19 2948
11 19 2948
9 20 2949
10 20 2949
11 20 2949
9 21 2950
10 21 2950
11 21 2950
9 22 2951
10 22 2951
11 22 2951
9 23 2952
10 23 2952
11 23 2952
