2 6 1
2 6 2
2 6 3
2 6 4
2 6 5
2 6 6
2 6 7
2 6 8
2 6 9
2 6 10
2 6 11
2 6 12
2 6 13
2 6 14
2 6 15
2 6 16
2 6 17
2 6 18
2 6 19
2 6 20
2 6 21
2 6 22
2 6 23
2 6 24
2 6 25
2 6 26
2 6 27
2 6 28
2 6 29
2 6 30
2 6 31
2 6 32
2 6 33
2 6 34
2 6 35
2 6 36
2 6 37
2 6 38
2 6 39
2 6 40
2 6 41
2 6 42
2 6 43
2 6 44
2 6 45
2 6 46
2 6 47
2 6 48
2 6 49
2 6 50
2 6 51
2 6 52
2 6 53
2 6 54
2 6 55
2 6 56
2 6 57
2 6 58
2 6 59
2 6 60
2 6 61
2 6 62
2 6 63
2 6 64
2 6 65
2 6 66
2 6 67
2 6 68
2 6 69
2 6 70
2 6 71
2 6 72
2 6 73
2 6 74
2 6 75
2 6 76
2 6 77
2 6 78
2 6 79
2 6 80
2 6 81
2 6 82
2 6 83
2 6 84
2 6 85
2 6 86
2 6 87
2 6 88
2 6 89
2 6 90
2 6 91
2 6 92
2 6 93
2 6 94
2 6 95
2 6 96
2 6 97
2 6 98
2 6 99
2 6 100
2 6 101
2 6 102
2 6 103
2 6 104
2 6 105
2 6 106
2 6 107
2 6 108
2 6 109
2 6 110
2 6 111
2 6 112
2 6 113
2 6 114
2 6 115
2 6 116
2 6 117
2 6 118
2 6 119
2 6 120
2 6 121
2 6 122
2 6 123
2 6 124
2 6 125
2 6 126
2 6 127
2 6 128
2 6 129
2 6 130
2 6 131
2 6 132
2 6 133
2 6 134
2 6 135
2 6 136
2 6 137
2 6 138
2 6 139
2 6 140
2 6 141
2 6 142
2 6 143
2 6 144
2 6 145
2 6 146
2 6 147
2 6 148
2 6 149
2 6 150
2 6 151
2 6 152
2 6 153
2 6 154
2 6 155
2 6 156
2 6 157
2 6 158
2 6 159
2 6 160
2 6 161
2 6 162
2 6 163
2 6 164
2 6 165
2 6 166
2 6 167
2 6 168
2 6 169
2 6 170
2 6 171
2 6 172
2 6 173
2 6 174
2 6 175
2 6 176
2 6 177
2 6 178
2 6 179
2 6 180
2 6 181
2 6 182
2 6 183
2 6 184
2 6 185
2 6 186
2 6 187
2 6 188
2 6 189
2 6 190
2 6 191
2 6 192
2 6 193
2 6 194
2 6 195
2 6 196
2 6 197
2 6 198
2 6 199
2 6 200
2 6 201
2 6 202
2 6 203
2 6 204
2 6 205
2 6 206
2 6 207
2 6 208
2 6 209
2 6 210
2 6 211
2 6 212
2 6 213
2 6 214
2 6 215
2 6 216
2 6 217
2 6 218
2 6 219
2 6 220
2 6 221
2 6 222
2 6 223
2 6 224
2 6 225
2 6 226
2 6 227
2 6 228
2 6 229
2 6 230
2 6 231
2 6 232
2 6 233
2 6 234
2 6 235
2 6 236
2 6 237
2 6 238
2 6 239
2 6 240
2 6 241
2 6 242
2 6 243
2 6 244
2 6 245
2 6 246
2 6 247
2 6 248
2 6 249
2 6 250
2 6 251
2 6 252
2 6 253
2 6 254
2 6 255
2 6 256
2 6 257
2 6 258
2 6 259
2 6 260
2 6 261
2 6 262
2 6 263
2 6 264
2 6 265
2 6 266
2 6 267
2 6 268
2 6 269
2 6 270
2 6 271
2 6 272
2 6 273
2 6 274
2 6 275
2 6 276
2 6 277
2 6 278
2 6 279
2 6 280
2 6 281
2 6 282
2 6 283
2 6 284
2 6 285
2 6 286
2 6 287
2 6 288
2 6 289
2 6 290
2 6 291
2 6 292
2 6 293
2 6 294
2 6 295
2 6 296
2 6 297
2 6 298
2 6 299
2 6 300
2 6 301
2 6 302
2 6 303
2 6 304
2 6 305
2 6 306
2 6 307
