12 9 1
12 9 2
12 9 3
12 9 4
12 9 5
12 9 6
12 9 7
12 9 8
12 9 9
12 9 10
12 9 11
12 9 12
12 9 13
12 9 14
12 9 15
12 9 16
12 9 17
12 9 18
12 9 19
12 9 20
12 9 21
12 9 22
12 9 23
12 9 24
12 9 25
12 9 26
12 9 27
12 9 28
12 9 29
12 9 30
12 9 31
12 9 32
12 9 33
12 9 34
12 9 35
12 9 36
12 9 37
12 9 38
12 9 39
12 9 40
12 9 41
12 9 42
12 9 43
12 9 44
12 9 45
12 9 46
12 9 47
12 9 48
12 9 49
12 9 50
12 9 51
12 9 52
12 9 53
12 9 54
12 9 55
12 9 56
12 9 57
12 9 58
12 9 59
12 9 60
12 9 61
12 9 62
12 9 63
12 9 64
12 9 65
12 9 66
12 9 67
12 9 68
12 9 69
12 9 70
12 9 71
12 9 72
12 9 73
12 9 74
12 9 75
12 9 76
12 9 77
12 9 78
12 9 79
12 9 80
12 9 81
12 9 82
12 9 83
12 9 84
12 9 85
12 9 86
12 9 87
12 9 88
12 9 89
12 9 90
12 9 91
12 9 92
12 9 93
12 9 94
12 9 95
12 9 96
12 9 97
12 9 98
12 9 99
12 9 100
12 9 101
12 9 102
12 9 103
12 9 104
12 9 105
12 9 106
12 9 107
12 9 108
12 9 109
12 9 110
12 9 111
12 9 112
12 9 113
12 9 114
12 9 115
12 9 116
12 9 117
12 9 118
12 9 119
12 9 120
12 9 121
12 9 122
12 9 123
12 9 124
12 9 125
12 9 126
12 9 127
12 9 128
12 9 129
12 9 130
12 9 131
12 9 132
12 9 133
12 9 134
12 9 135
12 9 136
12 9 137
12 9 138
12 9 139
12 9 140
12 9 141
12 9 142
12 9 143
12 9 144
12 9 145
12 9 146
12 9 147
12 9 148
12 9 149
12 9 150
12 9 151
12 9 152
12 9 153
12 9 154
12 9 155
12 9 156
12 9 157
12 9 158
12 9 159
12 9 160
12 9 161
12 9 162
12 9 163
12 9 164
12 9 165
12 9 166
12 9 167
12 9 168
12 9 169
12 9 170
12 9 171
12 9 172
12 9 173
12 9 174
12 9 175
12 9 176
12 9 177
12 9 178
12 9 179
12 9 180
12 9 181
12 9 182
12 9 183
12 9 184
12 9 185
12 9 186
12 9 187
12 9 188
12 9 189
12 9 190
12 9 191
12 9 192
12 9 193
12 9 194
12 9 195
12 9 196
12 9 197
12 9 198
12 9 199
12 9 200
12 9 201
12 9 202
12 9 203
12 9 204
12 9 205
12 9 206
12 9 207
12 9 208
12 9 209
12 9 210
12 9 211
12 9 212
12 9 213
12 9 214
12 9 215
12 9 216
12 9 217
12 9 218
12 9 219
12 9 220
12 9 221
12 9 222
12 9 223
12 9 224
12 9 225
12 9 226
12 9 227
12 9 228
12 9 229
12 9 230
12 9 231
12 9 232
12 9 233
12 9 234
12 9 235
12 9 236
12 9 237
12 9 238
12 9 239
12 9 240
12 9 241
12 9 242
12 9 243
12 9 244
12 9 245
12 9 246
12 9 247
12 9 248
12 9 249
12 9 250
12 9 251
12 9 252
12 9 253
12 9 254
12 9 255
12 9 256
12 9 257
12 9 258
12 9 259
12 9 260
12 9 261
12 9 262
12 9 263
12 9 264
12 9 265
12 9 266
12 9 267
12 9 268
12 9 269
12 9 270
12 9 271
12 9 272
12 9 273
12 9 274
12 9 275
12 9 276
12 9 277
12 9 278
12 9 279
12 9 280
12 9 281
12 9 282
12 9 283
12 9 284
12 9 285
12 9 286
12 9 287
12 9 288
12 9 289
12 9 290
12 9 291
12 9 292
12 9 293
12 9 294
12 9 295
12 9 296
12 9 297
12 9 298
12 9 299
12 9 300
12 9 301
12 9 302
12 9 303
12 9 304
12 9 305
12 9 306
12 9 307
12 9 308
12 9 309
12 9 310
12 9 311
12 9 312
12 9 313
12 9 314
12 9 315
12 9 316
12 9 317
12 9 318
12 9 319
12 9 320
12 9 321
12 9 322
12 9 323
12 9 324
12 9 325
12 9 326
12 9 327
12 9 328
12 9 329
12 9 330
12 9 331
12 9 332
12 9 333
12 9 334
12 9 335
12 9 336
12 9 337
12 9 338
12 9 339
12 9 340
12 9 341
12 9 342
12 9 343
12 9 344
12 9 345
12 9 346
12 9 347
12 9 348
12 9 349
12 9 350
12 9 351
12 9 352
12 9 353
12 9 354
12 9 355
12 9 356
12 9 357
12 9 358
12 9 359
12 9 360
12 9 361
12 9 362
12 9 363
12 9 364
12 9 365
12 9 366
12 9 367
12 9 368
12 9 369
12 9 370
12 9 371
12 9 372
12 9 373
12 9 374
12 9 375
12 9 376
12 9 377
12 9 378
12 9 379
12 9 380
12 9 381
12 9 382
12 9 383
12 9 384
12 9 385
12 9 386
12 9 387
12 9 388
12 9 389
12 9 390
12 9 391
12 9 392
12 9 393
12 9 394
12 9 395
12 9 396
12 9 397
12 9 398
12 9 399
12 9 400
12 9 401
12 9 402
12 9 403
12 9 404
12 9 405
12 9 406
12 9 407
12 9 408
12 9 409
12 9 410
12 9 411
12 9 412
12 9 413
12 9 414
12 9 415
12 9 416
12 9 417
12 9 418
12 9 419
12 9 420
12 9 421
12 9 422
12 9 423
12 9 424
12 9 425
12 9 426
12 9 427
12 9 428
12 9 429
12 9 430
12 9 431
12 9 432
12 9 433
12 9 434
12 9 435
12 9 436
12 9 437
12 9 438
12 9 439
12 9 440
12 9 441
12 9 442
12 9 443
12 9 444
12 9 445
12 9 446
12 9 447
12 9 448
12 9 449
12 9 450
12 9 451
12 9 452
12 9 453
12 9 454
12 9 455
12 9 456
12 9 457
12 9 458
12 9 459
12 9 460
12 9 461
12 9 462
12 9 463
12 9 464
12 9 465
12 9 466
12 9 467
12 9 468
12 9 469
12 9 470
12 9 471
12 9 472
12 9 473
12 9 474
12 9 475
12 9 476
12 9 477
12 9 478
12 9 479
12 9 480
12 9 481
12 9 482
12 9 483
12 9 484
12 9 485
12 9 486
12 9 487
12 9 488
12 9 489
12 9 490
12 9 491
12 9 492
12 9 493
12 9 494
12 9 495
12 9 496
12 9 497
12 9 498
12 9 499
12 9 500
12 9 501
12 9 502
12 9 503
12 9 504
12 9 505
12 9 506
12 9 507
12 9 508
12 9 509
12 9 510
12 9 511
12 9 512
12 9 513
12 9 514
12 9 515
12 9 516
12 9 517
12 9 518
12 9 519
12 9 520
12 9 521
12 9 522
12 9 523
12 9 524
12 9 525
12 9 526
12 9 527
12 9 528
12 9 529
12 9 530
12 9 531
12 9 532
12 9 533
12 9 534
12 9 535
12 9 536
12 9 537
12 9 538
12 9 539
12 9 540
12 9 541
12 9 542
12 9 543
12 9 544
12 9 545
12 9 546
12 9 547
12 9 548
12 9 549
12 9 550
12 9 551
12 9 552
12 9 553
12 9 554
12 9 555
12 9 556
12 9 557
12 9 558
12 9 559
12 9 560
12 9 561
12 9 562
12 9 563
12 9 564
12 9 565
12 9 566
12 9 567
12 9 568
12 9 569
12 9 570
12 9 571
12 9 572
12 9 573
12 9 574
12 9 575
12 9 576
12 9 577
12 9 578
12 9 579
12 9 580
12 9 581
12 9 582
12 9 583
12 9 584
12 9 585
12 9 586
12 9 587
12 9 588
12 9 589
12 9 590
12 9 591
12 9 592
12 9 593
12 9 594
12 9 595
12 9 596
12 9 597
12 9 598
12 9 599
12 9 600
12 9 601
12 9 602
12 9 603
12 9 604
12 9 605
12 9 606
12 9 607
12 9 608
12 9 609
12 9 610
12 9 611
12 9 612
12 9 613
12 9 614
