3 8 1
3 8 2
3 8 3
3 8 4
3 8 5
3 8 6
3 8 7
3 8 8
3 8 9
3 8 10
3 8 11
3 8 12
3 8 13
3 8 14
3 8 15
3 8 16
3 8 17
3 8 18
3 8 19
3 8 20
3 8 21
3 8 22
3 8 23
3 8 24
3 8 25
3 8 26
3 8 27
3 8 28
3 8 29
3 8 30
3 8 31
3 8 32
3 8 33
3 8 34
3 8 35
3 8 36
3 8 37
3 8 38
3 8 39
3 8 40
3 8 41
3 8 42
3 8 43
3 8 44
3 8 45
3 8 46
3 8 47
3 8 48
3 8 49
3 8 50
3 8 51
3 8 52
3 8 53
3 8 54
3 8 55
3 8 56
3 8 57
3 8 58
3 8 59
3 8 60
3 8 61
3 8 62
3 8 63
3 8 64
3 8 65
3 8 66
3 8 67
3 8 68
3 8 69
3 8 70
3 8 71
3 8 72
3 8 73
3 8 74
3 8 75
3 8 76
3 8 77
3 8 78
3 8 79
3 8 80
3 8 81
3 8 82
3 8 83
3 8 84
3 8 85
3 8 86
3 8 87
3 8 88
3 8 89
3 8 90
3 8 91
3 8 92
3 8 93
3 8 94
3 8 95
3 8 96
3 8 97
3 8 98
3 8 99
3 8 100
3 8 101
3 8 102
3 8 103
3 8 104
3 8 105
3 8 106
3 8 107
3 8 108
3 8 109
3 8 110
3 8 111
3 8 112
3 8 113
3 8 114
3 8 115
3 8 116
3 8 117
3 8 118
3 8 119
3 8 120
3 8 121
3 8 122
3 8 123
3 8 124
3 8 125
3 8 126
3 8 127
3 8 128
3 8 129
3 8 130
3 8 131
3 8 132
3 8 133
3 8 134
3 8 135
3 8 136
3 8 137
3 8 138
3 8 139
3 8 140
3 8 141
3 8 142
3 8 143
3 8 144
3 8 145
3 8 146
3 8 147
3 8 148
3 8 149
3 8 150
3 8 151
3 8 152
3 8 153
3 8 154
3 8 155
3 8 156
3 8 157
3 8 158
3 8 159
3 8 160
3 8 161
3 8 162
3 8 163
3 8 164
3 8 165
3 8 166
3 8 167
3 8 168
3 8 169
3 8 170
3 8 171
3 8 172
3 8 173
3 8 174
3 8 175
3 8 176
3 8 177
3 8 178
3 8 179
3 8 180
3 8 181
3 8 182
3 8 183
3 8 184
3 8 185
3 8 186
3 8 187
3 8 188
3 8 189
3 8 190
3 8 191
3 8 192
3 8 193
3 8 194
3 8 195
3 8 196
3 8 197
3 8 198
3 8 199
3 8 200
3 8 201
3 8 202
3 8 203
3 8 204
3 8 205
3 8 206
3 8 207
3 8 208
3 8 209
3 8 210
3 8 211
3 8 212
3 8 213
3 8 214
3 8 215
3 8 216
3 8 217
3 8 218
3 8 219
3 8 220
3 8 221
3 8 222
3 8 223
3 8 224
3 8 225
3 8 226
3 8 227
3 8 228
3 8 229
3 8 230
3 8 231
3 8 232
3 8 233
3 8 234
3 8 235
3 8 236
3 8 237
3 8 238
3 8 239
3 8 240
3 8 241
3 8 242
3 8 243
3 8 244
3 8 245
3 8 246
3 8 247
3 8 248
3 8 249
3 8 250
3 8 251
3 8 252
3 8 253
3 8 254
3 8 255
3 8 256
3 8 257
3 8 258
3 8 259
3 8 260
3 8 261
3 8 262
3 8 263
3 8 264
3 8 265
3 8 266
3 8 267
3 8 268
3 8 269
3 8 270
3 8 271
3 8 272
3 8 273
3 8 274
3 8 275
3 8 276
3 8 277
3 8 278
3 8 279
3 8 280
3 8 281
3 8 282
3 8 283
3 8 284
3 8 285
3 8 286
3 8 287
3 8 288
3 8 289
3 8 290
3 8 291
3 8 292
3 8 293
3 8 294
3 8 295
3 8 296
3 8 297
3 8 298
3 8 299
3 8 300
3 8 301
3 8 302
3 8 303
3 8 304
3 8 305
3 8 306
3 8 307
3 8 308
3 8 309
3 8 310
3 8 311
3 8 312
3 8 313
3 8 314
3 8 315
3 8 316
3 8 317
3 8 318
3 8 319
3 8 320
3 8 321
3 8 322
3 8 323
3 8 324
3 8 325
3 8 326
3 8 327
3 8 328
3 8 329
3 8 330
3 8 331
3 8 332
3 8 333
3 8 334
3 8 335
3 8 336
3 8 337
3 8 338
3 8 339
3 8 340
3 8 341
3 8 342
3 8 343
3 8 344
3 8 345
3 8 346
3 8 347
3 8 348
3 8 349
3 8 350
3 8 351
3 8 352
3 8 353
3 8 354
3 8 355
3 8 356
3 8 357
3 8 358
3 8 359
3 8 360
3 8 361
3 8 362
3 8 363
3 8 364
3 8 365
3 8 366
3 8 367
3 8 368
3 8 369
3 8 370
3 8 371
3 8 372
3 8 373
3 8 374
3 8 375
3 8 376
3 8 377
3 8 378
3 8 379
3 8 380
3 8 381
3 8 382
3 8 383
3 8 384
3 8 385
3 8 386
3 8 387
3 8 388
3 8 389
3 8 390
3 8 391
3 8 392
3 8 393
3 8 394
3 8 395
3 8 396
3 8 397
3 8 398
3 8 399
3 8 400
3 8 401
3 8 402
3 8 403
3 8 404
3 8 405
3 8 406
3 8 407
3 8 408
3 8 409
