8 4 1
8 4 2
8 4 3
8 4 4
8 4 5
8 4 6
8 4 7
8 4 8
8 4 9
8 4 10
8 4 11
8 4 12
8 4 13
8 4 14
8 4 15
8 4 16
8 4 17
8 4 18
8 4 19
8 4 20
8 4 21
8 4 22
8 4 23
8 4 24
8 4 25
8 4 26
8 4 27
8 4 28
8 4 29
8 4 30
8 4 31
8 4 32
8 4 33
8 4 34
8 4 35
8 4 36
8 4 37
8 4 38
8 4 39
8 4 40
8 4 41
8 4 42
8 4 43
8 4 44
8 4 45
8 4 46
8 4 47
8 4 48
8 4 49
8 4 50
8 4 51
8 4 52
8 4 53
8 4 54
8 4 55
8 4 56
8 4 57
8 4 58
8 4 59
8 4 60
8 4 61
8 4 62
8 4 63
8 4 64
8 4 65
8 4 66
8 4 67
8 4 68
8 4 69
8 4 70
8 4 71
8 4 72
8 4 73
8 4 74
8 4 75
8 4 76
8 4 77
8 4 78
8 4 79
8 4 80
8 4 81
8 4 82
8 4 83
8 4 84
8 4 85
8 4 86
8 4 87
8 4 88
8 4 89
8 4 90
8 4 91
8 4 92
8 4 93
8 4 94
8 4 95
8 4 96
8 4 97
8 4 98
8 4 99
8 4 100
8 4 101
8 4 102
8 4 103
8 4 104
8 4 105
8 4 106
8 4 107
8 4 108
8 4 109
8 4 110
8 4 111
8 4 112
8 4 113
8 4 114
8 4 115
8 4 116
8 4 117
8 4 118
8 4 119
8 4 120
8 4 121
8 4 122
8 4 123
8 4 124
8 4 125
8 4 126
8 4 127
8 4 128
8 4 129
8 4 130
8 4 131
8 4 132
8 4 133
8 4 134
8 4 135
8 4 136
8 4 137
8 4 138
8 4 139
8 4 140
8 4 141
8 4 142
8 4 143
8 4 144
8 4 145
8 4 146
8 4 147
8 4 148
8 4 149
8 4 150
8 4 151
8 4 152
8 4 153
8 4 154
8 4 155
8 4 156
8 4 157
8 4 158
8 4 159
8 4 160
8 4 161
8 4 162
8 4 163
8 4 164
8 4 165
8 4 166
8 4 167
8 4 168
8 4 169
8 4 170
8 4 171
8 4 172
8 4 173
8 4 174
8 4 175
8 4 176
8 4 177
8 4 178
8 4 179
8 4 180
8 4 181
8 4 182
8 4 183
8 4 184
8 4 185
8 4 186
8 4 187
8 4 188
8 4 189
8 4 190
8 4 191
8 4 192
8 4 193
8 4 194
8 4 195
8 4 196
8 4 197
8 4 198
8 4 199
8 4 200
8 4 201
8 4 202
8 4 203
8 4 204
8 4 205
8 4 206
8 4 207
8 4 208
8 4 209
8 4 210
8 4 211
8 4 212
8 4 213
8 4 214
8 4 215
8 4 216
8 4 217
8 4 218
8 4 219
8 4 220
8 4 221
8 4 222
8 4 223
8 4 224
8 4 225
8 4 226
8 4 227
8 4 228
8 4 229
8 4 230
8 4 231
8 4 232
8 4 233
8 4 234
8 4 235
8 4 236
8 4 237
8 4 238
8 4 239
8 4 240
8 4 241
8 4 242
8 4 243
8 4 244
8 4 245
8 4 246
8 4 247
8 4 248
8 4 249
8 4 250
8 4 251
8 4 252
8 4 253
8 4 254
8 4 255
8 4 256
8 4 257
8 4 258
8 4 259
8 4 260
8 4 261
8 4 262
8 4 263
8 4 264
8 4 265
8 4 266
8 4 267
8 4 268
8 4 269
8 4 270
8 4 271
8 4 272
8 4 273
8 4 274
8 4 275
8 4 276
8 4 277
8 4 278
8 4 279
8 4 280
8 4 281
8 4 282
8 4 283
8 4 284
8 4 285
8 4 286
8 4 287
8 4 288
8 4 289
8 4 290
8 4 291
8 4 292
8 4 293
8 4 294
8 4 295
8 4 296
8 4 297
8 4 298
8 4 299
8 4 300
8 4 301
8 4 302
8 4 303
8 4 304
8 4 305
8 4 306
8 4 307
8 4 308
8 4 309
8 4 310
8 4 311
8 4 312
8 4 313
8 4 314
8 4 315
8 4 316
8 4 317
8 4 318
8 4 319
8 4 320
8 4 321
8 4 322
8 4 323
8 4 324
8 4 325
8 4 326
8 4 327
8 4 328
8 4 329
8 4 330
8 4 331
8 4 332
8 4 333
8 4 334
8 4 335
8 4 336
8 4 337
8 4 338
8 4 339
8 4 340
8 4 341
8 4 342
8 4 343
8 4 344
8 4 345
8 4 346
8 4 347
8 4 348
8 4 349
8 4 350
8 4 351
8 4 352
8 4 353
8 4 354
8 4 355
8 4 356
8 4 357
8 4 358
8 4 359
8 4 360
8 4 361
8 4 362
8 4 363
8 4 364
8 4 365
8 4 366
8 4 367
8 4 368
8 4 369
8 4 370
8 4 371
8 4 372
8 4 373
8 4 374
8 4 375
8 4 376
8 4 377
8 4 378
8 4 379
8 4 380
8 4 381
8 4 382
8 4 383
8 4 384
8 4 385
8 4 386
8 4 387
8 4 388
8 4 389
8 4 390
8 4 391
8 4 392
8 4 393
8 4 394
8 4 395
8 4 396
8 4 397
8 4 398
8 4 399
8 4 400
8 4 401
8 4 402
8 4 403
8 4 404
8 4 405
8 4 406
8 4 407
8 4 408
8 4 409
8 4 410
8 4 411
8 4 412
8 4 413
8 4 414
8 4 415
8 4 416
8 4 417
8 4 418
8 4 419
8 4 420
8 4 421
8 4 422
8 4 423
8 4 424
8 4 425
8 4 426
8 4 427
8 4 428
8 4 429
8 4 430
8 4 431
8 4 432
8 4 433
8 4 434
8 4 435
8 4 436
8 4 437
8 4 438
8 4 439
8 4 440
8 4 441
8 4 442
8 4 443
8 4 444
8 4 445
8 4 446
8 4 447
8 4 448
8 4 449
8 4 450
8 4 451
8 4 452
8 4 453
8 4 454
8 4 455
8 4 456
8 4 457
8 4 458
8 4 459
8 4 460
8 4 461
8 4 462
8 4 463
8 4 464
8 4 465
8 4 466
8 4 467
8 4 468
8 4 469
8 4 470
8 4 471
8 4 472
8 4 473
8 4 474
8 4 475
8 4 476
8 4 477
8 4 478
8 4 479
8 4 480
8 4 481
8 4 482
8 4 483
8 4 484
8 4 485
8 4 486
8 4 487
8 4 488
8 4 489
8 4 490
8 4 491
8 4 492
8 4 493
8 4 494
8 4 495
8 4 496
8 4 497
8 4 498
8 4 499
8 4 500
8 4 501
8 4 502
8 4 503
8 4 504
8 4 505
8 4 506
8 4 507
8 4 508
8 4 509
8 4 510
8 4 511
8 4 512
8 4 513
8 4 514
8 4 515
8 4 516
8 4 517
8 4 518
8 4 519
8 4 520
8 4 521
8 4 522
8 4 523
8 4 524
8 4 525
8 4 526
8 4 527
8 4 528
8 4 529
8 4 530
8 4 531
8 4 532
8 4 533
8 4 534
8 4 535
8 4 536
8 4 537
8 4 538
8 4 539
8 4 540
8 4 541
8 4 542
8 4 543
8 4 544
8 4 545
8 4 546
8 4 547
8 4 548
8 4 549
8 4 550
8 4 551
8 4 552
8 4 553
8 4 554
8 4 555
8 4 556
8 4 557
8 4 558
8 4 559
8 4 560
8 4 561
8 4 562
8 4 563
8 4 564
8 4 565
8 4 566
8 4 567
8 4 568
8 4 569
8 4 570
8 4 571
8 4 572
8 4 573
8 4 574
8 4 575
8 4 576
8 4 577
8 4 578
8 4 579
8 4 580
8 4 581
8 4 582
8 4 583
8 4 584
8 4 585
8 4 586
8 4 587
8 4 588
8 4 589
8 4 590
8 4 591
8 4 592
8 4 593
8 4 594
8 4 595
8 4 596
8 4 597
8 4 598
8 4 599
8 4 600
8 4 601
8 4 602
8 4 603
8 4 604
8 4 605
8 4 606
8 4 607
8 4 608
8 4 609
8 4 610
8 4 611
8 4 612
8 4 613
8 4 614
8 4 615
8 4 616
8 4 617
8 4 618
8 4 619
8 4 620
8 4 621
8 4 622
8 4 623
8 4 624
8 4 625
8 4 626
8 4 627
8 4 628
8 4 629
8 4 630
8 4 631
8 4 632
8 4 633
8 4 634
8 4 635
8 4 636
8 4 637
8 4 638
8 4 639
8 4 640
8 4 641
8 4 642
8 4 643
8 4 644
8 4 645
8 4 646
8 4 647
8 4 648
8 4 649
8 4 650
8 4 651
8 4 652
8 4 653
8 4 654
8 4 655
8 4 656
8 4 657
8 4 658
8 4 659
8 4 660
8 4 661
8 4 662
8 4 663
8 4 664
8 4 665
8 4 666
8 4 667
8 4 668
8 4 669
8 4 670
8 4 671
8 4 672
8 4 673
8 4 674
8 4 675
8 4 676
8 4 677
8 4 678
8 4 679
8 4 680
8 4 681
8 4 682
8 4 683
8 4 684
8 4 685
8 4 686
8 4 687
8 4 688
8 4 689
8 4 690
8 4 691
8 4 692
8 4 693
8 4 694
8 4 695
8 4 696
8 4 697
8 4 698
8 4 699
8 4 700
8 4 701
8 4 702
8 4 703
8 4 704
8 4 705
8 4 706
8 4 707
8 4 708
8 4 709
8 4 710
8 4 711
8 4 712
8 4 713
8 4 714
8 4 715
8 4 716
8 4 717
8 4 718
8 4 719
8 4 720
8 4 721
8 4 722
8 4 723
8 4 724
8 4 725
8 4 726
8 4 727
8 4 728
8 4 729
8 4 730
8 4 731
8 4 732
8 4 733
8 4 734
8 4 735
8 4 736
8 4 737
8 4 738
8 4 739
8 4 740
8 4 741
8 4 742
8 4 743
8 4 744
8 4 745
8 4 746
8 4 747
8 4 748
8 4 749
8 4 750
8 4 751
8 4 752
8 4 753
8 4 754
8 4 755
8 4 756
8 4 757
8 4 758
8 4 759
8 4 760
8 4 761
8 4 762
8 4 763
8 4 764
8 4 765
8 4 766
8 4 767
8 4 768
8 4 769
8 4 770
8 4 771
8 4 772
8 4 773
8 4 774
8 4 775
8 4 776
8 4 777
8 4 778
8 4 779
8 4 780
8 4 781
8 4 782
8 4 783
8 4 784
8 4 785
8 4 786
8 4 787
8 4 788
8 4 789
8 4 790
8 4 791
8 4 792
8 4 793
8 4 794
8 4 795
8 4 796
8 4 797
8 4 798
8 4 799
8 4 800
8 4 801
8 4 802
8 4 803
8 4 804
8 4 805
8 4 806
8 4 807
8 4 808
8 4 809
8 4 810
8 4 811
8 4 812
8 4 813
8 4 814
8 4 815
8 4 816
8 4 817
8 4 818
8 4 819
8 4 820
8 4 821
8 4 822
8 4 823
8 4 824
8 4 825
8 4 826
8 4 827
8 4 828
8 4 829
8 4 830
8 4 831
8 4 832
8 4 833
8 4 834
8 4 835
8 4 836
8 4 837
8 4 838
8 4 839
8 4 840
8 4 841
8 4 842
8 4 843
8 4 844
8 4 845
8 4 846
8 4 847
8 4 848
8 4 849
8 4 850
8 4 851
8 4 852
8 4 853
8 4 854
8 4 855
8 4 856
8 4 857
8 4 858
8 4 859
8 4 860
8 4 861
8 4 862
8 4 863
8 4 864
8 4 865
8 4 866
8 4 867
8 4 868
8 4 869
8 4 870
8 4 871
8 4 872
8 4 873
8 4 874
8 4 875
8 4 876
8 4 877
8 4 878
8 4 879
8 4 880
8 4 881
8 4 882
8 4 883
8 4 884
8 4 885
8 4 886
8 4 887
8 4 888
8 4 889
8 4 890
8 4 891
8 4 892
8 4 893
8 4 894
8 4 895
8 4 896
8 4 897
8 4 898
8 4 899
8 4 900
8 4 901
8 4 902
8 4 903
8 4 904
8 4 905
8 4 906
8 4 907
8 4 908
8 4 909
8 4 910
8 4 911
8 4 912
8 4 913
8 4 914
8 4 915
8 4 916
8 4 917
8 4 918
8 4 919
8 4 920
8 4 921
8 4 922
8 4 923
8 4 924
8 4 925
8 4 926
8 4 927
8 4 928
8 4 929
8 4 930
8 4 931
8 4 932
8 4 933
8 4 934
8 4 935
8 4 936
8 4 937
8 4 938
8 4 939
8 4 940
8 4 941
8 4 942
8 4 943
8 4 944
8 4 945
8 4 946
8 4 947
8 4 948
8 4 949
8 4 950
8 4 951
8 4 952
8 4 953
8 4 954
8 4 955
8 4 956
8 4 957
8 4 958
8 4 959
8 4 960
8 4 961
8 4 962
8 4 963
8 4 964
8 4 965
8 4 966
8 4 967
8 4 968
8 4 969
8 4 970
8 4 971
8 4 972
8 4 973
8 4 974
8 4 975
8 4 976
8 4 977
8 4 978
8 4 979
8 4 980
8 4 981
8 4 982
8 4 983
8 4 984
8 4 985
8 4 986
8 4 987
8 4 988
8 4 989
8 4 990
8 4 991
8 4 992
8 4 993
8 4 994
8 4 995
8 4 996
8 4 997
8 4 998
8 4 999
8 4 1000
8 4 1001
8 4 1002
8 4 1003
8 4 1004
8 4 1005
8 4 1006
8 4 1007
8 4 1008
8 4 1009
8 4 1010
8 4 1011
8 4 1012
8 4 1013
8 4 1014
8 4 1015
8 4 1016
8 4 1017
8 4 1018
8 4 1019
8 4 1020
8 4 1021
8 4 1022
8 4 1023
8 4 1024
8 4 1025
8 4 1026
8 4 1027
8 4 1028
8 4 1029
8 4 1030
8 4 1031
8 4 1032
8 4 1033
8 4 1034
8 4 1035
8 4 1036
8 4 1037
8 4 1038
8 4 1039
8 4 1040
8 4 1041
8 4 1042
8 4 1043
8 4 1044
8 4 1045
8 4 1046
8 4 1047
8 4 1048
8 4 1049
8 4 1050
8 4 1051
8 4 1052
8 4 1053
8 4 1054
8 4 1055
8 4 1056
8 4 1057
8 4 1058
8 4 1059
8 4 1060
8 4 1061
8 4 1062
8 4 1063
8 4 1064
8 4 1065
8 4 1066
8 4 1067
8 4 1068
8 4 1069
8 4 1070
8 4 1071
8 4 1072
8 4 1073
8 4 1074
8 4 1075
8 4 1076
8 4 1077
8 4 1078
8 4 1079
8 4 1080
8 4 1081
8 4 1082
8 4 1083
8 4 1084
8 4 1085
8 4 1086
8 4 1087
8 4 1088
8 4 1089
8 4 1090
8 4 1091
8 4 1092
8 4 1093
8 4 1094
8 4 1095
8 4 1096
8 4 1097
8 4 1098
8 4 1099
8 4 1100
8 4 1101
8 4 1102
8 4 1103
8 4 1104
8 4 1105
8 4 1106
8 4 1107
8 4 1108
8 4 1109
8 4 1110
8 4 1111
8 4 1112
8 4 1113
8 4 1114
8 4 1115
8 4 1116
8 4 1117
8 4 1118
8 4 1119
8 4 1120
8 4 1121
8 4 1122
8 4 1123
8 4 1124
8 4 1125
8 4 1126
8 4 1127
8 4 1128
8 4 1129
8 4 1130
8 4 1131
8 4 1132
8 4 1133
8 4 1134
8 4 1135
8 4 1136
8 4 1137
8 4 1138
8 4 1139
8 4 1140
8 4 1141
8 4 1142
8 4 1143
8 4 1144
8 4 1145
8 4 1146
8 4 1147
8 4 1148
8 4 1149
8 4 1150
8 4 1151
8 4 1152
8 4 1153
8 4 1154
8 4 1155
8 4 1156
8 4 1157
8 4 1158
8 4 1159
8 4 1160
8 4 1161
8 4 1162
8 4 1163
8 4 1164
8 4 1165
8 4 1166
8 4 1167
8 4 1168
8 4 1169
8 4 1170
8 4 1171
8 4 1172
8 4 1173
8 4 1174
8 4 1175
8 4 1176
8 4 1177
8 4 1178
8 4 1179
8 4 1180
8 4 1181
8 4 1182
8 4 1183
8 4 1184
8 4 1185
8 4 1186
8 4 1187
8 4 1188
8 4 1189
8 4 1190
8 4 1191
8 4 1192
8 4 1193
8 4 1194
8 4 1195
8 4 1196
8 4 1197
8 4 1198
8 4 1199
8 4 1200
8 4 1201
8 4 1202
8 4 1203
8 4 1204
8 4 1205
8 4 1206
8 4 1207
8 4 1208
8 4 1209
8 4 1210
8 4 1211
8 4 1212
8 4 1213
8 4 1214
8 4 1215
8 4 1216
8 4 1217
8 4 1218
8 4 1219
8 4 1220
8 4 1221
8 4 1222
8 4 1223
8 4 1224
8 4 1225
8 4 1226
8 4 1227
8 4 1228
8 4 1229
8 4 1230
8 4 1231
8 4 1232
8 4 1233
8 4 1234
8 4 1235
8 4 1236
8 4 1237
8 4 1238
8 4 1239
8 4 1240
8 4 1241
8 4 1242
8 4 1243
8 4 1244
8 4 1245
8 4 1246
8 4 1247
8 4 1248
8 4 1249
8 4 1250
8 4 1251
8 4 1252
8 4 1253
8 4 1254
8 4 1255
8 4 1256
8 4 1257
8 4 1258
8 4 1259
8 4 1260
8 4 1261
8 4 1262
8 4 1263
8 4 1264
8 4 1265
8 4 1266
8 4 1267
8 4 1268
8 4 1269
8 4 1270
8 4 1271
8 4 1272
8 4 1273
8 4 1274
8 4 1275
8 4 1276
8 4 1277
8 4 1278
8 4 1279
8 4 1280
8 4 1281
8 4 1282
8 4 1283
8 4 1284
8 4 1285
8 4 1286
8 4 1287
8 4 1288
8 4 1289
8 4 1290
8 4 1291
8 4 1292
8 4 1293
8 4 1294
8 4 1295
8 4 1296
8 4 1297
8 4 1298
8 4 1299
8 4 1300
8 4 1301
8 4 1302
8 4 1303
8 4 1304
8 4 1305
8 4 1306
8 4 1307
8 4 1308
8 4 1309
8 4 1310
8 4 1311
8 4 1312
8 4 1313
8 4 1314
8 4 1315
8 4 1316
8 4 1317
8 4 1318
8 4 1319
8 4 1320
8 4 1321
8 4 1322
8 4 1323
8 4 1324
8 4 1325
8 4 1326
8 4 1327
8 4 1328
8 4 1329
8 4 1330
8 4 1331
8 4 1332
8 4 1333
8 4 1334
8 4 1335
8 4 1336
8 4 1337
8 4 1338
8 4 1339
8 4 1340
8 4 1341
8 4 1342
8 4 1343
8 4 1344
8 4 1345
8 4 1346
8 4 1347
8 4 1348
8 4 1349
8 4 1350
8 4 1351
8 4 1352
8 4 1353
8 4 1354
8 4 1355
8 4 1356
8 4 1357
8 4 1358
8 4 1359
8 4 1360
8 4 1361
8 4 1362
8 4 1363
8 4 1364
8 4 1365
8 4 1366
8 4 1367
8 4 1368
8 4 1369
8 4 1370
8 4 1371
8 4 1372
8 4 1373
8 4 1374
8 4 1375
8 4 1376
8 4 1377
8 4 1378
8 4 1379
8 4 1380
8 4 1381
8 4 1382
8 4 1383
8 4 1384
8 4 1385
8 4 1386
8 4 1387
8 4 1388
8 4 1389
8 4 1390
8 4 1391
8 4 1392
8 4 1393
8 4 1394
8 4 1395
8 4 1396
8 4 1397
8 4 1398
8 4 1399
8 4 1400
8 4 1401
8 4 1402
8 4 1403
8 4 1404
8 4 1405
8 4 1406
8 4 1407
8 4 1408
8 4 1409
8 4 1410
8 4 1411
8 4 1412
8 4 1413
8 4 1414
8 4 1415
8 4 1416
8 4 1417
8 4 1418
8 4 1419
8 4 1420
8 4 1421
8 4 1422
8 4 1423
8 4 1424
8 4 1425
8 4 1426
8 4 1427
8 4 1428
8 4 1429
8 4 1430
8 4 1431
8 4 1432
8 4 1433
8 4 1434
8 4 1435
8 4 1436
8 4 1437
8 4 1438
8 4 1439
8 4 1440
8 4 1441
8 4 1442
8 4 1443
8 4 1444
8 4 1445
8 4 1446
8 4 1447
8 4 1448
8 4 1449
8 4 1450
8 4 1451
8 4 1452
8 4 1453
8 4 1454
8 4 1455
8 4 1456
8 4 1457
8 4 1458
8 4 1459
8 4 1460
8 4 1461
8 4 1462
8 4 1463
8 4 1464
8 4 1465
8 4 1466
8 4 1467
8 4 1468
8 4 1469
8 4 1470
8 4 1471
8 4 1472
8 4 1473
8 4 1474
8 4 1475
8 4 1476
8 4 1477
8 4 1478
8 4 1479
8 4 1480
8 4 1481
8 4 1482
8 4 1483
8 4 1484
8 4 1485
8 4 1486
8 4 1487
8 4 1488
8 4 1489
8 4 1490
8 4 1491
8 4 1492
8 4 1493
8 4 1494
8 4 1495
8 4 1496
8 4 1497
8 4 1498
8 4 1499
8 4 1500
8 4 1501
8 4 1502
8 4 1503
8 4 1504
8 4 1505
8 4 1506
8 4 1507
8 4 1508
8 4 1509
8 4 1510
8 4 1511
8 4 1512
8 4 1513
8 4 1514
8 4 1515
8 4 1516
8 4 1517
8 4 1518
8 4 1519
8 4 1520
8 4 1521
8 4 1522
8 4 1523
8 4 1524
8 4 1525
8 4 1526
8 4 1527
8 4 1528
8 4 1529
8 4 1530
8 4 1531
8 4 1532
8 4 1533
8 4 1534
8 4 1535
8 4 1536
8 4 1537
8 4 1538
8 4 1539
8 4 1540
8 4 1541
8 4 1542
8 4 1543
8 4 1544
8 4 1545
8 4 1546
8 4 1547
8 4 1548
8 4 1549
8 4 1550
8 4 1551
8 4 1552
8 4 1553
8 4 1554
8 4 1555
8 4 1556
8 4 1557
8 4 1558
8 4 1559
8 4 1560
8 4 1561
8 4 1562
8 4 1563
8 4 1564
8 4 1565
8 4 1566
8 4 1567
8 4 1568
8 4 1569
8 4 1570
8 4 1571
8 4 1572
8 4 1573
8 4 1574
8 4 1575
8 4 1576
8 4 1577
8 4 1578
8 4 1579
8 4 1580
8 4 1581
8 4 1582
8 4 1583
8 4 1584
8 4 1585
8 4 1586
8 4 1587
8 4 1588
8 4 1589
8 4 1590
8 4 1591
8 4 1592
8 4 1593
8 4 1594
8 4 1595
8 4 1596
8 4 1597
8 4 1598
8 4 1599
8 4 1600
8 4 1601
8 4 1602
8 4 1603
8 4 1604
8 4 1605
8 4 1606
8 4 1607
8 4 1608
8 4 1609
8 4 1610
8 4 1611
8 4 1612
8 4 1613
8 4 1614
8 4 1615
8 4 1616
8 4 1617
8 4 1618
8 4 1619
8 4 1620
8 4 1621
8 4 1622
8 4 1623
8 4 1624
8 4 1625
8 4 1626
8 4 1627
8 4 1628
8 4 1629
8 4 1630
8 4 1631
8 4 1632
8 4 1633
8 4 1634
8 4 1635
8 4 1636
8 4 1637
8 4 1638
8 4 1639
8 4 1640
8 4 1641
8 4 1642
8 4 1643
8 4 1644
8 4 1645
8 4 1646
8 4 1647
8 4 1648
8 4 1649
8 4 1650
8 4 1651
8 4 1652
8 4 1653
8 4 1654
8 4 1655
8 4 1656
8 4 1657
8 4 1658
8 4 1659
8 4 1660
8 4 1661
8 4 1662
8 4 1663
8 4 1664
8 4 1665
8 4 1666
8 4 1667
8 4 1668
8 4 1669
8 4 1670
8 4 1671
8 4 1672
8 4 1673
8 4 1674
8 4 1675
8 4 1676
8 4 1677
8 4 1678
8 4 1679
8 4 1680
8 4 1681
8 4 1682
8 4 1683
8 4 1684
8 4 1685
8 4 1686
8 4 1687
8 4 1688
8 4 1689
8 4 1690
8 4 1691
8 4 1692
8 4 1693
8 4 1694
8 4 1695
8 4 1696
8 4 1697
8 4 1698
8 4 1699
8 4 1700
8 4 1701
8 4 1702
8 4 1703
8 4 1704
8 4 1705
8 4 1706
8 4 1707
8 4 1708
8 4 1709
8 4 1710
8 4 1711
8 4 1712
8 4 1713
8 4 1714
8 4 1715
8 4 1716
8 4 1717
8 4 1718
8 4 1719
8 4 1720
8 4 1721
8 4 1722
8 4 1723
8 4 1724
8 4 1725
8 4 1726
8 4 1727
8 4 1728
8 4 1729
8 4 1730
8 4 1731
8 4 1732
8 4 1733
8 4 1734
8 4 1735
8 4 1736
8 4 1737
8 4 1738
8 4 1739
8 4 1740
8 4 1741
8 4 1742
8 4 1743
8 4 1744
8 4 1745
8 4 1746
8 4 1747
8 4 1748
8 4 1749
8 4 1750
8 4 1751
8 4 1752
8 4 1753
8 4 1754
8 4 1755
8 4 1756
8 4 1757
8 4 1758
8 4 1759
8 4 1760
8 4 1761
8 4 1762
8 4 1763
8 4 1764
8 4 1765
8 4 1766
8 4 1767
8 4 1768
8 4 1769
8 4 1770
8 4 1771
8 4 1772
8 4 1773
8 4 1774
8 4 1775
8 4 1776
8 4 1777
8 4 1778
8 4 1779
8 4 1780
8 4 1781
8 4 1782
8 4 1783
8 4 1784
8 4 1785
8 4 1786
8 4 1787
8 4 1788
8 4 1789
8 4 1790
8 4 1791
8 4 1792
8 4 1793
8 4 1794
8 4 1795
8 4 1796
8 4 1797
8 4 1798
8 4 1799
8 4 1800
8 4 1801
8 4 1802
8 4 1803
8 4 1804
8 4 1805
8 4 1806
8 4 1807
8 4 1808
8 4 1809
8 4 1810
8 4 1811
8 4 1812
8 4 1813
8 4 1814
8 4 1815
8 4 1816
8 4 1817
8 4 1818
8 4 1819
8 4 1820
8 4 1821
8 4 1822
8 4 1823
8 4 1824
8 4 1825
8 4 1826
8 4 1827
8 4 1828
8 4 1829
8 4 1830
8 4 1831
8 4 1832
8 4 1833
8 4 1834
8 4 1835
8 4 1836
8 4 1837
8 4 1838
8 4 1839
8 4 1840
8 4 1841
8 4 1842
8 4 1843
8 4 1844
8 4 1845
8 4 1846
8 4 1847
8 4 1848
8 4 1849
8 4 1850
8 4 1851
8 4 1852
8 4 1853
8 4 1854
8 4 1855
8 4 1856
8 4 1857
8 4 1858
8 4 1859
8 4 1860
8 4 1861
8 4 1862
8 4 1863
8 4 1864
8 4 1865
8 4 1866
8 4 1867
8 4 1868
8 4 1869
8 4 1870
8 4 1871
8 4 1872
8 4 1873
8 4 1874
8 4 1875
8 4 1876
8 4 1877
8 4 1878
8 4 1879
8 4 1880
8 4 1881
8 4 1882
8 4 1883
8 4 1884
8 4 1885
8 4 1886
8 4 1887
8 4 1888
8 4 1889
8 4 1890
8 4 1891
8 4 1892
8 4 1893
8 4 1894
8 4 1895
8 4 1896
8 4 1897
8 4 1898
8 4 1899
8 4 1900
8 4 1901
8 4 1902
8 4 1903
8 4 1904
8 4 1905
8 4 1906
8 4 1907
8 4 1908
8 4 1909
8 4 1910
8 4 1911
8 4 1912
8 4 1913
8 4 1914
8 4 1915
8 4 1916
8 4 1917
8 4 1918
8 4 1919
8 4 1920
8 4 1921
8 4 1922
8 4 1923
8 4 1924
8 4 1925
8 4 1926
8 4 1927
8 4 1928
8 4 1929
8 4 1930
8 4 1931
8 4 1932
8 4 1933
8 4 1934
8 4 1935
8 4 1936
8 4 1937
8 4 1938
8 4 1939
8 4 1940
8 4 1941
8 4 1942
8 4 1943
8 4 1944
8 4 1945
8 4 1946
8 4 1947
8 4 1948
8 4 1949
8 4 1950
8 4 1951
8 4 1952
8 4 1953
8 4 1954
8 4 1955
8 4 1956
8 4 1957
8 4 1958
8 4 1959
8 4 1960
8 4 1961
8 4 1962
8 4 1963
8 4 1964
8 4 1965
8 4 1966
8 4 1967
8 4 1968
8 4 1969
8 4 1970
8 4 1971
8 4 1972
8 4 1973
8 4 1974
8 4 1975
8 4 1976
8 4 1977
8 4 1978
8 4 1979
8 4 1980
8 4 1981
8 4 1982
8 4 1983
8 4 1984
8 4 1985
8 4 1986
8 4 1987
8 4 1988
8 4 1989
8 4 1990
8 4 1991
8 4 1992
8 4 1993
8 4 1994
8 4 1995
8 4 1996
8 4 1997
8 4 1998
8 4 1999
8 4 2000
8 4 2001
8 4 2002
8 4 2003
8 4 2004
8 4 2005
8 4 2006
8 4 2007
8 4 2008
8 4 2009
8 4 2010
8 4 2011
8 4 2012
8 4 2013
8 4 2014
8 4 2015
8 4 2016
8 4 2017
8 4 2018
8 4 2019
8 4 2020
8 4 2021
8 4 2022
8 4 2023
8 4 2024
8 4 2025
8 4 2026
8 4 2027
8 4 2028
8 4 2029
8 4 2030
8 4 2031
8 4 2032
8 4 2033
8 4 2034
8 4 2035
8 4 2036
8 4 2037
8 4 2038
8 4 2039
8 4 2040
8 4 2041
8 4 2042
8 4 2043
8 4 2044
8 4 2045
8 4 2046
8 4 2047
8 4 2048
8 4 2049
8 4 2050
8 4 2051
8 4 2052
8 4 2053
8 4 2054
8 4 2055
8 4 2056
8 4 2057
8 4 2058
8 4 2059
8 4 2060
8 4 2061
8 4 2062
8 4 2063
8 4 2064
8 4 2065
8 4 2066
8 4 2067
8 4 2068
8 4 2069
8 4 2070
8 4 2071
8 4 2072
8 4 2073
8 4 2074
8 4 2075
8 4 2076
8 4 2077
8 4 2078
8 4 2079
8 4 2080
8 4 2081
8 4 2082
8 4 2083
8 4 2084
8 4 2085
8 4 2086
8 4 2087
8 4 2088
8 4 2089
8 4 2090
8 4 2091
8 4 2092
8 4 2093
8 4 2094
8 4 2095
8 4 2096
8 4 2097
8 4 2098
8 4 2099
8 4 2100
8 4 2101
8 4 2102
8 4 2103
8 4 2104
8 4 2105
8 4 2106
8 4 2107
8 4 2108
8 4 2109
8 4 2110
8 4 2111
8 4 2112
8 4 2113
8 4 2114
8 4 2115
8 4 2116
8 4 2117
8 4 2118
8 4 2119
8 4 2120
8 4 2121
8 4 2122
8 4 2123
8 4 2124
8 4 2125
8 4 2126
8 4 2127
8 4 2128
8 4 2129
8 4 2130
8 4 2131
8 4 2132
8 4 2133
8 4 2134
8 4 2135
8 4 2136
8 4 2137
8 4 2138
8 4 2139
8 4 2140
8 4 2141
8 4 2142
8 4 2143
8 4 2144
8 4 2145
8 4 2146
8 4 2147
8 4 2148
8 4 2149
8 4 2150
8 4 2151
8 4 2152
8 4 2153
8 4 2154
8 4 2155
8 4 2156
8 4 2157
8 4 2158
8 4 2159
8 4 2160
8 4 2161
8 4 2162
8 4 2163
8 4 2164
8 4 2165
8 4 2166
8 4 2167
8 4 2168
8 4 2169
8 4 2170
8 4 2171
8 4 2172
8 4 2173
8 4 2174
8 4 2175
8 4 2176
8 4 2177
8 4 2178
8 4 2179
8 4 2180
8 4 2181
8 4 2182
8 4 2183
8 4 2184
8 4 2185
8 4 2186
8 4 2187
8 4 2188
8 4 2189
8 4 2190
8 4 2191
8 4 2192
8 4 2193
8 4 2194
8 4 2195
8 4 2196
8 4 2197
8 4 2198
8 4 2199
8 4 2200
8 4 2201
8 4 2202
8 4 2203
8 4 2204
8 4 2205
8 4 2206
8 4 2207
8 4 2208
8 4 2209
8 4 2210
8 4 2211
8 4 2212
8 4 2213
8 4 2214
8 4 2215
8 4 2216
8 4 2217
8 4 2218
8 4 2219
8 4 2220
8 4 2221
8 4 2222
8 4 2223
8 4 2224
8 4 2225
8 4 2226
8 4 2227
8 4 2228
8 4 2229
8 4 2230
8 4 2231
8 4 2232
8 4 2233
8 4 2234
8 4 2235
8 4 2236
8 4 2237
8 4 2238
8 4 2239
8 4 2240
8 4 2241
8 4 2242
8 4 2243
8 4 2244
8 4 2245
8 4 2246
8 4 2247
8 4 2248
8 4 2249
8 4 2250
8 4 2251
8 4 2252
8 4 2253
8 4 2254
8 4 2255
8 4 2256
8 4 2257
8 4 2258
8 4 2259
8 4 2260
8 4 2261
8 4 2262
8 4 2263
8 4 2264
8 4 2265
8 4 2266
8 4 2267
8 4 2268
8 4 2269
8 4 2270
8 4 2271
8 4 2272
8 4 2273
8 4 2274
8 4 2275
8 4 2276
8 4 2277
8 4 2278
8 4 2279
8 4 2280
8 4 2281
8 4 2282
8 4 2283
8 4 2284
8 4 2285
8 4 2286
8 4 2287
8 4 2288
8 4 2289
8 4 2290
8 4 2291
8 4 2292
8 4 2293
8 4 2294
8 4 2295
8 4 2296
8 4 2297
8 4 2298
8 4 2299
8 4 2300
8 4 2301
8 4 2302
8 4 2303
8 4 2304
8 4 2305
8 4 2306
8 4 2307
8 4 2308
8 4 2309
8 4 2310
8 4 2311
8 4 2312
8 4 2313
8 4 2314
8 4 2315
8 4 2316
8 4 2317
8 4 2318
8 4 2319
8 4 2320
8 4 2321
8 4 2322
8 4 2323
8 4 2324
8 4 2325
8 4 2326
8 4 2327
8 4 2328
8 4 2329
8 4 2330
8 4 2331
8 4 2332
8 4 2333
8 4 2334
8 4 2335
8 4 2336
8 4 2337
8 4 2338
8 4 2339
8 4 2340
8 4 2341
8 4 2342
8 4 2343
8 4 2344
8 4 2345
8 4 2346
8 4 2347
8 4 2348
8 4 2349
8 4 2350
8 4 2351
8 4 2352
8 4 2353
8 4 2354
8 4 2355
8 4 2356
8 4 2357
8 4 2358
8 4 2359
8 4 2360
8 4 2361
8 4 2362
8 4 2363
8 4 2364
8 4 2365
8 4 2366
8 4 2367
8 4 2368
8 4 2369
8 4 2370
8 4 2371
8 4 2372
8 4 2373
8 4 2374
8 4 2375
8 4 2376
8 4 2377
8 4 2378
8 4 2379
8 4 2380
8 4 2381
8 4 2382
8 4 2383
8 4 2384
8 4 2385
8 4 2386
8 4 2387
8 4 2388
8 4 2389
8 4 2390
8 4 2391
8 4 2392
8 4 2393
8 4 2394
8 4 2395
8 4 2396
8 4 2397
8 4 2398
8 4 2399
8 4 2400
8 4 2401
8 4 2402
8 4 2403
8 4 2404
8 4 2405
8 4 2406
8 4 2407
8 4 2408
8 4 2409
8 4 2410
8 4 2411
8 4 2412
8 4 2413
8 4 2414
8 4 2415
8 4 2416
8 4 2417
8 4 2418
8 4 2419
8 4 2420
8 4 2421
8 4 2422
8 4 2423
8 4 2424
8 4 2425
8 4 2426
8 4 2427
8 4 2428
8 4 2429
8 4 2430
8 4 2431
8 4 2432
8 4 2433
8 4 2434
8 4 2435
8 4 2436
8 4 2437
8 4 2438
8 4 2439
8 4 2440
8 4 2441
8 4 2442
8 4 2443
8 4 2444
8 4 2445
8 4 2446
8 4 2447
8 4 2448
8 4 2449
8 4 2450
8 4 2451
8 4 2452
8 4 2453
8 4 2454
8 4 2455
8 4 2456
8 4 2457
