5 6 1
5 6 2
5 6 3
5 6 4
5 6 5
5 6 6
5 6 7
5 6 8
5 6 9
5 6 10
5 6 11
5 6 12
5 6 13
5 6 14
5 6 15
5 6 16
5 6 17
5 6 18
5 6 19
5 6 20
5 6 21
5 6 22
5 6 23
5 6 24
5 6 25
5 6 26
5 6 27
5 6 28
5 6 29
5 6 30
5 6 31
5 6 32
5 6 33
5 6 34
5 6 35
5 6 36
5 6 37
5 6 38
5 6 39
5 6 40
5 6 41
5 6 42
5 6 43
5 6 44
5 6 45
5 6 46
5 6 47
5 6 48
5 6 49
5 6 50
5 6 51
5 6 52
5 6 53
5 6 54
5 6 55
5 6 56
5 6 57
5 6 58
5 6 59
5 6 60
5 6 61
5 6 62
5 6 63
5 6 64
5 6 65
5 6 66
5 6 67
5 6 68
5 6 69
5 6 70
5 6 71
5 6 72
5 6 73
5 6 74
5 6 75
5 6 76
5 6 77
5 6 78
5 6 79
5 6 80
5 6 81
5 6 82
5 6 83
5 6 84
5 6 85
5 6 86
5 6 87
5 6 88
5 6 89
5 6 90
5 6 91
5 6 92
5 6 93
5 6 94
5 6 95
5 6 96
5 6 97
5 6 98
5 6 99
5 6 100
5 6 101
5 6 102
5 6 103
5 6 104
5 6 105
5 6 106
5 6 107
5 6 108
5 6 109
5 6 110
5 6 111
5 6 112
5 6 113
5 6 114
5 6 115
5 6 116
5 6 117
5 6 118
5 6 119
5 6 120
5 6 121
5 6 122
5 6 123
5 6 124
5 6 125
5 6 126
5 6 127
5 6 128
5 6 129
5 6 130
5 6 131
5 6 132
5 6 133
5 6 134
5 6 135
5 6 136
5 6 137
5 6 138
5 6 139
5 6 140
5 6 141
5 6 142
5 6 143
5 6 144
5 6 145
5 6 146
5 6 147
5 6 148
5 6 149
5 6 150
5 6 151
5 6 152
5 6 153
5 6 154
5 6 155
5 6 156
5 6 157
5 6 158
5 6 159
5 6 160
5 6 161
5 6 162
5 6 163
5 6 164
5 6 165
5 6 166
5 6 167
5 6 168
5 6 169
5 6 170
5 6 171
5 6 172
5 6 173
5 6 174
5 6 175
5 6 176
5 6 177
5 6 178
5 6 179
5 6 180
5 6 181
5 6 182
5 6 183
5 6 184
5 6 185
5 6 186
5 6 187
5 6 188
5 6 189
5 6 190
5 6 191
5 6 192
5 6 193
5 6 194
5 6 195
5 6 196
5 6 197
5 6 198
5 6 199
5 6 200
5 6 201
5 6 202
5 6 203
5 6 204
5 6 205
5 6 206
5 6 207
5 6 208
5 6 209
5 6 210
5 6 211
5 6 212
5 6 213
5 6 214
5 6 215
5 6 216
5 6 217
5 6 218
5 6 219
5 6 220
5 6 221
5 6 222
5 6 223
5 6 224
5 6 225
5 6 226
5 6 227
5 6 228
5 6 229
5 6 230
5 6 231
5 6 232
5 6 233
5 6 234
5 6 235
5 6 236
5 6 237
5 6 238
5 6 239
5 6 240
5 6 241
5 6 242
5 6 243
5 6 244
5 6 245
5 6 246
5 6 247
5 6 248
5 6 249
5 6 250
5 6 251
5 6 252
5 6 253
5 6 254
5 6 255
5 6 256
5 6 257
5 6 258
5 6 259
5 6 260
5 6 261
5 6 262
5 6 263
5 6 264
5 6 265
5 6 266
5 6 267
5 6 268
5 6 269
5 6 270
5 6 271
5 6 272
5 6 273
5 6 274
5 6 275
5 6 276
5 6 277
5 6 278
5 6 279
5 6 280
5 6 281
5 6 282
5 6 283
5 6 284
5 6 285
5 6 286
5 6 287
5 6 288
5 6 289
5 6 290
5 6 291
5 6 292
5 6 293
5 6 294
5 6 295
5 6 296
5 6 297
5 6 298
5 6 299
5 6 300
5 6 301
5 6 302
5 6 303
5 6 304
5 6 305
5 6 306
5 6 307
5 6 308
5 6 309
5 6 310
5 6 311
5 6 312
5 6 313
5 6 314
5 6 315
5 6 316
5 6 317
5 6 318
5 6 319
5 6 320
5 6 321
5 6 322
5 6 323
5 6 324
5 6 325
5 6 326
5 6 327
5 6 328
5 6 329
5 6 330
5 6 331
5 6 332
5 6 333
5 6 334
5 6 335
5 6 336
5 6 337
5 6 338
5 6 339
5 6 340
5 6 341
5 6 342
5 6 343
5 6 344
5 6 345
5 6 346
5 6 347
5 6 348
5 6 349
5 6 350
5 6 351
5 6 352
5 6 353
5 6 354
5 6 355
5 6 356
5 6 357
5 6 358
5 6 359
5 6 360
5 6 361
5 6 362
5 6 363
5 6 364
5 6 365
5 6 366
5 6 367
5 6 368
5 6 369
5 6 370
5 6 371
5 6 372
5 6 373
5 6 374
5 6 375
5 6 376
5 6 377
5 6 378
5 6 379
5 6 380
5 6 381
5 6 382
5 6 383
5 6 384
5 6 385
5 6 386
5 6 387
5 6 388
5 6 389
5 6 390
5 6 391
5 6 392
5 6 393
5 6 394
5 6 395
5 6 396
5 6 397
5 6 398
5 6 399
5 6 400
5 6 401
5 6 402
5 6 403
5 6 404
5 6 405
5 6 406
5 6 407
5 6 408
5 6 409
5 6 410
5 6 411
5 6 412
5 6 413
5 6 414
5 6 415
5 6 416
5 6 417
5 6 418
5 6 419
5 6 420
5 6 421
5 6 422
5 6 423
5 6 424
5 6 425
5 6 426
5 6 427
5 6 428
5 6 429
5 6 430
5 6 431
5 6 432
5 6 433
5 6 434
5 6 435
5 6 436
5 6 437
5 6 438
5 6 439
5 6 440
5 6 441
5 6 442
5 6 443
5 6 444
5 6 445
5 6 446
5 6 447
5 6 448
5 6 449
5 6 450
5 6 451
5 6 452
5 6 453
5 6 454
5 6 455
5 6 456
5 6 457
5 6 458
5 6 459
5 6 460
5 6 461
5 6 462
5 6 463
5 6 464
5 6 465
5 6 466
5 6 467
5 6 468
5 6 469
5 6 470
5 6 471
5 6 472
5 6 473
5 6 474
5 6 475
5 6 476
5 6 477
5 6 478
5 6 479
5 6 480
5 6 481
5 6 482
5 6 483
5 6 484
5 6 485
5 6 486
5 6 487
5 6 488
5 6 489
5 6 490
5 6 491
5 6 492
5 6 493
5 6 494
5 6 495
5 6 496
5 6 497
5 6 498
5 6 499
5 6 500
5 6 501
5 6 502
5 6 503
5 6 504
5 6 505
5 6 506
5 6 507
5 6 508
5 6 509
5 6 510
5 6 511
5 6 512
5 6 513
5 6 514
5 6 515
5 6 516
5 6 517
5 6 518
5 6 519
5 6 520
5 6 521
5 6 522
5 6 523
5 6 524
5 6 525
5 6 526
5 6 527
5 6 528
5 6 529
5 6 530
5 6 531
5 6 532
5 6 533
5 6 534
5 6 535
5 6 536
5 6 537
5 6 538
5 6 539
5 6 540
5 6 541
5 6 542
5 6 543
5 6 544
5 6 545
5 6 546
5 6 547
5 6 548
5 6 549
5 6 550
5 6 551
5 6 552
5 6 553
5 6 554
5 6 555
5 6 556
5 6 557
5 6 558
5 6 559
5 6 560
5 6 561
5 6 562
5 6 563
5 6 564
5 6 565
5 6 566
5 6 567
5 6 568
5 6 569
5 6 570
5 6 571
5 6 572
5 6 573
5 6 574
5 6 575
5 6 576
5 6 577
5 6 578
5 6 579
5 6 580
5 6 581
5 6 582
5 6 583
5 6 584
5 6 585
5 6 586
5 6 587
5 6 588
5 6 589
5 6 590
5 6 591
5 6 592
5 6 593
5 6 594
5 6 595
5 6 596
5 6 597
5 6 598
5 6 599
5 6 600
5 6 601
5 6 602
5 6 603
5 6 604
5 6 605
5 6 606
5 6 607
5 6 608
5 6 609
5 6 610
5 6 611
5 6 612
5 6 613
5 6 614
5 6 615
5 6 616
5 6 617
5 6 618
5 6 619
5 6 620
5 6 621
5 6 622
5 6 623
5 6 624
5 6 625
5 6 626
5 6 627
5 6 628
5 6 629
5 6 630
5 6 631
5 6 632
5 6 633
5 6 634
5 6 635
5 6 636
5 6 637
5 6 638
5 6 639
5 6 640
5 6 641
5 6 642
5 6 643
5 6 644
5 6 645
5 6 646
5 6 647
5 6 648
5 6 649
5 6 650
5 6 651
5 6 652
5 6 653
5 6 654
5 6 655
5 6 656
5 6 657
5 6 658
5 6 659
5 6 660
5 6 661
5 6 662
5 6 663
5 6 664
5 6 665
5 6 666
5 6 667
5 6 668
5 6 669
5 6 670
5 6 671
5 6 672
5 6 673
5 6 674
5 6 675
5 6 676
5 6 677
5 6 678
5 6 679
5 6 680
5 6 681
5 6 682
5 6 683
5 6 684
5 6 685
5 6 686
5 6 687
5 6 688
5 6 689
5 6 690
5 6 691
5 6 692
5 6 693
5 6 694
5 6 695
5 6 696
5 6 697
5 6 698
5 6 699
5 6 700
5 6 701
5 6 702
5 6 703
5 6 704
5 6 705
5 6 706
5 6 707
5 6 708
5 6 709
5 6 710
5 6 711
5 6 712
5 6 713
5 6 714
5 6 715
5 6 716
5 6 717
5 6 718
5 6 719
5 6 720
5 6 721
5 6 722
5 6 723
5 6 724
5 6 725
5 6 726
5 6 727
5 6 728
5 6 729
5 6 730
5 6 731
5 6 732
5 6 733
5 6 734
5 6 735
5 6 736
5 6 737
5 6 738
5 6 739
5 6 740
5 6 741
5 6 742
5 6 743
5 6 744
5 6 745
5 6 746
5 6 747
5 6 748
5 6 749
5 6 750
5 6 751
5 6 752
5 6 753
5 6 754
5 6 755
5 6 756
5 6 757
5 6 758
5 6 759
5 6 760
5 6 761
5 6 762
5 6 763
5 6 764
5 6 765
5 6 766
5 6 767
5 6 768
5 6 769
5 6 770
5 6 771
5 6 772
5 6 773
5 6 774
5 6 775
5 6 776
5 6 777
5 6 778
5 6 779
5 6 780
5 6 781
5 6 782
5 6 783
5 6 784
5 6 785
5 6 786
5 6 787
5 6 788
5 6 789
5 6 790
5 6 791
5 6 792
5 6 793
5 6 794
5 6 795
5 6 796
5 6 797
5 6 798
5 6 799
5 6 800
5 6 801
5 6 802
5 6 803
5 6 804
5 6 805
5 6 806
5 6 807
5 6 808
5 6 809
5 6 810
5 6 811
5 6 812
5 6 813
5 6 814
5 6 815
5 6 816
5 6 817
5 6 818
5 6 819
5 6 820
5 6 821
5 6 822
5 6 823
5 6 824
5 6 825
5 6 826
5 6 827
5 6 828
5 6 829
5 6 830
5 6 831
5 6 832
5 6 833
5 6 834
5 6 835
5 6 836
5 6 837
5 6 838
5 6 839
5 6 840
5 6 841
5 6 842
5 6 843
5 6 844
5 6 845
5 6 846
5 6 847
5 6 848
5 6 849
5 6 850
5 6 851
5 6 852
5 6 853
5 6 854
5 6 855
5 6 856
5 6 857
5 6 858
5 6 859
5 6 860
5 6 861
5 6 862
5 6 863
5 6 864
5 6 865
5 6 866
5 6 867
5 6 868
5 6 869
5 6 870
5 6 871
5 6 872
5 6 873
5 6 874
5 6 875
5 6 876
5 6 877
5 6 878
5 6 879
5 6 880
5 6 881
5 6 882
5 6 883
5 6 884
5 6 885
5 6 886
5 6 887
5 6 888
5 6 889
5 6 890
5 6 891
5 6 892
5 6 893
5 6 894
5 6 895
5 6 896
5 6 897
5 6 898
5 6 899
5 6 900
5 6 901
5 6 902
5 6 903
5 6 904
5 6 905
5 6 906
5 6 907
5 6 908
5 6 909
5 6 910
5 6 911
5 6 912
5 6 913
5 6 914
5 6 915
5 6 916
5 6 917
5 6 918
5 6 919
5 6 920
5 6 921
5 6 922
5 6 923
5 6 924
5 6 925
5 6 926
5 6 927
5 6 928
5 6 929
5 6 930
5 6 931
5 6 932
5 6 933
5 6 934
5 6 935
5 6 936
5 6 937
5 6 938
5 6 939
5 6 940
5 6 941
5 6 942
5 6 943
5 6 944
5 6 945
5 6 946
5 6 947
5 6 948
5 6 949
5 6 950
5 6 951
5 6 952
5 6 953
5 6 954
5 6 955
5 6 956
5 6 957
5 6 958
5 6 959
5 6 960
5 6 961
5 6 962
5 6 963
5 6 964
5 6 965
5 6 966
5 6 967
5 6 968
5 6 969
5 6 970
5 6 971
5 6 972
5 6 973
5 6 974
5 6 975
5 6 976
5 6 977
5 6 978
5 6 979
5 6 980
5 6 981
5 6 982
5 6 983
5 6 984
5 6 985
5 6 986
5 6 987
5 6 988
5 6 989
5 6 990
5 6 991
5 6 992
5 6 993
5 6 994
5 6 995
5 6 996
5 6 997
5 6 998
5 6 999
5 6 1000
5 6 1001
5 6 1002
5 6 1003
5 6 1004
5 6 1005
5 6 1006
5 6 1007
5 6 1008
5 6 1009
5 6 1010
5 6 1011
5 6 1012
5 6 1013
5 6 1014
5 6 1015
5 6 1016
5 6 1017
5 6 1018
5 6 1019
5 6 1020
5 6 1021
5 6 1022
5 6 1023
5 6 1024
5 6 1025
5 6 1026
5 6 1027
5 6 1028
5 6 1029
5 6 1030
5 6 1031
5 6 1032
5 6 1033
5 6 1034
5 6 1035
5 6 1036
5 6 1037
5 6 1038
5 6 1039
5 6 1040
5 6 1041
5 6 1042
5 6 1043
5 6 1044
5 6 1045
5 6 1046
5 6 1047
5 6 1048
5 6 1049
5 6 1050
5 6 1051
5 6 1052
5 6 1053
5 6 1054
5 6 1055
5 6 1056
5 6 1057
5 6 1058
5 6 1059
5 6 1060
5 6 1061
5 6 1062
5 6 1063
5 6 1064
5 6 1065
5 6 1066
5 6 1067
5 6 1068
5 6 1069
5 6 1070
5 6 1071
5 6 1072
5 6 1073
5 6 1074
5 6 1075
5 6 1076
5 6 1077
5 6 1078
5 6 1079
5 6 1080
5 6 1081
5 6 1082
5 6 1083
5 6 1084
5 6 1085
5 6 1086
5 6 1087
5 6 1088
5 6 1089
5 6 1090
5 6 1091
5 6 1092
5 6 1093
5 6 1094
5 6 1095
5 6 1096
5 6 1097
5 6 1098
5 6 1099
5 6 1100
5 6 1101
5 6 1102
5 6 1103
5 6 1104
5 6 1105
5 6 1106
5 6 1107
5 6 1108
5 6 1109
5 6 1110
5 6 1111
5 6 1112
5 6 1113
5 6 1114
5 6 1115
5 6 1116
5 6 1117
5 6 1118
5 6 1119
5 6 1120
5 6 1121
5 6 1122
5 6 1123
5 6 1124
5 6 1125
5 6 1126
5 6 1127
5 6 1128
5 6 1129
5 6 1130
5 6 1131
5 6 1132
5 6 1133
5 6 1134
5 6 1135
5 6 1136
5 6 1137
5 6 1138
5 6 1139
5 6 1140
5 6 1141
5 6 1142
5 6 1143
5 6 1144
5 6 1145
5 6 1146
5 6 1147
5 6 1148
5 6 1149
5 6 1150
5 6 1151
5 6 1152
5 6 1153
5 6 1154
5 6 1155
5 6 1156
5 6 1157
5 6 1158
5 6 1159
5 6 1160
5 6 1161
5 6 1162
5 6 1163
5 6 1164
5 6 1165
5 6 1166
5 6 1167
5 6 1168
5 6 1169
5 6 1170
5 6 1171
5 6 1172
5 6 1173
5 6 1174
5 6 1175
5 6 1176
5 6 1177
5 6 1178
5 6 1179
5 6 1180
5 6 1181
5 6 1182
5 6 1183
5 6 1184
5 6 1185
5 6 1186
5 6 1187
5 6 1188
5 6 1189
5 6 1190
5 6 1191
5 6 1192
5 6 1193
5 6 1194
5 6 1195
5 6 1196
5 6 1197
5 6 1198
5 6 1199
5 6 1200
5 6 1201
5 6 1202
5 6 1203
5 6 1204
5 6 1205
5 6 1206
5 6 1207
5 6 1208
5 6 1209
5 6 1210
5 6 1211
5 6 1212
5 6 1213
5 6 1214
5 6 1215
5 6 1216
5 6 1217
5 6 1218
5 6 1219
5 6 1220
5 6 1221
5 6 1222
5 6 1223
5 6 1224
5 6 1225
5 6 1226
5 6 1227
5 6 1228
5 6 1229
5 6 1230
5 6 1231
5 6 1232
5 6 1233
5 6 1234
5 6 1235
5 6 1236
5 6 1237
5 6 1238
5 6 1239
5 6 1240
5 6 1241
5 6 1242
5 6 1243
5 6 1244
5 6 1245
5 6 1246
5 6 1247
5 6 1248
5 6 1249
5 6 1250
5 6 1251
5 6 1252
5 6 1253
5 6 1254
5 6 1255
5 6 1256
5 6 1257
5 6 1258
5 6 1259
5 6 1260
5 6 1261
5 6 1262
5 6 1263
5 6 1264
5 6 1265
5 6 1266
5 6 1267
5 6 1268
5 6 1269
5 6 1270
5 6 1271
5 6 1272
5 6 1273
5 6 1274
5 6 1275
5 6 1276
5 6 1277
5 6 1278
5 6 1279
5 6 1280
5 6 1281
5 6 1282
5 6 1283
5 6 1284
5 6 1285
5 6 1286
5 6 1287
5 6 1288
5 6 1289
5 6 1290
5 6 1291
5 6 1292
5 6 1293
5 6 1294
5 6 1295
5 6 1296
5 6 1297
5 6 1298
5 6 1299
5 6 1300
5 6 1301
5 6 1302
5 6 1303
5 6 1304
5 6 1305
5 6 1306
5 6 1307
5 6 1308
5 6 1309
5 6 1310
5 6 1311
5 6 1312
5 6 1313
5 6 1314
5 6 1315
5 6 1316
5 6 1317
5 6 1318
5 6 1319
5 6 1320
5 6 1321
5 6 1322
5 6 1323
5 6 1324
5 6 1325
5 6 1326
5 6 1327
5 6 1328
5 6 1329
5 6 1330
5 6 1331
5 6 1332
5 6 1333
5 6 1334
5 6 1335
5 6 1336
5 6 1337
5 6 1338
5 6 1339
5 6 1340
5 6 1341
5 6 1342
5 6 1343
5 6 1344
5 6 1345
5 6 1346
5 6 1347
5 6 1348
5 6 1349
5 6 1350
5 6 1351
5 6 1352
5 6 1353
5 6 1354
5 6 1355
5 6 1356
5 6 1357
5 6 1358
5 6 1359
5 6 1360
5 6 1361
5 6 1362
5 6 1363
5 6 1364
5 6 1365
5 6 1366
5 6 1367
5 6 1368
5 6 1369
5 6 1370
5 6 1371
5 6 1372
5 6 1373
5 6 1374
5 6 1375
5 6 1376
5 6 1377
5 6 1378
5 6 1379
5 6 1380
5 6 1381
5 6 1382
5 6 1383
5 6 1384
5 6 1385
5 6 1386
5 6 1387
5 6 1388
5 6 1389
5 6 1390
5 6 1391
5 6 1392
5 6 1393
5 6 1394
5 6 1395
5 6 1396
5 6 1397
5 6 1398
5 6 1399
5 6 1400
5 6 1401
5 6 1402
5 6 1403
5 6 1404
5 6 1405
5 6 1406
5 6 1407
5 6 1408
5 6 1409
5 6 1410
5 6 1411
5 6 1412
5 6 1413
5 6 1414
5 6 1415
5 6 1416
5 6 1417
5 6 1418
5 6 1419
5 6 1420
5 6 1421
5 6 1422
5 6 1423
5 6 1424
5 6 1425
5 6 1426
5 6 1427
5 6 1428
5 6 1429
5 6 1430
5 6 1431
5 6 1432
5 6 1433
5 6 1434
5 6 1435
5 6 1436
5 6 1437
5 6 1438
5 6 1439
5 6 1440
5 6 1441
5 6 1442
5 6 1443
5 6 1444
5 6 1445
5 6 1446
5 6 1447
5 6 1448
5 6 1449
5 6 1450
5 6 1451
5 6 1452
5 6 1453
5 6 1454
5 6 1455
5 6 1456
5 6 1457
5 6 1458
5 6 1459
5 6 1460
5 6 1461
5 6 1462
5 6 1463
5 6 1464
5 6 1465
5 6 1466
5 6 1467
5 6 1468
5 6 1469
5 6 1470
5 6 1471
5 6 1472
5 6 1473
5 6 1474
5 6 1475
5 6 1476
5 6 1477
5 6 1478
5 6 1479
5 6 1480
5 6 1481
5 6 1482
5 6 1483
5 6 1484
5 6 1485
5 6 1486
5 6 1487
5 6 1488
5 6 1489
5 6 1490
5 6 1491
5 6 1492
5 6 1493
5 6 1494
5 6 1495
5 6 1496
5 6 1497
5 6 1498
5 6 1499
5 6 1500
5 6 1501
5 6 1502
5 6 1503
5 6 1504
5 6 1505
5 6 1506
5 6 1507
5 6 1508
5 6 1509
5 6 1510
5 6 1511
5 6 1512
5 6 1513
5 6 1514
5 6 1515
5 6 1516
5 6 1517
5 6 1518
5 6 1519
5 6 1520
5 6 1521
5 6 1522
5 6 1523
5 6 1524
5 6 1525
5 6 1526
5 6 1527
5 6 1528
5 6 1529
5 6 1530
5 6 1531
5 6 1532
5 6 1533
5 6 1534
5 6 1535
5 6 1536
5 6 1537
5 6 1538
5 6 1539
5 6 1540
5 6 1541
5 6 1542
5 6 1543
5 6 1544
5 6 1545
5 6 1546
5 6 1547
5 6 1548
5 6 1549
5 6 1550
5 6 1551
5 6 1552
5 6 1553
5 6 1554
5 6 1555
5 6 1556
5 6 1557
5 6 1558
5 6 1559
5 6 1560
5 6 1561
5 6 1562
5 6 1563
5 6 1564
5 6 1565
5 6 1566
5 6 1567
5 6 1568
5 6 1569
5 6 1570
5 6 1571
5 6 1572
5 6 1573
5 6 1574
5 6 1575
5 6 1576
5 6 1577
5 6 1578
5 6 1579
5 6 1580
5 6 1581
5 6 1582
5 6 1583
5 6 1584
5 6 1585
5 6 1586
5 6 1587
5 6 1588
5 6 1589
5 6 1590
5 6 1591
5 6 1592
5 6 1593
5 6 1594
5 6 1595
5 6 1596
5 6 1597
5 6 1598
5 6 1599
5 6 1600
5 6 1601
5 6 1602
5 6 1603
5 6 1604
5 6 1605
5 6 1606
5 6 1607
5 6 1608
5 6 1609
5 6 1610
5 6 1611
5 6 1612
5 6 1613
5 6 1614
5 6 1615
5 6 1616
5 6 1617
5 6 1618
5 6 1619
5 6 1620
5 6 1621
5 6 1622
5 6 1623
5 6 1624
5 6 1625
5 6 1626
5 6 1627
5 6 1628
5 6 1629
5 6 1630
5 6 1631
5 6 1632
5 6 1633
5 6 1634
5 6 1635
5 6 1636
5 6 1637
5 6 1638
5 6 1639
5 6 1640
5 6 1641
5 6 1642
5 6 1643
5 6 1644
5 6 1645
5 6 1646
5 6 1647
5 6 1648
5 6 1649
5 6 1650
5 6 1651
5 6 1652
5 6 1653
5 6 1654
5 6 1655
5 6 1656
5 6 1657
5 6 1658
5 6 1659
5 6 1660
5 6 1661
5 6 1662
5 6 1663
5 6 1664
5 6 1665
5 6 1666
5 6 1667
5 6 1668
5 6 1669
5 6 1670
5 6 1671
5 6 1672
5 6 1673
5 6 1674
5 6 1675
5 6 1676
5 6 1677
5 6 1678
5 6 1679
5 6 1680
5 6 1681
5 6 1682
5 6 1683
5 6 1684
5 6 1685
5 6 1686
5 6 1687
5 6 1688
5 6 1689
5 6 1690
5 6 1691
5 6 1692
5 6 1693
5 6 1694
5 6 1695
5 6 1696
5 6 1697
5 6 1698
5 6 1699
5 6 1700
5 6 1701
5 6 1702
5 6 1703
5 6 1704
5 6 1705
5 6 1706
5 6 1707
5 6 1708
5 6 1709
5 6 1710
5 6 1711
5 6 1712
5 6 1713
5 6 1714
5 6 1715
5 6 1716
5 6 1717
5 6 1718
5 6 1719
5 6 1720
5 6 1721
5 6 1722
5 6 1723
5 6 1724
5 6 1725
5 6 1726
5 6 1727
5 6 1728
5 6 1729
5 6 1730
5 6 1731
5 6 1732
5 6 1733
5 6 1734
5 6 1735
5 6 1736
5 6 1737
5 6 1738
5 6 1739
5 6 1740
5 6 1741
5 6 1742
5 6 1743
5 6 1744
5 6 1745
5 6 1746
5 6 1747
5 6 1748
5 6 1749
5 6 1750
5 6 1751
5 6 1752
5 6 1753
5 6 1754
5 6 1755
5 6 1756
5 6 1757
5 6 1758
5 6 1759
5 6 1760
5 6 1761
5 6 1762
5 6 1763
5 6 1764
5 6 1765
5 6 1766
5 6 1767
5 6 1768
5 6 1769
5 6 1770
5 6 1771
5 6 1772
5 6 1773
5 6 1774
5 6 1775
5 6 1776
5 6 1777
5 6 1778
5 6 1779
5 6 1780
5 6 1781
5 6 1782
5 6 1783
5 6 1784
5 6 1785
5 6 1786
5 6 1787
5 6 1788
5 6 1789
5 6 1790
5 6 1791
5 6 1792
5 6 1793
5 6 1794
5 6 1795
5 6 1796
5 6 1797
5 6 1798
5 6 1799
5 6 1800
5 6 1801
5 6 1802
5 6 1803
5 6 1804
5 6 1805
5 6 1806
5 6 1807
5 6 1808
5 6 1809
5 6 1810
5 6 1811
5 6 1812
5 6 1813
5 6 1814
5 6 1815
5 6 1816
5 6 1817
5 6 1818
5 6 1819
5 6 1820
5 6 1821
5 6 1822
5 6 1823
5 6 1824
5 6 1825
5 6 1826
5 6 1827
5 6 1828
5 6 1829
5 6 1830
5 6 1831
5 6 1832
5 6 1833
5 6 1834
5 6 1835
5 6 1836
5 6 1837
5 6 1838
5 6 1839
5 6 1840
5 6 1841
5 6 1842
5 6 1843
5 6 1844
5 6 1845
5 6 1846
5 6 1847
5 6 1848
5 6 1849
5 6 1850
5 6 1851
5 6 1852
5 6 1853
5 6 1854
5 6 1855
5 6 1856
5 6 1857
5 6 1858
5 6 1859
5 6 1860
5 6 1861
5 6 1862
5 6 1863
5 6 1864
5 6 1865
5 6 1866
5 6 1867
5 6 1868
5 6 1869
5 6 1870
5 6 1871
5 6 1872
5 6 1873
5 6 1874
5 6 1875
5 6 1876
5 6 1877
5 6 1878
5 6 1879
5 6 1880
5 6 1881
5 6 1882
5 6 1883
5 6 1884
5 6 1885
5 6 1886
5 6 1887
5 6 1888
5 6 1889
5 6 1890
5 6 1891
5 6 1892
5 6 1893
5 6 1894
5 6 1895
5 6 1896
5 6 1897
5 6 1898
5 6 1899
5 6 1900
5 6 1901
5 6 1902
5 6 1903
5 6 1904
5 6 1905
5 6 1906
5 6 1907
5 6 1908
5 6 1909
5 6 1910
5 6 1911
5 6 1912
5 6 1913
5 6 1914
5 6 1915
5 6 1916
5 6 1917
5 6 1918
5 6 1919
5 6 1920
5 6 1921
5 6 1922
5 6 1923
5 6 1924
5 6 1925
5 6 1926
5 6 1927
5 6 1928
5 6 1929
5 6 1930
5 6 1931
5 6 1932
5 6 1933
5 6 1934
5 6 1935
5 6 1936
5 6 1937
5 6 1938
5 6 1939
5 6 1940
5 6 1941
5 6 1942
5 6 1943
5 6 1944
5 6 1945
5 6 1946
5 6 1947
5 6 1948
5 6 1949
5 6 1950
5 6 1951
5 6 1952
5 6 1953
5 6 1954
5 6 1955
5 6 1956
5 6 1957
5 6 1958
5 6 1959
5 6 1960
5 6 1961
5 6 1962
5 6 1963
5 6 1964
5 6 1965
5 6 1966
5 6 1967
5 6 1968
5 6 1969
5 6 1970
5 6 1971
5 6 1972
5 6 1973
5 6 1974
5 6 1975
5 6 1976
5 6 1977
5 6 1978
5 6 1979
5 6 1980
5 6 1981
5 6 1982
5 6 1983
5 6 1984
5 6 1985
5 6 1986
5 6 1987
5 6 1988
5 6 1989
5 6 1990
5 6 1991
5 6 1992
5 6 1993
5 6 1994
5 6 1995
5 6 1996
5 6 1997
5 6 1998
5 6 1999
5 6 2000
5 6 2001
5 6 2002
5 6 2003
5 6 2004
5 6 2005
5 6 2006
5 6 2007
5 6 2008
5 6 2009
5 6 2010
5 6 2011
5 6 2012
5 6 2013
5 6 2014
5 6 2015
5 6 2016
5 6 2017
5 6 2018
5 6 2019
5 6 2020
5 6 2021
5 6 2022
5 6 2023
5 6 2024
5 6 2025
5 6 2026
5 6 2027
5 6 2028
5 6 2029
5 6 2030
5 6 2031
5 6 2032
5 6 2033
5 6 2034
5 6 2035
5 6 2036
5 6 2037
5 6 2038
5 6 2039
5 6 2040
5 6 2041
5 6 2042
5 6 2043
5 6 2044
5 6 2045
5 6 2046
5 6 2047
5 6 2048
5 6 2049
5 6 2050
5 6 2051
5 6 2052
5 6 2053
5 6 2054
5 6 2055
5 6 2056
5 6 2057
5 6 2058
5 6 2059
5 6 2060
5 6 2061
5 6 2062
5 6 2063
5 6 2064
5 6 2065
5 6 2066
5 6 2067
5 6 2068
5 6 2069
5 6 2070
5 6 2071
5 6 2072
5 6 2073
5 6 2074
5 6 2075
5 6 2076
5 6 2077
5 6 2078
5 6 2079
5 6 2080
5 6 2081
5 6 2082
5 6 2083
5 6 2084
5 6 2085
5 6 2086
5 6 2087
5 6 2088
5 6 2089
5 6 2090
5 6 2091
5 6 2092
5 6 2093
5 6 2094
5 6 2095
5 6 2096
5 6 2097
5 6 2098
5 6 2099
5 6 2100
5 6 2101
5 6 2102
5 6 2103
5 6 2104
5 6 2105
5 6 2106
5 6 2107
5 6 2108
5 6 2109
5 6 2110
5 6 2111
5 6 2112
5 6 2113
5 6 2114
5 6 2115
5 6 2116
5 6 2117
5 6 2118
5 6 2119
5 6 2120
5 6 2121
5 6 2122
5 6 2123
5 6 2124
5 6 2125
5 6 2126
5 6 2127
5 6 2128
5 6 2129
5 6 2130
5 6 2131
5 6 2132
5 6 2133
5 6 2134
5 6 2135
5 6 2136
5 6 2137
5 6 2138
5 6 2139
5 6 2140
5 6 2141
5 6 2142
5 6 2143
5 6 2144
5 6 2145
5 6 2146
5 6 2147
5 6 2148
5 6 2149
5 6 2150
5 6 2151
5 6 2152
5 6 2153
5 6 2154
5 6 2155
5 6 2156
5 6 2157
5 6 2158
5 6 2159
5 6 2160
5 6 2161
5 6 2162
5 6 2163
5 6 2164
5 6 2165
5 6 2166
5 6 2167
5 6 2168
5 6 2169
5 6 2170
5 6 2171
5 6 2172
5 6 2173
5 6 2174
5 6 2175
5 6 2176
5 6 2177
5 6 2178
5 6 2179
5 6 2180
5 6 2181
5 6 2182
5 6 2183
5 6 2184
5 6 2185
5 6 2186
5 6 2187
5 6 2188
5 6 2189
5 6 2190
5 6 2191
5 6 2192
5 6 2193
5 6 2194
5 6 2195
5 6 2196
5 6 2197
5 6 2198
5 6 2199
5 6 2200
5 6 2201
5 6 2202
5 6 2203
5 6 2204
5 6 2205
5 6 2206
5 6 2207
5 6 2208
5 6 2209
5 6 2210
5 6 2211
5 6 2212
5 6 2213
5 6 2214
5 6 2215
5 6 2216
5 6 2217
5 6 2218
5 6 2219
5 6 2220
5 6 2221
5 6 2222
5 6 2223
5 6 2224
5 6 2225
5 6 2226
5 6 2227
5 6 2228
5 6 2229
5 6 2230
5 6 2231
5 6 2232
5 6 2233
5 6 2234
5 6 2235
5 6 2236
5 6 2237
5 6 2238
5 6 2239
5 6 2240
5 6 2241
5 6 2242
5 6 2243
5 6 2244
5 6 2245
5 6 2246
5 6 2247
5 6 2248
5 6 2249
5 6 2250
5 6 2251
5 6 2252
5 6 2253
5 6 2254
5 6 2255
5 6 2256
5 6 2257
5 6 2258
5 6 2259
5 6 2260
5 6 2261
5 6 2262
5 6 2263
5 6 2264
5 6 2265
5 6 2266
5 6 2267
5 6 2268
5 6 2269
5 6 2270
5 6 2271
5 6 2272
5 6 2273
5 6 2274
5 6 2275
5 6 2276
5 6 2277
5 6 2278
5 6 2279
5 6 2280
5 6 2281
5 6 2282
5 6 2283
5 6 2284
5 6 2285
5 6 2286
5 6 2287
5 6 2288
5 6 2289
5 6 2290
5 6 2291
5 6 2292
5 6 2293
5 6 2294
5 6 2295
5 6 2296
5 6 2297
5 6 2298
5 6 2299
5 6 2300
5 6 2301
5 6 2302
5 6 2303
5 6 2304
5 6 2305
5 6 2306
5 6 2307
5 6 2308
5 6 2309
5 6 2310
5 6 2311
5 6 2312
5 6 2313
5 6 2314
5 6 2315
5 6 2316
5 6 2317
5 6 2318
5 6 2319
5 6 2320
5 6 2321
5 6 2322
5 6 2323
5 6 2324
5 6 2325
5 6 2326
5 6 2327
5 6 2328
5 6 2329
5 6 2330
5 6 2331
5 6 2332
5 6 2333
5 6 2334
5 6 2335
5 6 2336
5 6 2337
5 6 2338
5 6 2339
5 6 2340
5 6 2341
5 6 2342
5 6 2343
5 6 2344
5 6 2345
5 6 2346
5 6 2347
5 6 2348
5 6 2349
5 6 2350
5 6 2351
5 6 2352
5 6 2353
5 6 2354
5 6 2355
5 6 2356
5 6 2357
5 6 2358
5 6 2359
5 6 2360
5 6 2361
5 6 2362
5 6 2363
5 6 2364
5 6 2365
5 6 2366
5 6 2367
5 6 2368
5 6 2369
5 6 2370
5 6 2371
5 6 2372
5 6 2373
5 6 2374
5 6 2375
5 6 2376
5 6 2377
5 6 2378
5 6 2379
5 6 2380
5 6 2381
5 6 2382
5 6 2383
5 6 2384
5 6 2385
5 6 2386
5 6 2387
5 6 2388
5 6 2389
5 6 2390
5 6 2391
5 6 2392
5 6 2393
5 6 2394
5 6 2395
5 6 2396
5 6 2397
5 6 2398
5 6 2399
5 6 2400
5 6 2401
5 6 2402
5 6 2403
5 6 2404
5 6 2405
5 6 2406
5 6 2407
5 6 2408
5 6 2409
5 6 2410
5 6 2411
5 6 2412
5 6 2413
5 6 2414
5 6 2415
5 6 2416
5 6 2417
5 6 2418
5 6 2419
5 6 2420
5 6 2421
5 6 2422
5 6 2423
5 6 2424
5 6 2425
5 6 2426
5 6 2427
5 6 2428
5 6 2429
5 6 2430
5 6 2431
5 6 2432
5 6 2433
5 6 2434
5 6 2435
5 6 2436
5 6 2437
5 6 2438
5 6 2439
5 6 2440
5 6 2441
5 6 2442
5 6 2443
5 6 2444
5 6 2445
5 6 2446
5 6 2447
5 6 2448
5 6 2449
5 6 2450
5 6 2451
5 6 2452
5 6 2453
5 6 2454
5 6 2455
5 6 2456
5 6 2457
5 6 2458
5 6 2459
5 6 2460
5 6 2461
5 6 2462
5 6 2463
5 6 2464
5 6 2465
5 6 2466
5 6 2467
5 6 2468
5 6 2469
5 6 2470
5 6 2471
5 6 2472
5 6 2473
5 6 2474
5 6 2475
5 6 2476
5 6 2477
5 6 2478
5 6 2479
5 6 2480
5 6 2481
5 6 2482
5 6 2483
5 6 2484
5 6 2485
5 6 2486
5 6 2487
5 6 2488
5 6 2489
5 6 2490
5 6 2491
5 6 2492
5 6 2493
5 6 2494
5 6 2495
5 6 2496
5 6 2497
5 6 2498
5 6 2499
5 6 2500
5 6 2501
5 6 2502
5 6 2503
5 6 2504
5 6 2505
5 6 2506
5 6 2507
5 6 2508
5 6 2509
5 6 2510
5 6 2511
5 6 2512
5 6 2513
5 6 2514
5 6 2515
5 6 2516
5 6 2517
5 6 2518
5 6 2519
5 6 2520
5 6 2521
5 6 2522
5 6 2523
5 6 2524
5 6 2525
5 6 2526
5 6 2527
5 6 2528
5 6 2529
5 6 2530
5 6 2531
5 6 2532
5 6 2533
5 6 2534
5 6 2535
5 6 2536
5 6 2537
5 6 2538
5 6 2539
5 6 2540
5 6 2541
5 6 2542
5 6 2543
5 6 2544
5 6 2545
5 6 2546
5 6 2547
5 6 2548
5 6 2549
5 6 2550
5 6 2551
5 6 2552
5 6 2553
5 6 2554
5 6 2555
5 6 2556
5 6 2557
5 6 2558
5 6 2559
5 6 2560
5 6 2561
5 6 2562
5 6 2563
5 6 2564
5 6 2565
5 6 2566
5 6 2567
5 6 2568
5 6 2569
5 6 2570
5 6 2571
5 6 2572
5 6 2573
5 6 2574
5 6 2575
5 6 2576
5 6 2577
5 6 2578
5 6 2579
5 6 2580
5 6 2581
5 6 2582
5 6 2583
5 6 2584
5 6 2585
5 6 2586
5 6 2587
5 6 2588
5 6 2589
5 6 2590
5 6 2591
5 6 2592
5 6 2593
5 6 2594
5 6 2595
5 6 2596
5 6 2597
5 6 2598
5 6 2599
5 6 2600
5 6 2601
5 6 2602
5 6 2603
5 6 2604
5 6 2605
5 6 2606
5 6 2607
5 6 2608
5 6 2609
5 6 2610
5 6 2611
5 6 2612
5 6 2613
5 6 2614
5 6 2615
5 6 2616
5 6 2617
5 6 2618
5 6 2619
5 6 2620
5 6 2621
5 6 2622
5 6 2623
5 6 2624
5 6 2625
5 6 2626
5 6 2627
5 6 2628
5 6 2629
5 6 2630
5 6 2631
5 6 2632
5 6 2633
5 6 2634
5 6 2635
5 6 2636
5 6 2637
5 6 2638
5 6 2639
5 6 2640
5 6 2641
5 6 2642
5 6 2643
5 6 2644
5 6 2645
5 6 2646
5 6 2647
5 6 2648
5 6 2649
5 6 2650
5 6 2651
5 6 2652
5 6 2653
5 6 2654
5 6 2655
5 6 2656
5 6 2657
5 6 2658
5 6 2659
5 6 2660
5 6 2661
5 6 2662
5 6 2663
5 6 2664
5 6 2665
5 6 2666
5 6 2667
5 6 2668
5 6 2669
5 6 2670
5 6 2671
5 6 2672
5 6 2673
5 6 2674
5 6 2675
5 6 2676
5 6 2677
5 6 2678
5 6 2679
5 6 2680
5 6 2681
5 6 2682
5 6 2683
5 6 2684
5 6 2685
5 6 2686
5 6 2687
5 6 2688
5 6 2689
5 6 2690
5 6 2691
5 6 2692
5 6 2693
5 6 2694
5 6 2695
5 6 2696
5 6 2697
5 6 2698
5 6 2699
5 6 2700
5 6 2701
5 6 2702
5 6 2703
5 6 2704
5 6 2705
5 6 2706
5 6 2707
5 6 2708
5 6 2709
5 6 2710
5 6 2711
5 6 2712
5 6 2713
5 6 2714
5 6 2715
5 6 2716
5 6 2717
5 6 2718
5 6 2719
5 6 2720
5 6 2721
5 6 2722
5 6 2723
5 6 2724
5 6 2725
5 6 2726
5 6 2727
5 6 2728
5 6 2729
5 6 2730
5 6 2731
5 6 2732
5 6 2733
5 6 2734
5 6 2735
5 6 2736
5 6 2737
5 6 2738
5 6 2739
5 6 2740
5 6 2741
5 6 2742
5 6 2743
5 6 2744
5 6 2745
5 6 2746
5 6 2747
5 6 2748
5 6 2749
5 6 2750
5 6 2751
5 6 2752
5 6 2753
5 6 2754
5 6 2755
5 6 2756
5 6 2757
5 6 2758
5 6 2759
5 6 2760
5 6 2761
5 6 2762
5 6 2763
5 6 2764
5 6 2765
5 6 2766
5 6 2767
5 6 2768
5 6 2769
5 6 2770
5 6 2771
5 6 2772
5 6 2773
5 6 2774
5 6 2775
5 6 2776
5 6 2777
5 6 2778
5 6 2779
5 6 2780
5 6 2781
5 6 2782
5 6 2783
5 6 2784
5 6 2785
5 6 2786
5 6 2787
5 6 2788
5 6 2789
5 6 2790
5 6 2791
5 6 2792
5 6 2793
5 6 2794
5 6 2795
5 6 2796
5 6 2797
5 6 2798
5 6 2799
5 6 2800
5 6 2801
5 6 2802
5 6 2803
5 6 2804
5 6 2805
5 6 2806
5 6 2807
5 6 2808
5 6 2809
5 6 2810
5 6 2811
5 6 2812
5 6 2813
5 6 2814
5 6 2815
5 6 2816
5 6 2817
5 6 2818
5 6 2819
5 6 2820
5 6 2821
5 6 2822
5 6 2823
5 6 2824
5 6 2825
5 6 2826
5 6 2827
5 6 2828
5 6 2829
5 6 2830
5 6 2831
5 6 2832
5 6 2833
5 6 2834
5 6 2835
5 6 2836
5 6 2837
5 6 2838
5 6 2839
5 6 2840
5 6 2841
5 6 2842
5 6 2843
5 6 2844
5 6 2845
5 6 2846
5 6 2847
5 6 2848
5 6 2849
5 6 2850
5 6 2851
5 6 2852
5 6 2853
5 6 2854
5 6 2855
5 6 2856
5 6 2857
5 6 2858
5 6 2859
5 6 2860
5 6 2861
5 6 2862
5 6 2863
5 6 2864
5 6 2865
5 6 2866
5 6 2867
5 6 2868
5 6 2869
5 6 2870
5 6 2871
5 6 2872
5 6 2873
5 6 2874
5 6 2875
5 6 2876
5 6 2877
5 6 2878
5 6 2879
5 6 2880
5 6 2881
5 6 2882
5 6 2883
5 6 2884
5 6 2885
5 6 2886
5 6 2887
5 6 2888
5 6 2889
5 6 2890
5 6 2891
5 6 2892
5 6 2893
5 6 2894
5 6 2895
5 6 2896
5 6 2897
5 6 2898
5 6 2899
5 6 2900
5 6 2901
5 6 2902
5 6 2903
5 6 2904
5 6 2905
5 6 2906
5 6 2907
5 6 2908
5 6 2909
5 6 2910
5 6 2911
5 6 2912
5 6 2913
5 6 2914
5 6 2915
5 6 2916
5 6 2917
5 6 2918
5 6 2919
5 6 2920
5 6 2921
5 6 2922
5 6 2923
5 6 2924
5 6 2925
5 6 2926
5 6 2927
5 6 2928
5 6 2929
5 6 2930
5 6 2931
5 6 2932
5 6 2933
5 6 2934
5 6 2935
5 6 2936
5 6 2937
5 6 2938
5 6 2939
5 6 2940
5 6 2941
5 6 2942
5 6 2943
5 6 2944
5 6 2945
5 6 2946
5 6 2947
5 6 2948
5 6 2949
5 6 2950
5 6 2951
5 6 2952
5 6 2953
5 6 2954
5 6 2955
5 6 2956
5 6 2957
5 6 2958
5 6 2959
5 6 2960
5 6 2961
5 6 2962
5 6 2963
5 6 2964
5 6 2965
5 6 2966
5 6 2967
5 6 2968
5 6 2969
5 6 2970
5 6 2971
5 6 2972
5 6 2973
5 6 2974
5 6 2975
5 6 2976
5 6 2977
5 6 2978
5 6 2979
5 6 2980
5 6 2981
5 6 2982
5 6 2983
5 6 2984
5 6 2985
5 6 2986
5 6 2987
5 6 2988
5 6 2989
5 6 2990
5 6 2991
5 6 2992
5 6 2993
5 6 2994
5 6 2995
5 6 2996
5 6 2997
5 6 2998
5 6 2999
5 6 3000
5 6 3001
5 6 3002
5 6 3003
5 6 3004
5 6 3005
5 6 3006
5 6 3007
5 6 3008
5 6 3009
5 6 3010
5 6 3011
5 6 3012
5 6 3013
5 6 3014
5 6 3015
5 6 3016
5 6 3017
5 6 3018
5 6 3019
5 6 3020
5 6 3021
5 6 3022
5 6 3023
5 6 3024
5 6 3025
5 6 3026
5 6 3027
5 6 3028
5 6 3029
5 6 3030
5 6 3031
5 6 3032
5 6 3033
5 6 3034
5 6 3035
5 6 3036
5 6 3037
5 6 3038
5 6 3039
5 6 3040
5 6 3041
5 6 3042
5 6 3043
5 6 3044
5 6 3045
5 6 3046
5 6 3047
5 6 3048
5 6 3049
5 6 3050
5 6 3051
5 6 3052
5 6 3053
5 6 3054
5 6 3055
5 6 3056
5 6 3057
5 6 3058
5 6 3059
5 6 3060
5 6 3061
5 6 3062
5 6 3063
5 6 3064
5 6 3065
5 6 3066
5 6 3067
5 6 3068
5 6 3069
5 6 3070
5 6 3071
5 6 3072
5 6 3073
5 6 3074
5 6 3075
5 6 3076
5 6 3077
5 6 3078
5 6 3079
5 6 3080
5 6 3081
5 6 3082
5 6 3083
5 6 3084
5 6 3085
5 6 3086
5 6 3087
5 6 3088
5 6 3089
5 6 3090
5 6 3091
5 6 3092
5 6 3093
5 6 3094
5 6 3095
5 6 3096
5 6 3097
5 6 3098
5 6 3099
5 6 3100
5 6 3101
5 6 3102
5 6 3103
5 6 3104
5 6 3105
5 6 3106
5 6 3107
5 6 3108
5 6 3109
5 6 3110
5 6 3111
5 6 3112
5 6 3113
5 6 3114
5 6 3115
5 6 3116
5 6 3117
5 6 3118
5 6 3119
5 6 3120
5 6 3121
5 6 3122
5 6 3123
5 6 3124
5 6 3125
5 6 3126
5 6 3127
5 6 3128
5 6 3129
5 6 3130
5 6 3131
5 6 3132
5 6 3133
5 6 3134
5 6 3135
5 6 3136
5 6 3137
5 6 3138
5 6 3139
5 6 3140
5 6 3141
5 6 3142
5 6 3143
5 6 3144
5 6 3145
5 6 3146
5 6 3147
5 6 3148
5 6 3149
5 6 3150
5 6 3151
5 6 3152
5 6 3153
5 6 3154
5 6 3155
5 6 3156
5 6 3157
5 6 3158
5 6 3159
5 6 3160
5 6 3161
5 6 3162
5 6 3163
5 6 3164
5 6 3165
5 6 3166
5 6 3167
5 6 3168
5 6 3169
5 6 3170
5 6 3171
5 6 3172
5 6 3173
5 6 3174
5 6 3175
5 6 3176
5 6 3177
5 6 3178
5 6 3179
5 6 3180
5 6 3181
5 6 3182
5 6 3183
5 6 3184
5 6 3185
5 6 3186
5 6 3187
5 6 3188
5 6 3189
5 6 3190
5 6 3191
5 6 3192
5 6 3193
5 6 3194
5 6 3195
5 6 3196
5 6 3197
5 6 3198
5 6 3199
5 6 3200
5 6 3201
5 6 3202
5 6 3203
5 6 3204
5 6 3205
5 6 3206
5 6 3207
5 6 3208
5 6 3209
5 6 3210
5 6 3211
5 6 3212
5 6 3213
5 6 3214
5 6 3215
5 6 3216
5 6 3217
5 6 3218
5 6 3219
5 6 3220
5 6 3221
5 6 3222
5 6 3223
5 6 3224
5 6 3225
5 6 3226
5 6 3227
5 6 3228
5 6 3229
5 6 3230
5 6 3231
5 6 3232
5 6 3233
5 6 3234
5 6 3235
5 6 3236
5 6 3237
5 6 3238
5 6 3239
5 6 3240
5 6 3241
5 6 3242
5 6 3243
5 6 3244
5 6 3245
5 6 3246
5 6 3247
5 6 3248
5 6 3249
5 6 3250
5 6 3251
5 6 3252
5 6 3253
5 6 3254
5 6 3255
5 6 3256
5 6 3257
5 6 3258
5 6 3259
5 6 3260
5 6 3261
5 6 3262
5 6 3263
5 6 3264
5 6 3265
5 6 3266
5 6 3267
5 6 3268
5 6 3269
5 6 3270
5 6 3271
5 6 3272
5 6 3273
5 6 3274
5 6 3275
5 6 3276
5 6 3277
5 6 3278
5 6 3279
5 6 3280
5 6 3281
5 6 3282
5 6 3283
5 6 3284
5 6 3285
5 6 3286
5 6 3287
5 6 3288
5 6 3289
5 6 3290
5 6 3291
5 6 3292
5 6 3293
5 6 3294
5 6 3295
5 6 3296
5 6 3297
5 6 3298
5 6 3299
5 6 3300
5 6 3301
5 6 3302
5 6 3303
5 6 3304
5 6 3305
5 6 3306
5 6 3307
5 6 3308
5 6 3309
5 6 3310
5 6 3311
5 6 3312
5 6 3313
5 6 3314
5 6 3315
5 6 3316
5 6 3317
5 6 3318
5 6 3319
5 6 3320
5 6 3321
5 6 3322
5 6 3323
5 6 3324
5 6 3325
5 6 3326
5 6 3327
5 6 3328
5 6 3329
5 6 3330
5 6 3331
5 6 3332
5 6 3333
5 6 3334
5 6 3335
5 6 3336
5 6 3337
5 6 3338
5 6 3339
5 6 3340
5 6 3341
5 6 3342
5 6 3343
5 6 3344
5 6 3345
5 6 3346
5 6 3347
5 6 3348
5 6 3349
5 6 3350
5 6 3351
5 6 3352
5 6 3353
5 6 3354
5 6 3355
5 6 3356
5 6 3357
5 6 3358
5 6 3359
5 6 3360
5 6 3361
5 6 3362
5 6 3363
5 6 3364
5 6 3365
5 6 3366
5 6 3367
5 6 3368
5 6 3369
5 6 3370
5 6 3371
5 6 3372
5 6 3373
5 6 3374
5 6 3375
5 6 3376
5 6 3377
5 6 3378
5 6 3379
5 6 3380
5 6 3381
5 6 3382
5 6 3383
5 6 3384
5 6 3385
5 6 3386
5 6 3387
5 6 3388
5 6 3389
5 6 3390
5 6 3391
5 6 3392
5 6 3393
5 6 3394
5 6 3395
5 6 3396
5 6 3397
5 6 3398
5 6 3399
5 6 3400
5 6 3401
5 6 3402
5 6 3403
5 6 3404
5 6 3405
5 6 3406
5 6 3407
5 6 3408
5 6 3409
5 6 3410
5 6 3411
5 6 3412
5 6 3413
5 6 3414
5 6 3415
5 6 3416
5 6 3417
5 6 3418
5 6 3419
5 6 3420
5 6 3421
5 6 3422
5 6 3423
5 6 3424
5 6 3425
5 6 3426
5 6 3427
5 6 3428
5 6 3429
5 6 3430
5 6 3431
5 6 3432
5 6 3433
5 6 3434
5 6 3435
5 6 3436
5 6 3437
5 6 3438
5 6 3439
5 6 3440
5 6 3441
5 6 3442
5 6 3443
5 6 3444
5 6 3445
5 6 3446
5 6 3447
5 6 3448
5 6 3449
5 6 3450
5 6 3451
5 6 3452
5 6 3453
5 6 3454
5 6 3455
5 6 3456
5 6 3457
5 6 3458
5 6 3459
5 6 3460
5 6 3461
5 6 3462
5 6 3463
5 6 3464
5 6 3465
5 6 3466
5 6 3467
5 6 3468
5 6 3469
5 6 3470
5 6 3471
5 6 3472
5 6 3473
5 6 3474
5 6 3475
5 6 3476
5 6 3477
5 6 3478
5 6 3479
5 6 3480
5 6 3481
5 6 3482
5 6 3483
5 6 3484
5 6 3485
5 6 3486
5 6 3487
5 6 3488
5 6 3489
5 6 3490
5 6 3491
5 6 3492
5 6 3493
5 6 3494
5 6 3495
5 6 3496
5 6 3497
5 6 3498
5 6 3499
5 6 3500
5 6 3501
5 6 3502
5 6 3503
5 6 3504
5 6 3505
5 6 3506
5 6 3507
5 6 3508
5 6 3509
5 6 3510
5 6 3511
5 6 3512
5 6 3513
5 6 3514
5 6 3515
5 6 3516
5 6 3517
5 6 3518
5 6 3519
5 6 3520
5 6 3521
5 6 3522
5 6 3523
5 6 3524
5 6 3525
5 6 3526
5 6 3527
5 6 3528
5 6 3529
5 6 3530
5 6 3531
5 6 3532
5 6 3533
5 6 3534
5 6 3535
5 6 3536
5 6 3537
5 6 3538
5 6 3539
5 6 3540
5 6 3541
5 6 3542
5 6 3543
5 6 3544
5 6 3545
5 6 3546
5 6 3547
5 6 3548
5 6 3549
5 6 3550
5 6 3551
5 6 3552
5 6 3553
5 6 3554
5 6 3555
5 6 3556
5 6 3557
5 6 3558
5 6 3559
5 6 3560
5 6 3561
5 6 3562
5 6 3563
5 6 3564
5 6 3565
5 6 3566
5 6 3567
5 6 3568
5 6 3569
5 6 3570
5 6 3571
5 6 3572
5 6 3573
5 6 3574
5 6 3575
5 6 3576
5 6 3577
5 6 3578
5 6 3579
5 6 3580
5 6 3581
5 6 3582
5 6 3583
5 6 3584
5 6 3585
5 6 3586
5 6 3587
5 6 3588
5 6 3589
5 6 3590
5 6 3591
5 6 3592
5 6 3593
5 6 3594
5 6 3595
5 6 3596
5 6 3597
5 6 3598
5 6 3599
5 6 3600
5 6 3601
5 6 3602
5 6 3603
5 6 3604
5 6 3605
5 6 3606
5 6 3607
5 6 3608
5 6 3609
5 6 3610
5 6 3611
5 6 3612
5 6 3613
5 6 3614
5 6 3615
5 6 3616
5 6 3617
5 6 3618
5 6 3619
5 6 3620
5 6 3621
5 6 3622
5 6 3623
5 6 3624
5 6 3625
5 6 3626
5 6 3627
5 6 3628
5 6 3629
5 6 3630
5 6 3631
5 6 3632
5 6 3633
5 6 3634
5 6 3635
5 6 3636
5 6 3637
5 6 3638
5 6 3639
5 6 3640
5 6 3641
5 6 3642
5 6 3643
5 6 3644
5 6 3645
5 6 3646
5 6 3647
5 6 3648
5 6 3649
5 6 3650
5 6 3651
5 6 3652
5 6 3653
5 6 3654
5 6 3655
5 6 3656
5 6 3657
5 6 3658
5 6 3659
5 6 3660
5 6 3661
5 6 3662
5 6 3663
5 6 3664
5 6 3665
5 6 3666
5 6 3667
5 6 3668
5 6 3669
5 6 3670
5 6 3671
5 6 3672
5 6 3673
5 6 3674
5 6 3675
5 6 3676
5 6 3677
5 6 3678
5 6 3679
5 6 3680
5 6 3681
5 6 3682
5 6 3683
5 6 3684
5 6 3685
5 6 3686
5 6 3687
5 6 3688
5 6 3689
5 6 3690
5 6 3691
5 6 3692
5 6 3693
5 6 3694
5 6 3695
5 6 3696
5 6 3697
5 6 3698
5 6 3699
5 6 3700
5 6 3701
5 6 3702
5 6 3703
5 6 3704
5 6 3705
5 6 3706
5 6 3707
5 6 3708
5 6 3709
5 6 3710
5 6 3711
5 6 3712
5 6 3713
5 6 3714
5 6 3715
5 6 3716
5 6 3717
5 6 3718
5 6 3719
5 6 3720
5 6 3721
5 6 3722
5 6 3723
5 6 3724
5 6 3725
5 6 3726
5 6 3727
5 6 3728
5 6 3729
5 6 3730
5 6 3731
5 6 3732
5 6 3733
5 6 3734
5 6 3735
5 6 3736
5 6 3737
5 6 3738
5 6 3739
5 6 3740
5 6 3741
5 6 3742
5 6 3743
5 6 3744
5 6 3745
5 6 3746
5 6 3747
5 6 3748
5 6 3749
5 6 3750
5 6 3751
5 6 3752
5 6 3753
5 6 3754
5 6 3755
5 6 3756
5 6 3757
5 6 3758
5 6 3759
5 6 3760
5 6 3761
5 6 3762
5 6 3763
5 6 3764
5 6 3765
5 6 3766
5 6 3767
5 6 3768
5 6 3769
5 6 3770
5 6 3771
5 6 3772
5 6 3773
5 6 3774
5 6 3775
5 6 3776
5 6 3777
5 6 3778
5 6 3779
5 6 3780
5 6 3781
5 6 3782
5 6 3783
5 6 3784
5 6 3785
5 6 3786
5 6 3787
5 6 3788
5 6 3789
5 6 3790
5 6 3791
5 6 3792
5 6 3793
5 6 3794
5 6 3795
5 6 3796
5 6 3797
5 6 3798
5 6 3799
5 6 3800
5 6 3801
5 6 3802
5 6 3803
5 6 3804
5 6 3805
5 6 3806
5 6 3807
5 6 3808
5 6 3809
5 6 3810
5 6 3811
5 6 3812
5 6 3813
5 6 3814
5 6 3815
5 6 3816
5 6 3817
5 6 3818
5 6 3819
5 6 3820
5 6 3821
5 6 3822
5 6 3823
5 6 3824
5 6 3825
5 6 3826
5 6 3827
5 6 3828
5 6 3829
5 6 3830
5 6 3831
5 6 3832
5 6 3833
5 6 3834
5 6 3835
5 6 3836
5 6 3837
5 6 3838
5 6 3839
5 6 3840
5 6 3841
5 6 3842
5 6 3843
5 6 3844
5 6 3845
5 6 3846
5 6 3847
5 6 3848
5 6 3849
5 6 3850
5 6 3851
5 6 3852
5 6 3853
5 6 3854
5 6 3855
5 6 3856
5 6 3857
5 6 3858
5 6 3859
5 6 3860
5 6 3861
5 6 3862
5 6 3863
5 6 3864
5 6 3865
5 6 3866
5 6 3867
5 6 3868
5 6 3869
5 6 3870
5 6 3871
5 6 3872
5 6 3873
5 6 3874
5 6 3875
5 6 3876
5 6 3877
5 6 3878
5 6 3879
5 6 3880
5 6 3881
5 6 3882
5 6 3883
5 6 3884
5 6 3885
5 6 3886
5 6 3887
5 6 3888
5 6 3889
5 6 3890
5 6 3891
5 6 3892
5 6 3893
5 6 3894
5 6 3895
5 6 3896
5 6 3897
5 6 3898
5 6 3899
5 6 3900
5 6 3901
5 6 3902
5 6 3903
5 6 3904
5 6 3905
5 6 3906
5 6 3907
5 6 3908
5 6 3909
5 6 3910
5 6 3911
5 6 3912
5 6 3913
5 6 3914
5 6 3915
5 6 3916
5 6 3917
5 6 3918
5 6 3919
5 6 3920
5 6 3921
5 6 3922
5 6 3923
5 6 3924
5 6 3925
5 6 3926
5 6 3927
5 6 3928
5 6 3929
5 6 3930
5 6 3931
5 6 3932
5 6 3933
5 6 3934
5 6 3935
5 6 3936
5 6 3937
5 6 3938
5 6 3939
5 6 3940
5 6 3941
5 6 3942
5 6 3943
5 6 3944
5 6 3945
5 6 3946
5 6 3947
5 6 3948
5 6 3949
5 6 3950
5 6 3951
5 6 3952
5 6 3953
5 6 3954
5 6 3955
5 6 3956
5 6 3957
5 6 3958
5 6 3959
5 6 3960
5 6 3961
5 6 3962
5 6 3963
5 6 3964
5 6 3965
5 6 3966
5 6 3967
5 6 3968
5 6 3969
5 6 3970
5 6 3971
5 6 3972
5 6 3973
5 6 3974
5 6 3975
5 6 3976
5 6 3977
5 6 3978
5 6 3979
5 6 3980
5 6 3981
5 6 3982
5 6 3983
5 6 3984
5 6 3985
5 6 3986
5 6 3987
5 6 3988
5 6 3989
5 6 3990
5 6 3991
5 6 3992
5 6 3993
5 6 3994
5 6 3995
5 6 3996
5 6 3997
5 6 3998
5 6 3999
5 6 4000
5 6 4001
5 6 4002
5 6 4003
5 6 4004
5 6 4005
5 6 4006
5 6 4007
5 6 4008
5 6 4009
5 6 4010
5 6 4011
5 6 4012
5 6 4013
5 6 4014
5 6 4015
5 6 4016
5 6 4017
5 6 4018
5 6 4019
5 6 4020
5 6 4021
5 6 4022
5 6 4023
5 6 4024
5 6 4025
5 6 4026
5 6 4027
5 6 4028
5 6 4029
5 6 4030
5 6 4031
5 6 4032
5 6 4033
5 6 4034
5 6 4035
5 6 4036
5 6 4037
5 6 4038
5 6 4039
5 6 4040
5 6 4041
5 6 4042
5 6 4043
5 6 4044
5 6 4045
5 6 4046
5 6 4047
5 6 4048
5 6 4049
5 6 4050
5 6 4051
5 6 4052
5 6 4053
5 6 4054
5 6 4055
5 6 4056
5 6 4057
5 6 4058
5 6 4059
5 6 4060
5 6 4061
5 6 4062
5 6 4063
5 6 4064
5 6 4065
5 6 4066
5 6 4067
5 6 4068
5 6 4069
5 6 4070
5 6 4071
5 6 4072
5 6 4073
5 6 4074
5 6 4075
5 6 4076
5 6 4077
5 6 4078
5 6 4079
5 6 4080
5 6 4081
5 6 4082
5 6 4083
5 6 4084
5 6 4085
5 6 4086
5 6 4087
5 6 4088
5 6 4089
5 6 4090
5 6 4091
5 6 4092
5 6 4093
5 6 4094
5 6 4095
5 6 4096
5 6 4097
5 6 4098
5 6 4099
5 6 4100
5 6 4101
5 6 4102
5 6 4103
5 6 4104
5 6 4105
5 6 4106
5 6 4107
5 6 4108
5 6 4109
5 6 4110
5 6 4111
5 6 4112
5 6 4113
5 6 4114
5 6 4115
5 6 4116
5 6 4117
5 6 4118
5 6 4119
5 6 4120
5 6 4121
5 6 4122
5 6 4123
5 6 4124
5 6 4125
5 6 4126
5 6 4127
5 6 4128
5 6 4129
5 6 4130
5 6 4131
5 6 4132
5 6 4133
5 6 4134
5 6 4135
5 6 4136
5 6 4137
5 6 4138
5 6 4139
5 6 4140
5 6 4141
5 6 4142
5 6 4143
5 6 4144
5 6 4145
5 6 4146
5 6 4147
5 6 4148
5 6 4149
5 6 4150
5 6 4151
5 6 4152
5 6 4153
5 6 4154
5 6 4155
5 6 4156
5 6 4157
5 6 4158
5 6 4159
5 6 4160
5 6 4161
5 6 4162
5 6 4163
5 6 4164
5 6 4165
5 6 4166
5 6 4167
5 6 4168
5 6 4169
5 6 4170
5 6 4171
5 6 4172
5 6 4173
5 6 4174
5 6 4175
5 6 4176
5 6 4177
5 6 4178
5 6 4179
5 6 4180
5 6 4181
5 6 4182
5 6 4183
5 6 4184
5 6 4185
5 6 4186
5 6 4187
5 6 4188
5 6 4189
5 6 4190
5 6 4191
5 6 4192
5 6 4193
5 6 4194
5 6 4195
5 6 4196
5 6 4197
5 6 4198
5 6 4199
5 6 4200
5 6 4201
5 6 4202
5 6 4203
5 6 4204
5 6 4205
5 6 4206
5 6 4207
5 6 4208
5 6 4209
5 6 4210
5 6 4211
5 6 4212
5 6 4213
5 6 4214
5 6 4215
5 6 4216
5 6 4217
5 6 4218
5 6 4219
5 6 4220
5 6 4221
5 6 4222
5 6 4223
5 6 4224
5 6 4225
5 6 4226
5 6 4227
5 6 4228
5 6 4229
5 6 4230
5 6 4231
5 6 4232
5 6 4233
5 6 4234
5 6 4235
5 6 4236
5 6 4237
5 6 4238
5 6 4239
5 6 4240
5 6 4241
5 6 4242
5 6 4243
5 6 4244
5 6 4245
5 6 4246
5 6 4247
5 6 4248
5 6 4249
5 6 4250
5 6 4251
5 6 4252
5 6 4253
5 6 4254
5 6 4255
5 6 4256
5 6 4257
5 6 4258
5 6 4259
5 6 4260
5 6 4261
5 6 4262
5 6 4263
5 6 4264
5 6 4265
5 6 4266
5 6 4267
5 6 4268
5 6 4269
5 6 4270
5 6 4271
5 6 4272
5 6 4273
5 6 4274
5 6 4275
5 6 4276
5 6 4277
5 6 4278
5 6 4279
5 6 4280
5 6 4281
5 6 4282
5 6 4283
5 6 4284
5 6 4285
5 6 4286
5 6 4287
5 6 4288
5 6 4289
5 6 4290
5 6 4291
5 6 4292
5 6 4293
5 6 4294
5 6 4295
5 6 4296
5 6 4297
5 6 4298
5 6 4299
5 6 4300
5 6 4301
5 6 4302
5 6 4303
5 6 4304
5 6 4305
5 6 4306
5 6 4307
5 6 4308
5 6 4309
5 6 4310
5 6 4311
5 6 4312
5 6 4313
5 6 4314
5 6 4315
5 6 4316
5 6 4317
5 6 4318
5 6 4319
5 6 4320
5 6 4321
5 6 4322
5 6 4323
5 6 4324
5 6 4325
5 6 4326
5 6 4327
5 6 4328
5 6 4329
5 6 4330
5 6 4331
5 6 4332
5 6 4333
5 6 4334
5 6 4335
5 6 4336
5 6 4337
5 6 4338
5 6 4339
5 6 4340
5 6 4341
5 6 4342
5 6 4343
5 6 4344
5 6 4345
5 6 4346
5 6 4347
5 6 4348
5 6 4349
5 6 4350
5 6 4351
5 6 4352
5 6 4353
5 6 4354
5 6 4355
5 6 4356
5 6 4357
5 6 4358
5 6 4359
5 6 4360
5 6 4361
5 6 4362
5 6 4363
5 6 4364
5 6 4365
5 6 4366
5 6 4367
5 6 4368
5 6 4369
5 6 4370
5 6 4371
5 6 4372
5 6 4373
5 6 4374
5 6 4375
5 6 4376
5 6 4377
5 6 4378
5 6 4379
5 6 4380
5 6 4381
5 6 4382
5 6 4383
5 6 4384
5 6 4385
5 6 4386
5 6 4387
5 6 4388
5 6 4389
5 6 4390
5 6 4391
5 6 4392
5 6 4393
5 6 4394
5 6 4395
5 6 4396
5 6 4397
5 6 4398
5 6 4399
5 6 4400
5 6 4401
5 6 4402
5 6 4403
5 6 4404
5 6 4405
5 6 4406
5 6 4407
5 6 4408
5 6 4409
5 6 4410
5 6 4411
5 6 4412
5 6 4413
5 6 4414
5 6 4415
5 6 4416
5 6 4417
5 6 4418
5 6 4419
5 6 4420
5 6 4421
5 6 4422
5 6 4423
5 6 4424
5 6 4425
5 6 4426
5 6 4427
5 6 4428
5 6 4429
5 6 4430
5 6 4431
5 6 4432
5 6 4433
5 6 4434
5 6 4435
5 6 4436
5 6 4437
5 6 4438
5 6 4439
5 6 4440
5 6 4441
5 6 4442
5 6 4443
5 6 4444
5 6 4445
5 6 4446
5 6 4447
5 6 4448
5 6 4449
5 6 4450
5 6 4451
5 6 4452
5 6 4453
5 6 4454
5 6 4455
5 6 4456
5 6 4457
5 6 4458
5 6 4459
5 6 4460
5 6 4461
5 6 4462
5 6 4463
5 6 4464
5 6 4465
5 6 4466
5 6 4467
5 6 4468
5 6 4469
5 6 4470
5 6 4471
5 6 4472
5 6 4473
5 6 4474
5 6 4475
5 6 4476
5 6 4477
5 6 4478
5 6 4479
5 6 4480
5 6 4481
5 6 4482
5 6 4483
5 6 4484
5 6 4485
5 6 4486
5 6 4487
5 6 4488
5 6 4489
5 6 4490
5 6 4491
5 6 4492
5 6 4493
5 6 4494
5 6 4495
5 6 4496
5 6 4497
5 6 4498
5 6 4499
5 6 4500
5 6 4501
5 6 4502
5 6 4503
5 6 4504
5 6 4505
5 6 4506
5 6 4507
5 6 4508
5 6 4509
5 6 4510
5 6 4511
5 6 4512
5 6 4513
5 6 4514
5 6 4515
5 6 4516
5 6 4517
5 6 4518
5 6 4519
5 6 4520
5 6 4521
5 6 4522
5 6 4523
5 6 4524
5 6 4525
5 6 4526
5 6 4527
5 6 4528
5 6 4529
5 6 4530
5 6 4531
5 6 4532
5 6 4533
5 6 4534
5 6 4535
5 6 4536
5 6 4537
5 6 4538
5 6 4539
5 6 4540
5 6 4541
5 6 4542
5 6 4543
5 6 4544
5 6 4545
5 6 4546
5 6 4547
5 6 4548
5 6 4549
5 6 4550
5 6 4551
5 6 4552
5 6 4553
5 6 4554
5 6 4555
5 6 4556
5 6 4557
5 6 4558
5 6 4559
5 6 4560
5 6 4561
5 6 4562
5 6 4563
5 6 4564
5 6 4565
5 6 4566
5 6 4567
5 6 4568
5 6 4569
5 6 4570
5 6 4571
5 6 4572
5 6 4573
5 6 4574
5 6 4575
5 6 4576
5 6 4577
5 6 4578
5 6 4579
5 6 4580
5 6 4581
5 6 4582
5 6 4583
5 6 4584
5 6 4585
5 6 4586
5 6 4587
5 6 4588
5 6 4589
5 6 4590
5 6 4591
5 6 4592
5 6 4593
5 6 4594
5 6 4595
5 6 4596
5 6 4597
5 6 4598
5 6 4599
5 6 4600
5 6 4601
5 6 4602
5 6 4603
5 6 4604
5 6 4605
5 6 4606
5 6 4607
5 6 4608
5 6 4609
5 6 4610
5 6 4611
5 6 4612
5 6 4613
5 6 4614
5 6 4615
5 6 4616
5 6 4617
5 6 4618
5 6 4619
5 6 4620
5 6 4621
5 6 4622
5 6 4623
5 6 4624
5 6 4625
5 6 4626
5 6 4627
5 6 4628
5 6 4629
5 6 4630
5 6 4631
5 6 4632
5 6 4633
5 6 4634
5 6 4635
5 6 4636
5 6 4637
5 6 4638
5 6 4639
5 6 4640
5 6 4641
5 6 4642
5 6 4643
5 6 4644
5 6 4645
5 6 4646
5 6 4647
5 6 4648
5 6 4649
5 6 4650
5 6 4651
5 6 4652
5 6 4653
5 6 4654
5 6 4655
5 6 4656
5 6 4657
5 6 4658
5 6 4659
5 6 4660
5 6 4661
5 6 4662
5 6 4663
5 6 4664
5 6 4665
5 6 4666
5 6 4667
5 6 4668
5 6 4669
5 6 4670
5 6 4671
5 6 4672
5 6 4673
5 6 4674
5 6 4675
5 6 4676
5 6 4677
5 6 4678
5 6 4679
5 6 4680
5 6 4681
5 6 4682
5 6 4683
5 6 4684
5 6 4685
5 6 4686
5 6 4687
5 6 4688
5 6 4689
5 6 4690
5 6 4691
5 6 4692
5 6 4693
5 6 4694
5 6 4695
5 6 4696
5 6 4697
5 6 4698
5 6 4699
5 6 4700
5 6 4701
5 6 4702
5 6 4703
5 6 4704
5 6 4705
5 6 4706
5 6 4707
5 6 4708
5 6 4709
5 6 4710
5 6 4711
5 6 4712
5 6 4713
5 6 4714
5 6 4715
5 6 4716
5 6 4717
5 6 4718
5 6 4719
5 6 4720
5 6 4721
5 6 4722
5 6 4723
5 6 4724
5 6 4725
5 6 4726
5 6 4727
5 6 4728
5 6 4729
5 6 4730
5 6 4731
5 6 4732
5 6 4733
5 6 4734
5 6 4735
5 6 4736
5 6 4737
5 6 4738
5 6 4739
5 6 4740
5 6 4741
5 6 4742
5 6 4743
5 6 4744
5 6 4745
5 6 4746
5 6 4747
5 6 4748
5 6 4749
5 6 4750
5 6 4751
5 6 4752
5 6 4753
5 6 4754
5 6 4755
5 6 4756
5 6 4757
5 6 4758
5 6 4759
5 6 4760
5 6 4761
5 6 4762
5 6 4763
5 6 4764
5 6 4765
5 6 4766
5 6 4767
5 6 4768
5 6 4769
5 6 4770
5 6 4771
5 6 4772
5 6 4773
5 6 4774
5 6 4775
5 6 4776
5 6 4777
5 6 4778
5 6 4779
5 6 4780
5 6 4781
5 6 4782
5 6 4783
5 6 4784
5 6 4785
5 6 4786
5 6 4787
5 6 4788
5 6 4789
5 6 4790
5 6 4791
5 6 4792
5 6 4793
5 6 4794
5 6 4795
5 6 4796
5 6 4797
5 6 4798
5 6 4799
5 6 4800
5 6 4801
5 6 4802
5 6 4803
5 6 4804
5 6 4805
5 6 4806
5 6 4807
5 6 4808
5 6 4809
5 6 4810
5 6 4811
5 6 4812
5 6 4813
5 6 4814
5 6 4815
5 6 4816
5 6 4817
5 6 4818
5 6 4819
5 6 4820
5 6 4821
5 6 4822
5 6 4823
5 6 4824
5 6 4825
5 6 4826
5 6 4827
5 6 4828
5 6 4829
5 6 4830
5 6 4831
5 6 4832
5 6 4833
5 6 4834
5 6 4835
5 6 4836
5 6 4837
5 6 4838
5 6 4839
5 6 4840
5 6 4841
5 6 4842
5 6 4843
5 6 4844
5 6 4845
5 6 4846
5 6 4847
5 6 4848
5 6 4849
5 6 4850
5 6 4851
5 6 4852
5 6 4853
5 6 4854
5 6 4855
5 6 4856
5 6 4857
5 6 4858
5 6 4859
5 6 4860
5 6 4861
5 6 4862
5 6 4863
5 6 4864
5 6 4865
5 6 4866
5 6 4867
5 6 4868
5 6 4869
5 6 4870
5 6 4871
5 6 4872
5 6 4873
5 6 4874
5 6 4875
5 6 4876
5 6 4877
5 6 4878
5 6 4879
5 6 4880
5 6 4881
5 6 4882
5 6 4883
5 6 4884
5 6 4885
5 6 4886
5 6 4887
5 6 4888
5 6 4889
5 6 4890
5 6 4891
5 6 4892
5 6 4893
5 6 4894
5 6 4895
5 6 4896
5 6 4897
5 6 4898
5 6 4899
5 6 4900
5 6 4901
5 6 4902
5 6 4903
5 6 4904
5 6 4905
5 6 4906
5 6 4907
5 6 4908
5 6 4909
5 6 4910
5 6 4911
5 6 4912
5 6 4913
5 6 4914
5 6 4915
5 6 4916
5 6 4917
5 6 4918
5 6 4919
5 6 4920
5 6 4921
5 6 4922
5 6 4923
5 6 4924
5 6 4925
5 6 4926
5 6 4927
5 6 4928
5 6 4929
5 6 4930
5 6 4931
5 6 4932
5 6 4933
5 6 4934
5 6 4935
5 6 4936
5 6 4937
5 6 4938
5 6 4939
5 6 4940
5 6 4941
5 6 4942
5 6 4943
5 6 4944
5 6 4945
5 6 4946
5 6 4947
5 6 4948
5 6 4949
5 6 4950
5 6 4951
5 6 4952
5 6 4953
5 6 4954
5 6 4955
5 6 4956
5 6 4957
5 6 4958
5 6 4959
5 6 4960
5 6 4961
5 6 4962
5 6 4963
5 6 4964
5 6 4965
5 6 4966
5 6 4967
5 6 4968
5 6 4969
5 6 4970
5 6 4971
5 6 4972
5 6 4973
5 6 4974
5 6 4975
5 6 4976
5 6 4977
5 6 4978
5 6 4979
5 6 4980
5 6 4981
5 6 4982
5 6 4983
5 6 4984
5 6 4985
5 6 4986
5 6 4987
5 6 4988
5 6 4989
5 6 4990
5 6 4991
5 6 4992
5 6 4993
5 6 4994
5 6 4995
5 6 4996
5 6 4997
5 6 4998
5 6 4999
5 6 5000
5 6 5001
5 6 5002
5 6 5003
5 6 5004
5 6 5005
5 6 5006
5 6 5007
5 6 5008
5 6 5009
5 6 5010
5 6 5011
5 6 5012
5 6 5013
5 6 5014
5 6 5015
5 6 5016
5 6 5017
5 6 5018
5 6 5019
5 6 5020
5 6 5021
5 6 5022
5 6 5023
5 6 5024
5 6 5025
5 6 5026
5 6 5027
5 6 5028
5 6 5029
5 6 5030
5 6 5031
5 6 5032
5 6 5033
5 6 5034
5 6 5035
5 6 5036
5 6 5037
5 6 5038
5 6 5039
5 6 5040
5 6 5041
5 6 5042
5 6 5043
5 6 5044
5 6 5045
5 6 5046
5 6 5047
5 6 5048
5 6 5049
5 6 5050
5 6 5051
5 6 5052
5 6 5053
5 6 5054
5 6 5055
5 6 5056
5 6 5057
5 6 5058
5 6 5059
5 6 5060
5 6 5061
5 6 5062
5 6 5063
5 6 5064
5 6 5065
5 6 5066
5 6 5067
5 6 5068
5 6 5069
5 6 5070
5 6 5071
5 6 5072
5 6 5073
5 6 5074
5 6 5075
5 6 5076
5 6 5077
5 6 5078
5 6 5079
5 6 5080
5 6 5081
5 6 5082
5 6 5083
5 6 5084
5 6 5085
5 6 5086
5 6 5087
5 6 5088
5 6 5089
5 6 5090
5 6 5091
5 6 5092
5 6 5093
5 6 5094
5 6 5095
5 6 5096
5 6 5097
5 6 5098
5 6 5099
5 6 5100
5 6 5101
5 6 5102
5 6 5103
5 6 5104
5 6 5105
5 6 5106
5 6 5107
5 6 5108
5 6 5109
5 6 5110
5 6 5111
5 6 5112
5 6 5113
5 6 5114
5 6 5115
5 6 5116
5 6 5117
5 6 5118
5 6 5119
5 6 5120
5 6 5121
5 6 5122
5 6 5123
5 6 5124
5 6 5125
5 6 5126
5 6 5127
5 6 5128
5 6 5129
5 6 5130
5 6 5131
5 6 5132
5 6 5133
5 6 5134
5 6 5135
5 6 5136
5 6 5137
5 6 5138
5 6 5139
5 6 5140
5 6 5141
5 6 5142
5 6 5143
5 6 5144
5 6 5145
5 6 5146
5 6 5147
5 6 5148
5 6 5149
5 6 5150
5 6 5151
5 6 5152
5 6 5153
5 6 5154
5 6 5155
5 6 5156
5 6 5157
5 6 5158
5 6 5159
5 6 5160
5 6 5161
5 6 5162
5 6 5163
5 6 5164
5 6 5165
5 6 5166
5 6 5167
5 6 5168
5 6 5169
5 6 5170
5 6 5171
5 6 5172
5 6 5173
5 6 5174
5 6 5175
5 6 5176
5 6 5177
5 6 5178
5 6 5179
5 6 5180
5 6 5181
5 6 5182
5 6 5183
5 6 5184
5 6 5185
5 6 5186
5 6 5187
5 6 5188
5 6 5189
5 6 5190
5 6 5191
5 6 5192
5 6 5193
5 6 5194
5 6 5195
5 6 5196
5 6 5197
5 6 5198
5 6 5199
5 6 5200
5 6 5201
5 6 5202
5 6 5203
5 6 5204
5 6 5205
5 6 5206
5 6 5207
5 6 5208
5 6 5209
5 6 5210
5 6 5211
5 6 5212
5 6 5213
5 6 5214
5 6 5215
5 6 5216
5 6 5217
5 6 5218
5 6 5219
5 6 5220
5 6 5221
5 6 5222
5 6 5223
5 6 5224
5 6 5225
5 6 5226
5 6 5227
5 6 5228
5 6 5229
5 6 5230
5 6 5231
5 6 5232
5 6 5233
5 6 5234
5 6 5235
5 6 5236
5 6 5237
5 6 5238
5 6 5239
5 6 5240
5 6 5241
5 6 5242
5 6 5243
5 6 5244
5 6 5245
5 6 5246
5 6 5247
5 6 5248
5 6 5249
5 6 5250
5 6 5251
5 6 5252
5 6 5253
5 6 5254
5 6 5255
5 6 5256
5 6 5257
5 6 5258
5 6 5259
5 6 5260
5 6 5261
5 6 5262
5 6 5263
5 6 5264
5 6 5265
5 6 5266
5 6 5267
5 6 5268
5 6 5269
5 6 5270
5 6 5271
5 6 5272
5 6 5273
5 6 5274
5 6 5275
5 6 5276
5 6 5277
5 6 5278
5 6 5279
5 6 5280
5 6 5281
5 6 5282
5 6 5283
5 6 5284
5 6 5285
5 6 5286
5 6 5287
5 6 5288
5 6 5289
5 6 5290
5 6 5291
5 6 5292
5 6 5293
5 6 5294
5 6 5295
5 6 5296
5 6 5297
5 6 5298
5 6 5299
5 6 5300
5 6 5301
5 6 5302
5 6 5303
5 6 5304
5 6 5305
5 6 5306
5 6 5307
5 6 5308
5 6 5309
5 6 5310
5 6 5311
5 6 5312
5 6 5313
5 6 5314
5 6 5315
5 6 5316
5 6 5317
5 6 5318
5 6 5319
5 6 5320
5 6 5321
5 6 5322
5 6 5323
5 6 5324
5 6 5325
5 6 5326
5 6 5327
5 6 5328
5 6 5329
5 6 5330
5 6 5331
5 6 5332
5 6 5333
5 6 5334
5 6 5335
5 6 5336
5 6 5337
5 6 5338
5 6 5339
5 6 5340
5 6 5341
5 6 5342
5 6 5343
5 6 5344
5 6 5345
5 6 5346
5 6 5347
5 6 5348
5 6 5349
5 6 5350
5 6 5351
5 6 5352
5 6 5353
5 6 5354
5 6 5355
5 6 5356
5 6 5357
5 6 5358
5 6 5359
5 6 5360
5 6 5361
5 6 5362
5 6 5363
5 6 5364
5 6 5365
5 6 5366
5 6 5367
5 6 5368
5 6 5369
5 6 5370
5 6 5371
5 6 5372
5 6 5373
5 6 5374
5 6 5375
5 6 5376
5 6 5377
5 6 5378
5 6 5379
5 6 5380
5 6 5381
5 6 5382
5 6 5383
5 6 5384
5 6 5385
5 6 5386
5 6 5387
5 6 5388
5 6 5389
5 6 5390
5 6 5391
5 6 5392
5 6 5393
5 6 5394
5 6 5395
5 6 5396
5 6 5397
5 6 5398
5 6 5399
5 6 5400
5 6 5401
5 6 5402
5 6 5403
5 6 5404
5 6 5405
5 6 5406
5 6 5407
5 6 5408
5 6 5409
5 6 5410
5 6 5411
5 6 5412
5 6 5413
5 6 5414
5 6 5415
5 6 5416
5 6 5417
5 6 5418
5 6 5419
5 6 5420
5 6 5421
5 6 5422
5 6 5423
5 6 5424
5 6 5425
5 6 5426
5 6 5427
5 6 5428
5 6 5429
5 6 5430
5 6 5431
5 6 5432
5 6 5433
5 6 5434
5 6 5435
5 6 5436
5 6 5437
5 6 5438
5 6 5439
5 6 5440
5 6 5441
5 6 5442
5 6 5443
5 6 5444
5 6 5445
5 6 5446
5 6 5447
5 6 5448
5 6 5449
5 6 5450
5 6 5451
5 6 5452
5 6 5453
5 6 5454
5 6 5455
5 6 5456
5 6 5457
5 6 5458
5 6 5459
5 6 5460
5 6 5461
5 6 5462
5 6 5463
5 6 5464
5 6 5465
5 6 5466
5 6 5467
5 6 5468
5 6 5469
5 6 5470
5 6 5471
5 6 5472
5 6 5473
5 6 5474
5 6 5475
5 6 5476
5 6 5477
5 6 5478
5 6 5479
5 6 5480
5 6 5481
5 6 5482
5 6 5483
5 6 5484
5 6 5485
5 6 5486
5 6 5487
5 6 5488
5 6 5489
5 6 5490
5 6 5491
5 6 5492
5 6 5493
5 6 5494
5 6 5495
5 6 5496
5 6 5497
5 6 5498
5 6 5499
5 6 5500
5 6 5501
5 6 5502
5 6 5503
5 6 5504
5 6 5505
5 6 5506
5 6 5507
5 6 5508
5 6 5509
5 6 5510
5 6 5511
5 6 5512
5 6 5513
5 6 5514
5 6 5515
5 6 5516
5 6 5517
5 6 5518
5 6 5519
5 6 5520
5 6 5521
5 6 5522
5 6 5523
5 6 5524
5 6 5525
5 6 5526
5 6 5527
5 6 5528
5 6 5529
5 6 5530
5 6 5531
5 6 5532
5 6 5533
5 6 5534
5 6 5535
5 6 5536
5 6 5537
5 6 5538
5 6 5539
5 6 5540
5 6 5541
5 6 5542
5 6 5543
5 6 5544
5 6 5545
5 6 5546
5 6 5547
5 6 5548
5 6 5549
5 6 5550
5 6 5551
5 6 5552
5 6 5553
5 6 5554
5 6 5555
5 6 5556
5 6 5557
5 6 5558
5 6 5559
5 6 5560
5 6 5561
5 6 5562
5 6 5563
5 6 5564
5 6 5565
5 6 5566
5 6 5567
5 6 5568
5 6 5569
5 6 5570
5 6 5571
5 6 5572
5 6 5573
5 6 5574
5 6 5575
5 6 5576
5 6 5577
5 6 5578
5 6 5579
5 6 5580
5 6 5581
5 6 5582
5 6 5583
5 6 5584
5 6 5585
5 6 5586
5 6 5587
5 6 5588
5 6 5589
5 6 5590
5 6 5591
5 6 5592
5 6 5593
5 6 5594
5 6 5595
5 6 5596
5 6 5597
5 6 5598
5 6 5599
5 6 5600
5 6 5601
5 6 5602
5 6 5603
5 6 5604
5 6 5605
5 6 5606
5 6 5607
5 6 5608
5 6 5609
5 6 5610
5 6 5611
5 6 5612
5 6 5613
5 6 5614
5 6 5615
5 6 5616
5 6 5617
5 6 5618
5 6 5619
5 6 5620
5 6 5621
5 6 5622
5 6 5623
5 6 5624
5 6 5625
5 6 5626
5 6 5627
5 6 5628
5 6 5629
5 6 5630
5 6 5631
5 6 5632
5 6 5633
5 6 5634
5 6 5635
5 6 5636
5 6 5637
5 6 5638
5 6 5639
5 6 5640
5 6 5641
5 6 5642
5 6 5643
5 6 5644
5 6 5645
5 6 5646
5 6 5647
5 6 5648
5 6 5649
5 6 5650
5 6 5651
5 6 5652
5 6 5653
5 6 5654
5 6 5655
5 6 5656
5 6 5657
5 6 5658
5 6 5659
5 6 5660
5 6 5661
5 6 5662
5 6 5663
5 6 5664
5 6 5665
5 6 5666
5 6 5667
5 6 5668
5 6 5669
5 6 5670
5 6 5671
5 6 5672
5 6 5673
5 6 5674
5 6 5675
5 6 5676
5 6 5677
5 6 5678
5 6 5679
5 6 5680
5 6 5681
5 6 5682
5 6 5683
5 6 5684
5 6 5685
5 6 5686
5 6 5687
5 6 5688
5 6 5689
5 6 5690
5 6 5691
5 6 5692
5 6 5693
5 6 5694
5 6 5695
5 6 5696
5 6 5697
5 6 5698
5 6 5699
5 6 5700
5 6 5701
5 6 5702
5 6 5703
5 6 5704
5 6 5705
5 6 5706
5 6 5707
5 6 5708
5 6 5709
5 6 5710
5 6 5711
5 6 5712
5 6 5713
5 6 5714
5 6 5715
5 6 5716
5 6 5717
5 6 5718
5 6 5719
5 6 5720
5 6 5721
5 6 5722
5 6 5723
5 6 5724
5 6 5725
5 6 5726
5 6 5727
5 6 5728
5 6 5729
5 6 5730
5 6 5731
5 6 5732
5 6 5733
5 6 5734
5 6 5735
5 6 5736
5 6 5737
5 6 5738
5 6 5739
5 6 5740
5 6 5741
5 6 5742
5 6 5743
5 6 5744
5 6 5745
5 6 5746
5 6 5747
5 6 5748
5 6 5749
5 6 5750
5 6 5751
5 6 5752
5 6 5753
5 6 5754
5 6 5755
5 6 5756
5 6 5757
5 6 5758
5 6 5759
5 6 5760
5 6 5761
5 6 5762
5 6 5763
5 6 5764
5 6 5765
5 6 5766
5 6 5767
5 6 5768
5 6 5769
5 6 5770
5 6 5771
5 6 5772
5 6 5773
5 6 5774
5 6 5775
5 6 5776
5 6 5777
5 6 5778
5 6 5779
5 6 5780
5 6 5781
5 6 5782
5 6 5783
5 6 5784
5 6 5785
5 6 5786
5 6 5787
5 6 5788
5 6 5789
5 6 5790
5 6 5791
5 6 5792
5 6 5793
5 6 5794
5 6 5795
5 6 5796
5 6 5797
5 6 5798
5 6 5799
5 6 5800
5 6 5801
5 6 5802
5 6 5803
5 6 5804
5 6 5805
5 6 5806
5 6 5807
5 6 5808
5 6 5809
5 6 5810
5 6 5811
5 6 5812
5 6 5813
5 6 5814
5 6 5815
5 6 5816
5 6 5817
5 6 5818
5 6 5819
5 6 5820
5 6 5821
5 6 5822
5 6 5823
5 6 5824
5 6 5825
5 6 5826
5 6 5827
5 6 5828
5 6 5829
5 6 5830
5 6 5831
5 6 5832
5 6 5833
5 6 5834
5 6 5835
5 6 5836
5 6 5837
5 6 5838
5 6 5839
5 6 5840
5 6 5841
5 6 5842
5 6 5843
5 6 5844
5 6 5845
5 6 5846
5 6 5847
5 6 5848
5 6 5849
5 6 5850
5 6 5851
5 6 5852
5 6 5853
5 6 5854
5 6 5855
5 6 5856
5 6 5857
5 6 5858
5 6 5859
5 6 5860
5 6 5861
5 6 5862
5 6 5863
5 6 5864
5 6 5865
5 6 5866
5 6 5867
5 6 5868
5 6 5869
5 6 5870
5 6 5871
5 6 5872
5 6 5873
5 6 5874
5 6 5875
5 6 5876
5 6 5877
5 6 5878
5 6 5879
5 6 5880
5 6 5881
5 6 5882
5 6 5883
5 6 5884
5 6 5885
5 6 5886
5 6 5887
5 6 5888
5 6 5889
5 6 5890
5 6 5891
5 6 5892
5 6 5893
5 6 5894
5 6 5895
5 6 5896
5 6 5897
5 6 5898
5 6 5899
5 6 5900
5 6 5901
5 6 5902
5 6 5903
5 6 5904
5 6 5905
5 6 5906
5 6 5907
5 6 5908
5 6 5909
5 6 5910
5 6 5911
5 6 5912
5 6 5913
5 6 5914
5 6 5915
5 6 5916
5 6 5917
5 6 5918
5 6 5919
5 6 5920
5 6 5921
5 6 5922
5 6 5923
5 6 5924
5 6 5925
5 6 5926
5 6 5927
5 6 5928
5 6 5929
5 6 5930
5 6 5931
5 6 5932
5 6 5933
5 6 5934
5 6 5935
5 6 5936
5 6 5937
5 6 5938
5 6 5939
5 6 5940
5 6 5941
5 6 5942
5 6 5943
5 6 5944
5 6 5945
5 6 5946
5 6 5947
5 6 5948
5 6 5949
5 6 5950
5 6 5951
5 6 5952
5 6 5953
5 6 5954
5 6 5955
5 6 5956
5 6 5957
5 6 5958
5 6 5959
5 6 5960
5 6 5961
5 6 5962
5 6 5963
5 6 5964
5 6 5965
5 6 5966
5 6 5967
5 6 5968
5 6 5969
5 6 5970
5 6 5971
5 6 5972
5 6 5973
5 6 5974
5 6 5975
5 6 5976
5 6 5977
5 6 5978
5 6 5979
5 6 5980
5 6 5981
5 6 5982
5 6 5983
5 6 5984
5 6 5985
5 6 5986
5 6 5987
5 6 5988
5 6 5989
5 6 5990
5 6 5991
5 6 5992
5 6 5993
5 6 5994
5 6 5995
5 6 5996
5 6 5997
5 6 5998
5 6 5999
5 6 6000
5 6 6001
5 6 6002
5 6 6003
5 6 6004
5 6 6005
5 6 6006
5 6 6007
5 6 6008
5 6 6009
5 6 6010
5 6 6011
5 6 6012
5 6 6013
5 6 6014
5 6 6015
5 6 6016
5 6 6017
5 6 6018
5 6 6019
5 6 6020
5 6 6021
5 6 6022
5 6 6023
5 6 6024
5 6 6025
5 6 6026
5 6 6027
5 6 6028
5 6 6029
5 6 6030
5 6 6031
5 6 6032
5 6 6033
5 6 6034
5 6 6035
5 6 6036
5 6 6037
5 6 6038
5 6 6039
5 6 6040
5 6 6041
5 6 6042
5 6 6043
5 6 6044
5 6 6045
5 6 6046
5 6 6047
5 6 6048
5 6 6049
5 6 6050
5 6 6051
5 6 6052
5 6 6053
5 6 6054
5 6 6055
5 6 6056
5 6 6057
5 6 6058
5 6 6059
5 6 6060
5 6 6061
5 6 6062
5 6 6063
5 6 6064
5 6 6065
5 6 6066
5 6 6067
5 6 6068
5 6 6069
5 6 6070
5 6 6071
5 6 6072
5 6 6073
5 6 6074
5 6 6075
5 6 6076
5 6 6077
5 6 6078
5 6 6079
5 6 6080
5 6 6081
5 6 6082
5 6 6083
5 6 6084
5 6 6085
5 6 6086
5 6 6087
5 6 6088
5 6 6089
5 6 6090
5 6 6091
5 6 6092
5 6 6093
5 6 6094
5 6 6095
5 6 6096
5 6 6097
5 6 6098
5 6 6099
5 6 6100
5 6 6101
5 6 6102
5 6 6103
5 6 6104
5 6 6105
5 6 6106
5 6 6107
5 6 6108
5 6 6109
5 6 6110
5 6 6111
5 6 6112
5 6 6113
5 6 6114
5 6 6115
5 6 6116
5 6 6117
5 6 6118
5 6 6119
5 6 6120
5 6 6121
5 6 6122
5 6 6123
5 6 6124
5 6 6125
5 6 6126
5 6 6127
5 6 6128
5 6 6129
5 6 6130
5 6 6131
5 6 6132
5 6 6133
5 6 6134
5 6 6135
5 6 6136
5 6 6137
5 6 6138
5 6 6139
5 6 6140
5 6 6141
5 6 6142
5 6 6143
5 6 6144
5 6 6145
5 6 6146
5 6 6147
5 6 6148
5 6 6149
5 6 6150
5 6 6151
5 6 6152
5 6 6153
5 6 6154
5 6 6155
5 6 6156
5 6 6157
5 6 6158
5 6 6159
5 6 6160
5 6 6161
5 6 6162
5 6 6163
5 6 6164
5 6 6165
5 6 6166
5 6 6167
5 6 6168
5 6 6169
5 6 6170
5 6 6171
5 6 6172
5 6 6173
5 6 6174
5 6 6175
5 6 6176
5 6 6177
5 6 6178
5 6 6179
5 6 6180
5 6 6181
5 6 6182
5 6 6183
5 6 6184
5 6 6185
5 6 6186
5 6 6187
5 6 6188
5 6 6189
5 6 6190
5 6 6191
5 6 6192
5 6 6193
5 6 6194
5 6 6195
5 6 6196
5 6 6197
5 6 6198
5 6 6199
5 6 6200
5 6 6201
5 6 6202
5 6 6203
5 6 6204
5 6 6205
5 6 6206
5 6 6207
5 6 6208
5 6 6209
5 6 6210
5 6 6211
5 6 6212
5 6 6213
5 6 6214
5 6 6215
5 6 6216
5 6 6217
5 6 6218
5 6 6219
5 6 6220
5 6 6221
5 6 6222
5 6 6223
5 6 6224
5 6 6225
5 6 6226
5 6 6227
5 6 6228
5 6 6229
5 6 6230
5 6 6231
5 6 6232
5 6 6233
5 6 6234
5 6 6235
5 6 6236
5 6 6237
5 6 6238
5 6 6239
5 6 6240
5 6 6241
5 6 6242
5 6 6243
5 6 6244
5 6 6245
5 6 6246
5 6 6247
5 6 6248
5 6 6249
5 6 6250
5 6 6251
5 6 6252
5 6 6253
5 6 6254
5 6 6255
5 6 6256
5 6 6257
5 6 6258
5 6 6259
5 6 6260
5 6 6261
5 6 6262
5 6 6263
5 6 6264
5 6 6265
5 6 6266
5 6 6267
5 6 6268
5 6 6269
5 6 6270
5 6 6271
5 6 6272
5 6 6273
5 6 6274
5 6 6275
5 6 6276
5 6 6277
5 6 6278
5 6 6279
5 6 6280
5 6 6281
5 6 6282
5 6 6283
5 6 6284
5 6 6285
5 6 6286
5 6 6287
5 6 6288
5 6 6289
5 6 6290
5 6 6291
5 6 6292
5 6 6293
5 6 6294
5 6 6295
5 6 6296
5 6 6297
5 6 6298
5 6 6299
5 6 6300
5 6 6301
5 6 6302
5 6 6303
5 6 6304
5 6 6305
5 6 6306
5 6 6307
5 6 6308
5 6 6309
5 6 6310
5 6 6311
5 6 6312
5 6 6313
5 6 6314
5 6 6315
5 6 6316
5 6 6317
5 6 6318
5 6 6319
5 6 6320
5 6 6321
5 6 6322
5 6 6323
5 6 6324
5 6 6325
5 6 6326
5 6 6327
5 6 6328
5 6 6329
5 6 6330
5 6 6331
5 6 6332
5 6 6333
5 6 6334
5 6 6335
5 6 6336
5 6 6337
5 6 6338
5 6 6339
5 6 6340
5 6 6341
5 6 6342
5 6 6343
5 6 6344
5 6 6345
5 6 6346
5 6 6347
5 6 6348
5 6 6349
5 6 6350
5 6 6351
5 6 6352
5 6 6353
5 6 6354
5 6 6355
5 6 6356
5 6 6357
5 6 6358
5 6 6359
5 6 6360
5 6 6361
5 6 6362
5 6 6363
5 6 6364
5 6 6365
5 6 6366
5 6 6367
5 6 6368
5 6 6369
5 6 6370
5 6 6371
5 6 6372
5 6 6373
5 6 6374
5 6 6375
5 6 6376
5 6 6377
5 6 6378
5 6 6379
5 6 6380
5 6 6381
5 6 6382
5 6 6383
5 6 6384
5 6 6385
5 6 6386
5 6 6387
5 6 6388
5 6 6389
5 6 6390
5 6 6391
5 6 6392
5 6 6393
5 6 6394
5 6 6395
5 6 6396
5 6 6397
5 6 6398
5 6 6399
5 6 6400
5 6 6401
5 6 6402
5 6 6403
5 6 6404
5 6 6405
5 6 6406
5 6 6407
5 6 6408
5 6 6409
5 6 6410
5 6 6411
5 6 6412
5 6 6413
5 6 6414
5 6 6415
5 6 6416
5 6 6417
5 6 6418
5 6 6419
5 6 6420
5 6 6421
5 6 6422
5 6 6423
5 6 6424
5 6 6425
5 6 6426
5 6 6427
5 6 6428
5 6 6429
5 6 6430
5 6 6431
5 6 6432
5 6 6433
5 6 6434
5 6 6435
5 6 6436
5 6 6437
5 6 6438
5 6 6439
5 6 6440
5 6 6441
5 6 6442
5 6 6443
5 6 6444
5 6 6445
5 6 6446
5 6 6447
5 6 6448
5 6 6449
5 6 6450
5 6 6451
5 6 6452
5 6 6453
5 6 6454
5 6 6455
5 6 6456
5 6 6457
5 6 6458
5 6 6459
5 6 6460
5 6 6461
5 6 6462
5 6 6463
5 6 6464
5 6 6465
5 6 6466
5 6 6467
5 6 6468
5 6 6469
5 6 6470
5 6 6471
5 6 6472
5 6 6473
5 6 6474
5 6 6475
5 6 6476
5 6 6477
5 6 6478
5 6 6479
5 6 6480
5 6 6481
5 6 6482
5 6 6483
5 6 6484
5 6 6485
5 6 6486
5 6 6487
5 6 6488
5 6 6489
5 6 6490
5 6 6491
5 6 6492
5 6 6493
5 6 6494
5 6 6495
5 6 6496
5 6 6497
5 6 6498
5 6 6499
5 6 6500
5 6 6501
5 6 6502
5 6 6503
5 6 6504
5 6 6505
5 6 6506
5 6 6507
5 6 6508
5 6 6509
5 6 6510
5 6 6511
5 6 6512
5 6 6513
5 6 6514
5 6 6515
5 6 6516
5 6 6517
5 6 6518
5 6 6519
5 6 6520
5 6 6521
5 6 6522
5 6 6523
5 6 6524
5 6 6525
5 6 6526
5 6 6527
5 6 6528
5 6 6529
5 6 6530
5 6 6531
5 6 6532
5 6 6533
5 6 6534
5 6 6535
5 6 6536
5 6 6537
5 6 6538
5 6 6539
5 6 6540
5 6 6541
5 6 6542
5 6 6543
5 6 6544
5 6 6545
5 6 6546
5 6 6547
5 6 6548
5 6 6549
5 6 6550
5 6 6551
5 6 6552
5 6 6553
5 6 6554
5 6 6555
5 6 6556
5 6 6557
5 6 6558
5 6 6559
5 6 6560
5 6 6561
5 6 6562
5 6 6563
5 6 6564
5 6 6565
5 6 6566
5 6 6567
5 6 6568
5 6 6569
5 6 6570
5 6 6571
5 6 6572
5 6 6573
5 6 6574
5 6 6575
5 6 6576
5 6 6577
5 6 6578
5 6 6579
5 6 6580
5 6 6581
5 6 6582
5 6 6583
5 6 6584
5 6 6585
5 6 6586
5 6 6587
5 6 6588
5 6 6589
5 6 6590
5 6 6591
5 6 6592
5 6 6593
5 6 6594
5 6 6595
5 6 6596
5 6 6597
5 6 6598
5 6 6599
5 6 6600
5 6 6601
5 6 6602
5 6 6603
5 6 6604
5 6 6605
5 6 6606
5 6 6607
5 6 6608
5 6 6609
5 6 6610
5 6 6611
5 6 6612
5 6 6613
5 6 6614
5 6 6615
5 6 6616
5 6 6617
5 6 6618
5 6 6619
5 6 6620
5 6 6621
5 6 6622
5 6 6623
5 6 6624
5 6 6625
5 6 6626
5 6 6627
5 6 6628
5 6 6629
5 6 6630
5 6 6631
5 6 6632
5 6 6633
5 6 6634
5 6 6635
5 6 6636
5 6 6637
5 6 6638
5 6 6639
5 6 6640
5 6 6641
5 6 6642
5 6 6643
5 6 6644
5 6 6645
5 6 6646
5 6 6647
5 6 6648
5 6 6649
5 6 6650
5 6 6651
5 6 6652
5 6 6653
5 6 6654
5 6 6655
5 6 6656
5 6 6657
5 6 6658
5 6 6659
5 6 6660
5 6 6661
5 6 6662
5 6 6663
5 6 6664
5 6 6665
5 6 6666
5 6 6667
5 6 6668
5 6 6669
5 6 6670
5 6 6671
5 6 6672
5 6 6673
5 6 6674
5 6 6675
5 6 6676
5 6 6677
5 6 6678
5 6 6679
5 6 6680
5 6 6681
5 6 6682
5 6 6683
5 6 6684
5 6 6685
5 6 6686
5 6 6687
5 6 6688
5 6 6689
5 6 6690
5 6 6691
5 6 6692
5 6 6693
5 6 6694
5 6 6695
5 6 6696
5 6 6697
5 6 6698
5 6 6699
5 6 6700
5 6 6701
5 6 6702
5 6 6703
5 6 6704
5 6 6705
5 6 6706
5 6 6707
5 6 6708
5 6 6709
5 6 6710
5 6 6711
5 6 6712
5 6 6713
5 6 6714
5 6 6715
5 6 6716
5 6 6717
5 6 6718
5 6 6719
5 6 6720
5 6 6721
5 6 6722
5 6 6723
5 6 6724
5 6 6725
5 6 6726
5 6 6727
5 6 6728
5 6 6729
5 6 6730
5 6 6731
5 6 6732
5 6 6733
5 6 6734
5 6 6735
5 6 6736
5 6 6737
5 6 6738
5 6 6739
5 6 6740
5 6 6741
5 6 6742
5 6 6743
5 6 6744
5 6 6745
5 6 6746
5 6 6747
5 6 6748
5 6 6749
5 6 6750
5 6 6751
5 6 6752
5 6 6753
5 6 6754
5 6 6755
5 6 6756
5 6 6757
5 6 6758
5 6 6759
5 6 6760
5 6 6761
5 6 6762
5 6 6763
5 6 6764
5 6 6765
5 6 6766
5 6 6767
5 6 6768
5 6 6769
5 6 6770
5 6 6771
5 6 6772
5 6 6773
5 6 6774
5 6 6775
5 6 6776
5 6 6777
5 6 6778
5 6 6779
5 6 6780
5 6 6781
5 6 6782
5 6 6783
5 6 6784
5 6 6785
5 6 6786
5 6 6787
5 6 6788
5 6 6789
5 6 6790
5 6 6791
5 6 6792
5 6 6793
5 6 6794
5 6 6795
5 6 6796
5 6 6797
5 6 6798
5 6 6799
5 6 6800
5 6 6801
5 6 6802
5 6 6803
5 6 6804
5 6 6805
5 6 6806
5 6 6807
5 6 6808
5 6 6809
5 6 6810
5 6 6811
5 6 6812
5 6 6813
5 6 6814
5 6 6815
5 6 6816
5 6 6817
5 6 6818
5 6 6819
5 6 6820
5 6 6821
5 6 6822
5 6 6823
5 6 6824
5 6 6825
5 6 6826
5 6 6827
5 6 6828
5 6 6829
5 6 6830
5 6 6831
5 6 6832
5 6 6833
5 6 6834
5 6 6835
5 6 6836
5 6 6837
5 6 6838
5 6 6839
5 6 6840
5 6 6841
5 6 6842
5 6 6843
5 6 6844
5 6 6845
5 6 6846
5 6 6847
5 6 6848
5 6 6849
5 6 6850
5 6 6851
5 6 6852
5 6 6853
5 6 6854
5 6 6855
5 6 6856
5 6 6857
5 6 6858
5 6 6859
5 6 6860
5 6 6861
5 6 6862
5 6 6863
5 6 6864
5 6 6865
5 6 6866
5 6 6867
5 6 6868
5 6 6869
5 6 6870
5 6 6871
5 6 6872
5 6 6873
5 6 6874
5 6 6875
5 6 6876
5 6 6877
5 6 6878
5 6 6879
5 6 6880
5 6 6881
5 6 6882
5 6 6883
5 6 6884
5 6 6885
5 6 6886
5 6 6887
5 6 6888
5 6 6889
5 6 6890
5 6 6891
5 6 6892
5 6 6893
5 6 6894
5 6 6895
5 6 6896
5 6 6897
5 6 6898
5 6 6899
5 6 6900
5 6 6901
5 6 6902
5 6 6903
5 6 6904
5 6 6905
5 6 6906
5 6 6907
5 6 6908
5 6 6909
5 6 6910
5 6 6911
5 6 6912
5 6 6913
5 6 6914
5 6 6915
5 6 6916
5 6 6917
5 6 6918
5 6 6919
5 6 6920
5 6 6921
5 6 6922
5 6 6923
5 6 6924
5 6 6925
5 6 6926
5 6 6927
5 6 6928
5 6 6929
5 6 6930
5 6 6931
5 6 6932
5 6 6933
5 6 6934
5 6 6935
5 6 6936
5 6 6937
5 6 6938
5 6 6939
5 6 6940
5 6 6941
5 6 6942
5 6 6943
5 6 6944
5 6 6945
5 6 6946
5 6 6947
5 6 6948
5 6 6949
5 6 6950
5 6 6951
5 6 6952
5 6 6953
5 6 6954
5 6 6955
5 6 6956
5 6 6957
5 6 6958
5 6 6959
5 6 6960
5 6 6961
5 6 6962
5 6 6963
5 6 6964
5 6 6965
5 6 6966
5 6 6967
5 6 6968
5 6 6969
5 6 6970
5 6 6971
5 6 6972
5 6 6973
5 6 6974
5 6 6975
5 6 6976
5 6 6977
5 6 6978
5 6 6979
5 6 6980
5 6 6981
5 6 6982
5 6 6983
5 6 6984
5 6 6985
5 6 6986
5 6 6987
5 6 6988
5 6 6989
5 6 6990
5 6 6991
5 6 6992
5 6 6993
5 6 6994
5 6 6995
5 6 6996
5 6 6997
5 6 6998
5 6 6999
5 6 7000
5 6 7001
5 6 7002
5 6 7003
5 6 7004
5 6 7005
5 6 7006
5 6 7007
5 6 7008
5 6 7009
5 6 7010
5 6 7011
5 6 7012
5 6 7013
5 6 7014
5 6 7015
5 6 7016
5 6 7017
5 6 7018
5 6 7019
5 6 7020
5 6 7021
5 6 7022
5 6 7023
5 6 7024
5 6 7025
5 6 7026
5 6 7027
5 6 7028
5 6 7029
5 6 7030
5 6 7031
5 6 7032
5 6 7033
5 6 7034
5 6 7035
5 6 7036
5 6 7037
5 6 7038
5 6 7039
5 6 7040
5 6 7041
5 6 7042
5 6 7043
5 6 7044
5 6 7045
5 6 7046
5 6 7047
5 6 7048
5 6 7049
5 6 7050
5 6 7051
5 6 7052
5 6 7053
5 6 7054
5 6 7055
5 6 7056
5 6 7057
5 6 7058
5 6 7059
5 6 7060
5 6 7061
5 6 7062
5 6 7063
5 6 7064
5 6 7065
5 6 7066
5 6 7067
5 6 7068
5 6 7069
5 6 7070
5 6 7071
5 6 7072
5 6 7073
5 6 7074
5 6 7075
5 6 7076
5 6 7077
5 6 7078
5 6 7079
5 6 7080
5 6 7081
5 6 7082
5 6 7083
5 6 7084
5 6 7085
5 6 7086
5 6 7087
5 6 7088
5 6 7089
5 6 7090
5 6 7091
5 6 7092
5 6 7093
5 6 7094
5 6 7095
5 6 7096
5 6 7097
5 6 7098
5 6 7099
5 6 7100
5 6 7101
5 6 7102
5 6 7103
5 6 7104
5 6 7105
5 6 7106
5 6 7107
5 6 7108
5 6 7109
5 6 7110
5 6 7111
5 6 7112
5 6 7113
5 6 7114
5 6 7115
5 6 7116
5 6 7117
5 6 7118
5 6 7119
5 6 7120
5 6 7121
5 6 7122
5 6 7123
5 6 7124
5 6 7125
5 6 7126
5 6 7127
5 6 7128
5 6 7129
5 6 7130
5 6 7131
5 6 7132
5 6 7133
5 6 7134
5 6 7135
5 6 7136
5 6 7137
5 6 7138
5 6 7139
5 6 7140
5 6 7141
5 6 7142
5 6 7143
5 6 7144
5 6 7145
5 6 7146
5 6 7147
5 6 7148
5 6 7149
5 6 7150
5 6 7151
5 6 7152
5 6 7153
5 6 7154
5 6 7155
5 6 7156
5 6 7157
5 6 7158
5 6 7159
5 6 7160
5 6 7161
5 6 7162
5 6 7163
5 6 7164
5 6 7165
5 6 7166
5 6 7167
5 6 7168
5 6 7169
5 6 7170
5 6 7171
5 6 7172
5 6 7173
5 6 7174
5 6 7175
5 6 7176
5 6 7177
5 6 7178
5 6 7179
5 6 7180
5 6 7181
5 6 7182
5 6 7183
5 6 7184
5 6 7185
5 6 7186
5 6 7187
5 6 7188
5 6 7189
5 6 7190
5 6 7191
5 6 7192
5 6 7193
5 6 7194
5 6 7195
5 6 7196
5 6 7197
5 6 7198
5 6 7199
5 6 7200
5 6 7201
5 6 7202
5 6 7203
5 6 7204
5 6 7205
5 6 7206
5 6 7207
5 6 7208
5 6 7209
5 6 7210
5 6 7211
5 6 7212
5 6 7213
5 6 7214
5 6 7215
5 6 7216
5 6 7217
5 6 7218
5 6 7219
5 6 7220
5 6 7221
5 6 7222
5 6 7223
5 6 7224
5 6 7225
5 6 7226
5 6 7227
5 6 7228
5 6 7229
5 6 7230
5 6 7231
5 6 7232
5 6 7233
5 6 7234
5 6 7235
5 6 7236
5 6 7237
5 6 7238
5 6 7239
5 6 7240
5 6 7241
5 6 7242
5 6 7243
5 6 7244
5 6 7245
5 6 7246
5 6 7247
5 6 7248
5 6 7249
5 6 7250
5 6 7251
5 6 7252
5 6 7253
5 6 7254
5 6 7255
5 6 7256
5 6 7257
5 6 7258
5 6 7259
5 6 7260
5 6 7261
5 6 7262
5 6 7263
5 6 7264
5 6 7265
5 6 7266
5 6 7267
5 6 7268
5 6 7269
5 6 7270
5 6 7271
5 6 7272
5 6 7273
5 6 7274
5 6 7275
5 6 7276
5 6 7277
5 6 7278
5 6 7279
5 6 7280
5 6 7281
5 6 7282
5 6 7283
5 6 7284
5 6 7285
5 6 7286
5 6 7287
5 6 7288
5 6 7289
5 6 7290
5 6 7291
5 6 7292
5 6 7293
5 6 7294
5 6 7295
5 6 7296
5 6 7297
5 6 7298
5 6 7299
5 6 7300
5 6 7301
5 6 7302
5 6 7303
5 6 7304
5 6 7305
5 6 7306
5 6 7307
5 6 7308
5 6 7309
5 6 7310
5 6 7311
5 6 7312
5 6 7313
5 6 7314
5 6 7315
5 6 7316
5 6 7317
5 6 7318
5 6 7319
5 6 7320
5 6 7321
5 6 7322
5 6 7323
5 6 7324
5 6 7325
5 6 7326
5 6 7327
5 6 7328
5 6 7329
5 6 7330
5 6 7331
5 6 7332
5 6 7333
5 6 7334
5 6 7335
5 6 7336
5 6 7337
5 6 7338
5 6 7339
5 6 7340
5 6 7341
5 6 7342
5 6 7343
5 6 7344
5 6 7345
5 6 7346
5 6 7347
5 6 7348
5 6 7349
5 6 7350
5 6 7351
5 6 7352
5 6 7353
5 6 7354
5 6 7355
5 6 7356
5 6 7357
5 6 7358
5 6 7359
5 6 7360
5 6 7361
5 6 7362
5 6 7363
5 6 7364
5 6 7365
5 6 7366
5 6 7367
5 6 7368
5 6 7369
5 6 7370
5 6 7371
5 6 7372
5 6 7373
5 6 7374
5 6 7375
5 6 7376
5 6 7377
5 6 7378
5 6 7379
5 6 7380
5 6 7381
5 6 7382
5 6 7383
5 6 7384
5 6 7385
5 6 7386
5 6 7387
5 6 7388
5 6 7389
5 6 7390
5 6 7391
5 6 7392
5 6 7393
5 6 7394
5 6 7395
5 6 7396
5 6 7397
5 6 7398
5 6 7399
5 6 7400
5 6 7401
5 6 7402
5 6 7403
5 6 7404
5 6 7405
5 6 7406
5 6 7407
5 6 7408
5 6 7409
5 6 7410
5 6 7411
5 6 7412
5 6 7413
5 6 7414
5 6 7415
5 6 7416
5 6 7417
5 6 7418
5 6 7419
5 6 7420
5 6 7421
5 6 7422
5 6 7423
5 6 7424
5 6 7425
5 6 7426
5 6 7427
5 6 7428
5 6 7429
5 6 7430
5 6 7431
5 6 7432
5 6 7433
5 6 7434
5 6 7435
5 6 7436
5 6 7437
5 6 7438
5 6 7439
5 6 7440
5 6 7441
5 6 7442
5 6 7443
5 6 7444
5 6 7445
5 6 7446
5 6 7447
5 6 7448
5 6 7449
5 6 7450
5 6 7451
5 6 7452
5 6 7453
5 6 7454
5 6 7455
5 6 7456
5 6 7457
5 6 7458
5 6 7459
5 6 7460
5 6 7461
5 6 7462
5 6 7463
5 6 7464
5 6 7465
5 6 7466
5 6 7467
5 6 7468
5 6 7469
5 6 7470
5 6 7471
5 6 7472
5 6 7473
5 6 7474
5 6 7475
5 6 7476
5 6 7477
5 6 7478
5 6 7479
5 6 7480
5 6 7481
5 6 7482
5 6 7483
5 6 7484
5 6 7485
5 6 7486
5 6 7487
5 6 7488
5 6 7489
5 6 7490
5 6 7491
5 6 7492
5 6 7493
5 6 7494
5 6 7495
5 6 7496
5 6 7497
5 6 7498
5 6 7499
5 6 7500
5 6 7501
5 6 7502
5 6 7503
5 6 7504
5 6 7505
5 6 7506
5 6 7507
5 6 7508
5 6 7509
5 6 7510
5 6 7511
5 6 7512
5 6 7513
5 6 7514
5 6 7515
5 6 7516
5 6 7517
5 6 7518
5 6 7519
5 6 7520
5 6 7521
5 6 7522
5 6 7523
5 6 7524
5 6 7525
5 6 7526
5 6 7527
5 6 7528
5 6 7529
5 6 7530
5 6 7531
5 6 7532
5 6 7533
5 6 7534
5 6 7535
5 6 7536
5 6 7537
5 6 7538
5 6 7539
5 6 7540
5 6 7541
5 6 7542
5 6 7543
5 6 7544
5 6 7545
5 6 7546
5 6 7547
5 6 7548
5 6 7549
5 6 7550
5 6 7551
5 6 7552
5 6 7553
5 6 7554
5 6 7555
5 6 7556
5 6 7557
5 6 7558
5 6 7559
5 6 7560
5 6 7561
5 6 7562
5 6 7563
5 6 7564
5 6 7565
5 6 7566
5 6 7567
5 6 7568
5 6 7569
5 6 7570
5 6 7571
5 6 7572
5 6 7573
5 6 7574
5 6 7575
5 6 7576
5 6 7577
5 6 7578
5 6 7579
5 6 7580
5 6 7581
5 6 7582
5 6 7583
5 6 7584
5 6 7585
5 6 7586
5 6 7587
5 6 7588
5 6 7589
5 6 7590
5 6 7591
5 6 7592
5 6 7593
5 6 7594
5 6 7595
5 6 7596
5 6 7597
5 6 7598
5 6 7599
5 6 7600
5 6 7601
5 6 7602
5 6 7603
5 6 7604
5 6 7605
5 6 7606
5 6 7607
5 6 7608
5 6 7609
5 6 7610
5 6 7611
5 6 7612
5 6 7613
5 6 7614
5 6 7615
5 6 7616
5 6 7617
5 6 7618
5 6 7619
5 6 7620
5 6 7621
5 6 7622
5 6 7623
5 6 7624
5 6 7625
5 6 7626
5 6 7627
5 6 7628
5 6 7629
5 6 7630
5 6 7631
5 6 7632
5 6 7633
5 6 7634
5 6 7635
5 6 7636
5 6 7637
5 6 7638
5 6 7639
5 6 7640
5 6 7641
5 6 7642
5 6 7643
5 6 7644
5 6 7645
5 6 7646
5 6 7647
5 6 7648
5 6 7649
5 6 7650
5 6 7651
5 6 7652
5 6 7653
5 6 7654
5 6 7655
5 6 7656
5 6 7657
5 6 7658
5 6 7659
5 6 7660
5 6 7661
5 6 7662
5 6 7663
5 6 7664
5 6 7665
5 6 7666
5 6 7667
5 6 7668
5 6 7669
5 6 7670
5 6 7671
5 6 7672
5 6 7673
5 6 7674
5 6 7675
5 6 7676
5 6 7677
5 6 7678
5 6 7679
5 6 7680
5 6 7681
5 6 7682
5 6 7683
5 6 7684
5 6 7685
5 6 7686
5 6 7687
5 6 7688
5 6 7689
5 6 7690
5 6 7691
5 6 7692
5 6 7693
5 6 7694
5 6 7695
5 6 7696
5 6 7697
5 6 7698
5 6 7699
5 6 7700
5 6 7701
5 6 7702
5 6 7703
5 6 7704
5 6 7705
5 6 7706
5 6 7707
5 6 7708
5 6 7709
5 6 7710
5 6 7711
5 6 7712
5 6 7713
5 6 7714
5 6 7715
5 6 7716
5 6 7717
5 6 7718
5 6 7719
5 6 7720
5 6 7721
5 6 7722
5 6 7723
5 6 7724
5 6 7725
5 6 7726
5 6 7727
5 6 7728
5 6 7729
5 6 7730
5 6 7731
5 6 7732
5 6 7733
5 6 7734
5 6 7735
5 6 7736
5 6 7737
5 6 7738
5 6 7739
5 6 7740
5 6 7741
5 6 7742
5 6 7743
5 6 7744
5 6 7745
5 6 7746
5 6 7747
5 6 7748
5 6 7749
5 6 7750
5 6 7751
5 6 7752
5 6 7753
5 6 7754
5 6 7755
5 6 7756
5 6 7757
5 6 7758
5 6 7759
5 6 7760
5 6 7761
5 6 7762
5 6 7763
5 6 7764
5 6 7765
5 6 7766
5 6 7767
5 6 7768
5 6 7769
5 6 7770
5 6 7771
5 6 7772
5 6 7773
5 6 7774
5 6 7775
5 6 7776
5 6 7777
5 6 7778
5 6 7779
5 6 7780
5 6 7781
5 6 7782
5 6 7783
5 6 7784
5 6 7785
5 6 7786
5 6 7787
5 6 7788
5 6 7789
5 6 7790
5 6 7791
5 6 7792
5 6 7793
5 6 7794
5 6 7795
5 6 7796
5 6 7797
5 6 7798
5 6 7799
5 6 7800
5 6 7801
5 6 7802
5 6 7803
5 6 7804
5 6 7805
5 6 7806
5 6 7807
5 6 7808
5 6 7809
5 6 7810
5 6 7811
5 6 7812
5 6 7813
5 6 7814
5 6 7815
5 6 7816
5 6 7817
5 6 7818
5 6 7819
5 6 7820
5 6 7821
5 6 7822
5 6 7823
5 6 7824
5 6 7825
5 6 7826
5 6 7827
5 6 7828
5 6 7829
5 6 7830
5 6 7831
5 6 7832
5 6 7833
5 6 7834
5 6 7835
5 6 7836
5 6 7837
5 6 7838
5 6 7839
5 6 7840
5 6 7841
5 6 7842
5 6 7843
5 6 7844
5 6 7845
5 6 7846
5 6 7847
5 6 7848
5 6 7849
5 6 7850
5 6 7851
5 6 7852
5 6 7853
5 6 7854
5 6 7855
5 6 7856
5 6 7857
5 6 7858
5 6 7859
5 6 7860
5 6 7861
5 6 7862
5 6 7863
5 6 7864
5 6 7865
5 6 7866
5 6 7867
5 6 7868
5 6 7869
5 6 7870
5 6 7871
5 6 7872
5 6 7873
5 6 7874
5 6 7875
5 6 7876
5 6 7877
5 6 7878
5 6 7879
5 6 7880
5 6 7881
5 6 7882
5 6 7883
5 6 7884
5 6 7885
5 6 7886
5 6 7887
5 6 7888
5 6 7889
5 6 7890
5 6 7891
5 6 7892
5 6 7893
5 6 7894
5 6 7895
5 6 7896
5 6 7897
5 6 7898
5 6 7899
5 6 7900
5 6 7901
5 6 7902
5 6 7903
5 6 7904
5 6 7905
5 6 7906
5 6 7907
5 6 7908
5 6 7909
5 6 7910
5 6 7911
5 6 7912
5 6 7913
5 6 7914
5 6 7915
5 6 7916
5 6 7917
5 6 7918
5 6 7919
5 6 7920
5 6 7921
5 6 7922
5 6 7923
5 6 7924
5 6 7925
5 6 7926
5 6 7927
5 6 7928
5 6 7929
5 6 7930
5 6 7931
5 6 7932
5 6 7933
5 6 7934
5 6 7935
5 6 7936
5 6 7937
5 6 7938
5 6 7939
5 6 7940
5 6 7941
5 6 7942
5 6 7943
5 6 7944
5 6 7945
5 6 7946
5 6 7947
5 6 7948
5 6 7949
5 6 7950
5 6 7951
5 6 7952
5 6 7953
5 6 7954
5 6 7955
5 6 7956
5 6 7957
5 6 7958
5 6 7959
5 6 7960
5 6 7961
5 6 7962
5 6 7963
5 6 7964
5 6 7965
5 6 7966
5 6 7967
5 6 7968
5 6 7969
5 6 7970
5 6 7971
5 6 7972
5 6 7973
5 6 7974
5 6 7975
5 6 7976
5 6 7977
5 6 7978
5 6 7979
5 6 7980
5 6 7981
5 6 7982
5 6 7983
5 6 7984
5 6 7985
5 6 7986
5 6 7987
5 6 7988
5 6 7989
5 6 7990
5 6 7991
5 6 7992
5 6 7993
5 6 7994
5 6 7995
5 6 7996
5 6 7997
5 6 7998
5 6 7999
5 6 8000
5 6 8001
5 6 8002
5 6 8003
5 6 8004
5 6 8005
5 6 8006
5 6 8007
5 6 8008
5 6 8009
5 6 8010
5 6 8011
5 6 8012
5 6 8013
5 6 8014
5 6 8015
5 6 8016
5 6 8017
5 6 8018
5 6 8019
5 6 8020
5 6 8021
5 6 8022
5 6 8023
5 6 8024
5 6 8025
5 6 8026
5 6 8027
5 6 8028
5 6 8029
5 6 8030
5 6 8031
5 6 8032
5 6 8033
5 6 8034
5 6 8035
5 6 8036
5 6 8037
5 6 8038
5 6 8039
5 6 8040
5 6 8041
5 6 8042
5 6 8043
5 6 8044
5 6 8045
5 6 8046
5 6 8047
5 6 8048
5 6 8049
5 6 8050
5 6 8051
5 6 8052
5 6 8053
5 6 8054
5 6 8055
5 6 8056
5 6 8057
5 6 8058
5 6 8059
5 6 8060
5 6 8061
5 6 8062
5 6 8063
5 6 8064
5 6 8065
5 6 8066
5 6 8067
5 6 8068
5 6 8069
5 6 8070
5 6 8071
5 6 8072
5 6 8073
5 6 8074
5 6 8075
5 6 8076
5 6 8077
5 6 8078
5 6 8079
5 6 8080
5 6 8081
5 6 8082
5 6 8083
5 6 8084
5 6 8085
5 6 8086
5 6 8087
5 6 8088
5 6 8089
5 6 8090
5 6 8091
5 6 8092
5 6 8093
5 6 8094
5 6 8095
5 6 8096
5 6 8097
5 6 8098
5 6 8099
5 6 8100
5 6 8101
5 6 8102
5 6 8103
5 6 8104
5 6 8105
5 6 8106
5 6 8107
5 6 8108
5 6 8109
5 6 8110
5 6 8111
5 6 8112
5 6 8113
5 6 8114
5 6 8115
5 6 8116
5 6 8117
5 6 8118
5 6 8119
5 6 8120
5 6 8121
5 6 8122
5 6 8123
5 6 8124
5 6 8125
5 6 8126
5 6 8127
5 6 8128
5 6 8129
5 6 8130
5 6 8131
5 6 8132
5 6 8133
5 6 8134
5 6 8135
5 6 8136
5 6 8137
5 6 8138
5 6 8139
5 6 8140
5 6 8141
5 6 8142
5 6 8143
5 6 8144
5 6 8145
5 6 8146
5 6 8147
5 6 8148
5 6 8149
5 6 8150
5 6 8151
5 6 8152
5 6 8153
5 6 8154
5 6 8155
5 6 8156
5 6 8157
5 6 8158
5 6 8159
5 6 8160
5 6 8161
5 6 8162
5 6 8163
5 6 8164
5 6 8165
5 6 8166
5 6 8167
5 6 8168
5 6 8169
5 6 8170
5 6 8171
5 6 8172
5 6 8173
5 6 8174
5 6 8175
5 6 8176
5 6 8177
5 6 8178
5 6 8179
5 6 8180
5 6 8181
5 6 8182
5 6 8183
5 6 8184
5 6 8185
5 6 8186
5 6 8187
5 6 8188
5 6 8189
5 6 8190
5 6 8191
5 6 8192
5 6 8193
5 6 8194
5 6 8195
5 6 8196
5 6 8197
5 6 8198
5 6 8199
5 6 8200
5 6 8201
5 6 8202
5 6 8203
5 6 8204
5 6 8205
5 6 8206
5 6 8207
5 6 8208
5 6 8209
5 6 8210
5 6 8211
5 6 8212
5 6 8213
5 6 8214
5 6 8215
5 6 8216
5 6 8217
5 6 8218
5 6 8219
5 6 8220
5 6 8221
5 6 8222
5 6 8223
5 6 8224
5 6 8225
5 6 8226
5 6 8227
5 6 8228
5 6 8229
5 6 8230
5 6 8231
5 6 8232
5 6 8233
5 6 8234
5 6 8235
5 6 8236
5 6 8237
5 6 8238
5 6 8239
5 6 8240
5 6 8241
5 6 8242
5 6 8243
5 6 8244
5 6 8245
5 6 8246
5 6 8247
5 6 8248
5 6 8249
5 6 8250
5 6 8251
5 6 8252
5 6 8253
5 6 8254
5 6 8255
5 6 8256
5 6 8257
5 6 8258
5 6 8259
5 6 8260
5 6 8261
5 6 8262
5 6 8263
5 6 8264
5 6 8265
5 6 8266
5 6 8267
5 6 8268
5 6 8269
5 6 8270
5 6 8271
5 6 8272
5 6 8273
5 6 8274
5 6 8275
5 6 8276
5 6 8277
5 6 8278
5 6 8279
5 6 8280
5 6 8281
5 6 8282
5 6 8283
5 6 8284
5 6 8285
5 6 8286
5 6 8287
5 6 8288
5 6 8289
5 6 8290
5 6 8291
5 6 8292
5 6 8293
5 6 8294
5 6 8295
5 6 8296
5 6 8297
5 6 8298
5 6 8299
5 6 8300
5 6 8301
5 6 8302
5 6 8303
5 6 8304
5 6 8305
5 6 8306
5 6 8307
5 6 8308
5 6 8309
5 6 8310
5 6 8311
5 6 8312
5 6 8313
5 6 8314
5 6 8315
5 6 8316
5 6 8317
5 6 8318
5 6 8319
5 6 8320
5 6 8321
5 6 8322
5 6 8323
5 6 8324
5 6 8325
5 6 8326
5 6 8327
5 6 8328
5 6 8329
5 6 8330
5 6 8331
5 6 8332
5 6 8333
5 6 8334
5 6 8335
5 6 8336
5 6 8337
5 6 8338
5 6 8339
5 6 8340
5 6 8341
5 6 8342
5 6 8343
5 6 8344
5 6 8345
5 6 8346
5 6 8347
5 6 8348
5 6 8349
5 6 8350
5 6 8351
5 6 8352
5 6 8353
5 6 8354
5 6 8355
5 6 8356
5 6 8357
5 6 8358
5 6 8359
5 6 8360
5 6 8361
5 6 8362
5 6 8363
5 6 8364
5 6 8365
5 6 8366
5 6 8367
5 6 8368
5 6 8369
5 6 8370
5 6 8371
5 6 8372
5 6 8373
5 6 8374
5 6 8375
5 6 8376
5 6 8377
5 6 8378
5 6 8379
5 6 8380
5 6 8381
5 6 8382
5 6 8383
5 6 8384
5 6 8385
5 6 8386
5 6 8387
5 6 8388
5 6 8389
5 6 8390
5 6 8391
5 6 8392
5 6 8393
5 6 8394
5 6 8395
5 6 8396
5 6 8397
5 6 8398
5 6 8399
5 6 8400
5 6 8401
5 6 8402
5 6 8403
5 6 8404
5 6 8405
5 6 8406
5 6 8407
5 6 8408
5 6 8409
5 6 8410
5 6 8411
5 6 8412
5 6 8413
5 6 8414
5 6 8415
5 6 8416
5 6 8417
5 6 8418
5 6 8419
5 6 8420
5 6 8421
5 6 8422
5 6 8423
5 6 8424
5 6 8425
5 6 8426
5 6 8427
5 6 8428
5 6 8429
5 6 8430
5 6 8431
5 6 8432
5 6 8433
5 6 8434
5 6 8435
5 6 8436
5 6 8437
5 6 8438
5 6 8439
5 6 8440
5 6 8441
5 6 8442
5 6 8443
5 6 8444
5 6 8445
5 6 8446
5 6 8447
5 6 8448
5 6 8449
5 6 8450
5 6 8451
5 6 8452
5 6 8453
5 6 8454
5 6 8455
5 6 8456
5 6 8457
5 6 8458
5 6 8459
5 6 8460
5 6 8461
5 6 8462
5 6 8463
5 6 8464
5 6 8465
5 6 8466
5 6 8467
5 6 8468
5 6 8469
5 6 8470
5 6 8471
5 6 8472
5 6 8473
5 6 8474
5 6 8475
5 6 8476
5 6 8477
5 6 8478
5 6 8479
5 6 8480
5 6 8481
5 6 8482
5 6 8483
5 6 8484
5 6 8485
5 6 8486
5 6 8487
5 6 8488
5 6 8489
5 6 8490
5 6 8491
5 6 8492
5 6 8493
5 6 8494
5 6 8495
5 6 8496
5 6 8497
5 6 8498
5 6 8499
5 6 8500
5 6 8501
5 6 8502
5 6 8503
5 6 8504
5 6 8505
5 6 8506
5 6 8507
5 6 8508
5 6 8509
5 6 8510
5 6 8511
5 6 8512
5 6 8513
5 6 8514
5 6 8515
5 6 8516
5 6 8517
5 6 8518
5 6 8519
5 6 8520
5 6 8521
5 6 8522
5 6 8523
5 6 8524
5 6 8525
5 6 8526
5 6 8527
5 6 8528
5 6 8529
5 6 8530
5 6 8531
5 6 8532
5 6 8533
5 6 8534
5 6 8535
5 6 8536
5 6 8537
5 6 8538
5 6 8539
5 6 8540
5 6 8541
5 6 8542
5 6 8543
5 6 8544
5 6 8545
5 6 8546
5 6 8547
5 6 8548
5 6 8549
5 6 8550
5 6 8551
5 6 8552
5 6 8553
5 6 8554
5 6 8555
5 6 8556
5 6 8557
5 6 8558
5 6 8559
5 6 8560
5 6 8561
5 6 8562
5 6 8563
5 6 8564
5 6 8565
5 6 8566
5 6 8567
5 6 8568
5 6 8569
5 6 8570
5 6 8571
5 6 8572
5 6 8573
5 6 8574
5 6 8575
5 6 8576
5 6 8577
5 6 8578
5 6 8579
5 6 8580
5 6 8581
5 6 8582
5 6 8583
5 6 8584
5 6 8585
5 6 8586
5 6 8587
5 6 8588
5 6 8589
5 6 8590
5 6 8591
5 6 8592
5 6 8593
5 6 8594
5 6 8595
5 6 8596
5 6 8597
5 6 8598
5 6 8599
5 6 8600
5 6 8601
5 6 8602
5 6 8603
5 6 8604
5 6 8605
5 6 8606
5 6 8607
5 6 8608
5 6 8609
5 6 8610
5 6 8611
5 6 8612
5 6 8613
5 6 8614
5 6 8615
5 6 8616
5 6 8617
5 6 8618
5 6 8619
5 6 8620
5 6 8621
5 6 8622
5 6 8623
5 6 8624
5 6 8625
5 6 8626
5 6 8627
5 6 8628
5 6 8629
5 6 8630
5 6 8631
5 6 8632
5 6 8633
5 6 8634
5 6 8635
5 6 8636
5 6 8637
5 6 8638
5 6 8639
5 6 8640
5 6 8641
5 6 8642
5 6 8643
5 6 8644
5 6 8645
5 6 8646
5 6 8647
5 6 8648
5 6 8649
5 6 8650
5 6 8651
5 6 8652
5 6 8653
5 6 8654
5 6 8655
5 6 8656
5 6 8657
5 6 8658
5 6 8659
5 6 8660
5 6 8661
5 6 8662
5 6 8663
5 6 8664
5 6 8665
5 6 8666
5 6 8667
5 6 8668
5 6 8669
5 6 8670
5 6 8671
5 6 8672
5 6 8673
5 6 8674
5 6 8675
5 6 8676
5 6 8677
5 6 8678
5 6 8679
5 6 8680
5 6 8681
5 6 8682
5 6 8683
5 6 8684
5 6 8685
5 6 8686
5 6 8687
5 6 8688
5 6 8689
5 6 8690
5 6 8691
5 6 8692
5 6 8693
5 6 8694
5 6 8695
5 6 8696
5 6 8697
5 6 8698
5 6 8699
5 6 8700
5 6 8701
5 6 8702
5 6 8703
5 6 8704
5 6 8705
5 6 8706
5 6 8707
5 6 8708
5 6 8709
5 6 8710
5 6 8711
5 6 8712
5 6 8713
5 6 8714
5 6 8715
5 6 8716
5 6 8717
5 6 8718
5 6 8719
5 6 8720
5 6 8721
5 6 8722
5 6 8723
5 6 8724
5 6 8725
5 6 8726
5 6 8727
5 6 8728
5 6 8729
5 6 8730
5 6 8731
5 6 8732
5 6 8733
5 6 8734
5 6 8735
5 6 8736
5 6 8737
5 6 8738
5 6 8739
5 6 8740
5 6 8741
5 6 8742
5 6 8743
5 6 8744
5 6 8745
5 6 8746
5 6 8747
5 6 8748
5 6 8749
5 6 8750
5 6 8751
5 6 8752
5 6 8753
5 6 8754
5 6 8755
5 6 8756
5 6 8757
5 6 8758
5 6 8759
5 6 8760
5 6 8761
5 6 8762
5 6 8763
5 6 8764
5 6 8765
5 6 8766
5 6 8767
5 6 8768
5 6 8769
5 6 8770
5 6 8771
5 6 8772
5 6 8773
5 6 8774
5 6 8775
5 6 8776
5 6 8777
5 6 8778
5 6 8779
5 6 8780
5 6 8781
5 6 8782
5 6 8783
5 6 8784
5 6 8785
5 6 8786
5 6 8787
5 6 8788
5 6 8789
5 6 8790
5 6 8791
5 6 8792
5 6 8793
5 6 8794
5 6 8795
5 6 8796
5 6 8797
5 6 8798
5 6 8799
5 6 8800
5 6 8801
5 6 8802
5 6 8803
5 6 8804
5 6 8805
5 6 8806
5 6 8807
5 6 8808
5 6 8809
5 6 8810
5 6 8811
5 6 8812
5 6 8813
5 6 8814
5 6 8815
5 6 8816
5 6 8817
5 6 8818
5 6 8819
5 6 8820
5 6 8821
5 6 8822
5 6 8823
5 6 8824
5 6 8825
5 6 8826
5 6 8827
5 6 8828
5 6 8829
5 6 8830
5 6 8831
5 6 8832
5 6 8833
5 6 8834
5 6 8835
5 6 8836
5 6 8837
5 6 8838
5 6 8839
5 6 8840
5 6 8841
5 6 8842
5 6 8843
5 6 8844
5 6 8845
5 6 8846
5 6 8847
5 6 8848
5 6 8849
5 6 8850
5 6 8851
5 6 8852
5 6 8853
5 6 8854
5 6 8855
5 6 8856
5 6 8857
5 6 8858
5 6 8859
5 6 8860
5 6 8861
5 6 8862
5 6 8863
5 6 8864
5 6 8865
5 6 8866
5 6 8867
5 6 8868
5 6 8869
5 6 8870
5 6 8871
5 6 8872
5 6 8873
5 6 8874
5 6 8875
5 6 8876
5 6 8877
5 6 8878
5 6 8879
5 6 8880
5 6 8881
5 6 8882
5 6 8883
5 6 8884
5 6 8885
5 6 8886
5 6 8887
5 6 8888
5 6 8889
5 6 8890
5 6 8891
5 6 8892
5 6 8893
5 6 8894
5 6 8895
5 6 8896
5 6 8897
5 6 8898
5 6 8899
5 6 8900
5 6 8901
5 6 8902
5 6 8903
5 6 8904
5 6 8905
5 6 8906
5 6 8907
5 6 8908
5 6 8909
5 6 8910
5 6 8911
5 6 8912
5 6 8913
5 6 8914
5 6 8915
5 6 8916
5 6 8917
5 6 8918
5 6 8919
5 6 8920
5 6 8921
5 6 8922
5 6 8923
5 6 8924
5 6 8925
5 6 8926
5 6 8927
5 6 8928
5 6 8929
5 6 8930
5 6 8931
5 6 8932
5 6 8933
5 6 8934
5 6 8935
5 6 8936
5 6 8937
5 6 8938
5 6 8939
5 6 8940
5 6 8941
5 6 8942
5 6 8943
5 6 8944
5 6 8945
5 6 8946
5 6 8947
5 6 8948
5 6 8949
5 6 8950
5 6 8951
5 6 8952
5 6 8953
5 6 8954
5 6 8955
5 6 8956
5 6 8957
5 6 8958
5 6 8959
5 6 8960
5 6 8961
5 6 8962
5 6 8963
5 6 8964
5 6 8965
5 6 8966
5 6 8967
5 6 8968
5 6 8969
5 6 8970
5 6 8971
5 6 8972
5 6 8973
5 6 8974
5 6 8975
5 6 8976
5 6 8977
5 6 8978
5 6 8979
5 6 8980
5 6 8981
5 6 8982
5 6 8983
5 6 8984
5 6 8985
5 6 8986
5 6 8987
5 6 8988
5 6 8989
5 6 8990
5 6 8991
5 6 8992
5 6 8993
5 6 8994
5 6 8995
5 6 8996
5 6 8997
5 6 8998
5 6 8999
5 6 9000
5 6 9001
5 6 9002
5 6 9003
5 6 9004
5 6 9005
5 6 9006
5 6 9007
5 6 9008
5 6 9009
5 6 9010
5 6 9011
5 6 9012
5 6 9013
5 6 9014
5 6 9015
5 6 9016
5 6 9017
5 6 9018
5 6 9019
5 6 9020
5 6 9021
5 6 9022
5 6 9023
5 6 9024
5 6 9025
5 6 9026
5 6 9027
5 6 9028
5 6 9029
5 6 9030
5 6 9031
5 6 9032
5 6 9033
5 6 9034
5 6 9035
5 6 9036
5 6 9037
5 6 9038
5 6 9039
5 6 9040
5 6 9041
5 6 9042
5 6 9043
5 6 9044
5 6 9045
5 6 9046
5 6 9047
5 6 9048
5 6 9049
5 6 9050
5 6 9051
5 6 9052
5 6 9053
5 6 9054
5 6 9055
5 6 9056
5 6 9057
5 6 9058
5 6 9059
5 6 9060
5 6 9061
5 6 9062
5 6 9063
5 6 9064
5 6 9065
5 6 9066
5 6 9067
5 6 9068
5 6 9069
5 6 9070
5 6 9071
5 6 9072
5 6 9073
5 6 9074
5 6 9075
5 6 9076
5 6 9077
5 6 9078
5 6 9079
5 6 9080
5 6 9081
5 6 9082
5 6 9083
5 6 9084
5 6 9085
5 6 9086
5 6 9087
5 6 9088
5 6 9089
5 6 9090
5 6 9091
5 6 9092
5 6 9093
5 6 9094
5 6 9095
5 6 9096
5 6 9097
5 6 9098
5 6 9099
5 6 9100
5 6 9101
5 6 9102
5 6 9103
5 6 9104
5 6 9105
5 6 9106
5 6 9107
5 6 9108
5 6 9109
5 6 9110
5 6 9111
5 6 9112
5 6 9113
5 6 9114
5 6 9115
5 6 9116
5 6 9117
5 6 9118
5 6 9119
5 6 9120
5 6 9121
5 6 9122
5 6 9123
5 6 9124
5 6 9125
5 6 9126
5 6 9127
5 6 9128
5 6 9129
5 6 9130
5 6 9131
5 6 9132
5 6 9133
5 6 9134
5 6 9135
5 6 9136
5 6 9137
5 6 9138
5 6 9139
5 6 9140
5 6 9141
5 6 9142
5 6 9143
5 6 9144
5 6 9145
5 6 9146
5 6 9147
5 6 9148
5 6 9149
5 6 9150
5 6 9151
5 6 9152
5 6 9153
5 6 9154
5 6 9155
5 6 9156
5 6 9157
5 6 9158
5 6 9159
5 6 9160
5 6 9161
5 6 9162
5 6 9163
5 6 9164
5 6 9165
5 6 9166
5 6 9167
5 6 9168
5 6 9169
5 6 9170
5 6 9171
5 6 9172
5 6 9173
5 6 9174
5 6 9175
5 6 9176
5 6 9177
5 6 9178
5 6 9179
5 6 9180
5 6 9181
5 6 9182
5 6 9183
5 6 9184
5 6 9185
5 6 9186
5 6 9187
5 6 9188
5 6 9189
5 6 9190
5 6 9191
5 6 9192
5 6 9193
5 6 9194
5 6 9195
5 6 9196
5 6 9197
5 6 9198
5 6 9199
5 6 9200
5 6 9201
5 6 9202
5 6 9203
5 6 9204
5 6 9205
5 6 9206
5 6 9207
5 6 9208
5 6 9209
5 6 9210
5 6 9211
5 6 9212
5 6 9213
5 6 9214
5 6 9215
5 6 9216
5 6 9217
5 6 9218
5 6 9219
5 6 9220
5 6 9221
5 6 9222
5 6 9223
5 6 9224
5 6 9225
5 6 9226
5 6 9227
5 6 9228
5 6 9229
5 6 9230
5 6 9231
5 6 9232
5 6 9233
5 6 9234
5 6 9235
5 6 9236
5 6 9237
5 6 9238
5 6 9239
5 6 9240
5 6 9241
5 6 9242
5 6 9243
5 6 9244
5 6 9245
5 6 9246
5 6 9247
5 6 9248
5 6 9249
5 6 9250
5 6 9251
5 6 9252
5 6 9253
5 6 9254
5 6 9255
5 6 9256
5 6 9257
5 6 9258
5 6 9259
5 6 9260
5 6 9261
5 6 9262
5 6 9263
5 6 9264
5 6 9265
5 6 9266
5 6 9267
5 6 9268
5 6 9269
5 6 9270
5 6 9271
5 6 9272
5 6 9273
5 6 9274
5 6 9275
5 6 9276
5 6 9277
5 6 9278
5 6 9279
5 6 9280
5 6 9281
5 6 9282
5 6 9283
5 6 9284
5 6 9285
5 6 9286
5 6 9287
5 6 9288
5 6 9289
5 6 9290
5 6 9291
5 6 9292
5 6 9293
5 6 9294
5 6 9295
5 6 9296
5 6 9297
5 6 9298
5 6 9299
5 6 9300
5 6 9301
5 6 9302
5 6 9303
5 6 9304
5 6 9305
5 6 9306
5 6 9307
5 6 9308
5 6 9309
5 6 9310
5 6 9311
5 6 9312
5 6 9313
5 6 9314
5 6 9315
5 6 9316
5 6 9317
5 6 9318
5 6 9319
5 6 9320
5 6 9321
5 6 9322
5 6 9323
5 6 9324
5 6 9325
5 6 9326
5 6 9327
5 6 9328
5 6 9329
5 6 9330
5 6 9331
5 6 9332
5 6 9333
5 6 9334
5 6 9335
5 6 9336
5 6 9337
5 6 9338
5 6 9339
5 6 9340
5 6 9341
5 6 9342
5 6 9343
5 6 9344
5 6 9345
5 6 9346
5 6 9347
5 6 9348
5 6 9349
5 6 9350
5 6 9351
5 6 9352
5 6 9353
5 6 9354
5 6 9355
5 6 9356
5 6 9357
5 6 9358
5 6 9359
5 6 9360
5 6 9361
5 6 9362
5 6 9363
5 6 9364
5 6 9365
5 6 9366
5 6 9367
5 6 9368
5 6 9369
5 6 9370
5 6 9371
5 6 9372
5 6 9373
5 6 9374
5 6 9375
5 6 9376
5 6 9377
5 6 9378
5 6 9379
5 6 9380
5 6 9381
5 6 9382
5 6 9383
5 6 9384
5 6 9385
5 6 9386
5 6 9387
5 6 9388
5 6 9389
5 6 9390
5 6 9391
5 6 9392
5 6 9393
5 6 9394
5 6 9395
5 6 9396
5 6 9397
5 6 9398
5 6 9399
5 6 9400
5 6 9401
5 6 9402
5 6 9403
5 6 9404
5 6 9405
5 6 9406
5 6 9407
5 6 9408
5 6 9409
5 6 9410
5 6 9411
5 6 9412
5 6 9413
5 6 9414
5 6 9415
5 6 9416
5 6 9417
5 6 9418
5 6 9419
5 6 9420
5 6 9421
5 6 9422
5 6 9423
5 6 9424
5 6 9425
5 6 9426
5 6 9427
5 6 9428
5 6 9429
5 6 9430
5 6 9431
5 6 9432
5 6 9433
5 6 9434
5 6 9435
5 6 9436
5 6 9437
5 6 9438
5 6 9439
5 6 9440
5 6 9441
5 6 9442
5 6 9443
5 6 9444
5 6 9445
5 6 9446
5 6 9447
5 6 9448
5 6 9449
5 6 9450
5 6 9451
5 6 9452
5 6 9453
5 6 9454
5 6 9455
5 6 9456
5 6 9457
5 6 9458
5 6 9459
5 6 9460
5 6 9461
5 6 9462
5 6 9463
5 6 9464
5 6 9465
5 6 9466
5 6 9467
5 6 9468
5 6 9469
5 6 9470
5 6 9471
5 6 9472
5 6 9473
5 6 9474
5 6 9475
5 6 9476
5 6 9477
5 6 9478
5 6 9479
5 6 9480
5 6 9481
5 6 9482
5 6 9483
5 6 9484
5 6 9485
5 6 9486
5 6 9487
5 6 9488
5 6 9489
5 6 9490
5 6 9491
5 6 9492
5 6 9493
5 6 9494
5 6 9495
5 6 9496
5 6 9497
5 6 9498
5 6 9499
5 6 9500
5 6 9501
5 6 9502
5 6 9503
5 6 9504
5 6 9505
5 6 9506
5 6 9507
5 6 9508
5 6 9509
5 6 9510
5 6 9511
5 6 9512
5 6 9513
5 6 9514
5 6 9515
5 6 9516
5 6 9517
5 6 9518
5 6 9519
5 6 9520
5 6 9521
5 6 9522
5 6 9523
5 6 9524
5 6 9525
5 6 9526
5 6 9527
5 6 9528
5 6 9529
5 6 9530
5 6 9531
5 6 9532
5 6 9533
5 6 9534
5 6 9535
5 6 9536
5 6 9537
5 6 9538
5 6 9539
5 6 9540
5 6 9541
5 6 9542
5 6 9543
5 6 9544
5 6 9545
5 6 9546
5 6 9547
5 6 9548
5 6 9549
5 6 9550
5 6 9551
5 6 9552
5 6 9553
5 6 9554
5 6 9555
5 6 9556
5 6 9557
5 6 9558
5 6 9559
5 6 9560
5 6 9561
5 6 9562
5 6 9563
5 6 9564
5 6 9565
5 6 9566
5 6 9567
5 6 9568
5 6 9569
5 6 9570
5 6 9571
5 6 9572
5 6 9573
5 6 9574
5 6 9575
5 6 9576
5 6 9577
5 6 9578
5 6 9579
5 6 9580
5 6 9581
5 6 9582
5 6 9583
5 6 9584
5 6 9585
5 6 9586
5 6 9587
5 6 9588
5 6 9589
5 6 9590
5 6 9591
5 6 9592
5 6 9593
5 6 9594
5 6 9595
5 6 9596
5 6 9597
5 6 9598
5 6 9599
5 6 9600
5 6 9601
5 6 9602
5 6 9603
5 6 9604
5 6 9605
5 6 9606
5 6 9607
5 6 9608
5 6 9609
5 6 9610
5 6 9611
5 6 9612
5 6 9613
5 6 9614
5 6 9615
5 6 9616
5 6 9617
5 6 9618
5 6 9619
5 6 9620
5 6 9621
5 6 9622
5 6 9623
5 6 9624
5 6 9625
5 6 9626
5 6 9627
5 6 9628
5 6 9629
5 6 9630
5 6 9631
5 6 9632
5 6 9633
5 6 9634
5 6 9635
5 6 9636
5 6 9637
5 6 9638
5 6 9639
5 6 9640
5 6 9641
5 6 9642
5 6 9643
5 6 9644
5 6 9645
5 6 9646
5 6 9647
5 6 9648
5 6 9649
5 6 9650
5 6 9651
5 6 9652
5 6 9653
5 6 9654
5 6 9655
5 6 9656
5 6 9657
5 6 9658
5 6 9659
5 6 9660
5 6 9661
5 6 9662
5 6 9663
5 6 9664
5 6 9665
5 6 9666
5 6 9667
5 6 9668
5 6 9669
5 6 9670
5 6 9671
5 6 9672
5 6 9673
5 6 9674
5 6 9675
5 6 9676
5 6 9677
5 6 9678
5 6 9679
5 6 9680
5 6 9681
5 6 9682
5 6 9683
5 6 9684
5 6 9685
5 6 9686
5 6 9687
5 6 9688
5 6 9689
5 6 9690
5 6 9691
5 6 9692
5 6 9693
5 6 9694
5 6 9695
5 6 9696
5 6 9697
5 6 9698
5 6 9699
5 6 9700
5 6 9701
5 6 9702
5 6 9703
5 6 9704
5 6 9705
5 6 9706
5 6 9707
5 6 9708
5 6 9709
5 6 9710
5 6 9711
5 6 9712
5 6 9713
5 6 9714
5 6 9715
5 6 9716
5 6 9717
5 6 9718
5 6 9719
5 6 9720
5 6 9721
5 6 9722
5 6 9723
5 6 9724
5 6 9725
5 6 9726
5 6 9727
5 6 9728
5 6 9729
5 6 9730
5 6 9731
5 6 9732
5 6 9733
5 6 9734
5 6 9735
5 6 9736
5 6 9737
5 6 9738
5 6 9739
5 6 9740
5 6 9741
5 6 9742
5 6 9743
5 6 9744
5 6 9745
5 6 9746
5 6 9747
5 6 9748
5 6 9749
5 6 9750
5 6 9751
5 6 9752
5 6 9753
5 6 9754
5 6 9755
5 6 9756
5 6 9757
5 6 9758
5 6 9759
5 6 9760
5 6 9761
5 6 9762
5 6 9763
5 6 9764
5 6 9765
5 6 9766
5 6 9767
5 6 9768
5 6 9769
5 6 9770
5 6 9771
5 6 9772
5 6 9773
5 6 9774
5 6 9775
5 6 9776
5 6 9777
5 6 9778
5 6 9779
5 6 9780
5 6 9781
5 6 9782
5 6 9783
5 6 9784
5 6 9785
5 6 9786
5 6 9787
5 6 9788
5 6 9789
5 6 9790
5 6 9791
5 6 9792
5 6 9793
5 6 9794
5 6 9795
5 6 9796
5 6 9797
5 6 9798
5 6 9799
5 6 9800
5 6 9801
5 6 9802
5 6 9803
5 6 9804
5 6 9805
5 6 9806
5 6 9807
5 6 9808
5 6 9809
5 6 9810
5 6 9811
5 6 9812
5 6 9813
5 6 9814
5 6 9815
5 6 9816
5 6 9817
5 6 9818
5 6 9819
5 6 9820
5 6 9821
5 6 9822
5 6 9823
5 6 9824
5 6 9825
5 6 9826
5 6 9827
5 6 9828
5 6 9829
5 6 9830
