5 8 1
5 8 2
5 8 3
5 8 4
5 8 5
5 8 6
5 8 7
5 8 8
5 8 9
5 8 10
5 8 11
5 8 12
5 8 13
5 8 14
5 8 15
5 8 16
5 8 17
5 8 18
5 8 19
5 8 20
5 8 21
5 8 22
5 8 23
5 8 24
5 8 25
5 8 26
5 8 27
5 8 28
5 8 29
5 8 30
5 8 31
5 8 32
5 8 33
5 8 34
5 8 35
5 8 36
5 8 37
5 8 38
5 8 39
5 8 40
5 8 41
5 8 42
5 8 43
5 8 44
5 8 45
5 8 46
5 8 47
5 8 48
5 8 49
5 8 50
5 8 51
5 8 52
5 8 53
5 8 54
5 8 55
5 8 56
5 8 57
5 8 58
5 8 59
5 8 60
5 8 61
5 8 62
5 8 63
5 8 64
5 8 65
5 8 66
5 8 67
5 8 68
5 8 69
5 8 70
5 8 71
5 8 72
5 8 73
5 8 74
5 8 75
5 8 76
5 8 77
5 8 78
5 8 79
5 8 80
5 8 81
5 8 82
5 8 83
5 8 84
5 8 85
5 8 86
5 8 87
5 8 88
5 8 89
5 8 90
5 8 91
5 8 92
5 8 93
5 8 94
5 8 95
5 8 96
5 8 97
5 8 98
5 8 99
5 8 100
5 8 101
5 8 102
5 8 103
5 8 104
5 8 105
5 8 106
5 8 107
5 8 108
5 8 109
5 8 110
5 8 111
5 8 112
5 8 113
5 8 114
5 8 115
5 8 116
5 8 117
5 8 118
5 8 119
5 8 120
5 8 121
5 8 122
5 8 123
5 8 124
5 8 125
5 8 126
5 8 127
5 8 128
5 8 129
5 8 130
5 8 131
5 8 132
5 8 133
5 8 134
5 8 135
5 8 136
5 8 137
5 8 138
5 8 139
5 8 140
5 8 141
5 8 142
5 8 143
5 8 144
5 8 145
5 8 146
5 8 147
5 8 148
5 8 149
5 8 150
5 8 151
5 8 152
5 8 153
5 8 154
5 8 155
5 8 156
5 8 157
5 8 158
5 8 159
5 8 160
5 8 161
5 8 162
5 8 163
5 8 164
5 8 165
5 8 166
5 8 167
5 8 168
5 8 169
5 8 170
5 8 171
5 8 172
5 8 173
5 8 174
5 8 175
5 8 176
5 8 177
5 8 178
5 8 179
5 8 180
5 8 181
5 8 182
5 8 183
5 8 184
5 8 185
5 8 186
5 8 187
5 8 188
5 8 189
5 8 190
5 8 191
5 8 192
5 8 193
5 8 194
5 8 195
5 8 196
5 8 197
5 8 198
5 8 199
5 8 200
5 8 201
5 8 202
5 8 203
5 8 204
5 8 205
5 8 206
5 8 207
5 8 208
5 8 209
5 8 210
5 8 211
5 8 212
5 8 213
5 8 214
5 8 215
5 8 216
5 8 217
5 8 218
5 8 219
5 8 220
5 8 221
5 8 222
5 8 223
5 8 224
5 8 225
5 8 226
5 8 227
5 8 228
5 8 229
5 8 230
5 8 231
5 8 232
5 8 233
5 8 234
5 8 235
5 8 236
5 8 237
5 8 238
5 8 239
5 8 240
5 8 241
5 8 242
5 8 243
5 8 244
5 8 245
5 8 246
5 8 247
5 8 248
5 8 249
5 8 250
5 8 251
5 8 252
5 8 253
5 8 254
5 8 255
5 8 256
5 8 257
5 8 258
5 8 259
5 8 260
5 8 261
5 8 262
5 8 263
5 8 264
5 8 265
5 8 266
5 8 267
5 8 268
5 8 269
5 8 270
5 8 271
5 8 272
5 8 273
5 8 274
5 8 275
5 8 276
5 8 277
5 8 278
5 8 279
5 8 280
5 8 281
5 8 282
5 8 283
5 8 284
5 8 285
5 8 286
5 8 287
5 8 288
5 8 289
5 8 290
5 8 291
5 8 292
5 8 293
5 8 294
5 8 295
5 8 296
5 8 297
5 8 298
5 8 299
5 8 300
5 8 301
5 8 302
5 8 303
5 8 304
5 8 305
5 8 306
5 8 307
5 8 308
5 8 309
5 8 310
5 8 311
5 8 312
5 8 313
5 8 314
5 8 315
5 8 316
5 8 317
5 8 318
5 8 319
5 8 320
5 8 321
5 8 322
5 8 323
5 8 324
5 8 325
5 8 326
5 8 327
5 8 328
5 8 329
5 8 330
5 8 331
5 8 332
5 8 333
5 8 334
5 8 335
5 8 336
5 8 337
5 8 338
5 8 339
5 8 340
5 8 341
5 8 342
5 8 343
5 8 344
5 8 345
5 8 346
5 8 347
5 8 348
5 8 349
5 8 350
5 8 351
5 8 352
5 8 353
5 8 354
5 8 355
5 8 356
5 8 357
5 8 358
5 8 359
5 8 360
5 8 361
5 8 362
5 8 363
5 8 364
5 8 365
5 8 366
5 8 367
5 8 368
5 8 369
5 8 370
5 8 371
5 8 372
5 8 373
5 8 374
5 8 375
5 8 376
5 8 377
5 8 378
5 8 379
5 8 380
5 8 381
5 8 382
5 8 383
5 8 384
5 8 385
5 8 386
5 8 387
5 8 388
5 8 389
5 8 390
5 8 391
5 8 392
5 8 393
5 8 394
5 8 395
5 8 396
5 8 397
5 8 398
5 8 399
5 8 400
5 8 401
5 8 402
5 8 403
5 8 404
5 8 405
5 8 406
5 8 407
5 8 408
5 8 409
