5 8 1
5 8 2
5 8 3
5 8 4
5 8 5
5 8 6
5 8 7
5 8 8
5 8 9
5 8 10
5 8 11
5 8 12
5 8 13
5 8 14
5 8 15
5 8 16
5 8 17
5 8 18
5 8 19
5 8 20
5 8 21
5 8 22
5 8 23
5 8 24
5 8 25
5 8 26
5 8 27
5 8 28
5 8 29
5 8 30
5 8 31
5 8 32
5 8 33
5 8 34
5 8 35
5 8 36
5 8 37
5 8 38
5 8 39
5 8 40
5 8 41
5 8 42
5 8 43
5 8 44
5 8 45
5 8 46
5 8 47
5 8 48
5 8 49
5 8 50
5 8 51
5 8 52
5 8 53
5 8 54
5 8 55
5 8 56
5 8 57
5 8 58
5 8 59
5 8 60
5 8 61
5 8 62
5 8 63
5 8 64
5 8 65
5 8 66
5 8 67
5 8 68
5 8 69
5 8 70
5 8 71
5 8 72
5 8 73
5 8 74
5 8 75
5 8 76
5 8 77
5 8 78
5 8 79
5 8 80
5 8 81
5 8 82
5 8 83
5 8 84
5 8 85
5 8 86
5 8 87
5 8 88
5 8 89
5 8 90
5 8 91
5 8 92
5 8 93
5 8 94
5 8 95
5 8 96
5 8 97
5 8 98
5 8 99
5 8 100
5 8 101
5 8 102
5 8 103
5 8 104
5 8 105
5 8 106
5 8 107
5 8 108
5 8 109
5 8 110
5 8 111
5 8 112
5 8 113
5 8 114
5 8 115
5 8 116
5 8 117
5 8 118
5 8 119
5 8 120
5 8 121
5 8 122
5 8 123
5 8 124
5 8 125
5 8 126
5 8 127
5 8 128
5 8 129
5 8 130
5 8 131
5 8 132
5 8 133
5 8 134
5 8 135
5 8 136
5 8 137
5 8 138
5 8 139
5 8 140
5 8 141
5 8 142
5 8 143
5 8 144
5 8 145
5 8 146
5 8 147
5 8 148
5 8 149
5 8 150
5 8 151
5 8 152
5 8 153
5 8 154
5 8 155
5 8 156
5 8 157
5 8 158
5 8 159
5 8 160
5 8 161
5 8 162
5 8 163
5 8 164
5 8 165
5 8 166
5 8 167
5 8 168
5 8 169
5 8 170
5 8 171
5 8 172
5 8 173
5 8 174
5 8 175
5 8 176
5 8 177
5 8 178
5 8 179
5 8 180
5 8 181
5 8 182
5 8 183
5 8 184
5 8 185
5 8 186
5 8 187
5 8 188
5 8 189
5 8 190
5 8 191
5 8 192
5 8 193
5 8 194
5 8 195
5 8 196
5 8 197
5 8 198
5 8 199
5 8 200
5 8 201
5 8 202
5 8 203
5 8 204
