123 135 1
124 135 1
125 135 1
126 135 1
127 135 1
128 135 1
129 135 1
130 135 1
131 135 1
132 135 1
133 135 1
134 135 1
123 136 2
124 136 2
125 136 2
126 136 2
127 136 2
128 136 2
129 136 2
130 136 2
131 136 2
132 136 2
133 136 2
134 136 2
123 137 3
124 137 3
125 137 3
126 137 3
127 137 3
128 137 3
129 137 3
130 137 3
131 137 3
132 137 3
133 137 3
134 137 3
123 138 4
124 138 4
125 138 4
126 138 4
127 138 4
128 138 4
129 138 4
130 138 4
131 138 4
132 138 4
133 138 4
134 138 4
123 139 5
124 139 5
125 139 5
126 139 5
127 139 5
128 139 5
129 139 5
130 139 5
131 139 5
132 139 5
133 139 5
134 139 5
123 140 6
124 140 6
125 140 6
126 140 6
127 140 6
128 140 6
129 140 6
130 140 6
131 140 6
132 140 6
133 140 6
134 140 6
123 135 7
124 135 7
125 135 7
126 135 7
127 135 7
128 135 7
129 135 7
130 135 7
131 135 7
132 135 7
133 135 7
134 135 7
123 136 8
124 136 8
125 136 8
126 136 8
127 136 8
128 136 8
129 136 8
130 136 8
131 136 8
132 136 8
133 136 8
134 136 8
123 137 9
124 137 9
125 137 9
126 137 9
127 137 9
128 137 9
129 137 9
130 137 9
131 137 9
132 137 9
133 137 9
134 137 9
123 138 10
124 138 10
125 138 10
126 138 10
127 138 10
128 138 10
129 138 10
130 138 10
131 138 10
132 138 10
133 138 10
134 138 10
123 139 11
124 139 11
125 139 11
126 139 11
127 139 11
128 139 11
129 139 11
130 139 11
131 139 11
132 139 11
133 139 11
134 139 11
123 140 12
124 140 12
125 140 12
126 140 12
127 140 12
128 140 12
129 140 12
130 140 12
131 140 12
132 140 12
133 140 12
134 140 12
123 135 13
124 135 13
125 135 13
126 135 13
127 135 13
128 135 13
129 135 13
130 135 13
131 135 13
132 135 13
133 135 13
134 135 13
123 136 14
124 136 14
125 136 14
126 136 14
127 136 14
128 136 14
129 136 14
130 136 14
131 136 14
132 136 14
133 136 14
134 136 14
123 137 15
124 137 15
125 137 15
126 137 15
127 137 15
128 137 15
129 137 15
130 137 15
131 137 15
132 137 15
133 137 15
134 137 15
123 138 16
124 138 16
125 138 16
126 138 16
127 138 16
128 138 16
129 138 16
130 138 16
131 138 16
132 138 16
133 138 16
134 138 16
123 139 17
124 139 17
125 139 17
126 139 17
127 139 17
128 139 17
129 139 17
130 139 17
131 139 17
132 139 17
133 139 17
134 139 17
123 140 18
124 140 18
125 140 18
126 140 18
127 140 18
128 140 18
129 140 18
130 140 18
131 140 18
132 140 18
133 140 18
134 140 18
123 135 19
124 135 19
125 135 19
126 135 19
127 135 19
128 135 19
129 135 19
130 135 19
131 135 19
132 135 19
133 135 19
134 135 19
123 136 20
124 136 20
125 136 20
126 136 20
127 136 20
128 136 20
129 136 20
130 136 20
131 136 20
132 136 20
133 136 20
134 136 20
123 137 21
124 137 21
125 137 21
126 137 21
127 137 21
128 137 21
129 137 21
130 137 21
131 137 21
132 137 21
133 137 21
134 137 21
123 138 22
124 138 22
125 138 22
126 138 22
127 138 22
128 138 22
129 138 22
130 138 22
131 138 22
132 138 22
133 138 22
134 138 22
123 139 23
124 139 23
125 139 23
126 139 23
127 139 23
128 139 23
129 139 23
130 139 23
131 139 23
132 139 23
133 139 23
134 139 23
123 140 24
124 140 24
125 140 24
126 140 24
127 140 24
128 140 24
129 140 24
130 140 24
131 140 24
132 140 24
133 140 24
134 140 24
123 135 25
124 135 25
125 135 25
126 135 25
127 135 25
128 135 25
129 135 25
130 135 25
131 135 25
132 135 25
133 135 25
134 135 25
123 136 26
124 136 26
125 136 26
126 136 26
127 136 26
128 136 26
129 136 26
130 136 26
131 136 26
132 136 26
133 136 26
134 136 26
123 137 27
124 137 27
125 137 27
126 137 27
127 137 27
128 137 27
129 137 27
130 137 27
131 137 27
132 137 27
133 137 27
134 137 27
123 138 28
124 138 28
125 138 28
126 138 28
127 138 28
128 138 28
129 138 28
130 138 28
131 138 28
132 138 28
133 138 28
134 138 28
123 139 29
124 139 29
125 139 29
126 139 29
127 139 29
128 139 29
129 139 29
130 139 29
131 139 29
132 139 29
133 139 29
134 139 29
123 140 30
124 140 30
125 140 30
126 140 30
127 140 30
128 140 30
129 140 30
130 140 30
131 140 30
132 140 30
133 140 30
134 140 30
123 135 31
124 135 31
125 135 31
126 135 31
127 135 31
128 135 31
129 135 31
130 135 31
131 135 31
132 135 31
133 135 31
134 135 31
123 136 32
124 136 32
125 136 32
126 136 32
127 136 32
128 136 32
129 136 32
130 136 32
131 136 32
132 136 32
133 136 32
134 136 32
123 137 33
124 137 33
125 137 33
126 137 33
127 137 33
128 137 33
129 137 33
130 137 33
131 137 33
132 137 33
133 137 33
134 137 33
123 138 34
124 138 34
125 138 34
126 138 34
127 138 34
128 138 34
129 138 34
130 138 34
131 138 34
132 138 34
133 138 34
134 138 34
123 139 35
124 139 35
125 139 35
126 139 35
127 139 35
128 139 35
129 139 35
130 139 35
131 139 35
132 139 35
133 139 35
134 139 35
123 140 36
124 140 36
125 140 36
126 140 36
127 140 36
128 140 36
129 140 36
130 140 36
131 140 36
132 140 36
133 140 36
134 140 36
123 135 37
124 135 37
125 135 37
126 135 37
127 135 37
128 135 37
129 135 37
130 135 37
131 135 37
132 135 37
133 135 37
134 135 37
123 136 38
124 136 38
125 136 38
126 136 38
127 136 38
128 136 38
129 136 38
130 136 38
131 136 38
132 136 38
133 136 38
134 136 38
123 137 39
124 137 39
125 137 39
126 137 39
127 137 39
128 137 39
129 137 39
130 137 39
131 137 39
132 137 39
133 137 39
134 137 39
123 138 40
124 138 40
125 138 40
126 138 40
127 138 40
128 138 40
129 138 40
130 138 40
131 138 40
132 138 40
133 138 40
134 138 40
123 139 41
124 139 41
125 139 41
126 139 41
127 139 41
128 139 41
129 139 41
130 139 41
131 139 41
132 139 41
133 139 41
134 139 41
123 140 42
124 140 42
125 140 42
126 140 42
127 140 42
128 140 42
129 140 42
130 140 42
131 140 42
132 140 42
133 140 42
134 140 42
123 135 43
124 135 43
125 135 43
126 135 43
127 135 43
128 135 43
129 135 43
130 135 43
131 135 43
132 135 43
133 135 43
134 135 43
123 136 44
124 136 44
125 136 44
126 136 44
127 136 44
128 136 44
129 136 44
130 136 44
131 136 44
132 136 44
133 136 44
134 136 44
123 137 45
124 137 45
125 137 45
126 137 45
127 137 45
128 137 45
129 137 45
130 137 45
131 137 45
132 137 45
133 137 45
134 137 45
123 138 46
124 138 46
125 138 46
126 138 46
127 138 46
128 138 46
129 138 46
130 138 46
131 138 46
132 138 46
133 138 46
134 138 46
123 139 47
124 139 47
125 139 47
126 139 47
127 139 47
128 139 47
129 139 47
130 139 47
131 139 47
132 139 47
133 139 47
134 139 47
123 140 48
124 140 48
125 140 48
126 140 48
127 140 48
128 140 48
129 140 48
130 140 48
131 140 48
132 140 48
133 140 48
134 140 48
123 135 49
124 135 49
125 135 49
126 135 49
127 135 49
128 135 49
129 135 49
130 135 49
131 135 49
132 135 49
133 135 49
134 135 49
123 136 50
124 136 50
125 136 50
126 136 50
127 136 50
128 136 50
129 136 50
130 136 50
131 136 50
132 136 50
133 136 50
134 136 50
123 137 51
124 137 51
125 137 51
126 137 51
127 137 51
128 137 51
129 137 51
130 137 51
131 137 51
132 137 51
133 137 51
134 137 51
123 138 52
124 138 52
125 138 52
126 138 52
127 138 52
128 138 52
129 138 52
130 138 52
131 138 52
132 138 52
133 138 52
134 138 52
123 139 53
124 139 53
125 139 53
126 139 53
127 139 53
128 139 53
129 139 53
130 139 53
131 139 53
132 139 53
133 139 53
134 139 53
123 140 54
124 140 54
125 140 54
126 140 54
127 140 54
128 140 54
129 140 54
130 140 54
131 140 54
132 140 54
133 140 54
134 140 54
123 135 55
124 135 55
125 135 55
126 135 55
127 135 55
128 135 55
129 135 55
130 135 55
131 135 55
132 135 55
133 135 55
134 135 55
123 136 56
124 136 56
125 136 56
126 136 56
127 136 56
128 136 56
129 136 56
130 136 56
131 136 56
132 136 56
133 136 56
134 136 56
123 137 57
124 137 57
125 137 57
126 137 57
127 137 57
128 137 57
129 137 57
130 137 57
131 137 57
132 137 57
133 137 57
134 137 57
123 138 58
124 138 58
125 138 58
126 138 58
127 138 58
128 138 58
129 138 58
130 138 58
131 138 58
132 138 58
133 138 58
134 138 58
123 139 59
124 139 59
125 139 59
126 139 59
127 139 59
128 139 59
129 139 59
130 139 59
131 139 59
132 139 59
133 139 59
134 139 59
123 140 60
124 140 60
125 140 60
126 140 60
127 140 60
128 140 60
129 140 60
130 140 60
131 140 60
132 140 60
133 140 60
134 140 60
