16 19 1
17 19 1
18 19 1
16 20 2
17 20 2
18 20 2
16 21 3
17 21 3
18 21 3
16 19 4
17 19 4
18 19 4
16 20 5
17 20 5
18 20 5
16 21 6
17 21 6
18 21 6
16 19 7
17 19 7
18 19 7
16 20 8
17 20 8
18 20 8
16 21 9
17 21 9
18 21 9
16 19 10
17 19 10
18 19 10
16 20 11
17 20 11
18 20 11
16 21 12
17 21 12
18 21 12
16 19 13
17 19 13
18 19 13
16 20 14
17 20 14
18 20 14
16 21 15
17 21 15
18 21 15
16 19 16
17 19 16
18 19 16
16 20 17
17 20 17
18 20 17
16 21 18
17 21 18
18 21 18
16 19 19
17 19 19
18 19 19
16 20 20
17 20 20
18 20 20
16 21 21
17 21 21
18 21 21
16 19 22
17 19 22
18 19 22
16 20 23
17 20 23
18 20 23
16 21 24
17 21 24
18 21 24
16 19 25
17 19 25
18 19 25
16 20 26
17 20 26
18 20 26
16 21 27
17 21 27
18 21 27
16 19 28
17 19 28
18 19 28
16 20 29
17 20 29
18 20 29
16 21 30
17 21 30
18 21 30
16 19 31
17 19 31
18 19 31
16 20 32
17 20 32
18 20 32
16 21 33
17 21 33
18 21 33
