20 22 1
21 22 1
20 23 2
21 23 2
20 22 3
21 22 3
20 23 4
21 23 4
20 22 5
21 22 5
20 23 6
21 23 6
20 22 7
21 22 7
20 23 8
21 23 8
20 22 9
21 22 9
20 23 10
21 23 10
20 22 11
21 22 11
20 23 12
21 23 12
20 22 13
21 22 13
20 23 14
21 23 14
20 22 15
21 22 15
20 23 16
21 23 16
20 22 17
21 22 17
20 23 18
21 23 18
20 22 19
21 22 19
20 23 20
21 23 20
20 22 21
21 22 21
20 23 22
21 23 22
20 22 23
21 22 23
20 23 24
21 23 24
20 22 25
21 22 25
20 23 26
21 23 26
20 22 27
21 22 27
20 23 28
21 23 28
20 22 29
21 22 29
20 23 30
21 23 30
20 22 31
21 22 31
20 23 32
21 23 32
20 22 33
21 22 33
20 23 34
21 23 34
20 22 35
21 22 35
20 23 36
21 23 36
20 22 37
21 22 37
20 23 38
21 23 38
20 22 39
21 22 39
20 23 40
21 23 40
20 22 41
21 22 41
20 23 42
21 23 42
20 22 43
21 22 43
20 23 44
21 23 44
20 22 45
21 22 45
20 23 46
21 23 46
20 22 47
21 22 47
20 23 48
21 23 48
