28 30 1
29 30 1
28 31 2
29 31 2
28 30 3
29 30 3
28 31 4
29 31 4
28 30 5
29 30 5
28 31 6
29 31 6
28 30 7
29 30 7
28 31 8
29 31 8
28 30 9
29 30 9
28 31 10
29 31 10
28 30 11
29 30 11
28 31 12
29 31 12
28 30 13
29 30 13
28 31 14
29 31 14
28 30 15
29 30 15
28 31 16
29 31 16
28 30 17
29 30 17
28 31 18
29 31 18
28 30 19
29 30 19
28 31 20
29 31 20
28 30 21
29 30 21
28 31 22
29 31 22
28 30 23
29 30 23
28 31 24
29 31 24
28 30 25
29 30 25
28 31 26
29 31 26
28 30 27
29 30 27
28 31 28
29 31 28
28 30 29
29 30 29
28 31 30
29 31 30
28 30 31
29 30 31
28 31 32
29 31 32
28 30 33
29 30 33
28 31 34
29 31 34
28 30 35
29 30 35
28 31 36
29 31 36
28 30 37
29 30 37
28 31 38
29 31 38
28 30 39
29 30 39
28 31 40
29 31 40
28 30 41
29 30 41
28 31 42
29 31 42
28 30 43
29 30 43
28 31 44
29 31 44
28 30 45
29 30 45
28 31 46
29 31 46
28 30 47
29 30 47
28 31 48
29 31 48
