168 180 1
169 180 1
170 180 1
171 180 1
172 180 1
173 180 1
174 180 1
175 180 1
176 180 1
177 180 1
178 180 1
179 180 1
168 181 2
169 181 2
170 181 2
171 181 2
172 181 2
173 181 2
174 181 2
175 181 2
176 181 2
177 181 2
178 181 2
179 181 2
168 182 3
169 182 3
170 182 3
171 182 3
172 182 3
173 182 3
174 182 3
175 182 3
176 182 3
177 182 3
178 182 3
179 182 3
168 183 4
169 183 4
170 183 4
171 183 4
172 183 4
173 183 4
174 183 4
175 183 4
176 183 4
177 183 4
178 183 4
179 183 4
168 184 5
169 184 5
170 184 5
171 184 5
172 184 5
173 184 5
174 184 5
175 184 5
176 184 5
177 184 5
178 184 5
179 184 5
168 185 6
169 185 6
170 185 6
171 185 6
172 185 6
173 185 6
174 185 6
175 185 6
176 185 6
177 185 6
178 185 6
179 185 6
168 180 7
169 180 7
170 180 7
171 180 7
172 180 7
173 180 7
174 180 7
175 180 7
176 180 7
177 180 7
178 180 7
179 180 7
168 181 8
169 181 8
170 181 8
171 181 8
172 181 8
173 181 8
174 181 8
175 181 8
176 181 8
177 181 8
178 181 8
179 181 8
168 182 9
169 182 9
170 182 9
171 182 9
172 182 9
173 182 9
174 182 9
175 182 9
176 182 9
177 182 9
178 182 9
179 182 9
168 183 10
169 183 10
170 183 10
171 183 10
172 183 10
173 183 10
174 183 10
175 183 10
176 183 10
177 183 10
178 183 10
179 183 10
168 184 11
169 184 11
170 184 11
171 184 11
172 184 11
173 184 11
174 184 11
175 184 11
176 184 11
177 184 11
178 184 11
179 184 11
168 185 12
169 185 12
170 185 12
171 185 12
172 185 12
173 185 12
174 185 12
175 185 12
176 185 12
177 185 12
178 185 12
179 185 12
168 180 13
169 180 13
170 180 13
171 180 13
172 180 13
173 180 13
174 180 13
175 180 13
176 180 13
177 180 13
178 180 13
179 180 13
168 181 14
169 181 14
170 181 14
171 181 14
172 181 14
173 181 14
174 181 14
175 181 14
176 181 14
177 181 14
178 181 14
179 181 14
168 182 15
169 182 15
170 182 15
171 182 15
172 182 15
173 182 15
174 182 15
175 182 15
176 182 15
177 182 15
178 182 15
179 182 15
168 183 16
169 183 16
170 183 16
171 183 16
172 183 16
173 183 16
174 183 16
175 183 16
176 183 16
177 183 16
178 183 16
179 183 16
168 184 17
169 184 17
170 184 17
171 184 17
172 184 17
173 184 17
174 184 17
175 184 17
176 184 17
177 184 17
178 184 17
179 184 17
168 185 18
169 185 18
170 185 18
171 185 18
172 185 18
173 185 18
174 185 18
175 185 18
176 185 18
177 185 18
178 185 18
179 185 18
168 180 19
169 180 19
170 180 19
171 180 19
172 180 19
173 180 19
174 180 19
175 180 19
176 180 19
177 180 19
178 180 19
179 180 19
168 181 20
169 181 20
170 181 20
171 181 20
172 181 20
173 181 20
174 181 20
175 181 20
176 181 20
177 181 20
178 181 20
179 181 20
168 182 21
169 182 21
170 182 21
171 182 21
172 182 21
173 182 21
174 182 21
175 182 21
176 182 21
177 182 21
178 182 21
179 182 21
168 183 22
169 183 22
170 183 22
171 183 22
172 183 22
173 183 22
174 183 22
175 183 22
176 183 22
177 183 22
178 183 22
179 183 22
168 184 23
169 184 23
170 184 23
171 184 23
172 184 23
173 184 23
174 184 23
175 184 23
176 184 23
177 184 23
178 184 23
179 184 23
168 185 24
169 185 24
170 185 24
171 185 24
172 185 24
173 185 24
174 185 24
175 185 24
176 185 24
177 185 24
178 185 24
179 185 24
168 180 25
169 180 25
170 180 25
171 180 25
172 180 25
173 180 25
174 180 25
175 180 25
176 180 25
177 180 25
178 180 25
179 180 25
168 181 26
169 181 26
170 181 26
171 181 26
172 181 26
173 181 26
174 181 26
175 181 26
176 181 26
177 181 26
178 181 26
179 181 26
168 182 27
169 182 27
170 182 27
171 182 27
172 182 27
173 182 27
174 182 27
175 182 27
176 182 27
177 182 27
178 182 27
179 182 27
168 183 28
169 183 28
170 183 28
171 183 28
172 183 28
173 183 28
174 183 28
175 183 28
176 183 28
177 183 28
178 183 28
179 183 28
168 184 29
169 184 29
170 184 29
171 184 29
172 184 29
173 184 29
174 184 29
175 184 29
176 184 29
177 184 29
178 184 29
179 184 29
168 185 30
169 185 30
170 185 30
171 185 30
172 185 30
173 185 30
174 185 30
175 185 30
176 185 30
177 185 30
178 185 30
179 185 30
168 180 31
169 180 31
170 180 31
171 180 31
172 180 31
173 180 31
174 180 31
175 180 31
176 180 31
177 180 31
178 180 31
179 180 31
168 181 32
169 181 32
170 181 32
171 181 32
172 181 32
173 181 32
174 181 32
175 181 32
176 181 32
177 181 32
178 181 32
179 181 32
168 182 33
169 182 33
170 182 33
171 182 33
172 182 33
173 182 33
174 182 33
175 182 33
176 182 33
177 182 33
178 182 33
179 182 33
168 183 34
169 183 34
170 183 34
171 183 34
172 183 34
173 183 34
174 183 34
175 183 34
176 183 34
177 183 34
178 183 34
179 183 34
168 184 35
169 184 35
170 184 35
171 184 35
172 184 35
173 184 35
174 184 35
175 184 35
176 184 35
177 184 35
178 184 35
179 184 35
168 185 36
169 185 36
170 185 36
171 185 36
172 185 36
173 185 36
174 185 36
175 185 36
176 185 36
177 185 36
178 185 36
179 185 36
168 180 37
169 180 37
170 180 37
171 180 37
172 180 37
173 180 37
174 180 37
175 180 37
176 180 37
177 180 37
178 180 37
179 180 37
168 181 38
169 181 38
170 181 38
171 181 38
172 181 38
173 181 38
174 181 38
175 181 38
176 181 38
177 181 38
178 181 38
179 181 38
168 182 39
169 182 39
170 182 39
171 182 39
172 182 39
173 182 39
174 182 39
175 182 39
176 182 39
177 182 39
178 182 39
179 182 39
168 183 40
169 183 40
170 183 40
171 183 40
172 183 40
173 183 40
174 183 40
175 183 40
176 183 40
177 183 40
178 183 40
179 183 40
168 184 41
169 184 41
170 184 41
171 184 41
172 184 41
173 184 41
174 184 41
175 184 41
176 184 41
177 184 41
178 184 41
179 184 41
168 185 42
169 185 42
170 185 42
171 185 42
172 185 42
173 185 42
174 185 42
175 185 42
176 185 42
177 185 42
178 185 42
179 185 42
168 180 43
169 180 43
170 180 43
171 180 43
172 180 43
173 180 43
174 180 43
175 180 43
176 180 43
177 180 43
178 180 43
179 180 43
168 181 44
169 181 44
170 181 44
171 181 44
172 181 44
173 181 44
174 181 44
175 181 44
176 181 44
177 181 44
178 181 44
179 181 44
168 182 45
169 182 45
170 182 45
171 182 45
172 182 45
173 182 45
174 182 45
175 182 45
176 182 45
177 182 45
178 182 45
179 182 45
168 183 46
169 183 46
170 183 46
171 183 46
172 183 46
173 183 46
174 183 46
175 183 46
176 183 46
177 183 46
178 183 46
179 183 46
168 184 47
169 184 47
170 184 47
171 184 47
172 184 47
173 184 47
174 184 47
175 184 47
176 184 47
177 184 47
178 184 47
179 184 47
168 185 48
169 185 48
170 185 48
171 185 48
172 185 48
173 185 48
174 185 48
175 185 48
176 185 48
177 185 48
178 185 48
179 185 48
168 180 49
169 180 49
170 180 49
171 180 49
172 180 49
173 180 49
174 180 49
175 180 49
176 180 49
177 180 49
178 180 49
179 180 49
168 181 50
169 181 50
170 181 50
171 181 50
172 181 50
173 181 50
174 181 50
175 181 50
176 181 50
177 181 50
178 181 50
179 181 50
168 182 51
169 182 51
170 182 51
171 182 51
172 182 51
173 182 51
174 182 51
175 182 51
176 182 51
177 182 51
178 182 51
179 182 51
168 183 52
169 183 52
170 183 52
171 183 52
172 183 52
173 183 52
174 183 52
175 183 52
176 183 52
177 183 52
178 183 52
179 183 52
168 184 53
169 184 53
170 184 53
171 184 53
172 184 53
173 184 53
174 184 53
175 184 53
176 184 53
177 184 53
178 184 53
179 184 53
168 185 54
169 185 54
170 185 54
171 185 54
172 185 54
173 185 54
174 185 54
175 185 54
176 185 54
177 185 54
178 185 54
179 185 54
168 180 55
169 180 55
170 180 55
171 180 55
172 180 55
173 180 55
174 180 55
175 180 55
176 180 55
177 180 55
178 180 55
179 180 55
168 181 56
169 181 56
170 181 56
171 181 56
172 181 56
173 181 56
174 181 56
175 181 56
176 181 56
177 181 56
178 181 56
179 181 56
168 182 57
169 182 57
170 182 57
171 182 57
172 182 57
173 182 57
174 182 57
175 182 57
176 182 57
177 182 57
178 182 57
179 182 57
168 183 58
169 183 58
170 183 58
171 183 58
172 183 58
173 183 58
174 183 58
175 183 58
176 183 58
177 183 58
178 183 58
179 183 58
168 184 59
169 184 59
170 184 59
171 184 59
172 184 59
173 184 59
174 184 59
175 184 59
176 184 59
177 184 59
178 184 59
179 184 59
168 185 60
169 185 60
170 185 60
171 185 60
172 185 60
173 185 60
174 185 60
175 185 60
176 185 60
177 185 60
178 185 60
179 185 60
