24 30 1
25 30 1
26 30 1
27 30 1
28 30 1
29 30 1
24 31 2
25 31 2
26 31 2
27 31 2
28 31 2
29 31 2
24 30 3
25 30 3
26 30 3
27 30 3
28 30 3
29 30 3
24 31 4
25 31 4
26 31 4
27 31 4
28 31 4
29 31 4
24 30 5
25 30 5
26 30 5
27 30 5
28 30 5
29 30 5
24 31 6
25 31 6
26 31 6
27 31 6
28 31 6
29 31 6
24 30 7
25 30 7
26 30 7
27 30 7
28 30 7
29 30 7
24 31 8
25 31 8
26 31 8
27 31 8
28 31 8
29 31 8
24 30 9
25 30 9
26 30 9
27 30 9
28 30 9
29 30 9
24 31 10
25 31 10
26 31 10
27 31 10
28 31 10
29 31 10
24 30 11
25 30 11
26 30 11
27 30 11
28 30 11
29 30 11
24 31 12
25 31 12
26 31 12
27 31 12
28 31 12
29 31 12
24 30 13
25 30 13
26 30 13
27 30 13
28 30 13
29 30 13
24 31 14
25 31 14
26 31 14
27 31 14
28 31 14
29 31 14
24 30 15
25 30 15
26 30 15
27 30 15
28 30 15
29 30 15
24 31 16
25 31 16
26 31 16
27 31 16
28 31 16
29 31 16
24 30 17
25 30 17
26 30 17
27 30 17
28 30 17
29 30 17
24 31 18
25 31 18
26 31 18
27 31 18
28 31 18
29 31 18
24 30 19
25 30 19
26 30 19
27 30 19
28 30 19
29 30 19
24 31 20
25 31 20
26 31 20
27 31 20
28 31 20
29 31 20
