63 81 1
64 81 1
65 81 1
66 81 1
67 81 1
68 81 1
69 81 1
70 81 1
71 81 1
72 81 1
73 81 1
74 81 1
75 81 1
76 81 1
77 81 1
78 81 1
79 81 1
80 81 1
63 82 2
64 82 2
65 82 2
66 82 2
67 82 2
68 82 2
69 82 2
70 82 2
71 82 2
72 82 2
73 82 2
74 82 2
75 82 2
76 82 2
77 82 2
78 82 2
79 82 2
80 82 2
63 83 3
64 83 3
65 83 3
66 83 3
67 83 3
68 83 3
69 83 3
70 83 3
71 83 3
72 83 3
73 83 3
74 83 3
75 83 3
76 83 3
77 83 3
78 83 3
79 83 3
80 83 3
63 84 4
64 84 4
65 84 4
66 84 4
67 84 4
68 84 4
69 84 4
70 84 4
71 84 4
72 84 4
73 84 4
74 84 4
75 84 4
76 84 4
77 84 4
78 84 4
79 84 4
80 84 4
63 85 5
64 85 5
65 85 5
66 85 5
67 85 5
68 85 5
69 85 5
70 85 5
71 85 5
72 85 5
73 85 5
74 85 5
75 85 5
76 85 5
77 85 5
78 85 5
79 85 5
80 85 5
63 86 6
64 86 6
65 86 6
66 86 6
67 86 6
68 86 6
69 86 6
70 86 6
71 86 6
72 86 6
73 86 6
74 86 6
75 86 6
76 86 6
77 86 6
78 86 6
79 86 6
80 86 6
63 87 7
64 87 7
65 87 7
66 87 7
67 87 7
68 87 7
69 87 7
70 87 7
71 87 7
72 87 7
73 87 7
74 87 7
75 87 7
76 87 7
77 87 7
78 87 7
79 87 7
80 87 7
63 88 8
64 88 8
65 88 8
66 88 8
67 88 8
68 88 8
69 88 8
70 88 8
71 88 8
72 88 8
73 88 8
74 88 8
75 88 8
76 88 8
77 88 8
78 88 8
79 88 8
80 88 8
63 89 9
64 89 9
65 89 9
66 89 9
67 89 9
68 89 9
69 89 9
70 89 9
71 89 9
72 89 9
73 89 9
74 89 9
75 89 9
76 89 9
77 89 9
78 89 9
79 89 9
80 89 9
63 90 10
64 90 10
65 90 10
66 90 10
67 90 10
68 90 10
69 90 10
70 90 10
71 90 10
72 90 10
73 90 10
74 90 10
75 90 10
76 90 10
77 90 10
78 90 10
79 90 10
80 90 10
63 91 11
64 91 11
65 91 11
66 91 11
67 91 11
68 91 11
69 91 11
70 91 11
71 91 11
72 91 11
73 91 11
74 91 11
75 91 11
76 91 11
77 91 11
78 91 11
79 91 11
80 91 11
63 92 12
64 92 12
65 92 12
66 92 12
67 92 12
68 92 12
69 92 12
70 92 12
71 92 12
72 92 12
73 92 12
74 92 12
75 92 12
76 92 12
77 92 12
78 92 12
79 92 12
80 92 12
63 93 13
64 93 13
65 93 13
66 93 13
67 93 13
68 93 13
69 93 13
70 93 13
71 93 13
72 93 13
73 93 13
74 93 13
75 93 13
76 93 13
77 93 13
78 93 13
79 93 13
80 93 13
63 94 14
64 94 14
65 94 14
66 94 14
67 94 14
68 94 14
69 94 14
70 94 14
71 94 14
72 94 14
73 94 14
74 94 14
75 94 14
76 94 14
77 94 14
78 94 14
79 94 14
80 94 14
63 95 15
64 95 15
65 95 15
66 95 15
67 95 15
68 95 15
69 95 15
70 95 15
71 95 15
72 95 15
73 95 15
74 95 15
75 95 15
76 95 15
77 95 15
78 95 15
79 95 15
80 95 15
63 96 16
64 96 16
65 96 16
66 96 16
67 96 16
68 96 16
69 96 16
70 96 16
71 96 16
72 96 16
73 96 16
74 96 16
75 96 16
76 96 16
77 96 16
78 96 16
79 96 16
80 96 16
63 97 17
64 97 17
65 97 17
66 97 17
67 97 17
68 97 17
69 97 17
70 97 17
71 97 17
72 97 17
73 97 17
74 97 17
75 97 17
76 97 17
77 97 17
78 97 17
79 97 17
80 97 17
63 98 18
64 98 18
65 98 18
66 98 18
67 98 18
68 98 18
69 98 18
70 98 18
71 98 18
72 98 18
73 98 18
74 98 18
75 98 18
76 98 18
77 98 18
78 98 18
79 98 18
80 98 18
63 81 19
64 81 19
65 81 19
66 81 19
67 81 19
68 81 19
69 81 19
70 81 19
71 81 19
72 81 19
73 81 19
74 81 19
75 81 19
76 81 19
77 81 19
78 81 19
79 81 19
80 81 19
63 82 20
64 82 20
65 82 20
66 82 20
67 82 20
68 82 20
69 82 20
70 82 20
71 82 20
72 82 20
73 82 20
74 82 20
75 82 20
76 82 20
77 82 20
78 82 20
79 82 20
80 82 20
63 83 21
64 83 21
65 83 21
66 83 21
67 83 21
68 83 21
69 83 21
70 83 21
71 83 21
72 83 21
73 83 21
74 83 21
75 83 21
76 83 21
77 83 21
78 83 21
79 83 21
80 83 21
63 84 22
64 84 22
65 84 22
66 84 22
67 84 22
68 84 22
69 84 22
70 84 22
71 84 22
72 84 22
73 84 22
74 84 22
75 84 22
76 84 22
77 84 22
78 84 22
79 84 22
80 84 22
63 85 23
64 85 23
65 85 23
66 85 23
67 85 23
68 85 23
69 85 23
70 85 23
71 85 23
72 85 23
73 85 23
74 85 23
75 85 23
76 85 23
77 85 23
78 85 23
79 85 23
80 85 23
63 86 24
64 86 24
65 86 24
66 86 24
67 86 24
68 86 24
69 86 24
70 86 24
71 86 24
72 86 24
73 86 24
74 86 24
75 86 24
76 86 24
77 86 24
78 86 24
79 86 24
80 86 24
63 87 25
64 87 25
65 87 25
66 87 25
67 87 25
68 87 25
69 87 25
70 87 25
71 87 25
72 87 25
73 87 25
74 87 25
75 87 25
76 87 25
77 87 25
78 87 25
79 87 25
80 87 25
63 88 26
64 88 26
65 88 26
66 88 26
67 88 26
68 88 26
69 88 26
70 88 26
71 88 26
72 88 26
73 88 26
74 88 26
75 88 26
76 88 26
77 88 26
78 88 26
79 88 26
80 88 26
63 89 27
64 89 27
65 89 27
66 89 27
67 89 27
68 89 27
69 89 27
70 89 27
71 89 27
72 89 27
73 89 27
74 89 27
75 89 27
76 89 27
77 89 27
78 89 27
79 89 27
80 89 27
63 90 28
64 90 28
65 90 28
66 90 28
67 90 28
68 90 28
69 90 28
70 90 28
71 90 28
72 90 28
73 90 28
74 90 28
75 90 28
76 90 28
77 90 28
78 90 28
79 90 28
80 90 28
63 91 29
64 91 29
65 91 29
66 91 29
67 91 29
68 91 29
69 91 29
70 91 29
71 91 29
72 91 29
73 91 29
74 91 29
75 91 29
76 91 29
77 91 29
78 91 29
79 91 29
80 91 29
63 92 30
64 92 30
65 92 30
66 92 30
67 92 30
68 92 30
69 92 30
70 92 30
71 92 30
72 92 30
73 92 30
74 92 30
75 92 30
76 92 30
77 92 30
78 92 30
79 92 30
80 92 30
63 93 31
64 93 31
65 93 31
66 93 31
67 93 31
68 93 31
69 93 31
70 93 31
71 93 31
72 93 31
73 93 31
74 93 31
75 93 31
76 93 31
77 93 31
78 93 31
79 93 31
80 93 31
63 94 32
64 94 32
65 94 32
66 94 32
67 94 32
68 94 32
69 94 32
70 94 32
71 94 32
72 94 32
73 94 32
74 94 32
75 94 32
76 94 32
77 94 32
78 94 32
79 94 32
80 94 32
63 95 33
64 95 33
65 95 33
66 95 33
67 95 33
68 95 33
69 95 33
70 95 33
71 95 33
72 95 33
73 95 33
74 95 33
75 95 33
76 95 33
77 95 33
78 95 33
79 95 33
80 95 33
63 96 34
64 96 34
65 96 34
66 96 34
67 96 34
68 96 34
69 96 34
70 96 34
71 96 34
72 96 34
73 96 34
74 96 34
75 96 34
76 96 34
77 96 34
78 96 34
79 96 34
80 96 34
63 97 35
64 97 35
65 97 35
66 97 35
67 97 35
68 97 35
69 97 35
70 97 35
71 97 35
72 97 35
73 97 35
74 97 35
75 97 35
76 97 35
77 97 35
78 97 35
79 97 35
80 97 35
63 98 36
64 98 36
65 98 36
66 98 36
67 98 36
68 98 36
69 98 36
70 98 36
71 98 36
72 98 36
73 98 36
74 98 36
75 98 36
76 98 36
77 98 36
78 98 36
79 98 36
80 98 36
