77 83 1
78 83 1
79 83 1
80 83 1
81 83 1
82 83 1
77 84 2
78 84 2
79 84 2
80 84 2
81 84 2
82 84 2
77 83 3
78 83 3
79 83 3
80 83 3
81 83 3
82 83 3
77 84 4
78 84 4
79 84 4
80 84 4
81 84 4
82 84 4
77 83 5
78 83 5
79 83 5
80 83 5
81 83 5
82 83 5
77 84 6
78 84 6
79 84 6
80 84 6
81 84 6
82 84 6
77 83 7
78 83 7
79 83 7
80 83 7
81 83 7
82 83 7
77 84 8
78 84 8
79 84 8
80 84 8
81 84 8
82 84 8
77 83 9
78 83 9
79 83 9
80 83 9
81 83 9
82 83 9
77 84 10
78 84 10
79 84 10
80 84 10
81 84 10
82 84 10
77 83 11
78 83 11
79 83 11
80 83 11
81 83 11
82 83 11
77 84 12
78 84 12
79 84 12
80 84 12
81 84 12
82 84 12
77 83 13
78 83 13
79 83 13
80 83 13
81 83 13
82 83 13
77 84 14
78 84 14
79 84 14
80 84 14
81 84 14
82 84 14
77 83 15
78 83 15
79 83 15
80 83 15
81 83 15
82 83 15
77 84 16
78 84 16
79 84 16
80 84 16
81 84 16
82 84 16
77 83 17
78 83 17
79 83 17
80 83 17
81 83 17
82 83 17
77 84 18
78 84 18
79 84 18
80 84 18
81 84 18
82 84 18
77 83 19
78 83 19
79 83 19
80 83 19
81 83 19
82 83 19
77 84 20
78 84 20
79 84 20
80 84 20
81 84 20
82 84 20
