3 7 1
4 7 1
5 7 1
3 7 2
4 7 2
5 7 2
3 7 3
4 7 3
5 7 3
3 7 4
4 7 4
5 7 4
3 7 5
4 7 5
5 7 5
3 7 6
4 7 6
5 7 6
3 7 7
4 7 7
5 7 7
3 7 8
4 7 8
5 7 8
3 7 9
4 7 9
5 7 9
3 7 10
4 7 10
5 7 10
3 7 11
4 7 11
5 7 11
3 7 12
4 7 12
5 7 12
3 7 13
4 7 13
5 7 13
3 7 14
4 7 14
5 7 14
3 7 15
4 7 15
5 7 15
3 7 16
4 7 16
5 7 16
3 7 17
4 7 17
5 7 17
3 7 18
4 7 18
5 7 18
3 7 19
4 7 19
5 7 19
3 7 20
4 7 20
5 7 20
3 7 21
4 7 21
5 7 21
3 7 22
4 7 22
5 7 22
3 7 23
4 7 23
5 7 23
3 7 24
4 7 24
5 7 24
3 7 25
4 7 25
5 7 25
3 7 26
4 7 26
5 7 26
3 7 27
4 7 27
5 7 27
3 7 28
4 7 28
5 7 28
3 7 29
4 7 29
5 7 29
3 7 30
4 7 30
5 7 30
3 7 31
4 7 31
5 7 31
3 7 32
4 7 32
5 7 32
3 7 33
4 7 33
5 7 33
3 7 34
4 7 34
5 7 34
3 7 35
4 7 35
5 7 35
3 7 36
4 7 36
5 7 36
3 7 37
4 7 37
5 7 37
3 7 38
4 7 38
5 7 38
3 7 39
4 7 39
5 7 39
3 7 40
4 7 40
5 7 40
3 7 41
4 7 41
5 7 41
3 7 42
4 7 42
5 7 42
3 7 43
4 7 43
5 7 43
3 7 44
4 7 44
5 7 44
3 7 45
4 7 45
5 7 45
3 7 46
4 7 46
5 7 46
3 7 47
4 7 47
5 7 47
3 7 48
4 7 48
5 7 48
3 7 49
4 7 49
5 7 49
3 7 50
4 7 50
5 7 50
3 7 51
4 7 51
5 7 51
3 7 52
4 7 52
5 7 52
3 7 53
4 7 53
5 7 53
3 7 54
4 7 54
5 7 54
3 7 55
4 7 55
5 7 55
3 7 56
4 7 56
5 7 56
3 7 57
4 7 57
5 7 57
3 7 58
4 7 58
5 7 58
3 7 59
4 7 59
5 7 59
3 7 60
4 7 60
5 7 60
3 7 61
4 7 61
5 7 61
3 7 62
4 7 62
5 7 62
3 7 63
4 7 63
5 7 63
3 7 64
4 7 64
5 7 64
3 7 65
4 7 65
5 7 65
3 7 66
4 7 66
5 7 66
3 7 67
4 7 67
5 7 67
3 7 68
4 7 68
5 7 68
3 7 69
4 7 69
5 7 69
3 7 70
4 7 70
5 7 70
3 7 71
4 7 71
5 7 71
3 7 72
4 7 72
5 7 72
3 7 73
4 7 73
5 7 73
3 7 74
4 7 74
5 7 74
3 7 75
4 7 75
5 7 75
3 7 76
4 7 76
5 7 76
3 7 77
4 7 77
5 7 77
3 7 78
4 7 78
5 7 78
3 7 79
4 7 79
5 7 79
3 7 80
4 7 80
5 7 80
3 7 81
4 7 81
5 7 81
3 7 82
4 7 82
5 7 82
3 7 83
4 7 83
5 7 83
3 7 84
4 7 84
5 7 84
3 7 85
4 7 85
5 7 85
3 7 86
4 7 86
5 7 86
3 7 87
4 7 87
5 7 87
3 7 88
4 7 88
5 7 88
3 7 89
4 7 89
5 7 89
3 7 90
4 7 90
5 7 90
3 7 91
4 7 91
5 7 91
3 7 92
4 7 92
5 7 92
3 7 93
4 7 93
5 7 93
3 7 94
4 7 94
5 7 94
3 7 95
4 7 95
5 7 95
3 7 96
4 7 96
5 7 96
3 7 97
4 7 97
5 7 97
3 7 98
4 7 98
5 7 98
3 7 99
4 7 99
5 7 99
3 7 100
4 7 100
5 7 100
3 7 101
4 7 101
5 7 101
3 7 102
4 7 102
5 7 102
3 7 103
4 7 103
5 7 103
3 7 104
4 7 104
5 7 104
3 7 105
4 7 105
5 7 105
3 7 106
4 7 106
5 7 106
3 7 107
4 7 107
5 7 107
3 7 108
4 7 108
5 7 108
3 7 109
4 7 109
5 7 109
3 7 110
4 7 110
5 7 110
3 7 111
4 7 111
5 7 111
3 7 112
4 7 112
5 7 112
3 7 113
4 7 113
5 7 113
3 7 114
4 7 114
5 7 114
3 7 115
4 7 115
5 7 115
3 7 116
4 7 116
5 7 116
3 7 117
4 7 117
5 7 117
3 7 118
4 7 118
5 7 118
3 7 119
4 7 119
5 7 119
3 7 120
4 7 120
5 7 120
3 7 121
4 7 121
5 7 121
3 7 122
4 7 122
5 7 122
3 7 123
4 7 123
5 7 123
3 7 124
4 7 124
5 7 124
3 7 125
4 7 125
5 7 125
3 7 126
4 7 126
5 7 126
3 7 127
4 7 127
5 7 127
3 7 128
4 7 128
5 7 128
3 7 129
4 7 129
5 7 129
3 7 130
4 7 130
5 7 130
3 7 131
4 7 131
5 7 131
3 7 132
4 7 132
5 7 132
3 7 133
4 7 133
5 7 133
3 7 134
4 7 134
5 7 134
3 7 135
4 7 135
5 7 135
3 7 136
4 7 136
5 7 136
3 7 137
4 7 137
5 7 137
3 7 138
4 7 138
5 7 138
3 7 139
4 7 139
5 7 139
3 7 140
4 7 140
5 7 140
3 7 141
4 7 141
5 7 141
3 7 142
4 7 142
5 7 142
3 7 143
4 7 143
5 7 143
3 7 144
4 7 144
5 7 144
3 7 145
4 7 145
5 7 145
3 7 146
4 7 146
5 7 146
3 7 147
4 7 147
5 7 147
3 7 148
4 7 148
5 7 148
3 7 149
4 7 149
5 7 149
3 7 150
4 7 150
5 7 150
3 7 151
4 7 151
5 7 151
3 7 152
4 7 152
5 7 152
3 7 153
4 7 153
5 7 153
3 7 154
4 7 154
5 7 154
3 7 155
4 7 155
5 7 155
3 7 156
4 7 156
5 7 156
3 7 157
4 7 157
5 7 157
3 7 158
4 7 158
5 7 158
3 7 159
4 7 159
5 7 159
3 7 160
4 7 160
5 7 160
3 7 161
4 7 161
5 7 161
3 7 162
4 7 162
5 7 162
3 7 163
4 7 163
5 7 163
3 7 164
4 7 164
5 7 164
3 7 165
4 7 165
5 7 165
3 7 166
4 7 166
5 7 166
3 7 167
4 7 167
5 7 167
3 7 168
4 7 168
5 7 168
3 7 169
4 7 169
5 7 169
3 7 170
4 7 170
5 7 170
3 7 171
4 7 171
5 7 171
3 7 172
4 7 172
5 7 172
3 7 173
4 7 173
5 7 173
3 7 174
4 7 174
5 7 174
3 7 175
4 7 175
5 7 175
3 7 176
4 7 176
5 7 176
3 7 177
4 7 177
5 7 177
3 7 178
4 7 178
5 7 178
3 7 179
4 7 179
5 7 179
3 7 180
4 7 180
5 7 180
3 7 181
4 7 181
5 7 181
3 7 182
4 7 182
5 7 182
3 7 183
4 7 183
5 7 183
3 7 184
4 7 184
5 7 184
3 7 185
4 7 185
5 7 185
3 7 186
4 7 186
5 7 186
3 7 187
4 7 187
5 7 187
3 7 188
4 7 188
5 7 188
3 7 189
4 7 189
5 7 189
3 7 190
4 7 190
5 7 190
3 7 191
4 7 191
5 7 191
3 7 192
4 7 192
5 7 192
3 7 193
4 7 193
5 7 193
3 7 194
4 7 194
5 7 194
3 7 195
4 7 195
5 7 195
3 7 196
4 7 196
5 7 196
3 7 197
4 7 197
5 7 197
3 7 198
4 7 198
5 7 198
3 7 199
4 7 199
5 7 199
3 7 200
4 7 200
5 7 200
3 7 201
4 7 201
5 7 201
3 7 202
4 7 202
5 7 202
3 7 203
4 7 203
5 7 203
3 7 204
4 7 204
5 7 204
3 7 205
4 7 205
5 7 205
3 7 206
4 7 206
5 7 206
3 7 207
4 7 207
5 7 207
3 7 208
4 7 208
5 7 208
3 7 209
4 7 209
5 7 209
3 7 210
4 7 210
5 7 210
3 7 211
4 7 211
5 7 211
3 7 212
4 7 212
5 7 212
3 7 213
4 7 213
5 7 213
3 7 214
4 7 214
5 7 214
3 7 215
4 7 215
5 7 215
3 7 216
4 7 216
5 7 216
3 7 217
4 7 217
5 7 217
3 7 218
4 7 218
5 7 218
3 7 219
4 7 219
5 7 219
3 7 220
4 7 220
5 7 220
3 7 221
4 7 221
5 7 221
3 7 222
4 7 222
5 7 222
3 7 223
4 7 223
5 7 223
3 7 224
4 7 224
5 7 224
3 7 225
4 7 225
5 7 225
3 7 226
4 7 226
5 7 226
3 7 227
4 7 227
5 7 227
3 7 228
4 7 228
5 7 228
3 7 229
4 7 229
5 7 229
3 7 230
4 7 230
5 7 230
3 7 231
4 7 231
5 7 231
3 7 232
4 7 232
5 7 232
3 7 233
4 7 233
5 7 233
3 7 234
4 7 234
5 7 234
3 7 235
4 7 235
5 7 235
3 7 236
4 7 236
5 7 236
3 7 237
4 7 237
5 7 237
3 7 238
4 7 238
5 7 238
3 7 239
4 7 239
5 7 239
3 7 240
4 7 240
5 7 240
3 7 241
4 7 241
5 7 241
3 7 242
4 7 242
5 7 242
3 7 243
4 7 243
5 7 243
3 7 244
4 7 244
5 7 244
3 7 245
4 7 245
5 7 245
3 7 246
4 7 246
5 7 246
