3 15 1
4 15 1
5 15 1
6 15 1
7 15 1
8 15 1
9 15 1
10 15 1
11 15 1
12 15 1
13 15 1
14 15 1
3 16 2
4 16 2
5 16 2
6 16 2
7 16 2
8 16 2
9 16 2
10 16 2
11 16 2
12 16 2
13 16 2
14 16 2
3 17 3
4 17 3
5 17 3
6 17 3
7 17 3
8 17 3
9 17 3
10 17 3
11 17 3
12 17 3
13 17 3
14 17 3
3 18 4
4 18 4
5 18 4
6 18 4
7 18 4
8 18 4
9 18 4
10 18 4
11 18 4
12 18 4
13 18 4
14 18 4
3 19 5
4 19 5
5 19 5
6 19 5
7 19 5
8 19 5
9 19 5
10 19 5
11 19 5
12 19 5
13 19 5
14 19 5
3 20 6
4 20 6
5 20 6
6 20 6
7 20 6
8 20 6
9 20 6
10 20 6
11 20 6
12 20 6
13 20 6
14 20 6
3 15 7
4 15 7
5 15 7
6 15 7
7 15 7
8 15 7
9 15 7
10 15 7
11 15 7
12 15 7
13 15 7
14 15 7
3 16 8
4 16 8
5 16 8
6 16 8
7 16 8
8 16 8
9 16 8
10 16 8
11 16 8
12 16 8
13 16 8
14 16 8
3 17 9
4 17 9
5 17 9
6 17 9
7 17 9
8 17 9
9 17 9
10 17 9
11 17 9
12 17 9
13 17 9
14 17 9
3 18 10
4 18 10
5 18 10
6 18 10
7 18 10
8 18 10
9 18 10
10 18 10
11 18 10
12 18 10
13 18 10
14 18 10
3 19 11
4 19 11
5 19 11
6 19 11
7 19 11
8 19 11
9 19 11
10 19 11
11 19 11
12 19 11
13 19 11
14 19 11
3 20 12
4 20 12
5 20 12
6 20 12
7 20 12
8 20 12
9 20 12
10 20 12
11 20 12
12 20 12
13 20 12
14 20 12
3 15 13
4 15 13
5 15 13
6 15 13
7 15 13
8 15 13
9 15 13
10 15 13
11 15 13
12 15 13
13 15 13
14 15 13
3 16 14
4 16 14
5 16 14
6 16 14
7 16 14
8 16 14
9 16 14
10 16 14
11 16 14
12 16 14
13 16 14
14 16 14
3 17 15
4 17 15
5 17 15
6 17 15
7 17 15
8 17 15
9 17 15
10 17 15
11 17 15
12 17 15
13 17 15
14 17 15
3 18 16
4 18 16
5 18 16
6 18 16
7 18 16
8 18 16
9 18 16
10 18 16
11 18 16
12 18 16
13 18 16
14 18 16
3 19 17
4 19 17
5 19 17
6 19 17
7 19 17
8 19 17
9 19 17
10 19 17
11 19 17
12 19 17
13 19 17
14 19 17
3 20 18
4 20 18
5 20 18
6 20 18
7 20 18
8 20 18
9 20 18
10 20 18
11 20 18
12 20 18
13 20 18
14 20 18
3 15 19
4 15 19
5 15 19
6 15 19
7 15 19
8 15 19
9 15 19
10 15 19
11 15 19
12 15 19
13 15 19
14 15 19
3 16 20
4 16 20
5 16 20
6 16 20
7 16 20
8 16 20
9 16 20
10 16 20
11 16 20
12 16 20
13 16 20
14 16 20
3 17 21
4 17 21
5 17 21
6 17 21
7 17 21
8 17 21
9 17 21
10 17 21
11 17 21
12 17 21
13 17 21
14 17 21
3 18 22
4 18 22
5 18 22
6 18 22
7 18 22
8 18 22
9 18 22
10 18 22
11 18 22
12 18 22
13 18 22
14 18 22
3 19 23
4 19 23
5 19 23
6 19 23
7 19 23
8 19 23
9 19 23
10 19 23
11 19 23
12 19 23
13 19 23
14 19 23
3 20 24
4 20 24
5 20 24
6 20 24
7 20 24
8 20 24
9 20 24
10 20 24
11 20 24
12 20 24
13 20 24
14 20 24
3 15 25
4 15 25
5 15 25
6 15 25
7 15 25
8 15 25
9 15 25
10 15 25
11 15 25
12 15 25
13 15 25
14 15 25
3 16 26
4 16 26
5 16 26
6 16 26
7 16 26
8 16 26
9 16 26
10 16 26
11 16 26
12 16 26
13 16 26
14 16 26
3 17 27
4 17 27
5 17 27
6 17 27
7 17 27
8 17 27
9 17 27
10 17 27
11 17 27
12 17 27
13 17 27
14 17 27
3 18 28
4 18 28
5 18 28
6 18 28
7 18 28
8 18 28
9 18 28
10 18 28
11 18 28
12 18 28
13 18 28
14 18 28
3 19 29
4 19 29
5 19 29
6 19 29
7 19 29
8 19 29
9 19 29
10 19 29
11 19 29
12 19 29
13 19 29
14 19 29
3 20 30
4 20 30
5 20 30
6 20 30
7 20 30
8 20 30
9 20 30
10 20 30
11 20 30
12 20 30
13 20 30
14 20 30
3 15 31
4 15 31
5 15 31
6 15 31
7 15 31
8 15 31
9 15 31
10 15 31
11 15 31
12 15 31
13 15 31
14 15 31
3 16 32
4 16 32
5 16 32
6 16 32
7 16 32
8 16 32
9 16 32
10 16 32
11 16 32
12 16 32
13 16 32
14 16 32
3 17 33
4 17 33
5 17 33
6 17 33
7 17 33
8 17 33
9 17 33
10 17 33
11 17 33
12 17 33
13 17 33
14 17 33
3 18 34
4 18 34
5 18 34
6 18 34
7 18 34
8 18 34
9 18 34
10 18 34
11 18 34
12 18 34
13 18 34
14 18 34
3 19 35
4 19 35
5 19 35
6 19 35
7 19 35
8 19 35
9 19 35
10 19 35
11 19 35
12 19 35
13 19 35
14 19 35
3 20 36
4 20 36
5 20 36
6 20 36
7 20 36
8 20 36
9 20 36
10 20 36
11 20 36
12 20 36
13 20 36
14 20 36
3 15 37
4 15 37
5 15 37
6 15 37
7 15 37
8 15 37
9 15 37
10 15 37
11 15 37
12 15 37
13 15 37
14 15 37
3 16 38
4 16 38
5 16 38
6 16 38
7 16 38
8 16 38
9 16 38
10 16 38
11 16 38
12 16 38
13 16 38
14 16 38
3 17 39
4 17 39
5 17 39
6 17 39
7 17 39
8 17 39
9 17 39
10 17 39
11 17 39
12 17 39
13 17 39
14 17 39
3 18 40
4 18 40
5 18 40
6 18 40
7 18 40
8 18 40
9 18 40
10 18 40
11 18 40
12 18 40
13 18 40
14 18 40
3 19 41
4 19 41
5 19 41
6 19 41
7 19 41
8 19 41
9 19 41
10 19 41
11 19 41
12 19 41
13 19 41
14 19 41
3 20 42
4 20 42
5 20 42
6 20 42
7 20 42
8 20 42
9 20 42
10 20 42
11 20 42
12 20 42
13 20 42
14 20 42
3 15 43
4 15 43
5 15 43
6 15 43
7 15 43
8 15 43
9 15 43
10 15 43
11 15 43
12 15 43
13 15 43
14 15 43
3 16 44
4 16 44
5 16 44
6 16 44
7 16 44
8 16 44
9 16 44
10 16 44
11 16 44
12 16 44
13 16 44
14 16 44
3 17 45
4 17 45
5 17 45
6 17 45
7 17 45
8 17 45
9 17 45
10 17 45
11 17 45
12 17 45
13 17 45
14 17 45
3 18 46
4 18 46
5 18 46
6 18 46
7 18 46
8 18 46
9 18 46
10 18 46
11 18 46
12 18 46
13 18 46
14 18 46
3 19 47
4 19 47
5 19 47
6 19 47
7 19 47
8 19 47
9 19 47
10 19 47
11 19 47
12 19 47
13 19 47
14 19 47
3 20 48
4 20 48
5 20 48
6 20 48
7 20 48
8 20 48
9 20 48
10 20 48
11 20 48
12 20 48
13 20 48
14 20 48
3 15 49
4 15 49
5 15 49
6 15 49
7 15 49
8 15 49
9 15 49
10 15 49
11 15 49
12 15 49
13 15 49
14 15 49
3 16 50
4 16 50
5 16 50
6 16 50
7 16 50
8 16 50
9 16 50
10 16 50
11 16 50
12 16 50
13 16 50
14 16 50
3 17 51
4 17 51
5 17 51
6 17 51
7 17 51
8 17 51
9 17 51
10 17 51
11 17 51
12 17 51
13 17 51
14 17 51
3 18 52
4 18 52
5 18 52
6 18 52
7 18 52
8 18 52
9 18 52
10 18 52
11 18 52
12 18 52
13 18 52
14 18 52
3 19 53
4 19 53
5 19 53
6 19 53
7 19 53
8 19 53
9 19 53
10 19 53
11 19 53
12 19 53
13 19 53
14 19 53
3 20 54
4 20 54
5 20 54
6 20 54
7 20 54
8 20 54
9 20 54
10 20 54
11 20 54
12 20 54
13 20 54
14 20 54
3 15 55
4 15 55
5 15 55
6 15 55
7 15 55
8 15 55
9 15 55
10 15 55
11 15 55
12 15 55
13 15 55
14 15 55
3 16 56
4 16 56
5 16 56
6 16 56
7 16 56
8 16 56
9 16 56
10 16 56
11 16 56
12 16 56
13 16 56
14 16 56
3 17 57
4 17 57
5 17 57
6 17 57
7 17 57
8 17 57
9 17 57
10 17 57
11 17 57
12 17 57
13 17 57
14 17 57
3 18 58
4 18 58
5 18 58
6 18 58
7 18 58
8 18 58
9 18 58
10 18 58
11 18 58
12 18 58
13 18 58
14 18 58
3 19 59
4 19 59
5 19 59
6 19 59
7 19 59
8 19 59
9 19 59
10 19 59
11 19 59
12 19 59
13 19 59
14 19 59
3 20 60
4 20 60
5 20 60
6 20 60
7 20 60
8 20 60
9 20 60
10 20 60
11 20 60
12 20 60
13 20 60
14 20 60
