19 17 1
19 17 2
19 17 3
19 17 4
19 17 5
19 17 6
19 17 7
19 17 8
19 17 9
19 17 10
19 17 11
19 17 12
19 17 13
19 17 14
19 17 15
19 17 16
19 17 17
19 17 18
19 17 19
19 17 20
19 17 21
19 17 22
19 17 23
19 17 24
19 17 25
19 17 26
19 17 27
19 17 28
19 17 29
19 17 30
19 17 31
19 17 32
19 17 33
19 17 34
19 17 35
19 17 36
19 17 37
19 17 38
19 17 39
19 17 40
19 17 41
19 17 42
19 17 43
19 17 44
19 17 45
19 17 46
19 17 47
19 17 48
19 17 49
19 17 50
19 17 51
19 17 52
19 17 53
19 17 54
19 17 55
19 17 56
19 17 57
19 17 58
19 17 59
19 17 60
19 17 61
19 17 62
19 17 63
19 17 64
19 17 65
19 17 66
19 17 67
19 17 68
19 17 69
19 17 70
19 17 71
19 17 72
19 17 73
19 17 74
19 17 75
19 17 76
19 17 77
19 17 78
19 17 79
19 17 80
19 17 81
19 17 82
19 17 83
19 17 84
19 17 85
19 17 86
19 17 87
19 17 88
19 17 89
19 17 90
19 17 91
19 17 92
19 17 93
19 17 94
19 17 95
19 17 96
19 17 97
19 17 98
19 17 99
19 17 100
19 17 101
19 17 102
19 17 103
19 17 104
19 17 105
19 17 106
19 17 107
19 17 108
19 17 109
19 17 110
19 17 111
19 17 112
19 17 113
19 17 114
19 17 115
19 17 116
19 17 117
19 17 118
19 17 119
19 17 120
19 17 121
19 17 122
19 17 123
19 17 124
19 17 125
19 17 126
19 17 127
19 17 128
19 17 129
19 17 130
19 17 131
19 17 132
19 17 133
19 17 134
19 17 135
19 17 136
19 17 137
19 17 138
19 17 139
19 17 140
19 17 141
19 17 142
19 17 143
19 17 144
19 17 145
19 17 146
19 17 147
19 17 148
19 17 149
19 17 150
19 17 151
19 17 152
19 17 153
19 17 154
19 17 155
19 17 156
19 17 157
19 17 158
19 17 159
19 17 160
19 17 161
19 17 162
19 17 163
19 17 164
19 17 165
19 17 166
19 17 167
19 17 168
19 17 169
19 17 170
19 17 171
19 17 172
19 17 173
19 17 174
19 17 175
19 17 176
19 17 177
19 17 178
19 17 179
19 17 180
19 17 181
19 17 182
19 17 183
19 17 184
19 17 185
19 17 186
19 17 187
19 17 188
19 17 189
19 17 190
19 17 191
19 17 192
19 17 193
19 17 194
19 17 195
19 17 196
19 17 197
19 17 198
19 17 199
19 17 200
19 17 201
19 17 202
19 17 203
19 17 204
19 17 205
19 17 206
19 17 207
19 17 208
19 17 209
19 17 210
19 17 211
19 17 212
19 17 213
19 17 214
19 17 215
19 17 216
19 17 217
19 17 218
19 17 219
19 17 220
19 17 221
19 17 222
19 17 223
19 17 224
19 17 225
19 17 226
19 17 227
19 17 228
19 17 229
19 17 230
19 17 231
19 17 232
19 17 233
19 17 234
19 17 235
19 17 236
19 17 237
19 17 238
19 17 239
19 17 240
19 17 241
19 17 242
19 17 243
19 17 244
19 17 245
