19 6 1
19 6 2
19 6 3
19 6 4
19 6 5
19 6 6
19 6 7
19 6 8
19 6 9
19 6 10
19 6 11
19 6 12
19 6 13
19 6 14
19 6 15
19 6 16
19 6 17
19 6 18
19 6 19
19 6 20
19 6 21
19 6 22
19 6 23
19 6 24
19 6 25
19 6 26
19 6 27
19 6 28
19 6 29
19 6 30
19 6 31
19 6 32
19 6 33
19 6 34
19 6 35
19 6 36
19 6 37
19 6 38
19 6 39
19 6 40
19 6 41
19 6 42
19 6 43
19 6 44
19 6 45
19 6 46
19 6 47
19 6 48
19 6 49
19 6 50
19 6 51
19 6 52
19 6 53
19 6 54
19 6 55
19 6 56
19 6 57
19 6 58
19 6 59
19 6 60
19 6 61
19 6 62
19 6 63
19 6 64
19 6 65
19 6 66
19 6 67
19 6 68
19 6 69
19 6 70
19 6 71
19 6 72
19 6 73
19 6 74
19 6 75
19 6 76
19 6 77
19 6 78
19 6 79
19 6 80
19 6 81
19 6 82
19 6 83
19 6 84
19 6 85
19 6 86
19 6 87
19 6 88
19 6 89
19 6 90
19 6 91
19 6 92
19 6 93
19 6 94
19 6 95
19 6 96
19 6 97
19 6 98
19 6 99
19 6 100
19 6 101
19 6 102
19 6 103
19 6 104
19 6 105
19 6 106
19 6 107
19 6 108
19 6 109
19 6 110
19 6 111
19 6 112
19 6 113
19 6 114
19 6 115
19 6 116
19 6 117
19 6 118
19 6 119
19 6 120
19 6 121
19 6 122
19 6 123
19 6 124
19 6 125
19 6 126
19 6 127
19 6 128
19 6 129
19 6 130
19 6 131
19 6 132
19 6 133
19 6 134
19 6 135
19 6 136
19 6 137
19 6 138
19 6 139
19 6 140
19 6 141
19 6 142
19 6 143
19 6 144
19 6 145
19 6 146
19 6 147
19 6 148
19 6 149
19 6 150
19 6 151
19 6 152
19 6 153
19 6 154
19 6 155
19 6 156
19 6 157
19 6 158
19 6 159
19 6 160
19 6 161
19 6 162
19 6 163
19 6 164
19 6 165
19 6 166
19 6 167
19 6 168
19 6 169
19 6 170
19 6 171
19 6 172
19 6 173
19 6 174
19 6 175
19 6 176
19 6 177
19 6 178
19 6 179
19 6 180
19 6 181
19 6 182
19 6 183
19 6 184
19 6 185
19 6 186
19 6 187
19 6 188
19 6 189
19 6 190
19 6 191
19 6 192
19 6 193
19 6 194
19 6 195
19 6 196
19 6 197
19 6 198
19 6 199
19 6 200
19 6 201
19 6 202
19 6 203
19 6 204
19 6 205
19 6 206
19 6 207
19 6 208
19 6 209
19 6 210
19 6 211
19 6 212
19 6 213
19 6 214
19 6 215
19 6 216
19 6 217
19 6 218
19 6 219
19 6 220
19 6 221
19 6 222
19 6 223
19 6 224
19 6 225
19 6 226
19 6 227
19 6 228
19 6 229
19 6 230
19 6 231
19 6 232
19 6 233
19 6 234
19 6 235
19 6 236
19 6 237
19 6 238
19 6 239
19 6 240
19 6 241
19 6 242
19 6 243
19 6 244
19 6 245
