27 45 1
28 45 1
29 45 1
30 45 1
31 45 1
32 45 1
33 45 1
34 45 1
35 45 1
36 45 1
37 45 1
38 45 1
39 45 1
40 45 1
41 45 1
42 45 1
43 45 1
44 45 1
27 46 2
28 46 2
29 46 2
30 46 2
31 46 2
32 46 2
33 46 2
34 46 2
35 46 2
36 46 2
37 46 2
38 46 2
39 46 2
40 46 2
41 46 2
42 46 2
43 46 2
44 46 2
27 47 3
28 47 3
29 47 3
30 47 3
31 47 3
32 47 3
33 47 3
34 47 3
35 47 3
36 47 3
37 47 3
38 47 3
39 47 3
40 47 3
41 47 3
42 47 3
43 47 3
44 47 3
27 48 4
28 48 4
29 48 4
30 48 4
31 48 4
32 48 4
33 48 4
34 48 4
35 48 4
36 48 4
37 48 4
38 48 4
39 48 4
40 48 4
41 48 4
42 48 4
43 48 4
44 48 4
27 49 5
28 49 5
29 49 5
30 49 5
31 49 5
32 49 5
33 49 5
34 49 5
35 49 5
36 49 5
37 49 5
38 49 5
39 49 5
40 49 5
41 49 5
42 49 5
43 49 5
44 49 5
27 50 6
28 50 6
29 50 6
30 50 6
31 50 6
32 50 6
33 50 6
34 50 6
35 50 6
36 50 6
37 50 6
38 50 6
39 50 6
40 50 6
41 50 6
42 50 6
43 50 6
44 50 6
27 51 7
28 51 7
29 51 7
30 51 7
31 51 7
32 51 7
33 51 7
34 51 7
35 51 7
36 51 7
37 51 7
38 51 7
39 51 7
40 51 7
41 51 7
42 51 7
43 51 7
44 51 7
27 52 8
28 52 8
29 52 8
30 52 8
31 52 8
32 52 8
33 52 8
34 52 8
35 52 8
36 52 8
37 52 8
38 52 8
39 52 8
40 52 8
41 52 8
42 52 8
43 52 8
44 52 8
27 53 9
28 53 9
29 53 9
30 53 9
31 53 9
32 53 9
33 53 9
34 53 9
35 53 9
36 53 9
37 53 9
38 53 9
39 53 9
40 53 9
41 53 9
42 53 9
43 53 9
44 53 9
27 54 10
28 54 10
29 54 10
30 54 10
31 54 10
32 54 10
33 54 10
34 54 10
35 54 10
36 54 10
37 54 10
38 54 10
39 54 10
40 54 10
41 54 10
42 54 10
43 54 10
44 54 10
27 55 11
28 55 11
29 55 11
30 55 11
31 55 11
32 55 11
33 55 11
34 55 11
35 55 11
36 55 11
37 55 11
38 55 11
39 55 11
40 55 11
41 55 11
42 55 11
43 55 11
44 55 11
27 56 12
28 56 12
29 56 12
30 56 12
31 56 12
32 56 12
33 56 12
34 56 12
35 56 12
36 56 12
37 56 12
38 56 12
39 56 12
40 56 12
41 56 12
42 56 12
43 56 12
44 56 12
27 57 13
28 57 13
29 57 13
30 57 13
31 57 13
32 57 13
33 57 13
34 57 13
35 57 13
36 57 13
37 57 13
38 57 13
39 57 13
40 57 13
41 57 13
42 57 13
43 57 13
44 57 13
27 58 14
28 58 14
29 58 14
30 58 14
31 58 14
32 58 14
33 58 14
34 58 14
35 58 14
36 58 14
37 58 14
38 58 14
39 58 14
40 58 14
41 58 14
42 58 14
43 58 14
44 58 14
27 59 15
28 59 15
29 59 15
30 59 15
31 59 15
32 59 15
33 59 15
34 59 15
35 59 15
36 59 15
37 59 15
38 59 15
39 59 15
40 59 15
41 59 15
42 59 15
43 59 15
44 59 15
27 60 16
28 60 16
29 60 16
30 60 16
31 60 16
32 60 16
33 60 16
34 60 16
35 60 16
36 60 16
37 60 16
38 60 16
39 60 16
40 60 16
41 60 16
42 60 16
43 60 16
44 60 16
27 61 17
28 61 17
29 61 17
30 61 17
31 61 17
32 61 17
33 61 17
34 61 17
35 61 17
36 61 17
37 61 17
38 61 17
39 61 17
40 61 17
41 61 17
42 61 17
43 61 17
44 61 17
27 62 18
28 62 18
29 62 18
30 62 18
31 62 18
32 62 18
33 62 18
34 62 18
35 62 18
36 62 18
37 62 18
38 62 18
39 62 18
40 62 18
41 62 18
42 62 18
43 62 18
44 62 18
27 45 19
28 45 19
29 45 19
30 45 19
31 45 19
32 45 19
33 45 19
34 45 19
35 45 19
36 45 19
37 45 19
38 45 19
39 45 19
40 45 19
41 45 19
42 45 19
43 45 19
44 45 19
27 46 20
28 46 20
29 46 20
30 46 20
31 46 20
32 46 20
33 46 20
34 46 20
35 46 20
36 46 20
37 46 20
38 46 20
39 46 20
40 46 20
41 46 20
42 46 20
43 46 20
44 46 20
27 47 21
28 47 21
29 47 21
30 47 21
31 47 21
32 47 21
33 47 21
34 47 21
35 47 21
36 47 21
37 47 21
38 47 21
39 47 21
40 47 21
41 47 21
42 47 21
43 47 21
44 47 21
27 48 22
28 48 22
29 48 22
30 48 22
31 48 22
32 48 22
33 48 22
34 48 22
35 48 22
36 48 22
37 48 22
38 48 22
39 48 22
40 48 22
41 48 22
42 48 22
43 48 22
44 48 22
27 49 23
28 49 23
29 49 23
30 49 23
31 49 23
32 49 23
33 49 23
34 49 23
35 49 23
36 49 23
37 49 23
38 49 23
39 49 23
40 49 23
41 49 23
42 49 23
43 49 23
44 49 23
27 50 24
28 50 24
29 50 24
30 50 24
31 50 24
32 50 24
33 50 24
34 50 24
35 50 24
36 50 24
37 50 24
38 50 24
39 50 24
40 50 24
41 50 24
42 50 24
43 50 24
44 50 24
27 51 25
28 51 25
29 51 25
30 51 25
31 51 25
32 51 25
33 51 25
34 51 25
35 51 25
36 51 25
37 51 25
38 51 25
39 51 25
40 51 25
41 51 25
42 51 25
43 51 25
44 51 25
27 52 26
28 52 26
29 52 26
30 52 26
31 52 26
32 52 26
33 52 26
34 52 26
35 52 26
36 52 26
37 52 26
38 52 26
39 52 26
40 52 26
41 52 26
42 52 26
43 52 26
44 52 26
27 53 27
28 53 27
29 53 27
30 53 27
31 53 27
32 53 27
33 53 27
34 53 27
35 53 27
36 53 27
37 53 27
38 53 27
39 53 27
40 53 27
41 53 27
42 53 27
43 53 27
44 53 27
27 54 28
28 54 28
29 54 28
30 54 28
31 54 28
32 54 28
33 54 28
34 54 28
35 54 28
36 54 28
37 54 28
38 54 28
39 54 28
40 54 28
41 54 28
42 54 28
43 54 28
44 54 28
27 55 29
28 55 29
29 55 29
30 55 29
31 55 29
32 55 29
33 55 29
34 55 29
35 55 29
36 55 29
37 55 29
38 55 29
39 55 29
40 55 29
41 55 29
42 55 29
43 55 29
44 55 29
27 56 30
28 56 30
29 56 30
30 56 30
31 56 30
32 56 30
33 56 30
34 56 30
35 56 30
36 56 30
37 56 30
38 56 30
39 56 30
40 56 30
41 56 30
42 56 30
43 56 30
44 56 30
27 57 31
28 57 31
29 57 31
30 57 31
31 57 31
32 57 31
33 57 31
34 57 31
35 57 31
36 57 31
37 57 31
38 57 31
39 57 31
40 57 31
41 57 31
42 57 31
43 57 31
44 57 31
27 58 32
28 58 32
29 58 32
30 58 32
31 58 32
32 58 32
33 58 32
34 58 32
35 58 32
36 58 32
37 58 32
38 58 32
39 58 32
40 58 32
41 58 32
42 58 32
43 58 32
44 58 32
27 59 33
28 59 33
29 59 33
30 59 33
31 59 33
32 59 33
33 59 33
34 59 33
35 59 33
36 59 33
37 59 33
38 59 33
39 59 33
40 59 33
41 59 33
42 59 33
43 59 33
44 59 33
27 60 34
28 60 34
29 60 34
30 60 34
31 60 34
32 60 34
33 60 34
34 60 34
35 60 34
36 60 34
37 60 34
38 60 34
39 60 34
40 60 34
41 60 34
42 60 34
43 60 34
44 60 34
27 61 35
28 61 35
29 61 35
30 61 35
31 61 35
32 61 35
33 61 35
34 61 35
35 61 35
36 61 35
37 61 35
38 61 35
39 61 35
40 61 35
41 61 35
42 61 35
43 61 35
44 61 35
27 62 36
28 62 36
29 62 36
30 62 36
31 62 36
32 62 36
33 62 36
34 62 36
35 62 36
36 62 36
37 62 36
38 62 36
39 62 36
40 62 36
41 62 36
42 62 36
43 62 36
44 62 36
27 45 37
28 45 37
29 45 37
30 45 37
31 45 37
32 45 37
33 45 37
34 45 37
35 45 37
36 45 37
37 45 37
38 45 37
39 45 37
40 45 37
41 45 37
42 45 37
43 45 37
44 45 37
27 46 38
28 46 38
29 46 38
30 46 38
31 46 38
32 46 38
33 46 38
34 46 38
35 46 38
36 46 38
37 46 38
38 46 38
39 46 38
40 46 38
41 46 38
42 46 38
43 46 38
44 46 38
27 47 39
28 47 39
29 47 39
30 47 39
31 47 39
32 47 39
33 47 39
34 47 39
35 47 39
36 47 39
37 47 39
38 47 39
39 47 39
40 47 39
41 47 39
42 47 39
43 47 39
44 47 39
27 48 40
28 48 40
29 48 40
30 48 40
31 48 40
32 48 40
33 48 40
34 48 40
35 48 40
36 48 40
37 48 40
38 48 40
39 48 40
40 48 40
41 48 40
42 48 40
43 48 40
44 48 40
27 49 41
28 49 41
29 49 41
30 49 41
31 49 41
32 49 41
33 49 41
34 49 41
35 49 41
36 49 41
37 49 41
38 49 41
39 49 41
40 49 41
41 49 41
42 49 41
43 49 41
44 49 41
27 50 42
28 50 42
29 50 42
30 50 42
31 50 42
32 50 42
33 50 42
34 50 42
35 50 42
36 50 42
37 50 42
38 50 42
39 50 42
40 50 42
41 50 42
42 50 42
43 50 42
44 50 42
27 51 43
28 51 43
29 51 43
30 51 43
31 51 43
32 51 43
33 51 43
34 51 43
35 51 43
36 51 43
37 51 43
38 51 43
39 51 43
40 51 43
41 51 43
42 51 43
43 51 43
44 51 43
27 52 44
28 52 44
29 52 44
30 52 44
31 52 44
32 52 44
33 52 44
34 52 44
35 52 44
36 52 44
37 52 44
38 52 44
39 52 44
40 52 44
41 52 44
42 52 44
43 52 44
44 52 44
27 53 45
28 53 45
29 53 45
30 53 45
31 53 45
32 53 45
33 53 45
34 53 45
35 53 45
36 53 45
37 53 45
38 53 45
39 53 45
40 53 45
41 53 45
42 53 45
43 53 45
44 53 45
27 54 46
28 54 46
29 54 46
30 54 46
31 54 46
32 54 46
33 54 46
34 54 46
35 54 46
36 54 46
37 54 46
38 54 46
39 54 46
40 54 46
41 54 46
42 54 46
43 54 46
44 54 46
27 55 47
28 55 47
29 55 47
30 55 47
31 55 47
32 55 47
33 55 47
34 55 47
35 55 47
36 55 47
37 55 47
38 55 47
39 55 47
40 55 47
41 55 47
42 55 47
43 55 47
44 55 47
27 56 48
28 56 48
29 56 48
30 56 48
31 56 48
32 56 48
33 56 48
34 56 48
35 56 48
36 56 48
37 56 48
38 56 48
39 56 48
40 56 48
41 56 48
42 56 48
43 56 48
44 56 48
27 57 49
28 57 49
29 57 49
30 57 49
31 57 49
32 57 49
33 57 49
34 57 49
35 57 49
36 57 49
37 57 49
38 57 49
39 57 49
40 57 49
41 57 49
42 57 49
43 57 49
44 57 49
27 58 50
28 58 50
29 58 50
30 58 50
31 58 50
32 58 50
33 58 50
34 58 50
35 58 50
36 58 50
37 58 50
38 58 50
39 58 50
40 58 50
41 58 50
42 58 50
43 58 50
44 58 50
27 59 51
28 59 51
29 59 51
30 59 51
31 59 51
32 59 51
33 59 51
34 59 51
35 59 51
36 59 51
37 59 51
38 59 51
39 59 51
40 59 51
41 59 51
42 59 51
43 59 51
44 59 51
27 60 52
28 60 52
29 60 52
30 60 52
31 60 52
32 60 52
33 60 52
34 60 52
35 60 52
36 60 52
37 60 52
38 60 52
39 60 52
40 60 52
41 60 52
42 60 52
43 60 52
44 60 52
27 61 53
28 61 53
29 61 53
30 61 53
31 61 53
32 61 53
33 61 53
34 61 53
35 61 53
36 61 53
37 61 53
38 61 53
39 61 53
40 61 53
41 61 53
42 61 53
43 61 53
44 61 53
27 62 54
28 62 54
29 62 54
30 62 54
31 62 54
32 62 54
33 62 54
34 62 54
35 62 54
36 62 54
37 62 54
38 62 54
39 62 54
40 62 54
41 62 54
42 62 54
43 62 54
44 62 54
27 45 55
28 45 55
29 45 55
30 45 55
31 45 55
32 45 55
33 45 55
34 45 55
35 45 55
36 45 55
37 45 55
38 45 55
39 45 55
40 45 55
41 45 55
42 45 55
43 45 55
44 45 55
27 46 56
28 46 56
29 46 56
30 46 56
31 46 56
32 46 56
33 46 56
34 46 56
35 46 56
36 46 56
37 46 56
38 46 56
39 46 56
40 46 56
41 46 56
42 46 56
43 46 56
44 46 56
27 47 57
28 47 57
29 47 57
30 47 57
31 47 57
32 47 57
33 47 57
34 47 57
35 47 57
36 47 57
37 47 57
38 47 57
39 47 57
40 47 57
41 47 57
42 47 57
43 47 57
44 47 57
27 48 58
28 48 58
29 48 58
30 48 58
31 48 58
32 48 58
33 48 58
34 48 58
35 48 58
36 48 58
37 48 58
38 48 58
39 48 58
40 48 58
41 48 58
42 48 58
43 48 58
44 48 58
27 49 59
28 49 59
29 49 59
30 49 59
31 49 59
32 49 59
33 49 59
34 49 59
35 49 59
36 49 59
37 49 59
38 49 59
39 49 59
40 49 59
41 49 59
42 49 59
43 49 59
44 49 59
27 50 60
28 50 60
29 50 60
30 50 60
31 50 60
32 50 60
33 50 60
34 50 60
35 50 60
36 50 60
37 50 60
38 50 60
39 50 60
40 50 60
41 50 60
42 50 60
43 50 60
44 50 60
27 51 61
28 51 61
29 51 61
30 51 61
31 51 61
32 51 61
33 51 61
34 51 61
35 51 61
36 51 61
37 51 61
38 51 61
39 51 61
40 51 61
41 51 61
42 51 61
43 51 61
44 51 61
27 52 62
28 52 62
29 52 62
30 52 62
31 52 62
32 52 62
33 52 62
34 52 62
35 52 62
36 52 62
37 52 62
38 52 62
39 52 62
40 52 62
41 52 62
42 52 62
43 52 62
44 52 62
27 53 63
28 53 63
29 53 63
30 53 63
31 53 63
32 53 63
33 53 63
34 53 63
35 53 63
36 53 63
37 53 63
38 53 63
39 53 63
40 53 63
41 53 63
42 53 63
43 53 63
44 53 63
27 54 64
28 54 64
29 54 64
30 54 64
31 54 64
32 54 64
33 54 64
34 54 64
35 54 64
36 54 64
37 54 64
38 54 64
39 54 64
40 54 64
41 54 64
42 54 64
43 54 64
44 54 64
27 55 65
28 55 65
29 55 65
30 55 65
31 55 65
32 55 65
33 55 65
34 55 65
35 55 65
36 55 65
37 55 65
38 55 65
39 55 65
40 55 65
41 55 65
42 55 65
43 55 65
44 55 65
27 56 66
28 56 66
29 56 66
30 56 66
31 56 66
32 56 66
33 56 66
34 56 66
35 56 66
36 56 66
37 56 66
38 56 66
39 56 66
40 56 66
41 56 66
42 56 66
43 56 66
44 56 66
27 57 67
28 57 67
29 57 67
30 57 67
31 57 67
32 57 67
33 57 67
34 57 67
35 57 67
36 57 67
37 57 67
38 57 67
39 57 67
40 57 67
41 57 67
42 57 67
43 57 67
44 57 67
27 58 68
28 58 68
29 58 68
30 58 68
31 58 68
32 58 68
33 58 68
34 58 68
35 58 68
36 58 68
37 58 68
38 58 68
39 58 68
40 58 68
41 58 68
42 58 68
43 58 68
44 58 68
27 59 69
28 59 69
29 59 69
30 59 69
31 59 69
32 59 69
33 59 69
34 59 69
35 59 69
36 59 69
37 59 69
38 59 69
39 59 69
40 59 69
41 59 69
42 59 69
43 59 69
44 59 69
27 60 70
28 60 70
29 60 70
30 60 70
31 60 70
32 60 70
33 60 70
34 60 70
35 60 70
36 60 70
37 60 70
38 60 70
39 60 70
40 60 70
41 60 70
42 60 70
43 60 70
44 60 70
27 61 71
28 61 71
29 61 71
30 61 71
31 61 71
32 61 71
33 61 71
34 61 71
35 61 71
36 61 71
37 61 71
38 61 71
39 61 71
40 61 71
41 61 71
42 61 71
43 61 71
44 61 71
27 62 72
28 62 72
29 62 72
30 62 72
31 62 72
32 62 72
33 62 72
34 62 72
35 62 72
36 62 72
37 62 72
38 62 72
39 62 72
40 62 72
41 62 72
42 62 72
43 62 72
44 62 72
27 45 73
28 45 73
29 45 73
30 45 73
31 45 73
32 45 73
33 45 73
34 45 73
35 45 73
36 45 73
37 45 73
38 45 73
39 45 73
40 45 73
41 45 73
42 45 73
43 45 73
44 45 73
27 46 74
28 46 74
29 46 74
30 46 74
31 46 74
32 46 74
33 46 74
34 46 74
35 46 74
36 46 74
37 46 74
38 46 74
39 46 74
40 46 74
41 46 74
42 46 74
43 46 74
44 46 74
27 47 75
28 47 75
29 47 75
30 47 75
31 47 75
32 47 75
33 47 75
34 47 75
35 47 75
36 47 75
37 47 75
38 47 75
39 47 75
40 47 75
41 47 75
42 47 75
43 47 75
44 47 75
27 48 76
28 48 76
29 48 76
30 48 76
31 48 76
32 48 76
33 48 76
34 48 76
35 48 76
36 48 76
37 48 76
38 48 76
39 48 76
40 48 76
41 48 76
42 48 76
43 48 76
44 48 76
27 49 77
28 49 77
29 49 77
30 49 77
31 49 77
32 49 77
33 49 77
34 49 77
35 49 77
36 49 77
37 49 77
38 49 77
39 49 77
40 49 77
41 49 77
42 49 77
43 49 77
44 49 77
27 50 78
28 50 78
29 50 78
30 50 78
31 50 78
32 50 78
33 50 78
34 50 78
35 50 78
36 50 78
37 50 78
38 50 78
39 50 78
40 50 78
41 50 78
42 50 78
43 50 78
44 50 78
27 51 79
28 51 79
29 51 79
30 51 79
31 51 79
32 51 79
33 51 79
34 51 79
35 51 79
36 51 79
37 51 79
38 51 79
39 51 79
40 51 79
41 51 79
42 51 79
43 51 79
44 51 79
27 52 80
28 52 80
29 52 80
30 52 80
31 52 80
32 52 80
33 52 80
34 52 80
35 52 80
36 52 80
37 52 80
38 52 80
39 52 80
40 52 80
41 52 80
42 52 80
43 52 80
44 52 80
27 53 81
28 53 81
29 53 81
30 53 81
31 53 81
32 53 81
33 53 81
34 53 81
35 53 81
36 53 81
37 53 81
38 53 81
39 53 81
40 53 81
41 53 81
42 53 81
43 53 81
44 53 81
27 54 82
28 54 82
29 54 82
30 54 82
31 54 82
32 54 82
33 54 82
34 54 82
35 54 82
36 54 82
37 54 82
38 54 82
39 54 82
40 54 82
41 54 82
42 54 82
43 54 82
44 54 82
27 55 83
28 55 83
29 55 83
30 55 83
31 55 83
32 55 83
33 55 83
34 55 83
35 55 83
36 55 83
37 55 83
38 55 83
39 55 83
40 55 83
41 55 83
42 55 83
43 55 83
44 55 83
27 56 84
28 56 84
29 56 84
30 56 84
31 56 84
32 56 84
33 56 84
34 56 84
35 56 84
36 56 84
37 56 84
38 56 84
39 56 84
40 56 84
41 56 84
42 56 84
43 56 84
44 56 84
27 57 85
28 57 85
29 57 85
30 57 85
31 57 85
32 57 85
33 57 85
34 57 85
35 57 85
36 57 85
37 57 85
38 57 85
39 57 85
40 57 85
41 57 85
42 57 85
43 57 85
44 57 85
27 58 86
28 58 86
29 58 86
30 58 86
31 58 86
32 58 86
33 58 86
34 58 86
35 58 86
36 58 86
37 58 86
38 58 86
39 58 86
40 58 86
41 58 86
42 58 86
43 58 86
44 58 86
27 59 87
28 59 87
29 59 87
30 59 87
31 59 87
32 59 87
33 59 87
34 59 87
35 59 87
36 59 87
37 59 87
38 59 87
39 59 87
40 59 87
41 59 87
42 59 87
43 59 87
44 59 87
27 60 88
28 60 88
29 60 88
30 60 88
31 60 88
32 60 88
33 60 88
34 60 88
35 60 88
36 60 88
37 60 88
38 60 88
39 60 88
40 60 88
41 60 88
42 60 88
43 60 88
44 60 88
27 61 89
28 61 89
29 61 89
30 61 89
31 61 89
32 61 89
33 61 89
34 61 89
35 61 89
36 61 89
37 61 89
38 61 89
39 61 89
40 61 89
41 61 89
42 61 89
43 61 89
44 61 89
27 62 90
28 62 90
29 62 90
30 62 90
31 62 90
32 62 90
33 62 90
34 62 90
35 62 90
36 62 90
37 62 90
38 62 90
39 62 90
40 62 90
41 62 90
42 62 90
43 62 90
44 62 90
27 45 91
28 45 91
29 45 91
30 45 91
31 45 91
32 45 91
33 45 91
34 45 91
35 45 91
36 45 91
37 45 91
38 45 91
39 45 91
40 45 91
41 45 91
42 45 91
43 45 91
44 45 91
27 46 92
28 46 92
29 46 92
30 46 92
31 46 92
32 46 92
33 46 92
34 46 92
35 46 92
36 46 92
37 46 92
38 46 92
39 46 92
40 46 92
41 46 92
42 46 92
43 46 92
44 46 92
27 47 93
28 47 93
29 47 93
30 47 93
31 47 93
32 47 93
33 47 93
34 47 93
35 47 93
36 47 93
37 47 93
38 47 93
39 47 93
40 47 93
41 47 93
42 47 93
43 47 93
44 47 93
27 48 94
28 48 94
29 48 94
30 48 94
31 48 94
32 48 94
33 48 94
34 48 94
35 48 94
36 48 94
37 48 94
38 48 94
39 48 94
40 48 94
41 48 94
42 48 94
43 48 94
44 48 94
27 49 95
28 49 95
29 49 95
30 49 95
31 49 95
32 49 95
33 49 95
34 49 95
35 49 95
36 49 95
37 49 95
38 49 95
39 49 95
40 49 95
41 49 95
42 49 95
43 49 95
44 49 95
27 50 96
28 50 96
29 50 96
30 50 96
31 50 96
32 50 96
33 50 96
34 50 96
35 50 96
36 50 96
37 50 96
38 50 96
39 50 96
40 50 96
41 50 96
42 50 96
43 50 96
44 50 96
27 51 97
28 51 97
29 51 97
30 51 97
31 51 97
32 51 97
33 51 97
34 51 97
35 51 97
36 51 97
37 51 97
38 51 97
39 51 97
40 51 97
41 51 97
42 51 97
43 51 97
44 51 97
27 52 98
28 52 98
29 52 98
30 52 98
31 52 98
32 52 98
33 52 98
34 52 98
35 52 98
36 52 98
37 52 98
38 52 98
39 52 98
40 52 98
41 52 98
42 52 98
43 52 98
44 52 98
27 53 99
28 53 99
29 53 99
30 53 99
31 53 99
32 53 99
33 53 99
34 53 99
35 53 99
36 53 99
37 53 99
38 53 99
39 53 99
40 53 99
41 53 99
42 53 99
43 53 99
44 53 99
27 54 100
28 54 100
29 54 100
30 54 100
31 54 100
32 54 100
33 54 100
34 54 100
35 54 100
36 54 100
37 54 100
38 54 100
39 54 100
40 54 100
41 54 100
42 54 100
43 54 100
44 54 100
27 55 101
28 55 101
29 55 101
30 55 101
31 55 101
32 55 101
33 55 101
34 55 101
35 55 101
36 55 101
37 55 101
38 55 101
39 55 101
40 55 101
41 55 101
42 55 101
43 55 101
44 55 101
27 56 102
28 56 102
29 56 102
30 56 102
31 56 102
32 56 102
33 56 102
34 56 102
35 56 102
36 56 102
37 56 102
38 56 102
39 56 102
40 56 102
41 56 102
42 56 102
43 56 102
44 56 102
27 57 103
28 57 103
29 57 103
30 57 103
31 57 103
32 57 103
33 57 103
34 57 103
35 57 103
36 57 103
37 57 103
38 57 103
39 57 103
40 57 103
41 57 103
42 57 103
43 57 103
44 57 103
27 58 104
28 58 104
29 58 104
30 58 104
31 58 104
32 58 104
33 58 104
34 58 104
35 58 104
36 58 104
37 58 104
38 58 104
39 58 104
40 58 104
41 58 104
42 58 104
43 58 104
44 58 104
27 59 105
28 59 105
29 59 105
30 59 105
31 59 105
32 59 105
33 59 105
34 59 105
35 59 105
36 59 105
37 59 105
38 59 105
39 59 105
40 59 105
41 59 105
42 59 105
43 59 105
44 59 105
27 60 106
28 60 106
29 60 106
30 60 106
31 60 106
32 60 106
33 60 106
34 60 106
35 60 106
36 60 106
37 60 106
38 60 106
39 60 106
40 60 106
41 60 106
42 60 106
43 60 106
44 60 106
27 61 107
28 61 107
29 61 107
30 61 107
31 61 107
32 61 107
33 61 107
34 61 107
35 61 107
36 61 107
37 61 107
38 61 107
39 61 107
40 61 107
41 61 107
42 61 107
43 61 107
44 61 107
27 62 108
28 62 108
29 62 108
30 62 108
31 62 108
32 62 108
33 62 108
34 62 108
35 62 108
36 62 108
37 62 108
38 62 108
39 62 108
40 62 108
41 62 108
42 62 108
43 62 108
44 62 108
27 45 109
28 45 109
29 45 109
30 45 109
31 45 109
32 45 109
33 45 109
34 45 109
35 45 109
36 45 109
37 45 109
38 45 109
39 45 109
40 45 109
41 45 109
42 45 109
43 45 109
44 45 109
27 46 110
28 46 110
29 46 110
30 46 110
31 46 110
32 46 110
33 46 110
34 46 110
35 46 110
36 46 110
37 46 110
38 46 110
39 46 110
40 46 110
41 46 110
42 46 110
43 46 110
44 46 110
27 47 111
28 47 111
29 47 111
30 47 111
31 47 111
32 47 111
33 47 111
34 47 111
35 47 111
36 47 111
37 47 111
38 47 111
39 47 111
40 47 111
41 47 111
42 47 111
43 47 111
44 47 111
27 48 112
28 48 112
29 48 112
30 48 112
31 48 112
32 48 112
33 48 112
34 48 112
35 48 112
36 48 112
37 48 112
38 48 112
39 48 112
40 48 112
41 48 112
42 48 112
43 48 112
44 48 112
27 49 113
28 49 113
29 49 113
30 49 113
31 49 113
32 49 113
33 49 113
34 49 113
35 49 113
36 49 113
37 49 113
38 49 113
39 49 113
40 49 113
41 49 113
42 49 113
43 49 113
44 49 113
27 50 114
28 50 114
29 50 114
30 50 114
31 50 114
32 50 114
33 50 114
34 50 114
35 50 114
36 50 114
37 50 114
38 50 114
39 50 114
40 50 114
41 50 114
42 50 114
43 50 114
44 50 114
27 51 115
28 51 115
29 51 115
30 51 115
31 51 115
32 51 115
33 51 115
34 51 115
35 51 115
36 51 115
37 51 115
38 51 115
39 51 115
40 51 115
41 51 115
42 51 115
43 51 115
44 51 115
27 52 116
28 52 116
29 52 116
30 52 116
31 52 116
32 52 116
33 52 116
34 52 116
35 52 116
36 52 116
37 52 116
38 52 116
39 52 116
40 52 116
41 52 116
42 52 116
43 52 116
44 52 116
27 53 117
28 53 117
29 53 117
30 53 117
31 53 117
32 53 117
33 53 117
34 53 117
35 53 117
36 53 117
37 53 117
38 53 117
39 53 117
40 53 117
41 53 117
42 53 117
43 53 117
44 53 117
27 54 118
28 54 118
29 54 118
30 54 118
31 54 118
32 54 118
33 54 118
34 54 118
35 54 118
36 54 118
37 54 118
38 54 118
39 54 118
40 54 118
41 54 118
42 54 118
43 54 118
44 54 118
27 55 119
28 55 119
29 55 119
30 55 119
31 55 119
32 55 119
33 55 119
34 55 119
35 55 119
36 55 119
37 55 119
38 55 119
39 55 119
40 55 119
41 55 119
42 55 119
43 55 119
44 55 119
27 56 120
28 56 120
29 56 120
30 56 120
31 56 120
32 56 120
33 56 120
34 56 120
35 56 120
36 56 120
37 56 120
38 56 120
39 56 120
40 56 120
41 56 120
42 56 120
43 56 120
44 56 120
27 57 121
28 57 121
29 57 121
30 57 121
31 57 121
32 57 121
33 57 121
34 57 121
35 57 121
36 57 121
37 57 121
38 57 121
39 57 121
40 57 121
41 57 121
42 57 121
43 57 121
44 57 121
27 58 122
28 58 122
29 58 122
30 58 122
31 58 122
32 58 122
33 58 122
34 58 122
35 58 122
36 58 122
37 58 122
38 58 122
39 58 122
40 58 122
41 58 122
42 58 122
43 58 122
44 58 122
27 59 123
28 59 123
29 59 123
30 59 123
31 59 123
32 59 123
33 59 123
34 59 123
35 59 123
36 59 123
37 59 123
38 59 123
39 59 123
40 59 123
41 59 123
42 59 123
43 59 123
44 59 123
27 60 124
28 60 124
29 60 124
30 60 124
31 60 124
32 60 124
33 60 124
34 60 124
35 60 124
36 60 124
37 60 124
38 60 124
39 60 124
40 60 124
41 60 124
42 60 124
43 60 124
44 60 124
27 61 125
28 61 125
29 61 125
30 61 125
31 61 125
32 61 125
33 61 125
34 61 125
35 61 125
36 61 125
37 61 125
38 61 125
39 61 125
40 61 125
41 61 125
42 61 125
43 61 125
44 61 125
27 62 126
28 62 126
29 62 126
30 62 126
31 62 126
32 62 126
33 62 126
34 62 126
35 62 126
36 62 126
37 62 126
38 62 126
39 62 126
40 62 126
41 62 126
42 62 126
43 62 126
44 62 126
27 45 127
28 45 127
29 45 127
30 45 127
31 45 127
32 45 127
33 45 127
34 45 127
35 45 127
36 45 127
37 45 127
38 45 127
39 45 127
40 45 127
41 45 127
42 45 127
43 45 127
44 45 127
27 46 128
28 46 128
29 46 128
30 46 128
31 46 128
32 46 128
33 46 128
34 46 128
35 46 128
36 46 128
37 46 128
38 46 128
39 46 128
40 46 128
41 46 128
42 46 128
43 46 128
44 46 128
27 47 129
28 47 129
29 47 129
30 47 129
31 47 129
32 47 129
33 47 129
34 47 129
35 47 129
36 47 129
37 47 129
38 47 129
39 47 129
40 47 129
41 47 129
42 47 129
43 47 129
44 47 129
27 48 130
28 48 130
29 48 130
30 48 130
31 48 130
32 48 130
33 48 130
34 48 130
35 48 130
36 48 130
37 48 130
38 48 130
39 48 130
40 48 130
41 48 130
42 48 130
43 48 130
44 48 130
27 49 131
28 49 131
29 49 131
30 49 131
31 49 131
32 49 131
33 49 131
34 49 131
35 49 131
36 49 131
37 49 131
38 49 131
39 49 131
40 49 131
41 49 131
42 49 131
43 49 131
44 49 131
27 50 132
28 50 132
29 50 132
30 50 132
31 50 132
32 50 132
33 50 132
34 50 132
35 50 132
36 50 132
37 50 132
38 50 132
39 50 132
40 50 132
41 50 132
42 50 132
43 50 132
44 50 132
27 51 133
28 51 133
29 51 133
30 51 133
31 51 133
32 51 133
33 51 133
34 51 133
35 51 133
36 51 133
37 51 133
38 51 133
39 51 133
40 51 133
41 51 133
42 51 133
43 51 133
44 51 133
27 52 134
28 52 134
29 52 134
30 52 134
31 52 134
32 52 134
33 52 134
34 52 134
35 52 134
36 52 134
37 52 134
38 52 134
39 52 134
40 52 134
41 52 134
42 52 134
43 52 134
44 52 134
27 53 135
28 53 135
29 53 135
30 53 135
31 53 135
32 53 135
33 53 135
34 53 135
35 53 135
36 53 135
37 53 135
38 53 135
39 53 135
40 53 135
41 53 135
42 53 135
43 53 135
44 53 135
27 54 136
28 54 136
29 54 136
30 54 136
31 54 136
32 54 136
33 54 136
34 54 136
35 54 136
36 54 136
37 54 136
38 54 136
39 54 136
40 54 136
41 54 136
42 54 136
43 54 136
44 54 136
27 55 137
28 55 137
29 55 137
30 55 137
31 55 137
32 55 137
33 55 137
34 55 137
35 55 137
36 55 137
37 55 137
38 55 137
39 55 137
40 55 137
41 55 137
42 55 137
43 55 137
44 55 137
27 56 138
28 56 138
29 56 138
30 56 138
31 56 138
32 56 138
33 56 138
34 56 138
35 56 138
36 56 138
37 56 138
38 56 138
39 56 138
40 56 138
41 56 138
42 56 138
43 56 138
44 56 138
27 57 139
28 57 139
29 57 139
30 57 139
31 57 139
32 57 139
33 57 139
34 57 139
35 57 139
36 57 139
37 57 139
38 57 139
39 57 139
40 57 139
41 57 139
42 57 139
43 57 139
44 57 139
27 58 140
28 58 140
29 58 140
30 58 140
31 58 140
32 58 140
33 58 140
34 58 140
35 58 140
36 58 140
37 58 140
38 58 140
39 58 140
40 58 140
41 58 140
42 58 140
43 58 140
44 58 140
27 59 141
28 59 141
29 59 141
30 59 141
31 59 141
32 59 141
33 59 141
34 59 141
35 59 141
36 59 141
37 59 141
38 59 141
39 59 141
40 59 141
41 59 141
42 59 141
43 59 141
44 59 141
27 60 142
28 60 142
29 60 142
30 60 142
31 60 142
32 60 142
33 60 142
34 60 142
35 60 142
36 60 142
37 60 142
38 60 142
39 60 142
40 60 142
41 60 142
42 60 142
43 60 142
44 60 142
27 61 143
28 61 143
29 61 143
30 61 143
31 61 143
32 61 143
33 61 143
34 61 143
35 61 143
36 61 143
37 61 143
38 61 143
39 61 143
40 61 143
41 61 143
42 61 143
43 61 143
44 61 143
27 62 144
28 62 144
29 62 144
30 62 144
31 62 144
32 62 144
33 62 144
34 62 144
35 62 144
36 62 144
37 62 144
38 62 144
39 62 144
40 62 144
41 62 144
42 62 144
43 62 144
44 62 144
27 45 145
28 45 145
29 45 145
30 45 145
31 45 145
32 45 145
33 45 145
34 45 145
35 45 145
36 45 145
37 45 145
38 45 145
39 45 145
40 45 145
41 45 145
42 45 145
43 45 145
44 45 145
27 46 146
28 46 146
29 46 146
30 46 146
31 46 146
32 46 146
33 46 146
34 46 146
35 46 146
36 46 146
37 46 146
38 46 146
39 46 146
40 46 146
41 46 146
42 46 146
43 46 146
44 46 146
27 47 147
28 47 147
29 47 147
30 47 147
31 47 147
32 47 147
33 47 147
34 47 147
35 47 147
36 47 147
37 47 147
38 47 147
39 47 147
40 47 147
41 47 147
42 47 147
43 47 147
44 47 147
27 48 148
28 48 148
29 48 148
30 48 148
31 48 148
32 48 148
33 48 148
34 48 148
35 48 148
36 48 148
37 48 148
38 48 148
39 48 148
40 48 148
41 48 148
42 48 148
43 48 148
44 48 148
27 49 149
28 49 149
29 49 149
30 49 149
31 49 149
32 49 149
33 49 149
34 49 149
35 49 149
36 49 149
37 49 149
38 49 149
39 49 149
40 49 149
41 49 149
42 49 149
43 49 149
44 49 149
27 50 150
28 50 150
29 50 150
30 50 150
31 50 150
32 50 150
33 50 150
34 50 150
35 50 150
36 50 150
37 50 150
38 50 150
39 50 150
40 50 150
41 50 150
42 50 150
43 50 150
44 50 150
27 51 151
28 51 151
29 51 151
30 51 151
31 51 151
32 51 151
33 51 151
34 51 151
35 51 151
36 51 151
37 51 151
38 51 151
39 51 151
40 51 151
41 51 151
42 51 151
43 51 151
44 51 151
27 52 152
28 52 152
29 52 152
30 52 152
31 52 152
32 52 152
33 52 152
34 52 152
35 52 152
36 52 152
37 52 152
38 52 152
39 52 152
40 52 152
41 52 152
42 52 152
43 52 152
44 52 152
27 53 153
28 53 153
29 53 153
30 53 153
31 53 153
32 53 153
33 53 153
34 53 153
35 53 153
36 53 153
37 53 153
38 53 153
39 53 153
40 53 153
41 53 153
42 53 153
43 53 153
44 53 153
27 54 154
28 54 154
29 54 154
30 54 154
31 54 154
32 54 154
33 54 154
34 54 154
35 54 154
36 54 154
37 54 154
38 54 154
39 54 154
40 54 154
41 54 154
42 54 154
43 54 154
44 54 154
27 55 155
28 55 155
29 55 155
30 55 155
31 55 155
32 55 155
33 55 155
34 55 155
35 55 155
36 55 155
37 55 155
38 55 155
39 55 155
40 55 155
41 55 155
42 55 155
43 55 155
44 55 155
27 56 156
28 56 156
29 56 156
30 56 156
31 56 156
32 56 156
33 56 156
34 56 156
35 56 156
36 56 156
37 56 156
38 56 156
39 56 156
40 56 156
41 56 156
42 56 156
43 56 156
44 56 156
27 57 157
28 57 157
29 57 157
30 57 157
31 57 157
32 57 157
33 57 157
34 57 157
35 57 157
36 57 157
37 57 157
38 57 157
39 57 157
40 57 157
41 57 157
42 57 157
43 57 157
44 57 157
27 58 158
28 58 158
29 58 158
30 58 158
31 58 158
32 58 158
33 58 158
34 58 158
35 58 158
36 58 158
37 58 158
38 58 158
39 58 158
40 58 158
41 58 158
42 58 158
43 58 158
44 58 158
27 59 159
28 59 159
29 59 159
30 59 159
31 59 159
32 59 159
33 59 159
34 59 159
35 59 159
36 59 159
37 59 159
38 59 159
39 59 159
40 59 159
41 59 159
42 59 159
43 59 159
44 59 159
27 60 160
28 60 160
29 60 160
30 60 160
31 60 160
32 60 160
33 60 160
34 60 160
35 60 160
36 60 160
37 60 160
38 60 160
39 60 160
40 60 160
41 60 160
42 60 160
43 60 160
44 60 160
27 61 161
28 61 161
29 61 161
30 61 161
31 61 161
32 61 161
33 61 161
34 61 161
35 61 161
36 61 161
37 61 161
38 61 161
39 61 161
40 61 161
41 61 161
42 61 161
43 61 161
44 61 161
27 62 162
28 62 162
29 62 162
30 62 162
31 62 162
32 62 162
33 62 162
34 62 162
35 62 162
36 62 162
37 62 162
38 62 162
39 62 162
40 62 162
41 62 162
42 62 162
43 62 162
44 62 162
27 45 163
28 45 163
29 45 163
30 45 163
31 45 163
32 45 163
33 45 163
34 45 163
35 45 163
36 45 163
37 45 163
38 45 163
39 45 163
40 45 163
41 45 163
42 45 163
43 45 163
44 45 163
27 46 164
28 46 164
29 46 164
30 46 164
31 46 164
32 46 164
33 46 164
34 46 164
35 46 164
36 46 164
37 46 164
38 46 164
39 46 164
40 46 164
41 46 164
42 46 164
43 46 164
44 46 164
27 47 165
28 47 165
29 47 165
30 47 165
31 47 165
32 47 165
33 47 165
34 47 165
35 47 165
36 47 165
37 47 165
38 47 165
39 47 165
40 47 165
41 47 165
42 47 165
43 47 165
44 47 165
27 48 166
28 48 166
29 48 166
30 48 166
31 48 166
32 48 166
33 48 166
34 48 166
35 48 166
36 48 166
37 48 166
38 48 166
39 48 166
40 48 166
41 48 166
42 48 166
43 48 166
44 48 166
27 49 167
28 49 167
29 49 167
30 49 167
31 49 167
32 49 167
33 49 167
34 49 167
35 49 167
36 49 167
37 49 167
38 49 167
39 49 167
40 49 167
41 49 167
42 49 167
43 49 167
44 49 167
27 50 168
28 50 168
29 50 168
30 50 168
31 50 168
32 50 168
33 50 168
34 50 168
35 50 168
36 50 168
37 50 168
38 50 168
39 50 168
40 50 168
41 50 168
42 50 168
43 50 168
44 50 168
27 51 169
28 51 169
29 51 169
30 51 169
31 51 169
32 51 169
33 51 169
34 51 169
35 51 169
36 51 169
37 51 169
38 51 169
39 51 169
40 51 169
41 51 169
42 51 169
43 51 169
44 51 169
27 52 170
28 52 170
29 52 170
30 52 170
31 52 170
32 52 170
33 52 170
34 52 170
35 52 170
36 52 170
37 52 170
38 52 170
39 52 170
40 52 170
41 52 170
42 52 170
43 52 170
44 52 170
27 53 171
28 53 171
29 53 171
30 53 171
31 53 171
32 53 171
33 53 171
34 53 171
35 53 171
36 53 171
37 53 171
38 53 171
39 53 171
40 53 171
41 53 171
42 53 171
43 53 171
44 53 171
27 54 172
28 54 172
29 54 172
30 54 172
31 54 172
32 54 172
33 54 172
34 54 172
35 54 172
36 54 172
37 54 172
38 54 172
39 54 172
40 54 172
41 54 172
42 54 172
43 54 172
44 54 172
27 55 173
28 55 173
29 55 173
30 55 173
31 55 173
32 55 173
33 55 173
34 55 173
35 55 173
36 55 173
37 55 173
38 55 173
39 55 173
40 55 173
41 55 173
42 55 173
43 55 173
44 55 173
27 56 174
28 56 174
29 56 174
30 56 174
31 56 174
32 56 174
33 56 174
34 56 174
35 56 174
36 56 174
37 56 174
38 56 174
39 56 174
40 56 174
41 56 174
42 56 174
43 56 174
44 56 174
27 57 175
28 57 175
29 57 175
30 57 175
31 57 175
32 57 175
33 57 175
34 57 175
35 57 175
36 57 175
37 57 175
38 57 175
39 57 175
40 57 175
41 57 175
42 57 175
43 57 175
44 57 175
27 58 176
28 58 176
29 58 176
30 58 176
31 58 176
32 58 176
33 58 176
34 58 176
35 58 176
36 58 176
37 58 176
38 58 176
39 58 176
40 58 176
41 58 176
42 58 176
43 58 176
44 58 176
27 59 177
28 59 177
29 59 177
30 59 177
31 59 177
32 59 177
33 59 177
34 59 177
35 59 177
36 59 177
37 59 177
38 59 177
39 59 177
40 59 177
41 59 177
42 59 177
43 59 177
44 59 177
27 60 178
28 60 178
29 60 178
30 60 178
31 60 178
32 60 178
33 60 178
34 60 178
35 60 178
36 60 178
37 60 178
38 60 178
39 60 178
40 60 178
41 60 178
42 60 178
43 60 178
44 60 178
27 61 179
28 61 179
29 61 179
30 61 179
31 61 179
32 61 179
33 61 179
34 61 179
35 61 179
36 61 179
37 61 179
38 61 179
39 61 179
40 61 179
41 61 179
42 61 179
43 61 179
44 61 179
27 62 180
28 62 180
29 62 180
30 62 180
31 62 180
32 62 180
33 62 180
34 62 180
35 62 180
36 62 180
37 62 180
38 62 180
39 62 180
40 62 180
41 62 180
42 62 180
43 62 180
44 62 180
27 45 181
28 45 181
29 45 181
30 45 181
31 45 181
32 45 181
33 45 181
34 45 181
35 45 181
36 45 181
37 45 181
38 45 181
39 45 181
40 45 181
41 45 181
42 45 181
43 45 181
44 45 181
27 46 182
28 46 182
29 46 182
30 46 182
31 46 182
32 46 182
33 46 182
34 46 182
35 46 182
36 46 182
37 46 182
38 46 182
39 46 182
40 46 182
41 46 182
42 46 182
43 46 182
44 46 182
27 47 183
28 47 183
29 47 183
30 47 183
31 47 183
32 47 183
33 47 183
34 47 183
35 47 183
36 47 183
37 47 183
38 47 183
39 47 183
40 47 183
41 47 183
42 47 183
43 47 183
44 47 183
27 48 184
28 48 184
29 48 184
30 48 184
31 48 184
32 48 184
33 48 184
34 48 184
35 48 184
36 48 184
37 48 184
38 48 184
39 48 184
40 48 184
41 48 184
42 48 184
43 48 184
44 48 184
27 49 185
28 49 185
29 49 185
30 49 185
31 49 185
32 49 185
33 49 185
34 49 185
35 49 185
36 49 185
37 49 185
38 49 185
39 49 185
40 49 185
41 49 185
42 49 185
43 49 185
44 49 185
27 50 186
28 50 186
29 50 186
30 50 186
31 50 186
32 50 186
33 50 186
34 50 186
35 50 186
36 50 186
37 50 186
38 50 186
39 50 186
40 50 186
41 50 186
42 50 186
43 50 186
44 50 186
27 51 187
28 51 187
29 51 187
30 51 187
31 51 187
32 51 187
33 51 187
34 51 187
35 51 187
36 51 187
37 51 187
38 51 187
39 51 187
40 51 187
41 51 187
42 51 187
43 51 187
44 51 187
27 52 188
28 52 188
29 52 188
30 52 188
31 52 188
32 52 188
33 52 188
34 52 188
35 52 188
36 52 188
37 52 188
38 52 188
39 52 188
40 52 188
41 52 188
42 52 188
43 52 188
44 52 188
27 53 189
28 53 189
29 53 189
30 53 189
31 53 189
32 53 189
33 53 189
34 53 189
35 53 189
36 53 189
37 53 189
38 53 189
39 53 189
40 53 189
41 53 189
42 53 189
43 53 189
44 53 189
27 54 190
28 54 190
29 54 190
30 54 190
31 54 190
32 54 190
33 54 190
34 54 190
35 54 190
36 54 190
37 54 190
38 54 190
39 54 190
40 54 190
41 54 190
42 54 190
43 54 190
44 54 190
27 55 191
28 55 191
29 55 191
30 55 191
31 55 191
32 55 191
33 55 191
34 55 191
35 55 191
36 55 191
37 55 191
38 55 191
39 55 191
40 55 191
41 55 191
42 55 191
43 55 191
44 55 191
27 56 192
28 56 192
29 56 192
30 56 192
31 56 192
32 56 192
33 56 192
34 56 192
35 56 192
36 56 192
37 56 192
38 56 192
39 56 192
40 56 192
41 56 192
42 56 192
43 56 192
44 56 192
27 57 193
28 57 193
29 57 193
30 57 193
31 57 193
32 57 193
33 57 193
34 57 193
35 57 193
36 57 193
37 57 193
38 57 193
39 57 193
40 57 193
41 57 193
42 57 193
43 57 193
44 57 193
27 58 194
28 58 194
29 58 194
30 58 194
31 58 194
32 58 194
33 58 194
34 58 194
35 58 194
36 58 194
37 58 194
38 58 194
39 58 194
40 58 194
41 58 194
42 58 194
43 58 194
44 58 194
27 59 195
28 59 195
29 59 195
30 59 195
31 59 195
32 59 195
33 59 195
34 59 195
35 59 195
36 59 195
37 59 195
38 59 195
39 59 195
40 59 195
41 59 195
42 59 195
43 59 195
44 59 195
27 60 196
28 60 196
29 60 196
30 60 196
31 60 196
32 60 196
33 60 196
34 60 196
35 60 196
36 60 196
37 60 196
38 60 196
39 60 196
40 60 196
41 60 196
42 60 196
43 60 196
44 60 196
27 61 197
28 61 197
29 61 197
30 61 197
31 61 197
32 61 197
33 61 197
34 61 197
35 61 197
36 61 197
37 61 197
38 61 197
39 61 197
40 61 197
41 61 197
42 61 197
43 61 197
44 61 197
27 62 198
28 62 198
29 62 198
30 62 198
31 62 198
32 62 198
33 62 198
34 62 198
35 62 198
36 62 198
37 62 198
38 62 198
39 62 198
40 62 198
41 62 198
42 62 198
43 62 198
44 62 198
27 45 199
28 45 199
29 45 199
30 45 199
31 45 199
32 45 199
33 45 199
34 45 199
35 45 199
36 45 199
37 45 199
38 45 199
39 45 199
40 45 199
41 45 199
42 45 199
43 45 199
44 45 199
27 46 200
28 46 200
29 46 200
30 46 200
31 46 200
32 46 200
33 46 200
34 46 200
35 46 200
36 46 200
37 46 200
38 46 200
39 46 200
40 46 200
41 46 200
42 46 200
43 46 200
44 46 200
27 47 201
28 47 201
29 47 201
30 47 201
31 47 201
32 47 201
33 47 201
34 47 201
35 47 201
36 47 201
37 47 201
38 47 201
39 47 201
40 47 201
41 47 201
42 47 201
43 47 201
44 47 201
27 48 202
28 48 202
29 48 202
30 48 202
31 48 202
32 48 202
33 48 202
34 48 202
35 48 202
36 48 202
37 48 202
38 48 202
39 48 202
40 48 202
41 48 202
42 48 202
43 48 202
44 48 202
27 49 203
28 49 203
29 49 203
30 49 203
31 49 203
32 49 203
33 49 203
34 49 203
35 49 203
36 49 203
37 49 203
38 49 203
39 49 203
40 49 203
41 49 203
42 49 203
43 49 203
44 49 203
27 50 204
28 50 204
29 50 204
30 50 204
31 50 204
32 50 204
33 50 204
34 50 204
35 50 204
36 50 204
37 50 204
38 50 204
39 50 204
40 50 204
41 50 204
42 50 204
43 50 204
44 50 204
27 51 205
28 51 205
29 51 205
30 51 205
31 51 205
32 51 205
33 51 205
34 51 205
35 51 205
36 51 205
37 51 205
38 51 205
39 51 205
40 51 205
41 51 205
42 51 205
43 51 205
44 51 205
27 52 206
28 52 206
29 52 206
30 52 206
31 52 206
32 52 206
33 52 206
34 52 206
35 52 206
36 52 206
37 52 206
38 52 206
39 52 206
40 52 206
41 52 206
42 52 206
43 52 206
44 52 206
27 53 207
28 53 207
29 53 207
30 53 207
31 53 207
32 53 207
33 53 207
34 53 207
35 53 207
36 53 207
37 53 207
38 53 207
39 53 207
40 53 207
41 53 207
42 53 207
43 53 207
44 53 207
27 54 208
28 54 208
29 54 208
30 54 208
31 54 208
32 54 208
33 54 208
34 54 208
35 54 208
36 54 208
37 54 208
38 54 208
39 54 208
40 54 208
41 54 208
42 54 208
43 54 208
44 54 208
27 55 209
28 55 209
29 55 209
30 55 209
31 55 209
32 55 209
33 55 209
34 55 209
35 55 209
36 55 209
37 55 209
38 55 209
39 55 209
40 55 209
41 55 209
42 55 209
43 55 209
44 55 209
27 56 210
28 56 210
29 56 210
30 56 210
31 56 210
32 56 210
33 56 210
34 56 210
35 56 210
36 56 210
37 56 210
38 56 210
39 56 210
40 56 210
41 56 210
42 56 210
43 56 210
44 56 210
27 57 211
28 57 211
29 57 211
30 57 211
31 57 211
32 57 211
33 57 211
34 57 211
35 57 211
36 57 211
37 57 211
38 57 211
39 57 211
40 57 211
41 57 211
42 57 211
43 57 211
44 57 211
27 58 212
28 58 212
29 58 212
30 58 212
31 58 212
32 58 212
33 58 212
34 58 212
35 58 212
36 58 212
37 58 212
38 58 212
39 58 212
40 58 212
41 58 212
42 58 212
43 58 212
44 58 212
27 59 213
28 59 213
29 59 213
30 59 213
31 59 213
32 59 213
33 59 213
34 59 213
35 59 213
36 59 213
37 59 213
38 59 213
39 59 213
40 59 213
41 59 213
42 59 213
43 59 213
44 59 213
27 60 214
28 60 214
29 60 214
30 60 214
31 60 214
32 60 214
33 60 214
34 60 214
35 60 214
36 60 214
37 60 214
38 60 214
39 60 214
40 60 214
41 60 214
42 60 214
43 60 214
44 60 214
27 61 215
28 61 215
29 61 215
30 61 215
31 61 215
32 61 215
33 61 215
34 61 215
35 61 215
36 61 215
37 61 215
38 61 215
39 61 215
40 61 215
41 61 215
42 61 215
43 61 215
44 61 215
27 62 216
28 62 216
29 62 216
30 62 216
31 62 216
32 62 216
33 62 216
34 62 216
35 62 216
36 62 216
37 62 216
38 62 216
39 62 216
40 62 216
41 62 216
42 62 216
43 62 216
44 62 216
27 45 217
28 45 217
29 45 217
30 45 217
31 45 217
32 45 217
33 45 217
34 45 217
35 45 217
36 45 217
37 45 217
38 45 217
39 45 217
40 45 217
41 45 217
42 45 217
43 45 217
44 45 217
27 46 218
28 46 218
29 46 218
30 46 218
31 46 218
32 46 218
33 46 218
34 46 218
35 46 218
36 46 218
37 46 218
38 46 218
39 46 218
40 46 218
41 46 218
42 46 218
43 46 218
44 46 218
27 47 219
28 47 219
29 47 219
30 47 219
31 47 219
32 47 219
33 47 219
34 47 219
35 47 219
36 47 219
37 47 219
38 47 219
39 47 219
40 47 219
41 47 219
42 47 219
43 47 219
44 47 219
27 48 220
28 48 220
29 48 220
30 48 220
31 48 220
32 48 220
33 48 220
34 48 220
35 48 220
36 48 220
37 48 220
38 48 220
39 48 220
40 48 220
41 48 220
42 48 220
43 48 220
44 48 220
27 49 221
28 49 221
29 49 221
30 49 221
31 49 221
32 49 221
33 49 221
34 49 221
35 49 221
36 49 221
37 49 221
38 49 221
39 49 221
40 49 221
41 49 221
42 49 221
43 49 221
44 49 221
27 50 222
28 50 222
29 50 222
30 50 222
31 50 222
32 50 222
33 50 222
34 50 222
35 50 222
36 50 222
37 50 222
38 50 222
39 50 222
40 50 222
41 50 222
42 50 222
43 50 222
44 50 222
27 51 223
28 51 223
29 51 223
30 51 223
31 51 223
32 51 223
33 51 223
34 51 223
35 51 223
36 51 223
37 51 223
38 51 223
39 51 223
40 51 223
41 51 223
42 51 223
43 51 223
44 51 223
27 52 224
28 52 224
29 52 224
30 52 224
31 52 224
32 52 224
33 52 224
34 52 224
35 52 224
36 52 224
37 52 224
38 52 224
39 52 224
40 52 224
41 52 224
42 52 224
43 52 224
44 52 224
27 53 225
28 53 225
29 53 225
30 53 225
31 53 225
32 53 225
33 53 225
34 53 225
35 53 225
36 53 225
37 53 225
38 53 225
39 53 225
40 53 225
41 53 225
42 53 225
43 53 225
44 53 225
27 54 226
28 54 226
29 54 226
30 54 226
31 54 226
32 54 226
33 54 226
34 54 226
35 54 226
36 54 226
37 54 226
38 54 226
39 54 226
40 54 226
41 54 226
42 54 226
43 54 226
44 54 226
27 55 227
28 55 227
29 55 227
30 55 227
31 55 227
32 55 227
33 55 227
34 55 227
35 55 227
36 55 227
37 55 227
38 55 227
39 55 227
40 55 227
41 55 227
42 55 227
43 55 227
44 55 227
27 56 228
28 56 228
29 56 228
30 56 228
31 56 228
32 56 228
33 56 228
34 56 228
35 56 228
36 56 228
37 56 228
38 56 228
39 56 228
40 56 228
41 56 228
42 56 228
43 56 228
44 56 228
27 57 229
28 57 229
29 57 229
30 57 229
31 57 229
32 57 229
33 57 229
34 57 229
35 57 229
36 57 229
37 57 229
38 57 229
39 57 229
40 57 229
41 57 229
42 57 229
43 57 229
44 57 229
27 58 230
28 58 230
29 58 230
30 58 230
31 58 230
32 58 230
33 58 230
34 58 230
35 58 230
36 58 230
37 58 230
38 58 230
39 58 230
40 58 230
41 58 230
42 58 230
43 58 230
44 58 230
27 59 231
28 59 231
29 59 231
30 59 231
31 59 231
32 59 231
33 59 231
34 59 231
35 59 231
36 59 231
37 59 231
38 59 231
39 59 231
40 59 231
41 59 231
42 59 231
43 59 231
44 59 231
27 60 232
28 60 232
29 60 232
30 60 232
31 60 232
32 60 232
33 60 232
34 60 232
35 60 232
36 60 232
37 60 232
38 60 232
39 60 232
40 60 232
41 60 232
42 60 232
43 60 232
44 60 232
27 61 233
28 61 233
29 61 233
30 61 233
31 61 233
32 61 233
33 61 233
34 61 233
35 61 233
36 61 233
37 61 233
38 61 233
39 61 233
40 61 233
41 61 233
42 61 233
43 61 233
44 61 233
27 62 234
28 62 234
29 62 234
30 62 234
31 62 234
32 62 234
33 62 234
34 62 234
35 62 234
36 62 234
37 62 234
38 62 234
39 62 234
40 62 234
41 62 234
42 62 234
43 62 234
44 62 234
