33 39 1
34 39 1
35 39 1
36 39 1
37 39 1
38 39 1
33 40 2
34 40 2
35 40 2
36 40 2
37 40 2
38 40 2
33 39 3
34 39 3
35 39 3
36 39 3
37 39 3
38 39 3
33 40 4
34 40 4
35 40 4
36 40 4
37 40 4
38 40 4
33 39 5
34 39 5
35 39 5
36 39 5
37 39 5
38 39 5
33 40 6
34 40 6
35 40 6
36 40 6
37 40 6
38 40 6
33 39 7
34 39 7
35 39 7
36 39 7
37 39 7
38 39 7
33 40 8
34 40 8
35 40 8
36 40 8
37 40 8
38 40 8
33 39 9
34 39 9
35 39 9
36 39 9
37 39 9
38 39 9
33 40 10
34 40 10
35 40 10
36 40 10
37 40 10
38 40 10
33 39 11
34 39 11
35 39 11
36 39 11
37 39 11
38 39 11
33 40 12
34 40 12
35 40 12
36 40 12
37 40 12
38 40 12
33 39 13
34 39 13
35 39 13
36 39 13
37 39 13
38 39 13
33 40 14
34 40 14
35 40 14
36 40 14
37 40 14
38 40 14
33 39 15
34 39 15
35 39 15
36 39 15
37 39 15
38 39 15
33 40 16
34 40 16
35 40 16
36 40 16
37 40 16
38 40 16
33 39 17
34 39 17
35 39 17
36 39 17
37 39 17
38 39 17
33 40 18
34 40 18
35 40 18
36 40 18
37 40 18
38 40 18
33 39 19
34 39 19
35 39 19
36 39 19
37 39 19
38 39 19
33 40 20
34 40 20
35 40 20
36 40 20
37 40 20
38 40 20
