54 60 1
55 60 1
56 60 1
57 60 1
58 60 1
54 61 2
55 61 2
56 61 2
57 61 2
58 61 2
54 60 3
55 60 3
56 60 3
57 60 3
58 60 3
54 61 4
55 61 4
56 61 4
57 61 4
58 61 4
54 60 5
55 60 5
56 60 5
57 60 5
58 60 5
54 61 6
55 61 6
56 61 6
57 61 6
58 61 6
54 60 7
55 60 7
56 60 7
57 60 7
58 60 7
54 61 8
55 61 8
56 61 8
57 61 8
58 61 8
54 60 9
55 60 9
56 60 9
57 60 9
58 60 9
54 61 10
55 61 10
56 61 10
57 61 10
58 61 10
54 60 11
55 60 11
56 60 11
57 60 11
58 60 11
54 61 12
55 61 12
56 61 12
57 61 12
58 61 12
54 60 13
55 60 13
56 60 13
57 60 13
58 60 13
54 61 14
55 61 14
56 61 14
57 61 14
58 61 14
54 60 15
55 60 15
56 60 15
57 60 15
58 60 15
54 61 16
55 61 16
56 61 16
57 61 16
58 61 16
54 60 17
55 60 17
56 60 17
57 60 17
58 60 17
54 61 18
55 61 18
56 61 18
57 61 18
58 61 18
54 60 19
55 60 19
56 60 19
57 60 19
58 60 19
54 61 20
55 61 20
56 61 20
57 61 20
58 61 20
54 60 21
55 60 21
56 60 21
57 60 21
58 60 21
54 61 22
55 61 22
56 61 22
57 61 22
58 61 22
54 60 23
55 60 23
56 60 23
57 60 23
58 60 23
54 61 24
55 61 24
56 61 24
57 61 24
58 61 24
54 60 25
55 60 25
56 60 25
57 60 25
58 60 25
54 61 26
55 61 26
56 61 26
57 61 26
58 61 26
54 60 27
55 60 27
56 60 27
57 60 27
58 60 27
54 61 28
55 61 28
56 61 28
57 61 28
58 61 28
54 60 29
55 60 29
56 60 29
57 60 29
58 60 29
54 61 30
55 61 30
56 61 30
57 61 30
58 61 30
54 60 31
55 60 31
56 60 31
57 60 31
58 60 31
54 61 32
55 61 32
56 61 32
57 61 32
58 61 32
54 60 33
55 60 33
56 60 33
57 60 33
58 60 33
54 61 34
55 61 34
56 61 34
57 61 34
58 61 34
54 60 35
55 60 35
56 60 35
57 60 35
58 60 35
54 61 36
55 61 36
56 61 36
57 61 36
58 61 36
54 60 37
55 60 37
56 60 37
57 60 37
58 60 37
54 61 38
55 61 38
56 61 38
57 61 38
58 61 38
54 60 39
55 60 39
56 60 39
57 60 39
58 60 39
54 61 40
55 61 40
56 61 40
57 61 40
58 61 40
54 60 41
55 60 41
56 60 41
57 60 41
58 60 41
54 61 42
55 61 42
56 61 42
57 61 42
58 61 42
54 60 43
55 60 43
56 60 43
57 60 43
58 60 43
54 61 44
55 61 44
56 61 44
57 61 44
58 61 44
54 60 45
55 60 45
56 60 45
57 60 45
58 60 45
54 61 46
55 61 46
56 61 46
57 61 46
58 61 46
54 60 47
55 60 47
56 60 47
57 60 47
58 60 47
54 61 48
55 61 48
56 61 48
57 61 48
58 61 48
