86 92 1
86 92 2
86 92 3
86 92 4
86 92 5
86 92 6
86 92 7
86 92 8
86 92 9
86 92 10
86 92 11
86 92 12
86 92 13
86 92 14
86 92 15
86 92 16
86 92 17
86 92 18
86 92 19
86 92 20
86 92 21
86 92 22
86 92 23
86 92 24
86 92 25
86 92 26
86 92 27
86 92 28
86 92 29
86 92 30
86 92 31
86 92 32
86 92 33
86 92 34
86 92 35
86 92 36
86 92 37
86 92 38
86 92 39
86 92 40
86 92 41
86 92 42
86 92 43
86 92 44
86 92 45
86 92 46
86 92 47
86 92 48
86 92 49
86 92 50
86 92 51
86 92 52
86 92 53
86 92 54
86 92 55
86 92 56
86 92 57
86 92 58
86 92 59
86 92 60
86 92 61
86 92 62
86 92 63
86 92 64
86 92 65
86 92 66
86 92 67
86 92 68
86 92 69
86 92 70
86 92 71
86 92 72
86 92 73
86 92 74
86 92 75
86 92 76
86 92 77
86 92 78
86 92 79
86 92 80
86 92 81
86 92 82
86 92 83
86 92 84
86 92 85
86 92 86
86 92 87
86 92 88
86 92 89
86 92 90
86 92 91
86 92 92
86 92 93
86 92 94
86 92 95
86 92 96
86 92 97
86 92 98
86 92 99
86 92 100
86 92 101
86 92 102
86 92 103
86 92 104
86 92 105
86 92 106
86 92 107
86 92 108
86 92 109
86 92 110
86 92 111
86 92 112
86 92 113
86 92 114
86 92 115
86 92 116
86 92 117
86 92 118
86 92 119
86 92 120
86 92 121
86 92 122
86 92 123
86 92 124
86 92 125
86 92 126
86 92 127
86 92 128
86 92 129
86 92 130
86 92 131
86 92 132
86 92 133
86 92 134
86 92 135
86 92 136
86 92 137
86 92 138
86 92 139
86 92 140
86 92 141
86 92 142
86 92 143
86 92 144
86 92 145
86 92 146
86 92 147
86 92 148
86 92 149
86 92 150
86 92 151
86 92 152
86 92 153
86 92 154
86 92 155
86 92 156
86 92 157
86 92 158
86 92 159
86 92 160
86 92 161
86 92 162
86 92 163
86 92 164
86 92 165
86 92 166
86 92 167
86 92 168
86 92 169
86 92 170
86 92 171
86 92 172
86 92 173
86 92 174
86 92 175
86 92 176
86 92 177
86 92 178
86 92 179
86 92 180
86 92 181
86 92 182
86 92 183
86 92 184
86 92 185
86 92 186
86 92 187
86 92 188
86 92 189
86 92 190
86 92 191
86 92 192
86 92 193
86 92 194
86 92 195
86 92 196
86 92 197
86 92 198
86 92 199
86 92 200
86 92 201
86 92 202
86 92 203
86 92 204
86 92 205
86 92 206
86 92 207
86 92 208
86 92 209
86 92 210
86 92 211
86 92 212
86 92 213
86 92 214
86 92 215
86 92 216
86 92 217
86 92 218
86 92 219
86 92 220
86 92 221
86 92 222
86 92 223
86 92 224
86 92 225
86 92 226
86 92 227
86 92 228
86 92 229
86 92 230
86 92 231
86 92 232
86 92 233
86 92 234
86 92 235
86 92 236
86 92 237
86 92 238
86 92 239
86 92 240
86 92 241
86 92 242
86 92 243
86 92 244
86 92 245
