161 279 1
161 280 2
161 281 3
161 282 4
161 283 5
161 279 6
161 280 7
161 281 8
161 282 9
161 283 10
161 279 11
161 280 12
161 281 13
161 282 14
161 283 15
161 279 16
161 280 17
161 281 18
161 282 19
161 283 20
161 279 21
161 280 22
161 281 23
161 282 24
161 283 25
161 279 26
161 280 27
161 281 28
161 282 29
161 283 30
161 279 31
161 280 32
161 281 33
161 282 34
161 283 35
161 279 36
161 280 37
161 281 38
161 282 39
161 283 40
161 279 41
161 280 42
161 281 43
161 282 44
161 283 45
161 279 46
161 280 47
161 281 48
161 282 49
161 283 50
161 279 51
161 280 52
161 281 53
161 282 54
161 283 55
161 279 56
161 280 57
161 281 58
161 282 59
161 283 60
161 279 61
161 280 62
161 281 63
161 282 64
161 283 65
161 279 66
161 280 67
161 281 68
161 282 69
161 283 70
161 279 71
161 280 72
161 281 73
161 282 74
161 283 75
161 279 76
161 280 77
161 281 78
161 282 79
161 283 80
161 279 81
161 280 82
161 281 83
161 282 84
161 283 85
161 279 86
161 280 87
161 281 88
161 282 89
161 283 90
161 279 91
161 280 92
161 281 93
161 282 94
161 283 95
161 279 96
161 280 97
161 281 98
161 282 99
161 283 100
161 279 101
161 280 102
161 281 103
161 282 104
161 283 105
161 279 106
161 280 107
161 281 108
161 282 109
161 283 110
161 279 111
161 280 112
161 281 113
161 282 114
161 283 115
161 279 116
161 280 117
161 281 118
161 282 119
161 283 120
161 279 121
161 280 122
161 281 123
161 282 124
161 283 125
161 279 126
161 280 127
161 281 128
161 282 129
161 283 130
161 279 131
161 280 132
161 281 133
161 282 134
161 283 135
161 279 136
161 280 137
161 281 138
161 282 139
161 283 140
161 279 141
161 280 142
161 281 143
161 282 144
161 283 145
161 279 146
161 280 147
161 281 148
161 282 149
161 283 150
161 279 151
161 280 152
161 281 153
161 282 154
161 283 155
161 279 156
161 280 157
161 281 158
161 282 159
161 283 160
161 279 161
161 280 162
161 281 163
161 282 164
161 283 165
161 279 166
161 280 167
161 281 168
161 282 169
161 283 170
161 279 171
161 280 172
161 281 173
161 282 174
161 283 175
161 279 176
161 280 177
161 281 178
161 282 179
161 283 180
161 279 181
161 280 182
161 281 183
161 282 184
161 283 185
161 279 186
161 280 187
161 281 188
161 282 189
161 283 190
161 279 191
161 280 192
161 281 193
161 282 194
161 283 195
161 279 196
161 280 197
161 281 198
161 282 199
161 283 200
161 279 201
161 280 202
161 281 203
161 282 204
161 283 205
161 279 206
161 280 207
161 281 208
161 282 209
161 283 210
161 279 211
161 280 212
161 281 213
161 282 214
161 283 215
161 279 216
161 280 217
161 281 218
161 282 219
161 283 220
161 279 221
161 280 222
161 281 223
161 282 224
161 283 225
161 279 226
161 280 227
161 281 228
161 282 229
161 283 230
161 279 231
161 280 232
161 281 233
161 282 234
161 283 235
161 279 236
161 280 237
161 281 238
161 282 239
161 283 240
161 279 241
161 280 242
161 281 243
161 282 244
161 283 245
