254 279 1
254 280 2
254 281 3
254 282 4
254 283 5
254 279 6
254 280 7
254 281 8
254 282 9
254 283 10
254 279 11
254 280 12
254 281 13
254 282 14
254 283 15
254 279 16
254 280 17
254 281 18
254 282 19
254 283 20
254 279 21
254 280 22
254 281 23
254 282 24
254 283 25
254 279 26
254 280 27
254 281 28
254 282 29
254 283 30
254 279 31
254 280 32
254 281 33
254 282 34
254 283 35
254 279 36
254 280 37
254 281 38
254 282 39
254 283 40
254 279 41
254 280 42
254 281 43
254 282 44
254 283 45
254 279 46
254 280 47
254 281 48
254 282 49
254 283 50
254 279 51
254 280 52
254 281 53
254 282 54
254 283 55
254 279 56
254 280 57
254 281 58
254 282 59
254 283 60
254 279 61
254 280 62
254 281 63
254 282 64
254 283 65
254 279 66
254 280 67
254 281 68
254 282 69
254 283 70
254 279 71
254 280 72
254 281 73
254 282 74
254 283 75
254 279 76
254 280 77
254 281 78
254 282 79
254 283 80
254 279 81
254 280 82
254 281 83
254 282 84
254 283 85
254 279 86
254 280 87
254 281 88
254 282 89
254 283 90
254 279 91
254 280 92
254 281 93
254 282 94
254 283 95
254 279 96
254 280 97
254 281 98
254 282 99
254 283 100
254 279 101
254 280 102
254 281 103
254 282 104
254 283 105
254 279 106
254 280 107
254 281 108
254 282 109
254 283 110
254 279 111
254 280 112
254 281 113
254 282 114
254 283 115
254 279 116
254 280 117
254 281 118
254 282 119
254 283 120
254 279 121
254 280 122
254 281 123
254 282 124
254 283 125
254 279 126
254 280 127
254 281 128
254 282 129
254 283 130
254 279 131
254 280 132
254 281 133
254 282 134
254 283 135
254 279 136
254 280 137
254 281 138
254 282 139
254 283 140
254 279 141
254 280 142
254 281 143
254 282 144
254 283 145
254 279 146
254 280 147
254 281 148
254 282 149
254 283 150
254 279 151
254 280 152
254 281 153
254 282 154
254 283 155
254 279 156
254 280 157
254 281 158
254 282 159
254 283 160
254 279 161
254 280 162
254 281 163
254 282 164
254 283 165
254 279 166
254 280 167
254 281 168
254 282 169
254 283 170
254 279 171
254 280 172
254 281 173
254 282 174
254 283 175
254 279 176
254 280 177
254 281 178
254 282 179
254 283 180
254 279 181
254 280 182
254 281 183
254 282 184
254 283 185
254 279 186
254 280 187
254 281 188
254 282 189
254 283 190
254 279 191
254 280 192
254 281 193
254 282 194
254 283 195
254 279 196
254 280 197
254 281 198
254 282 199
254 283 200
254 279 201
254 280 202
254 281 203
254 282 204
254 283 205
254 279 206
254 280 207
254 281 208
254 282 209
254 283 210
254 279 211
254 280 212
254 281 213
254 282 214
254 283 215
254 279 216
254 280 217
254 281 218
254 282 219
254 283 220
254 279 221
254 280 222
254 281 223
254 282 224
254 283 225
254 279 226
254 280 227
254 281 228
254 282 229
254 283 230
254 279 231
254 280 232
254 281 233
254 282 234
254 283 235
254 279 236
254 280 237
254 281 238
254 282 239
254 283 240
254 279 241
254 280 242
254 281 243
254 282 244
254 283 245
