53 279 1
53 280 2
53 281 3
53 282 4
53 283 5
53 284 6
53 285 7
53 286 8
53 287 9
53 288 10
53 289 11
53 290 12
53 291 13
53 292 14
53 293 15
53 294 16
53 295 17
53 296 18
53 279 19
53 280 20
53 281 21
53 282 22
53 283 23
53 284 24
53 285 25
53 286 26
53 287 27
53 288 28
53 289 29
53 290 30
53 291 31
53 292 32
53 293 33
53 294 34
53 295 35
53 296 36
53 279 37
53 280 38
53 281 39
53 282 40
53 283 41
53 284 42
53 285 43
53 286 44
53 287 45
53 288 46
53 289 47
53 290 48
53 291 49
53 292 50
53 293 51
53 294 52
53 295 53
53 296 54
53 279 55
53 280 56
53 281 57
53 282 58
53 283 59
53 284 60
53 285 61
53 286 62
53 287 63
53 288 64
53 289 65
53 290 66
53 291 67
53 292 68
53 293 69
53 294 70
53 295 71
53 296 72
53 279 73
53 280 74
53 281 75
53 282 76
53 283 77
53 284 78
53 285 79
53 286 80
53 287 81
53 288 82
53 289 83
53 290 84
53 291 85
53 292 86
53 293 87
53 294 88
53 295 89
53 296 90
53 279 91
53 280 92
53 281 93
53 282 94
53 283 95
53 284 96
53 285 97
53 286 98
53 287 99
53 288 100
53 289 101
53 290 102
53 291 103
53 292 104
53 293 105
53 294 106
53 295 107
53 296 108
53 279 109
53 280 110
53 281 111
53 282 112
53 283 113
53 284 114
53 285 115
53 286 116
53 287 117
53 288 118
53 289 119
53 290 120
53 291 121
53 292 122
53 293 123
53 294 124
53 295 125
53 296 126
53 279 127
53 280 128
53 281 129
53 282 130
53 283 131
53 284 132
53 285 133
53 286 134
53 287 135
53 288 136
53 289 137
53 290 138
53 291 139
53 292 140
53 293 141
53 294 142
53 295 143
53 296 144
53 279 145
53 280 146
53 281 147
53 282 148
53 283 149
53 284 150
53 285 151
53 286 152
53 287 153
53 288 154
53 289 155
53 290 156
53 291 157
53 292 158
53 293 159
53 294 160
53 295 161
53 296 162
53 279 163
53 280 164
53 281 165
53 282 166
53 283 167
53 284 168
53 285 169
53 286 170
53 287 171
53 288 172
53 289 173
53 290 174
53 291 175
53 292 176
53 293 177
53 294 178
53 295 179
53 296 180
53 279 181
53 280 182
53 281 183
53 282 184
53 283 185
53 284 186
53 285 187
53 286 188
53 287 189
53 288 190
53 289 191
53 290 192
53 291 193
53 292 194
53 293 195
53 294 196
53 295 197
53 296 198
53 279 199
53 280 200
53 281 201
53 282 202
53 283 203
53 284 204
53 285 205
53 286 206
53 287 207
53 288 208
53 289 209
53 290 210
53 291 211
53 292 212
53 293 213
53 294 214
53 295 215
53 296 216
53 279 217
53 280 218
53 281 219
53 282 220
53 283 221
53 284 222
53 285 223
53 286 224
53 287 225
53 288 226
53 289 227
53 290 228
53 291 229
53 292 230
53 293 231
53 294 232
53 295 233
53 296 234
53 279 235
53 280 236
53 281 237
53 282 238
53 283 239
53 284 240
53 285 241
53 286 242
53 287 243
53 288 244
53 289 245
53 290 246
53 291 247
53 292 248
53 293 249
53 294 250
53 295 251
53 296 252
53 279 253
53 280 254
53 281 255
53 282 256
53 283 257
53 284 258
53 285 259
53 286 260
53 287 261
53 288 262
53 289 263
53 290 264
53 291 265
53 292 266
53 293 267
53 294 268
53 295 269
53 296 270
53 279 271
53 280 272
53 281 273
53 282 274
53 283 275
53 284 276
53 285 277
53 286 278
53 287 279
53 288 280
53 289 281
53 290 282
53 291 283
53 292 284
53 293 285
53 294 286
53 295 287
53 296 288
53 279 289
53 280 290
53 281 291
53 282 292
53 283 293
53 284 294
53 285 295
53 286 296
53 287 297
53 288 298
53 289 299
53 290 300
53 291 301
53 292 302
53 293 303
53 294 304
53 295 305
53 296 306
53 279 307
53 280 308
53 281 309
53 282 310
53 283 311
53 284 312
53 285 313
53 286 314
53 287 315
53 288 316
53 289 317
53 290 318
53 291 319
53 292 320
53 293 321
53 294 322
53 295 323
53 296 324
53 279 325
53 280 326
53 281 327
53 282 328
53 283 329
53 284 330
53 285 331
53 286 332
53 287 333
53 288 334
53 289 335
53 290 336
53 291 337
53 292 338
53 293 339
53 294 340
53 295 341
53 296 342
53 279 343
53 280 344
53 281 345
53 282 346
53 283 347
53 284 348
53 285 349
53 286 350
53 287 351
53 288 352
53 289 353
53 290 354
53 291 355
53 292 356
53 293 357
53 294 358
53 295 359
53 296 360
53 279 361
53 280 362
53 281 363
53 282 364
53 283 365
53 284 366
53 285 367
53 286 368
53 287 369
53 288 370
53 289 371
53 290 372
53 291 373
53 292 374
53 293 375
53 294 376
53 295 377
53 296 378
53 279 379
53 280 380
53 281 381
53 282 382
53 283 383
53 284 384
53 285 385
53 286 386
53 287 387
53 288 388
53 289 389
53 290 390
53 291 391
53 292 392
53 293 393
53 294 394
53 295 395
53 296 396
53 279 397
53 280 398
53 281 399
53 282 400
53 283 401
53 284 402
53 285 403
53 286 404
53 287 405
53 288 406
53 289 407
53 290 408
53 291 409
53 292 410
53 293 411
53 294 412
53 295 413
53 296 414
53 279 415
53 280 416
53 281 417
53 282 418
53 283 419
53 284 420
53 285 421
53 286 422
53 287 423
53 288 424
53 289 425
53 290 426
53 291 427
53 292 428
53 293 429
53 294 430
53 295 431
53 296 432
53 279 433
53 280 434
53 281 435
53 282 436
53 283 437
53 284 438
53 285 439
53 286 440
53 287 441
53 288 442
53 289 443
53 290 444
53 291 445
53 292 446
53 293 447
53 294 448
53 295 449
53 296 450
53 279 451
53 280 452
53 281 453
53 282 454
53 283 455
53 284 456
53 285 457
53 286 458
53 287 459
53 288 460
53 289 461
53 290 462
53 291 463
53 292 464
53 293 465
53 294 466
53 295 467
53 296 468
53 279 469
53 280 470
53 281 471
53 282 472
53 283 473
53 284 474
53 285 475
53 286 476
53 287 477
53 288 478
53 289 479
53 290 480
53 291 481
53 292 482
53 293 483
53 294 484
53 295 485
53 296 486
53 279 487
53 280 488
53 281 489
53 282 490
53 283 491
53 284 492
53 285 493
53 286 494
53 287 495
53 288 496
53 289 497
53 290 498
53 291 499
53 292 500
53 293 501
53 294 502
53 295 503
53 296 504
53 279 505
53 280 506
53 281 507
53 282 508
53 283 509
53 284 510
53 285 511
53 286 512
53 287 513
53 288 514
53 289 515
53 290 516
53 291 517
53 292 518
53 293 519
53 294 520
53 295 521
53 296 522
53 279 523
53 280 524
53 281 525
53 282 526
53 283 527
53 284 528
53 285 529
53 286 530
53 287 531
53 288 532
53 289 533
53 290 534
53 291 535
53 292 536
53 293 537
53 294 538
53 295 539
53 296 540
53 279 541
53 280 542
53 281 543
53 282 544
53 283 545
53 284 546
53 285 547
53 286 548
53 287 549
53 288 550
53 289 551
53 290 552
53 291 553
53 292 554
53 293 555
53 294 556
53 295 557
53 296 558
53 279 559
53 280 560
53 281 561
53 282 562
53 283 563
53 284 564
53 285 565
53 286 566
53 287 567
53 288 568
53 289 569
53 290 570
53 291 571
53 292 572
53 293 573
53 294 574
53 295 575
53 296 576
53 279 577
53 280 578
53 281 579
53 282 580
53 283 581
53 284 582
53 285 583
53 286 584
53 287 585
53 288 586
53 289 587
53 290 588
53 291 589
53 292 590
53 293 591
53 294 592
53 295 593
53 296 594
53 279 595
53 280 596
53 281 597
53 282 598
53 283 599
53 284 600
53 285 601
53 286 602
53 287 603
53 288 604
53 289 605
53 290 606
53 291 607
53 292 608
53 293 609
53 294 610
53 295 611
53 296 612
53 279 613
53 280 614
53 281 615
53 282 616
53 283 617
53 284 618
53 285 619
53 286 620
53 287 621
53 288 622
53 289 623
53 290 624
53 291 625
53 292 626
53 293 627
53 294 628
53 295 629
53 296 630
53 279 631
53 280 632
53 281 633
53 282 634
53 283 635
53 284 636
53 285 637
53 286 638
53 287 639
53 288 640
53 289 641
53 290 642
53 291 643
53 292 644
53 293 645
53 294 646
53 295 647
53 296 648
53 279 649
53 280 650
53 281 651
53 282 652
53 283 653
53 284 654
53 285 655
53 286 656
53 287 657
53 288 658
53 289 659
53 290 660
53 291 661
53 292 662
53 293 663
53 294 664
53 295 665
53 296 666
53 279 667
53 280 668
53 281 669
53 282 670
53 283 671
53 284 672
53 285 673
53 286 674
53 287 675
53 288 676
53 289 677
53 290 678
53 291 679
53 292 680
53 293 681
53 294 682
53 295 683
53 296 684
53 279 685
53 280 686
53 281 687
53 282 688
53 283 689
53 284 690
53 285 691
53 286 692
53 287 693
53 288 694
53 289 695
53 290 696
53 291 697
53 292 698
53 293 699
53 294 700
53 295 701
53 296 702
53 279 703
53 280 704
53 281 705
53 282 706
53 283 707
53 284 708
53 285 709
53 286 710
53 287 711
53 288 712
53 289 713
53 290 714
53 291 715
53 292 716
53 293 717
53 294 718
53 295 719
53 296 720
53 279 721
53 280 722
53 281 723
53 282 724
53 283 725
53 284 726
53 285 727
53 286 728
53 287 729
53 288 730
53 289 731
53 290 732
53 291 733
53 292 734
53 293 735
53 294 736
53 295 737
53 296 738
53 279 739
53 280 740
53 281 741
53 282 742
53 283 743
53 284 744
53 285 745
53 286 746
53 287 747
53 288 748
53 289 749
53 290 750
53 291 751
53 292 752
53 293 753
53 294 754
53 295 755
53 296 756
53 279 757
53 280 758
53 281 759
53 282 760
53 283 761
53 284 762
53 285 763
53 286 764
53 287 765
53 288 766
53 289 767
53 290 768
53 291 769
53 292 770
53 293 771
53 294 772
53 295 773
53 296 774
53 279 775
53 280 776
53 281 777
53 282 778
53 283 779
53 284 780
53 285 781
53 286 782
53 287 783
53 288 784
53 289 785
53 290 786
53 291 787
53 292 788
53 293 789
53 294 790
53 295 791
53 296 792
53 279 793
53 280 794
53 281 795
53 282 796
53 283 797
53 284 798
53 285 799
53 286 800
53 287 801
53 288 802
53 289 803
53 290 804
53 291 805
53 292 806
53 293 807
53 294 808
53 295 809
53 296 810
53 279 811
53 280 812
53 281 813
53 282 814
53 283 815
53 284 816
53 285 817
53 286 818
53 287 819
53 288 820
53 289 821
53 290 822
53 291 823
53 292 824
53 293 825
53 294 826
53 295 827
53 296 828
53 279 829
53 280 830
53 281 831
53 282 832
53 283 833
53 284 834
53 285 835
53 286 836
53 287 837
53 288 838
53 289 839
53 290 840
53 291 841
53 292 842
53 293 843
53 294 844
53 295 845
53 296 846
53 279 847
53 280 848
53 281 849
53 282 850
53 283 851
53 284 852
53 285 853
53 286 854
53 287 855
53 288 856
53 289 857
53 290 858
53 291 859
53 292 860
53 293 861
53 294 862
53 295 863
53 296 864
53 279 865
53 280 866
53 281 867
53 282 868
53 283 869
53 284 870
53 285 871
53 286 872
53 287 873
53 288 874
53 289 875
53 290 876
53 291 877
53 292 878
53 293 879
53 294 880
53 295 881
53 296 882
53 279 883
53 280 884
53 281 885
53 282 886
53 283 887
53 284 888
53 285 889
53 286 890
53 287 891
53 288 892
53 289 893
53 290 894
53 291 895
53 292 896
53 293 897
53 294 898
53 295 899
53 296 900
53 279 901
53 280 902
53 281 903
53 282 904
53 283 905
53 284 906
53 285 907
53 286 908
53 287 909
53 288 910
53 289 911
53 290 912
53 291 913
53 292 914
53 293 915
53 294 916
53 295 917
53 296 918
53 279 919
53 280 920
53 281 921
53 282 922
53 283 923
53 284 924
53 285 925
53 286 926
53 287 927
53 288 928
53 289 929
53 290 930
53 291 931
53 292 932
53 293 933
53 294 934
53 295 935
53 296 936
53 279 937
53 280 938
53 281 939
53 282 940
53 283 941
53 284 942
53 285 943
53 286 944
53 287 945
53 288 946
53 289 947
53 290 948
53 291 949
53 292 950
53 293 951
53 294 952
53 295 953
53 296 954
53 279 955
53 280 956
53 281 957
53 282 958
53 283 959
53 284 960
53 285 961
53 286 962
53 287 963
53 288 964
53 289 965
53 290 966
53 291 967
53 292 968
53 293 969
53 294 970
53 295 971
53 296 972
