59 279 1
59 280 2
59 281 3
59 282 4
59 283 5
59 284 6
59 285 7
59 286 8
59 287 9
59 288 10
59 289 11
59 290 12
59 291 13
59 292 14
59 293 15
59 294 16
59 295 17
59 296 18
59 279 19
59 280 20
59 281 21
59 282 22
59 283 23
59 284 24
59 285 25
59 286 26
59 287 27
59 288 28
59 289 29
59 290 30
59 291 31
59 292 32
59 293 33
59 294 34
59 295 35
59 296 36
59 279 37
59 280 38
59 281 39
59 282 40
59 283 41
59 284 42
59 285 43
59 286 44
59 287 45
59 288 46
59 289 47
59 290 48
59 291 49
59 292 50
59 293 51
59 294 52
59 295 53
59 296 54
59 279 55
59 280 56
59 281 57
59 282 58
59 283 59
59 284 60
59 285 61
59 286 62
59 287 63
59 288 64
59 289 65
59 290 66
59 291 67
59 292 68
59 293 69
59 294 70
59 295 71
59 296 72
59 279 73
59 280 74
59 281 75
59 282 76
59 283 77
59 284 78
59 285 79
59 286 80
59 287 81
59 288 82
59 289 83
59 290 84
59 291 85
59 292 86
59 293 87
59 294 88
59 295 89
59 296 90
59 279 91
59 280 92
59 281 93
59 282 94
59 283 95
59 284 96
59 285 97
59 286 98
59 287 99
59 288 100
59 289 101
59 290 102
59 291 103
59 292 104
59 293 105
59 294 106
59 295 107
59 296 108
59 279 109
59 280 110
59 281 111
59 282 112
59 283 113
59 284 114
59 285 115
59 286 116
59 287 117
59 288 118
59 289 119
59 290 120
59 291 121
59 292 122
59 293 123
59 294 124
59 295 125
59 296 126
59 279 127
59 280 128
59 281 129
59 282 130
59 283 131
59 284 132
59 285 133
59 286 134
59 287 135
59 288 136
59 289 137
59 290 138
59 291 139
59 292 140
59 293 141
59 294 142
59 295 143
59 296 144
59 279 145
59 280 146
59 281 147
59 282 148
59 283 149
59 284 150
59 285 151
59 286 152
59 287 153
59 288 154
59 289 155
59 290 156
59 291 157
59 292 158
59 293 159
59 294 160
59 295 161
59 296 162
59 279 163
59 280 164
59 281 165
59 282 166
59 283 167
59 284 168
59 285 169
59 286 170
59 287 171
59 288 172
59 289 173
59 290 174
59 291 175
59 292 176
59 293 177
59 294 178
59 295 179
59 296 180
59 279 181
59 280 182
59 281 183
59 282 184
59 283 185
59 284 186
59 285 187
59 286 188
59 287 189
59 288 190
59 289 191
59 290 192
59 291 193
59 292 194
59 293 195
59 294 196
59 295 197
59 296 198
59 279 199
59 280 200
59 281 201
59 282 202
59 283 203
59 284 204
59 285 205
59 286 206
59 287 207
59 288 208
59 289 209
59 290 210
59 291 211
59 292 212
59 293 213
59 294 214
59 295 215
59 296 216
59 279 217
59 280 218
59 281 219
59 282 220
59 283 221
59 284 222
59 285 223
59 286 224
59 287 225
59 288 226
59 289 227
59 290 228
59 291 229
59 292 230
59 293 231
59 294 232
59 295 233
59 296 234
