159 168 1
160 168 1
159 169 2
160 169 2
159 170 3
160 170 3
159 171 4
160 171 4
159 172 5
160 172 5
159 168 6
160 168 6
159 169 7
160 169 7
159 170 8
160 170 8
159 171 9
160 171 9
159 172 10
160 172 10
159 168 11
160 168 11
159 169 12
160 169 12
159 170 13
160 170 13
159 171 14
160 171 14
159 172 15
160 172 15
159 168 16
160 168 16
159 169 17
160 169 17
159 170 18
160 170 18
159 171 19
160 171 19
159 172 20
160 172 20
159 168 21
160 168 21
159 169 22
160 169 22
159 170 23
160 170 23
159 171 24
160 171 24
159 172 25
160 172 25
159 168 26
160 168 26
159 169 27
160 169 27
159 170 28
160 170 28
159 171 29
160 171 29
159 172 30
160 172 30
159 168 31
160 168 31
159 169 32
160 169 32
159 170 33
160 170 33
159 171 34
160 171 34
159 172 35
160 172 35
159 168 36
160 168 36
159 169 37
160 169 37
159 170 38
160 170 38
159 171 39
160 171 39
159 172 40
160 172 40
159 168 41
160 168 41
159 169 42
160 169 42
159 170 43
160 170 43
159 171 44
160 171 44
159 172 45
160 172 45
159 168 46
160 168 46
159 169 47
160 169 47
159 170 48
160 170 48
159 171 49
160 171 49
159 172 50
160 172 50
159 168 51
160 168 51
159 169 52
160 169 52
159 170 53
160 170 53
159 171 54
160 171 54
159 172 55
160 172 55
159 168 56
160 168 56
159 169 57
160 169 57
159 170 58
160 170 58
159 171 59
160 171 59
159 172 60
160 172 60
159 168 61
160 168 61
159 169 62
160 169 62
159 170 63
160 170 63
159 171 64
160 171 64
159 172 65
160 172 65
159 168 66
160 168 66
159 169 67
160 169 67
159 170 68
160 170 68
159 171 69
160 171 69
159 172 70
160 172 70
159 168 71
160 168 71
159 169 72
160 169 72
159 170 73
160 170 73
159 171 74
160 171 74
159 172 75
160 172 75
159 168 76
160 168 76
159 169 77
160 169 77
159 170 78
160 170 78
159 171 79
160 171 79
159 172 80
160 172 80
159 168 81
160 168 81
159 169 82
160 169 82
159 170 83
160 170 83
159 171 84
160 171 84
159 172 85
160 172 85
159 168 86
160 168 86
159 169 87
160 169 87
159 170 88
160 170 88
159 171 89
160 171 89
159 172 90
160 172 90
159 168 91
160 168 91
159 169 92
160 169 92
159 170 93
160 170 93
159 171 94
160 171 94
159 172 95
160 172 95
159 168 96
160 168 96
159 169 97
160 169 97
159 170 98
160 170 98
159 171 99
160 171 99
159 172 100
160 172 100
159 168 101
160 168 101
159 169 102
160 169 102
159 170 103
160 170 103
159 171 104
160 171 104
159 172 105
160 172 105
159 168 106
160 168 106
159 169 107
160 169 107
159 170 108
160 170 108
159 171 109
160 171 109
159 172 110
160 172 110
159 168 111
160 168 111
159 169 112
160 169 112
159 170 113
160 170 113
159 171 114
160 171 114
159 172 115
160 172 115
159 168 116
160 168 116
159 169 117
160 169 117
159 170 118
160 170 118
159 171 119
160 171 119
159 172 120
160 172 120
