54 62 1
55 62 1
56 62 1
57 62 1
58 62 1
54 62 2
55 62 2
56 62 2
57 62 2
58 62 2
54 62 3
55 62 3
56 62 3
57 62 3
58 62 3
54 62 4
55 62 4
56 62 4
57 62 4
58 62 4
54 62 5
55 62 5
56 62 5
57 62 5
58 62 5
54 62 6
55 62 6
56 62 6
57 62 6
58 62 6
54 62 7
55 62 7
56 62 7
57 62 7
58 62 7
54 62 8
55 62 8
56 62 8
57 62 8
58 62 8
54 62 9
55 62 9
56 62 9
57 62 9
58 62 9
54 62 10
55 62 10
56 62 10
57 62 10
58 62 10
54 62 11
55 62 11
56 62 11
57 62 11
58 62 11
54 62 12
55 62 12
56 62 12
57 62 12
58 62 12
54 62 13
55 62 13
56 62 13
57 62 13
58 62 13
54 62 14
55 62 14
56 62 14
57 62 14
58 62 14
54 62 15
55 62 15
56 62 15
57 62 15
58 62 15
54 62 16
55 62 16
56 62 16
57 62 16
58 62 16
54 62 17
55 62 17
56 62 17
57 62 17
58 62 17
54 62 18
55 62 18
56 62 18
57 62 18
58 62 18
54 62 19
55 62 19
56 62 19
57 62 19
58 62 19
54 62 20
55 62 20
56 62 20
57 62 20
58 62 20
54 62 21
55 62 21
56 62 21
57 62 21
58 62 21
54 62 22
55 62 22
56 62 22
57 62 22
58 62 22
54 62 23
55 62 23
56 62 23
57 62 23
58 62 23
54 62 24
55 62 24
56 62 24
57 62 24
58 62 24
54 62 25
55 62 25
56 62 25
57 62 25
58 62 25
54 62 26
55 62 26
56 62 26
57 62 26
58 62 26
54 62 27
55 62 27
56 62 27
57 62 27
58 62 27
54 62 28
55 62 28
56 62 28
57 62 28
58 62 28
54 62 29
55 62 29
56 62 29
57 62 29
58 62 29
54 62 30
55 62 30
56 62 30
57 62 30
58 62 30
54 62 31
55 62 31
56 62 31
57 62 31
58 62 31
54 62 32
55 62 32
56 62 32
57 62 32
58 62 32
54 62 33
55 62 33
56 62 33
57 62 33
58 62 33
54 62 34
55 62 34
56 62 34
57 62 34
58 62 34
54 62 35
55 62 35
56 62 35
57 62 35
58 62 35
54 62 36
55 62 36
56 62 36
57 62 36
58 62 36
54 62 37
55 62 37
56 62 37
57 62 37
58 62 37
54 62 38
55 62 38
56 62 38
57 62 38
58 62 38
54 62 39
55 62 39
56 62 39
57 62 39
58 62 39
54 62 40
55 62 40
56 62 40
57 62 40
58 62 40
54 62 41
55 62 41
56 62 41
57 62 41
58 62 41
54 62 42
55 62 42
56 62 42
57 62 42
58 62 42
54 62 43
55 62 43
56 62 43
57 62 43
58 62 43
54 62 44
55 62 44
56 62 44
57 62 44
58 62 44
54 62 45
55 62 45
56 62 45
57 62 45
58 62 45
54 62 46
55 62 46
56 62 46
57 62 46
58 62 46
54 62 47
55 62 47
56 62 47
57 62 47
58 62 47
54 62 48
55 62 48
56 62 48
57 62 48
58 62 48
54 62 49
55 62 49
56 62 49
57 62 49
58 62 49
