246 252 1
247 252 1
248 252 1
249 252 1
250 252 1
246 253 2
247 253 2
248 253 2
249 253 2
250 253 2
246 252 3
247 252 3
248 252 3
249 252 3
250 252 3
246 253 4
247 253 4
248 253 4
249 253 4
250 253 4
246 252 5
247 252 5
248 252 5
249 252 5
250 252 5
246 253 6
247 253 6
248 253 6
249 253 6
250 253 6
246 252 7
247 252 7
248 252 7
249 252 7
250 252 7
246 253 8
247 253 8
248 253 8
249 253 8
250 253 8
246 252 9
247 252 9
248 252 9
249 252 9
250 252 9
246 253 10
247 253 10
248 253 10
249 253 10
250 253 10
246 252 11
247 252 11
248 252 11
249 252 11
250 252 11
246 253 12
247 253 12
248 253 12
249 253 12
250 253 12
246 252 13
247 252 13
248 252 13
249 252 13
250 252 13
246 253 14
247 253 14
248 253 14
249 253 14
250 253 14
246 252 15
247 252 15
248 252 15
249 252 15
250 252 15
246 253 16
247 253 16
248 253 16
249 253 16
250 253 16
246 252 17
247 252 17
248 252 17
249 252 17
250 252 17
246 253 18
247 253 18
248 253 18
249 253 18
250 253 18
246 252 19
247 252 19
248 252 19
249 252 19
250 252 19
246 253 20
247 253 20
248 253 20
249 253 20
250 253 20
246 252 21
247 252 21
248 252 21
249 252 21
250 252 21
246 253 22
247 253 22
248 253 22
249 253 22
250 253 22
246 252 23
247 252 23
248 252 23
249 252 23
250 252 23
246 253 24
247 253 24
248 253 24
249 253 24
250 253 24
246 252 25
247 252 25
248 252 25
249 252 25
250 252 25
246 253 26
247 253 26
248 253 26
249 253 26
250 253 26
246 252 27
247 252 27
248 252 27
249 252 27
250 252 27
246 253 28
247 253 28
248 253 28
249 253 28
250 253 28
246 252 29
247 252 29
248 252 29
249 252 29
250 252 29
246 253 30
247 253 30
248 253 30
249 253 30
250 253 30
246 252 31
247 252 31
248 252 31
249 252 31
250 252 31
246 253 32
247 253 32
248 253 32
249 253 32
250 253 32
246 252 33
247 252 33
248 252 33
249 252 33
250 252 33
246 253 34
247 253 34
248 253 34
249 253 34
250 253 34
246 252 35
247 252 35
248 252 35
249 252 35
250 252 35
246 253 36
247 253 36
248 253 36
249 253 36
250 253 36
246 252 37
247 252 37
248 252 37
249 252 37
250 252 37
246 253 38
247 253 38
248 253 38
249 253 38
250 253 38
246 252 39
247 252 39
248 252 39
249 252 39
250 252 39
246 253 40
247 253 40
248 253 40
249 253 40
250 253 40
246 252 41
247 252 41
248 252 41
249 252 41
250 252 41
246 253 42
247 253 42
248 253 42
249 253 42
250 253 42
246 252 43
247 252 43
248 252 43
249 252 43
250 252 43
246 253 44
247 253 44
248 253 44
249 253 44
250 253 44
246 252 45
247 252 45
248 252 45
249 252 45
250 252 45
246 253 46
247 253 46
248 253 46
249 253 46
250 253 46
246 252 47
247 252 47
248 252 47
249 252 47
250 252 47
246 253 48
247 253 48
248 253 48
249 253 48
250 253 48
