155 279 1
155 280 2
155 281 3
155 282 4
155 283 5
155 284 6
155 285 7
155 286 8
155 287 9
155 288 10
155 289 11
155 290 12
155 291 13
155 292 14
155 293 15
155 294 16
155 295 17
155 296 18
155 279 19
155 280 20
155 281 21
155 282 22
155 283 23
155 284 24
155 285 25
155 286 26
155 287 27
155 288 28
155 289 29
155 290 30
155 291 31
155 292 32
155 293 33
155 294 34
155 295 35
155 296 36
155 279 37
155 280 38
155 281 39
155 282 40
155 283 41
155 284 42
155 285 43
155 286 44
155 287 45
155 288 46
155 289 47
155 290 48
155 291 49
155 292 50
155 293 51
155 294 52
155 295 53
155 296 54
155 279 55
155 280 56
155 281 57
155 282 58
155 283 59
155 284 60
155 285 61
155 286 62
155 287 63
155 288 64
155 289 65
155 290 66
155 291 67
155 292 68
155 293 69
155 294 70
155 295 71
155 296 72
155 279 73
155 280 74
155 281 75
155 282 76
155 283 77
155 284 78
155 285 79
155 286 80
155 287 81
155 288 82
155 289 83
155 290 84
155 291 85
155 292 86
155 293 87
155 294 88
155 295 89
155 296 90
155 279 91
155 280 92
155 281 93
155 282 94
155 283 95
155 284 96
155 285 97
155 286 98
155 287 99
155 288 100
155 289 101
155 290 102
155 291 103
155 292 104
155 293 105
155 294 106
155 295 107
155 296 108
155 279 109
155 280 110
155 281 111
155 282 112
155 283 113
155 284 114
155 285 115
155 286 116
155 287 117
155 288 118
155 289 119
155 290 120
155 291 121
155 292 122
155 293 123
155 294 124
155 295 125
155 296 126
155 279 127
155 280 128
155 281 129
155 282 130
155 283 131
155 284 132
155 285 133
155 286 134
155 287 135
155 288 136
155 289 137
155 290 138
155 291 139
155 292 140
155 293 141
155 294 142
155 295 143
155 296 144
155 279 145
155 280 146
155 281 147
155 282 148
155 283 149
155 284 150
155 285 151
155 286 152
155 287 153
155 288 154
155 289 155
155 290 156
155 291 157
155 292 158
155 293 159
155 294 160
155 295 161
155 296 162
155 279 163
155 280 164
155 281 165
155 282 166
155 283 167
155 284 168
155 285 169
155 286 170
155 287 171
155 288 172
155 289 173
155 290 174
155 291 175
155 292 176
155 293 177
155 294 178
155 295 179
155 296 180
155 279 181
155 280 182
155 281 183
155 282 184
155 283 185
155 284 186
155 285 187
155 286 188
155 287 189
155 288 190
155 289 191
155 290 192
155 291 193
155 292 194
155 293 195
155 294 196
155 295 197
155 296 198
155 279 199
155 280 200
155 281 201
155 282 202
155 283 203
155 284 204
155 285 205
155 286 206
155 287 207
155 288 208
155 289 209
155 290 210
155 291 211
155 292 212
155 293 213
155 294 214
155 295 215
155 296 216
155 279 217
155 280 218
155 281 219
155 282 220
155 283 221
155 284 222
155 285 223
155 286 224
155 287 225
155 288 226
155 289 227
155 290 228
155 291 229
155 292 230
155 293 231
155 294 232
155 295 233
155 296 234
