230 233 1
230 233 2
230 233 3
230 233 4
230 233 5
230 233 6
230 233 7
230 233 8
230 233 9
230 233 10
230 233 11
230 233 12
230 233 13
230 233 14
230 233 15
230 233 16
230 233 17
230 233 18
230 233 19
230 233 20
230 233 21
230 233 22
230 233 23
230 233 24
230 233 25
230 233 26
230 233 27
230 233 28
230 233 29
230 233 30
230 233 31
230 233 32
230 233 33
230 233 34
230 233 35
230 233 36
230 233 37
230 233 38
230 233 39
230 233 40
230 233 41
230 233 42
230 233 43
230 233 44
230 233 45
230 233 46
230 233 47
230 233 48
230 233 49
230 233 50
230 233 51
230 233 52
230 233 53
230 233 54
230 233 55
230 233 56
230 233 57
230 233 58
230 233 59
230 233 60
230 233 61
230 233 62
230 233 63
230 233 64
230 233 65
230 233 66
230 233 67
230 233 68
230 233 69
230 233 70
230 233 71
230 233 72
230 233 73
230 233 74
230 233 75
230 233 76
230 233 77
230 233 78
230 233 79
230 233 80
230 233 81
230 233 82
230 233 83
230 233 84
230 233 85
230 233 86
230 233 87
230 233 88
230 233 89
230 233 90
230 233 91
230 233 92
230 233 93
230 233 94
230 233 95
230 233 96
230 233 97
230 233 98
230 233 99
230 233 100
230 233 101
230 233 102
230 233 103
230 233 104
230 233 105
230 233 106
230 233 107
230 233 108
230 233 109
230 233 110
230 233 111
230 233 112
230 233 113
230 233 114
230 233 115
230 233 116
230 233 117
230 233 118
230 233 119
230 233 120
230 233 121
230 233 122
230 233 123
230 233 124
230 233 125
230 233 126
230 233 127
230 233 128
230 233 129
230 233 130
230 233 131
230 233 132
230 233 133
230 233 134
230 233 135
230 233 136
230 233 137
230 233 138
230 233 139
230 233 140
230 233 141
230 233 142
230 233 143
230 233 144
230 233 145
230 233 146
230 233 147
230 233 148
230 233 149
230 233 150
230 233 151
230 233 152
230 233 153
230 233 154
230 233 155
230 233 156
230 233 157
230 233 158
230 233 159
230 233 160
230 233 161
230 233 162
230 233 163
230 233 164
230 233 165
230 233 166
230 233 167
230 233 168
230 233 169
230 233 170
230 233 171
230 233 172
230 233 173
230 233 174
230 233 175
230 233 176
230 233 177
230 233 178
230 233 179
230 233 180
230 233 181
230 233 182
230 233 183
230 233 184
230 233 185
230 233 186
230 233 187
230 233 188
230 233 189
230 233 190
230 233 191
230 233 192
230 233 193
230 233 194
230 233 195
230 233 196
230 233 197
230 233 198
230 233 199
230 233 200
230 233 201
230 233 202
230 233 203
230 233 204
230 233 205
230 233 206
230 233 207
230 233 208
230 233 209
230 233 210
230 233 211
230 233 212
230 233 213
230 233 214
230 233 215
230 233 216
230 233 217
230 233 218
230 233 219
230 233 220
230 233 221
230 233 222
230 233 223
230 233 224
230 233 225
230 233 226
230 233 227
230 233 228
230 233 229
230 233 230
230 233 231
230 233 232
230 233 233
230 233 234
230 233 235
230 233 236
230 233 237
230 233 238
230 233 239
230 233 240
230 233 241
230 233 242
230 233 243
230 233 244
230 233 245
