107 279 1
107 280 2
107 281 3
107 282 4
107 283 5
107 284 6
107 285 7
107 286 8
107 287 9
107 288 10
107 289 11
107 290 12
107 291 13
107 292 14
107 293 15
107 294 16
107 295 17
107 296 18
107 279 19
107 280 20
107 281 21
107 282 22
107 283 23
107 284 24
107 285 25
107 286 26
107 287 27
107 288 28
107 289 29
107 290 30
107 291 31
107 292 32
107 293 33
107 294 34
107 295 35
107 296 36
107 279 37
107 280 38
107 281 39
107 282 40
107 283 41
107 284 42
107 285 43
107 286 44
107 287 45
107 288 46
107 289 47
107 290 48
107 291 49
107 292 50
107 293 51
107 294 52
107 295 53
107 296 54
107 279 55
107 280 56
107 281 57
107 282 58
107 283 59
107 284 60
107 285 61
107 286 62
107 287 63
107 288 64
107 289 65
107 290 66
107 291 67
107 292 68
107 293 69
107 294 70
107 295 71
107 296 72
107 279 73
107 280 74
107 281 75
107 282 76
107 283 77
107 284 78
107 285 79
107 286 80
107 287 81
107 288 82
107 289 83
107 290 84
107 291 85
107 292 86
107 293 87
107 294 88
107 295 89
107 296 90
107 279 91
107 280 92
107 281 93
107 282 94
107 283 95
107 284 96
107 285 97
107 286 98
107 287 99
107 288 100
107 289 101
107 290 102
107 291 103
107 292 104
107 293 105
107 294 106
107 295 107
107 296 108
107 279 109
107 280 110
107 281 111
107 282 112
107 283 113
107 284 114
107 285 115
107 286 116
107 287 117
107 288 118
107 289 119
107 290 120
107 291 121
107 292 122
107 293 123
107 294 124
107 295 125
107 296 126
107 279 127
107 280 128
107 281 129
107 282 130
107 283 131
107 284 132
107 285 133
107 286 134
107 287 135
107 288 136
107 289 137
107 290 138
107 291 139
107 292 140
107 293 141
107 294 142
107 295 143
107 296 144
107 279 145
107 280 146
107 281 147
107 282 148
107 283 149
107 284 150
107 285 151
107 286 152
107 287 153
107 288 154
107 289 155
107 290 156
107 291 157
107 292 158
107 293 159
107 294 160
107 295 161
107 296 162
107 279 163
107 280 164
107 281 165
107 282 166
107 283 167
107 284 168
107 285 169
107 286 170
107 287 171
107 288 172
107 289 173
107 290 174
107 291 175
107 292 176
107 293 177
107 294 178
107 295 179
107 296 180
107 279 181
107 280 182
107 281 183
107 282 184
107 283 185
107 284 186
107 285 187
107 286 188
107 287 189
107 288 190
107 289 191
107 290 192
107 291 193
107 292 194
107 293 195
107 294 196
107 295 197
107 296 198
107 279 199
107 280 200
107 281 201
107 282 202
107 283 203
107 284 204
107 285 205
107 286 206
107 287 207
107 288 208
107 289 209
107 290 210
107 291 211
107 292 212
107 293 213
107 294 214
107 295 215
107 296 216
107 279 217
107 280 218
107 281 219
107 282 220
107 283 221
107 284 222
107 285 223
107 286 224
107 287 225
107 288 226
107 289 227
107 290 228
107 291 229
107 292 230
107 293 231
107 294 232
107 295 233
107 296 234
