45 48 1
46 48 1
45 49 2
46 49 2
45 50 3
46 50 3
45 51 4
46 51 4
45 52 5
46 52 5
45 48 6
46 48 6
45 49 7
46 49 7
45 50 8
46 50 8
45 51 9
46 51 9
45 52 10
46 52 10
45 48 11
46 48 11
45 49 12
46 49 12
45 50 13
46 50 13
45 51 14
46 51 14
45 52 15
46 52 15
45 48 16
46 48 16
45 49 17
46 49 17
45 50 18
46 50 18
45 51 19
46 51 19
45 52 20
46 52 20
45 48 21
46 48 21
45 49 22
46 49 22
45 50 23
46 50 23
45 51 24
46 51 24
45 52 25
46 52 25
45 48 26
46 48 26
45 49 27
46 49 27
45 50 28
46 50 28
45 51 29
46 51 29
45 52 30
46 52 30
45 48 31
46 48 31
45 49 32
46 49 32
45 50 33
46 50 33
45 51 34
46 51 34
45 52 35
46 52 35
45 48 36
46 48 36
45 49 37
46 49 37
45 50 38
46 50 38
45 51 39
46 51 39
45 52 40
46 52 40
45 48 41
46 48 41
45 49 42
46 49 42
45 50 43
46 50 43
45 51 44
46 51 44
45 52 45
46 52 45
45 48 46
46 48 46
45 49 47
46 49 47
45 50 48
46 50 48
45 51 49
46 51 49
45 52 50
46 52 50
45 48 51
46 48 51
45 49 52
46 49 52
45 50 53
46 50 53
45 51 54
46 51 54
45 52 55
46 52 55
45 48 56
46 48 56
45 49 57
46 49 57
45 50 58
46 50 58
45 51 59
46 51 59
45 52 60
46 52 60
45 48 61
46 48 61
45 49 62
46 49 62
45 50 63
46 50 63
45 51 64
46 51 64
45 52 65
46 52 65
45 48 66
46 48 66
45 49 67
46 49 67
45 50 68
46 50 68
45 51 69
46 51 69
45 52 70
46 52 70
45 48 71
46 48 71
45 49 72
46 49 72
45 50 73
46 50 73
45 51 74
46 51 74
45 52 75
46 52 75
45 48 76
46 48 76
45 49 77
46 49 77
45 50 78
46 50 78
45 51 79
46 51 79
45 52 80
46 52 80
45 48 81
46 48 81
45 49 82
46 49 82
45 50 83
46 50 83
45 51 84
46 51 84
45 52 85
46 52 85
45 48 86
46 48 86
45 49 87
46 49 87
45 50 88
46 50 88
45 51 89
46 51 89
45 52 90
46 52 90
45 48 91
46 48 91
45 49 92
46 49 92
45 50 93
46 50 93
45 51 94
46 51 94
45 52 95
46 52 95
45 48 96
46 48 96
45 49 97
46 49 97
45 50 98
46 50 98
45 51 99
46 51 99
45 52 100
46 52 100
45 48 101
46 48 101
45 49 102
46 49 102
45 50 103
46 50 103
45 51 104
46 51 104
45 52 105
46 52 105
45 48 106
46 48 106
45 49 107
46 49 107
45 50 108
46 50 108
45 51 109
46 51 109
45 52 110
46 52 110
45 48 111
46 48 111
45 49 112
46 49 112
45 50 113
46 50 113
45 51 114
46 51 114
45 52 115
46 52 115
45 48 116
46 48 116
45 49 117
46 49 117
45 50 118
46 50 118
45 51 119
46 51 119
45 52 120
46 52 120
