72 78 1
73 78 1
74 78 1
75 78 1
76 78 1
72 79 2
73 79 2
74 79 2
75 79 2
76 79 2
72 80 3
73 80 3
74 80 3
75 80 3
76 80 3
72 81 4
73 81 4
74 81 4
75 81 4
76 81 4
72 82 5
73 82 5
74 82 5
75 82 5
76 82 5
72 78 6
73 78 6
74 78 6
75 78 6
76 78 6
72 79 7
73 79 7
74 79 7
75 79 7
76 79 7
72 80 8
73 80 8
74 80 8
75 80 8
76 80 8
72 81 9
73 81 9
74 81 9
75 81 9
76 81 9
72 82 10
73 82 10
74 82 10
75 82 10
76 82 10
72 78 11
73 78 11
74 78 11
75 78 11
76 78 11
72 79 12
73 79 12
74 79 12
75 79 12
76 79 12
72 80 13
73 80 13
74 80 13
75 80 13
76 80 13
72 81 14
73 81 14
74 81 14
75 81 14
76 81 14
72 82 15
73 82 15
74 82 15
75 82 15
76 82 15
72 78 16
73 78 16
74 78 16
75 78 16
76 78 16
72 79 17
73 79 17
74 79 17
75 79 17
76 79 17
72 80 18
73 80 18
74 80 18
75 80 18
76 80 18
72 81 19
73 81 19
74 81 19
75 81 19
76 81 19
72 82 20
73 82 20
74 82 20
75 82 20
76 82 20
72 78 21
73 78 21
74 78 21
75 78 21
76 78 21
72 79 22
73 79 22
74 79 22
75 79 22
76 79 22
72 80 23
73 80 23
74 80 23
75 80 23
76 80 23
72 81 24
73 81 24
74 81 24
75 81 24
76 81 24
72 82 25
73 82 25
74 82 25
75 82 25
76 82 25
72 78 26
73 78 26
74 78 26
75 78 26
76 78 26
72 79 27
73 79 27
74 79 27
75 79 27
76 79 27
72 80 28
73 80 28
74 80 28
75 80 28
76 80 28
72 81 29
73 81 29
74 81 29
75 81 29
76 81 29
72 82 30
73 82 30
74 82 30
75 82 30
76 82 30
72 78 31
73 78 31
74 78 31
75 78 31
76 78 31
72 79 32
73 79 32
74 79 32
75 79 32
76 79 32
72 80 33
73 80 33
74 80 33
75 80 33
76 80 33
72 81 34
73 81 34
74 81 34
75 81 34
76 81 34
72 82 35
73 82 35
74 82 35
75 82 35
76 82 35
72 78 36
73 78 36
74 78 36
75 78 36
76 78 36
72 79 37
73 79 37
74 79 37
75 79 37
76 79 37
72 80 38
73 80 38
74 80 38
75 80 38
76 80 38
72 81 39
73 81 39
74 81 39
75 81 39
76 81 39
72 82 40
73 82 40
74 82 40
75 82 40
76 82 40
72 78 41
73 78 41
74 78 41
75 78 41
76 78 41
72 79 42
73 79 42
74 79 42
75 79 42
76 79 42
72 80 43
73 80 43
74 80 43
75 80 43
76 80 43
72 81 44
73 81 44
74 81 44
75 81 44
76 81 44
72 82 45
73 82 45
74 82 45
75 82 45
76 82 45
72 78 46
73 78 46
74 78 46
75 78 46
76 78 46
72 79 47
73 79 47
74 79 47
75 79 47
76 79 47
72 80 48
73 80 48
74 80 48
75 80 48
76 80 48
72 81 49
73 81 49
74 81 49
75 81 49
76 81 49
72 82 50
73 82 50
74 82 50
75 82 50
76 82 50
72 78 51
73 78 51
74 78 51
75 78 51
76 78 51
72 79 52
73 79 52
74 79 52
75 79 52
76 79 52
72 80 53
73 80 53
74 80 53
75 80 53
76 80 53
72 81 54
73 81 54
74 81 54
75 81 54
76 81 54
72 82 55
73 82 55
74 82 55
75 82 55
76 82 55
72 78 56
73 78 56
74 78 56
75 78 56
76 78 56
72 79 57
73 79 57
74 79 57
75 79 57
76 79 57
72 80 58
73 80 58
74 80 58
75 80 58
76 80 58
72 81 59
73 81 59
74 81 59
75 81 59
76 81 59
72 82 60
73 82 60
74 82 60
75 82 60
76 82 60
72 78 61
73 78 61
74 78 61
75 78 61
76 78 61
72 79 62
73 79 62
74 79 62
75 79 62
76 79 62
72 80 63
73 80 63
74 80 63
75 80 63
76 80 63
72 81 64
73 81 64
74 81 64
75 81 64
76 81 64
72 82 65
73 82 65
74 82 65
75 82 65
76 82 65
72 78 66
73 78 66
74 78 66
75 78 66
76 78 66
72 79 67
73 79 67
74 79 67
75 79 67
76 79 67
72 80 68
73 80 68
74 80 68
75 80 68
76 80 68
72 81 69
73 81 69
74 81 69
75 81 69
76 81 69
72 82 70
73 82 70
74 82 70
75 82 70
76 82 70
72 78 71
73 78 71
74 78 71
75 78 71
76 78 71
72 79 72
73 79 72
74 79 72
75 79 72
76 79 72
72 80 73
73 80 73
74 80 73
75 80 73
76 80 73
72 81 74
73 81 74
74 81 74
75 81 74
76 81 74
72 82 75
73 82 75
74 82 75
75 82 75
76 82 75
72 78 76
73 78 76
74 78 76
75 78 76
76 78 76
72 79 77
73 79 77
74 79 77
75 79 77
76 79 77
72 80 78
73 80 78
74 80 78
75 80 78
76 80 78
72 81 79
73 81 79
74 81 79
75 81 79
76 81 79
72 82 80
73 82 80
74 82 80
75 82 80
76 82 80
72 78 81
73 78 81
74 78 81
75 78 81
76 78 81
72 79 82
73 79 82
74 79 82
75 79 82
76 79 82
72 80 83
73 80 83
74 80 83
75 80 83
76 80 83
72 81 84
73 81 84
74 81 84
75 81 84
76 81 84
72 82 85
73 82 85
74 82 85
75 82 85
76 82 85
72 78 86
73 78 86
74 78 86
75 78 86
76 78 86
72 79 87
73 79 87
74 79 87
75 79 87
76 79 87
72 80 88
73 80 88
74 80 88
75 80 88
76 80 88
72 81 89
73 81 89
74 81 89
75 81 89
76 81 89
72 82 90
73 82 90
74 82 90
75 82 90
76 82 90
72 78 91
73 78 91
74 78 91
75 78 91
76 78 91
72 79 92
73 79 92
74 79 92
75 79 92
76 79 92
72 80 93
73 80 93
74 80 93
75 80 93
76 80 93
72 81 94
73 81 94
74 81 94
75 81 94
76 81 94
72 82 95
73 82 95
74 82 95
75 82 95
76 82 95
72 78 96
73 78 96
74 78 96
75 78 96
76 78 96
72 79 97
73 79 97
74 79 97
75 79 97
76 79 97
72 80 98
73 80 98
74 80 98
75 80 98
76 80 98
72 81 99
73 81 99
74 81 99
75 81 99
76 81 99
72 82 100
73 82 100
74 82 100
75 82 100
76 82 100
72 78 101
73 78 101
74 78 101
75 78 101
76 78 101
72 79 102
73 79 102
74 79 102
75 79 102
76 79 102
72 80 103
73 80 103
74 80 103
75 80 103
76 80 103
72 81 104
73 81 104
74 81 104
75 81 104
76 81 104
72 82 105
73 82 105
74 82 105
75 82 105
76 82 105
72 78 106
73 78 106
74 78 106
75 78 106
76 78 106
72 79 107
73 79 107
74 79 107
75 79 107
76 79 107
72 80 108
73 80 108
74 80 108
75 80 108
76 80 108
72 81 109
73 81 109
74 81 109
75 81 109
76 81 109
72 82 110
73 82 110
74 82 110
75 82 110
76 82 110
72 78 111
73 78 111
74 78 111
75 78 111
76 78 111
72 79 112
73 79 112
74 79 112
75 79 112
76 79 112
72 80 113
73 80 113
74 80 113
75 80 113
76 80 113
72 81 114
73 81 114
74 81 114
75 81 114
76 81 114
72 82 115
73 82 115
74 82 115
75 82 115
76 82 115
72 78 116
73 78 116
74 78 116
75 78 116
76 78 116
72 79 117
73 79 117
74 79 117
75 79 117
76 79 117
72 80 118
73 80 118
74 80 118
75 80 118
76 80 118
72 81 119
73 81 119
74 81 119
75 81 119
76 81 119
72 82 120
73 82 120
74 82 120
75 82 120
76 82 120
72 78 121
73 78 121
74 78 121
75 78 121
76 78 121
72 79 122
73 79 122
74 79 122
75 79 122
76 79 122
72 80 123
73 80 123
74 80 123
75 80 123
76 80 123
72 81 124
73 81 124
74 81 124
75 81 124
76 81 124
72 82 125
73 82 125
74 82 125
75 82 125
76 82 125
72 78 126
73 78 126
74 78 126
75 78 126
76 78 126
72 79 127
73 79 127
74 79 127
75 79 127
76 79 127
72 80 128
73 80 128
74 80 128
75 80 128
76 80 128
72 81 129
73 81 129
74 81 129
75 81 129
76 81 129
72 82 130
73 82 130
74 82 130
75 82 130
76 82 130
72 78 131
73 78 131
74 78 131
75 78 131
76 78 131
72 79 132
73 79 132
74 79 132
75 79 132
76 79 132
72 80 133
73 80 133
74 80 133
75 80 133
76 80 133
72 81 134
73 81 134
74 81 134
75 81 134
76 81 134
72 82 135
73 82 135
74 82 135
75 82 135
76 82 135
72 78 136
73 78 136
74 78 136
75 78 136
76 78 136
72 79 137
73 79 137
74 79 137
75 79 137
76 79 137
72 80 138
73 80 138
74 80 138
75 80 138
76 80 138
72 81 139
73 81 139
74 81 139
75 81 139
76 81 139
72 82 140
73 82 140
74 82 140
75 82 140
76 82 140
72 78 141
73 78 141
74 78 141
75 78 141
76 78 141
72 79 142
73 79 142
74 79 142
75 79 142
76 79 142
72 80 143
73 80 143
74 80 143
75 80 143
76 80 143
72 81 144
73 81 144
74 81 144
75 81 144
76 81 144
72 82 145
73 82 145
74 82 145
75 82 145
76 82 145
72 78 146
73 78 146
74 78 146
75 78 146
76 78 146
72 79 147
73 79 147
74 79 147
75 79 147
76 79 147
72 80 148
73 80 148
74 80 148
75 80 148
76 80 148
72 81 149
73 81 149
74 81 149
75 81 149
76 81 149
72 82 150
73 82 150
74 82 150
75 82 150
76 82 150
72 78 151
73 78 151
74 78 151
75 78 151
76 78 151
72 79 152
73 79 152
74 79 152
75 79 152
76 79 152
72 80 153
73 80 153
74 80 153
75 80 153
76 80 153
72 81 154
73 81 154
74 81 154
75 81 154
76 81 154
72 82 155
73 82 155
74 82 155
75 82 155
76 82 155
72 78 156
73 78 156
74 78 156
75 78 156
76 78 156
72 79 157
73 79 157
74 79 157
75 79 157
76 79 157
72 80 158
73 80 158
74 80 158
75 80 158
76 80 158
72 81 159
73 81 159
74 81 159
75 81 159
76 81 159
72 82 160
73 82 160
74 82 160
75 82 160
76 82 160
72 78 161
73 78 161
74 78 161
75 78 161
76 78 161
72 79 162
73 79 162
74 79 162
75 79 162
76 79 162
72 80 163
73 80 163
74 80 163
75 80 163
76 80 163
72 81 164
73 81 164
74 81 164
75 81 164
76 81 164
72 82 165
73 82 165
74 82 165
75 82 165
76 82 165
72 78 166
73 78 166
74 78 166
75 78 166
76 78 166
72 79 167
73 79 167
74 79 167
75 79 167
76 79 167
72 80 168
73 80 168
74 80 168
75 80 168
76 80 168
72 81 169
73 81 169
74 81 169
75 81 169
76 81 169
72 82 170
73 82 170
74 82 170
75 82 170
76 82 170
72 78 171
73 78 171
74 78 171
75 78 171
76 78 171
72 79 172
73 79 172
74 79 172
75 79 172
76 79 172
72 80 173
73 80 173
74 80 173
75 80 173
76 80 173
72 81 174
73 81 174
74 81 174
75 81 174
76 81 174
72 82 175
73 82 175
74 82 175
75 82 175
76 82 175
72 78 176
73 78 176
74 78 176
75 78 176
76 78 176
72 79 177
73 79 177
74 79 177
75 79 177
76 79 177
72 80 178
73 80 178
74 80 178
75 80 178
76 80 178
72 81 179
73 81 179
74 81 179
75 81 179
76 81 179
72 82 180
73 82 180
74 82 180
75 82 180
76 82 180
72 78 181
73 78 181
74 78 181
75 78 181
76 78 181
72 79 182
73 79 182
74 79 182
75 79 182
76 79 182
72 80 183
73 80 183
74 80 183
75 80 183
76 80 183
72 81 184
73 81 184
74 81 184
75 81 184
76 81 184
72 82 185
73 82 185
74 82 185
75 82 185
76 82 185
72 78 186
73 78 186
74 78 186
75 78 186
76 78 186
72 79 187
73 79 187
74 79 187
75 79 187
76 79 187
72 80 188
73 80 188
74 80 188
75 80 188
76 80 188
72 81 189
73 81 189
74 81 189
75 81 189
76 81 189
72 82 190
73 82 190
74 82 190
75 82 190
76 82 190
72 78 191
73 78 191
74 78 191
75 78 191
76 78 191
72 79 192
73 79 192
74 79 192
75 79 192
76 79 192
72 80 193
73 80 193
74 80 193
75 80 193
76 80 193
72 81 194
73 81 194
74 81 194
75 81 194
76 81 194
72 82 195
73 82 195
74 82 195
75 82 195
76 82 195
