257 279 1
257 280 2
257 281 3
257 282 4
257 283 5
257 279 6
257 280 7
257 281 8
257 282 9
257 283 10
257 279 11
257 280 12
257 281 13
257 282 14
257 283 15
257 279 16
257 280 17
257 281 18
257 282 19
257 283 20
257 279 21
257 280 22
257 281 23
257 282 24
257 283 25
257 279 26
257 280 27
257 281 28
257 282 29
257 283 30
257 279 31
257 280 32
257 281 33
257 282 34
257 283 35
257 279 36
257 280 37
257 281 38
257 282 39
257 283 40
257 279 41
257 280 42
257 281 43
257 282 44
257 283 45
257 279 46
257 280 47
257 281 48
257 282 49
257 283 50
257 279 51
257 280 52
257 281 53
257 282 54
257 283 55
257 279 56
257 280 57
257 281 58
257 282 59
257 283 60
257 279 61
257 280 62
257 281 63
257 282 64
257 283 65
257 279 66
257 280 67
257 281 68
257 282 69
257 283 70
257 279 71
257 280 72
257 281 73
257 282 74
257 283 75
257 279 76
257 280 77
257 281 78
257 282 79
257 283 80
257 279 81
257 280 82
257 281 83
257 282 84
257 283 85
257 279 86
257 280 87
257 281 88
257 282 89
257 283 90
257 279 91
257 280 92
257 281 93
257 282 94
257 283 95
257 279 96
257 280 97
257 281 98
257 282 99
257 283 100
257 279 101
257 280 102
257 281 103
257 282 104
257 283 105
257 279 106
257 280 107
257 281 108
257 282 109
257 283 110
257 279 111
257 280 112
257 281 113
257 282 114
257 283 115
257 279 116
257 280 117
257 281 118
257 282 119
257 283 120
257 279 121
257 280 122
257 281 123
257 282 124
257 283 125
257 279 126
257 280 127
257 281 128
257 282 129
257 283 130
257 279 131
257 280 132
257 281 133
257 282 134
257 283 135
257 279 136
257 280 137
257 281 138
257 282 139
257 283 140
257 279 141
257 280 142
257 281 143
257 282 144
257 283 145
257 279 146
257 280 147
257 281 148
257 282 149
257 283 150
257 279 151
257 280 152
257 281 153
257 282 154
257 283 155
257 279 156
257 280 157
257 281 158
257 282 159
257 283 160
257 279 161
257 280 162
257 281 163
257 282 164
257 283 165
257 279 166
257 280 167
257 281 168
257 282 169
257 283 170
257 279 171
257 280 172
257 281 173
257 282 174
257 283 175
257 279 176
257 280 177
257 281 178
257 282 179
257 283 180
257 279 181
257 280 182
257 281 183
257 282 184
257 283 185
257 279 186
257 280 187
257 281 188
257 282 189
257 283 190
257 279 191
257 280 192
257 281 193
257 282 194
257 283 195
257 279 196
257 280 197
257 281 198
257 282 199
257 283 200
257 279 201
257 280 202
257 281 203
257 282 204
257 283 205
257 279 206
257 280 207
257 281 208
257 282 209
257 283 210
257 279 211
257 280 212
257 281 213
257 282 214
257 283 215
257 279 216
257 280 217
257 281 218
257 282 219
257 283 220
257 279 221
257 280 222
257 281 223
257 282 224
257 283 225
257 279 226
257 280 227
257 281 228
257 282 229
257 283 230
257 279 231
257 280 232
257 281 233
257 282 234
257 283 235
257 279 236
257 280 237
257 281 238
257 282 239
257 283 240
257 279 241
257 280 242
257 281 243
257 282 244
257 283 245
