0 11 1
1 11 1
2 11 1
3 11 1
4 11 1
0 11 2
1 11 2
2 11 2
3 11 2
4 11 2
0 11 3
1 11 3
2 11 3
3 11 3
4 11 3
0 11 4
1 11 4
2 11 4
3 11 4
4 11 4
0 11 5
1 11 5
2 11 5
3 11 5
4 11 5
0 11 6
1 11 6
2 11 6
3 11 6
4 11 6
0 11 7
1 11 7
2 11 7
3 11 7
4 11 7
0 11 8
1 11 8
2 11 8
3 11 8
4 11 8
0 11 9
1 11 9
2 11 9
3 11 9
4 11 9
0 11 10
1 11 10
2 11 10
3 11 10
4 11 10
0 11 11
1 11 11
2 11 11
3 11 11
4 11 11
0 11 12
1 11 12
2 11 12
3 11 12
4 11 12
0 11 13
1 11 13
2 11 13
3 11 13
4 11 13
0 11 14
1 11 14
2 11 14
3 11 14
4 11 14
0 11 15
1 11 15
2 11 15
3 11 15
4 11 15
0 11 16
1 11 16
2 11 16
3 11 16
4 11 16
0 11 17
1 11 17
2 11 17
3 11 17
4 11 17
0 11 18
1 11 18
2 11 18
3 11 18
4 11 18
0 11 19
1 11 19
2 11 19
3 11 19
4 11 19
0 11 20
1 11 20
2 11 20
3 11 20
4 11 20
0 11 21
1 11 21
2 11 21
3 11 21
4 11 21
0 11 22
1 11 22
2 11 22
3 11 22
4 11 22
0 11 23
1 11 23
2 11 23
3 11 23
4 11 23
0 11 24
1 11 24
2 11 24
3 11 24
4 11 24
0 11 25
1 11 25
2 11 25
3 11 25
4 11 25
0 11 26
1 11 26
2 11 26
3 11 26
4 11 26
0 11 27
1 11 27
2 11 27
3 11 27
4 11 27
0 11 28
1 11 28
2 11 28
3 11 28
4 11 28
0 11 29
1 11 29
2 11 29
3 11 29
4 11 29
0 11 30
1 11 30
2 11 30
3 11 30
4 11 30
0 11 31
1 11 31
2 11 31
3 11 31
4 11 31
0 11 32
1 11 32
2 11 32
3 11 32
4 11 32
0 11 33
1 11 33
2 11 33
3 11 33
4 11 33
0 11 34
1 11 34
2 11 34
3 11 34
4 11 34
0 11 35
1 11 35
2 11 35
3 11 35
4 11 35
0 11 36
1 11 36
2 11 36
3 11 36
4 11 36
0 11 37
1 11 37
2 11 37
3 11 37
4 11 37
0 11 38
1 11 38
2 11 38
3 11 38
4 11 38
0 11 39
1 11 39
2 11 39
3 11 39
4 11 39
0 11 40
1 11 40
2 11 40
3 11 40
4 11 40
0 11 41
1 11 41
2 11 41
3 11 41
4 11 41
0 11 42
1 11 42
2 11 42
3 11 42
4 11 42
0 11 43
1 11 43
2 11 43
3 11 43
4 11 43
0 11 44
1 11 44
2 11 44
3 11 44
4 11 44
0 11 45
1 11 45
2 11 45
3 11 45
4 11 45
0 11 46
1 11 46
2 11 46
3 11 46
4 11 46
0 11 47
1 11 47
2 11 47
3 11 47
4 11 47
0 11 48
1 11 48
2 11 48
3 11 48
4 11 48
0 11 49
1 11 49
2 11 49
3 11 49
4 11 49
0 11 50
1 11 50
2 11 50
3 11 50
4 11 50
0 11 51
1 11 51
2 11 51
3 11 51
4 11 51
0 11 52
1 11 52
2 11 52
3 11 52
4 11 52
0 11 53
1 11 53
2 11 53
3 11 53
4 11 53
0 11 54
1 11 54
2 11 54
3 11 54
4 11 54
0 11 55
1 11 55
2 11 55
3 11 55
4 11 55
0 11 56
1 11 56
2 11 56
3 11 56
4 11 56
0 11 57
1 11 57
2 11 57
3 11 57
4 11 57
0 11 58
1 11 58
2 11 58
3 11 58
4 11 58
0 11 59
1 11 59
2 11 59
3 11 59
4 11 59
0 11 60
1 11 60
2 11 60
3 11 60
4 11 60
0 11 61
1 11 61
2 11 61
3 11 61
4 11 61
0 11 62
1 11 62
2 11 62
3 11 62
4 11 62
0 11 63
1 11 63
2 11 63
3 11 63
4 11 63
0 11 64
1 11 64
2 11 64
3 11 64
4 11 64
0 11 65
1 11 65
2 11 65
3 11 65
4 11 65
0 11 66
1 11 66
2 11 66
3 11 66
4 11 66
0 11 67
1 11 67
2 11 67
3 11 67
4 11 67
0 11 68
1 11 68
2 11 68
3 11 68
4 11 68
0 11 69
1 11 69
2 11 69
3 11 69
4 11 69
0 11 70
1 11 70
2 11 70
3 11 70
4 11 70
0 11 71
1 11 71
2 11 71
3 11 71
4 11 71
0 11 72
1 11 72
2 11 72
3 11 72
4 11 72
0 11 73
1 11 73
2 11 73
3 11 73
4 11 73
0 11 74
1 11 74
2 11 74
3 11 74
4 11 74
0 11 75
1 11 75
2 11 75
3 11 75
4 11 75
0 11 76
1 11 76
2 11 76
3 11 76
4 11 76
0 11 77
1 11 77
2 11 77
3 11 77
4 11 77
0 11 78
1 11 78
2 11 78
3 11 78
4 11 78
0 11 79
1 11 79
2 11 79
3 11 79
4 11 79
0 11 80
1 11 80
2 11 80
3 11 80
4 11 80
0 11 81
1 11 81
2 11 81
3 11 81
4 11 81
0 11 82
1 11 82
2 11 82
3 11 82
4 11 82
0 11 83
1 11 83
2 11 83
3 11 83
4 11 83
0 11 84
1 11 84
2 11 84
3 11 84
4 11 84
0 11 85
1 11 85
2 11 85
3 11 85
4 11 85
0 11 86
1 11 86
2 11 86
3 11 86
4 11 86
0 11 87
1 11 87
2 11 87
3 11 87
4 11 87
0 11 88
1 11 88
2 11 88
3 11 88
4 11 88
0 11 89
1 11 89
2 11 89
3 11 89
4 11 89
0 11 90
1 11 90
2 11 90
3 11 90
4 11 90
0 11 91
1 11 91
2 11 91
3 11 91
4 11 91
0 11 92
1 11 92
2 11 92
3 11 92
4 11 92
0 11 93
1 11 93
2 11 93
3 11 93
4 11 93
0 11 94
1 11 94
2 11 94
3 11 94
4 11 94
0 11 95
1 11 95
2 11 95
3 11 95
4 11 95
0 11 96
1 11 96
2 11 96
3 11 96
4 11 96
0 11 97
1 11 97
2 11 97
3 11 97
4 11 97
0 11 98
1 11 98
2 11 98
3 11 98
4 11 98
0 11 99
1 11 99
2 11 99
3 11 99
4 11 99
0 11 100
1 11 100
2 11 100
3 11 100
4 11 100
0 11 101
1 11 101
2 11 101
3 11 101
4 11 101
0 11 102
1 11 102
2 11 102
3 11 102
4 11 102
0 11 103
1 11 103
2 11 103
3 11 103
4 11 103
0 11 104
1 11 104
2 11 104
3 11 104
4 11 104
0 11 105
1 11 105
2 11 105
3 11 105
4 11 105
0 11 106
1 11 106
2 11 106
3 11 106
4 11 106
0 11 107
1 11 107
2 11 107
3 11 107
4 11 107
0 11 108
1 11 108
2 11 108
3 11 108
4 11 108
0 11 109
1 11 109
2 11 109
3 11 109
4 11 109
0 11 110
1 11 110
2 11 110
3 11 110
4 11 110
0 11 111
1 11 111
2 11 111
3 11 111
4 11 111
0 11 112
1 11 112
2 11 112
3 11 112
4 11 112
0 11 113
1 11 113
2 11 113
3 11 113
4 11 113
0 11 114
1 11 114
2 11 114
3 11 114
4 11 114
0 11 115
1 11 115
2 11 115
3 11 115
4 11 115
0 11 116
1 11 116
2 11 116
3 11 116
4 11 116
0 11 117
1 11 117
2 11 117
3 11 117
4 11 117
0 11 118
1 11 118
2 11 118
3 11 118
4 11 118
0 11 119
1 11 119
2 11 119
3 11 119
4 11 119
0 11 120
1 11 120
2 11 120
3 11 120
4 11 120
0 11 121
1 11 121
2 11 121
3 11 121
4 11 121
0 11 122
1 11 122
2 11 122
3 11 122
4 11 122
0 11 123
1 11 123
2 11 123
3 11 123
4 11 123
0 11 124
1 11 124
2 11 124
3 11 124
4 11 124
0 11 125
1 11 125
2 11 125
3 11 125
4 11 125
0 11 126
1 11 126
2 11 126
3 11 126
4 11 126
0 11 127
1 11 127
2 11 127
3 11 127
4 11 127
0 11 128
1 11 128
2 11 128
3 11 128
4 11 128
0 11 129
1 11 129
2 11 129
3 11 129
4 11 129
0 11 130
1 11 130
2 11 130
3 11 130
4 11 130
0 11 131
1 11 131
2 11 131
3 11 131
4 11 131
0 11 132
1 11 132
2 11 132
3 11 132
4 11 132
0 11 133
1 11 133
2 11 133
3 11 133
4 11 133
0 11 134
1 11 134
2 11 134
3 11 134
4 11 134
0 11 135
1 11 135
2 11 135
3 11 135
4 11 135
0 11 136
1 11 136
2 11 136
3 11 136
4 11 136
0 11 137
1 11 137
2 11 137
3 11 137
4 11 137
0 11 138
1 11 138
2 11 138
3 11 138
4 11 138
0 11 139
1 11 139
2 11 139
3 11 139
4 11 139
0 11 140
1 11 140
2 11 140
3 11 140
4 11 140
0 11 141
1 11 141
2 11 141
3 11 141
4 11 141
0 11 142
1 11 142
2 11 142
3 11 142
4 11 142
0 11 143
1 11 143
2 11 143
3 11 143
4 11 143
0 11 144
1 11 144
2 11 144
3 11 144
4 11 144
0 11 145
1 11 145
2 11 145
3 11 145
4 11 145
0 11 146
1 11 146
2 11 146
3 11 146
4 11 146
0 11 147
1 11 147
2 11 147
3 11 147
4 11 147
0 11 148
1 11 148
2 11 148
3 11 148
4 11 148
0 11 149
1 11 149
2 11 149
3 11 149
4 11 149
0 11 150
1 11 150
2 11 150
3 11 150
4 11 150
0 11 151
1 11 151
2 11 151
3 11 151
4 11 151
0 11 152
1 11 152
2 11 152
3 11 152
4 11 152
0 11 153
1 11 153
2 11 153
3 11 153
4 11 153
0 11 154
1 11 154
2 11 154
3 11 154
4 11 154
0 11 155
1 11 155
2 11 155
3 11 155
4 11 155
0 11 156
1 11 156
2 11 156
3 11 156
4 11 156
0 11 157
1 11 157
2 11 157
3 11 157
4 11 157
0 11 158
1 11 158
2 11 158
3 11 158
4 11 158
0 11 159
1 11 159
2 11 159
3 11 159
4 11 159
0 11 160
1 11 160
2 11 160
3 11 160
4 11 160
0 11 161
1 11 161
2 11 161
3 11 161
4 11 161
0 11 162
1 11 162
2 11 162
3 11 162
4 11 162
0 11 163
1 11 163
2 11 163
3 11 163
4 11 163
0 11 164
1 11 164
2 11 164
3 11 164
4 11 164
0 11 165
1 11 165
2 11 165
3 11 165
4 11 165
0 11 166
1 11 166
2 11 166
3 11 166
4 11 166
0 11 167
1 11 167
2 11 167
3 11 167
4 11 167
0 11 168
1 11 168
2 11 168
3 11 168
4 11 168
0 11 169
1 11 169
2 11 169
3 11 169
4 11 169
0 11 170
1 11 170
2 11 170
3 11 170
4 11 170
0 11 171
1 11 171
2 11 171
3 11 171
4 11 171
0 11 172
1 11 172
2 11 172
3 11 172
4 11 172
0 11 173
1 11 173
2 11 173
3 11 173
4 11 173
0 11 174
1 11 174
2 11 174
3 11 174
4 11 174
0 11 175
1 11 175
2 11 175
3 11 175
4 11 175
0 11 176
1 11 176
2 11 176
3 11 176
4 11 176
0 11 177
1 11 177
2 11 177
3 11 177
4 11 177
0 11 178
1 11 178
2 11 178
3 11 178
4 11 178
0 11 179
1 11 179
2 11 179
3 11 179
4 11 179
0 11 180
1 11 180
2 11 180
3 11 180
4 11 180
0 11 181
1 11 181
2 11 181
3 11 181
4 11 181
0 11 182
1 11 182
2 11 182
3 11 182
4 11 182
0 11 183
1 11 183
2 11 183
3 11 183
4 11 183
0 11 184
1 11 184
2 11 184
3 11 184
4 11 184
0 11 185
1 11 185
2 11 185
3 11 185
4 11 185
0 11 186
1 11 186
2 11 186
3 11 186
4 11 186
0 11 187
1 11 187
2 11 187
3 11 187
4 11 187
0 11 188
1 11 188
2 11 188
3 11 188
4 11 188
0 11 189
1 11 189
2 11 189
3 11 189
4 11 189
0 11 190
1 11 190
2 11 190
3 11 190
4 11 190
0 11 191
1 11 191
2 11 191
3 11 191
4 11 191
0 11 192
1 11 192
2 11 192
3 11 192
4 11 192
0 11 193
1 11 193
2 11 193
3 11 193
4 11 193
0 11 194
1 11 194
2 11 194
3 11 194
4 11 194
0 11 195
1 11 195
2 11 195
3 11 195
4 11 195
0 11 196
1 11 196
2 11 196
3 11 196
4 11 196
