261 264 1
262 264 1
261 265 2
262 265 2
261 266 3
262 266 3
261 267 4
262 267 4
261 268 5
262 268 5
261 264 6
262 264 6
261 265 7
262 265 7
261 266 8
262 266 8
261 267 9
262 267 9
261 268 10
262 268 10
261 264 11
262 264 11
261 265 12
262 265 12
261 266 13
262 266 13
261 267 14
262 267 14
261 268 15
262 268 15
261 264 16
262 264 16
261 265 17
262 265 17
261 266 18
262 266 18
261 267 19
262 267 19
261 268 20
262 268 20
261 264 21
262 264 21
261 265 22
262 265 22
261 266 23
262 266 23
261 267 24
262 267 24
261 268 25
262 268 25
261 264 26
262 264 26
261 265 27
262 265 27
261 266 28
262 266 28
261 267 29
262 267 29
261 268 30
262 268 30
261 264 31
262 264 31
261 265 32
262 265 32
261 266 33
262 266 33
261 267 34
262 267 34
261 268 35
262 268 35
261 264 36
262 264 36
261 265 37
262 265 37
261 266 38
262 266 38
261 267 39
262 267 39
261 268 40
262 268 40
261 264 41
262 264 41
261 265 42
262 265 42
261 266 43
262 266 43
261 267 44
262 267 44
261 268 45
262 268 45
261 264 46
262 264 46
261 265 47
262 265 47
261 266 48
262 266 48
261 267 49
262 267 49
261 268 50
262 268 50
261 264 51
262 264 51
261 265 52
262 265 52
261 266 53
262 266 53
261 267 54
262 267 54
261 268 55
262 268 55
261 264 56
262 264 56
261 265 57
262 265 57
261 266 58
262 266 58
261 267 59
262 267 59
261 268 60
262 268 60
261 264 61
262 264 61
261 265 62
262 265 62
261 266 63
262 266 63
261 267 64
262 267 64
261 268 65
262 268 65
261 264 66
262 264 66
261 265 67
262 265 67
261 266 68
262 266 68
261 267 69
262 267 69
261 268 70
262 268 70
261 264 71
262 264 71
261 265 72
262 265 72
261 266 73
262 266 73
261 267 74
262 267 74
261 268 75
262 268 75
261 264 76
262 264 76
261 265 77
262 265 77
261 266 78
262 266 78
261 267 79
262 267 79
261 268 80
262 268 80
261 264 81
262 264 81
261 265 82
262 265 82
261 266 83
262 266 83
261 267 84
262 267 84
261 268 85
262 268 85
261 264 86
262 264 86
261 265 87
262 265 87
261 266 88
262 266 88
261 267 89
262 267 89
261 268 90
262 268 90
261 264 91
262 264 91
261 265 92
262 265 92
261 266 93
262 266 93
261 267 94
262 267 94
261 268 95
262 268 95
261 264 96
262 264 96
261 265 97
262 265 97
261 266 98
262 266 98
261 267 99
262 267 99
261 268 100
262 268 100
261 264 101
262 264 101
261 265 102
262 265 102
261 266 103
262 266 103
261 267 104
262 267 104
261 268 105
262 268 105
261 264 106
262 264 106
261 265 107
262 265 107
261 266 108
262 266 108
261 267 109
262 267 109
261 268 110
262 268 110
261 264 111
262 264 111
261 265 112
262 265 112
261 266 113
262 266 113
261 267 114
262 267 114
261 268 115
262 268 115
261 264 116
262 264 116
261 265 117
262 265 117
261 266 118
262 266 118
261 267 119
262 267 119
261 268 120
262 268 120
