234 240 1
235 240 1
234 241 2
235 241 2
234 242 3
235 242 3
234 243 4
235 243 4
234 244 5
235 244 5
234 240 6
235 240 6
234 241 7
235 241 7
234 242 8
235 242 8
234 243 9
235 243 9
234 244 10
235 244 10
234 240 11
235 240 11
234 241 12
235 241 12
234 242 13
235 242 13
234 243 14
235 243 14
234 244 15
235 244 15
234 240 16
235 240 16
234 241 17
235 241 17
234 242 18
235 242 18
234 243 19
235 243 19
234 244 20
235 244 20
234 240 21
235 240 21
234 241 22
235 241 22
234 242 23
235 242 23
234 243 24
235 243 24
234 244 25
235 244 25
234 240 26
235 240 26
234 241 27
235 241 27
234 242 28
235 242 28
234 243 29
235 243 29
234 244 30
235 244 30
234 240 31
235 240 31
234 241 32
235 241 32
234 242 33
235 242 33
234 243 34
235 243 34
234 244 35
235 244 35
234 240 36
235 240 36
234 241 37
235 241 37
234 242 38
235 242 38
234 243 39
235 243 39
234 244 40
235 244 40
234 240 41
235 240 41
234 241 42
235 241 42
234 242 43
235 242 43
234 243 44
235 243 44
234 244 45
235 244 45
234 240 46
235 240 46
234 241 47
235 241 47
234 242 48
235 242 48
234 243 49
235 243 49
234 244 50
235 244 50
234 240 51
235 240 51
234 241 52
235 241 52
234 242 53
235 242 53
234 243 54
235 243 54
234 244 55
235 244 55
234 240 56
235 240 56
234 241 57
235 241 57
234 242 58
235 242 58
234 243 59
235 243 59
234 244 60
235 244 60
234 240 61
235 240 61
234 241 62
235 241 62
234 242 63
235 242 63
234 243 64
235 243 64
234 244 65
235 244 65
234 240 66
235 240 66
234 241 67
235 241 67
234 242 68
235 242 68
234 243 69
235 243 69
234 244 70
235 244 70
234 240 71
235 240 71
234 241 72
235 241 72
234 242 73
235 242 73
234 243 74
235 243 74
234 244 75
235 244 75
234 240 76
235 240 76
234 241 77
235 241 77
234 242 78
235 242 78
234 243 79
235 243 79
234 244 80
235 244 80
234 240 81
235 240 81
234 241 82
235 241 82
234 242 83
235 242 83
234 243 84
235 243 84
234 244 85
235 244 85
234 240 86
235 240 86
234 241 87
235 241 87
234 242 88
235 242 88
234 243 89
235 243 89
234 244 90
235 244 90
234 240 91
235 240 91
234 241 92
235 241 92
234 242 93
235 242 93
234 243 94
235 243 94
234 244 95
235 244 95
234 240 96
235 240 96
234 241 97
235 241 97
234 242 98
235 242 98
234 243 99
235 243 99
234 244 100
235 244 100
234 240 101
235 240 101
234 241 102
235 241 102
234 242 103
235 242 103
234 243 104
235 243 104
234 244 105
235 244 105
234 240 106
235 240 106
234 241 107
235 241 107
234 242 108
235 242 108
234 243 109
235 243 109
234 244 110
235 244 110
234 240 111
235 240 111
234 241 112
235 241 112
234 242 113
235 242 113
234 243 114
235 243 114
234 244 115
235 244 115
234 240 116
235 240 116
234 241 117
235 241 117
234 242 118
235 242 118
234 243 119
235 243 119
234 244 120
235 244 120
