135 144 1
136 144 1
135 145 2
136 145 2
135 146 3
136 146 3
135 147 4
136 147 4
135 148 5
136 148 5
135 144 6
136 144 6
135 145 7
136 145 7
135 146 8
136 146 8
135 147 9
136 147 9
135 148 10
136 148 10
135 144 11
136 144 11
135 145 12
136 145 12
135 146 13
136 146 13
135 147 14
136 147 14
135 148 15
136 148 15
135 144 16
136 144 16
135 145 17
136 145 17
135 146 18
136 146 18
135 147 19
136 147 19
135 148 20
136 148 20
135 144 21
136 144 21
135 145 22
136 145 22
135 146 23
136 146 23
135 147 24
136 147 24
135 148 25
136 148 25
135 144 26
136 144 26
135 145 27
136 145 27
135 146 28
136 146 28
135 147 29
136 147 29
135 148 30
136 148 30
135 144 31
136 144 31
135 145 32
136 145 32
135 146 33
136 146 33
135 147 34
136 147 34
135 148 35
136 148 35
135 144 36
136 144 36
135 145 37
136 145 37
135 146 38
136 146 38
135 147 39
136 147 39
135 148 40
136 148 40
135 144 41
136 144 41
135 145 42
136 145 42
135 146 43
136 146 43
135 147 44
136 147 44
135 148 45
136 148 45
135 144 46
136 144 46
135 145 47
136 145 47
135 146 48
136 146 48
135 147 49
136 147 49
135 148 50
136 148 50
135 144 51
136 144 51
135 145 52
136 145 52
135 146 53
136 146 53
135 147 54
136 147 54
135 148 55
136 148 55
135 144 56
136 144 56
135 145 57
136 145 57
135 146 58
136 146 58
135 147 59
136 147 59
135 148 60
136 148 60
135 144 61
136 144 61
135 145 62
136 145 62
135 146 63
136 146 63
135 147 64
136 147 64
135 148 65
136 148 65
135 144 66
136 144 66
135 145 67
136 145 67
135 146 68
136 146 68
135 147 69
136 147 69
135 148 70
136 148 70
135 144 71
136 144 71
135 145 72
136 145 72
135 146 73
136 146 73
135 147 74
136 147 74
135 148 75
136 148 75
135 144 76
136 144 76
135 145 77
136 145 77
135 146 78
136 146 78
135 147 79
136 147 79
135 148 80
136 148 80
135 144 81
136 144 81
135 145 82
136 145 82
135 146 83
136 146 83
135 147 84
136 147 84
135 148 85
136 148 85
135 144 86
136 144 86
135 145 87
136 145 87
135 146 88
136 146 88
135 147 89
136 147 89
135 148 90
136 148 90
135 144 91
136 144 91
135 145 92
136 145 92
135 146 93
136 146 93
135 147 94
136 147 94
135 148 95
136 148 95
135 144 96
136 144 96
135 145 97
136 145 97
135 146 98
136 146 98
135 147 99
136 147 99
135 148 100
136 148 100
135 144 101
136 144 101
135 145 102
136 145 102
135 146 103
136 146 103
135 147 104
136 147 104
135 148 105
136 148 105
135 144 106
136 144 106
135 145 107
136 145 107
135 146 108
136 146 108
135 147 109
136 147 109
135 148 110
136 148 110
135 144 111
136 144 111
135 145 112
136 145 112
135 146 113
136 146 113
135 147 114
136 147 114
135 148 115
136 148 115
135 144 116
136 144 116
135 145 117
136 145 117
135 146 118
136 146 118
135 147 119
136 147 119
135 148 120
136 148 120
