254 260 1
254 260 2
254 260 3
254 260 4
254 260 5
254 260 6
254 260 7
254 260 8
254 260 9
254 260 10
254 260 11
254 260 12
254 260 13
254 260 14
254 260 15
254 260 16
254 260 17
254 260 18
254 260 19
254 260 20
254 260 21
254 260 22
254 260 23
254 260 24
254 260 25
254 260 26
254 260 27
254 260 28
254 260 29
254 260 30
254 260 31
254 260 32
254 260 33
254 260 34
254 260 35
254 260 36
254 260 37
254 260 38
254 260 39
254 260 40
254 260 41
254 260 42
254 260 43
254 260 44
254 260 45
254 260 46
254 260 47
254 260 48
254 260 49
254 260 50
254 260 51
254 260 52
254 260 53
254 260 54
254 260 55
254 260 56
254 260 57
254 260 58
254 260 59
254 260 60
254 260 61
254 260 62
254 260 63
254 260 64
254 260 65
254 260 66
254 260 67
254 260 68
254 260 69
254 260 70
254 260 71
254 260 72
254 260 73
254 260 74
254 260 75
254 260 76
254 260 77
254 260 78
254 260 79
254 260 80
254 260 81
254 260 82
254 260 83
254 260 84
254 260 85
254 260 86
254 260 87
254 260 88
254 260 89
254 260 90
254 260 91
254 260 92
254 260 93
254 260 94
254 260 95
254 260 96
254 260 97
254 260 98
254 260 99
254 260 100
254 260 101
254 260 102
254 260 103
254 260 104
254 260 105
254 260 106
254 260 107
254 260 108
254 260 109
254 260 110
254 260 111
254 260 112
254 260 113
254 260 114
254 260 115
254 260 116
254 260 117
254 260 118
254 260 119
254 260 120
254 260 121
254 260 122
254 260 123
254 260 124
254 260 125
254 260 126
254 260 127
254 260 128
254 260 129
254 260 130
254 260 131
254 260 132
254 260 133
254 260 134
254 260 135
254 260 136
254 260 137
254 260 138
254 260 139
254 260 140
254 260 141
254 260 142
254 260 143
254 260 144
254 260 145
254 260 146
254 260 147
254 260 148
254 260 149
254 260 150
254 260 151
254 260 152
254 260 153
254 260 154
254 260 155
254 260 156
254 260 157
254 260 158
254 260 159
254 260 160
254 260 161
254 260 162
254 260 163
254 260 164
254 260 165
254 260 166
254 260 167
254 260 168
254 260 169
254 260 170
254 260 171
254 260 172
254 260 173
254 260 174
254 260 175
254 260 176
254 260 177
254 260 178
254 260 179
254 260 180
254 260 181
254 260 182
254 260 183
254 260 184
254 260 185
254 260 186
254 260 187
254 260 188
254 260 189
254 260 190
254 260 191
254 260 192
254 260 193
254 260 194
254 260 195
254 260 196
254 260 197
254 260 198
254 260 199
254 260 200
254 260 201
254 260 202
254 260 203
254 260 204
254 260 205
254 260 206
254 260 207
254 260 208
254 260 209
254 260 210
254 260 211
254 260 212
254 260 213
254 260 214
254 260 215
254 260 216
254 260 217
254 260 218
254 260 219
254 260 220
254 260 221
254 260 222
254 260 223
254 260 224
254 260 225
254 260 226
254 260 227
254 260 228
254 260 229
254 260 230
254 260 231
254 260 232
254 260 233
254 260 234
254 260 235
254 260 236
254 260 237
254 260 238
254 260 239
254 260 240
254 260 241
254 260 242
254 260 243
254 260 244
254 260 245
