182 185 1
182 185 2
182 185 3
182 185 4
182 185 5
182 185 6
182 185 7
182 185 8
182 185 9
182 185 10
182 185 11
182 185 12
182 185 13
182 185 14
182 185 15
182 185 16
182 185 17
182 185 18
182 185 19
182 185 20
182 185 21
182 185 22
182 185 23
182 185 24
182 185 25
182 185 26
182 185 27
182 185 28
182 185 29
182 185 30
182 185 31
182 185 32
182 185 33
182 185 34
182 185 35
182 185 36
182 185 37
182 185 38
182 185 39
182 185 40
182 185 41
182 185 42
182 185 43
182 185 44
182 185 45
182 185 46
182 185 47
182 185 48
182 185 49
182 185 50
182 185 51
182 185 52
182 185 53
182 185 54
182 185 55
182 185 56
182 185 57
182 185 58
182 185 59
182 185 60
182 185 61
182 185 62
182 185 63
182 185 64
182 185 65
182 185 66
182 185 67
182 185 68
182 185 69
182 185 70
182 185 71
182 185 72
182 185 73
182 185 74
182 185 75
182 185 76
182 185 77
182 185 78
182 185 79
182 185 80
182 185 81
182 185 82
182 185 83
182 185 84
182 185 85
182 185 86
182 185 87
182 185 88
182 185 89
182 185 90
182 185 91
182 185 92
182 185 93
182 185 94
182 185 95
182 185 96
182 185 97
182 185 98
182 185 99
182 185 100
182 185 101
182 185 102
182 185 103
182 185 104
182 185 105
182 185 106
182 185 107
182 185 108
182 185 109
182 185 110
182 185 111
182 185 112
182 185 113
182 185 114
182 185 115
182 185 116
182 185 117
182 185 118
182 185 119
182 185 120
182 185 121
182 185 122
182 185 123
182 185 124
182 185 125
182 185 126
182 185 127
182 185 128
182 185 129
182 185 130
182 185 131
182 185 132
182 185 133
182 185 134
182 185 135
182 185 136
182 185 137
182 185 138
182 185 139
182 185 140
182 185 141
182 185 142
182 185 143
182 185 144
182 185 145
182 185 146
182 185 147
182 185 148
182 185 149
182 185 150
182 185 151
182 185 152
182 185 153
182 185 154
182 185 155
182 185 156
182 185 157
182 185 158
182 185 159
182 185 160
182 185 161
182 185 162
182 185 163
182 185 164
182 185 165
182 185 166
182 185 167
182 185 168
182 185 169
182 185 170
182 185 171
182 185 172
182 185 173
182 185 174
182 185 175
182 185 176
182 185 177
182 185 178
182 185 179
182 185 180
182 185 181
182 185 182
182 185 183
182 185 184
182 185 185
182 185 186
182 185 187
182 185 188
182 185 189
182 185 190
182 185 191
182 185 192
182 185 193
182 185 194
182 185 195
182 185 196
182 185 197
182 185 198
182 185 199
182 185 200
182 185 201
182 185 202
182 185 203
182 185 204
182 185 205
182 185 206
182 185 207
182 185 208
182 185 209
182 185 210
182 185 211
182 185 212
182 185 213
182 185 214
182 185 215
182 185 216
182 185 217
182 185 218
182 185 219
182 185 220
182 185 221
182 185 222
182 185 223
182 185 224
182 185 225
182 185 226
182 185 227
182 185 228
182 185 229
182 185 230
182 185 231
182 185 232
182 185 233
182 185 234
182 185 235
182 185 236
182 185 237
182 185 238
182 185 239
182 185 240
182 185 241
182 185 242
182 185 243
182 185 244
182 185 245
