29 279 1
29 280 2
29 281 3
29 282 4
29 283 5
29 284 6
29 285 7
29 286 8
29 287 9
29 288 10
29 289 11
29 290 12
29 291 13
29 292 14
29 293 15
29 294 16
29 295 17
29 296 18
29 279 19
29 280 20
29 281 21
29 282 22
29 283 23
29 284 24
29 285 25
29 286 26
29 287 27
29 288 28
29 289 29
29 290 30
29 291 31
29 292 32
29 293 33
29 294 34
29 295 35
29 296 36
29 279 37
29 280 38
29 281 39
29 282 40
29 283 41
29 284 42
29 285 43
29 286 44
29 287 45
29 288 46
29 289 47
29 290 48
29 291 49
29 292 50
29 293 51
29 294 52
29 295 53
29 296 54
29 279 55
29 280 56
29 281 57
29 282 58
29 283 59
29 284 60
29 285 61
29 286 62
29 287 63
29 288 64
29 289 65
29 290 66
29 291 67
29 292 68
29 293 69
29 294 70
29 295 71
29 296 72
29 279 73
29 280 74
29 281 75
29 282 76
29 283 77
29 284 78
29 285 79
29 286 80
29 287 81
29 288 82
29 289 83
29 290 84
29 291 85
29 292 86
29 293 87
29 294 88
29 295 89
29 296 90
29 279 91
29 280 92
29 281 93
29 282 94
29 283 95
29 284 96
29 285 97
29 286 98
29 287 99
29 288 100
29 289 101
29 290 102
29 291 103
29 292 104
29 293 105
29 294 106
29 295 107
29 296 108
29 279 109
29 280 110
29 281 111
29 282 112
29 283 113
29 284 114
29 285 115
29 286 116
29 287 117
29 288 118
29 289 119
29 290 120
29 291 121
29 292 122
29 293 123
29 294 124
29 295 125
29 296 126
29 279 127
29 280 128
29 281 129
29 282 130
29 283 131
29 284 132
29 285 133
29 286 134
29 287 135
29 288 136
29 289 137
29 290 138
29 291 139
29 292 140
29 293 141
29 294 142
29 295 143
29 296 144
29 279 145
29 280 146
29 281 147
29 282 148
29 283 149
29 284 150
29 285 151
29 286 152
29 287 153
29 288 154
29 289 155
29 290 156
29 291 157
29 292 158
29 293 159
29 294 160
29 295 161
29 296 162
29 279 163
29 280 164
29 281 165
29 282 166
29 283 167
29 284 168
29 285 169
29 286 170
29 287 171
29 288 172
29 289 173
29 290 174
29 291 175
29 292 176
29 293 177
29 294 178
29 295 179
29 296 180
29 279 181
29 280 182
29 281 183
29 282 184
29 283 185
29 284 186
29 285 187
29 286 188
29 287 189
29 288 190
29 289 191
29 290 192
29 291 193
29 292 194
29 293 195
29 294 196
29 295 197
29 296 198
29 279 199
29 280 200
29 281 201
29 282 202
29 283 203
29 284 204
29 285 205
29 286 206
29 287 207
29 288 208
29 289 209
29 290 210
29 291 211
29 292 212
29 293 213
29 294 214
29 295 215
29 296 216
29 279 217
29 280 218
29 281 219
29 282 220
29 283 221
29 284 222
29 285 223
29 286 224
29 287 225
29 288 226
29 289 227
29 290 228
29 291 229
29 292 230
29 293 231
29 294 232
29 295 233
29 296 234
29 279 235
29 280 236
29 281 237
29 282 238
29 283 239
29 284 240
29 285 241
29 286 242
29 287 243
29 288 244
29 289 245
29 290 246
29 291 247
29 292 248
29 293 249
29 294 250
29 295 251
29 296 252
29 279 253
29 280 254
29 281 255
29 282 256
29 283 257
29 284 258
29 285 259
29 286 260
29 287 261
29 288 262
29 289 263
29 290 264
29 291 265
29 292 266
29 293 267
29 294 268
29 295 269
29 296 270
29 279 271
29 280 272
29 281 273
29 282 274
29 283 275
29 284 276
29 285 277
29 286 278
29 287 279
29 288 280
29 289 281
29 290 282
29 291 283
29 292 284
29 293 285
29 294 286
29 295 287
29 296 288
29 279 289
29 280 290
29 281 291
29 282 292
29 283 293
29 284 294
29 285 295
29 286 296
29 287 297
29 288 298
29 289 299
29 290 300
29 291 301
29 292 302
29 293 303
29 294 304
29 295 305
29 296 306
29 279 307
29 280 308
29 281 309
29 282 310
29 283 311
29 284 312
29 285 313
29 286 314
29 287 315
29 288 316
29 289 317
29 290 318
29 291 319
29 292 320
29 293 321
29 294 322
29 295 323
29 296 324
29 279 325
29 280 326
29 281 327
29 282 328
29 283 329
29 284 330
29 285 331
29 286 332
29 287 333
29 288 334
29 289 335
29 290 336
29 291 337
29 292 338
29 293 339
29 294 340
29 295 341
29 296 342
29 279 343
29 280 344
29 281 345
29 282 346
29 283 347
29 284 348
29 285 349
29 286 350
29 287 351
29 288 352
29 289 353
29 290 354
29 291 355
29 292 356
29 293 357
29 294 358
29 295 359
29 296 360
29 279 361
29 280 362
29 281 363
29 282 364
29 283 365
29 284 366
29 285 367
29 286 368
29 287 369
29 288 370
29 289 371
29 290 372
29 291 373
29 292 374
29 293 375
29 294 376
29 295 377
29 296 378
29 279 379
29 280 380
29 281 381
29 282 382
29 283 383
29 284 384
29 285 385
29 286 386
29 287 387
29 288 388
29 289 389
29 290 390
29 291 391
29 292 392
29 293 393
29 294 394
29 295 395
29 296 396
29 279 397
29 280 398
29 281 399
29 282 400
29 283 401
29 284 402
29 285 403
29 286 404
29 287 405
29 288 406
29 289 407
29 290 408
29 291 409
29 292 410
29 293 411
29 294 412
29 295 413
29 296 414
29 279 415
29 280 416
29 281 417
29 282 418
29 283 419
29 284 420
29 285 421
29 286 422
29 287 423
29 288 424
29 289 425
29 290 426
29 291 427
29 292 428
29 293 429
29 294 430
29 295 431
29 296 432
29 279 433
29 280 434
29 281 435
29 282 436
29 283 437
29 284 438
29 285 439
29 286 440
29 287 441
29 288 442
29 289 443
29 290 444
29 291 445
29 292 446
29 293 447
29 294 448
29 295 449
29 296 450
29 279 451
29 280 452
29 281 453
29 282 454
29 283 455
29 284 456
29 285 457
29 286 458
29 287 459
29 288 460
29 289 461
29 290 462
29 291 463
29 292 464
29 293 465
29 294 466
29 295 467
29 296 468
29 279 469
29 280 470
29 281 471
29 282 472
29 283 473
29 284 474
29 285 475
29 286 476
29 287 477
29 288 478
29 289 479
29 290 480
29 291 481
29 292 482
29 293 483
29 294 484
29 295 485
29 296 486
29 279 487
29 280 488
29 281 489
29 282 490
29 283 491
29 284 492
29 285 493
29 286 494
29 287 495
29 288 496
29 289 497
29 290 498
29 291 499
29 292 500
29 293 501
29 294 502
29 295 503
29 296 504
29 279 505
29 280 506
29 281 507
29 282 508
29 283 509
29 284 510
29 285 511
29 286 512
29 287 513
29 288 514
29 289 515
29 290 516
29 291 517
29 292 518
29 293 519
29 294 520
29 295 521
29 296 522
29 279 523
29 280 524
29 281 525
29 282 526
29 283 527
29 284 528
29 285 529
29 286 530
29 287 531
29 288 532
29 289 533
29 290 534
29 291 535
29 292 536
29 293 537
29 294 538
29 295 539
29 296 540
29 279 541
29 280 542
29 281 543
29 282 544
29 283 545
29 284 546
29 285 547
29 286 548
29 287 549
29 288 550
29 289 551
29 290 552
29 291 553
29 292 554
29 293 555
29 294 556
29 295 557
29 296 558
29 279 559
29 280 560
29 281 561
29 282 562
29 283 563
29 284 564
29 285 565
29 286 566
29 287 567
29 288 568
29 289 569
29 290 570
29 291 571
29 292 572
29 293 573
29 294 574
29 295 575
29 296 576
29 279 577
29 280 578
29 281 579
29 282 580
29 283 581
29 284 582
29 285 583
29 286 584
29 287 585
29 288 586
29 289 587
29 290 588
29 291 589
29 292 590
29 293 591
29 294 592
29 295 593
29 296 594
29 279 595
29 280 596
29 281 597
29 282 598
29 283 599
29 284 600
29 285 601
29 286 602
29 287 603
29 288 604
29 289 605
29 290 606
29 291 607
29 292 608
29 293 609
29 294 610
29 295 611
29 296 612
29 279 613
29 280 614
29 281 615
29 282 616
29 283 617
29 284 618
29 285 619
29 286 620
29 287 621
29 288 622
29 289 623
29 290 624
29 291 625
29 292 626
29 293 627
29 294 628
29 295 629
29 296 630
29 279 631
29 280 632
29 281 633
29 282 634
29 283 635
29 284 636
29 285 637
29 286 638
29 287 639
29 288 640
29 289 641
29 290 642
29 291 643
29 292 644
29 293 645
29 294 646
29 295 647
29 296 648
29 279 649
29 280 650
29 281 651
29 282 652
29 283 653
29 284 654
29 285 655
29 286 656
29 287 657
29 288 658
29 289 659
29 290 660
29 291 661
29 292 662
29 293 663
29 294 664
29 295 665
29 296 666
29 279 667
29 280 668
29 281 669
29 282 670
29 283 671
29 284 672
29 285 673
29 286 674
29 287 675
29 288 676
29 289 677
29 290 678
29 291 679
29 292 680
29 293 681
29 294 682
29 295 683
29 296 684
29 279 685
29 280 686
29 281 687
29 282 688
29 283 689
29 284 690
29 285 691
29 286 692
29 287 693
29 288 694
29 289 695
29 290 696
29 291 697
29 292 698
29 293 699
29 294 700
29 295 701
29 296 702
29 279 703
29 280 704
29 281 705
29 282 706
29 283 707
29 284 708
29 285 709
29 286 710
29 287 711
29 288 712
29 289 713
29 290 714
29 291 715
29 292 716
29 293 717
29 294 718
29 295 719
29 296 720
29 279 721
29 280 722
29 281 723
29 282 724
29 283 725
29 284 726
29 285 727
29 286 728
29 287 729
29 288 730
29 289 731
29 290 732
29 291 733
29 292 734
29 293 735
29 294 736
29 295 737
29 296 738
29 279 739
29 280 740
29 281 741
29 282 742
29 283 743
29 284 744
29 285 745
29 286 746
29 287 747
29 288 748
29 289 749
29 290 750
29 291 751
29 292 752
29 293 753
29 294 754
29 295 755
29 296 756
29 279 757
29 280 758
29 281 759
29 282 760
29 283 761
29 284 762
29 285 763
29 286 764
29 287 765
29 288 766
29 289 767
29 290 768
29 291 769
29 292 770
29 293 771
29 294 772
29 295 773
29 296 774
29 279 775
29 280 776
29 281 777
29 282 778
29 283 779
29 284 780
29 285 781
29 286 782
29 287 783
29 288 784
29 289 785
29 290 786
29 291 787
29 292 788
29 293 789
29 294 790
29 295 791
29 296 792
29 279 793
29 280 794
29 281 795
29 282 796
29 283 797
29 284 798
29 285 799
29 286 800
29 287 801
29 288 802
29 289 803
29 290 804
29 291 805
29 292 806
29 293 807
29 294 808
29 295 809
29 296 810
29 279 811
29 280 812
29 281 813
29 282 814
29 283 815
29 284 816
29 285 817
29 286 818
29 287 819
29 288 820
29 289 821
29 290 822
29 291 823
29 292 824
29 293 825
29 294 826
29 295 827
29 296 828
29 279 829
29 280 830
29 281 831
29 282 832
29 283 833
29 284 834
29 285 835
29 286 836
29 287 837
29 288 838
29 289 839
29 290 840
29 291 841
29 292 842
29 293 843
29 294 844
29 295 845
29 296 846
29 279 847
29 280 848
29 281 849
29 282 850
29 283 851
29 284 852
29 285 853
29 286 854
29 287 855
29 288 856
29 289 857
29 290 858
29 291 859
29 292 860
29 293 861
29 294 862
29 295 863
29 296 864
29 279 865
29 280 866
29 281 867
29 282 868
29 283 869
29 284 870
29 285 871
29 286 872
29 287 873
29 288 874
29 289 875
29 290 876
29 291 877
29 292 878
29 293 879
29 294 880
29 295 881
29 296 882
29 279 883
29 280 884
29 281 885
29 282 886
29 283 887
29 284 888
29 285 889
29 286 890
29 287 891
29 288 892
29 289 893
29 290 894
29 291 895
29 292 896
29 293 897
29 294 898
29 295 899
29 296 900
29 279 901
29 280 902
29 281 903
29 282 904
29 283 905
29 284 906
29 285 907
29 286 908
29 287 909
29 288 910
29 289 911
29 290 912
29 291 913
29 292 914
29 293 915
29 294 916
29 295 917
29 296 918
29 279 919
29 280 920
29 281 921
29 282 922
29 283 923
29 284 924
29 285 925
29 286 926
29 287 927
29 288 928
29 289 929
29 290 930
29 291 931
29 292 932
29 293 933
29 294 934
29 295 935
29 296 936
29 279 937
29 280 938
29 281 939
29 282 940
29 283 941
29 284 942
29 285 943
29 286 944
29 287 945
29 288 946
29 289 947
29 290 948
29 291 949
29 292 950
29 293 951
29 294 952
29 295 953
29 296 954
29 279 955
29 280 956
29 281 957
29 282 958
29 283 959
29 284 960
29 285 961
29 286 962
29 287 963
29 288 964
29 289 965
29 290 966
29 291 967
29 292 968
29 293 969
29 294 970
29 295 971
29 296 972
