159 173 1
160 173 1
159 173 2
160 173 2
159 173 3
160 173 3
159 173 4
160 173 4
159 173 5
160 173 5
159 173 6
160 173 6
159 173 7
160 173 7
159 173 8
160 173 8
159 173 9
160 173 9
159 173 10
160 173 10
159 173 11
160 173 11
159 173 12
160 173 12
159 173 13
160 173 13
159 173 14
160 173 14
159 173 15
160 173 15
159 173 16
160 173 16
159 173 17
160 173 17
159 173 18
160 173 18
159 173 19
160 173 19
159 173 20
160 173 20
159 173 21
160 173 21
159 173 22
160 173 22
159 173 23
160 173 23
159 173 24
160 173 24
159 173 25
160 173 25
159 173 26
160 173 26
159 173 27
160 173 27
159 173 28
160 173 28
159 173 29
160 173 29
159 173 30
160 173 30
159 173 31
160 173 31
159 173 32
160 173 32
159 173 33
160 173 33
159 173 34
160 173 34
159 173 35
160 173 35
159 173 36
160 173 36
159 173 37
160 173 37
159 173 38
160 173 38
159 173 39
160 173 39
159 173 40
160 173 40
159 173 41
160 173 41
159 173 42
160 173 42
159 173 43
160 173 43
159 173 44
160 173 44
159 173 45
160 173 45
159 173 46
160 173 46
159 173 47
160 173 47
159 173 48
160 173 48
159 173 49
160 173 49
159 173 50
160 173 50
159 173 51
160 173 51
159 173 52
160 173 52
159 173 53
160 173 53
159 173 54
160 173 54
159 173 55
160 173 55
159 173 56
160 173 56
159 173 57
160 173 57
159 173 58
160 173 58
159 173 59
160 173 59
159 173 60
160 173 60
159 173 61
160 173 61
159 173 62
160 173 62
159 173 63
160 173 63
159 173 64
160 173 64
159 173 65
160 173 65
159 173 66
160 173 66
159 173 67
160 173 67
159 173 68
160 173 68
159 173 69
160 173 69
159 173 70
160 173 70
159 173 71
160 173 71
159 173 72
160 173 72
159 173 73
160 173 73
159 173 74
160 173 74
159 173 75
160 173 75
159 173 76
160 173 76
159 173 77
160 173 77
159 173 78
160 173 78
159 173 79
160 173 79
159 173 80
160 173 80
159 173 81
160 173 81
159 173 82
160 173 82
159 173 83
160 173 83
159 173 84
160 173 84
159 173 85
160 173 85
159 173 86
160 173 86
159 173 87
160 173 87
159 173 88
160 173 88
159 173 89
160 173 89
159 173 90
160 173 90
159 173 91
160 173 91
159 173 92
160 173 92
159 173 93
160 173 93
159 173 94
160 173 94
159 173 95
160 173 95
159 173 96
160 173 96
159 173 97
160 173 97
159 173 98
160 173 98
159 173 99
160 173 99
159 173 100
160 173 100
159 173 101
160 173 101
159 173 102
160 173 102
159 173 103
160 173 103
159 173 104
160 173 104
159 173 105
160 173 105
159 173 106
160 173 106
159 173 107
160 173 107
159 173 108
160 173 108
159 173 109
160 173 109
159 173 110
160 173 110
159 173 111
160 173 111
159 173 112
160 173 112
159 173 113
160 173 113
159 173 114
160 173 114
159 173 115
160 173 115
159 173 116
160 173 116
159 173 117
160 173 117
159 173 118
160 173 118
159 173 119
160 173 119
159 173 120
160 173 120
159 173 121
160 173 121
159 173 122
160 173 122
