6 14 1
7 14 1
8 14 1
9 14 1
10 14 1
6 14 2
7 14 2
8 14 2
9 14 2
10 14 2
6 14 3
7 14 3
8 14 3
9 14 3
10 14 3
6 14 4
7 14 4
8 14 4
9 14 4
10 14 4
6 14 5
7 14 5
8 14 5
9 14 5
10 14 5
6 14 6
7 14 6
8 14 6
9 14 6
10 14 6
6 14 7
7 14 7
8 14 7
9 14 7
10 14 7
6 14 8
7 14 8
8 14 8
9 14 8
10 14 8
6 14 9
7 14 9
8 14 9
9 14 9
10 14 9
6 14 10
7 14 10
8 14 10
9 14 10
10 14 10
6 14 11
7 14 11
8 14 11
9 14 11
10 14 11
6 14 12
7 14 12
8 14 12
9 14 12
10 14 12
6 14 13
7 14 13
8 14 13
9 14 13
10 14 13
6 14 14
7 14 14
8 14 14
9 14 14
10 14 14
6 14 15
7 14 15
8 14 15
9 14 15
10 14 15
6 14 16
7 14 16
8 14 16
9 14 16
10 14 16
6 14 17
7 14 17
8 14 17
9 14 17
10 14 17
6 14 18
7 14 18
8 14 18
9 14 18
10 14 18
6 14 19
7 14 19
8 14 19
9 14 19
10 14 19
6 14 20
7 14 20
8 14 20
9 14 20
10 14 20
6 14 21
7 14 21
8 14 21
9 14 21
10 14 21
6 14 22
7 14 22
8 14 22
9 14 22
10 14 22
6 14 23
7 14 23
8 14 23
9 14 23
10 14 23
6 14 24
7 14 24
8 14 24
9 14 24
10 14 24
6 14 25
7 14 25
8 14 25
9 14 25
10 14 25
6 14 26
7 14 26
8 14 26
9 14 26
10 14 26
6 14 27
7 14 27
8 14 27
9 14 27
10 14 27
6 14 28
7 14 28
8 14 28
9 14 28
10 14 28
6 14 29
7 14 29
8 14 29
9 14 29
10 14 29
6 14 30
7 14 30
8 14 30
9 14 30
10 14 30
6 14 31
7 14 31
8 14 31
9 14 31
10 14 31
6 14 32
7 14 32
8 14 32
9 14 32
10 14 32
6 14 33
7 14 33
8 14 33
9 14 33
10 14 33
6 14 34
7 14 34
8 14 34
9 14 34
10 14 34
6 14 35
7 14 35
8 14 35
9 14 35
10 14 35
6 14 36
7 14 36
8 14 36
9 14 36
10 14 36
6 14 37
7 14 37
8 14 37
9 14 37
10 14 37
6 14 38
7 14 38
8 14 38
9 14 38
10 14 38
6 14 39
7 14 39
8 14 39
9 14 39
10 14 39
6 14 40
7 14 40
8 14 40
9 14 40
10 14 40
6 14 41
7 14 41
8 14 41
9 14 41
10 14 41
6 14 42
7 14 42
8 14 42
9 14 42
10 14 42
6 14 43
7 14 43
8 14 43
9 14 43
10 14 43
6 14 44
7 14 44
8 14 44
9 14 44
10 14 44
6 14 45
7 14 45
8 14 45
9 14 45
10 14 45
6 14 46
7 14 46
8 14 46
9 14 46
10 14 46
6 14 47
7 14 47
8 14 47
9 14 47
10 14 47
6 14 48
7 14 48
8 14 48
9 14 48
10 14 48
6 14 49
7 14 49
8 14 49
9 14 49
10 14 49
