279 280 2
279 281 3
279 282 4
279 283 5
279 280 7
279 281 8
279 282 9
279 283 10
279 280 12
279 281 13
279 282 14
279 283 15
279 280 17
279 281 18
279 282 19
279 283 20
279 280 22
279 281 23
279 282 24
279 283 25
279 280 27
279 281 28
279 282 29
279 283 30
279 280 32
279 281 33
279 282 34
279 283 35
279 280 37
279 281 38
279 282 39
279 283 40
279 280 42
279 281 43
279 282 44
279 283 45
279 280 47
279 281 48
279 282 49
279 283 50
279 280 52
279 281 53
279 282 54
279 283 55
279 280 57
279 281 58
279 282 59
279 283 60
279 280 62
279 281 63
279 282 64
279 283 65
279 280 67
279 281 68
279 282 69
279 283 70
279 280 72
279 281 73
279 282 74
279 283 75
279 280 77
279 281 78
279 282 79
279 283 80
279 280 82
279 281 83
279 282 84
279 283 85
279 280 87
279 281 88
279 282 89
279 283 90
279 280 92
279 281 93
279 282 94
279 283 95
279 280 97
279 281 98
279 282 99
279 283 100
279 280 102
279 281 103
279 282 104
279 283 105
279 280 107
279 281 108
279 282 109
279 283 110
279 280 112
279 281 113
279 282 114
279 283 115
279 280 117
279 281 118
279 282 119
279 283 120
279 280 122
279 281 123
279 282 124
279 283 125
279 280 127
279 281 128
279 282 129
279 283 130
279 280 132
279 281 133
279 282 134
279 283 135
279 280 137
279 281 138
279 282 139
279 283 140
279 280 142
279 281 143
279 282 144
279 283 145
279 280 147
279 281 148
279 282 149
279 283 150
279 280 152
279 281 153
279 282 154
279 283 155
279 280 157
279 281 158
279 282 159
279 283 160
279 280 162
279 281 163
279 282 164
279 283 165
279 280 167
279 281 168
279 282 169
279 283 170
279 280 172
279 281 173
279 282 174
279 283 175
279 280 177
279 281 178
279 282 179
279 283 180
279 280 182
279 281 183
279 282 184
279 283 185
279 280 187
279 281 188
279 282 189
279 283 190
279 280 192
279 281 193
279 282 194
279 283 195
279 280 197
279 281 198
279 282 199
279 283 200
279 280 202
279 281 203
279 282 204
279 283 205
279 280 207
279 281 208
279 282 209
279 283 210
279 280 212
279 281 213
279 282 214
279 283 215
279 280 217
279 281 218
279 282 219
279 283 220
279 280 222
279 281 223
279 282 224
279 283 225
279 280 227
279 281 228
279 282 229
279 283 230
279 280 232
279 281 233
279 282 234
279 283 235
279 280 237
279 281 238
279 282 239
279 283 240
279 280 242
279 281 243
279 282 244
279 283 245
