158 162 1
158 163 2
158 162 3
158 163 4
158 162 5
158 163 6
158 162 7
158 163 8
158 162 9
158 163 10
158 162 11
158 163 12
158 162 13
158 163 14
158 162 15
158 163 16
158 162 17
158 163 18
158 162 19
158 163 20
158 162 21
158 163 22
158 162 23
158 163 24
158 162 25
158 163 26
158 162 27
158 163 28
158 162 29
158 163 30
158 162 31
158 163 32
158 162 33
158 163 34
158 162 35
158 163 36
158 162 37
158 163 38
158 162 39
158 163 40
158 162 41
158 163 42
158 162 43
158 163 44
158 162 45
158 163 46
158 162 47
158 163 48
158 162 49
158 163 50
158 162 51
158 163 52
158 162 53
158 163 54
158 162 55
158 163 56
158 162 57
158 163 58
158 162 59
158 163 60
158 162 61
158 163 62
158 162 63
158 163 64
158 162 65
158 163 66
158 162 67
158 163 68
158 162 69
158 163 70
158 162 71
158 163 72
158 162 73
158 163 74
158 162 75
158 163 76
158 162 77
158 163 78
158 162 79
158 163 80
158 162 81
158 163 82
158 162 83
158 163 84
158 162 85
158 163 86
158 162 87
158 163 88
158 162 89
158 163 90
158 162 91
158 163 92
158 162 93
158 163 94
158 162 95
158 163 96
158 162 97
158 163 98
158 162 99
158 163 100
158 162 101
158 163 102
158 162 103
158 163 104
158 162 105
158 163 106
158 162 107
158 163 108
158 162 109
158 163 110
158 162 111
158 163 112
158 162 113
158 163 114
158 162 115
158 163 116
158 162 117
158 163 118
158 162 119
158 163 120
158 162 121
158 163 122
158 162 123
158 163 124
158 162 125
158 163 126
158 162 127
158 163 128
158 162 129
158 163 130
158 162 131
158 163 132
158 162 133
158 163 134
158 162 135
158 163 136
158 162 137
158 163 138
158 162 139
158 163 140
158 162 141
158 163 142
158 162 143
158 163 144
158 162 145
158 163 146
158 162 147
158 163 148
158 162 149
158 163 150
158 162 151
158 163 152
158 162 153
158 163 154
158 162 155
158 163 156
158 162 157
158 163 158
158 162 159
158 163 160
158 162 161
158 163 162
158 162 163
158 163 164
158 162 165
158 163 166
158 162 167
158 163 168
158 162 169
158 163 170
158 162 171
158 163 172
158 162 173
158 163 174
158 162 175
158 163 176
158 162 177
158 163 178
158 162 179
158 163 180
158 162 181
158 163 182
158 162 183
158 163 184
158 162 185
158 163 186
158 162 187
158 163 188
158 162 189
158 163 190
158 162 191
158 163 192
158 162 193
158 163 194
158 162 195
158 163 196
158 162 197
158 163 198
158 162 199
158 163 200
158 162 201
158 163 202
158 162 203
158 163 204
158 162 205
158 163 206
158 162 207
158 163 208
158 162 209
158 163 210
158 162 211
158 163 212
158 162 213
158 163 214
158 162 215
158 163 216
158 162 217
158 163 218
158 162 219
158 163 220
158 162 221
158 163 222
158 162 223
158 163 224
158 162 225
158 163 226
158 162 227
158 163 228
158 162 229
158 163 230
158 162 231
158 163 232
158 162 233
158 163 234
158 162 235
158 163 236
158 162 237
158 163 238
158 162 239
158 163 240
158 162 241
158 163 242
158 162 243
158 163 244
