138 149 1
139 149 1
138 149 2
139 149 2
138 149 3
139 149 3
138 149 4
139 149 4
138 149 5
139 149 5
138 149 6
139 149 6
138 149 7
139 149 7
138 149 8
139 149 8
138 149 9
139 149 9
138 149 10
139 149 10
138 149 11
139 149 11
138 149 12
139 149 12
138 149 13
139 149 13
138 149 14
139 149 14
138 149 15
139 149 15
138 149 16
139 149 16
138 149 17
139 149 17
138 149 18
139 149 18
138 149 19
139 149 19
138 149 20
139 149 20
138 149 21
139 149 21
138 149 22
139 149 22
138 149 23
139 149 23
138 149 24
139 149 24
138 149 25
139 149 25
138 149 26
139 149 26
138 149 27
139 149 27
138 149 28
139 149 28
138 149 29
139 149 29
138 149 30
139 149 30
138 149 31
139 149 31
138 149 32
139 149 32
138 149 33
139 149 33
138 149 34
139 149 34
138 149 35
139 149 35
138 149 36
139 149 36
138 149 37
139 149 37
138 149 38
139 149 38
138 149 39
139 149 39
138 149 40
139 149 40
138 149 41
139 149 41
138 149 42
139 149 42
138 149 43
139 149 43
138 149 44
139 149 44
138 149 45
139 149 45
138 149 46
139 149 46
138 149 47
139 149 47
138 149 48
139 149 48
138 149 49
139 149 49
138 149 50
139 149 50
138 149 51
139 149 51
138 149 52
139 149 52
138 149 53
139 149 53
138 149 54
139 149 54
138 149 55
139 149 55
138 149 56
139 149 56
138 149 57
139 149 57
138 149 58
139 149 58
138 149 59
139 149 59
138 149 60
139 149 60
138 149 61
139 149 61
138 149 62
139 149 62
138 149 63
139 149 63
138 149 64
139 149 64
138 149 65
139 149 65
138 149 66
139 149 66
138 149 67
139 149 67
138 149 68
139 149 68
138 149 69
139 149 69
138 149 70
139 149 70
138 149 71
139 149 71
138 149 72
139 149 72
138 149 73
139 149 73
138 149 74
139 149 74
138 149 75
139 149 75
138 149 76
139 149 76
138 149 77
139 149 77
138 149 78
139 149 78
138 149 79
139 149 79
138 149 80
139 149 80
138 149 81
139 149 81
138 149 82
139 149 82
138 149 83
139 149 83
138 149 84
139 149 84
138 149 85
139 149 85
138 149 86
139 149 86
138 149 87
139 149 87
138 149 88
139 149 88
138 149 89
139 149 89
138 149 90
139 149 90
138 149 91
139 149 91
138 149 92
139 149 92
138 149 93
139 149 93
138 149 94
139 149 94
138 149 95
139 149 95
138 149 96
139 149 96
138 149 97
139 149 97
138 149 98
139 149 98
138 149 99
139 149 99
138 149 100
139 149 100
138 149 101
139 149 101
138 149 102
139 149 102
138 149 103
139 149 103
138 149 104
139 149 104
138 149 105
139 149 105
138 149 106
139 149 106
138 149 107
139 149 107
138 149 108
139 149 108
138 149 109
139 149 109
138 149 110
139 149 110
138 149 111
139 149 111
138 149 112
139 149 112
138 149 113
139 149 113
138 149 114
139 149 114
138 149 115
139 149 115
138 149 116
139 149 116
138 149 117
139 149 117
138 149 118
139 149 118
138 149 119
139 149 119
138 149 120
139 149 120
138 149 121
139 149 121
138 149 122
139 149 122
