120 126 1
121 126 1
122 126 1
123 126 1
124 126 1
120 127 2
121 127 2
122 127 2
123 127 2
124 127 2
120 128 3
121 128 3
122 128 3
123 128 3
124 128 3
120 129 4
121 129 4
122 129 4
123 129 4
124 129 4
120 130 5
121 130 5
122 130 5
123 130 5
124 130 5
120 126 6
121 126 6
122 126 6
123 126 6
124 126 6
120 127 7
121 127 7
122 127 7
123 127 7
124 127 7
120 128 8
121 128 8
122 128 8
123 128 8
124 128 8
120 129 9
121 129 9
122 129 9
123 129 9
124 129 9
120 130 10
121 130 10
122 130 10
123 130 10
124 130 10
120 126 11
121 126 11
122 126 11
123 126 11
124 126 11
120 127 12
121 127 12
122 127 12
123 127 12
124 127 12
120 128 13
121 128 13
122 128 13
123 128 13
124 128 13
120 129 14
121 129 14
122 129 14
123 129 14
124 129 14
120 130 15
121 130 15
122 130 15
123 130 15
124 130 15
120 126 16
121 126 16
122 126 16
123 126 16
124 126 16
120 127 17
121 127 17
122 127 17
123 127 17
124 127 17
120 128 18
121 128 18
122 128 18
123 128 18
124 128 18
120 129 19
121 129 19
122 129 19
123 129 19
124 129 19
120 130 20
121 130 20
122 130 20
123 130 20
124 130 20
120 126 21
121 126 21
122 126 21
123 126 21
124 126 21
120 127 22
121 127 22
122 127 22
123 127 22
124 127 22
120 128 23
121 128 23
122 128 23
123 128 23
124 128 23
120 129 24
121 129 24
122 129 24
123 129 24
124 129 24
120 130 25
121 130 25
122 130 25
123 130 25
124 130 25
120 126 26
121 126 26
122 126 26
123 126 26
124 126 26
120 127 27
121 127 27
122 127 27
123 127 27
124 127 27
120 128 28
121 128 28
122 128 28
123 128 28
124 128 28
120 129 29
121 129 29
122 129 29
123 129 29
124 129 29
120 130 30
121 130 30
122 130 30
123 130 30
124 130 30
120 126 31
121 126 31
122 126 31
123 126 31
124 126 31
120 127 32
121 127 32
122 127 32
123 127 32
124 127 32
120 128 33
121 128 33
122 128 33
123 128 33
124 128 33
120 129 34
121 129 34
122 129 34
123 129 34
124 129 34
120 130 35
121 130 35
122 130 35
123 130 35
124 130 35
120 126 36
121 126 36
122 126 36
123 126 36
124 126 36
120 127 37
121 127 37
122 127 37
123 127 37
124 127 37
120 128 38
121 128 38
122 128 38
123 128 38
124 128 38
120 129 39
121 129 39
122 129 39
123 129 39
124 129 39
120 130 40
121 130 40
122 130 40
123 130 40
124 130 40
120 126 41
121 126 41
122 126 41
123 126 41
124 126 41
120 127 42
121 127 42
122 127 42
123 127 42
124 127 42
120 128 43
121 128 43
122 128 43
123 128 43
124 128 43
120 129 44
121 129 44
122 129 44
123 129 44
124 129 44
120 130 45
121 130 45
122 130 45
123 130 45
124 130 45
120 126 46
121 126 46
122 126 46
123 126 46
124 126 46
120 127 47
121 127 47
122 127 47
123 127 47
124 127 47
120 128 48
121 128 48
122 128 48
123 128 48
124 128 48
120 129 49
121 129 49
122 129 49
123 129 49
124 129 49
120 130 50
121 130 50
122 130 50
123 130 50
124 130 50
120 126 51
121 126 51
122 126 51
123 126 51
124 126 51
120 127 52
121 127 52
122 127 52
123 127 52
124 127 52
120 128 53
121 128 53
122 128 53
123 128 53
124 128 53
120 129 54
121 129 54
122 129 54
123 129 54
124 129 54
120 130 55
121 130 55
122 130 55
123 130 55
124 130 55
120 126 56
121 126 56
122 126 56
123 126 56
124 126 56
120 127 57
121 127 57
122 127 57
123 127 57
124 127 57
120 128 58
121 128 58
122 128 58
123 128 58
124 128 58
120 129 59
121 129 59
122 129 59
123 129 59
124 129 59
120 130 60
121 130 60
122 130 60
123 130 60
124 130 60
120 126 61
121 126 61
122 126 61
123 126 61
124 126 61
120 127 62
121 127 62
122 127 62
123 127 62
124 127 62
120 128 63
121 128 63
122 128 63
123 128 63
124 128 63
120 129 64
121 129 64
122 129 64
123 129 64
124 129 64
120 130 65
121 130 65
122 130 65
123 130 65
124 130 65
120 126 66
121 126 66
122 126 66
123 126 66
124 126 66
120 127 67
121 127 67
122 127 67
123 127 67
124 127 67
120 128 68
121 128 68
122 128 68
123 128 68
124 128 68
120 129 69
121 129 69
122 129 69
123 129 69
124 129 69
120 130 70
121 130 70
122 130 70
123 130 70
124 130 70
120 126 71
121 126 71
122 126 71
123 126 71
124 126 71
120 127 72
121 127 72
122 127 72
123 127 72
124 127 72
120 128 73
121 128 73
122 128 73
123 128 73
124 128 73
120 129 74
121 129 74
122 129 74
123 129 74
124 129 74
120 130 75
121 130 75
122 130 75
123 130 75
124 130 75
120 126 76
121 126 76
122 126 76
123 126 76
124 126 76
120 127 77
121 127 77
122 127 77
123 127 77
124 127 77
120 128 78
121 128 78
122 128 78
123 128 78
124 128 78
120 129 79
121 129 79
122 129 79
123 129 79
124 129 79
120 130 80
121 130 80
122 130 80
123 130 80
124 130 80
120 126 81
121 126 81
122 126 81
123 126 81
124 126 81
120 127 82
121 127 82
122 127 82
123 127 82
124 127 82
120 128 83
121 128 83
122 128 83
123 128 83
124 128 83
120 129 84
121 129 84
122 129 84
123 129 84
124 129 84
120 130 85
121 130 85
122 130 85
123 130 85
124 130 85
120 126 86
121 126 86
122 126 86
123 126 86
124 126 86
120 127 87
121 127 87
122 127 87
123 127 87
124 127 87
120 128 88
121 128 88
122 128 88
123 128 88
124 128 88
120 129 89
121 129 89
122 129 89
123 129 89
124 129 89
120 130 90
121 130 90
122 130 90
123 130 90
124 130 90
120 126 91
121 126 91
122 126 91
123 126 91
124 126 91
120 127 92
121 127 92
122 127 92
123 127 92
124 127 92
120 128 93
121 128 93
122 128 93
123 128 93
124 128 93
120 129 94
121 129 94
122 129 94
123 129 94
124 129 94
120 130 95
121 130 95
122 130 95
123 130 95
124 130 95
120 126 96
121 126 96
122 126 96
123 126 96
124 126 96
120 127 97
121 127 97
122 127 97
123 127 97
124 127 97
120 128 98
121 128 98
122 128 98
123 128 98
124 128 98
120 129 99
121 129 99
122 129 99
123 129 99
124 129 99
120 130 100
121 130 100
122 130 100
123 130 100
124 130 100
120 126 101
121 126 101
122 126 101
123 126 101
124 126 101
120 127 102
121 127 102
122 127 102
123 127 102
124 127 102
120 128 103
121 128 103
122 128 103
123 128 103
124 128 103
120 129 104
121 129 104
122 129 104
123 129 104
124 129 104
120 130 105
121 130 105
122 130 105
123 130 105
124 130 105
120 126 106
121 126 106
122 126 106
123 126 106
124 126 106
120 127 107
121 127 107
122 127 107
123 127 107
124 127 107
120 128 108
121 128 108
122 128 108
123 128 108
124 128 108
120 129 109
121 129 109
122 129 109
123 129 109
124 129 109
120 130 110
121 130 110
122 130 110
123 130 110
124 130 110
120 126 111
121 126 111
122 126 111
123 126 111
124 126 111
120 127 112
121 127 112
122 127 112
123 127 112
124 127 112
120 128 113
121 128 113
122 128 113
123 128 113
124 128 113
120 129 114
121 129 114
122 129 114
123 129 114
124 129 114
120 130 115
121 130 115
122 130 115
123 130 115
124 130 115
120 126 116
121 126 116
122 126 116
123 126 116
124 126 116
120 127 117
121 127 117
122 127 117
123 127 117
124 127 117
120 128 118
121 128 118
122 128 118
123 128 118
124 128 118
120 129 119
121 129 119
122 129 119
123 129 119
124 129 119
120 130 120
121 130 120
122 130 120
123 130 120
124 130 120
120 126 121
121 126 121
122 126 121
123 126 121
124 126 121
120 127 122
121 127 122
122 127 122
123 127 122
124 127 122
120 128 123
121 128 123
122 128 123
123 128 123
124 128 123
120 129 124
121 129 124
122 129 124
123 129 124
124 129 124
120 130 125
121 130 125
122 130 125
123 130 125
124 130 125
120 126 126
121 126 126
122 126 126
123 126 126
124 126 126
120 127 127
121 127 127
122 127 127
123 127 127
124 127 127
120 128 128
121 128 128
122 128 128
123 128 128
124 128 128
120 129 129
121 129 129
122 129 129
123 129 129
124 129 129
120 130 130
121 130 130
122 130 130
123 130 130
124 130 130
120 126 131
121 126 131
122 126 131
123 126 131
124 126 131
120 127 132
121 127 132
122 127 132
123 127 132
124 127 132
120 128 133
121 128 133
122 128 133
123 128 133
124 128 133
120 129 134
121 129 134
122 129 134
123 129 134
124 129 134
120 130 135
121 130 135
122 130 135
123 130 135
124 130 135
120 126 136
121 126 136
122 126 136
123 126 136
124 126 136
120 127 137
121 127 137
122 127 137
123 127 137
124 127 137
120 128 138
121 128 138
122 128 138
123 128 138
124 128 138
120 129 139
121 129 139
122 129 139
123 129 139
124 129 139
120 130 140
121 130 140
122 130 140
123 130 140
124 130 140
120 126 141
121 126 141
122 126 141
123 126 141
124 126 141
120 127 142
121 127 142
122 127 142
123 127 142
124 127 142
120 128 143
121 128 143
122 128 143
123 128 143
124 128 143
120 129 144
121 129 144
122 129 144
123 129 144
124 129 144
120 130 145
121 130 145
122 130 145
123 130 145
124 130 145
120 126 146
121 126 146
122 126 146
123 126 146
124 126 146
120 127 147
121 127 147
122 127 147
123 127 147
124 127 147
120 128 148
121 128 148
122 128 148
123 128 148
124 128 148
120 129 149
121 129 149
122 129 149
123 129 149
124 129 149
120 130 150
121 130 150
122 130 150
123 130 150
124 130 150
120 126 151
121 126 151
122 126 151
123 126 151
124 126 151
120 127 152
121 127 152
122 127 152
123 127 152
124 127 152
120 128 153
121 128 153
122 128 153
123 128 153
124 128 153
120 129 154
121 129 154
122 129 154
123 129 154
124 129 154
120 130 155
121 130 155
122 130 155
123 130 155
124 130 155
120 126 156
121 126 156
122 126 156
123 126 156
124 126 156
120 127 157
121 127 157
122 127 157
123 127 157
124 127 157
120 128 158
121 128 158
122 128 158
123 128 158
124 128 158
120 129 159
121 129 159
122 129 159
123 129 159
124 129 159
120 130 160
121 130 160
122 130 160
123 130 160
124 130 160
120 126 161
121 126 161
122 126 161
123 126 161
124 126 161
120 127 162
121 127 162
122 127 162
123 127 162
124 127 162
120 128 163
121 128 163
122 128 163
123 128 163
124 128 163
120 129 164
121 129 164
122 129 164
123 129 164
124 129 164
120 130 165
121 130 165
122 130 165
123 130 165
124 130 165
120 126 166
121 126 166
122 126 166
123 126 166
124 126 166
120 127 167
121 127 167
122 127 167
123 127 167
124 127 167
120 128 168
121 128 168
122 128 168
123 128 168
124 128 168
120 129 169
121 129 169
122 129 169
123 129 169
124 129 169
120 130 170
121 130 170
122 130 170
123 130 170
124 130 170
120 126 171
121 126 171
122 126 171
123 126 171
124 126 171
120 127 172
121 127 172
122 127 172
123 127 172
124 127 172
120 128 173
121 128 173
122 128 173
123 128 173
124 128 173
120 129 174
121 129 174
122 129 174
123 129 174
124 129 174
120 130 175
121 130 175
122 130 175
123 130 175
124 130 175
120 126 176
121 126 176
122 126 176
123 126 176
124 126 176
120 127 177
121 127 177
122 127 177
123 127 177
124 127 177
120 128 178
121 128 178
122 128 178
123 128 178
124 128 178
120 129 179
121 129 179
122 129 179
123 129 179
124 129 179
120 130 180
121 130 180
122 130 180
123 130 180
124 130 180
120 126 181
121 126 181
122 126 181
123 126 181
124 126 181
120 127 182
121 127 182
122 127 182
123 127 182
124 127 182
120 128 183
121 128 183
122 128 183
123 128 183
124 128 183
120 129 184
121 129 184
122 129 184
123 129 184
124 129 184
120 130 185
121 130 185
122 130 185
123 130 185
124 130 185
120 126 186
121 126 186
122 126 186
123 126 186
124 126 186
120 127 187
121 127 187
122 127 187
123 127 187
124 127 187
120 128 188
121 128 188
122 128 188
123 128 188
124 128 188
120 129 189
121 129 189
122 129 189
123 129 189
124 129 189
120 130 190
121 130 190
122 130 190
123 130 190
124 130 190
120 126 191
121 126 191
122 126 191
123 126 191
124 126 191
120 127 192
121 127 192
122 127 192
123 127 192
124 127 192
120 128 193
121 128 193
122 128 193
123 128 193
124 128 193
120 129 194
121 129 194
122 129 194
123 129 194
124 129 194
120 130 195
121 130 195
122 130 195
123 130 195
124 130 195
