71 279 1
71 280 2
71 281 3
71 282 4
71 283 5
71 279 6
71 280 7
71 281 8
71 282 9
71 283 10
71 279 11
71 280 12
71 281 13
71 282 14
71 283 15
71 279 16
71 280 17
71 281 18
71 282 19
71 283 20
71 279 21
71 280 22
71 281 23
71 282 24
71 283 25
71 279 26
71 280 27
71 281 28
71 282 29
71 283 30
71 279 31
71 280 32
71 281 33
71 282 34
71 283 35
71 279 36
71 280 37
71 281 38
71 282 39
71 283 40
71 279 41
71 280 42
71 281 43
71 282 44
71 283 45
71 279 46
71 280 47
71 281 48
71 282 49
71 283 50
71 279 51
71 280 52
71 281 53
71 282 54
71 283 55
71 279 56
71 280 57
71 281 58
71 282 59
71 283 60
71 279 61
71 280 62
71 281 63
71 282 64
71 283 65
71 279 66
71 280 67
71 281 68
71 282 69
71 283 70
71 279 71
71 280 72
71 281 73
71 282 74
71 283 75
71 279 76
71 280 77
71 281 78
71 282 79
71 283 80
71 279 81
71 280 82
71 281 83
71 282 84
71 283 85
71 279 86
71 280 87
71 281 88
71 282 89
71 283 90
71 279 91
71 280 92
71 281 93
71 282 94
71 283 95
71 279 96
71 280 97
71 281 98
71 282 99
71 283 100
71 279 101
71 280 102
71 281 103
71 282 104
71 283 105
71 279 106
71 280 107
71 281 108
71 282 109
71 283 110
71 279 111
71 280 112
71 281 113
71 282 114
71 283 115
71 279 116
71 280 117
71 281 118
71 282 119
71 283 120
71 279 121
71 280 122
71 281 123
71 282 124
71 283 125
71 279 126
71 280 127
71 281 128
71 282 129
71 283 130
71 279 131
71 280 132
71 281 133
71 282 134
71 283 135
71 279 136
71 280 137
71 281 138
71 282 139
71 283 140
71 279 141
71 280 142
71 281 143
71 282 144
71 283 145
71 279 146
71 280 147
71 281 148
71 282 149
71 283 150
71 279 151
71 280 152
71 281 153
71 282 154
71 283 155
71 279 156
71 280 157
71 281 158
71 282 159
71 283 160
71 279 161
71 280 162
71 281 163
71 282 164
71 283 165
71 279 166
71 280 167
71 281 168
71 282 169
71 283 170
71 279 171
71 280 172
71 281 173
71 282 174
71 283 175
71 279 176
71 280 177
71 281 178
71 282 179
71 283 180
71 279 181
71 280 182
71 281 183
71 282 184
71 283 185
71 279 186
71 280 187
71 281 188
71 282 189
71 283 190
71 279 191
71 280 192
71 281 193
71 282 194
71 283 195
71 279 196
71 280 197
71 281 198
71 282 199
71 283 200
71 279 201
71 280 202
71 281 203
71 282 204
71 283 205
71 279 206
71 280 207
71 281 208
71 282 209
71 283 210
71 279 211
71 280 212
71 281 213
71 282 214
71 283 215
71 279 216
71 280 217
71 281 218
71 282 219
71 283 220
71 279 221
71 280 222
71 281 223
71 282 224
71 283 225
71 279 226
71 280 227
71 281 228
71 282 229
71 283 230
71 279 231
71 280 232
71 281 233
71 282 234
71 283 235
71 279 236
71 280 237
71 281 238
71 282 239
71 283 240
71 279 241
71 280 242
71 281 243
71 282 244
71 283 245
