38 279 1
38 280 2
38 281 3
38 282 4
38 283 5
38 279 6
38 280 7
38 281 8
38 282 9
38 283 10
38 279 11
38 280 12
38 281 13
38 282 14
38 283 15
38 279 16
38 280 17
38 281 18
38 282 19
38 283 20
38 279 21
38 280 22
38 281 23
38 282 24
38 283 25
38 279 26
38 280 27
38 281 28
38 282 29
38 283 30
38 279 31
38 280 32
38 281 33
38 282 34
38 283 35
38 279 36
38 280 37
38 281 38
38 282 39
38 283 40
38 279 41
38 280 42
38 281 43
38 282 44
38 283 45
38 279 46
38 280 47
38 281 48
38 282 49
38 283 50
38 279 51
38 280 52
38 281 53
38 282 54
38 283 55
38 279 56
38 280 57
38 281 58
38 282 59
38 283 60
38 279 61
38 280 62
38 281 63
38 282 64
38 283 65
38 279 66
38 280 67
38 281 68
38 282 69
38 283 70
38 279 71
38 280 72
38 281 73
38 282 74
38 283 75
38 279 76
38 280 77
38 281 78
38 282 79
38 283 80
38 279 81
38 280 82
38 281 83
38 282 84
38 283 85
38 279 86
38 280 87
38 281 88
38 282 89
38 283 90
38 279 91
38 280 92
38 281 93
38 282 94
38 283 95
38 279 96
38 280 97
38 281 98
38 282 99
38 283 100
38 279 101
38 280 102
38 281 103
38 282 104
38 283 105
38 279 106
38 280 107
38 281 108
38 282 109
38 283 110
38 279 111
38 280 112
38 281 113
38 282 114
38 283 115
38 279 116
38 280 117
38 281 118
38 282 119
38 283 120
38 279 121
38 280 122
38 281 123
38 282 124
38 283 125
38 279 126
38 280 127
38 281 128
38 282 129
38 283 130
38 279 131
38 280 132
38 281 133
38 282 134
38 283 135
38 279 136
38 280 137
38 281 138
38 282 139
38 283 140
38 279 141
38 280 142
38 281 143
38 282 144
38 283 145
38 279 146
38 280 147
38 281 148
38 282 149
38 283 150
38 279 151
38 280 152
38 281 153
38 282 154
38 283 155
38 279 156
38 280 157
38 281 158
38 282 159
38 283 160
38 279 161
38 280 162
38 281 163
38 282 164
38 283 165
38 279 166
38 280 167
38 281 168
38 282 169
38 283 170
38 279 171
38 280 172
38 281 173
38 282 174
38 283 175
38 279 176
38 280 177
38 281 178
38 282 179
38 283 180
38 279 181
38 280 182
38 281 183
38 282 184
38 283 185
38 279 186
38 280 187
38 281 188
38 282 189
38 283 190
38 279 191
38 280 192
38 281 193
38 282 194
38 283 195
38 279 196
38 280 197
38 281 198
38 282 199
38 283 200
38 279 201
38 280 202
38 281 203
38 282 204
38 283 205
38 279 206
38 280 207
38 281 208
38 282 209
38 283 210
38 279 211
38 280 212
38 281 213
38 282 214
38 283 215
38 279 216
38 280 217
38 281 218
38 282 219
38 283 220
38 279 221
38 280 222
38 281 223
38 282 224
38 283 225
38 279 226
38 280 227
38 281 228
38 282 229
38 283 230
38 279 231
38 280 232
38 281 233
38 282 234
38 283 235
38 279 236
38 280 237
38 281 238
38 282 239
38 283 240
38 279 241
38 280 242
38 281 243
38 282 244
38 283 245
