158 279 1
158 280 2
158 281 3
158 282 4
158 283 5
158 279 6
158 280 7
158 281 8
158 282 9
158 283 10
158 279 11
158 280 12
158 281 13
158 282 14
158 283 15
158 279 16
158 280 17
158 281 18
158 282 19
158 283 20
158 279 21
158 280 22
158 281 23
158 282 24
158 283 25
158 279 26
158 280 27
158 281 28
158 282 29
158 283 30
158 279 31
158 280 32
158 281 33
158 282 34
158 283 35
158 279 36
158 280 37
158 281 38
158 282 39
158 283 40
158 279 41
158 280 42
158 281 43
158 282 44
158 283 45
158 279 46
158 280 47
158 281 48
158 282 49
158 283 50
158 279 51
158 280 52
158 281 53
158 282 54
158 283 55
158 279 56
158 280 57
158 281 58
158 282 59
158 283 60
158 279 61
158 280 62
158 281 63
158 282 64
158 283 65
158 279 66
158 280 67
158 281 68
158 282 69
158 283 70
158 279 71
158 280 72
158 281 73
158 282 74
158 283 75
158 279 76
158 280 77
158 281 78
158 282 79
158 283 80
158 279 81
158 280 82
158 281 83
158 282 84
158 283 85
158 279 86
158 280 87
158 281 88
158 282 89
158 283 90
158 279 91
158 280 92
158 281 93
158 282 94
158 283 95
158 279 96
158 280 97
158 281 98
158 282 99
158 283 100
158 279 101
158 280 102
158 281 103
158 282 104
158 283 105
158 279 106
158 280 107
158 281 108
158 282 109
158 283 110
158 279 111
158 280 112
158 281 113
158 282 114
158 283 115
158 279 116
158 280 117
158 281 118
158 282 119
158 283 120
158 279 121
158 280 122
158 281 123
158 282 124
158 283 125
158 279 126
158 280 127
158 281 128
158 282 129
158 283 130
158 279 131
158 280 132
158 281 133
158 282 134
158 283 135
158 279 136
158 280 137
158 281 138
158 282 139
158 283 140
158 279 141
158 280 142
158 281 143
158 282 144
158 283 145
158 279 146
158 280 147
158 281 148
158 282 149
158 283 150
158 279 151
158 280 152
158 281 153
158 282 154
158 283 155
158 279 156
158 280 157
158 281 158
158 282 159
158 283 160
158 279 161
158 280 162
158 281 163
158 282 164
158 283 165
158 279 166
158 280 167
158 281 168
158 282 169
158 283 170
158 279 171
158 280 172
158 281 173
158 282 174
158 283 175
158 279 176
158 280 177
158 281 178
158 282 179
158 283 180
158 279 181
158 280 182
158 281 183
158 282 184
158 283 185
158 279 186
158 280 187
158 281 188
158 282 189
158 283 190
158 279 191
158 280 192
158 281 193
158 282 194
158 283 195
158 279 196
158 280 197
158 281 198
158 282 199
158 283 200
158 279 201
158 280 202
158 281 203
158 282 204
158 283 205
158 279 206
158 280 207
158 281 208
158 282 209
158 283 210
158 279 211
158 280 212
158 281 213
158 282 214
158 283 215
158 279 216
158 280 217
158 281 218
158 282 219
158 283 220
158 279 221
158 280 222
158 281 223
158 282 224
158 283 225
158 279 226
158 280 227
158 281 228
158 282 229
158 283 230
158 279 231
158 280 232
158 281 233
158 282 234
158 283 235
158 279 236
158 280 237
158 281 238
158 282 239
158 283 240
158 279 241
158 280 242
158 281 243
158 282 244
158 283 245
