14 279 1
14 280 2
14 281 3
14 282 4
14 283 5
14 279 6
14 280 7
14 281 8
14 282 9
14 283 10
14 279 11
14 280 12
14 281 13
14 282 14
14 283 15
14 279 16
14 280 17
14 281 18
14 282 19
14 283 20
14 279 21
14 280 22
14 281 23
14 282 24
14 283 25
14 279 26
14 280 27
14 281 28
14 282 29
14 283 30
14 279 31
14 280 32
14 281 33
14 282 34
14 283 35
14 279 36
14 280 37
14 281 38
14 282 39
14 283 40
14 279 41
14 280 42
14 281 43
14 282 44
14 283 45
14 279 46
14 280 47
14 281 48
14 282 49
14 283 50
14 279 51
14 280 52
14 281 53
14 282 54
14 283 55
14 279 56
14 280 57
14 281 58
14 282 59
14 283 60
14 279 61
14 280 62
14 281 63
14 282 64
14 283 65
14 279 66
14 280 67
14 281 68
14 282 69
14 283 70
14 279 71
14 280 72
14 281 73
14 282 74
14 283 75
14 279 76
14 280 77
14 281 78
14 282 79
14 283 80
14 279 81
14 280 82
14 281 83
14 282 84
14 283 85
14 279 86
14 280 87
14 281 88
14 282 89
14 283 90
14 279 91
14 280 92
14 281 93
14 282 94
14 283 95
14 279 96
14 280 97
14 281 98
14 282 99
14 283 100
14 279 101
14 280 102
14 281 103
14 282 104
14 283 105
14 279 106
14 280 107
14 281 108
14 282 109
14 283 110
14 279 111
14 280 112
14 281 113
14 282 114
14 283 115
14 279 116
14 280 117
14 281 118
14 282 119
14 283 120
14 279 121
14 280 122
14 281 123
14 282 124
14 283 125
14 279 126
14 280 127
14 281 128
14 282 129
14 283 130
14 279 131
14 280 132
14 281 133
14 282 134
14 283 135
14 279 136
14 280 137
14 281 138
14 282 139
14 283 140
14 279 141
14 280 142
14 281 143
14 282 144
14 283 145
14 279 146
14 280 147
14 281 148
14 282 149
14 283 150
14 279 151
14 280 152
14 281 153
14 282 154
14 283 155
14 279 156
14 280 157
14 281 158
14 282 159
14 283 160
14 279 161
14 280 162
14 281 163
14 282 164
14 283 165
14 279 166
14 280 167
14 281 168
14 282 169
14 283 170
14 279 171
14 280 172
14 281 173
14 282 174
14 283 175
14 279 176
14 280 177
14 281 178
14 282 179
14 283 180
14 279 181
14 280 182
14 281 183
14 282 184
14 283 185
14 279 186
14 280 187
14 281 188
14 282 189
14 283 190
14 279 191
14 280 192
14 281 193
14 282 194
14 283 195
14 279 196
14 280 197
14 281 198
14 282 199
14 283 200
14 279 201
14 280 202
14 281 203
14 282 204
14 283 205
14 279 206
14 280 207
14 281 208
14 282 209
14 283 210
14 279 211
14 280 212
14 281 213
14 282 214
14 283 215
14 279 216
14 280 217
14 281 218
14 282 219
14 283 220
14 279 221
14 280 222
14 281 223
14 282 224
14 283 225
14 279 226
14 280 227
14 281 228
14 282 229
14 283 230
14 279 231
14 280 232
14 281 233
14 282 234
14 283 235
14 279 236
14 280 237
14 281 238
14 282 239
14 283 240
14 279 241
14 280 242
14 281 243
14 282 244
14 283 245
