264 270 1
265 270 1
266 270 1
267 270 1
268 270 1
264 271 2
265 271 2
266 271 2
267 271 2
268 271 2
264 272 3
265 272 3
266 272 3
267 272 3
268 272 3
264 273 4
265 273 4
266 273 4
267 273 4
268 273 4
264 274 5
265 274 5
266 274 5
267 274 5
268 274 5
264 270 6
265 270 6
266 270 6
267 270 6
268 270 6
264 271 7
265 271 7
266 271 7
267 271 7
268 271 7
264 272 8
265 272 8
266 272 8
267 272 8
268 272 8
264 273 9
265 273 9
266 273 9
267 273 9
268 273 9
264 274 10
265 274 10
266 274 10
267 274 10
268 274 10
264 270 11
265 270 11
266 270 11
267 270 11
268 270 11
264 271 12
265 271 12
266 271 12
267 271 12
268 271 12
264 272 13
265 272 13
266 272 13
267 272 13
268 272 13
264 273 14
265 273 14
266 273 14
267 273 14
268 273 14
264 274 15
265 274 15
266 274 15
267 274 15
268 274 15
264 270 16
265 270 16
266 270 16
267 270 16
268 270 16
264 271 17
265 271 17
266 271 17
267 271 17
268 271 17
264 272 18
265 272 18
266 272 18
267 272 18
268 272 18
264 273 19
265 273 19
266 273 19
267 273 19
268 273 19
264 274 20
265 274 20
266 274 20
267 274 20
268 274 20
264 270 21
265 270 21
266 270 21
267 270 21
268 270 21
264 271 22
265 271 22
266 271 22
267 271 22
268 271 22
264 272 23
265 272 23
266 272 23
267 272 23
268 272 23
264 273 24
265 273 24
266 273 24
267 273 24
268 273 24
264 274 25
265 274 25
266 274 25
267 274 25
268 274 25
264 270 26
265 270 26
266 270 26
267 270 26
268 270 26
264 271 27
265 271 27
266 271 27
267 271 27
268 271 27
264 272 28
265 272 28
266 272 28
267 272 28
268 272 28
264 273 29
265 273 29
266 273 29
267 273 29
268 273 29
264 274 30
265 274 30
266 274 30
267 274 30
268 274 30
264 270 31
265 270 31
266 270 31
267 270 31
268 270 31
264 271 32
265 271 32
266 271 32
267 271 32
268 271 32
264 272 33
265 272 33
266 272 33
267 272 33
268 272 33
264 273 34
265 273 34
266 273 34
267 273 34
268 273 34
264 274 35
265 274 35
266 274 35
267 274 35
268 274 35
264 270 36
265 270 36
266 270 36
267 270 36
268 270 36
264 271 37
265 271 37
266 271 37
267 271 37
268 271 37
264 272 38
265 272 38
266 272 38
267 272 38
268 272 38
264 273 39
265 273 39
266 273 39
267 273 39
268 273 39
264 274 40
265 274 40
266 274 40
267 274 40
268 274 40
264 270 41
265 270 41
266 270 41
267 270 41
268 270 41
264 271 42
265 271 42
266 271 42
267 271 42
268 271 42
264 272 43
265 272 43
266 272 43
267 272 43
268 272 43
264 273 44
265 273 44
266 273 44
267 273 44
268 273 44
264 274 45
265 274 45
266 274 45
267 274 45
268 274 45
264 270 46
265 270 46
266 270 46
267 270 46
268 270 46
264 271 47
265 271 47
266 271 47
267 271 47
268 271 47
264 272 48
265 272 48
266 272 48
267 272 48
268 272 48
264 273 49
265 273 49
266 273 49
267 273 49
268 273 49
264 274 50
265 274 50
266 274 50
267 274 50
268 274 50
264 270 51
265 270 51
266 270 51
267 270 51
268 270 51
264 271 52
265 271 52
266 271 52
267 271 52
268 271 52
264 272 53
265 272 53
266 272 53
267 272 53
268 272 53
264 273 54
265 273 54
266 273 54
267 273 54
268 273 54
264 274 55
265 274 55
266 274 55
267 274 55
268 274 55
264 270 56
265 270 56
266 270 56
267 270 56
268 270 56
264 271 57
265 271 57
266 271 57
267 271 57
268 271 57
264 272 58
265 272 58
266 272 58
267 272 58
268 272 58
264 273 59
265 273 59
266 273 59
267 273 59
268 273 59
264 274 60
265 274 60
266 274 60
267 274 60
268 274 60
264 270 61
265 270 61
266 270 61
267 270 61
268 270 61
264 271 62
265 271 62
266 271 62
267 271 62
268 271 62
264 272 63
265 272 63
266 272 63
267 272 63
268 272 63
264 273 64
265 273 64
266 273 64
267 273 64
268 273 64
264 274 65
265 274 65
266 274 65
267 274 65
268 274 65
264 270 66
265 270 66
266 270 66
267 270 66
268 270 66
264 271 67
265 271 67
266 271 67
267 271 67
268 271 67
264 272 68
265 272 68
266 272 68
267 272 68
268 272 68
264 273 69
265 273 69
266 273 69
267 273 69
268 273 69
264 274 70
265 274 70
266 274 70
267 274 70
268 274 70
264 270 71
265 270 71
266 270 71
267 270 71
268 270 71
264 271 72
265 271 72
266 271 72
267 271 72
268 271 72
264 272 73
265 272 73
266 272 73
267 272 73
268 272 73
264 273 74
265 273 74
266 273 74
267 273 74
268 273 74
264 274 75
265 274 75
266 274 75
267 274 75
268 274 75
264 270 76
265 270 76
266 270 76
267 270 76
268 270 76
264 271 77
265 271 77
266 271 77
267 271 77
268 271 77
264 272 78
265 272 78
266 272 78
267 272 78
268 272 78
264 273 79
265 273 79
266 273 79
267 273 79
268 273 79
264 274 80
265 274 80
266 274 80
267 274 80
268 274 80
264 270 81
265 270 81
266 270 81
267 270 81
268 270 81
264 271 82
265 271 82
266 271 82
267 271 82
268 271 82
264 272 83
265 272 83
266 272 83
267 272 83
268 272 83
264 273 84
265 273 84
266 273 84
267 273 84
268 273 84
264 274 85
265 274 85
266 274 85
267 274 85
268 274 85
264 270 86
265 270 86
266 270 86
267 270 86
268 270 86
264 271 87
265 271 87
266 271 87
267 271 87
268 271 87
264 272 88
265 272 88
266 272 88
267 272 88
268 272 88
264 273 89
265 273 89
266 273 89
267 273 89
268 273 89
264 274 90
265 274 90
266 274 90
267 274 90
268 274 90
264 270 91
265 270 91
266 270 91
267 270 91
268 270 91
264 271 92
265 271 92
266 271 92
267 271 92
268 271 92
264 272 93
265 272 93
266 272 93
267 272 93
268 272 93
264 273 94
265 273 94
266 273 94
267 273 94
268 273 94
264 274 95
265 274 95
266 274 95
267 274 95
268 274 95
264 270 96
265 270 96
266 270 96
267 270 96
268 270 96
264 271 97
265 271 97
266 271 97
267 271 97
268 271 97
264 272 98
265 272 98
266 272 98
267 272 98
268 272 98
264 273 99
265 273 99
266 273 99
267 273 99
268 273 99
264 274 100
265 274 100
266 274 100
267 274 100
268 274 100
264 270 101
265 270 101
266 270 101
267 270 101
268 270 101
264 271 102
265 271 102
266 271 102
267 271 102
268 271 102
264 272 103
265 272 103
266 272 103
267 272 103
268 272 103
264 273 104
265 273 104
266 273 104
267 273 104
268 273 104
264 274 105
265 274 105
266 274 105
267 274 105
268 274 105
264 270 106
265 270 106
266 270 106
267 270 106
268 270 106
264 271 107
265 271 107
266 271 107
267 271 107
268 271 107
264 272 108
265 272 108
266 272 108
267 272 108
268 272 108
264 273 109
265 273 109
266 273 109
267 273 109
268 273 109
264 274 110
265 274 110
266 274 110
267 274 110
268 274 110
264 270 111
265 270 111
266 270 111
267 270 111
268 270 111
264 271 112
265 271 112
266 271 112
267 271 112
268 271 112
264 272 113
265 272 113
266 272 113
267 272 113
268 272 113
264 273 114
265 273 114
266 273 114
267 273 114
268 273 114
264 274 115
265 274 115
266 274 115
267 274 115
268 274 115
264 270 116
265 270 116
266 270 116
267 270 116
268 270 116
264 271 117
265 271 117
266 271 117
267 271 117
268 271 117
264 272 118
265 272 118
266 272 118
267 272 118
268 272 118
264 273 119
265 273 119
266 273 119
267 273 119
268 273 119
264 274 120
265 274 120
266 274 120
267 274 120
268 274 120
264 270 121
265 270 121
266 270 121
267 270 121
268 270 121
264 271 122
265 271 122
266 271 122
267 271 122
268 271 122
264 272 123
265 272 123
266 272 123
267 272 123
268 272 123
264 273 124
265 273 124
266 273 124
267 273 124
268 273 124
264 274 125
265 274 125
266 274 125
267 274 125
268 274 125
264 270 126
265 270 126
266 270 126
267 270 126
268 270 126
264 271 127
265 271 127
266 271 127
267 271 127
268 271 127
264 272 128
265 272 128
266 272 128
267 272 128
268 272 128
264 273 129
265 273 129
266 273 129
267 273 129
268 273 129
264 274 130
265 274 130
266 274 130
267 274 130
268 274 130
264 270 131
265 270 131
266 270 131
267 270 131
268 270 131
264 271 132
265 271 132
266 271 132
267 271 132
268 271 132
264 272 133
265 272 133
266 272 133
267 272 133
268 272 133
264 273 134
265 273 134
266 273 134
267 273 134
268 273 134
264 274 135
265 274 135
266 274 135
267 274 135
268 274 135
264 270 136
265 270 136
266 270 136
267 270 136
268 270 136
264 271 137
265 271 137
266 271 137
267 271 137
268 271 137
264 272 138
265 272 138
266 272 138
267 272 138
268 272 138
264 273 139
265 273 139
266 273 139
267 273 139
268 273 139
264 274 140
265 274 140
266 274 140
267 274 140
268 274 140
264 270 141
265 270 141
266 270 141
267 270 141
268 270 141
264 271 142
265 271 142
266 271 142
267 271 142
268 271 142
264 272 143
265 272 143
266 272 143
267 272 143
268 272 143
264 273 144
265 273 144
266 273 144
267 273 144
268 273 144
264 274 145
265 274 145
266 274 145
267 274 145
268 274 145
264 270 146
265 270 146
266 270 146
267 270 146
268 270 146
264 271 147
265 271 147
266 271 147
267 271 147
268 271 147
264 272 148
265 272 148
266 272 148
267 272 148
268 272 148
264 273 149
265 273 149
266 273 149
267 273 149
268 273 149
264 274 150
265 274 150
266 274 150
267 274 150
268 274 150
264 270 151
265 270 151
266 270 151
267 270 151
268 270 151
264 271 152
265 271 152
266 271 152
267 271 152
268 271 152
264 272 153
265 272 153
266 272 153
267 272 153
268 272 153
264 273 154
265 273 154
266 273 154
267 273 154
268 273 154
264 274 155
265 274 155
266 274 155
267 274 155
268 274 155
264 270 156
265 270 156
266 270 156
267 270 156
268 270 156
264 271 157
265 271 157
266 271 157
267 271 157
268 271 157
264 272 158
265 272 158
266 272 158
267 272 158
268 272 158
264 273 159
265 273 159
266 273 159
267 273 159
268 273 159
264 274 160
265 274 160
266 274 160
267 274 160
268 274 160
264 270 161
265 270 161
266 270 161
267 270 161
268 270 161
264 271 162
265 271 162
266 271 162
267 271 162
268 271 162
264 272 163
265 272 163
266 272 163
267 272 163
268 272 163
264 273 164
265 273 164
266 273 164
267 273 164
268 273 164
264 274 165
265 274 165
266 274 165
267 274 165
268 274 165
264 270 166
265 270 166
266 270 166
267 270 166
268 270 166
264 271 167
265 271 167
266 271 167
267 271 167
268 271 167
264 272 168
265 272 168
266 272 168
267 272 168
268 272 168
264 273 169
265 273 169
266 273 169
267 273 169
268 273 169
264 274 170
265 274 170
266 274 170
267 274 170
268 274 170
264 270 171
265 270 171
266 270 171
267 270 171
268 270 171
264 271 172
265 271 172
266 271 172
267 271 172
268 271 172
264 272 173
265 272 173
266 272 173
267 272 173
268 272 173
264 273 174
265 273 174
266 273 174
267 273 174
268 273 174
264 274 175
265 274 175
266 274 175
267 274 175
268 274 175
264 270 176
265 270 176
266 270 176
267 270 176
268 270 176
264 271 177
265 271 177
266 271 177
267 271 177
268 271 177
264 272 178
265 272 178
266 272 178
267 272 178
268 272 178
264 273 179
265 273 179
266 273 179
267 273 179
268 273 179
264 274 180
265 274 180
266 274 180
267 274 180
268 274 180
264 270 181
265 270 181
266 270 181
267 270 181
268 270 181
264 271 182
265 271 182
266 271 182
267 271 182
268 271 182
264 272 183
265 272 183
266 272 183
267 272 183
268 272 183
264 273 184
265 273 184
266 273 184
267 273 184
268 273 184
264 274 185
265 274 185
266 274 185
267 274 185
268 274 185
264 270 186
265 270 186
266 270 186
267 270 186
268 270 186
264 271 187
265 271 187
266 271 187
267 271 187
268 271 187
264 272 188
265 272 188
266 272 188
267 272 188
268 272 188
264 273 189
265 273 189
266 273 189
267 273 189
268 273 189
264 274 190
265 274 190
266 274 190
267 274 190
268 274 190
264 270 191
265 270 191
266 270 191
267 270 191
268 270 191
264 271 192
265 271 192
266 271 192
267 271 192
268 271 192
264 272 193
265 272 193
266 272 193
267 272 193
268 272 193
264 273 194
265 273 194
266 273 194
267 273 194
268 273 194
264 274 195
265 274 195
266 274 195
267 274 195
268 274 195
