138 144 1
139 144 1
138 145 2
139 145 2
138 146 3
139 146 3
138 147 4
139 147 4
138 148 5
139 148 5
138 144 6
139 144 6
138 145 7
139 145 7
138 146 8
139 146 8
138 147 9
139 147 9
138 148 10
139 148 10
138 144 11
139 144 11
138 145 12
139 145 12
138 146 13
139 146 13
138 147 14
139 147 14
138 148 15
139 148 15
138 144 16
139 144 16
138 145 17
139 145 17
138 146 18
139 146 18
138 147 19
139 147 19
138 148 20
139 148 20
138 144 21
139 144 21
138 145 22
139 145 22
138 146 23
139 146 23
138 147 24
139 147 24
138 148 25
139 148 25
138 144 26
139 144 26
138 145 27
139 145 27
138 146 28
139 146 28
138 147 29
139 147 29
138 148 30
139 148 30
138 144 31
139 144 31
138 145 32
139 145 32
138 146 33
139 146 33
138 147 34
139 147 34
138 148 35
139 148 35
138 144 36
139 144 36
138 145 37
139 145 37
138 146 38
139 146 38
138 147 39
139 147 39
138 148 40
139 148 40
138 144 41
139 144 41
138 145 42
139 145 42
138 146 43
139 146 43
138 147 44
139 147 44
138 148 45
139 148 45
138 144 46
139 144 46
138 145 47
139 145 47
138 146 48
139 146 48
138 147 49
139 147 49
138 148 50
139 148 50
138 144 51
139 144 51
138 145 52
139 145 52
138 146 53
139 146 53
138 147 54
139 147 54
138 148 55
139 148 55
138 144 56
139 144 56
138 145 57
139 145 57
138 146 58
139 146 58
138 147 59
139 147 59
138 148 60
139 148 60
138 144 61
139 144 61
138 145 62
139 145 62
138 146 63
139 146 63
138 147 64
139 147 64
138 148 65
139 148 65
138 144 66
139 144 66
138 145 67
139 145 67
138 146 68
139 146 68
138 147 69
139 147 69
138 148 70
139 148 70
138 144 71
139 144 71
138 145 72
139 145 72
138 146 73
139 146 73
138 147 74
139 147 74
138 148 75
139 148 75
138 144 76
139 144 76
138 145 77
139 145 77
138 146 78
139 146 78
138 147 79
139 147 79
138 148 80
139 148 80
138 144 81
139 144 81
138 145 82
139 145 82
138 146 83
139 146 83
138 147 84
139 147 84
138 148 85
139 148 85
138 144 86
139 144 86
138 145 87
139 145 87
138 146 88
139 146 88
138 147 89
139 147 89
138 148 90
139 148 90
138 144 91
139 144 91
138 145 92
139 145 92
138 146 93
139 146 93
138 147 94
139 147 94
138 148 95
139 148 95
138 144 96
139 144 96
138 145 97
139 145 97
138 146 98
139 146 98
138 147 99
139 147 99
138 148 100
139 148 100
138 144 101
139 144 101
138 145 102
139 145 102
138 146 103
139 146 103
138 147 104
139 147 104
138 148 105
139 148 105
138 144 106
139 144 106
138 145 107
139 145 107
138 146 108
139 146 108
138 147 109
139 147 109
138 148 110
139 148 110
138 144 111
139 144 111
138 145 112
139 145 112
138 146 113
139 146 113
138 147 114
139 147 114
138 148 115
139 148 115
138 144 116
139 144 116
138 145 117
139 145 117
138 146 118
139 146 118
138 147 119
139 147 119
138 148 120
139 148 120
