216 227 1
217 227 1
218 227 1
219 227 1
220 227 1
216 227 2
217 227 2
218 227 2
219 227 2
220 227 2
216 227 3
217 227 3
218 227 3
219 227 3
220 227 3
216 227 4
217 227 4
218 227 4
219 227 4
220 227 4
216 227 5
217 227 5
218 227 5
219 227 5
220 227 5
216 227 6
217 227 6
218 227 6
219 227 6
220 227 6
216 227 7
217 227 7
218 227 7
219 227 7
220 227 7
216 227 8
217 227 8
218 227 8
219 227 8
220 227 8
216 227 9
217 227 9
218 227 9
219 227 9
220 227 9
216 227 10
217 227 10
218 227 10
219 227 10
220 227 10
216 227 11
217 227 11
218 227 11
219 227 11
220 227 11
216 227 12
217 227 12
218 227 12
219 227 12
220 227 12
216 227 13
217 227 13
218 227 13
219 227 13
220 227 13
216 227 14
217 227 14
218 227 14
219 227 14
220 227 14
216 227 15
217 227 15
218 227 15
219 227 15
220 227 15
216 227 16
217 227 16
218 227 16
219 227 16
220 227 16
216 227 17
217 227 17
218 227 17
219 227 17
220 227 17
216 227 18
217 227 18
218 227 18
219 227 18
220 227 18
216 227 19
217 227 19
218 227 19
219 227 19
220 227 19
216 227 20
217 227 20
218 227 20
219 227 20
220 227 20
216 227 21
217 227 21
218 227 21
219 227 21
220 227 21
216 227 22
217 227 22
218 227 22
219 227 22
220 227 22
216 227 23
217 227 23
218 227 23
219 227 23
220 227 23
216 227 24
217 227 24
218 227 24
219 227 24
220 227 24
216 227 25
217 227 25
218 227 25
219 227 25
220 227 25
216 227 26
217 227 26
218 227 26
219 227 26
220 227 26
216 227 27
217 227 27
218 227 27
219 227 27
220 227 27
216 227 28
217 227 28
218 227 28
219 227 28
220 227 28
216 227 29
217 227 29
218 227 29
219 227 29
220 227 29
216 227 30
217 227 30
218 227 30
219 227 30
220 227 30
216 227 31
217 227 31
218 227 31
219 227 31
220 227 31
216 227 32
217 227 32
218 227 32
219 227 32
220 227 32
216 227 33
217 227 33
218 227 33
219 227 33
220 227 33
216 227 34
217 227 34
218 227 34
219 227 34
220 227 34
216 227 35
217 227 35
218 227 35
219 227 35
220 227 35
216 227 36
217 227 36
218 227 36
219 227 36
220 227 36
216 227 37
217 227 37
218 227 37
219 227 37
220 227 37
216 227 38
217 227 38
218 227 38
219 227 38
220 227 38
216 227 39
217 227 39
218 227 39
219 227 39
220 227 39
216 227 40
217 227 40
218 227 40
219 227 40
220 227 40
216 227 41
217 227 41
218 227 41
219 227 41
220 227 41
216 227 42
217 227 42
218 227 42
219 227 42
220 227 42
216 227 43
217 227 43
218 227 43
219 227 43
220 227 43
216 227 44
217 227 44
218 227 44
219 227 44
220 227 44
216 227 45
217 227 45
218 227 45
219 227 45
220 227 45
216 227 46
217 227 46
218 227 46
219 227 46
220 227 46
216 227 47
217 227 47
218 227 47
219 227 47
220 227 47
216 227 48
217 227 48
218 227 48
219 227 48
220 227 48
216 227 49
217 227 49
218 227 49
219 227 49
220 227 49
216 227 50
217 227 50
218 227 50
219 227 50
220 227 50
216 227 51
217 227 51
218 227 51
219 227 51
220 227 51
216 227 52
217 227 52
218 227 52
219 227 52
220 227 52
216 227 53
217 227 53
218 227 53
219 227 53
220 227 53
216 227 54
217 227 54
218 227 54
219 227 54
220 227 54
216 227 55
217 227 55
218 227 55
219 227 55
220 227 55
216 227 56
217 227 56
218 227 56
219 227 56
220 227 56
216 227 57
217 227 57
218 227 57
219 227 57
220 227 57
216 227 58
217 227 58
218 227 58
219 227 58
220 227 58
216 227 59
217 227 59
218 227 59
219 227 59
220 227 59
216 227 60
217 227 60
218 227 60
219 227 60
220 227 60
216 227 61
217 227 61
218 227 61
219 227 61
220 227 61
216 227 62
217 227 62
218 227 62
219 227 62
220 227 62
216 227 63
217 227 63
218 227 63
219 227 63
220 227 63
216 227 64
217 227 64
218 227 64
219 227 64
220 227 64
216 227 65
217 227 65
218 227 65
219 227 65
220 227 65
216 227 66
217 227 66
218 227 66
219 227 66
220 227 66
216 227 67
217 227 67
218 227 67
219 227 67
220 227 67
216 227 68
217 227 68
218 227 68
219 227 68
220 227 68
216 227 69
217 227 69
218 227 69
219 227 69
220 227 69
216 227 70
217 227 70
218 227 70
219 227 70
220 227 70
216 227 71
217 227 71
218 227 71
219 227 71
220 227 71
216 227 72
217 227 72
218 227 72
219 227 72
220 227 72
216 227 73
217 227 73
218 227 73
219 227 73
220 227 73
216 227 74
217 227 74
218 227 74
219 227 74
220 227 74
216 227 75
217 227 75
218 227 75
219 227 75
220 227 75
216 227 76
217 227 76
218 227 76
219 227 76
220 227 76
216 227 77
217 227 77
218 227 77
219 227 77
220 227 77
216 227 78
217 227 78
218 227 78
219 227 78
220 227 78
216 227 79
217 227 79
218 227 79
219 227 79
220 227 79
216 227 80
217 227 80
218 227 80
219 227 80
220 227 80
216 227 81
217 227 81
218 227 81
219 227 81
220 227 81
216 227 82
217 227 82
218 227 82
219 227 82
220 227 82
216 227 83
217 227 83
218 227 83
219 227 83
220 227 83
216 227 84
217 227 84
218 227 84
219 227 84
220 227 84
216 227 85
217 227 85
218 227 85
219 227 85
220 227 85
216 227 86
217 227 86
218 227 86
219 227 86
220 227 86
216 227 87
217 227 87
218 227 87
219 227 87
220 227 87
216 227 88
217 227 88
218 227 88
219 227 88
220 227 88
216 227 89
217 227 89
218 227 89
219 227 89
220 227 89
216 227 90
217 227 90
218 227 90
219 227 90
220 227 90
216 227 91
217 227 91
218 227 91
219 227 91
220 227 91
216 227 92
217 227 92
218 227 92
219 227 92
220 227 92
216 227 93
217 227 93
218 227 93
219 227 93
220 227 93
216 227 94
217 227 94
218 227 94
219 227 94
220 227 94
216 227 95
217 227 95
218 227 95
219 227 95
220 227 95
216 227 96
217 227 96
218 227 96
219 227 96
220 227 96
216 227 97
217 227 97
218 227 97
219 227 97
220 227 97
216 227 98
217 227 98
218 227 98
219 227 98
220 227 98
216 227 99
217 227 99
218 227 99
219 227 99
220 227 99
216 227 100
217 227 100
218 227 100
219 227 100
220 227 100
216 227 101
217 227 101
218 227 101
219 227 101
220 227 101
216 227 102
217 227 102
218 227 102
219 227 102
220 227 102
216 227 103
217 227 103
218 227 103
219 227 103
220 227 103
216 227 104
217 227 104
218 227 104
219 227 104
220 227 104
216 227 105
217 227 105
218 227 105
219 227 105
220 227 105
216 227 106
217 227 106
218 227 106
219 227 106
220 227 106
216 227 107
217 227 107
218 227 107
219 227 107
220 227 107
216 227 108
217 227 108
218 227 108
219 227 108
220 227 108
216 227 109
217 227 109
218 227 109
219 227 109
220 227 109
216 227 110
217 227 110
218 227 110
219 227 110
220 227 110
216 227 111
217 227 111
218 227 111
219 227 111
220 227 111
216 227 112
217 227 112
218 227 112
219 227 112
220 227 112
216 227 113
217 227 113
218 227 113
219 227 113
220 227 113
216 227 114
217 227 114
218 227 114
219 227 114
220 227 114
216 227 115
217 227 115
218 227 115
219 227 115
220 227 115
216 227 116
217 227 116
218 227 116
219 227 116
220 227 116
216 227 117
217 227 117
218 227 117
219 227 117
220 227 117
216 227 118
217 227 118
218 227 118
219 227 118
220 227 118
216 227 119
217 227 119
218 227 119
219 227 119
220 227 119
216 227 120
217 227 120
218 227 120
219 227 120
220 227 120
216 227 121
217 227 121
218 227 121
219 227 121
220 227 121
216 227 122
217 227 122
218 227 122
219 227 122
220 227 122
216 227 123
217 227 123
218 227 123
219 227 123
220 227 123
216 227 124
217 227 124
218 227 124
219 227 124
220 227 124
216 227 125
217 227 125
218 227 125
219 227 125
220 227 125
216 227 126
217 227 126
218 227 126
219 227 126
220 227 126
216 227 127
217 227 127
218 227 127
219 227 127
220 227 127
216 227 128
217 227 128
218 227 128
219 227 128
220 227 128
216 227 129
217 227 129
218 227 129
219 227 129
220 227 129
216 227 130
217 227 130
218 227 130
219 227 130
220 227 130
216 227 131
217 227 131
218 227 131
219 227 131
220 227 131
216 227 132
217 227 132
218 227 132
219 227 132
220 227 132
216 227 133
217 227 133
218 227 133
219 227 133
220 227 133
216 227 134
217 227 134
218 227 134
219 227 134
220 227 134
216 227 135
217 227 135
218 227 135
219 227 135
220 227 135
216 227 136
217 227 136
218 227 136
219 227 136
220 227 136
216 227 137
217 227 137
218 227 137
219 227 137
220 227 137
216 227 138
217 227 138
218 227 138
219 227 138
220 227 138
216 227 139
217 227 139
218 227 139
219 227 139
220 227 139
216 227 140
217 227 140
218 227 140
219 227 140
220 227 140
216 227 141
217 227 141
218 227 141
219 227 141
220 227 141
216 227 142
217 227 142
218 227 142
219 227 142
220 227 142
216 227 143
217 227 143
218 227 143
219 227 143
220 227 143
216 227 144
217 227 144
218 227 144
219 227 144
220 227 144
216 227 145
217 227 145
218 227 145
219 227 145
220 227 145
216 227 146
217 227 146
218 227 146
219 227 146
220 227 146
216 227 147
217 227 147
218 227 147
219 227 147
220 227 147
216 227 148
217 227 148
218 227 148
219 227 148
220 227 148
216 227 149
217 227 149
218 227 149
219 227 149
220 227 149
216 227 150
217 227 150
218 227 150
219 227 150
220 227 150
216 227 151
217 227 151
218 227 151
219 227 151
220 227 151
216 227 152
217 227 152
218 227 152
219 227 152
220 227 152
216 227 153
217 227 153
218 227 153
219 227 153
220 227 153
216 227 154
217 227 154
218 227 154
219 227 154
220 227 154
216 227 155
217 227 155
218 227 155
219 227 155
220 227 155
216 227 156
217 227 156
218 227 156
219 227 156
220 227 156
216 227 157
217 227 157
218 227 157
219 227 157
220 227 157
216 227 158
217 227 158
218 227 158
219 227 158
220 227 158
216 227 159
217 227 159
218 227 159
219 227 159
220 227 159
216 227 160
217 227 160
218 227 160
219 227 160
220 227 160
216 227 161
217 227 161
218 227 161
219 227 161
220 227 161
216 227 162
217 227 162
218 227 162
219 227 162
220 227 162
216 227 163
217 227 163
218 227 163
219 227 163
220 227 163
216 227 164
217 227 164
218 227 164
219 227 164
220 227 164
216 227 165
217 227 165
218 227 165
219 227 165
220 227 165
216 227 166
217 227 166
218 227 166
219 227 166
220 227 166
216 227 167
217 227 167
218 227 167
219 227 167
220 227 167
216 227 168
217 227 168
218 227 168
219 227 168
220 227 168
216 227 169
217 227 169
218 227 169
219 227 169
220 227 169
216 227 170
217 227 170
218 227 170
219 227 170
220 227 170
216 227 171
217 227 171
218 227 171
219 227 171
220 227 171
216 227 172
217 227 172
218 227 172
219 227 172
220 227 172
216 227 173
217 227 173
218 227 173
219 227 173
220 227 173
216 227 174
217 227 174
218 227 174
219 227 174
220 227 174
216 227 175
217 227 175
218 227 175
219 227 175
220 227 175
216 227 176
217 227 176
218 227 176
219 227 176
220 227 176
216 227 177
217 227 177
218 227 177
219 227 177
220 227 177
216 227 178
217 227 178
218 227 178
219 227 178
220 227 178
216 227 179
217 227 179
218 227 179
219 227 179
220 227 179
216 227 180
217 227 180
218 227 180
219 227 180
220 227 180
216 227 181
217 227 181
218 227 181
219 227 181
220 227 181
216 227 182
217 227 182
218 227 182
219 227 182
220 227 182
216 227 183
217 227 183
218 227 183
219 227 183
220 227 183
216 227 184
217 227 184
218 227 184
219 227 184
220 227 184
216 227 185
217 227 185
218 227 185
219 227 185
220 227 185
216 227 186
217 227 186
218 227 186
219 227 186
220 227 186
216 227 187
217 227 187
218 227 187
219 227 187
220 227 187
216 227 188
217 227 188
218 227 188
219 227 188
220 227 188
216 227 189
217 227 189
218 227 189
219 227 189
220 227 189
216 227 190
217 227 190
218 227 190
219 227 190
220 227 190
216 227 191
217 227 191
218 227 191
219 227 191
220 227 191
216 227 192
217 227 192
218 227 192
219 227 192
220 227 192
216 227 193
217 227 193
218 227 193
219 227 193
220 227 193
216 227 194
217 227 194
218 227 194
219 227 194
220 227 194
216 227 195
217 227 195
218 227 195
219 227 195
220 227 195
216 227 196
217 227 196
218 227 196
219 227 196
220 227 196
