198 204 1
199 204 1
200 204 1
201 204 1
202 204 1
198 205 2
199 205 2
200 205 2
201 205 2
202 205 2
198 204 3
199 204 3
200 204 3
201 204 3
202 204 3
198 205 4
199 205 4
200 205 4
201 205 4
202 205 4
198 204 5
199 204 5
200 204 5
201 204 5
202 204 5
198 205 6
199 205 6
200 205 6
201 205 6
202 205 6
198 204 7
199 204 7
200 204 7
201 204 7
202 204 7
198 205 8
199 205 8
200 205 8
201 205 8
202 205 8
198 204 9
199 204 9
200 204 9
201 204 9
202 204 9
198 205 10
199 205 10
200 205 10
201 205 10
202 205 10
198 204 11
199 204 11
200 204 11
201 204 11
202 204 11
198 205 12
199 205 12
200 205 12
201 205 12
202 205 12
198 204 13
199 204 13
200 204 13
201 204 13
202 204 13
198 205 14
199 205 14
200 205 14
201 205 14
202 205 14
198 204 15
199 204 15
200 204 15
201 204 15
202 204 15
198 205 16
199 205 16
200 205 16
201 205 16
202 205 16
198 204 17
199 204 17
200 204 17
201 204 17
202 204 17
198 205 18
199 205 18
200 205 18
201 205 18
202 205 18
198 204 19
199 204 19
200 204 19
201 204 19
202 204 19
198 205 20
199 205 20
200 205 20
201 205 20
202 205 20
198 204 21
199 204 21
200 204 21
201 204 21
202 204 21
198 205 22
199 205 22
200 205 22
201 205 22
202 205 22
198 204 23
199 204 23
200 204 23
201 204 23
202 204 23
198 205 24
199 205 24
200 205 24
201 205 24
202 205 24
198 204 25
199 204 25
200 204 25
201 204 25
202 204 25
198 205 26
199 205 26
200 205 26
201 205 26
202 205 26
198 204 27
199 204 27
200 204 27
201 204 27
202 204 27
198 205 28
199 205 28
200 205 28
201 205 28
202 205 28
198 204 29
199 204 29
200 204 29
201 204 29
202 204 29
198 205 30
199 205 30
200 205 30
201 205 30
202 205 30
198 204 31
199 204 31
200 204 31
201 204 31
202 204 31
198 205 32
199 205 32
200 205 32
201 205 32
202 205 32
198 204 33
199 204 33
200 204 33
201 204 33
202 204 33
198 205 34
199 205 34
200 205 34
201 205 34
202 205 34
198 204 35
199 204 35
200 204 35
201 204 35
202 204 35
198 205 36
199 205 36
200 205 36
201 205 36
202 205 36
198 204 37
199 204 37
200 204 37
201 204 37
202 204 37
198 205 38
199 205 38
200 205 38
201 205 38
202 205 38
198 204 39
199 204 39
200 204 39
201 204 39
202 204 39
198 205 40
199 205 40
200 205 40
201 205 40
202 205 40
198 204 41
199 204 41
200 204 41
201 204 41
202 204 41
198 205 42
199 205 42
200 205 42
201 205 42
202 205 42
198 204 43
199 204 43
200 204 43
201 204 43
202 204 43
198 205 44
199 205 44
200 205 44
201 205 44
202 205 44
198 204 45
199 204 45
200 204 45
201 204 45
202 204 45
198 205 46
199 205 46
200 205 46
201 205 46
202 205 46
198 204 47
199 204 47
200 204 47
201 204 47
202 204 47
198 205 48
199 205 48
200 205 48
201 205 48
202 205 48
