162 173 1
163 173 1
162 173 2
163 173 2
162 173 3
163 173 3
162 173 4
163 173 4
162 173 5
163 173 5
162 173 6
163 173 6
162 173 7
163 173 7
162 173 8
163 173 8
162 173 9
163 173 9
162 173 10
163 173 10
162 173 11
163 173 11
162 173 12
163 173 12
162 173 13
163 173 13
162 173 14
163 173 14
162 173 15
163 173 15
162 173 16
163 173 16
162 173 17
163 173 17
162 173 18
163 173 18
162 173 19
163 173 19
162 173 20
163 173 20
162 173 21
163 173 21
162 173 22
163 173 22
162 173 23
163 173 23
162 173 24
163 173 24
162 173 25
163 173 25
162 173 26
163 173 26
162 173 27
163 173 27
162 173 28
163 173 28
162 173 29
163 173 29
162 173 30
163 173 30
162 173 31
163 173 31
162 173 32
163 173 32
162 173 33
163 173 33
162 173 34
163 173 34
162 173 35
163 173 35
162 173 36
163 173 36
162 173 37
163 173 37
162 173 38
163 173 38
162 173 39
163 173 39
162 173 40
163 173 40
162 173 41
163 173 41
162 173 42
163 173 42
162 173 43
163 173 43
162 173 44
163 173 44
162 173 45
163 173 45
162 173 46
163 173 46
162 173 47
163 173 47
162 173 48
163 173 48
162 173 49
163 173 49
162 173 50
163 173 50
162 173 51
163 173 51
162 173 52
163 173 52
162 173 53
163 173 53
162 173 54
163 173 54
162 173 55
163 173 55
162 173 56
163 173 56
162 173 57
163 173 57
162 173 58
163 173 58
162 173 59
163 173 59
162 173 60
163 173 60
162 173 61
163 173 61
162 173 62
163 173 62
162 173 63
163 173 63
162 173 64
163 173 64
162 173 65
163 173 65
162 173 66
163 173 66
162 173 67
163 173 67
162 173 68
163 173 68
162 173 69
163 173 69
162 173 70
163 173 70
162 173 71
163 173 71
162 173 72
163 173 72
162 173 73
163 173 73
162 173 74
163 173 74
162 173 75
163 173 75
162 173 76
163 173 76
162 173 77
163 173 77
162 173 78
163 173 78
162 173 79
163 173 79
162 173 80
163 173 80
162 173 81
163 173 81
162 173 82
163 173 82
162 173 83
163 173 83
162 173 84
163 173 84
162 173 85
163 173 85
162 173 86
163 173 86
162 173 87
163 173 87
162 173 88
163 173 88
162 173 89
163 173 89
162 173 90
163 173 90
162 173 91
163 173 91
162 173 92
163 173 92
162 173 93
163 173 93
162 173 94
163 173 94
162 173 95
163 173 95
162 173 96
163 173 96
162 173 97
163 173 97
162 173 98
163 173 98
162 173 99
163 173 99
162 173 100
163 173 100
162 173 101
163 173 101
162 173 102
163 173 102
162 173 103
163 173 103
162 173 104
163 173 104
162 173 105
163 173 105
162 173 106
163 173 106
162 173 107
163 173 107
162 173 108
163 173 108
162 173 109
163 173 109
162 173 110
163 173 110
162 173 111
163 173 111
162 173 112
163 173 112
162 173 113
163 173 113
162 173 114
163 173 114
162 173 115
163 173 115
162 173 116
163 173 116
162 173 117
163 173 117
162 173 118
163 173 118
162 173 119
163 173 119
162 173 120
163 173 120
162 173 121
163 173 121
162 173 122
163 173 122
