14 15 1
14 16 2
14 15 3
14 16 4
14 15 5
14 16 6
14 15 7
14 16 8
14 15 9
14 16 10
14 15 11
14 16 12
14 15 13
14 16 14
14 15 15
14 16 16
14 15 17
14 16 18
14 15 19
14 16 20
14 15 21
14 16 22
14 15 23
14 16 24
14 15 25
14 16 26
14 15 27
14 16 28
14 15 29
14 16 30
14 15 31
14 16 32
14 15 33
14 16 34
14 15 35
14 16 36
14 15 37
14 16 38
14 15 39
14 16 40
14 15 41
14 16 42
14 15 43
14 16 44
14 15 45
14 16 46
14 15 47
14 16 48
14 15 49
14 16 50
14 15 51
14 16 52
14 15 53
14 16 54
14 15 55
14 16 56
14 15 57
14 16 58
14 15 59
14 16 60
14 15 61
14 16 62
14 15 63
14 16 64
14 15 65
14 16 66
14 15 67
14 16 68
14 15 69
14 16 70
14 15 71
14 16 72
14 15 73
14 16 74
14 15 75
14 16 76
14 15 77
14 16 78
14 15 79
14 16 80
14 15 81
14 16 82
14 15 83
14 16 84
14 15 85
14 16 86
14 15 87
14 16 88
14 15 89
14 16 90
14 15 91
14 16 92
14 15 93
14 16 94
14 15 95
14 16 96
14 15 97
14 16 98
14 15 99
14 16 100
14 15 101
14 16 102
14 15 103
14 16 104
14 15 105
14 16 106
14 15 107
14 16 108
14 15 109
14 16 110
14 15 111
14 16 112
14 15 113
14 16 114
14 15 115
14 16 116
14 15 117
14 16 118
14 15 119
14 16 120
14 15 121
14 16 122
14 15 123
14 16 124
14 15 125
14 16 126
14 15 127
14 16 128
14 15 129
14 16 130
14 15 131
14 16 132
14 15 133
14 16 134
14 15 135
14 16 136
14 15 137
14 16 138
14 15 139
14 16 140
14 15 141
14 16 142
14 15 143
14 16 144
14 15 145
14 16 146
14 15 147
14 16 148
14 15 149
14 16 150
14 15 151
14 16 152
14 15 153
14 16 154
14 15 155
14 16 156
14 15 157
14 16 158
14 15 159
14 16 160
14 15 161
14 16 162
14 15 163
14 16 164
14 15 165
14 16 166
14 15 167
14 16 168
14 15 169
14 16 170
14 15 171
14 16 172
14 15 173
14 16 174
14 15 175
14 16 176
14 15 177
14 16 178
14 15 179
14 16 180
14 15 181
14 16 182
14 15 183
14 16 184
14 15 185
14 16 186
14 15 187
14 16 188
14 15 189
14 16 190
14 15 191
14 16 192
14 15 193
14 16 194
14 15 195
14 16 196
14 15 197
14 16 198
14 15 199
14 16 200
14 15 201
14 16 202
14 15 203
14 16 204
14 15 205
14 16 206
14 15 207
14 16 208
14 15 209
14 16 210
14 15 211
14 16 212
14 15 213
14 16 214
14 15 215
14 16 216
14 15 217
14 16 218
14 15 219
14 16 220
14 15 221
14 16 222
14 15 223
14 16 224
14 15 225
14 16 226
14 15 227
14 16 228
14 15 229
14 16 230
14 15 231
14 16 232
14 15 233
14 16 234
14 15 235
14 16 236
14 15 237
14 16 238
14 15 239
14 16 240
14 15 241
14 16 242
14 15 243
14 16 244
