182 191 1
182 191 2
182 191 3
182 191 4
182 191 5
182 191 6
182 191 7
182 191 8
182 191 9
182 191 10
182 191 11
182 191 12
182 191 13
182 191 14
182 191 15
182 191 16
182 191 17
182 191 18
182 191 19
182 191 20
182 191 21
182 191 22
182 191 23
182 191 24
182 191 25
182 191 26
182 191 27
182 191 28
182 191 29
182 191 30
182 191 31
182 191 32
182 191 33
182 191 34
182 191 35
182 191 36
182 191 37
182 191 38
182 191 39
182 191 40
182 191 41
182 191 42
182 191 43
182 191 44
182 191 45
182 191 46
182 191 47
182 191 48
182 191 49
182 191 50
182 191 51
182 191 52
182 191 53
182 191 54
182 191 55
182 191 56
182 191 57
182 191 58
182 191 59
182 191 60
182 191 61
182 191 62
182 191 63
182 191 64
182 191 65
182 191 66
182 191 67
182 191 68
182 191 69
182 191 70
182 191 71
182 191 72
182 191 73
182 191 74
182 191 75
182 191 76
182 191 77
182 191 78
182 191 79
182 191 80
182 191 81
182 191 82
182 191 83
182 191 84
182 191 85
182 191 86
182 191 87
182 191 88
182 191 89
182 191 90
182 191 91
182 191 92
182 191 93
182 191 94
182 191 95
182 191 96
182 191 97
182 191 98
182 191 99
182 191 100
182 191 101
182 191 102
182 191 103
182 191 104
182 191 105
182 191 106
182 191 107
182 191 108
182 191 109
182 191 110
182 191 111
182 191 112
182 191 113
182 191 114
182 191 115
182 191 116
182 191 117
182 191 118
182 191 119
182 191 120
182 191 121
182 191 122
182 191 123
182 191 124
182 191 125
182 191 126
182 191 127
182 191 128
182 191 129
182 191 130
182 191 131
182 191 132
182 191 133
182 191 134
182 191 135
182 191 136
182 191 137
182 191 138
182 191 139
182 191 140
182 191 141
182 191 142
182 191 143
182 191 144
182 191 145
182 191 146
182 191 147
182 191 148
182 191 149
182 191 150
182 191 151
182 191 152
182 191 153
182 191 154
182 191 155
182 191 156
182 191 157
182 191 158
182 191 159
182 191 160
182 191 161
182 191 162
182 191 163
182 191 164
182 191 165
182 191 166
182 191 167
182 191 168
182 191 169
182 191 170
182 191 171
182 191 172
182 191 173
182 191 174
182 191 175
182 191 176
182 191 177
182 191 178
182 191 179
182 191 180
182 191 181
182 191 182
182 191 183
182 191 184
182 191 185
182 191 186
182 191 187
182 191 188
182 191 189
182 191 190
182 191 191
182 191 192
182 191 193
182 191 194
182 191 195
182 191 196
182 191 197
182 191 198
182 191 199
182 191 200
182 191 201
182 191 202
182 191 203
182 191 204
182 191 205
182 191 206
182 191 207
182 191 208
182 191 209
182 191 210
182 191 211
182 191 212
182 191 213
182 191 214
182 191 215
182 191 216
182 191 217
182 191 218
182 191 219
182 191 220
182 191 221
182 191 222
182 191 223
182 191 224
182 191 225
182 191 226
182 191 227
182 191 228
182 191 229
182 191 230
182 191 231
182 191 232
182 191 233
182 191 234
182 191 235
182 191 236
182 191 237
182 191 238
182 191 239
182 191 240
182 191 241
182 191 242
182 191 243
182 191 244
182 191 245
