137 279 1
137 280 2
137 281 3
137 282 4
137 283 5
137 279 6
137 280 7
137 281 8
137 282 9
137 283 10
137 279 11
137 280 12
137 281 13
137 282 14
137 283 15
137 279 16
137 280 17
137 281 18
137 282 19
137 283 20
137 279 21
137 280 22
137 281 23
137 282 24
137 283 25
137 279 26
137 280 27
137 281 28
137 282 29
137 283 30
137 279 31
137 280 32
137 281 33
137 282 34
137 283 35
137 279 36
137 280 37
137 281 38
137 282 39
137 283 40
137 279 41
137 280 42
137 281 43
137 282 44
137 283 45
137 279 46
137 280 47
137 281 48
137 282 49
137 283 50
137 279 51
137 280 52
137 281 53
137 282 54
137 283 55
137 279 56
137 280 57
137 281 58
137 282 59
137 283 60
137 279 61
137 280 62
137 281 63
137 282 64
137 283 65
137 279 66
137 280 67
137 281 68
137 282 69
137 283 70
137 279 71
137 280 72
137 281 73
137 282 74
137 283 75
137 279 76
137 280 77
137 281 78
137 282 79
137 283 80
137 279 81
137 280 82
137 281 83
137 282 84
137 283 85
137 279 86
137 280 87
137 281 88
137 282 89
137 283 90
137 279 91
137 280 92
137 281 93
137 282 94
137 283 95
137 279 96
137 280 97
137 281 98
137 282 99
137 283 100
137 279 101
137 280 102
137 281 103
137 282 104
137 283 105
137 279 106
137 280 107
137 281 108
137 282 109
137 283 110
137 279 111
137 280 112
137 281 113
137 282 114
137 283 115
137 279 116
137 280 117
137 281 118
137 282 119
137 283 120
137 279 121
137 280 122
137 281 123
137 282 124
137 283 125
137 279 126
137 280 127
137 281 128
137 282 129
137 283 130
137 279 131
137 280 132
137 281 133
137 282 134
137 283 135
137 279 136
137 280 137
137 281 138
137 282 139
137 283 140
137 279 141
137 280 142
137 281 143
137 282 144
137 283 145
137 279 146
137 280 147
137 281 148
137 282 149
137 283 150
137 279 151
137 280 152
137 281 153
137 282 154
137 283 155
137 279 156
137 280 157
137 281 158
137 282 159
137 283 160
137 279 161
137 280 162
137 281 163
137 282 164
137 283 165
137 279 166
137 280 167
137 281 168
137 282 169
137 283 170
137 279 171
137 280 172
137 281 173
137 282 174
137 283 175
137 279 176
137 280 177
137 281 178
137 282 179
137 283 180
137 279 181
137 280 182
137 281 183
137 282 184
137 283 185
137 279 186
137 280 187
137 281 188
137 282 189
137 283 190
137 279 191
137 280 192
137 281 193
137 282 194
137 283 195
137 279 196
137 280 197
137 281 198
137 282 199
137 283 200
137 279 201
137 280 202
137 281 203
137 282 204
137 283 205
137 279 206
137 280 207
137 281 208
137 282 209
137 283 210
137 279 211
137 280 212
137 281 213
137 282 214
137 283 215
137 279 216
137 280 217
137 281 218
137 282 219
137 283 220
137 279 221
137 280 222
137 281 223
137 282 224
137 283 225
137 279 226
137 280 227
137 281 228
137 282 229
137 283 230
137 279 231
137 280 232
137 281 233
137 282 234
137 283 235
137 279 236
137 280 237
137 281 238
137 282 239
137 283 240
137 279 241
137 280 242
137 281 243
137 282 244
137 283 245
