126 132 1
127 132 1
128 132 1
129 132 1
130 132 1
126 133 2
127 133 2
128 133 2
129 133 2
130 133 2
126 132 3
127 132 3
128 132 3
129 132 3
130 132 3
126 133 4
127 133 4
128 133 4
129 133 4
130 133 4
126 132 5
127 132 5
128 132 5
129 132 5
130 132 5
126 133 6
127 133 6
128 133 6
129 133 6
130 133 6
126 132 7
127 132 7
128 132 7
129 132 7
130 132 7
126 133 8
127 133 8
128 133 8
129 133 8
130 133 8
126 132 9
127 132 9
128 132 9
129 132 9
130 132 9
126 133 10
127 133 10
128 133 10
129 133 10
130 133 10
126 132 11
127 132 11
128 132 11
129 132 11
130 132 11
126 133 12
127 133 12
128 133 12
129 133 12
130 133 12
126 132 13
127 132 13
128 132 13
129 132 13
130 132 13
126 133 14
127 133 14
128 133 14
129 133 14
130 133 14
126 132 15
127 132 15
128 132 15
129 132 15
130 132 15
126 133 16
127 133 16
128 133 16
129 133 16
130 133 16
126 132 17
127 132 17
128 132 17
129 132 17
130 132 17
126 133 18
127 133 18
128 133 18
129 133 18
130 133 18
126 132 19
127 132 19
128 132 19
129 132 19
130 132 19
126 133 20
127 133 20
128 133 20
129 133 20
130 133 20
126 132 21
127 132 21
128 132 21
129 132 21
130 132 21
126 133 22
127 133 22
128 133 22
129 133 22
130 133 22
126 132 23
127 132 23
128 132 23
129 132 23
130 132 23
126 133 24
127 133 24
128 133 24
129 133 24
130 133 24
126 132 25
127 132 25
128 132 25
129 132 25
130 132 25
126 133 26
127 133 26
128 133 26
129 133 26
130 133 26
126 132 27
127 132 27
128 132 27
129 132 27
130 132 27
126 133 28
127 133 28
128 133 28
129 133 28
130 133 28
126 132 29
127 132 29
128 132 29
129 132 29
130 132 29
126 133 30
127 133 30
128 133 30
129 133 30
130 133 30
126 132 31
127 132 31
128 132 31
129 132 31
130 132 31
126 133 32
127 133 32
128 133 32
129 133 32
130 133 32
126 132 33
127 132 33
128 132 33
129 132 33
130 132 33
126 133 34
127 133 34
128 133 34
129 133 34
130 133 34
126 132 35
127 132 35
128 132 35
129 132 35
130 132 35
126 133 36
127 133 36
128 133 36
129 133 36
130 133 36
126 132 37
127 132 37
128 132 37
129 132 37
130 132 37
126 133 38
127 133 38
128 133 38
129 133 38
130 133 38
126 132 39
127 132 39
128 132 39
129 132 39
130 132 39
126 133 40
127 133 40
128 133 40
129 133 40
130 133 40
126 132 41
127 132 41
128 132 41
129 132 41
130 132 41
126 133 42
127 133 42
128 133 42
129 133 42
130 133 42
126 132 43
127 132 43
128 132 43
129 132 43
130 132 43
126 133 44
127 133 44
128 133 44
129 133 44
130 133 44
126 132 45
127 132 45
128 132 45
129 132 45
130 132 45
126 133 46
127 133 46
128 133 46
129 133 46
130 133 46
126 132 47
127 132 47
128 132 47
129 132 47
130 132 47
126 133 48
127 133 48
128 133 48
129 133 48
130 133 48
