38 39 1
38 40 2
38 39 3
38 40 4
38 39 5
38 40 6
38 39 7
38 40 8
38 39 9
38 40 10
38 39 11
38 40 12
38 39 13
38 40 14
38 39 15
38 40 16
38 39 17
38 40 18
38 39 19
38 40 20
38 39 21
38 40 22
38 39 23
38 40 24
38 39 25
38 40 26
38 39 27
38 40 28
38 39 29
38 40 30
38 39 31
38 40 32
38 39 33
38 40 34
38 39 35
38 40 36
38 39 37
38 40 38
38 39 39
38 40 40
38 39 41
38 40 42
38 39 43
38 40 44
38 39 45
38 40 46
38 39 47
38 40 48
38 39 49
38 40 50
38 39 51
38 40 52
38 39 53
38 40 54
38 39 55
38 40 56
38 39 57
38 40 58
38 39 59
38 40 60
38 39 61
38 40 62
38 39 63
38 40 64
38 39 65
38 40 66
38 39 67
38 40 68
38 39 69
38 40 70
38 39 71
38 40 72
38 39 73
38 40 74
38 39 75
38 40 76
38 39 77
38 40 78
38 39 79
38 40 80
38 39 81
38 40 82
38 39 83
38 40 84
38 39 85
38 40 86
38 39 87
38 40 88
38 39 89
38 40 90
38 39 91
38 40 92
38 39 93
38 40 94
38 39 95
38 40 96
38 39 97
38 40 98
38 39 99
38 40 100
38 39 101
38 40 102
38 39 103
38 40 104
38 39 105
38 40 106
38 39 107
38 40 108
38 39 109
38 40 110
38 39 111
38 40 112
38 39 113
38 40 114
38 39 115
38 40 116
38 39 117
38 40 118
38 39 119
38 40 120
38 39 121
38 40 122
38 39 123
38 40 124
38 39 125
38 40 126
38 39 127
38 40 128
38 39 129
38 40 130
38 39 131
38 40 132
38 39 133
38 40 134
38 39 135
38 40 136
38 39 137
38 40 138
38 39 139
38 40 140
38 39 141
38 40 142
38 39 143
38 40 144
38 39 145
38 40 146
38 39 147
38 40 148
38 39 149
38 40 150
38 39 151
38 40 152
38 39 153
38 40 154
38 39 155
38 40 156
38 39 157
38 40 158
38 39 159
38 40 160
38 39 161
38 40 162
38 39 163
38 40 164
38 39 165
38 40 166
38 39 167
38 40 168
38 39 169
38 40 170
38 39 171
38 40 172
38 39 173
38 40 174
38 39 175
38 40 176
38 39 177
38 40 178
38 39 179
38 40 180
38 39 181
38 40 182
38 39 183
38 40 184
38 39 185
38 40 186
38 39 187
38 40 188
38 39 189
38 40 190
38 39 191
38 40 192
38 39 193
38 40 194
38 39 195
38 40 196
38 39 197
38 40 198
38 39 199
38 40 200
38 39 201
38 40 202
38 39 203
38 40 204
38 39 205
38 40 206
38 39 207
38 40 208
38 39 209
38 40 210
38 39 211
38 40 212
38 39 213
38 40 214
38 39 215
38 40 216
38 39 217
38 40 218
38 39 219
38 40 220
38 39 221
38 40 222
38 39 223
38 40 224
38 39 225
38 40 226
38 39 227
38 40 228
38 39 229
38 40 230
38 39 231
38 40 232
38 39 233
38 40 234
38 39 235
38 40 236
38 39 237
38 40 238
38 39 239
38 40 240
38 39 241
38 40 242
38 39 243
38 40 244
