255 269 1
256 269 1
255 269 2
256 269 2
255 269 3
256 269 3
255 269 4
256 269 4
255 269 5
256 269 5
255 269 6
256 269 6
255 269 7
256 269 7
255 269 8
256 269 8
255 269 9
256 269 9
255 269 10
256 269 10
255 269 11
256 269 11
255 269 12
256 269 12
255 269 13
256 269 13
255 269 14
256 269 14
255 269 15
256 269 15
255 269 16
256 269 16
255 269 17
256 269 17
255 269 18
256 269 18
255 269 19
256 269 19
255 269 20
256 269 20
255 269 21
256 269 21
255 269 22
256 269 22
255 269 23
256 269 23
255 269 24
256 269 24
255 269 25
256 269 25
255 269 26
256 269 26
255 269 27
256 269 27
255 269 28
256 269 28
255 269 29
256 269 29
255 269 30
256 269 30
255 269 31
256 269 31
255 269 32
256 269 32
255 269 33
256 269 33
255 269 34
256 269 34
255 269 35
256 269 35
255 269 36
256 269 36
255 269 37
256 269 37
255 269 38
256 269 38
255 269 39
256 269 39
255 269 40
256 269 40
255 269 41
256 269 41
255 269 42
256 269 42
255 269 43
256 269 43
255 269 44
256 269 44
255 269 45
256 269 45
255 269 46
256 269 46
255 269 47
256 269 47
255 269 48
256 269 48
255 269 49
256 269 49
255 269 50
256 269 50
255 269 51
256 269 51
255 269 52
256 269 52
255 269 53
256 269 53
255 269 54
256 269 54
255 269 55
256 269 55
255 269 56
256 269 56
255 269 57
256 269 57
255 269 58
256 269 58
255 269 59
256 269 59
255 269 60
256 269 60
255 269 61
256 269 61
255 269 62
256 269 62
255 269 63
256 269 63
255 269 64
256 269 64
255 269 65
256 269 65
255 269 66
256 269 66
255 269 67
256 269 67
255 269 68
256 269 68
255 269 69
256 269 69
255 269 70
256 269 70
255 269 71
256 269 71
255 269 72
256 269 72
255 269 73
256 269 73
255 269 74
256 269 74
255 269 75
256 269 75
255 269 76
256 269 76
255 269 77
256 269 77
255 269 78
256 269 78
255 269 79
256 269 79
255 269 80
256 269 80
255 269 81
256 269 81
255 269 82
256 269 82
255 269 83
256 269 83
255 269 84
256 269 84
255 269 85
256 269 85
255 269 86
256 269 86
255 269 87
256 269 87
255 269 88
256 269 88
255 269 89
256 269 89
255 269 90
256 269 90
255 269 91
256 269 91
255 269 92
256 269 92
255 269 93
256 269 93
255 269 94
256 269 94
255 269 95
256 269 95
255 269 96
256 269 96
255 269 97
256 269 97
255 269 98
256 269 98
255 269 99
256 269 99
255 269 100
256 269 100
255 269 101
256 269 101
255 269 102
256 269 102
255 269 103
256 269 103
255 269 104
256 269 104
255 269 105
256 269 105
255 269 106
256 269 106
255 269 107
256 269 107
255 269 108
256 269 108
255 269 109
256 269 109
255 269 110
256 269 110
255 269 111
256 269 111
255 269 112
256 269 112
255 269 113
256 269 113
255 269 114
256 269 114
255 269 115
256 269 115
255 269 116
256 269 116
255 269 117
256 269 117
255 269 118
256 269 118
255 269 119
256 269 119
255 269 120
256 269 120
255 269 121
256 269 121
255 269 122
256 269 122
