72 83 1
73 83 1
74 83 1
75 83 1
76 83 1
72 83 2
73 83 2
74 83 2
75 83 2
76 83 2
72 83 3
73 83 3
74 83 3
75 83 3
76 83 3
72 83 4
73 83 4
74 83 4
75 83 4
76 83 4
72 83 5
73 83 5
74 83 5
75 83 5
76 83 5
72 83 6
73 83 6
74 83 6
75 83 6
76 83 6
72 83 7
73 83 7
74 83 7
75 83 7
76 83 7
72 83 8
73 83 8
74 83 8
75 83 8
76 83 8
72 83 9
73 83 9
74 83 9
75 83 9
76 83 9
72 83 10
73 83 10
74 83 10
75 83 10
76 83 10
72 83 11
73 83 11
74 83 11
75 83 11
76 83 11
72 83 12
73 83 12
74 83 12
75 83 12
76 83 12
72 83 13
73 83 13
74 83 13
75 83 13
76 83 13
72 83 14
73 83 14
74 83 14
75 83 14
76 83 14
72 83 15
73 83 15
74 83 15
75 83 15
76 83 15
72 83 16
73 83 16
74 83 16
75 83 16
76 83 16
72 83 17
73 83 17
74 83 17
75 83 17
76 83 17
72 83 18
73 83 18
74 83 18
75 83 18
76 83 18
72 83 19
73 83 19
74 83 19
75 83 19
76 83 19
72 83 20
73 83 20
74 83 20
75 83 20
76 83 20
72 83 21
73 83 21
74 83 21
75 83 21
76 83 21
72 83 22
73 83 22
74 83 22
75 83 22
76 83 22
72 83 23
73 83 23
74 83 23
75 83 23
76 83 23
72 83 24
73 83 24
74 83 24
75 83 24
76 83 24
72 83 25
73 83 25
74 83 25
75 83 25
76 83 25
72 83 26
73 83 26
74 83 26
75 83 26
76 83 26
72 83 27
73 83 27
74 83 27
75 83 27
76 83 27
72 83 28
73 83 28
74 83 28
75 83 28
76 83 28
72 83 29
73 83 29
74 83 29
75 83 29
76 83 29
72 83 30
73 83 30
74 83 30
75 83 30
76 83 30
72 83 31
73 83 31
74 83 31
75 83 31
76 83 31
72 83 32
73 83 32
74 83 32
75 83 32
76 83 32
72 83 33
73 83 33
74 83 33
75 83 33
76 83 33
72 83 34
73 83 34
74 83 34
75 83 34
76 83 34
72 83 35
73 83 35
74 83 35
75 83 35
76 83 35
72 83 36
73 83 36
74 83 36
75 83 36
76 83 36
72 83 37
73 83 37
74 83 37
75 83 37
76 83 37
72 83 38
73 83 38
74 83 38
75 83 38
76 83 38
72 83 39
73 83 39
74 83 39
75 83 39
76 83 39
72 83 40
73 83 40
74 83 40
75 83 40
76 83 40
72 83 41
73 83 41
74 83 41
75 83 41
76 83 41
72 83 42
73 83 42
74 83 42
75 83 42
76 83 42
72 83 43
73 83 43
74 83 43
75 83 43
76 83 43
72 83 44
73 83 44
74 83 44
75 83 44
76 83 44
72 83 45
73 83 45
74 83 45
75 83 45
76 83 45
72 83 46
73 83 46
74 83 46
75 83 46
76 83 46
72 83 47
73 83 47
74 83 47
75 83 47
76 83 47
72 83 48
73 83 48
74 83 48
75 83 48
76 83 48
72 83 49
73 83 49
74 83 49
75 83 49
76 83 49
72 83 50
73 83 50
74 83 50
75 83 50
76 83 50
72 83 51
73 83 51
74 83 51
75 83 51
76 83 51
72 83 52
73 83 52
74 83 52
75 83 52
76 83 52
72 83 53
73 83 53
74 83 53
75 83 53
76 83 53
72 83 54
73 83 54
74 83 54
75 83 54
76 83 54
72 83 55
73 83 55
74 83 55
75 83 55
76 83 55
72 83 56
73 83 56
74 83 56
75 83 56
76 83 56
72 83 57
73 83 57
74 83 57
75 83 57
76 83 57
72 83 58
73 83 58
74 83 58
75 83 58
76 83 58
72 83 59
73 83 59
74 83 59
75 83 59
76 83 59
72 83 60
73 83 60
74 83 60
75 83 60
76 83 60
72 83 61
73 83 61
74 83 61
75 83 61
76 83 61
72 83 62
73 83 62
74 83 62
75 83 62
76 83 62
72 83 63
73 83 63
74 83 63
75 83 63
76 83 63
72 83 64
73 83 64
74 83 64
75 83 64
76 83 64
72 83 65
73 83 65
74 83 65
75 83 65
76 83 65
72 83 66
73 83 66
74 83 66
75 83 66
76 83 66
72 83 67
73 83 67
74 83 67
75 83 67
76 83 67
72 83 68
73 83 68
74 83 68
75 83 68
76 83 68
72 83 69
73 83 69
74 83 69
75 83 69
76 83 69
72 83 70
73 83 70
74 83 70
75 83 70
76 83 70
72 83 71
73 83 71
74 83 71
75 83 71
76 83 71
72 83 72
73 83 72
74 83 72
75 83 72
76 83 72
72 83 73
73 83 73
74 83 73
75 83 73
76 83 73
72 83 74
73 83 74
74 83 74
75 83 74
76 83 74
72 83 75
73 83 75
74 83 75
75 83 75
76 83 75
72 83 76
73 83 76
74 83 76
75 83 76
76 83 76
72 83 77
73 83 77
74 83 77
75 83 77
76 83 77
72 83 78
73 83 78
74 83 78
75 83 78
76 83 78
72 83 79
73 83 79
74 83 79
75 83 79
76 83 79
72 83 80
73 83 80
74 83 80
75 83 80
76 83 80
72 83 81
73 83 81
74 83 81
75 83 81
76 83 81
72 83 82
73 83 82
74 83 82
75 83 82
76 83 82
72 83 83
73 83 83
74 83 83
75 83 83
76 83 83
72 83 84
73 83 84
74 83 84
75 83 84
76 83 84
72 83 85
73 83 85
74 83 85
75 83 85
76 83 85
72 83 86
73 83 86
74 83 86
75 83 86
76 83 86
72 83 87
73 83 87
74 83 87
75 83 87
76 83 87
72 83 88
73 83 88
74 83 88
75 83 88
76 83 88
72 83 89
73 83 89
74 83 89
75 83 89
76 83 89
72 83 90
73 83 90
74 83 90
75 83 90
76 83 90
72 83 91
73 83 91
74 83 91
75 83 91
76 83 91
72 83 92
73 83 92
74 83 92
75 83 92
76 83 92
72 83 93
73 83 93
74 83 93
75 83 93
76 83 93
72 83 94
73 83 94
74 83 94
75 83 94
76 83 94
72 83 95
73 83 95
74 83 95
75 83 95
76 83 95
72 83 96
73 83 96
74 83 96
75 83 96
76 83 96
72 83 97
73 83 97
74 83 97
75 83 97
76 83 97
72 83 98
73 83 98
74 83 98
75 83 98
76 83 98
72 83 99
73 83 99
74 83 99
75 83 99
76 83 99
72 83 100
73 83 100
74 83 100
75 83 100
76 83 100
72 83 101
73 83 101
74 83 101
75 83 101
76 83 101
72 83 102
73 83 102
74 83 102
75 83 102
76 83 102
72 83 103
73 83 103
74 83 103
75 83 103
76 83 103
72 83 104
73 83 104
74 83 104
75 83 104
76 83 104
72 83 105
73 83 105
74 83 105
75 83 105
76 83 105
72 83 106
73 83 106
74 83 106
75 83 106
76 83 106
72 83 107
73 83 107
74 83 107
75 83 107
76 83 107
72 83 108
73 83 108
74 83 108
75 83 108
76 83 108
72 83 109
73 83 109
74 83 109
75 83 109
76 83 109
72 83 110
73 83 110
74 83 110
75 83 110
76 83 110
72 83 111
73 83 111
74 83 111
75 83 111
76 83 111
72 83 112
73 83 112
74 83 112
75 83 112
76 83 112
72 83 113
73 83 113
74 83 113
75 83 113
76 83 113
72 83 114
73 83 114
74 83 114
75 83 114
76 83 114
72 83 115
73 83 115
74 83 115
75 83 115
76 83 115
72 83 116
73 83 116
74 83 116
75 83 116
76 83 116
72 83 117
73 83 117
74 83 117
75 83 117
76 83 117
72 83 118
73 83 118
74 83 118
75 83 118
76 83 118
72 83 119
73 83 119
74 83 119
75 83 119
76 83 119
72 83 120
73 83 120
74 83 120
75 83 120
76 83 120
72 83 121
73 83 121
74 83 121
75 83 121
76 83 121
72 83 122
73 83 122
74 83 122
75 83 122
76 83 122
72 83 123
73 83 123
74 83 123
75 83 123
76 83 123
72 83 124
73 83 124
74 83 124
75 83 124
76 83 124
72 83 125
73 83 125
74 83 125
75 83 125
76 83 125
72 83 126
73 83 126
74 83 126
75 83 126
76 83 126
72 83 127
73 83 127
74 83 127
75 83 127
76 83 127
72 83 128
73 83 128
74 83 128
75 83 128
76 83 128
72 83 129
73 83 129
74 83 129
75 83 129
76 83 129
72 83 130
73 83 130
74 83 130
75 83 130
76 83 130
72 83 131
73 83 131
74 83 131
75 83 131
76 83 131
72 83 132
73 83 132
74 83 132
75 83 132
76 83 132
72 83 133
73 83 133
74 83 133
75 83 133
76 83 133
72 83 134
73 83 134
74 83 134
75 83 134
76 83 134
72 83 135
73 83 135
74 83 135
75 83 135
76 83 135
72 83 136
73 83 136
74 83 136
75 83 136
76 83 136
72 83 137
73 83 137
74 83 137
75 83 137
76 83 137
72 83 138
73 83 138
74 83 138
75 83 138
76 83 138
72 83 139
73 83 139
74 83 139
75 83 139
76 83 139
72 83 140
73 83 140
74 83 140
75 83 140
76 83 140
72 83 141
73 83 141
74 83 141
75 83 141
76 83 141
72 83 142
73 83 142
74 83 142
75 83 142
76 83 142
72 83 143
73 83 143
74 83 143
75 83 143
76 83 143
72 83 144
73 83 144
74 83 144
75 83 144
76 83 144
72 83 145
73 83 145
74 83 145
75 83 145
76 83 145
72 83 146
73 83 146
74 83 146
75 83 146
76 83 146
72 83 147
73 83 147
74 83 147
75 83 147
76 83 147
72 83 148
73 83 148
74 83 148
75 83 148
76 83 148
72 83 149
73 83 149
74 83 149
75 83 149
76 83 149
72 83 150
73 83 150
74 83 150
75 83 150
76 83 150
72 83 151
73 83 151
74 83 151
75 83 151
76 83 151
72 83 152
73 83 152
74 83 152
75 83 152
76 83 152
72 83 153
73 83 153
74 83 153
75 83 153
76 83 153
72 83 154
73 83 154
74 83 154
75 83 154
76 83 154
72 83 155
73 83 155
74 83 155
75 83 155
76 83 155
72 83 156
73 83 156
74 83 156
75 83 156
76 83 156
72 83 157
73 83 157
74 83 157
75 83 157
76 83 157
72 83 158
73 83 158
74 83 158
75 83 158
76 83 158
72 83 159
73 83 159
74 83 159
75 83 159
76 83 159
72 83 160
73 83 160
74 83 160
75 83 160
76 83 160
72 83 161
73 83 161
74 83 161
75 83 161
76 83 161
72 83 162
73 83 162
74 83 162
75 83 162
76 83 162
72 83 163
73 83 163
74 83 163
75 83 163
76 83 163
72 83 164
73 83 164
74 83 164
75 83 164
76 83 164
72 83 165
73 83 165
74 83 165
75 83 165
76 83 165
72 83 166
73 83 166
74 83 166
75 83 166
76 83 166
72 83 167
73 83 167
74 83 167
75 83 167
76 83 167
72 83 168
73 83 168
74 83 168
75 83 168
76 83 168
72 83 169
73 83 169
74 83 169
75 83 169
76 83 169
72 83 170
73 83 170
74 83 170
75 83 170
76 83 170
72 83 171
73 83 171
74 83 171
75 83 171
76 83 171
72 83 172
73 83 172
74 83 172
75 83 172
76 83 172
72 83 173
73 83 173
74 83 173
75 83 173
76 83 173
72 83 174
73 83 174
74 83 174
75 83 174
76 83 174
72 83 175
73 83 175
74 83 175
75 83 175
76 83 175
72 83 176
73 83 176
74 83 176
75 83 176
76 83 176
72 83 177
73 83 177
74 83 177
75 83 177
76 83 177
72 83 178
73 83 178
74 83 178
75 83 178
76 83 178
72 83 179
73 83 179
74 83 179
75 83 179
76 83 179
72 83 180
73 83 180
74 83 180
75 83 180
76 83 180
72 83 181
73 83 181
74 83 181
75 83 181
76 83 181
72 83 182
73 83 182
74 83 182
75 83 182
76 83 182
72 83 183
73 83 183
74 83 183
75 83 183
76 83 183
72 83 184
73 83 184
74 83 184
75 83 184
76 83 184
72 83 185
73 83 185
74 83 185
75 83 185
76 83 185
72 83 186
73 83 186
74 83 186
75 83 186
76 83 186
72 83 187
73 83 187
74 83 187
75 83 187
76 83 187
72 83 188
73 83 188
74 83 188
75 83 188
76 83 188
72 83 189
73 83 189
74 83 189
75 83 189
76 83 189
72 83 190
73 83 190
74 83 190
75 83 190
76 83 190
72 83 191
73 83 191
74 83 191
75 83 191
76 83 191
72 83 192
73 83 192
74 83 192
75 83 192
76 83 192
72 83 193
73 83 193
74 83 193
75 83 193
76 83 193
72 83 194
73 83 194
74 83 194
75 83 194
76 83 194
72 83 195
73 83 195
74 83 195
75 83 195
76 83 195
72 83 196
73 83 196
74 83 196
75 83 196
76 83 196
