14 17 1
14 17 2
14 17 3
14 17 4
14 17 5
14 17 6
14 17 7
14 17 8
14 17 9
14 17 10
14 17 11
14 17 12
14 17 13
14 17 14
14 17 15
14 17 16
14 17 17
14 17 18
14 17 19
14 17 20
14 17 21
14 17 22
14 17 23
14 17 24
14 17 25
14 17 26
14 17 27
14 17 28
14 17 29
14 17 30
14 17 31
14 17 32
14 17 33
14 17 34
14 17 35
14 17 36
14 17 37
14 17 38
14 17 39
14 17 40
14 17 41
14 17 42
14 17 43
14 17 44
14 17 45
14 17 46
14 17 47
14 17 48
14 17 49
14 17 50
14 17 51
14 17 52
14 17 53
14 17 54
14 17 55
14 17 56
14 17 57
14 17 58
14 17 59
14 17 60
14 17 61
14 17 62
14 17 63
14 17 64
14 17 65
14 17 66
14 17 67
14 17 68
14 17 69
14 17 70
14 17 71
14 17 72
14 17 73
14 17 74
14 17 75
14 17 76
14 17 77
14 17 78
14 17 79
14 17 80
14 17 81
14 17 82
14 17 83
14 17 84
14 17 85
14 17 86
14 17 87
14 17 88
14 17 89
14 17 90
14 17 91
14 17 92
14 17 93
14 17 94
14 17 95
14 17 96
14 17 97
14 17 98
14 17 99
14 17 100
14 17 101
14 17 102
14 17 103
14 17 104
14 17 105
14 17 106
14 17 107
14 17 108
14 17 109
14 17 110
14 17 111
14 17 112
14 17 113
14 17 114
14 17 115
14 17 116
14 17 117
14 17 118
14 17 119
14 17 120
14 17 121
14 17 122
14 17 123
14 17 124
14 17 125
14 17 126
14 17 127
14 17 128
14 17 129
14 17 130
14 17 131
14 17 132
14 17 133
14 17 134
14 17 135
14 17 136
14 17 137
14 17 138
14 17 139
14 17 140
14 17 141
14 17 142
14 17 143
14 17 144
14 17 145
14 17 146
14 17 147
14 17 148
14 17 149
14 17 150
14 17 151
14 17 152
14 17 153
14 17 154
14 17 155
14 17 156
14 17 157
14 17 158
14 17 159
14 17 160
14 17 161
14 17 162
14 17 163
14 17 164
14 17 165
14 17 166
14 17 167
14 17 168
14 17 169
14 17 170
14 17 171
14 17 172
14 17 173
14 17 174
14 17 175
14 17 176
14 17 177
14 17 178
14 17 179
14 17 180
14 17 181
14 17 182
14 17 183
14 17 184
14 17 185
14 17 186
14 17 187
14 17 188
14 17 189
14 17 190
14 17 191
14 17 192
14 17 193
14 17 194
14 17 195
14 17 196
14 17 197
14 17 198
14 17 199
14 17 200
14 17 201
14 17 202
14 17 203
14 17 204
14 17 205
14 17 206
14 17 207
14 17 208
14 17 209
14 17 210
14 17 211
14 17 212
14 17 213
14 17 214
14 17 215
14 17 216
14 17 217
14 17 218
14 17 219
14 17 220
14 17 221
14 17 222
14 17 223
14 17 224
14 17 225
14 17 226
14 17 227
14 17 228
14 17 229
14 17 230
14 17 231
14 17 232
14 17 233
14 17 234
14 17 235
14 17 236
14 17 237
14 17 238
14 17 239
14 17 240
14 17 241
14 17 242
14 17 243
14 17 244
14 17 245
