90 96 1
91 96 1
90 97 2
91 97 2
90 98 3
91 98 3
90 99 4
91 99 4
90 100 5
91 100 5
90 96 6
91 96 6
90 97 7
91 97 7
90 98 8
91 98 8
90 99 9
91 99 9
90 100 10
91 100 10
90 96 11
91 96 11
90 97 12
91 97 12
90 98 13
91 98 13
90 99 14
91 99 14
90 100 15
91 100 15
90 96 16
91 96 16
90 97 17
91 97 17
90 98 18
91 98 18
90 99 19
91 99 19
90 100 20
91 100 20
90 96 21
91 96 21
90 97 22
91 97 22
90 98 23
91 98 23
90 99 24
91 99 24
90 100 25
91 100 25
90 96 26
91 96 26
90 97 27
91 97 27
90 98 28
91 98 28
90 99 29
91 99 29
90 100 30
91 100 30
90 96 31
91 96 31
90 97 32
91 97 32
90 98 33
91 98 33
90 99 34
91 99 34
90 100 35
91 100 35
90 96 36
91 96 36
90 97 37
91 97 37
90 98 38
91 98 38
90 99 39
91 99 39
90 100 40
91 100 40
90 96 41
91 96 41
90 97 42
91 97 42
90 98 43
91 98 43
90 99 44
91 99 44
90 100 45
91 100 45
90 96 46
91 96 46
90 97 47
91 97 47
90 98 48
91 98 48
90 99 49
91 99 49
90 100 50
91 100 50
90 96 51
91 96 51
90 97 52
91 97 52
90 98 53
91 98 53
90 99 54
91 99 54
90 100 55
91 100 55
90 96 56
91 96 56
90 97 57
91 97 57
90 98 58
91 98 58
90 99 59
91 99 59
90 100 60
91 100 60
90 96 61
91 96 61
90 97 62
91 97 62
90 98 63
91 98 63
90 99 64
91 99 64
90 100 65
91 100 65
90 96 66
91 96 66
90 97 67
91 97 67
90 98 68
91 98 68
90 99 69
91 99 69
90 100 70
91 100 70
90 96 71
91 96 71
90 97 72
91 97 72
90 98 73
91 98 73
90 99 74
91 99 74
90 100 75
91 100 75
90 96 76
91 96 76
90 97 77
91 97 77
90 98 78
91 98 78
90 99 79
91 99 79
90 100 80
91 100 80
90 96 81
91 96 81
90 97 82
91 97 82
90 98 83
91 98 83
90 99 84
91 99 84
90 100 85
91 100 85
90 96 86
91 96 86
90 97 87
91 97 87
90 98 88
91 98 88
90 99 89
91 99 89
90 100 90
91 100 90
90 96 91
91 96 91
90 97 92
91 97 92
90 98 93
91 98 93
90 99 94
91 99 94
90 100 95
91 100 95
90 96 96
91 96 96
90 97 97
91 97 97
90 98 98
91 98 98
90 99 99
91 99 99
90 100 100
91 100 100
90 96 101
91 96 101
90 97 102
91 97 102
90 98 103
91 98 103
90 99 104
91 99 104
90 100 105
91 100 105
90 96 106
91 96 106
90 97 107
91 97 107
90 98 108
91 98 108
90 99 109
91 99 109
90 100 110
91 100 110
90 96 111
91 96 111
90 97 112
91 97 112
90 98 113
91 98 113
90 99 114
91 99 114
90 100 115
91 100 115
90 96 116
91 96 116
90 97 117
91 97 117
90 98 118
91 98 118
90 99 119
91 99 119
90 100 120
91 100 120
