230 237 1
230 238 2
230 237 3
230 238 4
230 237 5
230 238 6
230 237 7
230 238 8
230 237 9
230 238 10
230 237 11
230 238 12
230 237 13
230 238 14
230 237 15
230 238 16
230 237 17
230 238 18
230 237 19
230 238 20
230 237 21
230 238 22
230 237 23
230 238 24
230 237 25
230 238 26
230 237 27
230 238 28
230 237 29
230 238 30
230 237 31
230 238 32
230 237 33
230 238 34
230 237 35
230 238 36
230 237 37
230 238 38
230 237 39
230 238 40
230 237 41
230 238 42
230 237 43
230 238 44
230 237 45
230 238 46
230 237 47
230 238 48
230 237 49
230 238 50
230 237 51
230 238 52
230 237 53
230 238 54
230 237 55
230 238 56
230 237 57
230 238 58
230 237 59
230 238 60
230 237 61
230 238 62
230 237 63
230 238 64
230 237 65
230 238 66
230 237 67
230 238 68
230 237 69
230 238 70
230 237 71
230 238 72
230 237 73
230 238 74
230 237 75
230 238 76
230 237 77
230 238 78
230 237 79
230 238 80
230 237 81
230 238 82
230 237 83
230 238 84
230 237 85
230 238 86
230 237 87
230 238 88
230 237 89
230 238 90
230 237 91
230 238 92
230 237 93
230 238 94
230 237 95
230 238 96
230 237 97
230 238 98
230 237 99
230 238 100
230 237 101
230 238 102
230 237 103
230 238 104
230 237 105
230 238 106
230 237 107
230 238 108
230 237 109
230 238 110
230 237 111
230 238 112
230 237 113
230 238 114
230 237 115
230 238 116
230 237 117
230 238 118
230 237 119
230 238 120
230 237 121
230 238 122
230 237 123
230 238 124
230 237 125
230 238 126
230 237 127
230 238 128
230 237 129
230 238 130
230 237 131
230 238 132
230 237 133
230 238 134
230 237 135
230 238 136
230 237 137
230 238 138
230 237 139
230 238 140
230 237 141
230 238 142
230 237 143
230 238 144
230 237 145
230 238 146
230 237 147
230 238 148
230 237 149
230 238 150
230 237 151
230 238 152
230 237 153
230 238 154
230 237 155
230 238 156
230 237 157
230 238 158
230 237 159
230 238 160
230 237 161
230 238 162
230 237 163
230 238 164
230 237 165
230 238 166
230 237 167
230 238 168
230 237 169
230 238 170
230 237 171
230 238 172
230 237 173
230 238 174
230 237 175
230 238 176
230 237 177
230 238 178
230 237 179
230 238 180
230 237 181
230 238 182
230 237 183
230 238 184
230 237 185
230 238 186
230 237 187
230 238 188
230 237 189
230 238 190
230 237 191
230 238 192
230 237 193
230 238 194
230 237 195
230 238 196
230 237 197
230 238 198
230 237 199
230 238 200
230 237 201
230 238 202
230 237 203
230 238 204
230 237 205
230 238 206
230 237 207
230 238 208
230 237 209
230 238 210
230 237 211
230 238 212
230 237 213
230 238 214
230 237 215
230 238 216
230 237 217
230 238 218
230 237 219
230 238 220
230 237 221
230 238 222
230 237 223
230 238 224
230 237 225
230 238 226
230 237 227
230 238 228
230 237 229
230 238 230
230 237 231
230 238 232
230 237 233
230 238 234
230 237 235
230 238 236
230 237 237
230 238 238
230 237 239
230 238 240
230 237 241
230 238 242
230 237 243
230 238 244
