216 222 1
217 222 1
218 222 1
219 222 1
220 222 1
216 223 2
217 223 2
218 223 2
219 223 2
220 223 2
216 224 3
217 224 3
218 224 3
219 224 3
220 224 3
216 225 4
217 225 4
218 225 4
219 225 4
220 225 4
216 226 5
217 226 5
218 226 5
219 226 5
220 226 5
216 222 6
217 222 6
218 222 6
219 222 6
220 222 6
216 223 7
217 223 7
218 223 7
219 223 7
220 223 7
216 224 8
217 224 8
218 224 8
219 224 8
220 224 8
216 225 9
217 225 9
218 225 9
219 225 9
220 225 9
216 226 10
217 226 10
218 226 10
219 226 10
220 226 10
216 222 11
217 222 11
218 222 11
219 222 11
220 222 11
216 223 12
217 223 12
218 223 12
219 223 12
220 223 12
216 224 13
217 224 13
218 224 13
219 224 13
220 224 13
216 225 14
217 225 14
218 225 14
219 225 14
220 225 14
216 226 15
217 226 15
218 226 15
219 226 15
220 226 15
216 222 16
217 222 16
218 222 16
219 222 16
220 222 16
216 223 17
217 223 17
218 223 17
219 223 17
220 223 17
216 224 18
217 224 18
218 224 18
219 224 18
220 224 18
216 225 19
217 225 19
218 225 19
219 225 19
220 225 19
216 226 20
217 226 20
218 226 20
219 226 20
220 226 20
216 222 21
217 222 21
218 222 21
219 222 21
220 222 21
216 223 22
217 223 22
218 223 22
219 223 22
220 223 22
216 224 23
217 224 23
218 224 23
219 224 23
220 224 23
216 225 24
217 225 24
218 225 24
219 225 24
220 225 24
216 226 25
217 226 25
218 226 25
219 226 25
220 226 25
216 222 26
217 222 26
218 222 26
219 222 26
220 222 26
216 223 27
217 223 27
218 223 27
219 223 27
220 223 27
216 224 28
217 224 28
218 224 28
219 224 28
220 224 28
216 225 29
217 225 29
218 225 29
219 225 29
220 225 29
216 226 30
217 226 30
218 226 30
219 226 30
220 226 30
216 222 31
217 222 31
218 222 31
219 222 31
220 222 31
216 223 32
217 223 32
218 223 32
219 223 32
220 223 32
216 224 33
217 224 33
218 224 33
219 224 33
220 224 33
216 225 34
217 225 34
218 225 34
219 225 34
220 225 34
216 226 35
217 226 35
218 226 35
219 226 35
220 226 35
216 222 36
217 222 36
218 222 36
219 222 36
220 222 36
216 223 37
217 223 37
218 223 37
219 223 37
220 223 37
216 224 38
217 224 38
218 224 38
219 224 38
220 224 38
216 225 39
217 225 39
218 225 39
219 225 39
220 225 39
216 226 40
217 226 40
218 226 40
219 226 40
220 226 40
216 222 41
217 222 41
218 222 41
219 222 41
220 222 41
216 223 42
217 223 42
218 223 42
219 223 42
220 223 42
216 224 43
217 224 43
218 224 43
219 224 43
220 224 43
216 225 44
217 225 44
218 225 44
219 225 44
220 225 44
216 226 45
217 226 45
218 226 45
219 226 45
220 226 45
216 222 46
217 222 46
218 222 46
219 222 46
220 222 46
216 223 47
217 223 47
218 223 47
219 223 47
220 223 47
216 224 48
217 224 48
218 224 48
219 224 48
220 224 48
216 225 49
217 225 49
218 225 49
219 225 49
220 225 49
216 226 50
217 226 50
218 226 50
219 226 50
220 226 50
216 222 51
217 222 51
218 222 51
219 222 51
220 222 51
216 223 52
217 223 52
218 223 52
219 223 52
220 223 52
216 224 53
217 224 53
218 224 53
219 224 53
220 224 53
216 225 54
217 225 54
218 225 54
219 225 54
220 225 54
216 226 55
217 226 55
218 226 55
219 226 55
220 226 55
216 222 56
217 222 56
218 222 56
219 222 56
220 222 56
216 223 57
217 223 57
218 223 57
219 223 57
220 223 57
216 224 58
217 224 58
218 224 58
219 224 58
220 224 58
216 225 59
217 225 59
218 225 59
219 225 59
220 225 59
216 226 60
217 226 60
218 226 60
219 226 60
220 226 60
216 222 61
217 222 61
218 222 61
219 222 61
220 222 61
216 223 62
217 223 62
218 223 62
219 223 62
220 223 62
216 224 63
217 224 63
218 224 63
219 224 63
220 224 63
216 225 64
217 225 64
218 225 64
219 225 64
220 225 64
216 226 65
217 226 65
218 226 65
219 226 65
220 226 65
216 222 66
217 222 66
218 222 66
219 222 66
220 222 66
216 223 67
217 223 67
218 223 67
219 223 67
220 223 67
216 224 68
217 224 68
218 224 68
219 224 68
220 224 68
216 225 69
217 225 69
218 225 69
219 225 69
220 225 69
216 226 70
217 226 70
218 226 70
219 226 70
220 226 70
216 222 71
217 222 71
218 222 71
219 222 71
220 222 71
216 223 72
217 223 72
218 223 72
219 223 72
220 223 72
216 224 73
217 224 73
218 224 73
219 224 73
220 224 73
216 225 74
217 225 74
218 225 74
219 225 74
220 225 74
216 226 75
217 226 75
218 226 75
219 226 75
220 226 75
216 222 76
217 222 76
218 222 76
219 222 76
220 222 76
216 223 77
217 223 77
218 223 77
219 223 77
220 223 77
216 224 78
217 224 78
218 224 78
219 224 78
220 224 78
216 225 79
217 225 79
218 225 79
219 225 79
220 225 79
216 226 80
217 226 80
218 226 80
219 226 80
220 226 80
216 222 81
217 222 81
218 222 81
219 222 81
220 222 81
216 223 82
217 223 82
218 223 82
219 223 82
220 223 82
216 224 83
217 224 83
218 224 83
219 224 83
220 224 83
216 225 84
217 225 84
218 225 84
219 225 84
220 225 84
216 226 85
217 226 85
218 226 85
219 226 85
220 226 85
216 222 86
217 222 86
218 222 86
219 222 86
220 222 86
216 223 87
217 223 87
218 223 87
219 223 87
220 223 87
216 224 88
217 224 88
218 224 88
219 224 88
220 224 88
216 225 89
217 225 89
218 225 89
219 225 89
220 225 89
216 226 90
217 226 90
218 226 90
219 226 90
220 226 90
216 222 91
217 222 91
218 222 91
219 222 91
220 222 91
216 223 92
217 223 92
218 223 92
219 223 92
220 223 92
216 224 93
217 224 93
218 224 93
219 224 93
220 224 93
216 225 94
217 225 94
218 225 94
219 225 94
220 225 94
216 226 95
217 226 95
218 226 95
219 226 95
220 226 95
216 222 96
217 222 96
218 222 96
219 222 96
220 222 96
216 223 97
217 223 97
218 223 97
219 223 97
220 223 97
216 224 98
217 224 98
218 224 98
219 224 98
220 224 98
216 225 99
217 225 99
218 225 99
219 225 99
220 225 99
216 226 100
217 226 100
218 226 100
219 226 100
220 226 100
216 222 101
217 222 101
218 222 101
219 222 101
220 222 101
216 223 102
217 223 102
218 223 102
219 223 102
220 223 102
216 224 103
217 224 103
218 224 103
219 224 103
220 224 103
216 225 104
217 225 104
218 225 104
219 225 104
220 225 104
216 226 105
217 226 105
218 226 105
219 226 105
220 226 105
216 222 106
217 222 106
218 222 106
219 222 106
220 222 106
216 223 107
217 223 107
218 223 107
219 223 107
220 223 107
216 224 108
217 224 108
218 224 108
219 224 108
220 224 108
216 225 109
217 225 109
218 225 109
219 225 109
220 225 109
216 226 110
217 226 110
218 226 110
219 226 110
220 226 110
216 222 111
217 222 111
218 222 111
219 222 111
220 222 111
216 223 112
217 223 112
218 223 112
219 223 112
220 223 112
216 224 113
217 224 113
218 224 113
219 224 113
220 224 113
216 225 114
217 225 114
218 225 114
219 225 114
220 225 114
216 226 115
217 226 115
218 226 115
219 226 115
220 226 115
216 222 116
217 222 116
218 222 116
219 222 116
220 222 116
216 223 117
217 223 117
218 223 117
219 223 117
220 223 117
216 224 118
217 224 118
218 224 118
219 224 118
220 224 118
216 225 119
217 225 119
218 225 119
219 225 119
220 225 119
216 226 120
217 226 120
218 226 120
219 226 120
220 226 120
216 222 121
217 222 121
218 222 121
219 222 121
220 222 121
216 223 122
217 223 122
218 223 122
219 223 122
220 223 122
216 224 123
217 224 123
218 224 123
219 224 123
220 224 123
216 225 124
217 225 124
218 225 124
219 225 124
220 225 124
216 226 125
217 226 125
218 226 125
219 226 125
220 226 125
216 222 126
217 222 126
218 222 126
219 222 126
220 222 126
216 223 127
217 223 127
218 223 127
219 223 127
220 223 127
216 224 128
217 224 128
218 224 128
219 224 128
220 224 128
216 225 129
217 225 129
218 225 129
219 225 129
220 225 129
216 226 130
217 226 130
218 226 130
219 226 130
220 226 130
216 222 131
217 222 131
218 222 131
219 222 131
220 222 131
216 223 132
217 223 132
218 223 132
219 223 132
220 223 132
216 224 133
217 224 133
218 224 133
219 224 133
220 224 133
216 225 134
217 225 134
218 225 134
219 225 134
220 225 134
216 226 135
217 226 135
218 226 135
219 226 135
220 226 135
216 222 136
217 222 136
218 222 136
219 222 136
220 222 136
216 223 137
217 223 137
218 223 137
219 223 137
220 223 137
216 224 138
217 224 138
218 224 138
219 224 138
220 224 138
216 225 139
217 225 139
218 225 139
219 225 139
220 225 139
216 226 140
217 226 140
218 226 140
219 226 140
220 226 140
216 222 141
217 222 141
218 222 141
219 222 141
220 222 141
216 223 142
217 223 142
218 223 142
219 223 142
220 223 142
216 224 143
217 224 143
218 224 143
219 224 143
220 224 143
216 225 144
217 225 144
218 225 144
219 225 144
220 225 144
216 226 145
217 226 145
218 226 145
219 226 145
220 226 145
216 222 146
217 222 146
218 222 146
219 222 146
220 222 146
216 223 147
217 223 147
218 223 147
219 223 147
220 223 147
216 224 148
217 224 148
218 224 148
219 224 148
220 224 148
216 225 149
217 225 149
218 225 149
219 225 149
220 225 149
216 226 150
217 226 150
218 226 150
219 226 150
220 226 150
216 222 151
217 222 151
218 222 151
219 222 151
220 222 151
216 223 152
217 223 152
218 223 152
219 223 152
220 223 152
216 224 153
217 224 153
218 224 153
219 224 153
220 224 153
216 225 154
217 225 154
218 225 154
219 225 154
220 225 154
216 226 155
217 226 155
218 226 155
219 226 155
220 226 155
216 222 156
217 222 156
218 222 156
219 222 156
220 222 156
216 223 157
217 223 157
218 223 157
219 223 157
220 223 157
216 224 158
217 224 158
218 224 158
219 224 158
220 224 158
216 225 159
217 225 159
218 225 159
219 225 159
220 225 159
216 226 160
217 226 160
218 226 160
219 226 160
220 226 160
216 222 161
217 222 161
218 222 161
219 222 161
220 222 161
216 223 162
217 223 162
218 223 162
219 223 162
220 223 162
216 224 163
217 224 163
218 224 163
219 224 163
220 224 163
216 225 164
217 225 164
218 225 164
219 225 164
220 225 164
216 226 165
217 226 165
218 226 165
219 226 165
220 226 165
216 222 166
217 222 166
218 222 166
219 222 166
220 222 166
216 223 167
217 223 167
218 223 167
219 223 167
220 223 167
216 224 168
217 224 168
218 224 168
219 224 168
220 224 168
216 225 169
217 225 169
218 225 169
219 225 169
220 225 169
216 226 170
217 226 170
218 226 170
219 226 170
220 226 170
216 222 171
217 222 171
218 222 171
219 222 171
220 222 171
216 223 172
217 223 172
218 223 172
219 223 172
220 223 172
216 224 173
217 224 173
218 224 173
219 224 173
220 224 173
216 225 174
217 225 174
218 225 174
219 225 174
220 225 174
216 226 175
217 226 175
218 226 175
219 226 175
220 226 175
216 222 176
217 222 176
218 222 176
219 222 176
220 222 176
216 223 177
217 223 177
218 223 177
219 223 177
220 223 177
216 224 178
217 224 178
218 224 178
219 224 178
220 224 178
216 225 179
217 225 179
218 225 179
219 225 179
220 225 179
216 226 180
217 226 180
218 226 180
219 226 180
220 226 180
216 222 181
217 222 181
218 222 181
219 222 181
220 222 181
216 223 182
217 223 182
218 223 182
219 223 182
220 223 182
216 224 183
217 224 183
218 224 183
219 224 183
220 224 183
216 225 184
217 225 184
218 225 184
219 225 184
220 225 184
216 226 185
217 226 185
218 226 185
219 226 185
220 226 185
216 222 186
217 222 186
218 222 186
219 222 186
220 222 186
216 223 187
217 223 187
218 223 187
219 223 187
220 223 187
216 224 188
217 224 188
218 224 188
219 224 188
220 224 188
216 225 189
217 225 189
218 225 189
219 225 189
220 225 189
216 226 190
217 226 190
218 226 190
219 226 190
220 226 190
216 222 191
217 222 191
218 222 191
219 222 191
220 222 191
216 223 192
217 223 192
218 223 192
219 223 192
220 223 192
216 224 193
217 224 193
218 224 193
219 224 193
220 224 193
216 225 194
217 225 194
218 225 194
219 225 194
220 225 194
216 226 195
217 226 195
218 226 195
219 226 195
220 226 195
