95 279 1
95 280 2
95 281 3
95 282 4
95 283 5
95 279 6
95 280 7
95 281 8
95 282 9
95 283 10
95 279 11
95 280 12
95 281 13
95 282 14
95 283 15
95 279 16
95 280 17
95 281 18
95 282 19
95 283 20
95 279 21
95 280 22
95 281 23
95 282 24
95 283 25
95 279 26
95 280 27
95 281 28
95 282 29
95 283 30
95 279 31
95 280 32
95 281 33
95 282 34
95 283 35
95 279 36
95 280 37
95 281 38
95 282 39
95 283 40
95 279 41
95 280 42
95 281 43
95 282 44
95 283 45
95 279 46
95 280 47
95 281 48
95 282 49
95 283 50
95 279 51
95 280 52
95 281 53
95 282 54
95 283 55
95 279 56
95 280 57
95 281 58
95 282 59
95 283 60
95 279 61
95 280 62
95 281 63
95 282 64
95 283 65
95 279 66
95 280 67
95 281 68
95 282 69
95 283 70
95 279 71
95 280 72
95 281 73
95 282 74
95 283 75
95 279 76
95 280 77
95 281 78
95 282 79
95 283 80
95 279 81
95 280 82
95 281 83
95 282 84
95 283 85
95 279 86
95 280 87
95 281 88
95 282 89
95 283 90
95 279 91
95 280 92
95 281 93
95 282 94
95 283 95
95 279 96
95 280 97
95 281 98
95 282 99
95 283 100
95 279 101
95 280 102
95 281 103
95 282 104
95 283 105
95 279 106
95 280 107
95 281 108
95 282 109
95 283 110
95 279 111
95 280 112
95 281 113
95 282 114
95 283 115
95 279 116
95 280 117
95 281 118
95 282 119
95 283 120
95 279 121
95 280 122
95 281 123
95 282 124
95 283 125
95 279 126
95 280 127
95 281 128
95 282 129
95 283 130
95 279 131
95 280 132
95 281 133
95 282 134
95 283 135
95 279 136
95 280 137
95 281 138
95 282 139
95 283 140
95 279 141
95 280 142
95 281 143
95 282 144
95 283 145
95 279 146
95 280 147
95 281 148
95 282 149
95 283 150
95 279 151
95 280 152
95 281 153
95 282 154
95 283 155
95 279 156
95 280 157
95 281 158
95 282 159
95 283 160
95 279 161
95 280 162
95 281 163
95 282 164
95 283 165
95 279 166
95 280 167
95 281 168
95 282 169
95 283 170
95 279 171
95 280 172
95 281 173
95 282 174
95 283 175
95 279 176
95 280 177
95 281 178
95 282 179
95 283 180
95 279 181
95 280 182
95 281 183
95 282 184
95 283 185
95 279 186
95 280 187
95 281 188
95 282 189
95 283 190
95 279 191
95 280 192
95 281 193
95 282 194
95 283 195
95 279 196
95 280 197
95 281 198
95 282 199
95 283 200
95 279 201
95 280 202
95 281 203
95 282 204
95 283 205
95 279 206
95 280 207
95 281 208
95 282 209
95 283 210
95 279 211
95 280 212
95 281 213
95 282 214
95 283 215
95 279 216
95 280 217
95 281 218
95 282 219
95 283 220
95 279 221
95 280 222
95 281 223
95 282 224
95 283 225
95 279 226
95 280 227
95 281 228
95 282 229
95 283 230
95 279 231
95 280 232
95 281 233
95 282 234
95 283 235
95 279 236
95 280 237
95 281 238
95 282 239
95 283 240
95 279 241
95 280 242
95 281 243
95 282 244
95 283 245
