65 279 1
65 280 2
65 281 3
65 282 4
65 283 5
65 279 6
65 280 7
65 281 8
65 282 9
65 283 10
65 279 11
65 280 12
65 281 13
65 282 14
65 283 15
65 279 16
65 280 17
65 281 18
65 282 19
65 283 20
65 279 21
65 280 22
65 281 23
65 282 24
65 283 25
65 279 26
65 280 27
65 281 28
65 282 29
65 283 30
65 279 31
65 280 32
65 281 33
65 282 34
65 283 35
65 279 36
65 280 37
65 281 38
65 282 39
65 283 40
65 279 41
65 280 42
65 281 43
65 282 44
65 283 45
65 279 46
65 280 47
65 281 48
65 282 49
65 283 50
65 279 51
65 280 52
65 281 53
65 282 54
65 283 55
65 279 56
65 280 57
65 281 58
65 282 59
65 283 60
65 279 61
65 280 62
65 281 63
65 282 64
65 283 65
65 279 66
65 280 67
65 281 68
65 282 69
65 283 70
65 279 71
65 280 72
65 281 73
65 282 74
65 283 75
65 279 76
65 280 77
65 281 78
65 282 79
65 283 80
65 279 81
65 280 82
65 281 83
65 282 84
65 283 85
65 279 86
65 280 87
65 281 88
65 282 89
65 283 90
65 279 91
65 280 92
65 281 93
65 282 94
65 283 95
65 279 96
65 280 97
65 281 98
65 282 99
65 283 100
65 279 101
65 280 102
65 281 103
65 282 104
65 283 105
65 279 106
65 280 107
65 281 108
65 282 109
65 283 110
65 279 111
65 280 112
65 281 113
65 282 114
65 283 115
65 279 116
65 280 117
65 281 118
65 282 119
65 283 120
65 279 121
65 280 122
65 281 123
65 282 124
65 283 125
65 279 126
65 280 127
65 281 128
65 282 129
65 283 130
65 279 131
65 280 132
65 281 133
65 282 134
65 283 135
65 279 136
65 280 137
65 281 138
65 282 139
65 283 140
65 279 141
65 280 142
65 281 143
65 282 144
65 283 145
65 279 146
65 280 147
65 281 148
65 282 149
65 283 150
65 279 151
65 280 152
65 281 153
65 282 154
65 283 155
65 279 156
65 280 157
65 281 158
65 282 159
65 283 160
65 279 161
65 280 162
65 281 163
65 282 164
65 283 165
65 279 166
65 280 167
65 281 168
65 282 169
65 283 170
65 279 171
65 280 172
65 281 173
65 282 174
65 283 175
65 279 176
65 280 177
65 281 178
65 282 179
65 283 180
65 279 181
65 280 182
65 281 183
65 282 184
65 283 185
65 279 186
65 280 187
65 281 188
65 282 189
65 283 190
65 279 191
65 280 192
65 281 193
65 282 194
65 283 195
65 279 196
65 280 197
65 281 198
65 282 199
65 283 200
65 279 201
65 280 202
65 281 203
65 282 204
65 283 205
65 279 206
65 280 207
65 281 208
65 282 209
65 283 210
65 279 211
65 280 212
65 281 213
65 282 214
65 283 215
65 279 216
65 280 217
65 281 218
65 282 219
65 283 220
65 279 221
65 280 222
65 281 223
65 282 224
65 283 225
65 279 226
65 280 227
65 281 228
65 282 229
65 283 230
65 279 231
65 280 232
65 281 233
65 282 234
65 283 235
65 279 236
65 280 237
65 281 238
65 282 239
65 283 240
65 279 241
65 280 242
65 281 243
65 282 244
65 283 245
