14 18 1
14 19 2
14 18 3
14 19 4
14 18 5
14 19 6
14 18 7
14 19 8
14 18 9
14 19 10
14 18 11
14 19 12
14 18 13
14 19 14
14 18 15
14 19 16
14 18 17
14 19 18
14 18 19
14 19 20
14 18 21
14 19 22
14 18 23
14 19 24
14 18 25
14 19 26
14 18 27
14 19 28
14 18 29
14 19 30
14 18 31
14 19 32
14 18 33
14 19 34
14 18 35
14 19 36
14 18 37
14 19 38
14 18 39
14 19 40
14 18 41
14 19 42
14 18 43
14 19 44
14 18 45
14 19 46
14 18 47
14 19 48
14 18 49
14 19 50
14 18 51
14 19 52
14 18 53
14 19 54
14 18 55
14 19 56
14 18 57
14 19 58
14 18 59
14 19 60
14 18 61
14 19 62
14 18 63
14 19 64
14 18 65
14 19 66
14 18 67
14 19 68
14 18 69
14 19 70
14 18 71
14 19 72
14 18 73
14 19 74
14 18 75
14 19 76
14 18 77
14 19 78
14 18 79
14 19 80
14 18 81
14 19 82
14 18 83
14 19 84
14 18 85
14 19 86
14 18 87
14 19 88
14 18 89
14 19 90
14 18 91
14 19 92
14 18 93
14 19 94
14 18 95
14 19 96
14 18 97
14 19 98
14 18 99
14 19 100
14 18 101
14 19 102
14 18 103
14 19 104
14 18 105
14 19 106
14 18 107
14 19 108
14 18 109
14 19 110
14 18 111
14 19 112
14 18 113
14 19 114
14 18 115
14 19 116
14 18 117
14 19 118
14 18 119
14 19 120
14 18 121
14 19 122
14 18 123
14 19 124
14 18 125
14 19 126
14 18 127
14 19 128
14 18 129
14 19 130
14 18 131
14 19 132
14 18 133
14 19 134
14 18 135
14 19 136
14 18 137
14 19 138
14 18 139
14 19 140
14 18 141
14 19 142
14 18 143
14 19 144
14 18 145
14 19 146
14 18 147
14 19 148
14 18 149
14 19 150
14 18 151
14 19 152
14 18 153
14 19 154
14 18 155
14 19 156
14 18 157
14 19 158
14 18 159
14 19 160
14 18 161
14 19 162
14 18 163
14 19 164
14 18 165
14 19 166
14 18 167
14 19 168
14 18 169
14 19 170
14 18 171
14 19 172
14 18 173
14 19 174
14 18 175
14 19 176
14 18 177
14 19 178
14 18 179
14 19 180
14 18 181
14 19 182
14 18 183
14 19 184
14 18 185
14 19 186
14 18 187
14 19 188
14 18 189
14 19 190
14 18 191
14 19 192
14 18 193
14 19 194
14 18 195
14 19 196
14 18 197
14 19 198
14 18 199
14 19 200
14 18 201
14 19 202
14 18 203
14 19 204
14 18 205
14 19 206
14 18 207
14 19 208
14 18 209
14 19 210
14 18 211
14 19 212
14 18 213
14 19 214
14 18 215
14 19 216
14 18 217
14 19 218
14 18 219
14 19 220
14 18 221
14 19 222
14 18 223
14 19 224
14 18 225
14 19 226
14 18 227
14 19 228
14 18 229
14 19 230
14 18 231
14 19 232
14 18 233
14 19 234
14 18 235
14 19 236
14 18 237
14 19 238
14 18 239
14 19 240
14 18 241
14 19 242
14 18 243
14 19 244
