14 21 1
14 22 2
14 21 3
14 22 4
14 21 5
14 22 6
14 21 7
14 22 8
14 21 9
14 22 10
14 21 11
14 22 12
14 21 13
14 22 14
14 21 15
14 22 16
14 21 17
14 22 18
14 21 19
14 22 20
14 21 21
14 22 22
14 21 23
14 22 24
14 21 25
14 22 26
14 21 27
14 22 28
14 21 29
14 22 30
14 21 31
14 22 32
14 21 33
14 22 34
14 21 35
14 22 36
14 21 37
14 22 38
14 21 39
14 22 40
14 21 41
14 22 42
14 21 43
14 22 44
14 21 45
14 22 46
14 21 47
14 22 48
14 21 49
14 22 50
14 21 51
14 22 52
14 21 53
14 22 54
14 21 55
14 22 56
14 21 57
14 22 58
14 21 59
14 22 60
14 21 61
14 22 62
14 21 63
14 22 64
14 21 65
14 22 66
14 21 67
14 22 68
14 21 69
14 22 70
14 21 71
14 22 72
14 21 73
14 22 74
14 21 75
14 22 76
14 21 77
14 22 78
14 21 79
14 22 80
14 21 81
14 22 82
14 21 83
14 22 84
14 21 85
14 22 86
14 21 87
14 22 88
14 21 89
14 22 90
14 21 91
14 22 92
14 21 93
14 22 94
14 21 95
14 22 96
14 21 97
14 22 98
14 21 99
14 22 100
14 21 101
14 22 102
14 21 103
14 22 104
14 21 105
14 22 106
14 21 107
14 22 108
14 21 109
14 22 110
14 21 111
14 22 112
14 21 113
14 22 114
14 21 115
14 22 116
14 21 117
14 22 118
14 21 119
14 22 120
14 21 121
14 22 122
14 21 123
14 22 124
14 21 125
14 22 126
14 21 127
14 22 128
14 21 129
14 22 130
14 21 131
14 22 132
14 21 133
14 22 134
14 21 135
14 22 136
14 21 137
14 22 138
14 21 139
14 22 140
14 21 141
14 22 142
14 21 143
14 22 144
14 21 145
14 22 146
14 21 147
14 22 148
14 21 149
14 22 150
14 21 151
14 22 152
14 21 153
14 22 154
14 21 155
14 22 156
14 21 157
14 22 158
14 21 159
14 22 160
14 21 161
14 22 162
14 21 163
14 22 164
14 21 165
14 22 166
14 21 167
14 22 168
14 21 169
14 22 170
14 21 171
14 22 172
14 21 173
14 22 174
14 21 175
14 22 176
14 21 177
14 22 178
14 21 179
14 22 180
14 21 181
14 22 182
14 21 183
14 22 184
14 21 185
14 22 186
14 21 187
14 22 188
14 21 189
14 22 190
14 21 191
14 22 192
14 21 193
14 22 194
14 21 195
14 22 196
14 21 197
14 22 198
14 21 199
14 22 200
14 21 201
14 22 202
14 21 203
14 22 204
14 21 205
14 22 206
14 21 207
14 22 208
14 21 209
14 22 210
14 21 211
14 22 212
14 21 213
14 22 214
14 21 215
14 22 216
14 21 217
14 22 218
14 21 219
14 22 220
14 21 221
14 22 222
14 21 223
14 22 224
14 21 225
14 22 226
14 21 227
14 22 228
14 21 229
14 22 230
14 21 231
14 22 232
14 21 233
14 22 234
14 21 235
14 22 236
14 21 237
14 22 238
14 21 239
14 22 240
14 21 241
14 22 242
14 21 243
14 22 244
