149 279 1
149 280 2
149 281 3
149 282 4
149 283 5
149 284 6
149 285 7
149 286 8
149 287 9
149 288 10
149 289 11
149 290 12
149 291 13
149 292 14
149 293 15
149 294 16
149 295 17
149 296 18
149 279 19
149 280 20
149 281 21
149 282 22
149 283 23
149 284 24
149 285 25
149 286 26
149 287 27
149 288 28
149 289 29
149 290 30
149 291 31
149 292 32
149 293 33
149 294 34
149 295 35
149 296 36
149 279 37
149 280 38
149 281 39
149 282 40
149 283 41
149 284 42
149 285 43
149 286 44
149 287 45
149 288 46
149 289 47
149 290 48
149 291 49
149 292 50
149 293 51
149 294 52
149 295 53
149 296 54
149 279 55
149 280 56
149 281 57
149 282 58
149 283 59
149 284 60
149 285 61
149 286 62
149 287 63
149 288 64
149 289 65
149 290 66
149 291 67
149 292 68
149 293 69
149 294 70
149 295 71
149 296 72
149 279 73
149 280 74
149 281 75
149 282 76
149 283 77
149 284 78
149 285 79
149 286 80
149 287 81
149 288 82
149 289 83
149 290 84
149 291 85
149 292 86
149 293 87
149 294 88
149 295 89
149 296 90
149 279 91
149 280 92
149 281 93
149 282 94
149 283 95
149 284 96
149 285 97
149 286 98
149 287 99
149 288 100
149 289 101
149 290 102
149 291 103
149 292 104
149 293 105
149 294 106
149 295 107
149 296 108
149 279 109
149 280 110
149 281 111
149 282 112
149 283 113
149 284 114
149 285 115
149 286 116
149 287 117
149 288 118
149 289 119
149 290 120
149 291 121
149 292 122
149 293 123
149 294 124
149 295 125
149 296 126
149 279 127
149 280 128
149 281 129
149 282 130
149 283 131
149 284 132
149 285 133
149 286 134
149 287 135
149 288 136
149 289 137
149 290 138
149 291 139
149 292 140
149 293 141
149 294 142
149 295 143
149 296 144
149 279 145
149 280 146
149 281 147
149 282 148
149 283 149
149 284 150
149 285 151
149 286 152
149 287 153
149 288 154
149 289 155
149 290 156
149 291 157
149 292 158
149 293 159
149 294 160
149 295 161
149 296 162
149 279 163
149 280 164
149 281 165
149 282 166
149 283 167
149 284 168
149 285 169
149 286 170
149 287 171
149 288 172
149 289 173
149 290 174
149 291 175
149 292 176
149 293 177
149 294 178
149 295 179
149 296 180
149 279 181
149 280 182
149 281 183
149 282 184
149 283 185
149 284 186
149 285 187
149 286 188
149 287 189
149 288 190
149 289 191
149 290 192
149 291 193
149 292 194
149 293 195
149 294 196
149 295 197
149 296 198
149 279 199
149 280 200
149 281 201
149 282 202
149 283 203
149 284 204
149 285 205
149 286 206
149 287 207
149 288 208
149 289 209
149 290 210
149 291 211
149 292 212
149 293 213
149 294 214
149 295 215
149 296 216
149 279 217
149 280 218
149 281 219
149 282 220
149 283 221
149 284 222
149 285 223
149 286 224
149 287 225
149 288 226
149 289 227
149 290 228
149 291 229
149 292 230
149 293 231
149 294 232
149 295 233
149 296 234
149 279 235
149 280 236
149 281 237
149 282 238
149 283 239
149 284 240
149 285 241
149 286 242
149 287 243
149 288 244
149 289 245
149 290 246
149 291 247
149 292 248
149 293 249
149 294 250
149 295 251
149 296 252
149 279 253
149 280 254
149 281 255
149 282 256
149 283 257
149 284 258
149 285 259
149 286 260
149 287 261
149 288 262
149 289 263
149 290 264
149 291 265
149 292 266
149 293 267
149 294 268
149 295 269
149 296 270
149 279 271
149 280 272
149 281 273
149 282 274
149 283 275
149 284 276
149 285 277
149 286 278
149 287 279
149 288 280
149 289 281
149 290 282
149 291 283
149 292 284
149 293 285
149 294 286
149 295 287
149 296 288
149 279 289
149 280 290
149 281 291
149 282 292
149 283 293
149 284 294
149 285 295
149 286 296
149 287 297
149 288 298
149 289 299
149 290 300
149 291 301
149 292 302
149 293 303
149 294 304
149 295 305
149 296 306
149 279 307
149 280 308
149 281 309
149 282 310
149 283 311
149 284 312
149 285 313
149 286 314
149 287 315
149 288 316
149 289 317
149 290 318
149 291 319
149 292 320
149 293 321
149 294 322
149 295 323
149 296 324
149 279 325
149 280 326
149 281 327
149 282 328
149 283 329
149 284 330
149 285 331
149 286 332
149 287 333
149 288 334
149 289 335
149 290 336
149 291 337
149 292 338
149 293 339
149 294 340
149 295 341
149 296 342
149 279 343
149 280 344
149 281 345
149 282 346
149 283 347
149 284 348
149 285 349
149 286 350
149 287 351
149 288 352
149 289 353
149 290 354
149 291 355
149 292 356
149 293 357
149 294 358
149 295 359
149 296 360
149 279 361
149 280 362
149 281 363
149 282 364
149 283 365
149 284 366
149 285 367
149 286 368
149 287 369
149 288 370
149 289 371
149 290 372
149 291 373
149 292 374
149 293 375
149 294 376
149 295 377
149 296 378
149 279 379
149 280 380
149 281 381
149 282 382
149 283 383
149 284 384
149 285 385
149 286 386
149 287 387
149 288 388
149 289 389
149 290 390
149 291 391
149 292 392
149 293 393
149 294 394
149 295 395
149 296 396
149 279 397
149 280 398
149 281 399
149 282 400
149 283 401
149 284 402
149 285 403
149 286 404
149 287 405
149 288 406
149 289 407
149 290 408
149 291 409
149 292 410
149 293 411
149 294 412
149 295 413
149 296 414
149 279 415
149 280 416
149 281 417
149 282 418
149 283 419
149 284 420
149 285 421
149 286 422
149 287 423
149 288 424
149 289 425
149 290 426
149 291 427
149 292 428
149 293 429
149 294 430
149 295 431
149 296 432
149 279 433
149 280 434
149 281 435
149 282 436
149 283 437
149 284 438
149 285 439
149 286 440
149 287 441
149 288 442
149 289 443
149 290 444
149 291 445
149 292 446
149 293 447
149 294 448
149 295 449
149 296 450
149 279 451
149 280 452
149 281 453
149 282 454
149 283 455
149 284 456
149 285 457
149 286 458
149 287 459
149 288 460
149 289 461
149 290 462
149 291 463
149 292 464
149 293 465
149 294 466
149 295 467
149 296 468
149 279 469
149 280 470
149 281 471
149 282 472
149 283 473
149 284 474
149 285 475
149 286 476
149 287 477
149 288 478
149 289 479
149 290 480
149 291 481
149 292 482
149 293 483
149 294 484
149 295 485
149 296 486
149 279 487
149 280 488
149 281 489
149 282 490
149 283 491
149 284 492
149 285 493
149 286 494
149 287 495
149 288 496
149 289 497
149 290 498
149 291 499
149 292 500
149 293 501
149 294 502
149 295 503
149 296 504
149 279 505
149 280 506
149 281 507
149 282 508
149 283 509
149 284 510
149 285 511
149 286 512
149 287 513
149 288 514
149 289 515
149 290 516
149 291 517
149 292 518
149 293 519
149 294 520
149 295 521
149 296 522
149 279 523
149 280 524
149 281 525
149 282 526
149 283 527
149 284 528
149 285 529
149 286 530
149 287 531
149 288 532
149 289 533
149 290 534
149 291 535
149 292 536
149 293 537
149 294 538
149 295 539
149 296 540
149 279 541
149 280 542
149 281 543
149 282 544
149 283 545
149 284 546
149 285 547
149 286 548
149 287 549
149 288 550
149 289 551
149 290 552
149 291 553
149 292 554
149 293 555
149 294 556
149 295 557
149 296 558
149 279 559
149 280 560
149 281 561
149 282 562
149 283 563
149 284 564
149 285 565
149 286 566
149 287 567
149 288 568
149 289 569
149 290 570
149 291 571
149 292 572
149 293 573
149 294 574
149 295 575
149 296 576
149 279 577
149 280 578
149 281 579
149 282 580
149 283 581
149 284 582
149 285 583
149 286 584
149 287 585
149 288 586
149 289 587
149 290 588
149 291 589
149 292 590
149 293 591
149 294 592
149 295 593
149 296 594
149 279 595
149 280 596
149 281 597
149 282 598
149 283 599
149 284 600
149 285 601
149 286 602
149 287 603
149 288 604
149 289 605
149 290 606
149 291 607
149 292 608
149 293 609
149 294 610
149 295 611
149 296 612
149 279 613
149 280 614
149 281 615
149 282 616
149 283 617
149 284 618
149 285 619
149 286 620
149 287 621
149 288 622
149 289 623
149 290 624
149 291 625
149 292 626
149 293 627
149 294 628
149 295 629
149 296 630
149 279 631
149 280 632
149 281 633
149 282 634
149 283 635
149 284 636
149 285 637
149 286 638
149 287 639
149 288 640
149 289 641
149 290 642
149 291 643
149 292 644
149 293 645
149 294 646
149 295 647
149 296 648
149 279 649
149 280 650
149 281 651
149 282 652
149 283 653
149 284 654
149 285 655
149 286 656
149 287 657
149 288 658
149 289 659
149 290 660
149 291 661
149 292 662
149 293 663
149 294 664
149 295 665
149 296 666
149 279 667
149 280 668
149 281 669
149 282 670
149 283 671
149 284 672
149 285 673
149 286 674
149 287 675
149 288 676
149 289 677
149 290 678
149 291 679
149 292 680
149 293 681
149 294 682
149 295 683
149 296 684
149 279 685
149 280 686
149 281 687
149 282 688
149 283 689
149 284 690
149 285 691
149 286 692
149 287 693
149 288 694
149 289 695
149 290 696
149 291 697
149 292 698
149 293 699
149 294 700
149 295 701
149 296 702
149 279 703
149 280 704
149 281 705
149 282 706
149 283 707
149 284 708
149 285 709
149 286 710
149 287 711
149 288 712
149 289 713
149 290 714
149 291 715
149 292 716
149 293 717
149 294 718
149 295 719
149 296 720
149 279 721
149 280 722
149 281 723
149 282 724
149 283 725
149 284 726
149 285 727
149 286 728
149 287 729
149 288 730
149 289 731
149 290 732
149 291 733
149 292 734
149 293 735
149 294 736
149 295 737
149 296 738
149 279 739
149 280 740
149 281 741
149 282 742
149 283 743
149 284 744
149 285 745
149 286 746
149 287 747
149 288 748
149 289 749
149 290 750
149 291 751
149 292 752
149 293 753
149 294 754
149 295 755
149 296 756
149 279 757
149 280 758
149 281 759
149 282 760
149 283 761
149 284 762
149 285 763
149 286 764
149 287 765
149 288 766
149 289 767
149 290 768
149 291 769
149 292 770
149 293 771
149 294 772
149 295 773
149 296 774
149 279 775
149 280 776
149 281 777
149 282 778
149 283 779
149 284 780
149 285 781
149 286 782
149 287 783
149 288 784
149 289 785
149 290 786
149 291 787
149 292 788
149 293 789
149 294 790
149 295 791
149 296 792
149 279 793
149 280 794
149 281 795
149 282 796
149 283 797
149 284 798
149 285 799
149 286 800
149 287 801
149 288 802
149 289 803
149 290 804
149 291 805
149 292 806
149 293 807
149 294 808
149 295 809
149 296 810
149 279 811
149 280 812
149 281 813
149 282 814
149 283 815
149 284 816
149 285 817
149 286 818
149 287 819
149 288 820
149 289 821
149 290 822
149 291 823
149 292 824
149 293 825
149 294 826
149 295 827
149 296 828
149 279 829
149 280 830
149 281 831
149 282 832
149 283 833
149 284 834
149 285 835
149 286 836
149 287 837
149 288 838
149 289 839
149 290 840
149 291 841
149 292 842
149 293 843
149 294 844
149 295 845
149 296 846
149 279 847
149 280 848
149 281 849
149 282 850
149 283 851
149 284 852
149 285 853
149 286 854
149 287 855
149 288 856
149 289 857
149 290 858
149 291 859
149 292 860
149 293 861
149 294 862
149 295 863
149 296 864
149 279 865
149 280 866
149 281 867
149 282 868
149 283 869
149 284 870
149 285 871
149 286 872
149 287 873
149 288 874
149 289 875
149 290 876
149 291 877
149 292 878
149 293 879
149 294 880
149 295 881
149 296 882
149 279 883
149 280 884
149 281 885
149 282 886
149 283 887
149 284 888
149 285 889
149 286 890
149 287 891
149 288 892
149 289 893
149 290 894
149 291 895
149 292 896
149 293 897
149 294 898
149 295 899
149 296 900
149 279 901
149 280 902
149 281 903
149 282 904
149 283 905
149 284 906
149 285 907
149 286 908
149 287 909
149 288 910
149 289 911
149 290 912
149 291 913
149 292 914
149 293 915
149 294 916
149 295 917
149 296 918
149 279 919
149 280 920
149 281 921
149 282 922
149 283 923
149 284 924
149 285 925
149 286 926
149 287 927
149 288 928
149 289 929
149 290 930
149 291 931
149 292 932
149 293 933
149 294 934
149 295 935
149 296 936
149 279 937
149 280 938
149 281 939
149 282 940
149 283 941
149 284 942
149 285 943
149 286 944
149 287 945
149 288 946
149 289 947
149 290 948
149 291 949
149 292 950
149 293 951
149 294 952
149 295 953
149 296 954
149 279 955
149 280 956
149 281 957
149 282 958
149 283 959
149 284 960
149 285 961
149 286 962
149 287 963
149 288 964
149 289 965
149 290 966
149 291 967
149 292 968
149 293 969
149 294 970
149 295 971
149 296 972
