209 279 1
209 280 2
209 281 3
209 282 4
209 283 5
209 279 6
209 280 7
209 281 8
209 282 9
209 283 10
209 279 11
209 280 12
209 281 13
209 282 14
209 283 15
209 279 16
209 280 17
209 281 18
209 282 19
209 283 20
209 279 21
209 280 22
209 281 23
209 282 24
209 283 25
209 279 26
209 280 27
209 281 28
209 282 29
209 283 30
209 279 31
209 280 32
209 281 33
209 282 34
209 283 35
209 279 36
209 280 37
209 281 38
209 282 39
209 283 40
209 279 41
209 280 42
209 281 43
209 282 44
209 283 45
209 279 46
209 280 47
209 281 48
209 282 49
209 283 50
209 279 51
209 280 52
209 281 53
209 282 54
209 283 55
209 279 56
209 280 57
209 281 58
209 282 59
209 283 60
209 279 61
209 280 62
209 281 63
209 282 64
209 283 65
209 279 66
209 280 67
209 281 68
209 282 69
209 283 70
209 279 71
209 280 72
209 281 73
209 282 74
209 283 75
209 279 76
209 280 77
209 281 78
209 282 79
209 283 80
209 279 81
209 280 82
209 281 83
209 282 84
209 283 85
209 279 86
209 280 87
209 281 88
209 282 89
209 283 90
209 279 91
209 280 92
209 281 93
209 282 94
209 283 95
209 279 96
209 280 97
209 281 98
209 282 99
209 283 100
209 279 101
209 280 102
209 281 103
209 282 104
209 283 105
209 279 106
209 280 107
209 281 108
209 282 109
209 283 110
209 279 111
209 280 112
209 281 113
209 282 114
209 283 115
209 279 116
209 280 117
209 281 118
209 282 119
209 283 120
209 279 121
209 280 122
209 281 123
209 282 124
209 283 125
209 279 126
209 280 127
209 281 128
209 282 129
209 283 130
209 279 131
209 280 132
209 281 133
209 282 134
209 283 135
209 279 136
209 280 137
209 281 138
209 282 139
209 283 140
209 279 141
209 280 142
209 281 143
209 282 144
209 283 145
209 279 146
209 280 147
209 281 148
209 282 149
209 283 150
209 279 151
209 280 152
209 281 153
209 282 154
209 283 155
209 279 156
209 280 157
209 281 158
209 282 159
209 283 160
209 279 161
209 280 162
209 281 163
209 282 164
209 283 165
209 279 166
209 280 167
209 281 168
209 282 169
209 283 170
209 279 171
209 280 172
209 281 173
209 282 174
209 283 175
209 279 176
209 280 177
209 281 178
209 282 179
209 283 180
209 279 181
209 280 182
209 281 183
209 282 184
209 283 185
209 279 186
209 280 187
209 281 188
209 282 189
209 283 190
209 279 191
209 280 192
209 281 193
209 282 194
209 283 195
209 279 196
209 280 197
209 281 198
209 282 199
209 283 200
209 279 201
209 280 202
209 281 203
209 282 204
209 283 205
209 279 206
209 280 207
209 281 208
209 282 209
209 283 210
209 279 211
209 280 212
209 281 213
209 282 214
209 283 215
209 279 216
209 280 217
209 281 218
209 282 219
209 283 220
209 279 221
209 280 222
209 281 223
209 282 224
209 283 225
209 279 226
209 280 227
209 281 228
209 282 229
209 283 230
209 279 231
209 280 232
209 281 233
209 282 234
209 283 235
209 279 236
209 280 237
209 281 238
209 282 239
209 283 240
209 279 241
209 280 242
209 281 243
209 282 244
209 283 245
