261 269 1
262 269 1
261 269 2
262 269 2
261 269 3
262 269 3
261 269 4
262 269 4
261 269 5
262 269 5
261 269 6
262 269 6
261 269 7
262 269 7
261 269 8
262 269 8
261 269 9
262 269 9
261 269 10
262 269 10
261 269 11
262 269 11
261 269 12
262 269 12
261 269 13
262 269 13
261 269 14
262 269 14
261 269 15
262 269 15
261 269 16
262 269 16
261 269 17
262 269 17
261 269 18
262 269 18
261 269 19
262 269 19
261 269 20
262 269 20
261 269 21
262 269 21
261 269 22
262 269 22
261 269 23
262 269 23
261 269 24
262 269 24
261 269 25
262 269 25
261 269 26
262 269 26
261 269 27
262 269 27
261 269 28
262 269 28
261 269 29
262 269 29
261 269 30
262 269 30
261 269 31
262 269 31
261 269 32
262 269 32
261 269 33
262 269 33
261 269 34
262 269 34
261 269 35
262 269 35
261 269 36
262 269 36
261 269 37
262 269 37
261 269 38
262 269 38
261 269 39
262 269 39
261 269 40
262 269 40
261 269 41
262 269 41
261 269 42
262 269 42
261 269 43
262 269 43
261 269 44
262 269 44
261 269 45
262 269 45
261 269 46
262 269 46
261 269 47
262 269 47
261 269 48
262 269 48
261 269 49
262 269 49
261 269 50
262 269 50
261 269 51
262 269 51
261 269 52
262 269 52
261 269 53
262 269 53
261 269 54
262 269 54
261 269 55
262 269 55
261 269 56
262 269 56
261 269 57
262 269 57
261 269 58
262 269 58
261 269 59
262 269 59
261 269 60
262 269 60
261 269 61
262 269 61
261 269 62
262 269 62
261 269 63
262 269 63
261 269 64
262 269 64
261 269 65
262 269 65
261 269 66
262 269 66
261 269 67
262 269 67
261 269 68
262 269 68
261 269 69
262 269 69
261 269 70
262 269 70
261 269 71
262 269 71
261 269 72
262 269 72
261 269 73
262 269 73
261 269 74
262 269 74
261 269 75
262 269 75
261 269 76
262 269 76
261 269 77
262 269 77
261 269 78
262 269 78
261 269 79
262 269 79
261 269 80
262 269 80
261 269 81
262 269 81
261 269 82
262 269 82
261 269 83
262 269 83
261 269 84
262 269 84
261 269 85
262 269 85
261 269 86
262 269 86
261 269 87
262 269 87
261 269 88
262 269 88
261 269 89
262 269 89
261 269 90
262 269 90
261 269 91
262 269 91
261 269 92
262 269 92
261 269 93
262 269 93
261 269 94
262 269 94
261 269 95
262 269 95
261 269 96
262 269 96
261 269 97
262 269 97
261 269 98
262 269 98
261 269 99
262 269 99
261 269 100
262 269 100
261 269 101
262 269 101
261 269 102
262 269 102
261 269 103
262 269 103
261 269 104
262 269 104
261 269 105
262 269 105
261 269 106
262 269 106
261 269 107
262 269 107
261 269 108
262 269 108
261 269 109
262 269 109
261 269 110
262 269 110
261 269 111
262 269 111
261 269 112
262 269 112
261 269 113
262 269 113
261 269 114
262 269 114
261 269 115
262 269 115
261 269 116
262 269 116
261 269 117
262 269 117
261 269 118
262 269 118
261 269 119
262 269 119
261 269 120
262 269 120
261 269 121
262 269 121
261 269 122
262 269 122
