113 279 1
113 280 2
113 281 3
113 282 4
113 283 5
113 279 6
113 280 7
113 281 8
113 282 9
113 283 10
113 279 11
113 280 12
113 281 13
113 282 14
113 283 15
113 279 16
113 280 17
113 281 18
113 282 19
113 283 20
113 279 21
113 280 22
113 281 23
113 282 24
113 283 25
113 279 26
113 280 27
113 281 28
113 282 29
113 283 30
113 279 31
113 280 32
113 281 33
113 282 34
113 283 35
113 279 36
113 280 37
113 281 38
113 282 39
113 283 40
113 279 41
113 280 42
113 281 43
113 282 44
113 283 45
113 279 46
113 280 47
113 281 48
113 282 49
113 283 50
113 279 51
113 280 52
113 281 53
113 282 54
113 283 55
113 279 56
113 280 57
113 281 58
113 282 59
113 283 60
113 279 61
113 280 62
113 281 63
113 282 64
113 283 65
113 279 66
113 280 67
113 281 68
113 282 69
113 283 70
113 279 71
113 280 72
113 281 73
113 282 74
113 283 75
113 279 76
113 280 77
113 281 78
113 282 79
113 283 80
113 279 81
113 280 82
113 281 83
113 282 84
113 283 85
113 279 86
113 280 87
113 281 88
113 282 89
113 283 90
113 279 91
113 280 92
113 281 93
113 282 94
113 283 95
113 279 96
113 280 97
113 281 98
113 282 99
113 283 100
113 279 101
113 280 102
113 281 103
113 282 104
113 283 105
113 279 106
113 280 107
113 281 108
113 282 109
113 283 110
113 279 111
113 280 112
113 281 113
113 282 114
113 283 115
113 279 116
113 280 117
113 281 118
113 282 119
113 283 120
113 279 121
113 280 122
113 281 123
113 282 124
113 283 125
113 279 126
113 280 127
113 281 128
113 282 129
113 283 130
113 279 131
113 280 132
113 281 133
113 282 134
113 283 135
113 279 136
113 280 137
113 281 138
113 282 139
113 283 140
113 279 141
113 280 142
113 281 143
113 282 144
113 283 145
113 279 146
113 280 147
113 281 148
113 282 149
113 283 150
113 279 151
113 280 152
113 281 153
113 282 154
113 283 155
113 279 156
113 280 157
113 281 158
113 282 159
113 283 160
113 279 161
113 280 162
113 281 163
113 282 164
113 283 165
113 279 166
113 280 167
113 281 168
113 282 169
113 283 170
113 279 171
113 280 172
113 281 173
113 282 174
113 283 175
113 279 176
113 280 177
113 281 178
113 282 179
113 283 180
113 279 181
113 280 182
113 281 183
113 282 184
113 283 185
113 279 186
113 280 187
113 281 188
113 282 189
113 283 190
113 279 191
113 280 192
113 281 193
113 282 194
113 283 195
113 279 196
113 280 197
113 281 198
113 282 199
113 283 200
113 279 201
113 280 202
113 281 203
113 282 204
113 283 205
113 279 206
113 280 207
113 281 208
113 282 209
113 283 210
113 279 211
113 280 212
113 281 213
113 282 214
113 283 215
113 279 216
113 280 217
113 281 218
113 282 219
113 283 220
113 279 221
113 280 222
113 281 223
113 282 224
113 283 225
113 279 226
113 280 227
113 281 228
113 282 229
113 283 230
113 279 231
113 280 232
113 281 233
113 282 234
113 283 235
113 279 236
113 280 237
113 281 238
113 282 239
113 283 240
113 279 241
113 280 242
113 281 243
113 282 244
113 283 245
