30 36 1
31 36 1
32 36 1
33 36 1
34 36 1
30 37 2
31 37 2
32 37 2
33 37 2
34 37 2
30 36 3
31 36 3
32 36 3
33 36 3
34 36 3
30 37 4
31 37 4
32 37 4
33 37 4
34 37 4
30 36 5
31 36 5
32 36 5
33 36 5
34 36 5
30 37 6
31 37 6
32 37 6
33 37 6
34 37 6
30 36 7
31 36 7
32 36 7
33 36 7
34 36 7
30 37 8
31 37 8
32 37 8
33 37 8
34 37 8
30 36 9
31 36 9
32 36 9
33 36 9
34 36 9
30 37 10
31 37 10
32 37 10
33 37 10
34 37 10
30 36 11
31 36 11
32 36 11
33 36 11
34 36 11
30 37 12
31 37 12
32 37 12
33 37 12
34 37 12
30 36 13
31 36 13
32 36 13
33 36 13
34 36 13
30 37 14
31 37 14
32 37 14
33 37 14
34 37 14
30 36 15
31 36 15
32 36 15
33 36 15
34 36 15
30 37 16
31 37 16
32 37 16
33 37 16
34 37 16
30 36 17
31 36 17
32 36 17
33 36 17
34 36 17
30 37 18
31 37 18
32 37 18
33 37 18
34 37 18
30 36 19
31 36 19
32 36 19
33 36 19
34 36 19
30 37 20
31 37 20
32 37 20
33 37 20
34 37 20
30 36 21
31 36 21
32 36 21
33 36 21
34 36 21
30 37 22
31 37 22
32 37 22
33 37 22
34 37 22
30 36 23
31 36 23
32 36 23
33 36 23
34 36 23
30 37 24
31 37 24
32 37 24
33 37 24
34 37 24
30 36 25
31 36 25
32 36 25
33 36 25
34 36 25
30 37 26
31 37 26
32 37 26
33 37 26
34 37 26
30 36 27
31 36 27
32 36 27
33 36 27
34 36 27
30 37 28
31 37 28
32 37 28
33 37 28
34 37 28
30 36 29
31 36 29
32 36 29
33 36 29
34 36 29
30 37 30
31 37 30
32 37 30
33 37 30
34 37 30
30 36 31
31 36 31
32 36 31
33 36 31
34 36 31
30 37 32
31 37 32
32 37 32
33 37 32
34 37 32
30 36 33
31 36 33
32 36 33
33 36 33
34 36 33
30 37 34
31 37 34
32 37 34
33 37 34
34 37 34
30 36 35
31 36 35
32 36 35
33 36 35
34 36 35
30 37 36
31 37 36
32 37 36
33 37 36
34 37 36
30 36 37
31 36 37
32 36 37
33 36 37
34 36 37
30 37 38
31 37 38
32 37 38
33 37 38
34 37 38
30 36 39
31 36 39
32 36 39
33 36 39
34 36 39
30 37 40
31 37 40
32 37 40
33 37 40
34 37 40
30 36 41
31 36 41
32 36 41
33 36 41
34 36 41
30 37 42
31 37 42
32 37 42
33 37 42
34 37 42
30 36 43
31 36 43
32 36 43
33 36 43
34 36 43
30 37 44
31 37 44
32 37 44
33 37 44
34 37 44
30 36 45
31 36 45
32 36 45
33 36 45
34 36 45
30 37 46
31 37 46
32 37 46
33 37 46
34 37 46
30 36 47
31 36 47
32 36 47
33 36 47
34 36 47
30 37 48
31 37 48
32 37 48
33 37 48
34 37 48
