255 264 1
256 264 1
255 265 2
256 265 2
255 266 3
256 266 3
255 267 4
256 267 4
255 268 5
256 268 5
255 264 6
256 264 6
255 265 7
256 265 7
255 266 8
256 266 8
255 267 9
256 267 9
255 268 10
256 268 10
255 264 11
256 264 11
255 265 12
256 265 12
255 266 13
256 266 13
255 267 14
256 267 14
255 268 15
256 268 15
255 264 16
256 264 16
255 265 17
256 265 17
255 266 18
256 266 18
255 267 19
256 267 19
255 268 20
256 268 20
255 264 21
256 264 21
255 265 22
256 265 22
255 266 23
256 266 23
255 267 24
256 267 24
255 268 25
256 268 25
255 264 26
256 264 26
255 265 27
256 265 27
255 266 28
256 266 28
255 267 29
256 267 29
255 268 30
256 268 30
255 264 31
256 264 31
255 265 32
256 265 32
255 266 33
256 266 33
255 267 34
256 267 34
255 268 35
256 268 35
255 264 36
256 264 36
255 265 37
256 265 37
255 266 38
256 266 38
255 267 39
256 267 39
255 268 40
256 268 40
255 264 41
256 264 41
255 265 42
256 265 42
255 266 43
256 266 43
255 267 44
256 267 44
255 268 45
256 268 45
255 264 46
256 264 46
255 265 47
256 265 47
255 266 48
256 266 48
255 267 49
256 267 49
255 268 50
256 268 50
255 264 51
256 264 51
255 265 52
256 265 52
255 266 53
256 266 53
255 267 54
256 267 54
255 268 55
256 268 55
255 264 56
256 264 56
255 265 57
256 265 57
255 266 58
256 266 58
255 267 59
256 267 59
255 268 60
256 268 60
255 264 61
256 264 61
255 265 62
256 265 62
255 266 63
256 266 63
255 267 64
256 267 64
255 268 65
256 268 65
255 264 66
256 264 66
255 265 67
256 265 67
255 266 68
256 266 68
255 267 69
256 267 69
255 268 70
256 268 70
255 264 71
256 264 71
255 265 72
256 265 72
255 266 73
256 266 73
255 267 74
256 267 74
255 268 75
256 268 75
255 264 76
256 264 76
255 265 77
256 265 77
255 266 78
256 266 78
255 267 79
256 267 79
255 268 80
256 268 80
255 264 81
256 264 81
255 265 82
256 265 82
255 266 83
256 266 83
255 267 84
256 267 84
255 268 85
256 268 85
255 264 86
256 264 86
255 265 87
256 265 87
255 266 88
256 266 88
255 267 89
256 267 89
255 268 90
256 268 90
255 264 91
256 264 91
255 265 92
256 265 92
255 266 93
256 266 93
255 267 94
256 267 94
255 268 95
256 268 95
255 264 96
256 264 96
255 265 97
256 265 97
255 266 98
256 266 98
255 267 99
256 267 99
255 268 100
256 268 100
255 264 101
256 264 101
255 265 102
256 265 102
255 266 103
256 266 103
255 267 104
256 267 104
255 268 105
256 268 105
255 264 106
256 264 106
255 265 107
256 265 107
255 266 108
256 266 108
255 267 109
256 267 109
255 268 110
256 268 110
255 264 111
256 264 111
255 265 112
256 265 112
255 266 113
256 266 113
255 267 114
256 267 114
255 268 115
256 268 115
255 264 116
256 264 116
255 265 117
256 265 117
255 266 118
256 266 118
255 267 119
256 267 119
255 268 120
256 268 120
