179 279 1
179 280 2
179 281 3
179 282 4
179 283 5
179 284 6
179 285 7
179 286 8
179 287 9
179 288 10
179 289 11
179 290 12
179 291 13
179 292 14
179 293 15
179 294 16
179 295 17
179 296 18
179 279 19
179 280 20
179 281 21
179 282 22
179 283 23
179 284 24
179 285 25
179 286 26
179 287 27
179 288 28
179 289 29
179 290 30
179 291 31
179 292 32
179 293 33
179 294 34
179 295 35
179 296 36
179 279 37
179 280 38
179 281 39
179 282 40
179 283 41
179 284 42
179 285 43
179 286 44
179 287 45
179 288 46
179 289 47
179 290 48
179 291 49
179 292 50
179 293 51
179 294 52
179 295 53
179 296 54
179 279 55
179 280 56
179 281 57
179 282 58
179 283 59
179 284 60
179 285 61
179 286 62
179 287 63
179 288 64
179 289 65
179 290 66
179 291 67
179 292 68
179 293 69
179 294 70
179 295 71
179 296 72
179 279 73
179 280 74
179 281 75
179 282 76
179 283 77
179 284 78
179 285 79
179 286 80
179 287 81
179 288 82
179 289 83
179 290 84
179 291 85
179 292 86
179 293 87
179 294 88
179 295 89
179 296 90
179 279 91
179 280 92
179 281 93
179 282 94
179 283 95
179 284 96
179 285 97
179 286 98
179 287 99
179 288 100
179 289 101
179 290 102
179 291 103
179 292 104
179 293 105
179 294 106
179 295 107
179 296 108
179 279 109
179 280 110
179 281 111
179 282 112
179 283 113
179 284 114
179 285 115
179 286 116
179 287 117
179 288 118
179 289 119
179 290 120
179 291 121
179 292 122
179 293 123
179 294 124
179 295 125
179 296 126
179 279 127
179 280 128
179 281 129
179 282 130
179 283 131
179 284 132
179 285 133
179 286 134
179 287 135
179 288 136
179 289 137
179 290 138
179 291 139
179 292 140
179 293 141
179 294 142
179 295 143
179 296 144
179 279 145
179 280 146
179 281 147
179 282 148
179 283 149
179 284 150
179 285 151
179 286 152
179 287 153
179 288 154
179 289 155
179 290 156
179 291 157
179 292 158
179 293 159
179 294 160
179 295 161
179 296 162
179 279 163
179 280 164
179 281 165
179 282 166
179 283 167
179 284 168
179 285 169
179 286 170
179 287 171
179 288 172
179 289 173
179 290 174
179 291 175
179 292 176
179 293 177
179 294 178
179 295 179
179 296 180
179 279 181
179 280 182
179 281 183
179 282 184
179 283 185
179 284 186
179 285 187
179 286 188
179 287 189
179 288 190
179 289 191
179 290 192
179 291 193
179 292 194
179 293 195
179 294 196
179 295 197
179 296 198
179 279 199
179 280 200
179 281 201
179 282 202
179 283 203
179 284 204
179 285 205
179 286 206
179 287 207
179 288 208
179 289 209
179 290 210
179 291 211
179 292 212
179 293 213
179 294 214
179 295 215
179 296 216
179 279 217
179 280 218
179 281 219
179 282 220
179 283 221
179 284 222
179 285 223
179 286 224
179 287 225
179 288 226
179 289 227
179 290 228
179 291 229
179 292 230
179 293 231
179 294 232
179 295 233
179 296 234
