198 206 1
199 206 1
200 206 1
201 206 1
202 206 1
198 206 2
199 206 2
200 206 2
201 206 2
202 206 2
198 206 3
199 206 3
200 206 3
201 206 3
202 206 3
198 206 4
199 206 4
200 206 4
201 206 4
202 206 4
198 206 5
199 206 5
200 206 5
201 206 5
202 206 5
198 206 6
199 206 6
200 206 6
201 206 6
202 206 6
198 206 7
199 206 7
200 206 7
201 206 7
202 206 7
198 206 8
199 206 8
200 206 8
201 206 8
202 206 8
198 206 9
199 206 9
200 206 9
201 206 9
202 206 9
198 206 10
199 206 10
200 206 10
201 206 10
202 206 10
198 206 11
199 206 11
200 206 11
201 206 11
202 206 11
198 206 12
199 206 12
200 206 12
201 206 12
202 206 12
198 206 13
199 206 13
200 206 13
201 206 13
202 206 13
198 206 14
199 206 14
200 206 14
201 206 14
202 206 14
198 206 15
199 206 15
200 206 15
201 206 15
202 206 15
198 206 16
199 206 16
200 206 16
201 206 16
202 206 16
198 206 17
199 206 17
200 206 17
201 206 17
202 206 17
198 206 18
199 206 18
200 206 18
201 206 18
202 206 18
198 206 19
199 206 19
200 206 19
201 206 19
202 206 19
198 206 20
199 206 20
200 206 20
201 206 20
202 206 20
198 206 21
199 206 21
200 206 21
201 206 21
202 206 21
198 206 22
199 206 22
200 206 22
201 206 22
202 206 22
198 206 23
199 206 23
200 206 23
201 206 23
202 206 23
198 206 24
199 206 24
200 206 24
201 206 24
202 206 24
198 206 25
199 206 25
200 206 25
201 206 25
202 206 25
198 206 26
199 206 26
200 206 26
201 206 26
202 206 26
198 206 27
199 206 27
200 206 27
201 206 27
202 206 27
198 206 28
199 206 28
200 206 28
201 206 28
202 206 28
198 206 29
199 206 29
200 206 29
201 206 29
202 206 29
198 206 30
199 206 30
200 206 30
201 206 30
202 206 30
198 206 31
199 206 31
200 206 31
201 206 31
202 206 31
198 206 32
199 206 32
200 206 32
201 206 32
202 206 32
198 206 33
199 206 33
200 206 33
201 206 33
202 206 33
198 206 34
199 206 34
200 206 34
201 206 34
202 206 34
198 206 35
199 206 35
200 206 35
201 206 35
202 206 35
198 206 36
199 206 36
200 206 36
201 206 36
202 206 36
198 206 37
199 206 37
200 206 37
201 206 37
202 206 37
198 206 38
199 206 38
200 206 38
201 206 38
202 206 38
198 206 39
199 206 39
200 206 39
201 206 39
202 206 39
198 206 40
199 206 40
200 206 40
201 206 40
202 206 40
198 206 41
199 206 41
200 206 41
201 206 41
202 206 41
198 206 42
199 206 42
200 206 42
201 206 42
202 206 42
198 206 43
199 206 43
200 206 43
201 206 43
202 206 43
198 206 44
199 206 44
200 206 44
201 206 44
202 206 44
198 206 45
199 206 45
200 206 45
201 206 45
202 206 45
198 206 46
199 206 46
200 206 46
201 206 46
202 206 46
198 206 47
199 206 47
200 206 47
201 206 47
202 206 47
198 206 48
199 206 48
200 206 48
201 206 48
202 206 48
198 206 49
199 206 49
200 206 49
201 206 49
202 206 49
