254 261 1
254 262 2
254 261 3
254 262 4
254 261 5
254 262 6
254 261 7
254 262 8
254 261 9
254 262 10
254 261 11
254 262 12
254 261 13
254 262 14
254 261 15
254 262 16
254 261 17
254 262 18
254 261 19
254 262 20
254 261 21
254 262 22
254 261 23
254 262 24
254 261 25
254 262 26
254 261 27
254 262 28
254 261 29
254 262 30
254 261 31
254 262 32
254 261 33
254 262 34
254 261 35
254 262 36
254 261 37
254 262 38
254 261 39
254 262 40
254 261 41
254 262 42
254 261 43
254 262 44
254 261 45
254 262 46
254 261 47
254 262 48
254 261 49
254 262 50
254 261 51
254 262 52
254 261 53
254 262 54
254 261 55
254 262 56
254 261 57
254 262 58
254 261 59
254 262 60
254 261 61
254 262 62
254 261 63
254 262 64
254 261 65
254 262 66
254 261 67
254 262 68
254 261 69
254 262 70
254 261 71
254 262 72
254 261 73
254 262 74
254 261 75
254 262 76
254 261 77
254 262 78
254 261 79
254 262 80
254 261 81
254 262 82
254 261 83
254 262 84
254 261 85
254 262 86
254 261 87
254 262 88
254 261 89
254 262 90
254 261 91
254 262 92
254 261 93
254 262 94
254 261 95
254 262 96
254 261 97
254 262 98
254 261 99
254 262 100
254 261 101
254 262 102
254 261 103
254 262 104
254 261 105
254 262 106
254 261 107
254 262 108
254 261 109
254 262 110
254 261 111
254 262 112
254 261 113
254 262 114
254 261 115
254 262 116
254 261 117
254 262 118
254 261 119
254 262 120
254 261 121
254 262 122
254 261 123
254 262 124
254 261 125
254 262 126
254 261 127
254 262 128
254 261 129
254 262 130
254 261 131
254 262 132
254 261 133
254 262 134
254 261 135
254 262 136
254 261 137
254 262 138
254 261 139
254 262 140
254 261 141
254 262 142
254 261 143
254 262 144
254 261 145
254 262 146
254 261 147
254 262 148
254 261 149
254 262 150
254 261 151
254 262 152
254 261 153
254 262 154
254 261 155
254 262 156
254 261 157
254 262 158
254 261 159
254 262 160
254 261 161
254 262 162
254 261 163
254 262 164
254 261 165
254 262 166
254 261 167
254 262 168
254 261 169
254 262 170
254 261 171
254 262 172
254 261 173
254 262 174
254 261 175
254 262 176
254 261 177
254 262 178
254 261 179
254 262 180
254 261 181
254 262 182
254 261 183
254 262 184
254 261 185
254 262 186
254 261 187
254 262 188
254 261 189
254 262 190
254 261 191
254 262 192
254 261 193
254 262 194
254 261 195
254 262 196
254 261 197
254 262 198
254 261 199
254 262 200
254 261 201
254 262 202
254 261 203
254 262 204
254 261 205
254 262 206
254 261 207
254 262 208
254 261 209
254 262 210
254 261 211
254 262 212
254 261 213
254 262 214
254 261 215
254 262 216
254 261 217
254 262 218
254 261 219
254 262 220
254 261 221
254 262 222
254 261 223
254 262 224
254 261 225
254 262 226
254 261 227
254 262 228
254 261 229
254 262 230
254 261 231
254 262 232
254 261 233
254 262 234
254 261 235
254 262 236
254 261 237
254 262 238
254 261 239
254 262 240
254 261 241
254 262 242
254 261 243
254 262 244
