87 101 1
88 101 1
87 101 2
88 101 2
87 101 3
88 101 3
87 101 4
88 101 4
87 101 5
88 101 5
87 101 6
88 101 6
87 101 7
88 101 7
87 101 8
88 101 8
87 101 9
88 101 9
87 101 10
88 101 10
87 101 11
88 101 11
87 101 12
88 101 12
87 101 13
88 101 13
87 101 14
88 101 14
87 101 15
88 101 15
87 101 16
88 101 16
87 101 17
88 101 17
87 101 18
88 101 18
87 101 19
88 101 19
87 101 20
88 101 20
87 101 21
88 101 21
87 101 22
88 101 22
87 101 23
88 101 23
87 101 24
88 101 24
87 101 25
88 101 25
87 101 26
88 101 26
87 101 27
88 101 27
87 101 28
88 101 28
87 101 29
88 101 29
87 101 30
88 101 30
87 101 31
88 101 31
87 101 32
88 101 32
87 101 33
88 101 33
87 101 34
88 101 34
87 101 35
88 101 35
87 101 36
88 101 36
87 101 37
88 101 37
87 101 38
88 101 38
87 101 39
88 101 39
87 101 40
88 101 40
87 101 41
88 101 41
87 101 42
88 101 42
87 101 43
88 101 43
87 101 44
88 101 44
87 101 45
88 101 45
87 101 46
88 101 46
87 101 47
88 101 47
87 101 48
88 101 48
87 101 49
88 101 49
87 101 50
88 101 50
87 101 51
88 101 51
87 101 52
88 101 52
87 101 53
88 101 53
87 101 54
88 101 54
87 101 55
88 101 55
87 101 56
88 101 56
87 101 57
88 101 57
87 101 58
88 101 58
87 101 59
88 101 59
87 101 60
88 101 60
87 101 61
88 101 61
87 101 62
88 101 62
87 101 63
88 101 63
87 101 64
88 101 64
87 101 65
88 101 65
87 101 66
88 101 66
87 101 67
88 101 67
87 101 68
88 101 68
87 101 69
88 101 69
87 101 70
88 101 70
87 101 71
88 101 71
87 101 72
88 101 72
87 101 73
88 101 73
87 101 74
88 101 74
87 101 75
88 101 75
87 101 76
88 101 76
87 101 77
88 101 77
87 101 78
88 101 78
87 101 79
88 101 79
87 101 80
88 101 80
87 101 81
88 101 81
87 101 82
88 101 82
87 101 83
88 101 83
87 101 84
88 101 84
87 101 85
88 101 85
87 101 86
88 101 86
87 101 87
88 101 87
87 101 88
88 101 88
87 101 89
88 101 89
87 101 90
88 101 90
87 101 91
88 101 91
87 101 92
88 101 92
87 101 93
88 101 93
87 101 94
88 101 94
87 101 95
88 101 95
87 101 96
88 101 96
87 101 97
88 101 97
87 101 98
88 101 98
87 101 99
88 101 99
87 101 100
88 101 100
87 101 101
88 101 101
87 101 102
88 101 102
87 101 103
88 101 103
87 101 104
88 101 104
87 101 105
88 101 105
87 101 106
88 101 106
87 101 107
88 101 107
87 101 108
88 101 108
87 101 109
88 101 109
87 101 110
88 101 110
87 101 111
88 101 111
87 101 112
88 101 112
87 101 113
88 101 113
87 101 114
88 101 114
87 101 115
88 101 115
87 101 116
88 101 116
87 101 117
88 101 117
87 101 118
88 101 118
87 101 119
88 101 119
87 101 120
88 101 120
87 101 121
88 101 121
87 101 122
88 101 122
