134 138 1
134 139 2
134 138 3
134 139 4
134 138 5
134 139 6
134 138 7
134 139 8
134 138 9
134 139 10
134 138 11
134 139 12
134 138 13
134 139 14
134 138 15
134 139 16
134 138 17
134 139 18
134 138 19
134 139 20
134 138 21
134 139 22
134 138 23
134 139 24
134 138 25
134 139 26
134 138 27
134 139 28
134 138 29
134 139 30
134 138 31
134 139 32
134 138 33
134 139 34
134 138 35
134 139 36
134 138 37
134 139 38
134 138 39
134 139 40
134 138 41
134 139 42
134 138 43
134 139 44
134 138 45
134 139 46
134 138 47
134 139 48
134 138 49
134 139 50
134 138 51
134 139 52
134 138 53
134 139 54
134 138 55
134 139 56
134 138 57
134 139 58
134 138 59
134 139 60
134 138 61
134 139 62
134 138 63
134 139 64
134 138 65
134 139 66
134 138 67
134 139 68
134 138 69
134 139 70
134 138 71
134 139 72
134 138 73
134 139 74
134 138 75
134 139 76
134 138 77
134 139 78
134 138 79
134 139 80
134 138 81
134 139 82
134 138 83
134 139 84
134 138 85
134 139 86
134 138 87
134 139 88
134 138 89
134 139 90
134 138 91
134 139 92
134 138 93
134 139 94
134 138 95
134 139 96
134 138 97
134 139 98
134 138 99
134 139 100
134 138 101
134 139 102
134 138 103
134 139 104
134 138 105
134 139 106
134 138 107
134 139 108
134 138 109
134 139 110
134 138 111
134 139 112
134 138 113
134 139 114
134 138 115
134 139 116
134 138 117
134 139 118
134 138 119
134 139 120
134 138 121
134 139 122
134 138 123
134 139 124
134 138 125
134 139 126
134 138 127
134 139 128
134 138 129
134 139 130
134 138 131
134 139 132
134 138 133
134 139 134
134 138 135
134 139 136
134 138 137
134 139 138
134 138 139
134 139 140
134 138 141
134 139 142
134 138 143
134 139 144
134 138 145
134 139 146
134 138 147
134 139 148
134 138 149
134 139 150
134 138 151
134 139 152
134 138 153
134 139 154
134 138 155
134 139 156
134 138 157
134 139 158
134 138 159
134 139 160
134 138 161
134 139 162
134 138 163
134 139 164
134 138 165
134 139 166
134 138 167
134 139 168
134 138 169
134 139 170
134 138 171
134 139 172
134 138 173
134 139 174
134 138 175
134 139 176
134 138 177
134 139 178
134 138 179
134 139 180
134 138 181
134 139 182
134 138 183
134 139 184
134 138 185
134 139 186
134 138 187
134 139 188
134 138 189
134 139 190
134 138 191
134 139 192
134 138 193
134 139 194
134 138 195
134 139 196
134 138 197
134 139 198
134 138 199
134 139 200
134 138 201
134 139 202
134 138 203
134 139 204
134 138 205
134 139 206
134 138 207
134 139 208
134 138 209
134 139 210
134 138 211
134 139 212
134 138 213
134 139 214
134 138 215
134 139 216
134 138 217
134 139 218
134 138 219
134 139 220
134 138 221
134 139 222
134 138 223
134 139 224
134 138 225
134 139 226
134 138 227
134 139 228
134 138 229
134 139 230
134 138 231
134 139 232
134 138 233
134 139 234
134 138 235
134 139 236
134 138 237
134 139 238
134 138 239
134 139 240
134 138 241
134 139 242
134 138 243
134 139 244
