86 87 1
86 88 2
86 87 3
86 88 4
86 87 5
86 88 6
86 87 7
86 88 8
86 87 9
86 88 10
86 87 11
86 88 12
86 87 13
86 88 14
86 87 15
86 88 16
86 87 17
86 88 18
86 87 19
86 88 20
86 87 21
86 88 22
86 87 23
86 88 24
86 87 25
86 88 26
86 87 27
86 88 28
86 87 29
86 88 30
86 87 31
86 88 32
86 87 33
86 88 34
86 87 35
86 88 36
86 87 37
86 88 38
86 87 39
86 88 40
86 87 41
86 88 42
86 87 43
86 88 44
86 87 45
86 88 46
86 87 47
86 88 48
86 87 49
86 88 50
86 87 51
86 88 52
86 87 53
86 88 54
86 87 55
86 88 56
86 87 57
86 88 58
86 87 59
86 88 60
86 87 61
86 88 62
86 87 63
86 88 64
86 87 65
86 88 66
86 87 67
86 88 68
86 87 69
86 88 70
86 87 71
86 88 72
86 87 73
86 88 74
86 87 75
86 88 76
86 87 77
86 88 78
86 87 79
86 88 80
86 87 81
86 88 82
86 87 83
86 88 84
86 87 85
86 88 86
86 87 87
86 88 88
86 87 89
86 88 90
86 87 91
86 88 92
86 87 93
86 88 94
86 87 95
86 88 96
86 87 97
86 88 98
86 87 99
86 88 100
86 87 101
86 88 102
86 87 103
86 88 104
86 87 105
86 88 106
86 87 107
86 88 108
86 87 109
86 88 110
86 87 111
86 88 112
86 87 113
86 88 114
86 87 115
86 88 116
86 87 117
86 88 118
86 87 119
86 88 120
86 87 121
86 88 122
86 87 123
86 88 124
86 87 125
86 88 126
86 87 127
86 88 128
86 87 129
86 88 130
86 87 131
86 88 132
86 87 133
86 88 134
86 87 135
86 88 136
86 87 137
86 88 138
86 87 139
86 88 140
86 87 141
86 88 142
86 87 143
86 88 144
86 87 145
86 88 146
86 87 147
86 88 148
86 87 149
86 88 150
86 87 151
86 88 152
86 87 153
86 88 154
86 87 155
86 88 156
86 87 157
86 88 158
86 87 159
86 88 160
86 87 161
86 88 162
86 87 163
86 88 164
86 87 165
86 88 166
86 87 167
86 88 168
86 87 169
86 88 170
86 87 171
86 88 172
86 87 173
86 88 174
86 87 175
86 88 176
86 87 177
86 88 178
86 87 179
86 88 180
86 87 181
86 88 182
86 87 183
86 88 184
86 87 185
86 88 186
86 87 187
86 88 188
86 87 189
86 88 190
86 87 191
86 88 192
86 87 193
86 88 194
86 87 195
86 88 196
86 87 197
86 88 198
86 87 199
86 88 200
86 87 201
86 88 202
86 87 203
86 88 204
86 87 205
86 88 206
86 87 207
86 88 208
86 87 209
86 88 210
86 87 211
86 88 212
86 87 213
86 88 214
86 87 215
86 88 216
86 87 217
86 88 218
86 87 219
86 88 220
86 87 221
86 88 222
86 87 223
86 88 224
86 87 225
86 88 226
86 87 227
86 88 228
86 87 229
86 88 230
86 87 231
86 88 232
86 87 233
86 88 234
86 87 235
86 88 236
86 87 237
86 88 238
86 87 239
86 88 240
86 87 241
86 88 242
86 87 243
86 88 244
