62 71 1
62 71 2
62 71 3
62 71 4
62 71 5
62 71 6
62 71 7
62 71 8
62 71 9
62 71 10
62 71 11
62 71 12
62 71 13
62 71 14
62 71 15
62 71 16
62 71 17
62 71 18
62 71 19
62 71 20
62 71 21
62 71 22
62 71 23
62 71 24
62 71 25
62 71 26
62 71 27
62 71 28
62 71 29
62 71 30
62 71 31
62 71 32
62 71 33
62 71 34
62 71 35
62 71 36
62 71 37
62 71 38
62 71 39
62 71 40
62 71 41
62 71 42
62 71 43
62 71 44
62 71 45
62 71 46
62 71 47
62 71 48
62 71 49
62 71 50
62 71 51
62 71 52
62 71 53
62 71 54
62 71 55
62 71 56
62 71 57
62 71 58
62 71 59
62 71 60
62 71 61
62 71 62
62 71 63
62 71 64
62 71 65
62 71 66
62 71 67
62 71 68
62 71 69
62 71 70
62 71 71
62 71 72
62 71 73
62 71 74
62 71 75
62 71 76
62 71 77
62 71 78
62 71 79
62 71 80
62 71 81
62 71 82
62 71 83
62 71 84
62 71 85
62 71 86
62 71 87
62 71 88
62 71 89
62 71 90
62 71 91
62 71 92
62 71 93
62 71 94
62 71 95
62 71 96
62 71 97
62 71 98
62 71 99
62 71 100
62 71 101
62 71 102
62 71 103
62 71 104
62 71 105
62 71 106
62 71 107
62 71 108
62 71 109
62 71 110
62 71 111
62 71 112
62 71 113
62 71 114
62 71 115
62 71 116
62 71 117
62 71 118
62 71 119
62 71 120
62 71 121
62 71 122
62 71 123
62 71 124
62 71 125
62 71 126
62 71 127
62 71 128
62 71 129
62 71 130
62 71 131
62 71 132
62 71 133
62 71 134
62 71 135
62 71 136
62 71 137
62 71 138
62 71 139
62 71 140
62 71 141
62 71 142
62 71 143
62 71 144
62 71 145
62 71 146
62 71 147
62 71 148
62 71 149
62 71 150
62 71 151
62 71 152
62 71 153
62 71 154
62 71 155
62 71 156
62 71 157
62 71 158
62 71 159
62 71 160
62 71 161
62 71 162
62 71 163
62 71 164
62 71 165
62 71 166
62 71 167
62 71 168
62 71 169
62 71 170
62 71 171
62 71 172
62 71 173
62 71 174
62 71 175
62 71 176
62 71 177
62 71 178
62 71 179
62 71 180
62 71 181
62 71 182
62 71 183
62 71 184
62 71 185
62 71 186
62 71 187
62 71 188
62 71 189
62 71 190
62 71 191
62 71 192
62 71 193
62 71 194
62 71 195
62 71 196
62 71 197
62 71 198
62 71 199
62 71 200
62 71 201
62 71 202
62 71 203
62 71 204
62 71 205
62 71 206
62 71 207
62 71 208
62 71 209
62 71 210
62 71 211
62 71 212
62 71 213
62 71 214
62 71 215
62 71 216
62 71 217
62 71 218
62 71 219
62 71 220
62 71 221
62 71 222
62 71 223
62 71 224
62 71 225
62 71 226
62 71 227
62 71 228
62 71 229
62 71 230
62 71 231
62 71 232
62 71 233
62 71 234
62 71 235
62 71 236
62 71 237
62 71 238
62 71 239
62 71 240
62 71 241
62 71 242
62 71 243
62 71 244
62 71 245
