186 192 1
187 192 1
186 193 2
187 193 2
186 194 3
187 194 3
186 195 4
187 195 4
186 196 5
187 196 5
186 192 6
187 192 6
186 193 7
187 193 7
186 194 8
187 194 8
186 195 9
187 195 9
186 196 10
187 196 10
186 192 11
187 192 11
186 193 12
187 193 12
186 194 13
187 194 13
186 195 14
187 195 14
186 196 15
187 196 15
186 192 16
187 192 16
186 193 17
187 193 17
186 194 18
187 194 18
186 195 19
187 195 19
186 196 20
187 196 20
186 192 21
187 192 21
186 193 22
187 193 22
186 194 23
187 194 23
186 195 24
187 195 24
186 196 25
187 196 25
186 192 26
187 192 26
186 193 27
187 193 27
186 194 28
187 194 28
186 195 29
187 195 29
186 196 30
187 196 30
186 192 31
187 192 31
186 193 32
187 193 32
186 194 33
187 194 33
186 195 34
187 195 34
186 196 35
187 196 35
186 192 36
187 192 36
186 193 37
187 193 37
186 194 38
187 194 38
186 195 39
187 195 39
186 196 40
187 196 40
186 192 41
187 192 41
186 193 42
187 193 42
186 194 43
187 194 43
186 195 44
187 195 44
186 196 45
187 196 45
186 192 46
187 192 46
186 193 47
187 193 47
186 194 48
187 194 48
186 195 49
187 195 49
186 196 50
187 196 50
186 192 51
187 192 51
186 193 52
187 193 52
186 194 53
187 194 53
186 195 54
187 195 54
186 196 55
187 196 55
186 192 56
187 192 56
186 193 57
187 193 57
186 194 58
187 194 58
186 195 59
187 195 59
186 196 60
187 196 60
186 192 61
187 192 61
186 193 62
187 193 62
186 194 63
187 194 63
186 195 64
187 195 64
186 196 65
187 196 65
186 192 66
187 192 66
186 193 67
187 193 67
186 194 68
187 194 68
186 195 69
187 195 69
186 196 70
187 196 70
186 192 71
187 192 71
186 193 72
187 193 72
186 194 73
187 194 73
186 195 74
187 195 74
186 196 75
187 196 75
186 192 76
187 192 76
186 193 77
187 193 77
186 194 78
187 194 78
186 195 79
187 195 79
186 196 80
187 196 80
186 192 81
187 192 81
186 193 82
187 193 82
186 194 83
187 194 83
186 195 84
187 195 84
186 196 85
187 196 85
186 192 86
187 192 86
186 193 87
187 193 87
186 194 88
187 194 88
186 195 89
187 195 89
186 196 90
187 196 90
186 192 91
187 192 91
186 193 92
187 193 92
186 194 93
187 194 93
186 195 94
187 195 94
186 196 95
187 196 95
186 192 96
187 192 96
186 193 97
187 193 97
186 194 98
187 194 98
186 195 99
187 195 99
186 196 100
187 196 100
186 192 101
187 192 101
186 193 102
187 193 102
186 194 103
187 194 103
186 195 104
187 195 104
186 196 105
187 196 105
186 192 106
187 192 106
186 193 107
187 193 107
186 194 108
187 194 108
186 195 109
187 195 109
186 196 110
187 196 110
186 192 111
187 192 111
186 193 112
187 193 112
186 194 113
187 194 113
186 195 114
187 195 114
186 196 115
187 196 115
186 192 116
187 192 116
186 193 117
187 193 117
186 194 118
187 194 118
186 195 119
187 195 119
186 196 120
187 196 120
