116 279 1
116 280 2
116 281 3
116 282 4
116 283 5
116 279 6
116 280 7
116 281 8
116 282 9
116 283 10
116 279 11
116 280 12
116 281 13
116 282 14
116 283 15
116 279 16
116 280 17
116 281 18
116 282 19
116 283 20
116 279 21
116 280 22
116 281 23
116 282 24
116 283 25
116 279 26
116 280 27
116 281 28
116 282 29
116 283 30
116 279 31
116 280 32
116 281 33
116 282 34
116 283 35
116 279 36
116 280 37
116 281 38
116 282 39
116 283 40
116 279 41
116 280 42
116 281 43
116 282 44
116 283 45
116 279 46
116 280 47
116 281 48
116 282 49
116 283 50
116 279 51
116 280 52
116 281 53
116 282 54
116 283 55
116 279 56
116 280 57
116 281 58
116 282 59
116 283 60
116 279 61
116 280 62
116 281 63
116 282 64
116 283 65
116 279 66
116 280 67
116 281 68
116 282 69
116 283 70
116 279 71
116 280 72
116 281 73
116 282 74
116 283 75
116 279 76
116 280 77
116 281 78
116 282 79
116 283 80
116 279 81
116 280 82
116 281 83
116 282 84
116 283 85
116 279 86
116 280 87
116 281 88
116 282 89
116 283 90
116 279 91
116 280 92
116 281 93
116 282 94
116 283 95
116 279 96
116 280 97
116 281 98
116 282 99
116 283 100
116 279 101
116 280 102
116 281 103
116 282 104
116 283 105
116 279 106
116 280 107
116 281 108
116 282 109
116 283 110
116 279 111
116 280 112
116 281 113
116 282 114
116 283 115
116 279 116
116 280 117
116 281 118
116 282 119
116 283 120
116 279 121
116 280 122
116 281 123
116 282 124
116 283 125
116 279 126
116 280 127
116 281 128
116 282 129
116 283 130
116 279 131
116 280 132
116 281 133
116 282 134
116 283 135
116 279 136
116 280 137
116 281 138
116 282 139
116 283 140
116 279 141
116 280 142
116 281 143
116 282 144
116 283 145
116 279 146
116 280 147
116 281 148
116 282 149
116 283 150
116 279 151
116 280 152
116 281 153
116 282 154
116 283 155
116 279 156
116 280 157
116 281 158
116 282 159
116 283 160
116 279 161
116 280 162
116 281 163
116 282 164
116 283 165
116 279 166
116 280 167
116 281 168
116 282 169
116 283 170
116 279 171
116 280 172
116 281 173
116 282 174
116 283 175
116 279 176
116 280 177
116 281 178
116 282 179
116 283 180
116 279 181
116 280 182
116 281 183
116 282 184
116 283 185
116 279 186
116 280 187
116 281 188
116 282 189
116 283 190
116 279 191
116 280 192
116 281 193
116 282 194
116 283 195
116 279 196
116 280 197
116 281 198
116 282 199
116 283 200
116 279 201
116 280 202
116 281 203
116 282 204
116 283 205
116 279 206
116 280 207
116 281 208
116 282 209
116 283 210
116 279 211
116 280 212
116 281 213
116 282 214
116 283 215
116 279 216
116 280 217
116 281 218
116 282 219
116 283 220
116 279 221
116 280 222
116 281 223
116 282 224
116 283 225
116 279 226
116 280 227
116 281 228
116 282 229
116 283 230
116 279 231
116 280 232
116 281 233
116 282 234
116 283 235
116 279 236
116 280 237
116 281 238
116 282 239
116 283 240
116 279 241
116 280 242
116 281 243
116 282 244
116 283 245
