210 221 1
211 221 1
210 221 2
211 221 2
210 221 3
211 221 3
210 221 4
211 221 4
210 221 5
211 221 5
210 221 6
211 221 6
210 221 7
211 221 7
210 221 8
211 221 8
210 221 9
211 221 9
210 221 10
211 221 10
210 221 11
211 221 11
210 221 12
211 221 12
210 221 13
211 221 13
210 221 14
211 221 14
210 221 15
211 221 15
210 221 16
211 221 16
210 221 17
211 221 17
210 221 18
211 221 18
210 221 19
211 221 19
210 221 20
211 221 20
210 221 21
211 221 21
210 221 22
211 221 22
210 221 23
211 221 23
210 221 24
211 221 24
210 221 25
211 221 25
210 221 26
211 221 26
210 221 27
211 221 27
210 221 28
211 221 28
210 221 29
211 221 29
210 221 30
211 221 30
210 221 31
211 221 31
210 221 32
211 221 32
210 221 33
211 221 33
210 221 34
211 221 34
210 221 35
211 221 35
210 221 36
211 221 36
210 221 37
211 221 37
210 221 38
211 221 38
210 221 39
211 221 39
210 221 40
211 221 40
210 221 41
211 221 41
210 221 42
211 221 42
210 221 43
211 221 43
210 221 44
211 221 44
210 221 45
211 221 45
210 221 46
211 221 46
210 221 47
211 221 47
210 221 48
211 221 48
210 221 49
211 221 49
210 221 50
211 221 50
210 221 51
211 221 51
210 221 52
211 221 52
210 221 53
211 221 53
210 221 54
211 221 54
210 221 55
211 221 55
210 221 56
211 221 56
210 221 57
211 221 57
210 221 58
211 221 58
210 221 59
211 221 59
210 221 60
211 221 60
210 221 61
211 221 61
210 221 62
211 221 62
210 221 63
211 221 63
210 221 64
211 221 64
210 221 65
211 221 65
210 221 66
211 221 66
210 221 67
211 221 67
210 221 68
211 221 68
210 221 69
211 221 69
210 221 70
211 221 70
210 221 71
211 221 71
210 221 72
211 221 72
210 221 73
211 221 73
210 221 74
211 221 74
210 221 75
211 221 75
210 221 76
211 221 76
210 221 77
211 221 77
210 221 78
211 221 78
210 221 79
211 221 79
210 221 80
211 221 80
210 221 81
211 221 81
210 221 82
211 221 82
210 221 83
211 221 83
210 221 84
211 221 84
210 221 85
211 221 85
210 221 86
211 221 86
210 221 87
211 221 87
210 221 88
211 221 88
210 221 89
211 221 89
210 221 90
211 221 90
210 221 91
211 221 91
210 221 92
211 221 92
210 221 93
211 221 93
210 221 94
211 221 94
210 221 95
211 221 95
210 221 96
211 221 96
210 221 97
211 221 97
210 221 98
211 221 98
210 221 99
211 221 99
210 221 100
211 221 100
210 221 101
211 221 101
210 221 102
211 221 102
210 221 103
211 221 103
210 221 104
211 221 104
210 221 105
211 221 105
210 221 106
211 221 106
210 221 107
211 221 107
210 221 108
211 221 108
210 221 109
211 221 109
210 221 110
211 221 110
210 221 111
211 221 111
210 221 112
211 221 112
210 221 113
211 221 113
210 221 114
211 221 114
210 221 115
211 221 115
210 221 116
211 221 116
210 221 117
211 221 117
210 221 118
211 221 118
210 221 119
211 221 119
210 221 120
211 221 120
210 221 121
211 221 121
210 221 122
211 221 122
