186 197 1
187 197 1
186 197 2
187 197 2
186 197 3
187 197 3
186 197 4
187 197 4
186 197 5
187 197 5
186 197 6
187 197 6
186 197 7
187 197 7
186 197 8
187 197 8
186 197 9
187 197 9
186 197 10
187 197 10
186 197 11
187 197 11
186 197 12
187 197 12
186 197 13
187 197 13
186 197 14
187 197 14
186 197 15
187 197 15
186 197 16
187 197 16
186 197 17
187 197 17
186 197 18
187 197 18
186 197 19
187 197 19
186 197 20
187 197 20
186 197 21
187 197 21
186 197 22
187 197 22
186 197 23
187 197 23
186 197 24
187 197 24
186 197 25
187 197 25
186 197 26
187 197 26
186 197 27
187 197 27
186 197 28
187 197 28
186 197 29
187 197 29
186 197 30
187 197 30
186 197 31
187 197 31
186 197 32
187 197 32
186 197 33
187 197 33
186 197 34
187 197 34
186 197 35
187 197 35
186 197 36
187 197 36
186 197 37
187 197 37
186 197 38
187 197 38
186 197 39
187 197 39
186 197 40
187 197 40
186 197 41
187 197 41
186 197 42
187 197 42
186 197 43
187 197 43
186 197 44
187 197 44
186 197 45
187 197 45
186 197 46
187 197 46
186 197 47
187 197 47
186 197 48
187 197 48
186 197 49
187 197 49
186 197 50
187 197 50
186 197 51
187 197 51
186 197 52
187 197 52
186 197 53
187 197 53
186 197 54
187 197 54
186 197 55
187 197 55
186 197 56
187 197 56
186 197 57
187 197 57
186 197 58
187 197 58
186 197 59
187 197 59
186 197 60
187 197 60
186 197 61
187 197 61
186 197 62
187 197 62
186 197 63
187 197 63
186 197 64
187 197 64
186 197 65
187 197 65
186 197 66
187 197 66
186 197 67
187 197 67
186 197 68
187 197 68
186 197 69
187 197 69
186 197 70
187 197 70
186 197 71
187 197 71
186 197 72
187 197 72
186 197 73
187 197 73
186 197 74
187 197 74
186 197 75
187 197 75
186 197 76
187 197 76
186 197 77
187 197 77
186 197 78
187 197 78
186 197 79
187 197 79
186 197 80
187 197 80
186 197 81
187 197 81
186 197 82
187 197 82
186 197 83
187 197 83
186 197 84
187 197 84
186 197 85
187 197 85
186 197 86
187 197 86
186 197 87
187 197 87
186 197 88
187 197 88
186 197 89
187 197 89
186 197 90
187 197 90
186 197 91
187 197 91
186 197 92
187 197 92
186 197 93
187 197 93
186 197 94
187 197 94
186 197 95
187 197 95
186 197 96
187 197 96
186 197 97
187 197 97
186 197 98
187 197 98
186 197 99
187 197 99
186 197 100
187 197 100
186 197 101
187 197 101
186 197 102
187 197 102
186 197 103
187 197 103
186 197 104
187 197 104
186 197 105
187 197 105
186 197 106
187 197 106
186 197 107
187 197 107
186 197 108
187 197 108
186 197 109
187 197 109
186 197 110
187 197 110
186 197 111
187 197 111
186 197 112
187 197 112
186 197 113
187 197 113
186 197 114
187 197 114
186 197 115
187 197 115
186 197 116
187 197 116
186 197 117
187 197 117
186 197 118
187 197 118
186 197 119
187 197 119
186 197 120
187 197 120
186 197 121
187 197 121
186 197 122
187 197 122
