215 279 1
215 280 2
215 281 3
215 282 4
215 283 5
215 279 6
215 280 7
215 281 8
215 282 9
215 283 10
215 279 11
215 280 12
215 281 13
215 282 14
215 283 15
215 279 16
215 280 17
215 281 18
215 282 19
215 283 20
215 279 21
215 280 22
215 281 23
215 282 24
215 283 25
215 279 26
215 280 27
215 281 28
215 282 29
215 283 30
215 279 31
215 280 32
215 281 33
215 282 34
215 283 35
215 279 36
215 280 37
215 281 38
215 282 39
215 283 40
215 279 41
215 280 42
215 281 43
215 282 44
215 283 45
215 279 46
215 280 47
215 281 48
215 282 49
215 283 50
215 279 51
215 280 52
215 281 53
215 282 54
215 283 55
215 279 56
215 280 57
215 281 58
215 282 59
215 283 60
215 279 61
215 280 62
215 281 63
215 282 64
215 283 65
215 279 66
215 280 67
215 281 68
215 282 69
215 283 70
215 279 71
215 280 72
215 281 73
215 282 74
215 283 75
215 279 76
215 280 77
215 281 78
215 282 79
215 283 80
215 279 81
215 280 82
215 281 83
215 282 84
215 283 85
215 279 86
215 280 87
215 281 88
215 282 89
215 283 90
215 279 91
215 280 92
215 281 93
215 282 94
215 283 95
215 279 96
215 280 97
215 281 98
215 282 99
215 283 100
215 279 101
215 280 102
215 281 103
215 282 104
215 283 105
215 279 106
215 280 107
215 281 108
215 282 109
215 283 110
215 279 111
215 280 112
215 281 113
215 282 114
215 283 115
215 279 116
215 280 117
215 281 118
215 282 119
215 283 120
215 279 121
215 280 122
215 281 123
215 282 124
215 283 125
215 279 126
215 280 127
215 281 128
215 282 129
215 283 130
215 279 131
215 280 132
215 281 133
215 282 134
215 283 135
215 279 136
215 280 137
215 281 138
215 282 139
215 283 140
215 279 141
215 280 142
215 281 143
215 282 144
215 283 145
215 279 146
215 280 147
215 281 148
215 282 149
215 283 150
215 279 151
215 280 152
215 281 153
215 282 154
215 283 155
215 279 156
215 280 157
215 281 158
215 282 159
215 283 160
215 279 161
215 280 162
215 281 163
215 282 164
215 283 165
215 279 166
215 280 167
215 281 168
215 282 169
215 283 170
215 279 171
215 280 172
215 281 173
215 282 174
215 283 175
215 279 176
215 280 177
215 281 178
215 282 179
215 283 180
215 279 181
215 280 182
215 281 183
215 282 184
215 283 185
215 279 186
215 280 187
215 281 188
215 282 189
215 283 190
215 279 191
215 280 192
215 281 193
215 282 194
215 283 195
215 279 196
215 280 197
215 281 198
215 282 199
215 283 200
215 279 201
215 280 202
215 281 203
215 282 204
215 283 205
215 279 206
215 280 207
215 281 208
215 282 209
215 283 210
215 279 211
215 280 212
215 281 213
215 282 214
215 283 215
215 279 216
215 280 217
215 281 218
215 282 219
215 283 220
215 279 221
215 280 222
215 281 223
215 282 224
215 283 225
215 279 226
215 280 227
215 281 228
215 282 229
215 283 230
215 279 231
215 280 232
215 281 233
215 282 234
215 283 235
215 279 236
215 280 237
215 281 238
215 282 239
215 283 240
215 279 241
215 280 242
215 281 243
215 282 244
215 283 245
