237 240 1
238 240 1
237 241 2
238 241 2
237 242 3
238 242 3
237 243 4
238 243 4
237 244 5
238 244 5
237 240 6
238 240 6
237 241 7
238 241 7
237 242 8
238 242 8
237 243 9
238 243 9
237 244 10
238 244 10
237 240 11
238 240 11
237 241 12
238 241 12
237 242 13
238 242 13
237 243 14
238 243 14
237 244 15
238 244 15
237 240 16
238 240 16
237 241 17
238 241 17
237 242 18
238 242 18
237 243 19
238 243 19
237 244 20
238 244 20
237 240 21
238 240 21
237 241 22
238 241 22
237 242 23
238 242 23
237 243 24
238 243 24
237 244 25
238 244 25
237 240 26
238 240 26
237 241 27
238 241 27
237 242 28
238 242 28
237 243 29
238 243 29
237 244 30
238 244 30
237 240 31
238 240 31
237 241 32
238 241 32
237 242 33
238 242 33
237 243 34
238 243 34
237 244 35
238 244 35
237 240 36
238 240 36
237 241 37
238 241 37
237 242 38
238 242 38
237 243 39
238 243 39
237 244 40
238 244 40
237 240 41
238 240 41
237 241 42
238 241 42
237 242 43
238 242 43
237 243 44
238 243 44
237 244 45
238 244 45
237 240 46
238 240 46
237 241 47
238 241 47
237 242 48
238 242 48
237 243 49
238 243 49
237 244 50
238 244 50
237 240 51
238 240 51
237 241 52
238 241 52
237 242 53
238 242 53
237 243 54
238 243 54
237 244 55
238 244 55
237 240 56
238 240 56
237 241 57
238 241 57
237 242 58
238 242 58
237 243 59
238 243 59
237 244 60
238 244 60
237 240 61
238 240 61
237 241 62
238 241 62
237 242 63
238 242 63
237 243 64
238 243 64
237 244 65
238 244 65
237 240 66
238 240 66
237 241 67
238 241 67
237 242 68
238 242 68
237 243 69
238 243 69
237 244 70
238 244 70
237 240 71
238 240 71
237 241 72
238 241 72
237 242 73
238 242 73
237 243 74
238 243 74
237 244 75
238 244 75
237 240 76
238 240 76
237 241 77
238 241 77
237 242 78
238 242 78
237 243 79
238 243 79
237 244 80
238 244 80
237 240 81
238 240 81
237 241 82
238 241 82
237 242 83
238 242 83
237 243 84
238 243 84
237 244 85
238 244 85
237 240 86
238 240 86
237 241 87
238 241 87
237 242 88
238 242 88
237 243 89
238 243 89
237 244 90
238 244 90
237 240 91
238 240 91
237 241 92
238 241 92
237 242 93
238 242 93
237 243 94
238 243 94
237 244 95
238 244 95
237 240 96
238 240 96
237 241 97
238 241 97
237 242 98
238 242 98
237 243 99
238 243 99
237 244 100
238 244 100
237 240 101
238 240 101
237 241 102
238 241 102
237 242 103
238 242 103
237 243 104
238 243 104
237 244 105
238 244 105
237 240 106
238 240 106
237 241 107
238 241 107
237 242 108
238 242 108
237 243 109
238 243 109
237 244 110
238 244 110
237 240 111
238 240 111
237 241 112
238 241 112
237 242 113
238 242 113
237 243 114
238 243 114
237 244 115
238 244 115
237 240 116
238 240 116
237 241 117
238 241 117
237 242 118
238 242 118
237 243 119
238 243 119
237 244 120
238 244 120
