0 6 1
1 6 1
2 6 1
3 6 1
4 6 1
0 7 2
1 7 2
2 7 2
3 7 2
4 7 2
0 8 3
1 8 3
2 8 3
3 8 3
4 8 3
0 9 4
1 9 4
2 9 4
3 9 4
4 9 4
0 10 5
1 10 5
2 10 5
3 10 5
4 10 5
0 6 6
1 6 6
2 6 6
3 6 6
4 6 6
0 7 7
1 7 7
2 7 7
3 7 7
4 7 7
0 8 8
1 8 8
2 8 8
3 8 8
4 8 8
0 9 9
1 9 9
2 9 9
3 9 9
4 9 9
0 10 10
1 10 10
2 10 10
3 10 10
4 10 10
0 6 11
1 6 11
2 6 11
3 6 11
4 6 11
0 7 12
1 7 12
2 7 12
3 7 12
4 7 12
0 8 13
1 8 13
2 8 13
3 8 13
4 8 13
0 9 14
1 9 14
2 9 14
3 9 14
4 9 14
0 10 15
1 10 15
2 10 15
3 10 15
4 10 15
0 6 16
1 6 16
2 6 16
3 6 16
4 6 16
0 7 17
1 7 17
2 7 17
3 7 17
4 7 17
0 8 18
1 8 18
2 8 18
3 8 18
4 8 18
0 9 19
1 9 19
2 9 19
3 9 19
4 9 19
0 10 20
1 10 20
2 10 20
3 10 20
4 10 20
0 6 21
1 6 21
2 6 21
3 6 21
4 6 21
0 7 22
1 7 22
2 7 22
3 7 22
4 7 22
0 8 23
1 8 23
2 8 23
3 8 23
4 8 23
0 9 24
1 9 24
2 9 24
3 9 24
4 9 24
0 10 25
1 10 25
2 10 25
3 10 25
4 10 25
0 6 26
1 6 26
2 6 26
3 6 26
4 6 26
0 7 27
1 7 27
2 7 27
3 7 27
4 7 27
0 8 28
1 8 28
2 8 28
3 8 28
4 8 28
0 9 29
1 9 29
2 9 29
3 9 29
4 9 29
0 10 30
1 10 30
2 10 30
3 10 30
4 10 30
0 6 31
1 6 31
2 6 31
3 6 31
4 6 31
0 7 32
1 7 32
2 7 32
3 7 32
4 7 32
0 8 33
1 8 33
2 8 33
3 8 33
4 8 33
0 9 34
1 9 34
2 9 34
3 9 34
4 9 34
0 10 35
1 10 35
2 10 35
3 10 35
4 10 35
0 6 36
1 6 36
2 6 36
3 6 36
4 6 36
0 7 37
1 7 37
2 7 37
3 7 37
4 7 37
0 8 38
1 8 38
2 8 38
3 8 38
4 8 38
0 9 39
1 9 39
2 9 39
3 9 39
4 9 39
0 10 40
1 10 40
2 10 40
3 10 40
4 10 40
0 6 41
1 6 41
2 6 41
3 6 41
4 6 41
0 7 42
1 7 42
2 7 42
3 7 42
4 7 42
0 8 43
1 8 43
2 8 43
3 8 43
4 8 43
0 9 44
1 9 44
2 9 44
3 9 44
4 9 44
0 10 45
1 10 45
2 10 45
3 10 45
4 10 45
0 6 46
1 6 46
2 6 46
3 6 46
4 6 46
0 7 47
1 7 47
2 7 47
3 7 47
4 7 47
0 8 48
1 8 48
2 8 48
3 8 48
4 8 48
0 9 49
1 9 49
2 9 49
3 9 49
4 9 49
0 10 50
1 10 50
2 10 50
3 10 50
4 10 50
0 6 51
1 6 51
2 6 51
3 6 51
4 6 51
0 7 52
1 7 52
2 7 52
3 7 52
4 7 52
0 8 53
1 8 53
2 8 53
3 8 53
4 8 53
0 9 54
1 9 54
2 9 54
3 9 54
4 9 54
0 10 55
1 10 55
2 10 55
3 10 55
4 10 55
0 6 56
1 6 56
2 6 56
3 6 56
4 6 56
0 7 57
1 7 57
2 7 57
3 7 57
4 7 57
0 8 58
1 8 58
2 8 58
3 8 58
4 8 58
0 9 59
1 9 59
2 9 59
3 9 59
4 9 59
0 10 60
1 10 60
2 10 60
3 10 60
4 10 60
0 6 61
1 6 61
2 6 61
3 6 61
4 6 61
0 7 62
1 7 62
2 7 62
3 7 62
4 7 62
0 8 63
1 8 63
2 8 63
3 8 63
4 8 63
0 9 64
1 9 64
2 9 64
3 9 64
4 9 64
0 10 65
1 10 65
2 10 65
3 10 65
4 10 65
0 6 66
1 6 66
2 6 66
3 6 66
4 6 66
0 7 67
1 7 67
2 7 67
3 7 67
4 7 67
0 8 68
1 8 68
2 8 68
3 8 68
4 8 68
0 9 69
1 9 69
2 9 69
3 9 69
4 9 69
0 10 70
1 10 70
2 10 70
3 10 70
4 10 70
0 6 71
1 6 71
2 6 71
3 6 71
4 6 71
0 7 72
1 7 72
2 7 72
3 7 72
4 7 72
0 8 73
1 8 73
2 8 73
3 8 73
4 8 73
0 9 74
1 9 74
2 9 74
3 9 74
4 9 74
0 10 75
1 10 75
2 10 75
3 10 75
4 10 75
0 6 76
1 6 76
2 6 76
3 6 76
4 6 76
0 7 77
1 7 77
2 7 77
3 7 77
4 7 77
0 8 78
1 8 78
2 8 78
3 8 78
4 8 78
0 9 79
1 9 79
2 9 79
3 9 79
4 9 79
0 10 80
1 10 80
2 10 80
3 10 80
4 10 80
0 6 81
1 6 81
2 6 81
3 6 81
4 6 81
0 7 82
1 7 82
2 7 82
3 7 82
4 7 82
0 8 83
1 8 83
2 8 83
3 8 83
4 8 83
0 9 84
1 9 84
2 9 84
3 9 84
4 9 84
0 10 85
1 10 85
2 10 85
3 10 85
4 10 85
0 6 86
1 6 86
2 6 86
3 6 86
4 6 86
0 7 87
1 7 87
2 7 87
3 7 87
4 7 87
0 8 88
1 8 88
2 8 88
3 8 88
4 8 88
0 9 89
1 9 89
2 9 89
3 9 89
4 9 89
0 10 90
1 10 90
2 10 90
3 10 90
4 10 90
0 6 91
1 6 91
2 6 91
3 6 91
4 6 91
0 7 92
1 7 92
2 7 92
3 7 92
4 7 92
0 8 93
1 8 93
2 8 93
3 8 93
4 8 93
0 9 94
1 9 94
2 9 94
3 9 94
4 9 94
0 10 95
1 10 95
2 10 95
3 10 95
4 10 95
0 6 96
1 6 96
2 6 96
3 6 96
4 6 96
0 7 97
1 7 97
2 7 97
3 7 97
4 7 97
0 8 98
1 8 98
2 8 98
3 8 98
4 8 98
0 9 99
1 9 99
2 9 99
3 9 99
4 9 99
0 10 100
1 10 100
2 10 100
3 10 100
4 10 100
0 6 101
1 6 101
2 6 101
3 6 101
4 6 101
0 7 102
1 7 102
2 7 102
3 7 102
4 7 102
0 8 103
1 8 103
2 8 103
3 8 103
4 8 103
0 9 104
1 9 104
2 9 104
3 9 104
4 9 104
0 10 105
1 10 105
2 10 105
3 10 105
4 10 105
0 6 106
1 6 106
2 6 106
3 6 106
4 6 106
0 7 107
1 7 107
2 7 107
3 7 107
4 7 107
0 8 108
1 8 108
2 8 108
3 8 108
4 8 108
0 9 109
1 9 109
2 9 109
3 9 109
4 9 109
0 10 110
1 10 110
2 10 110
3 10 110
4 10 110
0 6 111
1 6 111
2 6 111
3 6 111
4 6 111
0 7 112
1 7 112
2 7 112
3 7 112
4 7 112
0 8 113
1 8 113
2 8 113
3 8 113
4 8 113
0 9 114
1 9 114
2 9 114
3 9 114
4 9 114
0 10 115
1 10 115
2 10 115
3 10 115
4 10 115
0 6 116
1 6 116
2 6 116
3 6 116
4 6 116
0 7 117
1 7 117
2 7 117
3 7 117
4 7 117
0 8 118
1 8 118
2 8 118
3 8 118
4 8 118
0 9 119
1 9 119
2 9 119
3 9 119
4 9 119
0 10 120
1 10 120
2 10 120
3 10 120
4 10 120
0 6 121
1 6 121
2 6 121
3 6 121
4 6 121
0 7 122
1 7 122
2 7 122
3 7 122
4 7 122
0 8 123
1 8 123
2 8 123
3 8 123
4 8 123
0 9 124
1 9 124
2 9 124
3 9 124
4 9 124
0 10 125
1 10 125
2 10 125
3 10 125
4 10 125
0 6 126
1 6 126
2 6 126
3 6 126
4 6 126
0 7 127
1 7 127
2 7 127
3 7 127
4 7 127
0 8 128
1 8 128
2 8 128
3 8 128
4 8 128
0 9 129
1 9 129
2 9 129
3 9 129
4 9 129
0 10 130
1 10 130
2 10 130
3 10 130
4 10 130
0 6 131
1 6 131
2 6 131
3 6 131
4 6 131
0 7 132
1 7 132
2 7 132
3 7 132
4 7 132
0 8 133
1 8 133
2 8 133
3 8 133
4 8 133
0 9 134
1 9 134
2 9 134
3 9 134
4 9 134
0 10 135
1 10 135
2 10 135
3 10 135
4 10 135
0 6 136
1 6 136
2 6 136
3 6 136
4 6 136
0 7 137
1 7 137
2 7 137
3 7 137
4 7 137
0 8 138
1 8 138
2 8 138
3 8 138
4 8 138
0 9 139
1 9 139
2 9 139
3 9 139
4 9 139
0 10 140
1 10 140
2 10 140
3 10 140
4 10 140
0 6 141
1 6 141
2 6 141
3 6 141
4 6 141
0 7 142
1 7 142
2 7 142
3 7 142
4 7 142
0 8 143
1 8 143
2 8 143
3 8 143
4 8 143
0 9 144
1 9 144
2 9 144
3 9 144
4 9 144
0 10 145
1 10 145
2 10 145
3 10 145
4 10 145
0 6 146
1 6 146
2 6 146
3 6 146
4 6 146
0 7 147
1 7 147
2 7 147
3 7 147
4 7 147
0 8 148
1 8 148
2 8 148
3 8 148
4 8 148
0 9 149
1 9 149
2 9 149
3 9 149
4 9 149
0 10 150
1 10 150
2 10 150
3 10 150
4 10 150
0 6 151
1 6 151
2 6 151
3 6 151
4 6 151
0 7 152
1 7 152
2 7 152
3 7 152
4 7 152
0 8 153
1 8 153
2 8 153
3 8 153
4 8 153
0 9 154
1 9 154
2 9 154
3 9 154
4 9 154
0 10 155
1 10 155
2 10 155
3 10 155
4 10 155
0 6 156
1 6 156
2 6 156
3 6 156
4 6 156
0 7 157
1 7 157
2 7 157
3 7 157
4 7 157
0 8 158
1 8 158
2 8 158
3 8 158
4 8 158
0 9 159
1 9 159
2 9 159
3 9 159
4 9 159
0 10 160
1 10 160
2 10 160
3 10 160
4 10 160
0 6 161
1 6 161
2 6 161
3 6 161
4 6 161
0 7 162
1 7 162
2 7 162
3 7 162
4 7 162
0 8 163
1 8 163
2 8 163
3 8 163
4 8 163
0 9 164
1 9 164
2 9 164
3 9 164
4 9 164
0 10 165
1 10 165
2 10 165
3 10 165
4 10 165
0 6 166
1 6 166
2 6 166
3 6 166
4 6 166
0 7 167
1 7 167
2 7 167
3 7 167
4 7 167
0 8 168
1 8 168
2 8 168
3 8 168
4 8 168
0 9 169
1 9 169
2 9 169
3 9 169
4 9 169
0 10 170
1 10 170
2 10 170
3 10 170
4 10 170
0 6 171
1 6 171
2 6 171
3 6 171
4 6 171
0 7 172
1 7 172
2 7 172
3 7 172
4 7 172
0 8 173
1 8 173
2 8 173
3 8 173
4 8 173
0 9 174
1 9 174
2 9 174
3 9 174
4 9 174
0 10 175
1 10 175
2 10 175
3 10 175
4 10 175
0 6 176
1 6 176
2 6 176
3 6 176
4 6 176
0 7 177
1 7 177
2 7 177
3 7 177
4 7 177
0 8 178
1 8 178
2 8 178
3 8 178
4 8 178
0 9 179
1 9 179
2 9 179
3 9 179
4 9 179
0 10 180
1 10 180
2 10 180
3 10 180
4 10 180
0 6 181
1 6 181
2 6 181
3 6 181
4 6 181
0 7 182
1 7 182
2 7 182
3 7 182
4 7 182
0 8 183
1 8 183
2 8 183
3 8 183
4 8 183
0 9 184
1 9 184
2 9 184
3 9 184
4 9 184
0 10 185
1 10 185
2 10 185
3 10 185
4 10 185
0 6 186
1 6 186
2 6 186
3 6 186
4 6 186
0 7 187
1 7 187
2 7 187
3 7 187
4 7 187
0 8 188
1 8 188
2 8 188
3 8 188
4 8 188
0 9 189
1 9 189
2 9 189
3 9 189
4 9 189
0 10 190
1 10 190
2 10 190
3 10 190
4 10 190
0 6 191
1 6 191
2 6 191
3 6 191
4 6 191
0 7 192
1 7 192
2 7 192
3 7 192
4 7 192
0 8 193
1 8 193
2 8 193
3 8 193
4 8 193
0 9 194
1 9 194
2 9 194
3 9 194
4 9 194
0 10 195
1 10 195
2 10 195
3 10 195
4 10 195
