14 23 1
14 23 2
14 23 3
14 23 4
14 23 5
14 23 6
14 23 7
14 23 8
14 23 9
14 23 10
14 23 11
14 23 12
14 23 13
14 23 14
14 23 15
14 23 16
14 23 17
14 23 18
14 23 19
14 23 20
14 23 21
14 23 22
14 23 23
14 23 24
14 23 25
14 23 26
14 23 27
14 23 28
14 23 29
14 23 30
14 23 31
14 23 32
14 23 33
14 23 34
14 23 35
14 23 36
14 23 37
14 23 38
14 23 39
14 23 40
14 23 41
14 23 42
14 23 43
14 23 44
14 23 45
14 23 46
14 23 47
14 23 48
14 23 49
14 23 50
14 23 51
14 23 52
14 23 53
14 23 54
14 23 55
14 23 56
14 23 57
14 23 58
14 23 59
14 23 60
14 23 61
14 23 62
14 23 63
14 23 64
14 23 65
14 23 66
14 23 67
14 23 68
14 23 69
14 23 70
14 23 71
14 23 72
14 23 73
14 23 74
14 23 75
14 23 76
14 23 77
14 23 78
14 23 79
14 23 80
14 23 81
14 23 82
14 23 83
14 23 84
14 23 85
14 23 86
14 23 87
14 23 88
14 23 89
14 23 90
14 23 91
14 23 92
14 23 93
14 23 94
14 23 95
14 23 96
14 23 97
14 23 98
14 23 99
14 23 100
14 23 101
14 23 102
14 23 103
14 23 104
14 23 105
14 23 106
14 23 107
14 23 108
14 23 109
14 23 110
14 23 111
14 23 112
14 23 113
14 23 114
14 23 115
14 23 116
14 23 117
14 23 118
14 23 119
14 23 120
14 23 121
14 23 122
14 23 123
14 23 124
14 23 125
14 23 126
14 23 127
14 23 128
14 23 129
14 23 130
14 23 131
14 23 132
14 23 133
14 23 134
14 23 135
14 23 136
14 23 137
14 23 138
14 23 139
14 23 140
14 23 141
14 23 142
14 23 143
14 23 144
14 23 145
14 23 146
14 23 147
14 23 148
14 23 149
14 23 150
14 23 151
14 23 152
14 23 153
14 23 154
14 23 155
14 23 156
14 23 157
14 23 158
14 23 159
14 23 160
14 23 161
14 23 162
14 23 163
14 23 164
14 23 165
14 23 166
14 23 167
14 23 168
14 23 169
14 23 170
14 23 171
14 23 172
14 23 173
14 23 174
14 23 175
14 23 176
14 23 177
14 23 178
14 23 179
14 23 180
14 23 181
14 23 182
14 23 183
14 23 184
14 23 185
14 23 186
14 23 187
14 23 188
14 23 189
14 23 190
14 23 191
14 23 192
14 23 193
14 23 194
14 23 195
14 23 196
14 23 197
14 23 198
14 23 199
14 23 200
14 23 201
14 23 202
14 23 203
14 23 204
14 23 205
14 23 206
14 23 207
14 23 208
14 23 209
14 23 210
14 23 211
14 23 212
14 23 213
14 23 214
14 23 215
14 23 216
14 23 217
14 23 218
14 23 219
14 23 220
14 23 221
14 23 222
14 23 223
14 23 224
14 23 225
14 23 226
14 23 227
14 23 228
14 23 229
14 23 230
14 23 231
14 23 232
14 23 233
14 23 234
14 23 235
14 23 236
14 23 237
14 23 238
14 23 239
14 23 240
14 23 241
14 23 242
14 23 243
14 23 244
14 23 245
