222 230 1
223 230 1
224 230 1
225 230 1
226 230 1
222 230 2
223 230 2
224 230 2
225 230 2
226 230 2
222 230 3
223 230 3
224 230 3
225 230 3
226 230 3
222 230 4
223 230 4
224 230 4
225 230 4
226 230 4
222 230 5
223 230 5
224 230 5
225 230 5
226 230 5
222 230 6
223 230 6
224 230 6
225 230 6
226 230 6
222 230 7
223 230 7
224 230 7
225 230 7
226 230 7
222 230 8
223 230 8
224 230 8
225 230 8
226 230 8
222 230 9
223 230 9
224 230 9
225 230 9
226 230 9
222 230 10
223 230 10
224 230 10
225 230 10
226 230 10
222 230 11
223 230 11
224 230 11
225 230 11
226 230 11
222 230 12
223 230 12
224 230 12
225 230 12
226 230 12
222 230 13
223 230 13
224 230 13
225 230 13
226 230 13
222 230 14
223 230 14
224 230 14
225 230 14
226 230 14
222 230 15
223 230 15
224 230 15
225 230 15
226 230 15
222 230 16
223 230 16
224 230 16
225 230 16
226 230 16
222 230 17
223 230 17
224 230 17
225 230 17
226 230 17
222 230 18
223 230 18
224 230 18
225 230 18
226 230 18
222 230 19
223 230 19
224 230 19
225 230 19
226 230 19
222 230 20
223 230 20
224 230 20
225 230 20
226 230 20
222 230 21
223 230 21
224 230 21
225 230 21
226 230 21
222 230 22
223 230 22
224 230 22
225 230 22
226 230 22
222 230 23
223 230 23
224 230 23
225 230 23
226 230 23
222 230 24
223 230 24
224 230 24
225 230 24
226 230 24
222 230 25
223 230 25
224 230 25
225 230 25
226 230 25
222 230 26
223 230 26
224 230 26
225 230 26
226 230 26
222 230 27
223 230 27
224 230 27
225 230 27
226 230 27
222 230 28
223 230 28
224 230 28
225 230 28
226 230 28
222 230 29
223 230 29
224 230 29
225 230 29
226 230 29
222 230 30
223 230 30
224 230 30
225 230 30
226 230 30
222 230 31
223 230 31
224 230 31
225 230 31
226 230 31
222 230 32
223 230 32
224 230 32
225 230 32
226 230 32
222 230 33
223 230 33
224 230 33
225 230 33
226 230 33
222 230 34
223 230 34
224 230 34
225 230 34
226 230 34
222 230 35
223 230 35
224 230 35
225 230 35
226 230 35
222 230 36
223 230 36
224 230 36
225 230 36
226 230 36
222 230 37
223 230 37
224 230 37
225 230 37
226 230 37
222 230 38
223 230 38
224 230 38
225 230 38
226 230 38
222 230 39
223 230 39
224 230 39
225 230 39
226 230 39
222 230 40
223 230 40
224 230 40
225 230 40
226 230 40
222 230 41
223 230 41
224 230 41
225 230 41
226 230 41
222 230 42
223 230 42
224 230 42
225 230 42
226 230 42
222 230 43
223 230 43
224 230 43
225 230 43
226 230 43
222 230 44
223 230 44
224 230 44
225 230 44
226 230 44
222 230 45
223 230 45
224 230 45
225 230 45
226 230 45
222 230 46
223 230 46
224 230 46
225 230 46
226 230 46
222 230 47
223 230 47
224 230 47
225 230 47
226 230 47
222 230 48
223 230 48
224 230 48
225 230 48
226 230 48
222 230 49
223 230 49
224 230 49
225 230 49
226 230 49
