23 279 1
23 280 2
23 281 3
23 282 4
23 283 5
23 279 6
23 280 7
23 281 8
23 282 9
23 283 10
23 279 11
23 280 12
23 281 13
23 282 14
23 283 15
23 279 16
23 280 17
23 281 18
23 282 19
23 283 20
23 279 21
23 280 22
23 281 23
23 282 24
23 283 25
23 279 26
23 280 27
23 281 28
23 282 29
23 283 30
23 279 31
23 280 32
23 281 33
23 282 34
23 283 35
23 279 36
23 280 37
23 281 38
23 282 39
23 283 40
23 279 41
23 280 42
23 281 43
23 282 44
23 283 45
23 279 46
23 280 47
23 281 48
23 282 49
23 283 50
23 279 51
23 280 52
23 281 53
23 282 54
23 283 55
23 279 56
23 280 57
23 281 58
23 282 59
23 283 60
23 279 61
23 280 62
23 281 63
23 282 64
23 283 65
23 279 66
23 280 67
23 281 68
23 282 69
23 283 70
23 279 71
23 280 72
23 281 73
23 282 74
23 283 75
23 279 76
23 280 77
23 281 78
23 282 79
23 283 80
23 279 81
23 280 82
23 281 83
23 282 84
23 283 85
23 279 86
23 280 87
23 281 88
23 282 89
23 283 90
23 279 91
23 280 92
23 281 93
23 282 94
23 283 95
23 279 96
23 280 97
23 281 98
23 282 99
23 283 100
23 279 101
23 280 102
23 281 103
23 282 104
23 283 105
23 279 106
23 280 107
23 281 108
23 282 109
23 283 110
23 279 111
23 280 112
23 281 113
23 282 114
23 283 115
23 279 116
23 280 117
23 281 118
23 282 119
23 283 120
23 279 121
23 280 122
23 281 123
23 282 124
23 283 125
23 279 126
23 280 127
23 281 128
23 282 129
23 283 130
23 279 131
23 280 132
23 281 133
23 282 134
23 283 135
23 279 136
23 280 137
23 281 138
23 282 139
23 283 140
23 279 141
23 280 142
23 281 143
23 282 144
23 283 145
23 279 146
23 280 147
23 281 148
23 282 149
23 283 150
23 279 151
23 280 152
23 281 153
23 282 154
23 283 155
23 279 156
23 280 157
23 281 158
23 282 159
23 283 160
23 279 161
23 280 162
23 281 163
23 282 164
23 283 165
23 279 166
23 280 167
23 281 168
23 282 169
23 283 170
23 279 171
23 280 172
23 281 173
23 282 174
23 283 175
23 279 176
23 280 177
23 281 178
23 282 179
23 283 180
23 279 181
23 280 182
23 281 183
23 282 184
23 283 185
23 279 186
23 280 187
23 281 188
23 282 189
23 283 190
23 279 191
23 280 192
23 281 193
23 282 194
23 283 195
23 279 196
23 280 197
23 281 198
23 282 199
23 283 200
23 279 201
23 280 202
23 281 203
23 282 204
23 283 205
23 279 206
23 280 207
23 281 208
23 282 209
23 283 210
23 279 211
23 280 212
23 281 213
23 282 214
23 283 215
23 279 216
23 280 217
23 281 218
23 282 219
23 283 220
23 279 221
23 280 222
23 281 223
23 282 224
23 283 225
23 279 226
23 280 227
23 281 228
23 282 229
23 283 230
23 279 231
23 280 232
23 281 233
23 282 234
23 283 235
23 279 236
23 280 237
23 281 238
23 282 239
23 283 240
23 279 241
23 280 242
23 281 243
23 282 244
23 283 245
