89 279 1
89 280 2
89 281 3
89 282 4
89 283 5
89 279 6
89 280 7
89 281 8
89 282 9
89 283 10
89 279 11
89 280 12
89 281 13
89 282 14
89 283 15
89 279 16
89 280 17
89 281 18
89 282 19
89 283 20
89 279 21
89 280 22
89 281 23
89 282 24
89 283 25
89 279 26
89 280 27
89 281 28
89 282 29
89 283 30
89 279 31
89 280 32
89 281 33
89 282 34
89 283 35
89 279 36
89 280 37
89 281 38
89 282 39
89 283 40
89 279 41
89 280 42
89 281 43
89 282 44
89 283 45
89 279 46
89 280 47
89 281 48
89 282 49
89 283 50
89 279 51
89 280 52
89 281 53
89 282 54
89 283 55
89 279 56
89 280 57
89 281 58
89 282 59
89 283 60
89 279 61
89 280 62
89 281 63
89 282 64
89 283 65
89 279 66
89 280 67
89 281 68
89 282 69
89 283 70
89 279 71
89 280 72
89 281 73
89 282 74
89 283 75
89 279 76
89 280 77
89 281 78
89 282 79
89 283 80
89 279 81
89 280 82
89 281 83
89 282 84
89 283 85
89 279 86
89 280 87
89 281 88
89 282 89
89 283 90
89 279 91
89 280 92
89 281 93
89 282 94
89 283 95
89 279 96
89 280 97
89 281 98
89 282 99
89 283 100
89 279 101
89 280 102
89 281 103
89 282 104
89 283 105
89 279 106
89 280 107
89 281 108
89 282 109
89 283 110
89 279 111
89 280 112
89 281 113
89 282 114
89 283 115
89 279 116
89 280 117
89 281 118
89 282 119
89 283 120
89 279 121
89 280 122
89 281 123
89 282 124
89 283 125
89 279 126
89 280 127
89 281 128
89 282 129
89 283 130
89 279 131
89 280 132
89 281 133
89 282 134
89 283 135
89 279 136
89 280 137
89 281 138
89 282 139
89 283 140
89 279 141
89 280 142
89 281 143
89 282 144
89 283 145
89 279 146
89 280 147
89 281 148
89 282 149
89 283 150
89 279 151
89 280 152
89 281 153
89 282 154
89 283 155
89 279 156
89 280 157
89 281 158
89 282 159
89 283 160
89 279 161
89 280 162
89 281 163
89 282 164
89 283 165
89 279 166
89 280 167
89 281 168
89 282 169
89 283 170
89 279 171
89 280 172
89 281 173
89 282 174
89 283 175
89 279 176
89 280 177
89 281 178
89 282 179
89 283 180
89 279 181
89 280 182
89 281 183
89 282 184
89 283 185
89 279 186
89 280 187
89 281 188
89 282 189
89 283 190
89 279 191
89 280 192
89 281 193
89 282 194
89 283 195
89 279 196
89 280 197
89 281 198
89 282 199
89 283 200
89 279 201
89 280 202
89 281 203
89 282 204
89 283 205
89 279 206
89 280 207
89 281 208
89 282 209
89 283 210
89 279 211
89 280 212
89 281 213
89 282 214
89 283 215
89 279 216
89 280 217
89 281 218
89 282 219
89 283 220
89 279 221
89 280 222
89 281 223
89 282 224
89 283 225
89 279 226
89 280 227
89 281 228
89 282 229
89 283 230
89 279 231
89 280 232
89 281 233
89 282 234
89 283 235
89 279 236
89 280 237
89 281 238
89 282 239
89 283 240
89 279 241
89 280 242
89 281 243
89 282 244
89 283 245
