86 95 1
86 95 2
86 95 3
86 95 4
86 95 5
86 95 6
86 95 7
86 95 8
86 95 9
86 95 10
86 95 11
86 95 12
86 95 13
86 95 14
86 95 15
86 95 16
86 95 17
86 95 18
86 95 19
86 95 20
86 95 21
86 95 22
86 95 23
86 95 24
86 95 25
86 95 26
86 95 27
86 95 28
86 95 29
86 95 30
86 95 31
86 95 32
86 95 33
86 95 34
86 95 35
86 95 36
86 95 37
86 95 38
86 95 39
86 95 40
86 95 41
86 95 42
86 95 43
86 95 44
86 95 45
86 95 46
86 95 47
86 95 48
86 95 49
86 95 50
86 95 51
86 95 52
86 95 53
86 95 54
86 95 55
86 95 56
86 95 57
86 95 58
86 95 59
86 95 60
86 95 61
86 95 62
86 95 63
86 95 64
86 95 65
86 95 66
86 95 67
86 95 68
86 95 69
86 95 70
86 95 71
86 95 72
86 95 73
86 95 74
86 95 75
86 95 76
86 95 77
86 95 78
86 95 79
86 95 80
86 95 81
86 95 82
86 95 83
86 95 84
86 95 85
86 95 86
86 95 87
86 95 88
86 95 89
86 95 90
86 95 91
86 95 92
86 95 93
86 95 94
86 95 95
86 95 96
86 95 97
86 95 98
86 95 99
86 95 100
86 95 101
86 95 102
86 95 103
86 95 104
86 95 105
86 95 106
86 95 107
86 95 108
86 95 109
86 95 110
86 95 111
86 95 112
86 95 113
86 95 114
86 95 115
86 95 116
86 95 117
86 95 118
86 95 119
86 95 120
86 95 121
86 95 122
86 95 123
86 95 124
86 95 125
86 95 126
86 95 127
86 95 128
86 95 129
86 95 130
86 95 131
86 95 132
86 95 133
86 95 134
86 95 135
86 95 136
86 95 137
86 95 138
86 95 139
86 95 140
86 95 141
86 95 142
86 95 143
86 95 144
86 95 145
86 95 146
86 95 147
86 95 148
86 95 149
86 95 150
86 95 151
86 95 152
86 95 153
86 95 154
86 95 155
86 95 156
86 95 157
86 95 158
86 95 159
86 95 160
86 95 161
86 95 162
86 95 163
86 95 164
86 95 165
86 95 166
86 95 167
86 95 168
86 95 169
86 95 170
86 95 171
86 95 172
86 95 173
86 95 174
86 95 175
86 95 176
86 95 177
86 95 178
86 95 179
86 95 180
86 95 181
86 95 182
86 95 183
86 95 184
86 95 185
86 95 186
86 95 187
86 95 188
86 95 189
86 95 190
86 95 191
86 95 192
86 95 193
86 95 194
86 95 195
86 95 196
86 95 197
86 95 198
86 95 199
86 95 200
86 95 201
86 95 202
86 95 203
86 95 204
86 95 205
86 95 206
86 95 207
86 95 208
86 95 209
86 95 210
86 95 211
86 95 212
86 95 213
86 95 214
86 95 215
86 95 216
86 95 217
86 95 218
86 95 219
86 95 220
86 95 221
86 95 222
86 95 223
86 95 224
86 95 225
86 95 226
86 95 227
86 95 228
86 95 229
86 95 230
86 95 231
86 95 232
86 95 233
86 95 234
86 95 235
86 95 236
86 95 237
86 95 238
86 95 239
86 95 240
86 95 241
86 95 242
86 95 243
86 95 244
86 95 245
