245 279 1
245 280 2
245 281 3
245 282 4
245 283 5
245 284 6
245 285 7
245 286 8
245 287 9
245 288 10
245 289 11
245 290 12
245 291 13
245 292 14
245 293 15
245 294 16
245 295 17
245 296 18
245 279 19
245 280 20
245 281 21
245 282 22
245 283 23
245 284 24
245 285 25
245 286 26
245 287 27
245 288 28
245 289 29
245 290 30
245 291 31
245 292 32
245 293 33
245 294 34
245 295 35
245 296 36
245 279 37
245 280 38
245 281 39
245 282 40
245 283 41
245 284 42
245 285 43
245 286 44
245 287 45
245 288 46
245 289 47
245 290 48
245 291 49
245 292 50
245 293 51
245 294 52
245 295 53
245 296 54
245 279 55
245 280 56
245 281 57
245 282 58
245 283 59
245 284 60
245 285 61
245 286 62
245 287 63
245 288 64
245 289 65
245 290 66
245 291 67
245 292 68
245 293 69
245 294 70
245 295 71
245 296 72
245 279 73
245 280 74
245 281 75
245 282 76
245 283 77
245 284 78
245 285 79
245 286 80
245 287 81
245 288 82
245 289 83
245 290 84
245 291 85
245 292 86
245 293 87
245 294 88
245 295 89
245 296 90
245 279 91
245 280 92
245 281 93
245 282 94
245 283 95
245 284 96
245 285 97
245 286 98
245 287 99
245 288 100
245 289 101
245 290 102
245 291 103
245 292 104
245 293 105
245 294 106
245 295 107
245 296 108
245 279 109
245 280 110
245 281 111
245 282 112
245 283 113
245 284 114
245 285 115
245 286 116
245 287 117
245 288 118
245 289 119
245 290 120
245 291 121
245 292 122
245 293 123
245 294 124
245 295 125
245 296 126
245 279 127
245 280 128
245 281 129
245 282 130
245 283 131
245 284 132
245 285 133
245 286 134
245 287 135
245 288 136
245 289 137
245 290 138
245 291 139
245 292 140
245 293 141
245 294 142
245 295 143
245 296 144
245 279 145
245 280 146
245 281 147
245 282 148
245 283 149
245 284 150
245 285 151
245 286 152
245 287 153
245 288 154
245 289 155
245 290 156
245 291 157
245 292 158
245 293 159
245 294 160
245 295 161
245 296 162
245 279 163
245 280 164
245 281 165
245 282 166
245 283 167
245 284 168
245 285 169
245 286 170
245 287 171
245 288 172
245 289 173
245 290 174
245 291 175
245 292 176
245 293 177
245 294 178
245 295 179
245 296 180
245 279 181
245 280 182
245 281 183
245 282 184
245 283 185
245 284 186
245 285 187
245 286 188
245 287 189
245 288 190
245 289 191
245 290 192
245 291 193
245 292 194
245 293 195
245 294 196
245 295 197
245 296 198
245 279 199
245 280 200
245 281 201
245 282 202
245 283 203
245 284 204
245 285 205
245 286 206
245 287 207
245 288 208
245 289 209
245 290 210
245 291 211
245 292 212
245 293 213
245 294 214
245 295 215
245 296 216
245 279 217
245 280 218
245 281 219
245 282 220
245 283 221
245 284 222
245 285 223
245 286 224
245 287 225
245 288 226
245 289 227
245 290 228
245 291 229
245 292 230
245 293 231
245 294 232
245 295 233
245 296 234
245 279 235
245 280 236
245 281 237
245 282 238
245 283 239
245 284 240
245 285 241
245 286 242
245 287 243
245 288 244
245 289 245
245 290 246
245 291 247
245 292 248
245 293 249
245 294 250
245 295 251
245 296 252
245 279 253
245 280 254
245 281 255
245 282 256
245 283 257
245 284 258
245 285 259
245 286 260
245 287 261
245 288 262
245 289 263
245 290 264
245 291 265
245 292 266
245 293 267
245 294 268
245 295 269
245 296 270
245 279 271
245 280 272
245 281 273
245 282 274
245 283 275
245 284 276
245 285 277
245 286 278
245 287 279
245 288 280
245 289 281
245 290 282
245 291 283
245 292 284
245 293 285
245 294 286
245 295 287
245 296 288
245 279 289
245 280 290
245 281 291
245 282 292
245 283 293
245 284 294
245 285 295
245 286 296
245 287 297
245 288 298
245 289 299
245 290 300
245 291 301
245 292 302
245 293 303
245 294 304
245 295 305
245 296 306
245 279 307
245 280 308
245 281 309
245 282 310
245 283 311
245 284 312
245 285 313
245 286 314
245 287 315
245 288 316
245 289 317
245 290 318
245 291 319
245 292 320
245 293 321
245 294 322
245 295 323
245 296 324
245 279 325
245 280 326
245 281 327
245 282 328
245 283 329
245 284 330
245 285 331
245 286 332
245 287 333
245 288 334
245 289 335
245 290 336
245 291 337
245 292 338
245 293 339
245 294 340
245 295 341
245 296 342
245 279 343
245 280 344
245 281 345
245 282 346
245 283 347
245 284 348
245 285 349
245 286 350
245 287 351
245 288 352
245 289 353
245 290 354
245 291 355
245 292 356
245 293 357
245 294 358
245 295 359
245 296 360
245 279 361
245 280 362
245 281 363
245 282 364
245 283 365
245 284 366
245 285 367
245 286 368
245 287 369
245 288 370
245 289 371
245 290 372
245 291 373
245 292 374
245 293 375
245 294 376
245 295 377
245 296 378
245 279 379
245 280 380
245 281 381
245 282 382
245 283 383
245 284 384
245 285 385
245 286 386
245 287 387
245 288 388
245 289 389
245 290 390
245 291 391
245 292 392
245 293 393
245 294 394
245 295 395
245 296 396
245 279 397
245 280 398
245 281 399
245 282 400
245 283 401
245 284 402
245 285 403
245 286 404
245 287 405
245 288 406
245 289 407
245 290 408
245 291 409
245 292 410
245 293 411
245 294 412
245 295 413
245 296 414
245 279 415
245 280 416
245 281 417
245 282 418
245 283 419
245 284 420
245 285 421
245 286 422
245 287 423
245 288 424
245 289 425
245 290 426
245 291 427
245 292 428
245 293 429
245 294 430
245 295 431
245 296 432
245 279 433
245 280 434
245 281 435
245 282 436
245 283 437
245 284 438
245 285 439
245 286 440
245 287 441
245 288 442
245 289 443
245 290 444
245 291 445
245 292 446
245 293 447
245 294 448
245 295 449
245 296 450
245 279 451
245 280 452
245 281 453
245 282 454
245 283 455
245 284 456
245 285 457
245 286 458
245 287 459
245 288 460
245 289 461
245 290 462
245 291 463
245 292 464
245 293 465
245 294 466
245 295 467
245 296 468
245 279 469
245 280 470
245 281 471
245 282 472
245 283 473
245 284 474
245 285 475
245 286 476
245 287 477
245 288 478
245 289 479
245 290 480
245 291 481
245 292 482
245 293 483
245 294 484
245 295 485
245 296 486
245 279 487
245 280 488
245 281 489
245 282 490
245 283 491
245 284 492
245 285 493
245 286 494
245 287 495
245 288 496
245 289 497
245 290 498
245 291 499
245 292 500
245 293 501
245 294 502
245 295 503
245 296 504
245 279 505
245 280 506
245 281 507
245 282 508
245 283 509
245 284 510
245 285 511
245 286 512
245 287 513
245 288 514
245 289 515
245 290 516
245 291 517
245 292 518
245 293 519
245 294 520
245 295 521
245 296 522
245 279 523
245 280 524
245 281 525
245 282 526
245 283 527
245 284 528
245 285 529
245 286 530
245 287 531
245 288 532
245 289 533
245 290 534
245 291 535
245 292 536
245 293 537
245 294 538
245 295 539
245 296 540
245 279 541
245 280 542
245 281 543
245 282 544
245 283 545
245 284 546
245 285 547
245 286 548
245 287 549
245 288 550
245 289 551
245 290 552
245 291 553
245 292 554
245 293 555
245 294 556
245 295 557
245 296 558
245 279 559
245 280 560
245 281 561
245 282 562
245 283 563
245 284 564
245 285 565
245 286 566
245 287 567
245 288 568
245 289 569
245 290 570
245 291 571
245 292 572
245 293 573
245 294 574
245 295 575
245 296 576
245 279 577
245 280 578
245 281 579
245 282 580
245 283 581
245 284 582
245 285 583
245 286 584
245 287 585
245 288 586
245 289 587
245 290 588
245 291 589
245 292 590
245 293 591
245 294 592
245 295 593
245 296 594
245 279 595
245 280 596
245 281 597
245 282 598
245 283 599
245 284 600
245 285 601
245 286 602
245 287 603
245 288 604
245 289 605
245 290 606
245 291 607
245 292 608
245 293 609
245 294 610
245 295 611
245 296 612
245 279 613
245 280 614
245 281 615
245 282 616
245 283 617
245 284 618
245 285 619
245 286 620
245 287 621
245 288 622
245 289 623
245 290 624
245 291 625
245 292 626
245 293 627
245 294 628
245 295 629
245 296 630
245 279 631
245 280 632
245 281 633
245 282 634
245 283 635
245 284 636
245 285 637
245 286 638
245 287 639
245 288 640
245 289 641
245 290 642
245 291 643
245 292 644
245 293 645
245 294 646
245 295 647
245 296 648
245 279 649
245 280 650
245 281 651
245 282 652
245 283 653
245 284 654
245 285 655
245 286 656
245 287 657
245 288 658
245 289 659
245 290 660
245 291 661
245 292 662
245 293 663
245 294 664
245 295 665
245 296 666
245 279 667
245 280 668
245 281 669
245 282 670
245 283 671
245 284 672
245 285 673
245 286 674
245 287 675
245 288 676
245 289 677
245 290 678
245 291 679
245 292 680
245 293 681
245 294 682
245 295 683
245 296 684
245 279 685
245 280 686
245 281 687
245 282 688
245 283 689
245 284 690
245 285 691
245 286 692
245 287 693
245 288 694
245 289 695
245 290 696
245 291 697
245 292 698
245 293 699
245 294 700
245 295 701
245 296 702
245 279 703
245 280 704
245 281 705
245 282 706
245 283 707
245 284 708
245 285 709
245 286 710
245 287 711
245 288 712
245 289 713
245 290 714
245 291 715
245 292 716
245 293 717
245 294 718
245 295 719
245 296 720
245 279 721
245 280 722
245 281 723
245 282 724
245 283 725
245 284 726
245 285 727
245 286 728
245 287 729
245 288 730
245 289 731
245 290 732
245 291 733
245 292 734
245 293 735
245 294 736
245 295 737
245 296 738
245 279 739
245 280 740
245 281 741
245 282 742
245 283 743
245 284 744
245 285 745
245 286 746
245 287 747
245 288 748
245 289 749
245 290 750
245 291 751
245 292 752
245 293 753
245 294 754
245 295 755
245 296 756
245 279 757
245 280 758
245 281 759
245 282 760
245 283 761
245 284 762
245 285 763
245 286 764
245 287 765
245 288 766
245 289 767
245 290 768
245 291 769
245 292 770
245 293 771
245 294 772
245 295 773
245 296 774
245 279 775
245 280 776
245 281 777
245 282 778
245 283 779
245 284 780
245 285 781
245 286 782
245 287 783
245 288 784
245 289 785
245 290 786
245 291 787
245 292 788
245 293 789
245 294 790
245 295 791
245 296 792
245 279 793
245 280 794
245 281 795
245 282 796
245 283 797
245 284 798
245 285 799
245 286 800
245 287 801
245 288 802
245 289 803
245 290 804
245 291 805
245 292 806
245 293 807
245 294 808
245 295 809
245 296 810
245 279 811
245 280 812
245 281 813
245 282 814
245 283 815
245 284 816
245 285 817
245 286 818
245 287 819
245 288 820
245 289 821
245 290 822
245 291 823
245 292 824
245 293 825
245 294 826
245 295 827
245 296 828
245 279 829
245 280 830
245 281 831
245 282 832
245 283 833
245 284 834
245 285 835
245 286 836
245 287 837
245 288 838
245 289 839
245 290 840
245 291 841
245 292 842
245 293 843
245 294 844
245 295 845
245 296 846
245 279 847
245 280 848
245 281 849
245 282 850
245 283 851
245 284 852
245 285 853
245 286 854
245 287 855
245 288 856
245 289 857
245 290 858
245 291 859
245 292 860
245 293 861
245 294 862
245 295 863
245 296 864
245 279 865
245 280 866
245 281 867
245 282 868
245 283 869
245 284 870
245 285 871
245 286 872
245 287 873
245 288 874
245 289 875
245 290 876
245 291 877
245 292 878
245 293 879
245 294 880
245 295 881
245 296 882
245 279 883
245 280 884
245 281 885
245 282 886
245 283 887
245 284 888
245 285 889
245 286 890
245 287 891
245 288 892
245 289 893
245 290 894
245 291 895
245 292 896
245 293 897
245 294 898
245 295 899
245 296 900
245 279 901
245 280 902
245 281 903
245 282 904
245 283 905
245 284 906
245 285 907
245 286 908
245 287 909
245 288 910
245 289 911
245 290 912
245 291 913
245 292 914
245 293 915
245 294 916
245 295 917
245 296 918
245 279 919
245 280 920
245 281 921
245 282 922
245 283 923
245 284 924
245 285 925
245 286 926
245 287 927
245 288 928
245 289 929
245 290 930
245 291 931
245 292 932
245 293 933
245 294 934
245 295 935
245 296 936
245 279 937
245 280 938
245 281 939
245 282 940
245 283 941
245 284 942
245 285 943
245 286 944
245 287 945
245 288 946
245 289 947
245 290 948
245 291 949
245 292 950
245 293 951
245 294 952
245 295 953
245 296 954
245 279 955
245 280 956
245 281 957
245 282 958
245 283 959
245 284 960
245 285 961
245 286 962
245 287 963
245 288 964
245 289 965
245 290 966
245 291 967
245 292 968
245 293 969
245 294 970
245 295 971
245 296 972
