212 279 1
212 280 2
212 281 3
212 282 4
212 283 5
212 279 6
212 280 7
212 281 8
212 282 9
212 283 10
212 279 11
212 280 12
212 281 13
212 282 14
212 283 15
212 279 16
212 280 17
212 281 18
212 282 19
212 283 20
212 279 21
212 280 22
212 281 23
212 282 24
212 283 25
212 279 26
212 280 27
212 281 28
212 282 29
212 283 30
212 279 31
212 280 32
212 281 33
212 282 34
212 283 35
212 279 36
212 280 37
212 281 38
212 282 39
212 283 40
212 279 41
212 280 42
212 281 43
212 282 44
212 283 45
212 279 46
212 280 47
212 281 48
212 282 49
212 283 50
212 279 51
212 280 52
212 281 53
212 282 54
212 283 55
212 279 56
212 280 57
212 281 58
212 282 59
212 283 60
212 279 61
212 280 62
212 281 63
212 282 64
212 283 65
212 279 66
212 280 67
212 281 68
212 282 69
212 283 70
212 279 71
212 280 72
212 281 73
212 282 74
212 283 75
212 279 76
212 280 77
212 281 78
212 282 79
212 283 80
212 279 81
212 280 82
212 281 83
212 282 84
212 283 85
212 279 86
212 280 87
212 281 88
212 282 89
212 283 90
212 279 91
212 280 92
212 281 93
212 282 94
212 283 95
212 279 96
212 280 97
212 281 98
212 282 99
212 283 100
212 279 101
212 280 102
212 281 103
212 282 104
212 283 105
212 279 106
212 280 107
212 281 108
212 282 109
212 283 110
212 279 111
212 280 112
212 281 113
212 282 114
212 283 115
212 279 116
212 280 117
212 281 118
212 282 119
212 283 120
212 279 121
212 280 122
212 281 123
212 282 124
212 283 125
212 279 126
212 280 127
212 281 128
212 282 129
212 283 130
212 279 131
212 280 132
212 281 133
212 282 134
212 283 135
212 279 136
212 280 137
212 281 138
212 282 139
212 283 140
212 279 141
212 280 142
212 281 143
212 282 144
212 283 145
212 279 146
212 280 147
212 281 148
212 282 149
212 283 150
212 279 151
212 280 152
212 281 153
212 282 154
212 283 155
212 279 156
212 280 157
212 281 158
212 282 159
212 283 160
212 279 161
212 280 162
212 281 163
212 282 164
212 283 165
212 279 166
212 280 167
212 281 168
212 282 169
212 283 170
212 279 171
212 280 172
212 281 173
212 282 174
212 283 175
212 279 176
212 280 177
212 281 178
212 282 179
212 283 180
212 279 181
212 280 182
212 281 183
212 282 184
212 283 185
212 279 186
212 280 187
212 281 188
212 282 189
212 283 190
212 279 191
212 280 192
212 281 193
212 282 194
212 283 195
212 279 196
212 280 197
212 281 198
212 282 199
212 283 200
212 279 201
212 280 202
212 281 203
212 282 204
212 283 205
212 279 206
212 280 207
212 281 208
212 282 209
212 283 210
212 279 211
212 280 212
212 281 213
212 282 214
212 283 215
212 279 216
212 280 217
212 281 218
212 282 219
212 283 220
212 279 221
212 280 222
212 281 223
212 282 224
212 283 225
212 279 226
212 280 227
212 281 228
212 282 229
212 283 230
212 279 231
212 280 232
212 281 233
212 282 234
212 283 235
212 279 236
212 280 237
212 281 238
212 282 239
212 283 240
212 279 241
212 280 242
212 281 243
212 282 244
212 283 245
