246 254 1
247 254 1
248 254 1
249 254 1
250 254 1
246 254 2
247 254 2
248 254 2
249 254 2
250 254 2
246 254 3
247 254 3
248 254 3
249 254 3
250 254 3
246 254 4
247 254 4
248 254 4
249 254 4
250 254 4
246 254 5
247 254 5
248 254 5
249 254 5
250 254 5
246 254 6
247 254 6
248 254 6
249 254 6
250 254 6
246 254 7
247 254 7
248 254 7
249 254 7
250 254 7
246 254 8
247 254 8
248 254 8
249 254 8
250 254 8
246 254 9
247 254 9
248 254 9
249 254 9
250 254 9
246 254 10
247 254 10
248 254 10
249 254 10
250 254 10
246 254 11
247 254 11
248 254 11
249 254 11
250 254 11
246 254 12
247 254 12
248 254 12
249 254 12
250 254 12
246 254 13
247 254 13
248 254 13
249 254 13
250 254 13
246 254 14
247 254 14
248 254 14
249 254 14
250 254 14
246 254 15
247 254 15
248 254 15
249 254 15
250 254 15
246 254 16
247 254 16
248 254 16
249 254 16
250 254 16
246 254 17
247 254 17
248 254 17
249 254 17
250 254 17
246 254 18
247 254 18
248 254 18
249 254 18
250 254 18
246 254 19
247 254 19
248 254 19
249 254 19
250 254 19
246 254 20
247 254 20
248 254 20
249 254 20
250 254 20
246 254 21
247 254 21
248 254 21
249 254 21
250 254 21
246 254 22
247 254 22
248 254 22
249 254 22
250 254 22
246 254 23
247 254 23
248 254 23
249 254 23
250 254 23
246 254 24
247 254 24
248 254 24
249 254 24
250 254 24
246 254 25
247 254 25
248 254 25
249 254 25
250 254 25
246 254 26
247 254 26
248 254 26
249 254 26
250 254 26
246 254 27
247 254 27
248 254 27
249 254 27
250 254 27
246 254 28
247 254 28
248 254 28
249 254 28
250 254 28
246 254 29
247 254 29
248 254 29
249 254 29
250 254 29
246 254 30
247 254 30
248 254 30
249 254 30
250 254 30
246 254 31
247 254 31
248 254 31
249 254 31
250 254 31
246 254 32
247 254 32
248 254 32
249 254 32
250 254 32
246 254 33
247 254 33
248 254 33
249 254 33
250 254 33
246 254 34
247 254 34
248 254 34
249 254 34
250 254 34
246 254 35
247 254 35
248 254 35
249 254 35
250 254 35
246 254 36
247 254 36
248 254 36
249 254 36
250 254 36
246 254 37
247 254 37
248 254 37
249 254 37
250 254 37
246 254 38
247 254 38
248 254 38
249 254 38
250 254 38
246 254 39
247 254 39
248 254 39
249 254 39
250 254 39
246 254 40
247 254 40
248 254 40
249 254 40
250 254 40
246 254 41
247 254 41
248 254 41
249 254 41
250 254 41
246 254 42
247 254 42
248 254 42
249 254 42
250 254 42
246 254 43
247 254 43
248 254 43
249 254 43
250 254 43
246 254 44
247 254 44
248 254 44
249 254 44
250 254 44
246 254 45
247 254 45
248 254 45
249 254 45
250 254 45
246 254 46
247 254 46
248 254 46
249 254 46
250 254 46
246 254 47
247 254 47
248 254 47
249 254 47
250 254 47
246 254 48
247 254 48
248 254 48
249 254 48
250 254 48
246 254 49
247 254 49
248 254 49
249 254 49
250 254 49
