110 119 1
110 119 2
110 119 3
110 119 4
110 119 5
110 119 6
110 119 7
110 119 8
110 119 9
110 119 10
110 119 11
110 119 12
110 119 13
110 119 14
110 119 15
110 119 16
110 119 17
110 119 18
110 119 19
110 119 20
110 119 21
110 119 22
110 119 23
110 119 24
110 119 25
110 119 26
110 119 27
110 119 28
110 119 29
110 119 30
110 119 31
110 119 32
110 119 33
110 119 34
110 119 35
110 119 36
110 119 37
110 119 38
110 119 39
110 119 40
110 119 41
110 119 42
110 119 43
110 119 44
110 119 45
110 119 46
110 119 47
110 119 48
110 119 49
110 119 50
110 119 51
110 119 52
110 119 53
110 119 54
110 119 55
110 119 56
110 119 57
110 119 58
110 119 59
110 119 60
110 119 61
110 119 62
110 119 63
110 119 64
110 119 65
110 119 66
110 119 67
110 119 68
110 119 69
110 119 70
110 119 71
110 119 72
110 119 73
110 119 74
110 119 75
110 119 76
110 119 77
110 119 78
110 119 79
110 119 80
110 119 81
110 119 82
110 119 83
110 119 84
110 119 85
110 119 86
110 119 87
110 119 88
110 119 89
110 119 90
110 119 91
110 119 92
110 119 93
110 119 94
110 119 95
110 119 96
110 119 97
110 119 98
110 119 99
110 119 100
110 119 101
110 119 102
110 119 103
110 119 104
110 119 105
110 119 106
110 119 107
110 119 108
110 119 109
110 119 110
110 119 111
110 119 112
110 119 113
110 119 114
110 119 115
110 119 116
110 119 117
110 119 118
110 119 119
110 119 120
110 119 121
110 119 122
110 119 123
110 119 124
110 119 125
110 119 126
110 119 127
110 119 128
110 119 129
110 119 130
110 119 131
110 119 132
110 119 133
110 119 134
110 119 135
110 119 136
110 119 137
110 119 138
110 119 139
110 119 140
110 119 141
110 119 142
110 119 143
110 119 144
110 119 145
110 119 146
110 119 147
110 119 148
110 119 149
110 119 150
110 119 151
110 119 152
110 119 153
110 119 154
110 119 155
110 119 156
110 119 157
110 119 158
110 119 159
110 119 160
110 119 161
110 119 162
110 119 163
110 119 164
110 119 165
110 119 166
110 119 167
110 119 168
110 119 169
110 119 170
110 119 171
110 119 172
110 119 173
110 119 174
110 119 175
110 119 176
110 119 177
110 119 178
110 119 179
110 119 180
110 119 181
110 119 182
110 119 183
110 119 184
110 119 185
110 119 186
110 119 187
110 119 188
110 119 189
110 119 190
110 119 191
110 119 192
110 119 193
110 119 194
110 119 195
110 119 196
110 119 197
110 119 198
110 119 199
110 119 200
110 119 201
110 119 202
110 119 203
110 119 204
110 119 205
110 119 206
110 119 207
110 119 208
110 119 209
110 119 210
110 119 211
110 119 212
110 119 213
110 119 214
110 119 215
110 119 216
110 119 217
110 119 218
110 119 219
110 119 220
110 119 221
110 119 222
110 119 223
110 119 224
110 119 225
110 119 226
110 119 227
110 119 228
110 119 229
110 119 230
110 119 231
110 119 232
110 119 233
110 119 234
110 119 235
110 119 236
110 119 237
110 119 238
110 119 239
110 119 240
110 119 241
110 119 242
110 119 243
110 119 244
110 119 245
