125 279 1
125 280 2
125 281 3
125 282 4
125 283 5
125 284 6
125 285 7
125 286 8
125 287 9
125 288 10
125 289 11
125 290 12
125 291 13
125 292 14
125 293 15
125 294 16
125 295 17
125 296 18
125 279 19
125 280 20
125 281 21
125 282 22
125 283 23
125 284 24
125 285 25
125 286 26
125 287 27
125 288 28
125 289 29
125 290 30
125 291 31
125 292 32
125 293 33
125 294 34
125 295 35
125 296 36
125 279 37
125 280 38
125 281 39
125 282 40
125 283 41
125 284 42
125 285 43
125 286 44
125 287 45
125 288 46
125 289 47
125 290 48
125 291 49
125 292 50
125 293 51
125 294 52
125 295 53
125 296 54
125 279 55
125 280 56
125 281 57
125 282 58
125 283 59
125 284 60
125 285 61
125 286 62
125 287 63
125 288 64
125 289 65
125 290 66
125 291 67
125 292 68
125 293 69
125 294 70
125 295 71
125 296 72
125 279 73
125 280 74
125 281 75
125 282 76
125 283 77
125 284 78
125 285 79
125 286 80
125 287 81
125 288 82
125 289 83
125 290 84
125 291 85
125 292 86
125 293 87
125 294 88
125 295 89
125 296 90
125 279 91
125 280 92
125 281 93
125 282 94
125 283 95
125 284 96
125 285 97
125 286 98
125 287 99
125 288 100
125 289 101
125 290 102
125 291 103
125 292 104
125 293 105
125 294 106
125 295 107
125 296 108
125 279 109
125 280 110
125 281 111
125 282 112
125 283 113
125 284 114
125 285 115
125 286 116
125 287 117
125 288 118
125 289 119
125 290 120
125 291 121
125 292 122
125 293 123
125 294 124
125 295 125
125 296 126
125 279 127
125 280 128
125 281 129
125 282 130
125 283 131
125 284 132
125 285 133
125 286 134
125 287 135
125 288 136
125 289 137
125 290 138
125 291 139
125 292 140
125 293 141
125 294 142
125 295 143
125 296 144
125 279 145
125 280 146
125 281 147
125 282 148
125 283 149
125 284 150
125 285 151
125 286 152
125 287 153
125 288 154
125 289 155
125 290 156
125 291 157
125 292 158
125 293 159
125 294 160
125 295 161
125 296 162
125 279 163
125 280 164
125 281 165
125 282 166
125 283 167
125 284 168
125 285 169
125 286 170
125 287 171
125 288 172
125 289 173
125 290 174
125 291 175
125 292 176
125 293 177
125 294 178
125 295 179
125 296 180
125 279 181
125 280 182
125 281 183
125 282 184
125 283 185
125 284 186
125 285 187
125 286 188
125 287 189
125 288 190
125 289 191
125 290 192
125 291 193
125 292 194
125 293 195
125 294 196
125 295 197
125 296 198
125 279 199
125 280 200
125 281 201
125 282 202
125 283 203
125 284 204
125 285 205
125 286 206
125 287 207
125 288 208
125 289 209
125 290 210
125 291 211
125 292 212
125 293 213
125 294 214
125 295 215
125 296 216
125 279 217
125 280 218
125 281 219
125 282 220
125 283 221
125 284 222
125 285 223
125 286 224
125 287 225
125 288 226
125 289 227
125 290 228
125 291 229
125 292 230
125 293 231
125 294 232
125 295 233
125 296 234
125 279 235
125 280 236
125 281 237
125 282 238
125 283 239
125 284 240
125 285 241
125 286 242
125 287 243
125 288 244
125 289 245
125 290 246
125 291 247
125 292 248
125 293 249
125 294 250
125 295 251
125 296 252
125 279 253
125 280 254
125 281 255
125 282 256
125 283 257
125 284 258
125 285 259
125 286 260
125 287 261
125 288 262
125 289 263
125 290 264
125 291 265
125 292 266
125 293 267
125 294 268
125 295 269
125 296 270
125 279 271
125 280 272
125 281 273
125 282 274
125 283 275
125 284 276
125 285 277
125 286 278
125 287 279
125 288 280
125 289 281
125 290 282
125 291 283
125 292 284
125 293 285
125 294 286
125 295 287
125 296 288
125 279 289
125 280 290
125 281 291
125 282 292
125 283 293
125 284 294
125 285 295
125 286 296
125 287 297
125 288 298
125 289 299
125 290 300
125 291 301
125 292 302
125 293 303
125 294 304
125 295 305
125 296 306
125 279 307
125 280 308
125 281 309
125 282 310
125 283 311
125 284 312
125 285 313
125 286 314
125 287 315
125 288 316
125 289 317
125 290 318
125 291 319
125 292 320
125 293 321
125 294 322
125 295 323
125 296 324
125 279 325
125 280 326
125 281 327
125 282 328
125 283 329
125 284 330
125 285 331
125 286 332
125 287 333
125 288 334
125 289 335
125 290 336
125 291 337
125 292 338
125 293 339
125 294 340
125 295 341
125 296 342
125 279 343
125 280 344
125 281 345
125 282 346
125 283 347
125 284 348
125 285 349
125 286 350
125 287 351
125 288 352
125 289 353
125 290 354
125 291 355
125 292 356
125 293 357
125 294 358
125 295 359
125 296 360
125 279 361
125 280 362
125 281 363
125 282 364
125 283 365
125 284 366
125 285 367
125 286 368
125 287 369
125 288 370
125 289 371
125 290 372
125 291 373
125 292 374
125 293 375
125 294 376
125 295 377
125 296 378
125 279 379
125 280 380
125 281 381
125 282 382
125 283 383
125 284 384
125 285 385
125 286 386
125 287 387
125 288 388
125 289 389
125 290 390
125 291 391
125 292 392
125 293 393
125 294 394
125 295 395
125 296 396
125 279 397
125 280 398
125 281 399
125 282 400
125 283 401
125 284 402
125 285 403
125 286 404
125 287 405
125 288 406
125 289 407
125 290 408
125 291 409
125 292 410
125 293 411
125 294 412
125 295 413
125 296 414
125 279 415
125 280 416
125 281 417
125 282 418
125 283 419
125 284 420
125 285 421
125 286 422
125 287 423
125 288 424
125 289 425
125 290 426
125 291 427
125 292 428
125 293 429
125 294 430
125 295 431
125 296 432
125 279 433
125 280 434
125 281 435
125 282 436
125 283 437
125 284 438
125 285 439
125 286 440
125 287 441
125 288 442
125 289 443
125 290 444
125 291 445
125 292 446
125 293 447
125 294 448
125 295 449
125 296 450
125 279 451
125 280 452
125 281 453
125 282 454
125 283 455
125 284 456
125 285 457
125 286 458
125 287 459
125 288 460
125 289 461
125 290 462
125 291 463
125 292 464
125 293 465
125 294 466
125 295 467
125 296 468
125 279 469
125 280 470
125 281 471
125 282 472
125 283 473
125 284 474
125 285 475
125 286 476
125 287 477
125 288 478
125 289 479
125 290 480
125 291 481
125 292 482
125 293 483
125 294 484
125 295 485
125 296 486
125 279 487
125 280 488
125 281 489
125 282 490
125 283 491
125 284 492
125 285 493
125 286 494
125 287 495
125 288 496
125 289 497
125 290 498
125 291 499
125 292 500
125 293 501
125 294 502
125 295 503
125 296 504
125 279 505
125 280 506
125 281 507
125 282 508
125 283 509
125 284 510
125 285 511
125 286 512
125 287 513
125 288 514
125 289 515
125 290 516
125 291 517
125 292 518
125 293 519
125 294 520
125 295 521
125 296 522
125 279 523
125 280 524
125 281 525
125 282 526
125 283 527
125 284 528
125 285 529
125 286 530
125 287 531
125 288 532
125 289 533
125 290 534
125 291 535
125 292 536
125 293 537
125 294 538
125 295 539
125 296 540
125 279 541
125 280 542
125 281 543
125 282 544
125 283 545
125 284 546
125 285 547
125 286 548
125 287 549
125 288 550
125 289 551
125 290 552
125 291 553
125 292 554
125 293 555
125 294 556
125 295 557
125 296 558
125 279 559
125 280 560
125 281 561
125 282 562
125 283 563
125 284 564
125 285 565
125 286 566
125 287 567
125 288 568
125 289 569
125 290 570
125 291 571
125 292 572
125 293 573
125 294 574
125 295 575
125 296 576
125 279 577
125 280 578
125 281 579
125 282 580
125 283 581
125 284 582
125 285 583
125 286 584
125 287 585
125 288 586
125 289 587
125 290 588
125 291 589
125 292 590
125 293 591
125 294 592
125 295 593
125 296 594
125 279 595
125 280 596
125 281 597
125 282 598
125 283 599
125 284 600
125 285 601
125 286 602
125 287 603
125 288 604
125 289 605
125 290 606
125 291 607
125 292 608
125 293 609
125 294 610
125 295 611
125 296 612
125 279 613
125 280 614
125 281 615
125 282 616
125 283 617
125 284 618
125 285 619
125 286 620
125 287 621
125 288 622
125 289 623
125 290 624
125 291 625
125 292 626
125 293 627
125 294 628
125 295 629
125 296 630
125 279 631
125 280 632
125 281 633
125 282 634
125 283 635
125 284 636
125 285 637
125 286 638
125 287 639
125 288 640
125 289 641
125 290 642
125 291 643
125 292 644
125 293 645
125 294 646
125 295 647
125 296 648
125 279 649
125 280 650
125 281 651
125 282 652
125 283 653
125 284 654
125 285 655
125 286 656
125 287 657
125 288 658
125 289 659
125 290 660
125 291 661
125 292 662
125 293 663
125 294 664
125 295 665
125 296 666
125 279 667
125 280 668
125 281 669
125 282 670
125 283 671
125 284 672
125 285 673
125 286 674
125 287 675
125 288 676
125 289 677
125 290 678
125 291 679
125 292 680
125 293 681
125 294 682
125 295 683
125 296 684
125 279 685
125 280 686
125 281 687
125 282 688
125 283 689
125 284 690
125 285 691
125 286 692
125 287 693
125 288 694
125 289 695
125 290 696
125 291 697
125 292 698
125 293 699
125 294 700
125 295 701
125 296 702
125 279 703
125 280 704
125 281 705
125 282 706
125 283 707
125 284 708
125 285 709
125 286 710
125 287 711
125 288 712
125 289 713
125 290 714
125 291 715
125 292 716
125 293 717
125 294 718
125 295 719
125 296 720
125 279 721
125 280 722
125 281 723
125 282 724
125 283 725
125 284 726
125 285 727
125 286 728
125 287 729
125 288 730
125 289 731
125 290 732
125 291 733
125 292 734
125 293 735
125 294 736
125 295 737
125 296 738
125 279 739
125 280 740
125 281 741
125 282 742
125 283 743
125 284 744
125 285 745
125 286 746
125 287 747
125 288 748
125 289 749
125 290 750
125 291 751
125 292 752
125 293 753
125 294 754
125 295 755
125 296 756
125 279 757
125 280 758
125 281 759
125 282 760
125 283 761
125 284 762
125 285 763
125 286 764
125 287 765
125 288 766
125 289 767
125 290 768
125 291 769
125 292 770
125 293 771
125 294 772
125 295 773
125 296 774
125 279 775
125 280 776
125 281 777
125 282 778
125 283 779
125 284 780
125 285 781
125 286 782
125 287 783
125 288 784
125 289 785
125 290 786
125 291 787
125 292 788
125 293 789
125 294 790
125 295 791
125 296 792
125 279 793
125 280 794
125 281 795
125 282 796
125 283 797
125 284 798
125 285 799
125 286 800
125 287 801
125 288 802
125 289 803
125 290 804
125 291 805
125 292 806
125 293 807
125 294 808
125 295 809
125 296 810
125 279 811
125 280 812
125 281 813
125 282 814
125 283 815
125 284 816
125 285 817
125 286 818
125 287 819
125 288 820
125 289 821
125 290 822
125 291 823
125 292 824
125 293 825
125 294 826
125 295 827
125 296 828
125 279 829
125 280 830
125 281 831
125 282 832
125 283 833
125 284 834
125 285 835
125 286 836
125 287 837
125 288 838
125 289 839
125 290 840
125 291 841
125 292 842
125 293 843
125 294 844
125 295 845
125 296 846
125 279 847
125 280 848
125 281 849
125 282 850
125 283 851
125 284 852
125 285 853
125 286 854
125 287 855
125 288 856
125 289 857
125 290 858
125 291 859
125 292 860
125 293 861
125 294 862
125 295 863
125 296 864
125 279 865
125 280 866
125 281 867
125 282 868
125 283 869
125 284 870
125 285 871
125 286 872
125 287 873
125 288 874
125 289 875
125 290 876
125 291 877
125 292 878
125 293 879
125 294 880
125 295 881
125 296 882
125 279 883
125 280 884
125 281 885
125 282 886
125 283 887
125 284 888
125 285 889
125 286 890
125 287 891
125 288 892
125 289 893
125 290 894
125 291 895
125 292 896
125 293 897
125 294 898
125 295 899
125 296 900
125 279 901
125 280 902
125 281 903
125 282 904
125 283 905
125 284 906
125 285 907
125 286 908
125 287 909
125 288 910
125 289 911
125 290 912
125 291 913
125 292 914
125 293 915
125 294 916
125 295 917
125 296 918
125 279 919
125 280 920
125 281 921
125 282 922
125 283 923
125 284 924
125 285 925
125 286 926
125 287 927
125 288 928
125 289 929
125 290 930
125 291 931
125 292 932
125 293 933
125 294 934
125 295 935
125 296 936
125 279 937
125 280 938
125 281 939
125 282 940
125 283 941
125 284 942
125 285 943
125 286 944
125 287 945
125 288 946
125 289 947
125 290 948
125 291 949
125 292 950
125 293 951
125 294 952
125 295 953
125 296 954
125 279 955
125 280 956
125 281 957
125 282 958
125 283 959
125 284 960
125 285 961
125 286 962
125 287 963
125 288 964
125 289 965
125 290 966
125 291 967
125 292 968
125 293 969
125 294 970
125 295 971
125 296 972
