182 279 1
182 280 2
182 281 3
182 282 4
182 283 5
182 279 6
182 280 7
182 281 8
182 282 9
182 283 10
182 279 11
182 280 12
182 281 13
182 282 14
182 283 15
182 279 16
182 280 17
182 281 18
182 282 19
182 283 20
182 279 21
182 280 22
182 281 23
182 282 24
182 283 25
182 279 26
182 280 27
182 281 28
182 282 29
182 283 30
182 279 31
182 280 32
182 281 33
182 282 34
182 283 35
182 279 36
182 280 37
182 281 38
182 282 39
182 283 40
182 279 41
182 280 42
182 281 43
182 282 44
182 283 45
182 279 46
182 280 47
182 281 48
182 282 49
182 283 50
182 279 51
182 280 52
182 281 53
182 282 54
182 283 55
182 279 56
182 280 57
182 281 58
182 282 59
182 283 60
182 279 61
182 280 62
182 281 63
182 282 64
182 283 65
182 279 66
182 280 67
182 281 68
182 282 69
182 283 70
182 279 71
182 280 72
182 281 73
182 282 74
182 283 75
182 279 76
182 280 77
182 281 78
182 282 79
182 283 80
182 279 81
182 280 82
182 281 83
182 282 84
182 283 85
182 279 86
182 280 87
182 281 88
182 282 89
182 283 90
182 279 91
182 280 92
182 281 93
182 282 94
182 283 95
182 279 96
182 280 97
182 281 98
182 282 99
182 283 100
182 279 101
182 280 102
182 281 103
182 282 104
182 283 105
182 279 106
182 280 107
182 281 108
182 282 109
182 283 110
182 279 111
182 280 112
182 281 113
182 282 114
182 283 115
182 279 116
182 280 117
182 281 118
182 282 119
182 283 120
182 279 121
182 280 122
182 281 123
182 282 124
182 283 125
182 279 126
182 280 127
182 281 128
182 282 129
182 283 130
182 279 131
182 280 132
182 281 133
182 282 134
182 283 135
182 279 136
182 280 137
182 281 138
182 282 139
182 283 140
182 279 141
182 280 142
182 281 143
182 282 144
182 283 145
182 279 146
182 280 147
182 281 148
182 282 149
182 283 150
182 279 151
182 280 152
182 281 153
182 282 154
182 283 155
182 279 156
182 280 157
182 281 158
182 282 159
182 283 160
182 279 161
182 280 162
182 281 163
182 282 164
182 283 165
182 279 166
182 280 167
182 281 168
182 282 169
182 283 170
182 279 171
182 280 172
182 281 173
182 282 174
182 283 175
182 279 176
182 280 177
182 281 178
182 282 179
182 283 180
182 279 181
182 280 182
182 281 183
182 282 184
182 283 185
182 279 186
182 280 187
182 281 188
182 282 189
182 283 190
182 279 191
182 280 192
182 281 193
182 282 194
182 283 195
182 279 196
182 280 197
182 281 198
182 282 199
182 283 200
182 279 201
182 280 202
182 281 203
182 282 204
182 283 205
182 279 206
182 280 207
182 281 208
182 282 209
182 283 210
182 279 211
182 280 212
182 281 213
182 282 214
182 283 215
182 279 216
182 280 217
182 281 218
182 282 219
182 283 220
182 279 221
182 280 222
182 281 223
182 282 224
182 283 225
182 279 226
182 280 227
182 281 228
182 282 229
182 283 230
182 279 231
182 280 232
182 281 233
182 282 234
182 283 235
182 279 236
182 280 237
182 281 238
182 282 239
182 283 240
182 279 241
182 280 242
182 281 243
182 282 244
182 283 245
