5 279 1
5 280 2
5 281 3
5 282 4
5 283 5
5 284 6
5 285 7
5 286 8
5 287 9
5 288 10
5 289 11
5 290 12
5 291 13
5 292 14
5 293 15
5 294 16
5 295 17
5 296 18
5 279 19
5 280 20
5 281 21
5 282 22
5 283 23
5 284 24
5 285 25
5 286 26
5 287 27
5 288 28
5 289 29
5 290 30
5 291 31
5 292 32
5 293 33
5 294 34
5 295 35
5 296 36
5 279 37
5 280 38
5 281 39
5 282 40
5 283 41
5 284 42
5 285 43
5 286 44
5 287 45
5 288 46
5 289 47
5 290 48
5 291 49
5 292 50
5 293 51
5 294 52
5 295 53
5 296 54
5 279 55
5 280 56
5 281 57
5 282 58
5 283 59
5 284 60
5 285 61
5 286 62
5 287 63
5 288 64
5 289 65
5 290 66
5 291 67
5 292 68
5 293 69
5 294 70
5 295 71
5 296 72
5 279 73
5 280 74
5 281 75
5 282 76
5 283 77
5 284 78
5 285 79
5 286 80
5 287 81
5 288 82
5 289 83
5 290 84
5 291 85
5 292 86
5 293 87
5 294 88
5 295 89
5 296 90
5 279 91
5 280 92
5 281 93
5 282 94
5 283 95
5 284 96
5 285 97
5 286 98
5 287 99
5 288 100
5 289 101
5 290 102
5 291 103
5 292 104
5 293 105
5 294 106
5 295 107
5 296 108
5 279 109
5 280 110
5 281 111
5 282 112
5 283 113
5 284 114
5 285 115
5 286 116
5 287 117
5 288 118
5 289 119
5 290 120
5 291 121
5 292 122
5 293 123
5 294 124
5 295 125
5 296 126
5 279 127
5 280 128
5 281 129
5 282 130
5 283 131
5 284 132
5 285 133
5 286 134
5 287 135
5 288 136
5 289 137
5 290 138
5 291 139
5 292 140
5 293 141
5 294 142
5 295 143
5 296 144
5 279 145
5 280 146
5 281 147
5 282 148
5 283 149
5 284 150
5 285 151
5 286 152
5 287 153
5 288 154
5 289 155
5 290 156
5 291 157
5 292 158
5 293 159
5 294 160
5 295 161
5 296 162
5 279 163
5 280 164
5 281 165
5 282 166
5 283 167
5 284 168
5 285 169
5 286 170
5 287 171
5 288 172
5 289 173
5 290 174
5 291 175
5 292 176
5 293 177
5 294 178
5 295 179
5 296 180
5 279 181
5 280 182
5 281 183
5 282 184
5 283 185
5 284 186
5 285 187
5 286 188
5 287 189
5 288 190
5 289 191
5 290 192
5 291 193
5 292 194
5 293 195
5 294 196
5 295 197
5 296 198
5 279 199
5 280 200
5 281 201
5 282 202
5 283 203
5 284 204
5 285 205
5 286 206
5 287 207
5 288 208
5 289 209
5 290 210
5 291 211
5 292 212
5 293 213
5 294 214
5 295 215
5 296 216
5 279 217
5 280 218
5 281 219
5 282 220
5 283 221
5 284 222
5 285 223
5 286 224
5 287 225
5 288 226
5 289 227
5 290 228
5 291 229
5 292 230
5 293 231
5 294 232
5 295 233
5 296 234
5 279 235
5 280 236
5 281 237
5 282 238
5 283 239
5 284 240
5 285 241
5 286 242
5 287 243
5 288 244
5 289 245
5 290 246
5 291 247
5 292 248
5 293 249
5 294 250
5 295 251
5 296 252
5 279 253
5 280 254
5 281 255
5 282 256
5 283 257
5 284 258
5 285 259
5 286 260
5 287 261
5 288 262
5 289 263
5 290 264
5 291 265
5 292 266
5 293 267
5 294 268
5 295 269
5 296 270
5 279 271
5 280 272
5 281 273
5 282 274
5 283 275
5 284 276
5 285 277
5 286 278
5 287 279
5 288 280
5 289 281
5 290 282
5 291 283
5 292 284
5 293 285
5 294 286
5 295 287
5 296 288
5 279 289
5 280 290
5 281 291
5 282 292
5 283 293
5 284 294
5 285 295
5 286 296
5 287 297
5 288 298
5 289 299
5 290 300
5 291 301
5 292 302
5 293 303
5 294 304
5 295 305
5 296 306
5 279 307
5 280 308
5 281 309
5 282 310
5 283 311
5 284 312
5 285 313
5 286 314
5 287 315
5 288 316
5 289 317
5 290 318
5 291 319
5 292 320
5 293 321
5 294 322
5 295 323
5 296 324
5 279 325
5 280 326
5 281 327
5 282 328
5 283 329
5 284 330
5 285 331
5 286 332
5 287 333
5 288 334
5 289 335
5 290 336
5 291 337
5 292 338
5 293 339
5 294 340
5 295 341
5 296 342
5 279 343
5 280 344
5 281 345
5 282 346
5 283 347
5 284 348
5 285 349
5 286 350
5 287 351
5 288 352
5 289 353
5 290 354
5 291 355
5 292 356
5 293 357
5 294 358
5 295 359
5 296 360
5 279 361
5 280 362
5 281 363
5 282 364
5 283 365
5 284 366
5 285 367
5 286 368
5 287 369
5 288 370
5 289 371
5 290 372
5 291 373
5 292 374
5 293 375
5 294 376
5 295 377
5 296 378
5 279 379
5 280 380
5 281 381
5 282 382
5 283 383
5 284 384
5 285 385
5 286 386
5 287 387
5 288 388
5 289 389
5 290 390
5 291 391
5 292 392
5 293 393
5 294 394
5 295 395
5 296 396
5 279 397
5 280 398
5 281 399
5 282 400
5 283 401
5 284 402
5 285 403
5 286 404
5 287 405
5 288 406
5 289 407
5 290 408
5 291 409
5 292 410
5 293 411
5 294 412
5 295 413
5 296 414
5 279 415
5 280 416
5 281 417
5 282 418
5 283 419
5 284 420
5 285 421
5 286 422
5 287 423
5 288 424
5 289 425
5 290 426
5 291 427
5 292 428
5 293 429
5 294 430
5 295 431
5 296 432
5 279 433
5 280 434
5 281 435
5 282 436
5 283 437
5 284 438
5 285 439
5 286 440
5 287 441
5 288 442
5 289 443
5 290 444
5 291 445
5 292 446
5 293 447
5 294 448
5 295 449
5 296 450
5 279 451
5 280 452
5 281 453
5 282 454
5 283 455
5 284 456
5 285 457
5 286 458
5 287 459
5 288 460
5 289 461
5 290 462
5 291 463
5 292 464
5 293 465
5 294 466
5 295 467
5 296 468
5 279 469
5 280 470
5 281 471
5 282 472
5 283 473
5 284 474
5 285 475
5 286 476
5 287 477
5 288 478
5 289 479
5 290 480
5 291 481
5 292 482
5 293 483
5 294 484
5 295 485
5 296 486
5 279 487
5 280 488
5 281 489
5 282 490
5 283 491
5 284 492
5 285 493
5 286 494
5 287 495
5 288 496
5 289 497
5 290 498
5 291 499
5 292 500
5 293 501
5 294 502
5 295 503
5 296 504
5 279 505
5 280 506
5 281 507
5 282 508
5 283 509
5 284 510
5 285 511
5 286 512
5 287 513
5 288 514
5 289 515
5 290 516
5 291 517
5 292 518
5 293 519
5 294 520
5 295 521
5 296 522
5 279 523
5 280 524
5 281 525
5 282 526
5 283 527
5 284 528
5 285 529
5 286 530
5 287 531
5 288 532
5 289 533
5 290 534
5 291 535
5 292 536
5 293 537
5 294 538
5 295 539
5 296 540
5 279 541
5 280 542
5 281 543
5 282 544
5 283 545
5 284 546
5 285 547
5 286 548
5 287 549
5 288 550
5 289 551
5 290 552
5 291 553
5 292 554
5 293 555
5 294 556
5 295 557
5 296 558
5 279 559
5 280 560
5 281 561
5 282 562
5 283 563
5 284 564
5 285 565
5 286 566
5 287 567
5 288 568
5 289 569
5 290 570
5 291 571
5 292 572
5 293 573
5 294 574
5 295 575
5 296 576
5 279 577
5 280 578
5 281 579
5 282 580
5 283 581
5 284 582
5 285 583
5 286 584
5 287 585
5 288 586
5 289 587
5 290 588
5 291 589
5 292 590
5 293 591
5 294 592
5 295 593
5 296 594
5 279 595
5 280 596
5 281 597
5 282 598
5 283 599
5 284 600
5 285 601
5 286 602
5 287 603
5 288 604
5 289 605
5 290 606
5 291 607
5 292 608
5 293 609
5 294 610
5 295 611
5 296 612
5 279 613
5 280 614
5 281 615
5 282 616
5 283 617
5 284 618
5 285 619
5 286 620
5 287 621
5 288 622
5 289 623
5 290 624
5 291 625
5 292 626
5 293 627
5 294 628
5 295 629
5 296 630
5 279 631
5 280 632
5 281 633
5 282 634
5 283 635
5 284 636
5 285 637
5 286 638
5 287 639
5 288 640
5 289 641
5 290 642
5 291 643
5 292 644
5 293 645
5 294 646
5 295 647
5 296 648
5 279 649
5 280 650
5 281 651
5 282 652
5 283 653
5 284 654
5 285 655
5 286 656
5 287 657
5 288 658
5 289 659
5 290 660
5 291 661
5 292 662
5 293 663
5 294 664
5 295 665
5 296 666
5 279 667
5 280 668
5 281 669
5 282 670
5 283 671
5 284 672
5 285 673
5 286 674
5 287 675
5 288 676
5 289 677
5 290 678
5 291 679
5 292 680
5 293 681
5 294 682
5 295 683
5 296 684
5 279 685
5 280 686
5 281 687
5 282 688
5 283 689
5 284 690
5 285 691
5 286 692
5 287 693
5 288 694
5 289 695
5 290 696
5 291 697
5 292 698
5 293 699
5 294 700
5 295 701
5 296 702
5 279 703
5 280 704
5 281 705
5 282 706
5 283 707
5 284 708
5 285 709
5 286 710
5 287 711
5 288 712
5 289 713
5 290 714
5 291 715
5 292 716
5 293 717
5 294 718
5 295 719
5 296 720
5 279 721
5 280 722
5 281 723
5 282 724
5 283 725
5 284 726
5 285 727
5 286 728
5 287 729
5 288 730
5 289 731
5 290 732
5 291 733
5 292 734
5 293 735
5 294 736
5 295 737
5 296 738
5 279 739
5 280 740
5 281 741
5 282 742
5 283 743
5 284 744
5 285 745
5 286 746
5 287 747
5 288 748
5 289 749
5 290 750
5 291 751
5 292 752
5 293 753
5 294 754
5 295 755
5 296 756
5 279 757
5 280 758
5 281 759
5 282 760
5 283 761
5 284 762
5 285 763
5 286 764
5 287 765
5 288 766
5 289 767
5 290 768
5 291 769
5 292 770
5 293 771
5 294 772
5 295 773
5 296 774
5 279 775
5 280 776
5 281 777
5 282 778
5 283 779
5 284 780
5 285 781
5 286 782
5 287 783
5 288 784
5 289 785
5 290 786
5 291 787
5 292 788
5 293 789
5 294 790
5 295 791
5 296 792
5 279 793
5 280 794
5 281 795
5 282 796
5 283 797
5 284 798
5 285 799
5 286 800
5 287 801
5 288 802
5 289 803
5 290 804
5 291 805
5 292 806
5 293 807
5 294 808
5 295 809
5 296 810
5 279 811
5 280 812
5 281 813
5 282 814
5 283 815
5 284 816
5 285 817
5 286 818
5 287 819
5 288 820
5 289 821
5 290 822
5 291 823
5 292 824
5 293 825
5 294 826
5 295 827
5 296 828
5 279 829
5 280 830
5 281 831
5 282 832
5 283 833
5 284 834
5 285 835
5 286 836
5 287 837
5 288 838
5 289 839
5 290 840
5 291 841
5 292 842
5 293 843
5 294 844
5 295 845
5 296 846
5 279 847
5 280 848
5 281 849
5 282 850
5 283 851
5 284 852
5 285 853
5 286 854
5 287 855
5 288 856
5 289 857
5 290 858
5 291 859
5 292 860
5 293 861
5 294 862
5 295 863
5 296 864
5 279 865
5 280 866
5 281 867
5 282 868
5 283 869
5 284 870
5 285 871
5 286 872
5 287 873
5 288 874
5 289 875
5 290 876
5 291 877
5 292 878
5 293 879
5 294 880
5 295 881
5 296 882
5 279 883
5 280 884
5 281 885
5 282 886
5 283 887
5 284 888
5 285 889
5 286 890
5 287 891
5 288 892
5 289 893
5 290 894
5 291 895
5 292 896
5 293 897
5 294 898
5 295 899
5 296 900
5 279 901
5 280 902
5 281 903
5 282 904
5 283 905
5 284 906
5 285 907
5 286 908
5 287 909
5 288 910
5 289 911
5 290 912
5 291 913
5 292 914
5 293 915
5 294 916
5 295 917
5 296 918
5 279 919
5 280 920
5 281 921
5 282 922
5 283 923
5 284 924
5 285 925
5 286 926
5 287 927
5 288 928
5 289 929
5 290 930
5 291 931
5 292 932
5 293 933
5 294 934
5 295 935
5 296 936
5 279 937
5 280 938
5 281 939
5 282 940
5 283 941
5 284 942
5 285 943
5 286 944
5 287 945
5 288 946
5 289 947
5 290 948
5 291 949
5 292 950
5 293 951
5 294 952
5 295 953
5 296 954
5 279 955
5 280 956
5 281 957
5 282 958
5 283 959
5 284 960
5 285 961
5 286 962
5 287 963
5 288 964
5 289 965
5 290 966
5 291 967
5 292 968
5 293 969
5 294 970
5 295 971
5 296 972
