14 20 1
14 20 2
14 20 3
14 20 4
14 20 5
14 20 6
14 20 7
14 20 8
14 20 9
14 20 10
14 20 11
14 20 12
14 20 13
14 20 14
14 20 15
14 20 16
14 20 17
14 20 18
14 20 19
14 20 20
14 20 21
14 20 22
14 20 23
14 20 24
14 20 25
14 20 26
14 20 27
14 20 28
14 20 29
14 20 30
14 20 31
14 20 32
14 20 33
14 20 34
14 20 35
14 20 36
14 20 37
14 20 38
14 20 39
14 20 40
14 20 41
14 20 42
14 20 43
14 20 44
14 20 45
14 20 46
14 20 47
14 20 48
14 20 49
14 20 50
14 20 51
14 20 52
14 20 53
14 20 54
14 20 55
14 20 56
14 20 57
14 20 58
14 20 59
14 20 60
14 20 61
14 20 62
14 20 63
14 20 64
14 20 65
14 20 66
14 20 67
14 20 68
14 20 69
14 20 70
14 20 71
14 20 72
14 20 73
14 20 74
14 20 75
14 20 76
14 20 77
14 20 78
14 20 79
14 20 80
14 20 81
14 20 82
14 20 83
14 20 84
14 20 85
14 20 86
14 20 87
14 20 88
14 20 89
14 20 90
14 20 91
14 20 92
14 20 93
14 20 94
14 20 95
14 20 96
14 20 97
14 20 98
14 20 99
14 20 100
14 20 101
14 20 102
14 20 103
14 20 104
14 20 105
14 20 106
14 20 107
14 20 108
14 20 109
14 20 110
14 20 111
14 20 112
14 20 113
14 20 114
14 20 115
14 20 116
14 20 117
14 20 118
14 20 119
14 20 120
14 20 121
14 20 122
14 20 123
14 20 124
14 20 125
14 20 126
14 20 127
14 20 128
14 20 129
14 20 130
14 20 131
14 20 132
14 20 133
14 20 134
14 20 135
14 20 136
14 20 137
14 20 138
14 20 139
14 20 140
14 20 141
14 20 142
14 20 143
14 20 144
14 20 145
14 20 146
14 20 147
14 20 148
14 20 149
14 20 150
14 20 151
14 20 152
14 20 153
14 20 154
14 20 155
14 20 156
14 20 157
14 20 158
14 20 159
14 20 160
14 20 161
14 20 162
14 20 163
14 20 164
14 20 165
14 20 166
14 20 167
14 20 168
14 20 169
14 20 170
14 20 171
14 20 172
14 20 173
14 20 174
14 20 175
14 20 176
14 20 177
14 20 178
14 20 179
14 20 180
14 20 181
14 20 182
14 20 183
14 20 184
14 20 185
14 20 186
14 20 187
14 20 188
14 20 189
14 20 190
14 20 191
14 20 192
14 20 193
14 20 194
14 20 195
14 20 196
14 20 197
14 20 198
14 20 199
14 20 200
14 20 201
14 20 202
14 20 203
14 20 204
14 20 205
14 20 206
14 20 207
14 20 208
14 20 209
14 20 210
14 20 211
14 20 212
14 20 213
14 20 214
14 20 215
14 20 216
14 20 217
14 20 218
14 20 219
14 20 220
14 20 221
14 20 222
14 20 223
14 20 224
14 20 225
14 20 226
14 20 227
14 20 228
14 20 229
14 20 230
14 20 231
14 20 232
14 20 233
14 20 234
14 20 235
14 20 236
14 20 237
14 20 238
14 20 239
14 20 240
14 20 241
14 20 242
14 20 243
14 20 244
14 20 245
