251 279 1
251 280 2
251 281 3
251 282 4
251 283 5
251 284 6
251 285 7
251 286 8
251 287 9
251 288 10
251 289 11
251 290 12
251 291 13
251 292 14
251 293 15
251 294 16
251 295 17
251 296 18
251 279 19
251 280 20
251 281 21
251 282 22
251 283 23
251 284 24
251 285 25
251 286 26
251 287 27
251 288 28
251 289 29
251 290 30
251 291 31
251 292 32
251 293 33
251 294 34
251 295 35
251 296 36
251 279 37
251 280 38
251 281 39
251 282 40
251 283 41
251 284 42
251 285 43
251 286 44
251 287 45
251 288 46
251 289 47
251 290 48
251 291 49
251 292 50
251 293 51
251 294 52
251 295 53
251 296 54
251 279 55
251 280 56
251 281 57
251 282 58
251 283 59
251 284 60
251 285 61
251 286 62
251 287 63
251 288 64
251 289 65
251 290 66
251 291 67
251 292 68
251 293 69
251 294 70
251 295 71
251 296 72
251 279 73
251 280 74
251 281 75
251 282 76
251 283 77
251 284 78
251 285 79
251 286 80
251 287 81
251 288 82
251 289 83
251 290 84
251 291 85
251 292 86
251 293 87
251 294 88
251 295 89
251 296 90
251 279 91
251 280 92
251 281 93
251 282 94
251 283 95
251 284 96
251 285 97
251 286 98
251 287 99
251 288 100
251 289 101
251 290 102
251 291 103
251 292 104
251 293 105
251 294 106
251 295 107
251 296 108
251 279 109
251 280 110
251 281 111
251 282 112
251 283 113
251 284 114
251 285 115
251 286 116
251 287 117
251 288 118
251 289 119
251 290 120
251 291 121
251 292 122
251 293 123
251 294 124
251 295 125
251 296 126
251 279 127
251 280 128
251 281 129
251 282 130
251 283 131
251 284 132
251 285 133
251 286 134
251 287 135
251 288 136
251 289 137
251 290 138
251 291 139
251 292 140
251 293 141
251 294 142
251 295 143
251 296 144
251 279 145
251 280 146
251 281 147
251 282 148
251 283 149
251 284 150
251 285 151
251 286 152
251 287 153
251 288 154
251 289 155
251 290 156
251 291 157
251 292 158
251 293 159
251 294 160
251 295 161
251 296 162
251 279 163
251 280 164
251 281 165
251 282 166
251 283 167
251 284 168
251 285 169
251 286 170
251 287 171
251 288 172
251 289 173
251 290 174
251 291 175
251 292 176
251 293 177
251 294 178
251 295 179
251 296 180
251 279 181
251 280 182
251 281 183
251 282 184
251 283 185
251 284 186
251 285 187
251 286 188
251 287 189
251 288 190
251 289 191
251 290 192
251 291 193
251 292 194
251 293 195
251 294 196
251 295 197
251 296 198
251 279 199
251 280 200
251 281 201
251 282 202
251 283 203
251 284 204
251 285 205
251 286 206
251 287 207
251 288 208
251 289 209
251 290 210
251 291 211
251 292 212
251 293 213
251 294 214
251 295 215
251 296 216
251 279 217
251 280 218
251 281 219
251 282 220
251 283 221
251 284 222
251 285 223
251 286 224
251 287 225
251 288 226
251 289 227
251 290 228
251 291 229
251 292 230
251 293 231
251 294 232
251 295 233
251 296 234
