86 93 1
86 94 2
86 93 3
86 94 4
86 93 5
86 94 6
86 93 7
86 94 8
86 93 9
86 94 10
86 93 11
86 94 12
86 93 13
86 94 14
86 93 15
86 94 16
86 93 17
86 94 18
86 93 19
86 94 20
86 93 21
86 94 22
86 93 23
86 94 24
86 93 25
86 94 26
86 93 27
86 94 28
86 93 29
86 94 30
86 93 31
86 94 32
86 93 33
86 94 34
86 93 35
86 94 36
86 93 37
86 94 38
86 93 39
86 94 40
86 93 41
86 94 42
86 93 43
86 94 44
86 93 45
86 94 46
86 93 47
86 94 48
86 93 49
86 94 50
86 93 51
86 94 52
86 93 53
86 94 54
86 93 55
86 94 56
86 93 57
86 94 58
86 93 59
86 94 60
86 93 61
86 94 62
86 93 63
86 94 64
86 93 65
86 94 66
86 93 67
86 94 68
86 93 69
86 94 70
86 93 71
86 94 72
86 93 73
86 94 74
86 93 75
86 94 76
86 93 77
86 94 78
86 93 79
86 94 80
86 93 81
86 94 82
86 93 83
86 94 84
86 93 85
86 94 86
86 93 87
86 94 88
86 93 89
86 94 90
86 93 91
86 94 92
86 93 93
86 94 94
86 93 95
86 94 96
86 93 97
86 94 98
86 93 99
86 94 100
86 93 101
86 94 102
86 93 103
86 94 104
86 93 105
86 94 106
86 93 107
86 94 108
86 93 109
86 94 110
86 93 111
86 94 112
86 93 113
86 94 114
86 93 115
86 94 116
86 93 117
86 94 118
86 93 119
86 94 120
86 93 121
86 94 122
86 93 123
86 94 124
86 93 125
86 94 126
86 93 127
86 94 128
86 93 129
86 94 130
86 93 131
86 94 132
86 93 133
86 94 134
86 93 135
86 94 136
86 93 137
86 94 138
86 93 139
86 94 140
86 93 141
86 94 142
86 93 143
86 94 144
86 93 145
86 94 146
86 93 147
86 94 148
86 93 149
86 94 150
86 93 151
86 94 152
86 93 153
86 94 154
86 93 155
86 94 156
86 93 157
86 94 158
86 93 159
86 94 160
86 93 161
86 94 162
86 93 163
86 94 164
86 93 165
86 94 166
86 93 167
86 94 168
86 93 169
86 94 170
86 93 171
86 94 172
86 93 173
86 94 174
86 93 175
86 94 176
86 93 177
86 94 178
86 93 179
86 94 180
86 93 181
86 94 182
86 93 183
86 94 184
86 93 185
86 94 186
86 93 187
86 94 188
86 93 189
86 94 190
86 93 191
86 94 192
86 93 193
86 94 194
86 93 195
86 94 196
86 93 197
86 94 198
86 93 199
86 94 200
86 93 201
86 94 202
86 93 203
86 94 204
86 93 205
86 94 206
86 93 207
86 94 208
86 93 209
86 94 210
86 93 211
86 94 212
86 93 213
86 94 214
86 93 215
86 94 216
86 93 217
86 94 218
86 93 219
86 94 220
86 93 221
86 94 222
86 93 223
86 94 224
86 93 225
86 94 226
86 93 227
86 94 228
86 93 229
86 94 230
86 93 231
86 94 232
86 93 233
86 94 234
86 93 235
86 94 236
86 93 237
86 94 238
86 93 239
86 94 240
86 93 241
86 94 242
86 93 243
86 94 244
