38 42 1
38 43 2
38 42 3
38 43 4
38 42 5
38 43 6
38 42 7
38 43 8
38 42 9
38 43 10
38 42 11
38 43 12
38 42 13
38 43 14
38 42 15
38 43 16
38 42 17
38 43 18
38 42 19
38 43 20
38 42 21
38 43 22
38 42 23
38 43 24
38 42 25
38 43 26
38 42 27
38 43 28
38 42 29
38 43 30
38 42 31
38 43 32
38 42 33
38 43 34
38 42 35
38 43 36
38 42 37
38 43 38
38 42 39
38 43 40
38 42 41
38 43 42
38 42 43
38 43 44
38 42 45
38 43 46
38 42 47
38 43 48
38 42 49
38 43 50
38 42 51
38 43 52
38 42 53
38 43 54
38 42 55
38 43 56
38 42 57
38 43 58
38 42 59
38 43 60
38 42 61
38 43 62
38 42 63
38 43 64
38 42 65
38 43 66
38 42 67
38 43 68
38 42 69
38 43 70
38 42 71
38 43 72
38 42 73
38 43 74
38 42 75
38 43 76
38 42 77
38 43 78
38 42 79
38 43 80
38 42 81
38 43 82
38 42 83
38 43 84
38 42 85
38 43 86
38 42 87
38 43 88
38 42 89
38 43 90
38 42 91
38 43 92
38 42 93
38 43 94
38 42 95
38 43 96
38 42 97
38 43 98
38 42 99
38 43 100
38 42 101
38 43 102
38 42 103
38 43 104
38 42 105
38 43 106
38 42 107
38 43 108
38 42 109
38 43 110
38 42 111
38 43 112
38 42 113
38 43 114
38 42 115
38 43 116
38 42 117
38 43 118
38 42 119
38 43 120
38 42 121
38 43 122
38 42 123
38 43 124
38 42 125
38 43 126
38 42 127
38 43 128
38 42 129
38 43 130
38 42 131
38 43 132
38 42 133
38 43 134
38 42 135
38 43 136
38 42 137
38 43 138
38 42 139
38 43 140
38 42 141
38 43 142
38 42 143
38 43 144
38 42 145
38 43 146
38 42 147
38 43 148
38 42 149
38 43 150
38 42 151
38 43 152
38 42 153
38 43 154
38 42 155
38 43 156
38 42 157
38 43 158
38 42 159
38 43 160
38 42 161
38 43 162
38 42 163
38 43 164
38 42 165
38 43 166
38 42 167
38 43 168
38 42 169
38 43 170
38 42 171
38 43 172
38 42 173
38 43 174
38 42 175
38 43 176
38 42 177
38 43 178
38 42 179
38 43 180
38 42 181
38 43 182
38 42 183
38 43 184
38 42 185
38 43 186
38 42 187
38 43 188
38 42 189
38 43 190
38 42 191
38 43 192
38 42 193
38 43 194
38 42 195
38 43 196
38 42 197
38 43 198
38 42 199
38 43 200
38 42 201
38 43 202
38 42 203
38 43 204
38 42 205
38 43 206
38 42 207
38 43 208
38 42 209
38 43 210
38 42 211
38 43 212
38 42 213
38 43 214
38 42 215
38 43 216
38 42 217
38 43 218
38 42 219
38 43 220
38 42 221
38 43 222
38 42 223
38 43 224
38 42 225
38 43 226
38 42 227
38 43 228
38 42 229
38 43 230
38 42 231
38 43 232
38 42 233
38 43 234
38 42 235
38 43 236
38 42 237
38 43 238
38 42 239
38 43 240
38 42 241
38 43 242
38 42 243
38 43 244
