280 279 1
281 279 1
282 279 1
283 279 1
284 279 1
285 279 1
286 279 1
287 279 1
288 279 1
289 279 1
290 279 1
291 279 1
292 279 1
293 279 1
294 279 1
295 279 1
296 279 1
280 279 2
281 279 2
282 279 2
283 279 2
284 279 2
285 279 2
286 279 2
287 279 2
288 279 2
289 279 2
290 279 2
291 279 2
292 279 2
293 279 2
294 279 2
295 279 2
296 279 2
280 279 3
281 279 3
282 279 3
283 279 3
284 279 3
285 279 3
286 279 3
287 279 3
288 279 3
289 279 3
290 279 3
291 279 3
292 279 3
293 279 3
294 279 3
295 279 3
296 279 3
280 279 4
281 279 4
282 279 4
283 279 4
284 279 4
285 279 4
286 279 4
287 279 4
288 279 4
289 279 4
290 279 4
291 279 4
292 279 4
293 279 4
294 279 4
295 279 4
296 279 4
280 279 5
281 279 5
282 279 5
283 279 5
284 279 5
285 279 5
286 279 5
287 279 5
288 279 5
289 279 5
290 279 5
291 279 5
292 279 5
293 279 5
294 279 5
295 279 5
296 279 5
280 279 6
281 279 6
282 279 6
283 279 6
284 279 6
285 279 6
286 279 6
287 279 6
288 279 6
289 279 6
290 279 6
291 279 6
292 279 6
293 279 6
294 279 6
295 279 6
296 279 6
280 279 7
281 279 7
282 279 7
283 279 7
284 279 7
285 279 7
286 279 7
287 279 7
288 279 7
289 279 7
290 279 7
291 279 7
292 279 7
293 279 7
294 279 7
295 279 7
296 279 7
280 279 8
281 279 8
282 279 8
283 279 8
284 279 8
285 279 8
286 279 8
287 279 8
288 279 8
289 279 8
290 279 8
291 279 8
292 279 8
293 279 8
294 279 8
295 279 8
296 279 8
280 279 9
281 279 9
282 279 9
283 279 9
284 279 9
285 279 9
286 279 9
287 279 9
288 279 9
289 279 9
290 279 9
291 279 9
292 279 9
293 279 9
294 279 9
295 279 9
296 279 9
280 279 10
281 279 10
282 279 10
283 279 10
284 279 10
285 279 10
286 279 10
287 279 10
288 279 10
289 279 10
290 279 10
291 279 10
292 279 10
293 279 10
294 279 10
295 279 10
296 279 10
280 279 11
281 279 11
282 279 11
283 279 11
284 279 11
285 279 11
286 279 11
287 279 11
288 279 11
289 279 11
290 279 11
291 279 11
292 279 11
293 279 11
294 279 11
295 279 11
296 279 11
280 279 12
281 279 12
282 279 12
283 279 12
284 279 12
285 279 12
286 279 12
287 279 12
288 279 12
289 279 12
290 279 12
291 279 12
292 279 12
293 279 12
294 279 12
295 279 12
296 279 12
280 279 13
281 279 13
282 279 13
283 279 13
284 279 13
285 279 13
286 279 13
287 279 13
288 279 13
289 279 13
290 279 13
291 279 13
292 279 13
293 279 13
294 279 13
295 279 13
296 279 13
