231 240 1
232 240 1
231 241 2
232 241 2
231 242 3
232 242 3
231 243 4
232 243 4
231 244 5
232 244 5
231 240 6
232 240 6
231 241 7
232 241 7
231 242 8
232 242 8
231 243 9
232 243 9
231 244 10
232 244 10
231 240 11
232 240 11
231 241 12
232 241 12
231 242 13
232 242 13
231 243 14
232 243 14
231 244 15
232 244 15
231 240 16
232 240 16
231 241 17
232 241 17
231 242 18
232 242 18
231 243 19
232 243 19
231 244 20
232 244 20
231 240 21
232 240 21
231 241 22
232 241 22
231 242 23
232 242 23
231 243 24
232 243 24
231 244 25
232 244 25
231 240 26
232 240 26
231 241 27
232 241 27
231 242 28
232 242 28
231 243 29
232 243 29
231 244 30
232 244 30
231 240 31
232 240 31
231 241 32
232 241 32
231 242 33
232 242 33
231 243 34
232 243 34
231 244 35
232 244 35
231 240 36
232 240 36
231 241 37
232 241 37
231 242 38
232 242 38
231 243 39
232 243 39
231 244 40
232 244 40
231 240 41
232 240 41
231 241 42
232 241 42
231 242 43
232 242 43
231 243 44
232 243 44
231 244 45
232 244 45
231 240 46
232 240 46
231 241 47
232 241 47
231 242 48
232 242 48
231 243 49
232 243 49
231 244 50
232 244 50
231 240 51
232 240 51
231 241 52
232 241 52
231 242 53
232 242 53
231 243 54
232 243 54
231 244 55
232 244 55
231 240 56
232 240 56
231 241 57
232 241 57
231 242 58
232 242 58
231 243 59
232 243 59
231 244 60
232 244 60
231 240 61
232 240 61
231 241 62
232 241 62
231 242 63
232 242 63
231 243 64
232 243 64
231 244 65
232 244 65
231 240 66
232 240 66
231 241 67
232 241 67
231 242 68
232 242 68
231 243 69
232 243 69
231 244 70
232 244 70
231 240 71
232 240 71
231 241 72
232 241 72
231 242 73
232 242 73
231 243 74
232 243 74
231 244 75
232 244 75
231 240 76
232 240 76
231 241 77
232 241 77
231 242 78
232 242 78
231 243 79
232 243 79
231 244 80
232 244 80
231 240 81
232 240 81
231 241 82
232 241 82
231 242 83
232 242 83
231 243 84
232 243 84
231 244 85
232 244 85
231 240 86
232 240 86
231 241 87
232 241 87
231 242 88
232 242 88
231 243 89
232 243 89
231 244 90
232 244 90
231 240 91
232 240 91
231 241 92
232 241 92
231 242 93
232 242 93
231 243 94
232 243 94
231 244 95
232 244 95
231 240 96
232 240 96
231 241 97
232 241 97
231 242 98
232 242 98
231 243 99
232 243 99
231 244 100
232 244 100
231 240 101
232 240 101
231 241 102
232 241 102
231 242 103
232 242 103
231 243 104
232 243 104
231 244 105
232 244 105
231 240 106
232 240 106
231 241 107
232 241 107
231 242 108
232 242 108
231 243 109
232 243 109
231 244 110
232 244 110
231 240 111
232 240 111
231 241 112
232 241 112
231 242 113
232 242 113
231 243 114
232 243 114
231 244 115
232 244 115
231 240 116
232 240 116
231 241 117
232 241 117
231 242 118
232 242 118
231 243 119
232 243 119
231 244 120
232 244 120
