92 279 1
92 280 2
92 281 3
92 282 4
92 283 5
92 279 6
92 280 7
92 281 8
92 282 9
92 283 10
92 279 11
92 280 12
92 281 13
92 282 14
92 283 15
92 279 16
92 280 17
92 281 18
92 282 19
92 283 20
92 279 21
92 280 22
92 281 23
92 282 24
92 283 25
92 279 26
92 280 27
92 281 28
92 282 29
92 283 30
92 279 31
92 280 32
92 281 33
92 282 34
92 283 35
92 279 36
92 280 37
92 281 38
92 282 39
92 283 40
92 279 41
92 280 42
92 281 43
92 282 44
92 283 45
92 279 46
92 280 47
92 281 48
92 282 49
92 283 50
92 279 51
92 280 52
92 281 53
92 282 54
92 283 55
92 279 56
92 280 57
92 281 58
92 282 59
92 283 60
92 279 61
92 280 62
92 281 63
92 282 64
92 283 65
92 279 66
92 280 67
92 281 68
92 282 69
92 283 70
92 279 71
92 280 72
92 281 73
92 282 74
92 283 75
92 279 76
92 280 77
92 281 78
92 282 79
92 283 80
92 279 81
92 280 82
92 281 83
92 282 84
92 283 85
92 279 86
92 280 87
92 281 88
92 282 89
92 283 90
92 279 91
92 280 92
92 281 93
92 282 94
92 283 95
92 279 96
92 280 97
92 281 98
92 282 99
92 283 100
92 279 101
92 280 102
92 281 103
92 282 104
92 283 105
92 279 106
92 280 107
92 281 108
92 282 109
92 283 110
92 279 111
92 280 112
92 281 113
92 282 114
92 283 115
92 279 116
92 280 117
92 281 118
92 282 119
92 283 120
92 279 121
92 280 122
92 281 123
92 282 124
92 283 125
92 279 126
92 280 127
92 281 128
92 282 129
92 283 130
92 279 131
92 280 132
92 281 133
92 282 134
92 283 135
92 279 136
92 280 137
92 281 138
92 282 139
92 283 140
92 279 141
92 280 142
92 281 143
92 282 144
92 283 145
92 279 146
92 280 147
92 281 148
92 282 149
92 283 150
92 279 151
92 280 152
92 281 153
92 282 154
92 283 155
92 279 156
92 280 157
92 281 158
92 282 159
92 283 160
92 279 161
92 280 162
92 281 163
92 282 164
92 283 165
92 279 166
92 280 167
92 281 168
92 282 169
92 283 170
92 279 171
92 280 172
92 281 173
92 282 174
92 283 175
92 279 176
92 280 177
92 281 178
92 282 179
92 283 180
92 279 181
92 280 182
92 281 183
92 282 184
92 283 185
92 279 186
92 280 187
92 281 188
92 282 189
92 283 190
92 279 191
92 280 192
92 281 193
92 282 194
92 283 195
92 279 196
92 280 197
92 281 198
92 282 199
92 283 200
92 279 201
92 280 202
92 281 203
92 282 204
92 283 205
92 279 206
92 280 207
92 281 208
92 282 209
92 283 210
92 279 211
92 280 212
92 281 213
92 282 214
92 283 215
92 279 216
92 280 217
92 281 218
92 282 219
92 283 220
92 279 221
92 280 222
92 281 223
92 282 224
92 283 225
92 279 226
92 280 227
92 281 228
92 282 229
92 283 230
92 279 231
92 280 232
92 281 233
92 282 234
92 283 235
92 279 236
92 280 237
92 281 238
92 282 239
92 283 240
92 279 241
92 280 242
92 281 243
92 282 244
92 283 245
