165 168 1
166 168 1
165 169 2
166 169 2
165 170 3
166 170 3
165 171 4
166 171 4
165 172 5
166 172 5
165 168 6
166 168 6
165 169 7
166 169 7
165 170 8
166 170 8
165 171 9
166 171 9
165 172 10
166 172 10
165 168 11
166 168 11
165 169 12
166 169 12
165 170 13
166 170 13
165 171 14
166 171 14
165 172 15
166 172 15
165 168 16
166 168 16
165 169 17
166 169 17
165 170 18
166 170 18
165 171 19
166 171 19
165 172 20
166 172 20
165 168 21
166 168 21
165 169 22
166 169 22
165 170 23
166 170 23
165 171 24
166 171 24
165 172 25
166 172 25
165 168 26
166 168 26
165 169 27
166 169 27
165 170 28
166 170 28
165 171 29
166 171 29
165 172 30
166 172 30
165 168 31
166 168 31
165 169 32
166 169 32
165 170 33
166 170 33
165 171 34
166 171 34
165 172 35
166 172 35
165 168 36
166 168 36
165 169 37
166 169 37
165 170 38
166 170 38
165 171 39
166 171 39
165 172 40
166 172 40
165 168 41
166 168 41
165 169 42
166 169 42
165 170 43
166 170 43
165 171 44
166 171 44
165 172 45
166 172 45
165 168 46
166 168 46
165 169 47
166 169 47
165 170 48
166 170 48
165 171 49
166 171 49
165 172 50
166 172 50
165 168 51
166 168 51
165 169 52
166 169 52
165 170 53
166 170 53
165 171 54
166 171 54
165 172 55
166 172 55
165 168 56
166 168 56
165 169 57
166 169 57
165 170 58
166 170 58
165 171 59
166 171 59
165 172 60
166 172 60
165 168 61
166 168 61
165 169 62
166 169 62
165 170 63
166 170 63
165 171 64
166 171 64
165 172 65
166 172 65
165 168 66
166 168 66
165 169 67
166 169 67
165 170 68
166 170 68
165 171 69
166 171 69
165 172 70
166 172 70
165 168 71
166 168 71
165 169 72
166 169 72
165 170 73
166 170 73
165 171 74
166 171 74
165 172 75
166 172 75
165 168 76
166 168 76
165 169 77
166 169 77
165 170 78
166 170 78
165 171 79
166 171 79
165 172 80
166 172 80
165 168 81
166 168 81
165 169 82
166 169 82
165 170 83
166 170 83
165 171 84
166 171 84
165 172 85
166 172 85
165 168 86
166 168 86
165 169 87
166 169 87
165 170 88
166 170 88
165 171 89
166 171 89
165 172 90
166 172 90
165 168 91
166 168 91
165 169 92
166 169 92
165 170 93
166 170 93
165 171 94
166 171 94
165 172 95
166 172 95
165 168 96
166 168 96
165 169 97
166 169 97
165 170 98
166 170 98
165 171 99
166 171 99
165 172 100
166 172 100
165 168 101
166 168 101
165 169 102
166 169 102
165 170 103
166 170 103
165 171 104
166 171 104
165 172 105
166 172 105
165 168 106
166 168 106
165 169 107
166 169 107
165 170 108
166 170 108
165 171 109
166 171 109
165 172 110
166 172 110
165 168 111
166 168 111
165 169 112
166 169 112
165 170 113
166 170 113
165 171 114
166 171 114
165 172 115
166 172 115
165 168 116
166 168 116
165 169 117
166 169 117
165 170 118
166 170 118
165 171 119
166 171 119
165 172 120
166 172 120
