206 207 1
206 208 2
206 207 3
206 208 4
206 207 5
206 208 6
206 207 7
206 208 8
206 207 9
206 208 10
206 207 11
206 208 12
206 207 13
206 208 14
206 207 15
206 208 16
206 207 17
206 208 18
206 207 19
206 208 20
206 207 21
206 208 22
206 207 23
206 208 24
206 207 25
206 208 26
206 207 27
206 208 28
206 207 29
206 208 30
206 207 31
206 208 32
206 207 33
206 208 34
206 207 35
206 208 36
206 207 37
206 208 38
206 207 39
206 208 40
206 207 41
206 208 42
206 207 43
206 208 44
206 207 45
206 208 46
206 207 47
206 208 48
206 207 49
206 208 50
206 207 51
206 208 52
206 207 53
206 208 54
206 207 55
206 208 56
206 207 57
206 208 58
206 207 59
206 208 60
206 207 61
206 208 62
206 207 63
206 208 64
206 207 65
206 208 66
206 207 67
206 208 68
206 207 69
206 208 70
206 207 71
206 208 72
206 207 73
206 208 74
206 207 75
206 208 76
206 207 77
206 208 78
206 207 79
206 208 80
206 207 81
206 208 82
206 207 83
206 208 84
206 207 85
206 208 86
206 207 87
206 208 88
206 207 89
206 208 90
206 207 91
206 208 92
206 207 93
206 208 94
206 207 95
206 208 96
206 207 97
206 208 98
206 207 99
206 208 100
206 207 101
206 208 102
206 207 103
206 208 104
206 207 105
206 208 106
206 207 107
206 208 108
206 207 109
206 208 110
206 207 111
206 208 112
206 207 113
206 208 114
206 207 115
206 208 116
206 207 117
206 208 118
206 207 119
206 208 120
206 207 121
206 208 122
206 207 123
206 208 124
206 207 125
206 208 126
206 207 127
206 208 128
206 207 129
206 208 130
206 207 131
206 208 132
206 207 133
206 208 134
206 207 135
206 208 136
206 207 137
206 208 138
206 207 139
206 208 140
206 207 141
206 208 142
206 207 143
206 208 144
206 207 145
206 208 146
206 207 147
206 208 148
206 207 149
206 208 150
206 207 151
206 208 152
206 207 153
206 208 154
206 207 155
206 208 156
206 207 157
206 208 158
206 207 159
206 208 160
206 207 161
206 208 162
206 207 163
206 208 164
206 207 165
206 208 166
206 207 167
206 208 168
206 207 169
206 208 170
206 207 171
206 208 172
206 207 173
206 208 174
206 207 175
206 208 176
206 207 177
206 208 178
206 207 179
206 208 180
206 207 181
206 208 182
206 207 183
206 208 184
206 207 185
206 208 186
206 207 187
206 208 188
206 207 189
206 208 190
206 207 191
206 208 192
206 207 193
206 208 194
206 207 195
206 208 196
206 207 197
206 208 198
206 207 199
206 208 200
206 207 201
206 208 202
206 207 203
206 208 204
206 207 205
206 208 206
206 207 207
206 208 208
206 207 209
206 208 210
206 207 211
206 208 212
206 207 213
206 208 214
206 207 215
206 208 216
206 207 217
206 208 218
206 207 219
206 208 220
206 207 221
206 208 222
206 207 223
206 208 224
206 207 225
206 208 226
206 207 227
206 208 228
206 207 229
206 208 230
206 207 231
206 208 232
206 207 233
206 208 234
206 207 235
206 208 236
206 207 237
206 208 238
206 207 239
206 208 240
206 207 241
206 208 242
206 207 243
206 208 244
