207 221 1
208 221 1
207 221 2
208 221 2
207 221 3
208 221 3
207 221 4
208 221 4
207 221 5
208 221 5
207 221 6
208 221 6
207 221 7
208 221 7
207 221 8
208 221 8
207 221 9
208 221 9
207 221 10
208 221 10
207 221 11
208 221 11
207 221 12
208 221 12
207 221 13
208 221 13
207 221 14
208 221 14
207 221 15
208 221 15
207 221 16
208 221 16
207 221 17
208 221 17
207 221 18
208 221 18
207 221 19
208 221 19
207 221 20
208 221 20
207 221 21
208 221 21
207 221 22
208 221 22
207 221 23
208 221 23
207 221 24
208 221 24
207 221 25
208 221 25
207 221 26
208 221 26
207 221 27
208 221 27
207 221 28
208 221 28
207 221 29
208 221 29
207 221 30
208 221 30
207 221 31
208 221 31
207 221 32
208 221 32
207 221 33
208 221 33
207 221 34
208 221 34
207 221 35
208 221 35
207 221 36
208 221 36
207 221 37
208 221 37
207 221 38
208 221 38
207 221 39
208 221 39
207 221 40
208 221 40
207 221 41
208 221 41
207 221 42
208 221 42
207 221 43
208 221 43
207 221 44
208 221 44
207 221 45
208 221 45
207 221 46
208 221 46
207 221 47
208 221 47
207 221 48
208 221 48
207 221 49
208 221 49
207 221 50
208 221 50
207 221 51
208 221 51
207 221 52
208 221 52
207 221 53
208 221 53
207 221 54
208 221 54
207 221 55
208 221 55
207 221 56
208 221 56
207 221 57
208 221 57
207 221 58
208 221 58
207 221 59
208 221 59
207 221 60
208 221 60
207 221 61
208 221 61
207 221 62
208 221 62
207 221 63
208 221 63
207 221 64
208 221 64
207 221 65
208 221 65
207 221 66
208 221 66
207 221 67
208 221 67
207 221 68
208 221 68
207 221 69
208 221 69
207 221 70
208 221 70
207 221 71
208 221 71
207 221 72
208 221 72
207 221 73
208 221 73
207 221 74
208 221 74
207 221 75
208 221 75
207 221 76
208 221 76
207 221 77
208 221 77
207 221 78
208 221 78
207 221 79
208 221 79
207 221 80
208 221 80
207 221 81
208 221 81
207 221 82
208 221 82
207 221 83
208 221 83
207 221 84
208 221 84
207 221 85
208 221 85
207 221 86
208 221 86
207 221 87
208 221 87
207 221 88
208 221 88
207 221 89
208 221 89
207 221 90
208 221 90
207 221 91
208 221 91
207 221 92
208 221 92
207 221 93
208 221 93
207 221 94
208 221 94
207 221 95
208 221 95
207 221 96
208 221 96
207 221 97
208 221 97
207 221 98
208 221 98
207 221 99
208 221 99
207 221 100
208 221 100
207 221 101
208 221 101
207 221 102
208 221 102
207 221 103
208 221 103
207 221 104
208 221 104
207 221 105
208 221 105
207 221 106
208 221 106
207 221 107
208 221 107
207 221 108
208 221 108
207 221 109
208 221 109
207 221 110
208 221 110
207 221 111
208 221 111
207 221 112
208 221 112
207 221 113
208 221 113
207 221 114
208 221 114
207 221 115
208 221 115
207 221 116
208 221 116
207 221 117
208 221 117
207 221 118
208 221 118
207 221 119
208 221 119
207 221 120
208 221 120
207 221 121
208 221 121
207 221 122
208 221 122
