110 117 1
110 118 2
110 117 3
110 118 4
110 117 5
110 118 6
110 117 7
110 118 8
110 117 9
110 118 10
110 117 11
110 118 12
110 117 13
110 118 14
110 117 15
110 118 16
110 117 17
110 118 18
110 117 19
110 118 20
110 117 21
110 118 22
110 117 23
110 118 24
110 117 25
110 118 26
110 117 27
110 118 28
110 117 29
110 118 30
110 117 31
110 118 32
110 117 33
110 118 34
110 117 35
110 118 36
110 117 37
110 118 38
110 117 39
110 118 40
110 117 41
110 118 42
110 117 43
110 118 44
110 117 45
110 118 46
110 117 47
110 118 48
110 117 49
110 118 50
110 117 51
110 118 52
110 117 53
110 118 54
110 117 55
110 118 56
110 117 57
110 118 58
110 117 59
110 118 60
110 117 61
110 118 62
110 117 63
110 118 64
110 117 65
110 118 66
110 117 67
110 118 68
110 117 69
110 118 70
110 117 71
110 118 72
110 117 73
110 118 74
110 117 75
110 118 76
110 117 77
110 118 78
110 117 79
110 118 80
110 117 81
110 118 82
110 117 83
110 118 84
110 117 85
110 118 86
110 117 87
110 118 88
110 117 89
110 118 90
110 117 91
110 118 92
110 117 93
110 118 94
110 117 95
110 118 96
110 117 97
110 118 98
110 117 99
110 118 100
110 117 101
110 118 102
110 117 103
110 118 104
110 117 105
110 118 106
110 117 107
110 118 108
110 117 109
110 118 110
110 117 111
110 118 112
110 117 113
110 118 114
110 117 115
110 118 116
110 117 117
110 118 118
110 117 119
110 118 120
110 117 121
110 118 122
110 117 123
110 118 124
110 117 125
110 118 126
110 117 127
110 118 128
110 117 129
110 118 130
110 117 131
110 118 132
110 117 133
110 118 134
110 117 135
110 118 136
110 117 137
110 118 138
110 117 139
110 118 140
110 117 141
110 118 142
110 117 143
110 118 144
110 117 145
110 118 146
110 117 147
110 118 148
110 117 149
110 118 150
110 117 151
110 118 152
110 117 153
110 118 154
110 117 155
110 118 156
110 117 157
110 118 158
110 117 159
110 118 160
110 117 161
110 118 162
110 117 163
110 118 164
110 117 165
110 118 166
110 117 167
110 118 168
110 117 169
110 118 170
110 117 171
110 118 172
110 117 173
110 118 174
110 117 175
110 118 176
110 117 177
110 118 178
110 117 179
110 118 180
110 117 181
110 118 182
110 117 183
110 118 184
110 117 185
110 118 186
110 117 187
110 118 188
110 117 189
110 118 190
110 117 191
110 118 192
110 117 193
110 118 194
110 117 195
110 118 196
110 117 197
110 118 198
110 117 199
110 118 200
110 117 201
110 118 202
110 117 203
110 118 204
110 117 205
110 118 206
110 117 207
110 118 208
110 117 209
110 118 210
110 117 211
110 118 212
110 117 213
110 118 214
110 117 215
110 118 216
110 117 217
110 118 218
110 117 219
110 118 220
110 117 221
110 118 222
110 117 223
110 118 224
110 117 225
110 118 226
110 117 227
110 118 228
110 117 229
110 118 230
110 117 231
110 118 232
110 117 233
110 118 234
110 117 235
110 118 236
110 117 237
110 118 238
110 117 239
110 118 240
110 117 241
110 118 242
110 117 243
110 118 244
