30 38 1
31 38 1
32 38 1
33 38 1
34 38 1
30 38 2
31 38 2
32 38 2
33 38 2
34 38 2
30 38 3
31 38 3
32 38 3
33 38 3
34 38 3
30 38 4
31 38 4
32 38 4
33 38 4
34 38 4
30 38 5
31 38 5
32 38 5
33 38 5
34 38 5
30 38 6
31 38 6
32 38 6
33 38 6
34 38 6
30 38 7
31 38 7
32 38 7
33 38 7
34 38 7
30 38 8
31 38 8
32 38 8
33 38 8
34 38 8
30 38 9
31 38 9
32 38 9
33 38 9
34 38 9
30 38 10
31 38 10
32 38 10
33 38 10
34 38 10
30 38 11
31 38 11
32 38 11
33 38 11
34 38 11
30 38 12
31 38 12
32 38 12
33 38 12
34 38 12
30 38 13
31 38 13
32 38 13
33 38 13
34 38 13
30 38 14
31 38 14
32 38 14
33 38 14
34 38 14
30 38 15
31 38 15
32 38 15
33 38 15
34 38 15
30 38 16
31 38 16
32 38 16
33 38 16
34 38 16
30 38 17
31 38 17
32 38 17
33 38 17
34 38 17
30 38 18
31 38 18
32 38 18
33 38 18
34 38 18
30 38 19
31 38 19
32 38 19
33 38 19
34 38 19
30 38 20
31 38 20
32 38 20
33 38 20
34 38 20
30 38 21
31 38 21
32 38 21
33 38 21
34 38 21
30 38 22
31 38 22
32 38 22
33 38 22
34 38 22
30 38 23
31 38 23
32 38 23
33 38 23
34 38 23
30 38 24
31 38 24
32 38 24
33 38 24
34 38 24
30 38 25
31 38 25
32 38 25
33 38 25
34 38 25
30 38 26
31 38 26
32 38 26
33 38 26
34 38 26
30 38 27
31 38 27
32 38 27
33 38 27
34 38 27
30 38 28
31 38 28
32 38 28
33 38 28
34 38 28
30 38 29
31 38 29
32 38 29
33 38 29
34 38 29
30 38 30
31 38 30
32 38 30
33 38 30
34 38 30
30 38 31
31 38 31
32 38 31
33 38 31
34 38 31
30 38 32
31 38 32
32 38 32
33 38 32
34 38 32
30 38 33
31 38 33
32 38 33
33 38 33
34 38 33
30 38 34
31 38 34
32 38 34
33 38 34
34 38 34
30 38 35
31 38 35
32 38 35
33 38 35
34 38 35
30 38 36
31 38 36
32 38 36
33 38 36
34 38 36
30 38 37
31 38 37
32 38 37
33 38 37
34 38 37
30 38 38
31 38 38
32 38 38
33 38 38
34 38 38
30 38 39
31 38 39
32 38 39
33 38 39
34 38 39
30 38 40
31 38 40
32 38 40
33 38 40
34 38 40
30 38 41
31 38 41
32 38 41
33 38 41
34 38 41
30 38 42
31 38 42
32 38 42
33 38 42
34 38 42
30 38 43
31 38 43
32 38 43
33 38 43
34 38 43
30 38 44
31 38 44
32 38 44
33 38 44
34 38 44
30 38 45
31 38 45
32 38 45
33 38 45
34 38 45
30 38 46
31 38 46
32 38 46
33 38 46
34 38 46
30 38 47
31 38 47
32 38 47
33 38 47
34 38 47
30 38 48
31 38 48
32 38 48
33 38 48
34 38 48
30 38 49
31 38 49
32 38 49
33 38 49
34 38 49
