167 279 1
167 280 2
167 281 3
167 282 4
167 283 5
167 279 6
167 280 7
167 281 8
167 282 9
167 283 10
167 279 11
167 280 12
167 281 13
167 282 14
167 283 15
167 279 16
167 280 17
167 281 18
167 282 19
167 283 20
167 279 21
167 280 22
167 281 23
167 282 24
167 283 25
167 279 26
167 280 27
167 281 28
167 282 29
167 283 30
167 279 31
167 280 32
167 281 33
167 282 34
167 283 35
167 279 36
167 280 37
167 281 38
167 282 39
167 283 40
167 279 41
167 280 42
167 281 43
167 282 44
167 283 45
167 279 46
167 280 47
167 281 48
167 282 49
167 283 50
167 279 51
167 280 52
167 281 53
167 282 54
167 283 55
167 279 56
167 280 57
167 281 58
167 282 59
167 283 60
167 279 61
167 280 62
167 281 63
167 282 64
167 283 65
167 279 66
167 280 67
167 281 68
167 282 69
167 283 70
167 279 71
167 280 72
167 281 73
167 282 74
167 283 75
167 279 76
167 280 77
167 281 78
167 282 79
167 283 80
167 279 81
167 280 82
167 281 83
167 282 84
167 283 85
167 279 86
167 280 87
167 281 88
167 282 89
167 283 90
167 279 91
167 280 92
167 281 93
167 282 94
167 283 95
167 279 96
167 280 97
167 281 98
167 282 99
167 283 100
167 279 101
167 280 102
167 281 103
167 282 104
167 283 105
167 279 106
167 280 107
167 281 108
167 282 109
167 283 110
167 279 111
167 280 112
167 281 113
167 282 114
167 283 115
167 279 116
167 280 117
167 281 118
167 282 119
167 283 120
167 279 121
167 280 122
167 281 123
167 282 124
167 283 125
167 279 126
167 280 127
167 281 128
167 282 129
167 283 130
167 279 131
167 280 132
167 281 133
167 282 134
167 283 135
167 279 136
167 280 137
167 281 138
167 282 139
167 283 140
167 279 141
167 280 142
167 281 143
167 282 144
167 283 145
167 279 146
167 280 147
167 281 148
167 282 149
167 283 150
167 279 151
167 280 152
167 281 153
167 282 154
167 283 155
167 279 156
167 280 157
167 281 158
167 282 159
167 283 160
167 279 161
167 280 162
167 281 163
167 282 164
167 283 165
167 279 166
167 280 167
167 281 168
167 282 169
167 283 170
167 279 171
167 280 172
167 281 173
167 282 174
167 283 175
167 279 176
167 280 177
167 281 178
167 282 179
167 283 180
167 279 181
167 280 182
167 281 183
167 282 184
167 283 185
167 279 186
167 280 187
167 281 188
167 282 189
167 283 190
167 279 191
167 280 192
167 281 193
167 282 194
167 283 195
167 279 196
167 280 197
167 281 198
167 282 199
167 283 200
167 279 201
167 280 202
167 281 203
167 282 204
167 283 205
167 279 206
167 280 207
167 281 208
167 282 209
167 283 210
167 279 211
167 280 212
167 281 213
167 282 214
167 283 215
167 279 216
167 280 217
167 281 218
167 282 219
167 283 220
167 279 221
167 280 222
167 281 223
167 282 224
167 283 225
167 279 226
167 280 227
167 281 228
167 282 229
167 283 230
167 279 231
167 280 232
167 281 233
167 282 234
167 283 235
167 279 236
167 280 237
167 281 238
167 282 239
167 283 240
167 279 241
167 280 242
167 281 243
167 282 244
167 283 245
