24 35 1
25 35 1
26 35 1
27 35 1
28 35 1
24 35 2
25 35 2
26 35 2
27 35 2
28 35 2
24 35 3
25 35 3
26 35 3
27 35 3
28 35 3
24 35 4
25 35 4
26 35 4
27 35 4
28 35 4
24 35 5
25 35 5
26 35 5
27 35 5
28 35 5
24 35 6
25 35 6
26 35 6
27 35 6
28 35 6
24 35 7
25 35 7
26 35 7
27 35 7
28 35 7
24 35 8
25 35 8
26 35 8
27 35 8
28 35 8
24 35 9
25 35 9
26 35 9
27 35 9
28 35 9
24 35 10
25 35 10
26 35 10
27 35 10
28 35 10
24 35 11
25 35 11
26 35 11
27 35 11
28 35 11
24 35 12
25 35 12
26 35 12
27 35 12
28 35 12
24 35 13
25 35 13
26 35 13
27 35 13
28 35 13
24 35 14
25 35 14
26 35 14
27 35 14
28 35 14
24 35 15
25 35 15
26 35 15
27 35 15
28 35 15
24 35 16
25 35 16
26 35 16
27 35 16
28 35 16
24 35 17
25 35 17
26 35 17
27 35 17
28 35 17
24 35 18
25 35 18
26 35 18
27 35 18
28 35 18
24 35 19
25 35 19
26 35 19
27 35 19
28 35 19
24 35 20
25 35 20
26 35 20
27 35 20
28 35 20
24 35 21
25 35 21
26 35 21
27 35 21
28 35 21
24 35 22
25 35 22
26 35 22
27 35 22
28 35 22
24 35 23
25 35 23
26 35 23
27 35 23
28 35 23
24 35 24
25 35 24
26 35 24
27 35 24
28 35 24
24 35 25
25 35 25
26 35 25
27 35 25
28 35 25
24 35 26
25 35 26
26 35 26
27 35 26
28 35 26
24 35 27
25 35 27
26 35 27
27 35 27
28 35 27
24 35 28
25 35 28
26 35 28
27 35 28
28 35 28
24 35 29
25 35 29
26 35 29
27 35 29
28 35 29
24 35 30
25 35 30
26 35 30
27 35 30
28 35 30
24 35 31
25 35 31
26 35 31
27 35 31
28 35 31
24 35 32
25 35 32
26 35 32
27 35 32
28 35 32
24 35 33
25 35 33
26 35 33
27 35 33
28 35 33
24 35 34
25 35 34
26 35 34
27 35 34
28 35 34
24 35 35
25 35 35
26 35 35
27 35 35
28 35 35
24 35 36
25 35 36
26 35 36
27 35 36
28 35 36
24 35 37
25 35 37
26 35 37
27 35 37
28 35 37
24 35 38
25 35 38
26 35 38
27 35 38
28 35 38
24 35 39
25 35 39
26 35 39
27 35 39
28 35 39
24 35 40
25 35 40
26 35 40
27 35 40
28 35 40
24 35 41
25 35 41
26 35 41
27 35 41
28 35 41
24 35 42
25 35 42
26 35 42
27 35 42
28 35 42
24 35 43
25 35 43
26 35 43
27 35 43
28 35 43
24 35 44
25 35 44
26 35 44
27 35 44
28 35 44
24 35 45
25 35 45
26 35 45
27 35 45
28 35 45
24 35 46
25 35 46
26 35 46
27 35 46
28 35 46
24 35 47
25 35 47
26 35 47
27 35 47
28 35 47
24 35 48
25 35 48
26 35 48
27 35 48
28 35 48
24 35 49
25 35 49
26 35 49
27 35 49
28 35 49
24 35 50
25 35 50
26 35 50
27 35 50
28 35 50
24 35 51
25 35 51
26 35 51
27 35 51
28 35 51
24 35 52
25 35 52
26 35 52
27 35 52
28 35 52
24 35 53
25 35 53
26 35 53
27 35 53
28 35 53
24 35 54
25 35 54
26 35 54
27 35 54
28 35 54
24 35 55
25 35 55
26 35 55
27 35 55
28 35 55
24 35 56
25 35 56
26 35 56
27 35 56
28 35 56
24 35 57
25 35 57
26 35 57
27 35 57
28 35 57
24 35 58
25 35 58
26 35 58
27 35 58
28 35 58
24 35 59
25 35 59
26 35 59
27 35 59
28 35 59
24 35 60
25 35 60
26 35 60
27 35 60
28 35 60
24 35 61
25 35 61
26 35 61
27 35 61
28 35 61
24 35 62
25 35 62
26 35 62
27 35 62
28 35 62
24 35 63
25 35 63
26 35 63
27 35 63
28 35 63
24 35 64
25 35 64
26 35 64
27 35 64
28 35 64
24 35 65
25 35 65
26 35 65
27 35 65
28 35 65
24 35 66
25 35 66
26 35 66
27 35 66
28 35 66
24 35 67
25 35 67
26 35 67
27 35 67
28 35 67
24 35 68
25 35 68
26 35 68
27 35 68
28 35 68
24 35 69
25 35 69
26 35 69
27 35 69
28 35 69
24 35 70
25 35 70
26 35 70
27 35 70
28 35 70
24 35 71
25 35 71
26 35 71
27 35 71
28 35 71
24 35 72
25 35 72
26 35 72
27 35 72
28 35 72
24 35 73
25 35 73
26 35 73
27 35 73
28 35 73
24 35 74
25 35 74
26 35 74
27 35 74
28 35 74
24 35 75
25 35 75
26 35 75
27 35 75
28 35 75
24 35 76
25 35 76
26 35 76
27 35 76
28 35 76
24 35 77
25 35 77
26 35 77
27 35 77
28 35 77
24 35 78
25 35 78
26 35 78
27 35 78
28 35 78
24 35 79
25 35 79
26 35 79
27 35 79
28 35 79
24 35 80
25 35 80
26 35 80
27 35 80
28 35 80
24 35 81
25 35 81
26 35 81
27 35 81
28 35 81
24 35 82
25 35 82
26 35 82
27 35 82
28 35 82
24 35 83
25 35 83
26 35 83
27 35 83
28 35 83
24 35 84
25 35 84
26 35 84
27 35 84
28 35 84
24 35 85
25 35 85
26 35 85
27 35 85
28 35 85
24 35 86
25 35 86
26 35 86
27 35 86
28 35 86
24 35 87
25 35 87
26 35 87
27 35 87
28 35 87
24 35 88
25 35 88
26 35 88
27 35 88
28 35 88
24 35 89
25 35 89
26 35 89
27 35 89
28 35 89
24 35 90
25 35 90
26 35 90
27 35 90
28 35 90
24 35 91
25 35 91
26 35 91
27 35 91
28 35 91
24 35 92
25 35 92
26 35 92
27 35 92
28 35 92
24 35 93
25 35 93
26 35 93
27 35 93
28 35 93
24 35 94
25 35 94
26 35 94
27 35 94
28 35 94
24 35 95
25 35 95
26 35 95
27 35 95
28 35 95
24 35 96
25 35 96
26 35 96
27 35 96
28 35 96
24 35 97
25 35 97
26 35 97
27 35 97
28 35 97
24 35 98
25 35 98
26 35 98
27 35 98
28 35 98
24 35 99
25 35 99
26 35 99
27 35 99
28 35 99
24 35 100
25 35 100
26 35 100
27 35 100
28 35 100
24 35 101
25 35 101
26 35 101
27 35 101
28 35 101
24 35 102
25 35 102
26 35 102
27 35 102
28 35 102
24 35 103
25 35 103
26 35 103
27 35 103
28 35 103
24 35 104
25 35 104
26 35 104
27 35 104
28 35 104
24 35 105
25 35 105
26 35 105
27 35 105
28 35 105
24 35 106
25 35 106
26 35 106
27 35 106
28 35 106
24 35 107
25 35 107
26 35 107
27 35 107
28 35 107
24 35 108
25 35 108
26 35 108
27 35 108
28 35 108
24 35 109
25 35 109
26 35 109
27 35 109
28 35 109
24 35 110
25 35 110
26 35 110
27 35 110
28 35 110
24 35 111
25 35 111
26 35 111
27 35 111
28 35 111
24 35 112
25 35 112
26 35 112
27 35 112
28 35 112
24 35 113
25 35 113
26 35 113
27 35 113
28 35 113
24 35 114
25 35 114
26 35 114
27 35 114
28 35 114
24 35 115
25 35 115
26 35 115
27 35 115
28 35 115
24 35 116
25 35 116
26 35 116
27 35 116
28 35 116
24 35 117
25 35 117
26 35 117
27 35 117
28 35 117
24 35 118
25 35 118
26 35 118
27 35 118
28 35 118
24 35 119
25 35 119
26 35 119
27 35 119
28 35 119
24 35 120
25 35 120
26 35 120
27 35 120
28 35 120
24 35 121
25 35 121
26 35 121
27 35 121
28 35 121
24 35 122
25 35 122
26 35 122
27 35 122
28 35 122
24 35 123
25 35 123
26 35 123
27 35 123
28 35 123
24 35 124
25 35 124
26 35 124
27 35 124
28 35 124
24 35 125
25 35 125
26 35 125
27 35 125
28 35 125
24 35 126
25 35 126
26 35 126
27 35 126
28 35 126
24 35 127
25 35 127
26 35 127
27 35 127
28 35 127
24 35 128
25 35 128
26 35 128
27 35 128
28 35 128
24 35 129
25 35 129
26 35 129
27 35 129
28 35 129
24 35 130
25 35 130
26 35 130
27 35 130
28 35 130
24 35 131
25 35 131
26 35 131
27 35 131
28 35 131
24 35 132
25 35 132
26 35 132
27 35 132
28 35 132
24 35 133
25 35 133
26 35 133
27 35 133
28 35 133
24 35 134
25 35 134
26 35 134
27 35 134
28 35 134
24 35 135
25 35 135
26 35 135
27 35 135
28 35 135
24 35 136
25 35 136
26 35 136
27 35 136
28 35 136
24 35 137
25 35 137
26 35 137
27 35 137
28 35 137
24 35 138
25 35 138
26 35 138
27 35 138
28 35 138
24 35 139
25 35 139
26 35 139
27 35 139
28 35 139
24 35 140
25 35 140
26 35 140
27 35 140
28 35 140
24 35 141
25 35 141
26 35 141
27 35 141
28 35 141
24 35 142
25 35 142
26 35 142
27 35 142
28 35 142
24 35 143
25 35 143
26 35 143
27 35 143
28 35 143
24 35 144
25 35 144
26 35 144
27 35 144
28 35 144
24 35 145
25 35 145
26 35 145
27 35 145
28 35 145
24 35 146
25 35 146
26 35 146
27 35 146
28 35 146
24 35 147
25 35 147
26 35 147
27 35 147
28 35 147
24 35 148
25 35 148
26 35 148
27 35 148
28 35 148
24 35 149
25 35 149
26 35 149
27 35 149
28 35 149
24 35 150
25 35 150
26 35 150
27 35 150
28 35 150
24 35 151
25 35 151
26 35 151
27 35 151
28 35 151
24 35 152
25 35 152
26 35 152
27 35 152
28 35 152
24 35 153
25 35 153
26 35 153
27 35 153
28 35 153
24 35 154
25 35 154
26 35 154
27 35 154
28 35 154
24 35 155
25 35 155
26 35 155
27 35 155
28 35 155
24 35 156
25 35 156
26 35 156
27 35 156
28 35 156
24 35 157
25 35 157
26 35 157
27 35 157
28 35 157
24 35 158
25 35 158
26 35 158
27 35 158
28 35 158
24 35 159
25 35 159
26 35 159
27 35 159
28 35 159
24 35 160
25 35 160
26 35 160
27 35 160
28 35 160
24 35 161
25 35 161
26 35 161
27 35 161
28 35 161
24 35 162
25 35 162
26 35 162
27 35 162
28 35 162
24 35 163
25 35 163
26 35 163
27 35 163
28 35 163
24 35 164
25 35 164
26 35 164
27 35 164
28 35 164
24 35 165
25 35 165
26 35 165
27 35 165
28 35 165
24 35 166
25 35 166
26 35 166
27 35 166
28 35 166
24 35 167
25 35 167
26 35 167
27 35 167
28 35 167
24 35 168
25 35 168
26 35 168
27 35 168
28 35 168
24 35 169
25 35 169
26 35 169
27 35 169
28 35 169
24 35 170
25 35 170
26 35 170
27 35 170
28 35 170
24 35 171
25 35 171
26 35 171
27 35 171
28 35 171
24 35 172
25 35 172
26 35 172
27 35 172
28 35 172
24 35 173
25 35 173
26 35 173
27 35 173
28 35 173
24 35 174
25 35 174
26 35 174
27 35 174
28 35 174
24 35 175
25 35 175
26 35 175
27 35 175
28 35 175
24 35 176
25 35 176
26 35 176
27 35 176
28 35 176
24 35 177
25 35 177
26 35 177
27 35 177
28 35 177
24 35 178
25 35 178
26 35 178
27 35 178
28 35 178
24 35 179
25 35 179
26 35 179
27 35 179
28 35 179
24 35 180
25 35 180
26 35 180
27 35 180
28 35 180
24 35 181
25 35 181
26 35 181
27 35 181
28 35 181
24 35 182
25 35 182
26 35 182
27 35 182
28 35 182
24 35 183
25 35 183
26 35 183
27 35 183
28 35 183
24 35 184
25 35 184
26 35 184
27 35 184
28 35 184
24 35 185
25 35 185
26 35 185
27 35 185
28 35 185
24 35 186
25 35 186
26 35 186
27 35 186
28 35 186
24 35 187
25 35 187
26 35 187
27 35 187
28 35 187
24 35 188
25 35 188
26 35 188
27 35 188
28 35 188
24 35 189
25 35 189
26 35 189
27 35 189
28 35 189
24 35 190
25 35 190
26 35 190
27 35 190
28 35 190
24 35 191
25 35 191
26 35 191
27 35 191
28 35 191
24 35 192
25 35 192
26 35 192
27 35 192
28 35 192
24 35 193
25 35 193
26 35 193
27 35 193
28 35 193
24 35 194
25 35 194
26 35 194
27 35 194
28 35 194
24 35 195
25 35 195
26 35 195
27 35 195
28 35 195
24 35 196
25 35 196
26 35 196
27 35 196
28 35 196
