9 27 1
10 27 1
11 27 1
12 27 1
13 27 1
14 27 1
15 27 1
16 27 1
17 27 1
18 27 1
19 27 1
20 27 1
21 27 1
22 27 1
23 27 1
24 27 1
25 27 1
26 27 1
9 28 2
10 28 2
11 28 2
12 28 2
13 28 2
14 28 2
15 28 2
16 28 2
17 28 2
18 28 2
19 28 2
20 28 2
21 28 2
22 28 2
23 28 2
24 28 2
25 28 2
26 28 2
9 29 3
10 29 3
11 29 3
12 29 3
13 29 3
14 29 3
15 29 3
16 29 3
17 29 3
18 29 3
19 29 3
20 29 3
21 29 3
22 29 3
23 29 3
24 29 3
25 29 3
26 29 3
9 30 4
10 30 4
11 30 4
12 30 4
13 30 4
14 30 4
15 30 4
16 30 4
17 30 4
18 30 4
19 30 4
20 30 4
21 30 4
22 30 4
23 30 4
24 30 4
25 30 4
26 30 4
9 31 5
10 31 5
11 31 5
12 31 5
13 31 5
14 31 5
15 31 5
16 31 5
17 31 5
18 31 5
19 31 5
20 31 5
21 31 5
22 31 5
23 31 5
24 31 5
25 31 5
26 31 5
9 32 6
10 32 6
11 32 6
12 32 6
13 32 6
14 32 6
15 32 6
16 32 6
17 32 6
18 32 6
19 32 6
20 32 6
21 32 6
22 32 6
23 32 6
24 32 6
25 32 6
26 32 6
9 33 7
10 33 7
11 33 7
12 33 7
13 33 7
14 33 7
15 33 7
16 33 7
17 33 7
18 33 7
19 33 7
20 33 7
21 33 7
22 33 7
23 33 7
24 33 7
25 33 7
26 33 7
9 34 8
10 34 8
11 34 8
12 34 8
13 34 8
14 34 8
15 34 8
16 34 8
17 34 8
18 34 8
19 34 8
20 34 8
21 34 8
22 34 8
23 34 8
24 34 8
25 34 8
26 34 8
9 35 9
10 35 9
11 35 9
12 35 9
13 35 9
14 35 9
15 35 9
16 35 9
17 35 9
18 35 9
19 35 9
20 35 9
21 35 9
22 35 9
23 35 9
24 35 9
25 35 9
26 35 9
9 36 10
10 36 10
11 36 10
12 36 10
13 36 10
14 36 10
15 36 10
16 36 10
17 36 10
18 36 10
19 36 10
20 36 10
21 36 10
22 36 10
23 36 10
24 36 10
25 36 10
26 36 10
9 37 11
10 37 11
11 37 11
12 37 11
13 37 11
14 37 11
15 37 11
16 37 11
17 37 11
18 37 11
19 37 11
20 37 11
21 37 11
22 37 11
23 37 11
24 37 11
25 37 11
26 37 11
9 38 12
10 38 12
11 38 12
12 38 12
13 38 12
14 38 12
15 38 12
16 38 12
17 38 12
18 38 12
19 38 12
20 38 12
21 38 12
22 38 12
23 38 12
24 38 12
25 38 12
26 38 12
9 39 13
10 39 13
11 39 13
12 39 13
13 39 13
14 39 13
15 39 13
16 39 13
17 39 13
18 39 13
19 39 13
20 39 13
21 39 13
22 39 13
23 39 13
24 39 13
25 39 13
26 39 13
9 40 14
10 40 14
11 40 14
12 40 14
13 40 14
14 40 14
15 40 14
16 40 14
17 40 14
18 40 14
19 40 14
20 40 14
21 40 14
22 40 14
23 40 14
24 40 14
25 40 14
26 40 14
9 41 15
10 41 15
11 41 15
12 41 15
13 41 15
14 41 15
15 41 15
16 41 15
17 41 15
18 41 15
19 41 15
20 41 15
21 41 15
22 41 15
23 41 15
24 41 15
25 41 15
26 41 15
9 42 16
10 42 16
11 42 16
12 42 16
13 42 16
14 42 16
15 42 16
16 42 16
17 42 16
18 42 16
19 42 16
20 42 16
21 42 16
22 42 16
23 42 16
24 42 16
25 42 16
26 42 16
9 43 17
10 43 17
11 43 17
12 43 17
13 43 17
14 43 17
15 43 17
16 43 17
17 43 17
18 43 17
19 43 17
20 43 17
21 43 17
22 43 17
23 43 17
24 43 17
25 43 17
26 43 17
9 44 18
10 44 18
11 44 18
12 44 18
13 44 18
14 44 18
15 44 18
16 44 18
17 44 18
18 44 18
19 44 18
20 44 18
21 44 18
22 44 18
23 44 18
24 44 18
25 44 18
26 44 18
9 27 19
10 27 19
11 27 19
12 27 19
13 27 19
14 27 19
15 27 19
16 27 19
17 27 19
18 27 19
19 27 19
20 27 19
21 27 19
22 27 19
23 27 19
24 27 19
25 27 19
26 27 19
9 28 20
10 28 20
11 28 20
12 28 20
13 28 20
14 28 20
15 28 20
16 28 20
17 28 20
18 28 20
19 28 20
20 28 20
21 28 20
22 28 20
23 28 20
24 28 20
25 28 20
26 28 20
9 29 21
10 29 21
11 29 21
12 29 21
13 29 21
14 29 21
15 29 21
16 29 21
17 29 21
18 29 21
19 29 21
20 29 21
21 29 21
22 29 21
23 29 21
24 29 21
25 29 21
26 29 21
9 30 22
10 30 22
11 30 22
12 30 22
13 30 22
14 30 22
15 30 22
16 30 22
17 30 22
18 30 22
19 30 22
20 30 22
21 30 22
22 30 22
23 30 22
24 30 22
25 30 22
26 30 22
9 31 23
10 31 23
11 31 23
12 31 23
13 31 23
14 31 23
15 31 23
16 31 23
17 31 23
18 31 23
19 31 23
20 31 23
21 31 23
22 31 23
23 31 23
24 31 23
25 31 23
26 31 23
9 32 24
10 32 24
11 32 24
12 32 24
13 32 24
14 32 24
15 32 24
16 32 24
17 32 24
18 32 24
19 32 24
20 32 24
21 32 24
22 32 24
23 32 24
24 32 24
25 32 24
26 32 24
9 33 25
10 33 25
11 33 25
12 33 25
13 33 25
14 33 25
15 33 25
16 33 25
17 33 25
18 33 25
19 33 25
20 33 25
21 33 25
22 33 25
23 33 25
24 33 25
25 33 25
26 33 25
9 34 26
10 34 26
11 34 26
12 34 26
13 34 26
14 34 26
15 34 26
16 34 26
17 34 26
18 34 26
19 34 26
20 34 26
21 34 26
22 34 26
23 34 26
24 34 26
25 34 26
26 34 26
9 35 27
10 35 27
11 35 27
12 35 27
13 35 27
14 35 27
15 35 27
16 35 27
17 35 27
18 35 27
19 35 27
20 35 27
21 35 27
22 35 27
23 35 27
24 35 27
25 35 27
26 35 27
9 36 28
10 36 28
11 36 28
12 36 28
13 36 28
14 36 28
15 36 28
16 36 28
17 36 28
18 36 28
19 36 28
20 36 28
21 36 28
22 36 28
23 36 28
24 36 28
25 36 28
26 36 28
9 37 29
10 37 29
11 37 29
12 37 29
13 37 29
14 37 29
15 37 29
16 37 29
17 37 29
18 37 29
19 37 29
20 37 29
21 37 29
22 37 29
23 37 29
24 37 29
25 37 29
26 37 29
9 38 30
10 38 30
11 38 30
12 38 30
13 38 30
14 38 30
15 38 30
16 38 30
17 38 30
18 38 30
19 38 30
20 38 30
21 38 30
22 38 30
23 38 30
24 38 30
25 38 30
26 38 30
9 39 31
10 39 31
11 39 31
12 39 31
13 39 31
14 39 31
15 39 31
16 39 31
17 39 31
18 39 31
19 39 31
20 39 31
21 39 31
22 39 31
23 39 31
24 39 31
25 39 31
26 39 31
9 40 32
10 40 32
11 40 32
12 40 32
13 40 32
14 40 32
15 40 32
16 40 32
17 40 32
18 40 32
19 40 32
20 40 32
21 40 32
22 40 32
23 40 32
24 40 32
25 40 32
26 40 32
9 41 33
10 41 33
11 41 33
12 41 33
13 41 33
14 41 33
15 41 33
16 41 33
17 41 33
18 41 33
19 41 33
20 41 33
21 41 33
22 41 33
23 41 33
24 41 33
25 41 33
26 41 33
9 42 34
10 42 34
11 42 34
12 42 34
13 42 34
14 42 34
15 42 34
16 42 34
17 42 34
18 42 34
19 42 34
20 42 34
21 42 34
22 42 34
23 42 34
24 42 34
25 42 34
26 42 34
9 43 35
10 43 35
11 43 35
12 43 35
13 43 35
14 43 35
15 43 35
16 43 35
17 43 35
18 43 35
19 43 35
20 43 35
21 43 35
22 43 35
23 43 35
24 43 35
25 43 35
26 43 35
9 44 36
10 44 36
11 44 36
12 44 36
13 44 36
14 44 36
15 44 36
16 44 36
17 44 36
18 44 36
19 44 36
20 44 36
21 44 36
22 44 36
23 44 36
24 44 36
25 44 36
26 44 36
9 27 37
10 27 37
11 27 37
12 27 37
13 27 37
14 27 37
15 27 37
16 27 37
17 27 37
18 27 37
19 27 37
20 27 37
21 27 37
22 27 37
23 27 37
24 27 37
25 27 37
26 27 37
9 28 38
10 28 38
11 28 38
12 28 38
13 28 38
14 28 38
15 28 38
16 28 38
17 28 38
18 28 38
19 28 38
20 28 38
21 28 38
22 28 38
23 28 38
24 28 38
25 28 38
26 28 38
9 29 39
10 29 39
11 29 39
12 29 39
13 29 39
14 29 39
15 29 39
16 29 39
17 29 39
18 29 39
19 29 39
20 29 39
21 29 39
22 29 39
23 29 39
24 29 39
25 29 39
26 29 39
9 30 40
10 30 40
11 30 40
12 30 40
13 30 40
14 30 40
15 30 40
16 30 40
17 30 40
18 30 40
19 30 40
20 30 40
21 30 40
22 30 40
23 30 40
24 30 40
25 30 40
26 30 40
9 31 41
10 31 41
11 31 41
12 31 41
13 31 41
14 31 41
15 31 41
16 31 41
17 31 41
18 31 41
19 31 41
20 31 41
21 31 41
22 31 41
23 31 41
24 31 41
25 31 41
26 31 41
9 32 42
10 32 42
11 32 42
12 32 42
13 32 42
14 32 42
15 32 42
16 32 42
17 32 42
18 32 42
19 32 42
20 32 42
21 32 42
22 32 42
23 32 42
24 32 42
25 32 42
26 32 42
9 33 43
10 33 43
11 33 43
12 33 43
13 33 43
14 33 43
15 33 43
16 33 43
17 33 43
18 33 43
19 33 43
20 33 43
21 33 43
22 33 43
23 33 43
24 33 43
25 33 43
26 33 43
9 34 44
10 34 44
11 34 44
12 34 44
13 34 44
14 34 44
15 34 44
16 34 44
17 34 44
18 34 44
19 34 44
20 34 44
21 34 44
22 34 44
23 34 44
24 34 44
25 34 44
26 34 44
9 35 45
10 35 45
11 35 45
12 35 45
13 35 45
14 35 45
15 35 45
16 35 45
17 35 45
18 35 45
19 35 45
20 35 45
21 35 45
22 35 45
23 35 45
24 35 45
25 35 45
26 35 45
9 36 46
10 36 46
11 36 46
12 36 46
13 36 46
14 36 46
15 36 46
16 36 46
17 36 46
18 36 46
19 36 46
20 36 46
21 36 46
22 36 46
23 36 46
24 36 46
25 36 46
26 36 46
9 37 47
10 37 47
11 37 47
12 37 47
13 37 47
14 37 47
15 37 47
16 37 47
17 37 47
18 37 47
19 37 47
20 37 47
21 37 47
22 37 47
23 37 47
24 37 47
25 37 47
26 37 47
9 38 48
10 38 48
11 38 48
12 38 48
13 38 48
14 38 48
15 38 48
16 38 48
17 38 48
18 38 48
19 38 48
20 38 48
21 38 48
22 38 48
23 38 48
24 38 48
25 38 48
26 38 48
9 39 49
10 39 49
11 39 49
12 39 49
13 39 49
14 39 49
15 39 49
16 39 49
17 39 49
18 39 49
19 39 49
20 39 49
21 39 49
22 39 49
23 39 49
24 39 49
25 39 49
26 39 49
9 40 50
10 40 50
11 40 50
12 40 50
13 40 50
14 40 50
15 40 50
16 40 50
17 40 50
18 40 50
19 40 50
20 40 50
21 40 50
22 40 50
23 40 50
24 40 50
25 40 50
26 40 50
9 41 51
10 41 51
11 41 51
12 41 51
13 41 51
14 41 51
15 41 51
16 41 51
17 41 51
18 41 51
19 41 51
20 41 51
21 41 51
22 41 51
23 41 51
24 41 51
25 41 51
26 41 51
9 42 52
10 42 52
11 42 52
12 42 52
13 42 52
14 42 52
15 42 52
16 42 52
17 42 52
18 42 52
19 42 52
20 42 52
21 42 52
22 42 52
23 42 52
24 42 52
25 42 52
26 42 52
9 43 53
10 43 53
11 43 53
12 43 53
13 43 53
14 43 53
15 43 53
16 43 53
17 43 53
18 43 53
19 43 53
20 43 53
21 43 53
22 43 53
23 43 53
24 43 53
25 43 53
26 43 53
9 44 54
10 44 54
11 44 54
12 44 54
13 44 54
14 44 54
15 44 54
16 44 54
17 44 54
18 44 54
19 44 54
20 44 54
21 44 54
22 44 54
23 44 54
24 44 54
25 44 54
26 44 54
9 27 55
10 27 55
11 27 55
12 27 55
13 27 55
14 27 55
15 27 55
16 27 55
17 27 55
18 27 55
19 27 55
20 27 55
21 27 55
22 27 55
23 27 55
24 27 55
25 27 55
26 27 55
9 28 56
10 28 56
11 28 56
12 28 56
13 28 56
14 28 56
15 28 56
16 28 56
17 28 56
18 28 56
19 28 56
20 28 56
21 28 56
22 28 56
23 28 56
24 28 56
25 28 56
26 28 56
9 29 57
10 29 57
11 29 57
12 29 57
13 29 57
14 29 57
15 29 57
16 29 57
17 29 57
18 29 57
19 29 57
20 29 57
21 29 57
22 29 57
23 29 57
24 29 57
25 29 57
26 29 57
9 30 58
10 30 58
11 30 58
12 30 58
13 30 58
14 30 58
15 30 58
16 30 58
17 30 58
18 30 58
19 30 58
20 30 58
21 30 58
22 30 58
23 30 58
24 30 58
25 30 58
26 30 58
9 31 59
10 31 59
11 31 59
12 31 59
13 31 59
14 31 59
15 31 59
16 31 59
17 31 59
18 31 59
19 31 59
20 31 59
21 31 59
22 31 59
23 31 59
24 31 59
25 31 59
26 31 59
9 32 60
10 32 60
11 32 60
12 32 60
13 32 60
14 32 60
15 32 60
16 32 60
17 32 60
18 32 60
19 32 60
20 32 60
21 32 60
22 32 60
23 32 60
24 32 60
25 32 60
26 32 60
9 33 61
10 33 61
11 33 61
12 33 61
13 33 61
14 33 61
15 33 61
16 33 61
17 33 61
18 33 61
19 33 61
20 33 61
21 33 61
22 33 61
23 33 61
24 33 61
25 33 61
26 33 61
9 34 62
10 34 62
11 34 62
12 34 62
13 34 62
14 34 62
15 34 62
16 34 62
17 34 62
18 34 62
19 34 62
20 34 62
21 34 62
22 34 62
23 34 62
24 34 62
25 34 62
26 34 62
9 35 63
10 35 63
11 35 63
12 35 63
13 35 63
14 35 63
15 35 63
16 35 63
17 35 63
18 35 63
19 35 63
20 35 63
21 35 63
22 35 63
23 35 63
24 35 63
25 35 63
26 35 63
9 36 64
10 36 64
11 36 64
12 36 64
13 36 64
14 36 64
15 36 64
16 36 64
17 36 64
18 36 64
19 36 64
20 36 64
21 36 64
22 36 64
23 36 64
24 36 64
25 36 64
26 36 64
9 37 65
10 37 65
11 37 65
12 37 65
13 37 65
14 37 65
15 37 65
16 37 65
17 37 65
18 37 65
19 37 65
20 37 65
21 37 65
22 37 65
23 37 65
24 37 65
25 37 65
26 37 65
9 38 66
10 38 66
11 38 66
12 38 66
13 38 66
14 38 66
15 38 66
16 38 66
17 38 66
18 38 66
19 38 66
20 38 66
21 38 66
22 38 66
23 38 66
24 38 66
25 38 66
26 38 66
9 39 67
10 39 67
11 39 67
12 39 67
13 39 67
14 39 67
15 39 67
16 39 67
17 39 67
18 39 67
19 39 67
20 39 67
21 39 67
22 39 67
23 39 67
24 39 67
25 39 67
26 39 67
9 40 68
10 40 68
11 40 68
12 40 68
13 40 68
14 40 68
15 40 68
16 40 68
17 40 68
18 40 68
19 40 68
20 40 68
21 40 68
22 40 68
23 40 68
24 40 68
25 40 68
26 40 68
9 41 69
10 41 69
11 41 69
12 41 69
13 41 69
14 41 69
15 41 69
16 41 69
17 41 69
18 41 69
19 41 69
20 41 69
21 41 69
22 41 69
23 41 69
24 41 69
25 41 69
26 41 69
9 42 70
10 42 70
11 42 70
12 42 70
13 42 70
14 42 70
15 42 70
16 42 70
17 42 70
18 42 70
19 42 70
20 42 70
21 42 70
22 42 70
23 42 70
24 42 70
25 42 70
26 42 70
9 43 71
10 43 71
11 43 71
12 43 71
13 43 71
14 43 71
15 43 71
16 43 71
17 43 71
18 43 71
19 43 71
20 43 71
21 43 71
22 43 71
23 43 71
24 43 71
25 43 71
26 43 71
9 44 72
10 44 72
11 44 72
12 44 72
13 44 72
14 44 72
15 44 72
16 44 72
17 44 72
18 44 72
19 44 72
20 44 72
21 44 72
22 44 72
23 44 72
24 44 72
25 44 72
26 44 72
9 27 73
10 27 73
11 27 73
12 27 73
13 27 73
14 27 73
15 27 73
16 27 73
17 27 73
18 27 73
19 27 73
20 27 73
21 27 73
22 27 73
23 27 73
24 27 73
25 27 73
26 27 73
9 28 74
10 28 74
11 28 74
12 28 74
13 28 74
14 28 74
15 28 74
16 28 74
17 28 74
18 28 74
19 28 74
20 28 74
21 28 74
22 28 74
23 28 74
24 28 74
25 28 74
26 28 74
9 29 75
10 29 75
11 29 75
12 29 75
13 29 75
14 29 75
15 29 75
16 29 75
17 29 75
18 29 75
19 29 75
20 29 75
21 29 75
22 29 75
23 29 75
24 29 75
25 29 75
26 29 75
9 30 76
10 30 76
11 30 76
12 30 76
13 30 76
14 30 76
15 30 76
16 30 76
17 30 76
18 30 76
19 30 76
20 30 76
21 30 76
22 30 76
23 30 76
24 30 76
25 30 76
26 30 76
9 31 77
10 31 77
11 31 77
12 31 77
13 31 77
14 31 77
15 31 77
16 31 77
17 31 77
18 31 77
19 31 77
20 31 77
21 31 77
22 31 77
23 31 77
24 31 77
25 31 77
26 31 77
9 32 78
10 32 78
11 32 78
12 32 78
13 32 78
14 32 78
15 32 78
16 32 78
17 32 78
18 32 78
19 32 78
20 32 78
21 32 78
22 32 78
23 32 78
24 32 78
25 32 78
26 32 78
9 33 79
10 33 79
11 33 79
12 33 79
13 33 79
14 33 79
15 33 79
16 33 79
17 33 79
18 33 79
19 33 79
20 33 79
21 33 79
22 33 79
23 33 79
24 33 79
25 33 79
26 33 79
9 34 80
10 34 80
11 34 80
12 34 80
13 34 80
14 34 80
15 34 80
16 34 80
17 34 80
18 34 80
19 34 80
20 34 80
21 34 80
22 34 80
23 34 80
24 34 80
25 34 80
26 34 80
9 35 81
10 35 81
11 35 81
12 35 81
13 35 81
14 35 81
15 35 81
16 35 81
17 35 81
18 35 81
19 35 81
20 35 81
21 35 81
22 35 81
23 35 81
24 35 81
25 35 81
26 35 81
9 36 82
10 36 82
11 36 82
12 36 82
13 36 82
14 36 82
15 36 82
16 36 82
17 36 82
18 36 82
19 36 82
20 36 82
21 36 82
22 36 82
23 36 82
24 36 82
25 36 82
26 36 82
9 37 83
10 37 83
11 37 83
12 37 83
13 37 83
14 37 83
15 37 83
16 37 83
17 37 83
18 37 83
19 37 83
20 37 83
21 37 83
22 37 83
23 37 83
24 37 83
25 37 83
26 37 83
9 38 84
10 38 84
11 38 84
12 38 84
13 38 84
14 38 84
15 38 84
16 38 84
17 38 84
18 38 84
19 38 84
20 38 84
21 38 84
22 38 84
23 38 84
24 38 84
25 38 84
26 38 84
9 39 85
10 39 85
11 39 85
12 39 85
13 39 85
14 39 85
15 39 85
16 39 85
17 39 85
18 39 85
19 39 85
20 39 85
21 39 85
22 39 85
23 39 85
24 39 85
25 39 85
26 39 85
9 40 86
10 40 86
11 40 86
12 40 86
13 40 86
14 40 86
15 40 86
16 40 86
17 40 86
18 40 86
19 40 86
20 40 86
21 40 86
22 40 86
23 40 86
24 40 86
25 40 86
26 40 86
9 41 87
10 41 87
11 41 87
12 41 87
13 41 87
14 41 87
15 41 87
16 41 87
17 41 87
18 41 87
19 41 87
20 41 87
21 41 87
22 41 87
23 41 87
24 41 87
25 41 87
26 41 87
9 42 88
10 42 88
11 42 88
12 42 88
13 42 88
14 42 88
15 42 88
16 42 88
17 42 88
18 42 88
19 42 88
20 42 88
21 42 88
22 42 88
23 42 88
24 42 88
25 42 88
26 42 88
9 43 89
10 43 89
11 43 89
12 43 89
13 43 89
14 43 89
15 43 89
16 43 89
17 43 89
18 43 89
19 43 89
20 43 89
21 43 89
22 43 89
23 43 89
24 43 89
25 43 89
26 43 89
9 44 90
10 44 90
11 44 90
12 44 90
13 44 90
14 44 90
15 44 90
16 44 90
17 44 90
18 44 90
19 44 90
20 44 90
21 44 90
22 44 90
23 44 90
24 44 90
25 44 90
26 44 90
9 27 91
10 27 91
11 27 91
12 27 91
13 27 91
14 27 91
15 27 91
16 27 91
17 27 91
18 27 91
19 27 91
20 27 91
21 27 91
22 27 91
23 27 91
24 27 91
25 27 91
26 27 91
9 28 92
10 28 92
11 28 92
12 28 92
13 28 92
14 28 92
15 28 92
16 28 92
17 28 92
18 28 92
19 28 92
20 28 92
21 28 92
22 28 92
23 28 92
24 28 92
25 28 92
26 28 92
9 29 93
10 29 93
11 29 93
12 29 93
13 29 93
14 29 93
15 29 93
16 29 93
17 29 93
18 29 93
19 29 93
20 29 93
21 29 93
22 29 93
23 29 93
24 29 93
25 29 93
26 29 93
9 30 94
10 30 94
11 30 94
12 30 94
13 30 94
14 30 94
15 30 94
16 30 94
17 30 94
18 30 94
19 30 94
20 30 94
21 30 94
22 30 94
23 30 94
24 30 94
25 30 94
26 30 94
9 31 95
10 31 95
11 31 95
12 31 95
13 31 95
14 31 95
15 31 95
16 31 95
17 31 95
18 31 95
19 31 95
20 31 95
21 31 95
22 31 95
23 31 95
24 31 95
25 31 95
26 31 95
9 32 96
10 32 96
11 32 96
12 32 96
13 32 96
14 32 96
15 32 96
16 32 96
17 32 96
18 32 96
19 32 96
20 32 96
21 32 96
22 32 96
23 32 96
24 32 96
25 32 96
26 32 96
9 33 97
10 33 97
11 33 97
12 33 97
13 33 97
14 33 97
15 33 97
16 33 97
17 33 97
18 33 97
19 33 97
20 33 97
21 33 97
22 33 97
23 33 97
24 33 97
25 33 97
26 33 97
9 34 98
10 34 98
11 34 98
12 34 98
13 34 98
14 34 98
15 34 98
16 34 98
17 34 98
18 34 98
19 34 98
20 34 98
21 34 98
22 34 98
23 34 98
24 34 98
25 34 98
26 34 98
9 35 99
10 35 99
11 35 99
12 35 99
13 35 99
14 35 99
15 35 99
16 35 99
17 35 99
18 35 99
19 35 99
20 35 99
21 35 99
22 35 99
23 35 99
24 35 99
25 35 99
26 35 99
9 36 100
10 36 100
11 36 100
12 36 100
13 36 100
14 36 100
15 36 100
16 36 100
17 36 100
18 36 100
19 36 100
20 36 100
21 36 100
22 36 100
23 36 100
24 36 100
25 36 100
26 36 100
9 37 101
10 37 101
11 37 101
12 37 101
13 37 101
14 37 101
15 37 101
16 37 101
17 37 101
18 37 101
19 37 101
20 37 101
21 37 101
22 37 101
23 37 101
24 37 101
25 37 101
26 37 101
9 38 102
10 38 102
11 38 102
12 38 102
13 38 102
14 38 102
15 38 102
16 38 102
17 38 102
18 38 102
19 38 102
20 38 102
21 38 102
22 38 102
23 38 102
24 38 102
25 38 102
26 38 102
9 39 103
10 39 103
11 39 103
12 39 103
13 39 103
14 39 103
15 39 103
16 39 103
17 39 103
18 39 103
19 39 103
20 39 103
21 39 103
22 39 103
23 39 103
24 39 103
25 39 103
26 39 103
9 40 104
10 40 104
11 40 104
12 40 104
13 40 104
14 40 104
15 40 104
16 40 104
17 40 104
18 40 104
19 40 104
20 40 104
21 40 104
22 40 104
23 40 104
24 40 104
25 40 104
26 40 104
9 41 105
10 41 105
11 41 105
12 41 105
13 41 105
14 41 105
15 41 105
16 41 105
17 41 105
18 41 105
19 41 105
20 41 105
21 41 105
22 41 105
23 41 105
24 41 105
25 41 105
26 41 105
9 42 106
10 42 106
11 42 106
12 42 106
13 42 106
14 42 106
15 42 106
16 42 106
17 42 106
18 42 106
19 42 106
20 42 106
21 42 106
22 42 106
23 42 106
24 42 106
25 42 106
26 42 106
9 43 107
10 43 107
11 43 107
12 43 107
13 43 107
14 43 107
15 43 107
16 43 107
17 43 107
18 43 107
19 43 107
20 43 107
21 43 107
22 43 107
23 43 107
24 43 107
25 43 107
26 43 107
9 44 108
10 44 108
11 44 108
12 44 108
13 44 108
14 44 108
15 44 108
16 44 108
17 44 108
18 44 108
19 44 108
20 44 108
21 44 108
22 44 108
23 44 108
24 44 108
25 44 108
26 44 108
9 27 109
10 27 109
11 27 109
12 27 109
13 27 109
14 27 109
15 27 109
16 27 109
17 27 109
18 27 109
19 27 109
20 27 109
21 27 109
22 27 109
23 27 109
24 27 109
25 27 109
26 27 109
9 28 110
10 28 110
11 28 110
12 28 110
13 28 110
14 28 110
15 28 110
16 28 110
17 28 110
18 28 110
19 28 110
20 28 110
21 28 110
22 28 110
23 28 110
24 28 110
25 28 110
26 28 110
9 29 111
10 29 111
11 29 111
12 29 111
13 29 111
14 29 111
15 29 111
16 29 111
17 29 111
18 29 111
19 29 111
20 29 111
21 29 111
22 29 111
23 29 111
24 29 111
25 29 111
26 29 111
9 30 112
10 30 112
11 30 112
12 30 112
13 30 112
14 30 112
15 30 112
16 30 112
17 30 112
18 30 112
19 30 112
20 30 112
21 30 112
22 30 112
23 30 112
24 30 112
25 30 112
26 30 112
9 31 113
10 31 113
11 31 113
12 31 113
13 31 113
14 31 113
15 31 113
16 31 113
17 31 113
18 31 113
19 31 113
20 31 113
21 31 113
22 31 113
23 31 113
24 31 113
25 31 113
26 31 113
9 32 114
10 32 114
11 32 114
12 32 114
13 32 114
14 32 114
15 32 114
16 32 114
17 32 114
18 32 114
19 32 114
20 32 114
21 32 114
22 32 114
23 32 114
24 32 114
25 32 114
26 32 114
9 33 115
10 33 115
11 33 115
12 33 115
13 33 115
14 33 115
15 33 115
16 33 115
17 33 115
18 33 115
19 33 115
20 33 115
21 33 115
22 33 115
23 33 115
24 33 115
25 33 115
26 33 115
9 34 116
10 34 116
11 34 116
12 34 116
13 34 116
14 34 116
15 34 116
16 34 116
17 34 116
18 34 116
19 34 116
20 34 116
21 34 116
22 34 116
23 34 116
24 34 116
25 34 116
26 34 116
9 35 117
10 35 117
11 35 117
12 35 117
13 35 117
14 35 117
15 35 117
16 35 117
17 35 117
18 35 117
19 35 117
20 35 117
21 35 117
22 35 117
23 35 117
24 35 117
25 35 117
26 35 117
9 36 118
10 36 118
11 36 118
12 36 118
13 36 118
14 36 118
15 36 118
16 36 118
17 36 118
18 36 118
19 36 118
20 36 118
21 36 118
22 36 118
23 36 118
24 36 118
25 36 118
26 36 118
9 37 119
10 37 119
11 37 119
12 37 119
13 37 119
14 37 119
15 37 119
16 37 119
17 37 119
18 37 119
19 37 119
20 37 119
21 37 119
22 37 119
23 37 119
24 37 119
25 37 119
26 37 119
9 38 120
10 38 120
11 38 120
12 38 120
13 38 120
14 38 120
15 38 120
16 38 120
17 38 120
18 38 120
19 38 120
20 38 120
21 38 120
22 38 120
23 38 120
24 38 120
25 38 120
26 38 120
9 39 121
10 39 121
11 39 121
12 39 121
13 39 121
14 39 121
15 39 121
16 39 121
17 39 121
18 39 121
19 39 121
20 39 121
21 39 121
22 39 121
23 39 121
24 39 121
25 39 121
26 39 121
9 40 122
10 40 122
11 40 122
12 40 122
13 40 122
14 40 122
15 40 122
16 40 122
17 40 122
18 40 122
19 40 122
20 40 122
21 40 122
22 40 122
23 40 122
24 40 122
25 40 122
26 40 122
9 41 123
10 41 123
11 41 123
12 41 123
13 41 123
14 41 123
15 41 123
16 41 123
17 41 123
18 41 123
19 41 123
20 41 123
21 41 123
22 41 123
23 41 123
24 41 123
25 41 123
26 41 123
9 42 124
10 42 124
11 42 124
12 42 124
13 42 124
14 42 124
15 42 124
16 42 124
17 42 124
18 42 124
19 42 124
20 42 124
21 42 124
22 42 124
23 42 124
24 42 124
25 42 124
26 42 124
9 43 125
10 43 125
11 43 125
12 43 125
13 43 125
14 43 125
15 43 125
16 43 125
17 43 125
18 43 125
19 43 125
20 43 125
21 43 125
22 43 125
23 43 125
24 43 125
25 43 125
26 43 125
9 44 126
10 44 126
11 44 126
12 44 126
13 44 126
14 44 126
15 44 126
16 44 126
17 44 126
18 44 126
19 44 126
20 44 126
21 44 126
22 44 126
23 44 126
24 44 126
25 44 126
26 44 126
9 27 127
10 27 127
11 27 127
12 27 127
13 27 127
14 27 127
15 27 127
16 27 127
17 27 127
18 27 127
19 27 127
20 27 127
21 27 127
22 27 127
23 27 127
24 27 127
25 27 127
26 27 127
9 28 128
10 28 128
11 28 128
12 28 128
13 28 128
14 28 128
15 28 128
16 28 128
17 28 128
18 28 128
19 28 128
20 28 128
21 28 128
22 28 128
23 28 128
24 28 128
25 28 128
26 28 128
9 29 129
10 29 129
11 29 129
12 29 129
13 29 129
14 29 129
15 29 129
16 29 129
17 29 129
18 29 129
19 29 129
20 29 129
21 29 129
22 29 129
23 29 129
24 29 129
25 29 129
26 29 129
9 30 130
10 30 130
11 30 130
12 30 130
13 30 130
14 30 130
15 30 130
16 30 130
17 30 130
18 30 130
19 30 130
20 30 130
21 30 130
22 30 130
23 30 130
24 30 130
25 30 130
26 30 130
9 31 131
10 31 131
11 31 131
12 31 131
13 31 131
14 31 131
15 31 131
16 31 131
17 31 131
18 31 131
19 31 131
20 31 131
21 31 131
22 31 131
23 31 131
24 31 131
25 31 131
26 31 131
9 32 132
10 32 132
11 32 132
12 32 132
13 32 132
14 32 132
15 32 132
16 32 132
17 32 132
18 32 132
19 32 132
20 32 132
21 32 132
22 32 132
23 32 132
24 32 132
25 32 132
26 32 132
9 33 133
10 33 133
11 33 133
12 33 133
13 33 133
14 33 133
15 33 133
16 33 133
17 33 133
18 33 133
19 33 133
20 33 133
21 33 133
22 33 133
23 33 133
24 33 133
25 33 133
26 33 133
9 34 134
10 34 134
11 34 134
12 34 134
13 34 134
14 34 134
15 34 134
16 34 134
17 34 134
18 34 134
19 34 134
20 34 134
21 34 134
22 34 134
23 34 134
24 34 134
25 34 134
26 34 134
9 35 135
10 35 135
11 35 135
12 35 135
13 35 135
14 35 135
15 35 135
16 35 135
17 35 135
18 35 135
19 35 135
20 35 135
21 35 135
22 35 135
23 35 135
24 35 135
25 35 135
26 35 135
9 36 136
10 36 136
11 36 136
12 36 136
13 36 136
14 36 136
15 36 136
16 36 136
17 36 136
18 36 136
19 36 136
20 36 136
21 36 136
22 36 136
23 36 136
24 36 136
25 36 136
26 36 136
9 37 137
10 37 137
11 37 137
12 37 137
13 37 137
14 37 137
15 37 137
16 37 137
17 37 137
18 37 137
19 37 137
20 37 137
21 37 137
22 37 137
23 37 137
24 37 137
25 37 137
26 37 137
9 38 138
10 38 138
11 38 138
12 38 138
13 38 138
14 38 138
15 38 138
16 38 138
17 38 138
18 38 138
19 38 138
20 38 138
21 38 138
22 38 138
23 38 138
24 38 138
25 38 138
26 38 138
9 39 139
10 39 139
11 39 139
12 39 139
13 39 139
14 39 139
15 39 139
16 39 139
17 39 139
18 39 139
19 39 139
20 39 139
21 39 139
22 39 139
23 39 139
24 39 139
25 39 139
26 39 139
9 40 140
10 40 140
11 40 140
12 40 140
13 40 140
14 40 140
15 40 140
16 40 140
17 40 140
18 40 140
19 40 140
20 40 140
21 40 140
22 40 140
23 40 140
24 40 140
25 40 140
26 40 140
9 41 141
10 41 141
11 41 141
12 41 141
13 41 141
14 41 141
15 41 141
16 41 141
17 41 141
18 41 141
19 41 141
20 41 141
21 41 141
22 41 141
23 41 141
24 41 141
25 41 141
26 41 141
9 42 142
10 42 142
11 42 142
12 42 142
13 42 142
14 42 142
15 42 142
16 42 142
17 42 142
18 42 142
19 42 142
20 42 142
21 42 142
22 42 142
23 42 142
24 42 142
25 42 142
26 42 142
9 43 143
10 43 143
11 43 143
12 43 143
13 43 143
14 43 143
15 43 143
16 43 143
17 43 143
18 43 143
19 43 143
20 43 143
21 43 143
22 43 143
23 43 143
24 43 143
25 43 143
26 43 143
9 44 144
10 44 144
11 44 144
12 44 144
13 44 144
14 44 144
15 44 144
16 44 144
17 44 144
18 44 144
19 44 144
20 44 144
21 44 144
22 44 144
23 44 144
24 44 144
25 44 144
26 44 144
9 27 145
10 27 145
11 27 145
12 27 145
13 27 145
14 27 145
15 27 145
16 27 145
17 27 145
18 27 145
19 27 145
20 27 145
21 27 145
22 27 145
23 27 145
24 27 145
25 27 145
26 27 145
9 28 146
10 28 146
11 28 146
12 28 146
13 28 146
14 28 146
15 28 146
16 28 146
17 28 146
18 28 146
19 28 146
20 28 146
21 28 146
22 28 146
23 28 146
24 28 146
25 28 146
26 28 146
9 29 147
10 29 147
11 29 147
12 29 147
13 29 147
14 29 147
15 29 147
16 29 147
17 29 147
18 29 147
19 29 147
20 29 147
21 29 147
22 29 147
23 29 147
24 29 147
25 29 147
26 29 147
9 30 148
10 30 148
11 30 148
12 30 148
13 30 148
14 30 148
15 30 148
16 30 148
17 30 148
18 30 148
19 30 148
20 30 148
21 30 148
22 30 148
23 30 148
24 30 148
25 30 148
26 30 148
9 31 149
10 31 149
11 31 149
12 31 149
13 31 149
14 31 149
15 31 149
16 31 149
17 31 149
18 31 149
19 31 149
20 31 149
21 31 149
22 31 149
23 31 149
24 31 149
25 31 149
26 31 149
9 32 150
10 32 150
11 32 150
12 32 150
13 32 150
14 32 150
15 32 150
16 32 150
17 32 150
18 32 150
19 32 150
20 32 150
21 32 150
22 32 150
23 32 150
24 32 150
25 32 150
26 32 150
9 33 151
10 33 151
11 33 151
12 33 151
13 33 151
14 33 151
15 33 151
16 33 151
17 33 151
18 33 151
19 33 151
20 33 151
21 33 151
22 33 151
23 33 151
24 33 151
25 33 151
26 33 151
9 34 152
10 34 152
11 34 152
12 34 152
13 34 152
14 34 152
15 34 152
16 34 152
17 34 152
18 34 152
19 34 152
20 34 152
21 34 152
22 34 152
23 34 152
24 34 152
25 34 152
26 34 152
9 35 153
10 35 153
11 35 153
12 35 153
13 35 153
14 35 153
15 35 153
16 35 153
17 35 153
18 35 153
19 35 153
20 35 153
21 35 153
22 35 153
23 35 153
24 35 153
25 35 153
26 35 153
9 36 154
10 36 154
11 36 154
12 36 154
13 36 154
14 36 154
15 36 154
16 36 154
17 36 154
18 36 154
19 36 154
20 36 154
21 36 154
22 36 154
23 36 154
24 36 154
25 36 154
26 36 154
9 37 155
10 37 155
11 37 155
12 37 155
13 37 155
14 37 155
15 37 155
16 37 155
17 37 155
18 37 155
19 37 155
20 37 155
21 37 155
22 37 155
23 37 155
24 37 155
25 37 155
26 37 155
9 38 156
10 38 156
11 38 156
12 38 156
13 38 156
14 38 156
15 38 156
16 38 156
17 38 156
18 38 156
19 38 156
20 38 156
21 38 156
22 38 156
23 38 156
24 38 156
25 38 156
26 38 156
9 39 157
10 39 157
11 39 157
12 39 157
13 39 157
14 39 157
15 39 157
16 39 157
17 39 157
18 39 157
19 39 157
20 39 157
21 39 157
22 39 157
23 39 157
24 39 157
25 39 157
26 39 157
9 40 158
10 40 158
11 40 158
12 40 158
13 40 158
14 40 158
15 40 158
16 40 158
17 40 158
18 40 158
19 40 158
20 40 158
21 40 158
22 40 158
23 40 158
24 40 158
25 40 158
26 40 158
9 41 159
10 41 159
11 41 159
12 41 159
13 41 159
14 41 159
15 41 159
16 41 159
17 41 159
18 41 159
19 41 159
20 41 159
21 41 159
22 41 159
23 41 159
24 41 159
25 41 159
26 41 159
9 42 160
10 42 160
11 42 160
12 42 160
13 42 160
14 42 160
15 42 160
16 42 160
17 42 160
18 42 160
19 42 160
20 42 160
21 42 160
22 42 160
23 42 160
24 42 160
25 42 160
26 42 160
9 43 161
10 43 161
11 43 161
12 43 161
13 43 161
14 43 161
15 43 161
16 43 161
17 43 161
18 43 161
19 43 161
20 43 161
21 43 161
22 43 161
23 43 161
24 43 161
25 43 161
26 43 161
9 44 162
10 44 162
11 44 162
12 44 162
13 44 162
14 44 162
15 44 162
16 44 162
17 44 162
18 44 162
19 44 162
20 44 162
21 44 162
22 44 162
23 44 162
24 44 162
25 44 162
26 44 162
9 27 163
10 27 163
11 27 163
12 27 163
13 27 163
14 27 163
15 27 163
16 27 163
17 27 163
18 27 163
19 27 163
20 27 163
21 27 163
22 27 163
23 27 163
24 27 163
25 27 163
26 27 163
9 28 164
10 28 164
11 28 164
12 28 164
13 28 164
14 28 164
15 28 164
16 28 164
17 28 164
18 28 164
19 28 164
20 28 164
21 28 164
22 28 164
23 28 164
24 28 164
25 28 164
26 28 164
9 29 165
10 29 165
11 29 165
12 29 165
13 29 165
14 29 165
15 29 165
16 29 165
17 29 165
18 29 165
19 29 165
20 29 165
21 29 165
22 29 165
23 29 165
24 29 165
25 29 165
26 29 165
9 30 166
10 30 166
11 30 166
12 30 166
13 30 166
14 30 166
15 30 166
16 30 166
17 30 166
18 30 166
19 30 166
20 30 166
21 30 166
22 30 166
23 30 166
24 30 166
25 30 166
26 30 166
9 31 167
10 31 167
11 31 167
12 31 167
13 31 167
14 31 167
15 31 167
16 31 167
17 31 167
18 31 167
19 31 167
20 31 167
21 31 167
22 31 167
23 31 167
24 31 167
25 31 167
26 31 167
9 32 168
10 32 168
11 32 168
12 32 168
13 32 168
14 32 168
15 32 168
16 32 168
17 32 168
18 32 168
19 32 168
20 32 168
21 32 168
22 32 168
23 32 168
24 32 168
25 32 168
26 32 168
9 33 169
10 33 169
11 33 169
12 33 169
13 33 169
14 33 169
15 33 169
16 33 169
17 33 169
18 33 169
19 33 169
20 33 169
21 33 169
22 33 169
23 33 169
24 33 169
25 33 169
26 33 169
9 34 170
10 34 170
11 34 170
12 34 170
13 34 170
14 34 170
15 34 170
16 34 170
17 34 170
18 34 170
19 34 170
20 34 170
21 34 170
22 34 170
23 34 170
24 34 170
25 34 170
26 34 170
9 35 171
10 35 171
11 35 171
12 35 171
13 35 171
14 35 171
15 35 171
16 35 171
17 35 171
18 35 171
19 35 171
20 35 171
21 35 171
22 35 171
23 35 171
24 35 171
25 35 171
26 35 171
9 36 172
10 36 172
11 36 172
12 36 172
13 36 172
14 36 172
15 36 172
16 36 172
17 36 172
18 36 172
19 36 172
20 36 172
21 36 172
22 36 172
23 36 172
24 36 172
25 36 172
26 36 172
9 37 173
10 37 173
11 37 173
12 37 173
13 37 173
14 37 173
15 37 173
16 37 173
17 37 173
18 37 173
19 37 173
20 37 173
21 37 173
22 37 173
23 37 173
24 37 173
25 37 173
26 37 173
9 38 174
10 38 174
11 38 174
12 38 174
13 38 174
14 38 174
15 38 174
16 38 174
17 38 174
18 38 174
19 38 174
20 38 174
21 38 174
22 38 174
23 38 174
24 38 174
25 38 174
26 38 174
9 39 175
10 39 175
11 39 175
12 39 175
13 39 175
14 39 175
15 39 175
16 39 175
17 39 175
18 39 175
19 39 175
20 39 175
21 39 175
22 39 175
23 39 175
24 39 175
25 39 175
26 39 175
9 40 176
10 40 176
11 40 176
12 40 176
13 40 176
14 40 176
15 40 176
16 40 176
17 40 176
18 40 176
19 40 176
20 40 176
21 40 176
22 40 176
23 40 176
24 40 176
25 40 176
26 40 176
9 41 177
10 41 177
11 41 177
12 41 177
13 41 177
14 41 177
15 41 177
16 41 177
17 41 177
18 41 177
19 41 177
20 41 177
21 41 177
22 41 177
23 41 177
24 41 177
25 41 177
26 41 177
9 42 178
10 42 178
11 42 178
12 42 178
13 42 178
14 42 178
15 42 178
16 42 178
17 42 178
18 42 178
19 42 178
20 42 178
21 42 178
22 42 178
23 42 178
24 42 178
25 42 178
26 42 178
9 43 179
10 43 179
11 43 179
12 43 179
13 43 179
14 43 179
15 43 179
16 43 179
17 43 179
18 43 179
19 43 179
20 43 179
21 43 179
22 43 179
23 43 179
24 43 179
25 43 179
26 43 179
9 44 180
10 44 180
11 44 180
12 44 180
13 44 180
14 44 180
15 44 180
16 44 180
17 44 180
18 44 180
19 44 180
20 44 180
21 44 180
22 44 180
23 44 180
24 44 180
25 44 180
26 44 180
9 27 181
10 27 181
11 27 181
12 27 181
13 27 181
14 27 181
15 27 181
16 27 181
17 27 181
18 27 181
19 27 181
20 27 181
21 27 181
22 27 181
23 27 181
24 27 181
25 27 181
26 27 181
9 28 182
10 28 182
11 28 182
12 28 182
13 28 182
14 28 182
15 28 182
16 28 182
17 28 182
18 28 182
19 28 182
20 28 182
21 28 182
22 28 182
23 28 182
24 28 182
25 28 182
26 28 182
9 29 183
10 29 183
11 29 183
12 29 183
13 29 183
14 29 183
15 29 183
16 29 183
17 29 183
18 29 183
19 29 183
20 29 183
21 29 183
22 29 183
23 29 183
24 29 183
25 29 183
26 29 183
9 30 184
10 30 184
11 30 184
12 30 184
13 30 184
14 30 184
15 30 184
16 30 184
17 30 184
18 30 184
19 30 184
20 30 184
21 30 184
22 30 184
23 30 184
24 30 184
25 30 184
26 30 184
9 31 185
10 31 185
11 31 185
12 31 185
13 31 185
14 31 185
15 31 185
16 31 185
17 31 185
18 31 185
19 31 185
20 31 185
21 31 185
22 31 185
23 31 185
24 31 185
25 31 185
26 31 185
9 32 186
10 32 186
11 32 186
12 32 186
13 32 186
14 32 186
15 32 186
16 32 186
17 32 186
18 32 186
19 32 186
20 32 186
21 32 186
22 32 186
23 32 186
24 32 186
25 32 186
26 32 186
9 33 187
10 33 187
11 33 187
12 33 187
13 33 187
14 33 187
15 33 187
16 33 187
17 33 187
18 33 187
19 33 187
20 33 187
21 33 187
22 33 187
23 33 187
24 33 187
25 33 187
26 33 187
9 34 188
10 34 188
11 34 188
12 34 188
13 34 188
14 34 188
15 34 188
16 34 188
17 34 188
18 34 188
19 34 188
20 34 188
21 34 188
22 34 188
23 34 188
24 34 188
25 34 188
26 34 188
9 35 189
10 35 189
11 35 189
12 35 189
13 35 189
14 35 189
15 35 189
16 35 189
17 35 189
18 35 189
19 35 189
20 35 189
21 35 189
22 35 189
23 35 189
24 35 189
25 35 189
26 35 189
9 36 190
10 36 190
11 36 190
12 36 190
13 36 190
14 36 190
15 36 190
16 36 190
17 36 190
18 36 190
19 36 190
20 36 190
21 36 190
22 36 190
23 36 190
24 36 190
25 36 190
26 36 190
9 37 191
10 37 191
11 37 191
12 37 191
13 37 191
14 37 191
15 37 191
16 37 191
17 37 191
18 37 191
19 37 191
20 37 191
21 37 191
22 37 191
23 37 191
24 37 191
25 37 191
26 37 191
9 38 192
10 38 192
11 38 192
12 38 192
13 38 192
14 38 192
15 38 192
16 38 192
17 38 192
18 38 192
19 38 192
20 38 192
21 38 192
22 38 192
23 38 192
24 38 192
25 38 192
26 38 192
9 39 193
10 39 193
11 39 193
12 39 193
13 39 193
14 39 193
15 39 193
16 39 193
17 39 193
18 39 193
19 39 193
20 39 193
21 39 193
22 39 193
23 39 193
24 39 193
25 39 193
26 39 193
9 40 194
10 40 194
11 40 194
12 40 194
13 40 194
14 40 194
15 40 194
16 40 194
17 40 194
18 40 194
19 40 194
20 40 194
21 40 194
22 40 194
23 40 194
24 40 194
25 40 194
26 40 194
9 41 195
10 41 195
11 41 195
12 41 195
13 41 195
14 41 195
15 41 195
16 41 195
17 41 195
18 41 195
19 41 195
20 41 195
21 41 195
22 41 195
23 41 195
24 41 195
25 41 195
26 41 195
9 42 196
10 42 196
11 42 196
12 42 196
13 42 196
14 42 196
15 42 196
16 42 196
17 42 196
18 42 196
19 42 196
20 42 196
21 42 196
22 42 196
23 42 196
24 42 196
25 42 196
26 42 196
9 43 197
10 43 197
11 43 197
12 43 197
13 43 197
14 43 197
15 43 197
16 43 197
17 43 197
18 43 197
19 43 197
20 43 197
21 43 197
22 43 197
23 43 197
24 43 197
25 43 197
26 43 197
9 44 198
10 44 198
11 44 198
12 44 198
13 44 198
14 44 198
15 44 198
16 44 198
17 44 198
18 44 198
19 44 198
20 44 198
21 44 198
22 44 198
23 44 198
24 44 198
25 44 198
26 44 198
9 27 199
10 27 199
11 27 199
12 27 199
13 27 199
14 27 199
15 27 199
16 27 199
17 27 199
18 27 199
19 27 199
20 27 199
21 27 199
22 27 199
23 27 199
24 27 199
25 27 199
26 27 199
9 28 200
10 28 200
11 28 200
12 28 200
13 28 200
14 28 200
15 28 200
16 28 200
17 28 200
18 28 200
19 28 200
20 28 200
21 28 200
22 28 200
23 28 200
24 28 200
25 28 200
26 28 200
9 29 201
10 29 201
11 29 201
12 29 201
13 29 201
14 29 201
15 29 201
16 29 201
17 29 201
18 29 201
19 29 201
20 29 201
21 29 201
22 29 201
23 29 201
24 29 201
25 29 201
26 29 201
9 30 202
10 30 202
11 30 202
12 30 202
13 30 202
14 30 202
15 30 202
16 30 202
17 30 202
18 30 202
19 30 202
20 30 202
21 30 202
22 30 202
23 30 202
24 30 202
25 30 202
26 30 202
9 31 203
10 31 203
11 31 203
12 31 203
13 31 203
14 31 203
15 31 203
16 31 203
17 31 203
18 31 203
19 31 203
20 31 203
21 31 203
22 31 203
23 31 203
24 31 203
25 31 203
26 31 203
9 32 204
10 32 204
11 32 204
12 32 204
13 32 204
14 32 204
15 32 204
16 32 204
17 32 204
18 32 204
19 32 204
20 32 204
21 32 204
22 32 204
23 32 204
24 32 204
25 32 204
26 32 204
9 33 205
10 33 205
11 33 205
12 33 205
13 33 205
14 33 205
15 33 205
16 33 205
17 33 205
18 33 205
19 33 205
20 33 205
21 33 205
22 33 205
23 33 205
24 33 205
25 33 205
26 33 205
9 34 206
10 34 206
11 34 206
12 34 206
13 34 206
14 34 206
15 34 206
16 34 206
17 34 206
18 34 206
19 34 206
20 34 206
21 34 206
22 34 206
23 34 206
24 34 206
25 34 206
26 34 206
9 35 207
10 35 207
11 35 207
12 35 207
13 35 207
14 35 207
15 35 207
16 35 207
17 35 207
18 35 207
19 35 207
20 35 207
21 35 207
22 35 207
23 35 207
24 35 207
25 35 207
26 35 207
9 36 208
10 36 208
11 36 208
12 36 208
13 36 208
14 36 208
15 36 208
16 36 208
17 36 208
18 36 208
19 36 208
20 36 208
21 36 208
22 36 208
23 36 208
24 36 208
25 36 208
26 36 208
9 37 209
10 37 209
11 37 209
12 37 209
13 37 209
14 37 209
15 37 209
16 37 209
17 37 209
18 37 209
19 37 209
20 37 209
21 37 209
22 37 209
23 37 209
24 37 209
25 37 209
26 37 209
9 38 210
10 38 210
11 38 210
12 38 210
13 38 210
14 38 210
15 38 210
16 38 210
17 38 210
18 38 210
19 38 210
20 38 210
21 38 210
22 38 210
23 38 210
24 38 210
25 38 210
26 38 210
9 39 211
10 39 211
11 39 211
12 39 211
13 39 211
14 39 211
15 39 211
16 39 211
17 39 211
18 39 211
19 39 211
20 39 211
21 39 211
22 39 211
23 39 211
24 39 211
25 39 211
26 39 211
9 40 212
10 40 212
11 40 212
12 40 212
13 40 212
14 40 212
15 40 212
16 40 212
17 40 212
18 40 212
19 40 212
20 40 212
21 40 212
22 40 212
23 40 212
24 40 212
25 40 212
26 40 212
9 41 213
10 41 213
11 41 213
12 41 213
13 41 213
14 41 213
15 41 213
16 41 213
17 41 213
18 41 213
19 41 213
20 41 213
21 41 213
22 41 213
23 41 213
24 41 213
25 41 213
26 41 213
9 42 214
10 42 214
11 42 214
12 42 214
13 42 214
14 42 214
15 42 214
16 42 214
17 42 214
18 42 214
19 42 214
20 42 214
21 42 214
22 42 214
23 42 214
24 42 214
25 42 214
26 42 214
9 43 215
10 43 215
11 43 215
12 43 215
13 43 215
14 43 215
15 43 215
16 43 215
17 43 215
18 43 215
19 43 215
20 43 215
21 43 215
22 43 215
23 43 215
24 43 215
25 43 215
26 43 215
9 44 216
10 44 216
11 44 216
12 44 216
13 44 216
14 44 216
15 44 216
16 44 216
17 44 216
18 44 216
19 44 216
20 44 216
21 44 216
22 44 216
23 44 216
24 44 216
25 44 216
26 44 216
9 27 217
10 27 217
11 27 217
12 27 217
13 27 217
14 27 217
15 27 217
16 27 217
17 27 217
18 27 217
19 27 217
20 27 217
21 27 217
22 27 217
23 27 217
24 27 217
25 27 217
26 27 217
9 28 218
10 28 218
11 28 218
12 28 218
13 28 218
14 28 218
15 28 218
16 28 218
17 28 218
18 28 218
19 28 218
20 28 218
21 28 218
22 28 218
23 28 218
24 28 218
25 28 218
26 28 218
9 29 219
10 29 219
11 29 219
12 29 219
13 29 219
14 29 219
15 29 219
16 29 219
17 29 219
18 29 219
19 29 219
20 29 219
21 29 219
22 29 219
23 29 219
24 29 219
25 29 219
26 29 219
9 30 220
10 30 220
11 30 220
12 30 220
13 30 220
14 30 220
15 30 220
16 30 220
17 30 220
18 30 220
19 30 220
20 30 220
21 30 220
22 30 220
23 30 220
24 30 220
25 30 220
26 30 220
9 31 221
10 31 221
11 31 221
12 31 221
13 31 221
14 31 221
15 31 221
16 31 221
17 31 221
18 31 221
19 31 221
20 31 221
21 31 221
22 31 221
23 31 221
24 31 221
25 31 221
26 31 221
9 32 222
10 32 222
11 32 222
12 32 222
13 32 222
14 32 222
15 32 222
16 32 222
17 32 222
18 32 222
19 32 222
20 32 222
21 32 222
22 32 222
23 32 222
24 32 222
25 32 222
26 32 222
9 33 223
10 33 223
11 33 223
12 33 223
13 33 223
14 33 223
15 33 223
16 33 223
17 33 223
18 33 223
19 33 223
20 33 223
21 33 223
22 33 223
23 33 223
24 33 223
25 33 223
26 33 223
9 34 224
10 34 224
11 34 224
12 34 224
13 34 224
14 34 224
15 34 224
16 34 224
17 34 224
18 34 224
19 34 224
20 34 224
21 34 224
22 34 224
23 34 224
24 34 224
25 34 224
26 34 224
9 35 225
10 35 225
11 35 225
12 35 225
13 35 225
14 35 225
15 35 225
16 35 225
17 35 225
18 35 225
19 35 225
20 35 225
21 35 225
22 35 225
23 35 225
24 35 225
25 35 225
26 35 225
9 36 226
10 36 226
11 36 226
12 36 226
13 36 226
14 36 226
15 36 226
16 36 226
17 36 226
18 36 226
19 36 226
20 36 226
21 36 226
22 36 226
23 36 226
24 36 226
25 36 226
26 36 226
9 37 227
10 37 227
11 37 227
12 37 227
13 37 227
14 37 227
15 37 227
16 37 227
17 37 227
18 37 227
19 37 227
20 37 227
21 37 227
22 37 227
23 37 227
24 37 227
25 37 227
26 37 227
9 38 228
10 38 228
11 38 228
12 38 228
13 38 228
14 38 228
15 38 228
16 38 228
17 38 228
18 38 228
19 38 228
20 38 228
21 38 228
22 38 228
23 38 228
24 38 228
25 38 228
26 38 228
9 39 229
10 39 229
11 39 229
12 39 229
13 39 229
14 39 229
15 39 229
16 39 229
17 39 229
18 39 229
19 39 229
20 39 229
21 39 229
22 39 229
23 39 229
24 39 229
25 39 229
26 39 229
9 40 230
10 40 230
11 40 230
12 40 230
13 40 230
14 40 230
15 40 230
16 40 230
17 40 230
18 40 230
19 40 230
20 40 230
21 40 230
22 40 230
23 40 230
24 40 230
25 40 230
26 40 230
9 41 231
10 41 231
11 41 231
12 41 231
13 41 231
14 41 231
15 41 231
16 41 231
17 41 231
18 41 231
19 41 231
20 41 231
21 41 231
22 41 231
23 41 231
24 41 231
25 41 231
26 41 231
9 42 232
10 42 232
11 42 232
12 42 232
13 42 232
14 42 232
15 42 232
16 42 232
17 42 232
18 42 232
19 42 232
20 42 232
21 42 232
22 42 232
23 42 232
24 42 232
25 42 232
26 42 232
9 43 233
10 43 233
11 43 233
12 43 233
13 43 233
14 43 233
15 43 233
16 43 233
17 43 233
18 43 233
19 43 233
20 43 233
21 43 233
22 43 233
23 43 233
24 43 233
25 43 233
26 43 233
9 44 234
10 44 234
11 44 234
12 44 234
13 44 234
14 44 234
15 44 234
16 44 234
17 44 234
18 44 234
19 44 234
20 44 234
21 44 234
22 44 234
23 44 234
24 44 234
25 44 234
26 44 234
