5 11 1
5 11 2
5 11 3
5 11 4
5 11 5
5 11 6
5 11 7
5 11 8
5 11 9
5 11 10
5 11 11
5 11 12
5 11 13
5 11 14
5 11 15
5 11 16
5 11 17
5 11 18
5 11 19
5 11 20
5 11 21
5 11 22
5 11 23
5 11 24
5 11 25
5 11 26
5 11 27
5 11 28
5 11 29
5 11 30
5 11 31
5 11 32
5 11 33
5 11 34
5 11 35
5 11 36
5 11 37
5 11 38
5 11 39
5 11 40
5 11 41
5 11 42
5 11 43
5 11 44
5 11 45
5 11 46
5 11 47
5 11 48
5 11 49
5 11 50
5 11 51
5 11 52
5 11 53
5 11 54
5 11 55
5 11 56
5 11 57
5 11 58
5 11 59
5 11 60
5 11 61
5 11 62
5 11 63
5 11 64
5 11 65
5 11 66
5 11 67
5 11 68
5 11 69
5 11 70
5 11 71
5 11 72
5 11 73
5 11 74
5 11 75
5 11 76
5 11 77
5 11 78
5 11 79
5 11 80
5 11 81
5 11 82
5 11 83
5 11 84
5 11 85
5 11 86
5 11 87
5 11 88
5 11 89
5 11 90
5 11 91
5 11 92
5 11 93
5 11 94
5 11 95
5 11 96
5 11 97
5 11 98
5 11 99
5 11 100
5 11 101
5 11 102
5 11 103
5 11 104
5 11 105
5 11 106
5 11 107
5 11 108
5 11 109
5 11 110
5 11 111
5 11 112
5 11 113
5 11 114
5 11 115
5 11 116
5 11 117
5 11 118
5 11 119
5 11 120
5 11 121
5 11 122
5 11 123
5 11 124
5 11 125
5 11 126
5 11 127
5 11 128
5 11 129
5 11 130
5 11 131
5 11 132
5 11 133
5 11 134
5 11 135
5 11 136
5 11 137
5 11 138
5 11 139
5 11 140
5 11 141
5 11 142
5 11 143
5 11 144
5 11 145
5 11 146
5 11 147
5 11 148
5 11 149
5 11 150
5 11 151
5 11 152
5 11 153
5 11 154
5 11 155
5 11 156
5 11 157
5 11 158
5 11 159
5 11 160
5 11 161
5 11 162
5 11 163
5 11 164
5 11 165
5 11 166
5 11 167
5 11 168
5 11 169
5 11 170
5 11 171
5 11 172
5 11 173
5 11 174
5 11 175
5 11 176
5 11 177
5 11 178
5 11 179
5 11 180
5 11 181
5 11 182
5 11 183
5 11 184
5 11 185
5 11 186
5 11 187
5 11 188
5 11 189
5 11 190
5 11 191
5 11 192
5 11 193
5 11 194
5 11 195
5 11 196
5 11 197
5 11 198
5 11 199
5 11 200
5 11 201
5 11 202
5 11 203
5 11 204
5 11 205
5 11 206
5 11 207
5 11 208
5 11 209
5 11 210
5 11 211
5 11 212
5 11 213
5 11 214
5 11 215
5 11 216
5 11 217
5 11 218
5 11 219
5 11 220
5 11 221
5 11 222
5 11 223
5 11 224
5 11 225
5 11 226
5 11 227
5 11 228
5 11 229
5 11 230
5 11 231
5 11 232
5 11 233
5 11 234
5 11 235
5 11 236
5 11 237
5 11 238
5 11 239
5 11 240
5 11 241
5 11 242
5 11 243
5 11 244
5 11 245
