9 17 1
9 17 2
9 17 3
9 17 4
9 17 5
9 17 6
9 17 7
9 17 8
9 17 9
9 17 10
9 17 11
9 17 12
9 17 13
9 17 14
9 17 15
9 17 16
9 17 17
9 17 18
9 17 19
9 17 20
9 17 21
9 17 22
9 17 23
9 17 24
9 17 25
9 17 26
9 17 27
9 17 28
9 17 29
9 17 30
9 17 31
9 17 32
9 17 33
9 17 34
9 17 35
9 17 36
9 17 37
9 17 38
9 17 39
9 17 40
9 17 41
9 17 42
9 17 43
9 17 44
9 17 45
9 17 46
9 17 47
9 17 48
9 17 49
9 17 50
9 17 51
9 17 52
9 17 53
9 17 54
9 17 55
9 17 56
9 17 57
9 17 58
9 17 59
9 17 60
9 17 61
9 17 62
9 17 63
9 17 64
9 17 65
9 17 66
9 17 67
9 17 68
9 17 69
9 17 70
9 17 71
9 17 72
9 17 73
9 17 74
9 17 75
9 17 76
9 17 77
9 17 78
9 17 79
9 17 80
9 17 81
9 17 82
9 17 83
9 17 84
9 17 85
9 17 86
9 17 87
9 17 88
9 17 89
9 17 90
9 17 91
9 17 92
9 17 93
9 17 94
9 17 95
9 17 96
9 17 97
9 17 98
9 17 99
9 17 100
9 17 101
9 17 102
9 17 103
9 17 104
9 17 105
9 17 106
9 17 107
9 17 108
9 17 109
9 17 110
9 17 111
9 17 112
9 17 113
9 17 114
9 17 115
9 17 116
9 17 117
9 17 118
9 17 119
9 17 120
9 17 121
9 17 122
9 17 123
9 17 124
9 17 125
9 17 126
9 17 127
9 17 128
9 17 129
9 17 130
9 17 131
9 17 132
9 17 133
9 17 134
9 17 135
9 17 136
9 17 137
9 17 138
9 17 139
9 17 140
9 17 141
9 17 142
9 17 143
9 17 144
9 17 145
9 17 146
9 17 147
9 17 148
9 17 149
9 17 150
9 17 151
9 17 152
9 17 153
9 17 154
9 17 155
9 17 156
9 17 157
9 17 158
9 17 159
9 17 160
9 17 161
9 17 162
9 17 163
9 17 164
9 17 165
9 17 166
9 17 167
9 17 168
9 17 169
9 17 170
9 17 171
9 17 172
9 17 173
9 17 174
9 17 175
9 17 176
9 17 177
9 17 178
9 17 179
9 17 180
9 17 181
9 17 182
9 17 183
9 17 184
9 17 185
9 17 186
9 17 187
9 17 188
9 17 189
9 17 190
9 17 191
9 17 192
9 17 193
9 17 194
9 17 195
9 17 196
9 17 197
9 17 198
9 17 199
9 17 200
9 17 201
9 17 202
9 17 203
9 17 204
9 17 205
9 17 206
9 17 207
9 17 208
9 17 209
9 17 210
9 17 211
9 17 212
9 17 213
9 17 214
9 17 215
9 17 216
9 17 217
9 17 218
9 17 219
9 17 220
9 17 221
9 17 222
9 17 223
9 17 224
9 17 225
9 17 226
9 17 227
9 17 228
9 17 229
9 17 230
9 17 231
9 17 232
9 17 233
9 17 234
9 17 235
9 17 236
9 17 237
9 17 238
9 17 239
9 17 240
9 17 241
9 17 242
9 17 243
9 17 244
9 17 245
