17 2 1
17 2 2
17 2 3
17 2 4
17 2 5
17 2 6
17 2 7
17 2 8
17 2 9
17 2 10
17 2 11
17 2 12
17 2 13
17 2 14
17 2 15
17 2 16
17 2 17
17 2 18
17 2 19
17 2 20
17 2 21
17 2 22
17 2 23
17 2 24
17 2 25
17 2 26
17 2 27
17 2 28
17 2 29
17 2 30
17 2 31
17 2 32
17 2 33
17 2 34
17 2 35
17 2 36
17 2 37
17 2 38
17 2 39
17 2 40
17 2 41
17 2 42
17 2 43
17 2 44
17 2 45
17 2 46
17 2 47
17 2 48
17 2 49
17 2 50
17 2 51
17 2 52
17 2 53
17 2 54
17 2 55
17 2 56
17 2 57
17 2 58
17 2 59
17 2 60
17 2 61
17 2 62
17 2 63
17 2 64
17 2 65
17 2 66
17 2 67
17 2 68
17 2 69
17 2 70
17 2 71
17 2 72
17 2 73
17 2 74
17 2 75
17 2 76
17 2 77
17 2 78
17 2 79
17 2 80
17 2 81
17 2 82
17 2 83
17 2 84
17 2 85
17 2 86
17 2 87
17 2 88
17 2 89
17 2 90
17 2 91
17 2 92
17 2 93
17 2 94
17 2 95
17 2 96
17 2 97
17 2 98
17 2 99
17 2 100
17 2 101
17 2 102
17 2 103
17 2 104
17 2 105
17 2 106
17 2 107
17 2 108
17 2 109
17 2 110
17 2 111
17 2 112
17 2 113
17 2 114
17 2 115
17 2 116
17 2 117
17 2 118
17 2 119
17 2 120
17 2 121
17 2 122
17 2 123
17 2 124
17 2 125
17 2 126
17 2 127
17 2 128
17 2 129
17 2 130
17 2 131
17 2 132
17 2 133
17 2 134
17 2 135
17 2 136
17 2 137
17 2 138
17 2 139
17 2 140
17 2 141
17 2 142
17 2 143
17 2 144
17 2 145
17 2 146
17 2 147
17 2 148
17 2 149
17 2 150
17 2 151
17 2 152
17 2 153
17 2 154
17 2 155
17 2 156
17 2 157
17 2 158
17 2 159
17 2 160
17 2 161
17 2 162
17 2 163
17 2 164
17 2 165
17 2 166
17 2 167
17 2 168
17 2 169
17 2 170
17 2 171
17 2 172
17 2 173
17 2 174
17 2 175
17 2 176
17 2 177
17 2 178
17 2 179
17 2 180
17 2 181
17 2 182
17 2 183
17 2 184
17 2 185
17 2 186
17 2 187
17 2 188
17 2 189
17 2 190
17 2 191
17 2 192
17 2 193
17 2 194
17 2 195
17 2 196
17 2 197
17 2 198
17 2 199
17 2 200
17 2 201
17 2 202
17 2 203
17 2 204
17 2 205
17 2 206
17 2 207
17 2 208
17 2 209
17 2 210
17 2 211
17 2 212
17 2 213
17 2 214
17 2 215
17 2 216
17 2 217
17 2 218
17 2 219
17 2 220
17 2 221
17 2 222
17 2 223
17 2 224
17 2 225
17 2 226
17 2 227
17 2 228
17 2 229
17 2 230
17 2 231
17 2 232
17 2 233
17 2 234
17 2 235
17 2 236
17 2 237
17 2 238
17 2 239
17 2 240
17 2 241
17 2 242
17 2 243
17 2 244
17 2 245
