3 17 1
3 17 2
3 17 3
3 17 4
3 17 5
3 17 6
3 17 7
3 17 8
3 17 9
3 17 10
3 17 11
3 17 12
3 17 13
3 17 14
3 17 15
3 17 16
3 17 17
3 17 18
3 17 19
3 17 20
3 17 21
3 17 22
3 17 23
3 17 24
3 17 25
3 17 26
3 17 27
3 17 28
3 17 29
3 17 30
3 17 31
3 17 32
3 17 33
3 17 34
3 17 35
3 17 36
3 17 37
3 17 38
3 17 39
3 17 40
3 17 41
3 17 42
3 17 43
3 17 44
3 17 45
3 17 46
3 17 47
3 17 48
3 17 49
3 17 50
3 17 51
3 17 52
3 17 53
3 17 54
3 17 55
3 17 56
3 17 57
3 17 58
3 17 59
3 17 60
3 17 61
3 17 62
3 17 63
3 17 64
3 17 65
3 17 66
3 17 67
3 17 68
3 17 69
3 17 70
3 17 71
3 17 72
3 17 73
3 17 74
3 17 75
3 17 76
3 17 77
3 17 78
3 17 79
3 17 80
3 17 81
3 17 82
3 17 83
3 17 84
3 17 85
3 17 86
3 17 87
3 17 88
3 17 89
3 17 90
3 17 91
3 17 92
3 17 93
3 17 94
3 17 95
3 17 96
3 17 97
3 17 98
3 17 99
3 17 100
3 17 101
3 17 102
3 17 103
3 17 104
3 17 105
3 17 106
3 17 107
3 17 108
3 17 109
3 17 110
3 17 111
3 17 112
3 17 113
3 17 114
3 17 115
3 17 116
3 17 117
3 17 118
3 17 119
3 17 120
3 17 121
3 17 122
3 17 123
3 17 124
3 17 125
3 17 126
3 17 127
3 17 128
3 17 129
3 17 130
3 17 131
3 17 132
3 17 133
3 17 134
3 17 135
3 17 136
3 17 137
3 17 138
3 17 139
3 17 140
3 17 141
3 17 142
3 17 143
3 17 144
3 17 145
3 17 146
3 17 147
3 17 148
3 17 149
3 17 150
3 17 151
3 17 152
3 17 153
3 17 154
3 17 155
3 17 156
3 17 157
3 17 158
3 17 159
3 17 160
3 17 161
3 17 162
3 17 163
3 17 164
3 17 165
3 17 166
3 17 167
3 17 168
3 17 169
3 17 170
3 17 171
3 17 172
3 17 173
3 17 174
3 17 175
3 17 176
3 17 177
3 17 178
3 17 179
3 17 180
3 17 181
3 17 182
3 17 183
3 17 184
3 17 185
3 17 186
3 17 187
3 17 188
3 17 189
3 17 190
3 17 191
3 17 192
3 17 193
3 17 194
3 17 195
3 17 196
3 17 197
3 17 198
3 17 199
3 17 200
3 17 201
3 17 202
3 17 203
3 17 204
3 17 205
3 17 206
3 17 207
3 17 208
3 17 209
3 17 210
3 17 211
3 17 212
3 17 213
3 17 214
3 17 215
3 17 216
3 17 217
3 17 218
3 17 219
3 17 220
3 17 221
3 17 222
3 17 223
3 17 224
3 17 225
3 17 226
3 17 227
3 17 228
3 17 229
3 17 230
3 17 231
3 17 232
3 17 233
3 17 234
3 17 235
3 17 236
3 17 237
3 17 238
3 17 239
3 17 240
3 17 241
3 17 242
3 17 243
3 17 244
3 17 245
