12 17 1
12 17 2
12 17 3
12 17 4
12 17 5
12 17 6
12 17 7
12 17 8
12 17 9
12 17 10
12 17 11
12 17 12
12 17 13
12 17 14
12 17 15
12 17 16
12 17 17
12 17 18
12 17 19
12 17 20
12 17 21
12 17 22
12 17 23
12 17 24
12 17 25
12 17 26
12 17 27
12 17 28
12 17 29
12 17 30
12 17 31
12 17 32
12 17 33
12 17 34
12 17 35
12 17 36
12 17 37
12 17 38
12 17 39
12 17 40
12 17 41
12 17 42
12 17 43
12 17 44
12 17 45
12 17 46
12 17 47
12 17 48
12 17 49
12 17 50
12 17 51
12 17 52
12 17 53
12 17 54
12 17 55
12 17 56
12 17 57
12 17 58
12 17 59
12 17 60
12 17 61
12 17 62
12 17 63
12 17 64
12 17 65
12 17 66
12 17 67
12 17 68
12 17 69
12 17 70
12 17 71
12 17 72
12 17 73
12 17 74
12 17 75
12 17 76
12 17 77
12 17 78
12 17 79
12 17 80
12 17 81
12 17 82
12 17 83
12 17 84
12 17 85
12 17 86
12 17 87
12 17 88
12 17 89
12 17 90
12 17 91
12 17 92
12 17 93
12 17 94
12 17 95
12 17 96
12 17 97
12 17 98
12 17 99
12 17 100
12 17 101
12 17 102
12 17 103
12 17 104
12 17 105
12 17 106
12 17 107
12 17 108
12 17 109
12 17 110
12 17 111
12 17 112
12 17 113
12 17 114
12 17 115
12 17 116
12 17 117
12 17 118
12 17 119
12 17 120
12 17 121
12 17 122
12 17 123
12 17 124
12 17 125
12 17 126
12 17 127
12 17 128
12 17 129
12 17 130
12 17 131
12 17 132
12 17 133
12 17 134
12 17 135
12 17 136
12 17 137
12 17 138
12 17 139
12 17 140
12 17 141
12 17 142
12 17 143
12 17 144
12 17 145
12 17 146
12 17 147
12 17 148
12 17 149
12 17 150
12 17 151
12 17 152
12 17 153
12 17 154
12 17 155
12 17 156
12 17 157
12 17 158
12 17 159
12 17 160
12 17 161
12 17 162
12 17 163
12 17 164
12 17 165
12 17 166
12 17 167
12 17 168
12 17 169
12 17 170
12 17 171
12 17 172
12 17 173
12 17 174
12 17 175
12 17 176
12 17 177
12 17 178
12 17 179
12 17 180
12 17 181
12 17 182
12 17 183
12 17 184
12 17 185
12 17 186
12 17 187
12 17 188
12 17 189
12 17 190
12 17 191
12 17 192
12 17 193
12 17 194
12 17 195
12 17 196
12 17 197
12 17 198
12 17 199
12 17 200
12 17 201
12 17 202
12 17 203
12 17 204
12 17 205
12 17 206
12 17 207
12 17 208
12 17 209
12 17 210
12 17 211
12 17 212
12 17 213
12 17 214
12 17 215
12 17 216
12 17 217
12 17 218
12 17 219
12 17 220
12 17 221
12 17 222
12 17 223
12 17 224
12 17 225
12 17 226
12 17 227
12 17 228
12 17 229
12 17 230
12 17 231
12 17 232
12 17 233
12 17 234
12 17 235
12 17 236
12 17 237
12 17 238
12 17 239
12 17 240
12 17 241
12 17 242
12 17 243
12 17 244
12 17 245
