17 3 1
17 3 2
17 3 3
17 3 4
17 3 5
17 3 6
17 3 7
17 3 8
17 3 9
17 3 10
17 3 11
17 3 12
17 3 13
17 3 14
17 3 15
17 3 16
17 3 17
17 3 18
17 3 19
17 3 20
17 3 21
17 3 22
17 3 23
17 3 24
17 3 25
17 3 26
17 3 27
17 3 28
17 3 29
17 3 30
17 3 31
17 3 32
17 3 33
17 3 34
17 3 35
17 3 36
17 3 37
17 3 38
17 3 39
17 3 40
17 3 41
17 3 42
17 3 43
17 3 44
17 3 45
17 3 46
17 3 47
17 3 48
17 3 49
17 3 50
17 3 51
17 3 52
17 3 53
17 3 54
17 3 55
17 3 56
17 3 57
17 3 58
17 3 59
17 3 60
17 3 61
17 3 62
17 3 63
17 3 64
17 3 65
17 3 66
17 3 67
17 3 68
17 3 69
17 3 70
17 3 71
17 3 72
17 3 73
17 3 74
17 3 75
17 3 76
17 3 77
17 3 78
17 3 79
17 3 80
17 3 81
17 3 82
17 3 83
17 3 84
17 3 85
17 3 86
17 3 87
17 3 88
17 3 89
17 3 90
17 3 91
17 3 92
17 3 93
17 3 94
17 3 95
17 3 96
17 3 97
17 3 98
17 3 99
17 3 100
17 3 101
17 3 102
17 3 103
17 3 104
17 3 105
17 3 106
17 3 107
17 3 108
17 3 109
17 3 110
17 3 111
17 3 112
17 3 113
17 3 114
17 3 115
17 3 116
17 3 117
17 3 118
17 3 119
17 3 120
17 3 121
17 3 122
17 3 123
17 3 124
17 3 125
17 3 126
17 3 127
17 3 128
17 3 129
17 3 130
17 3 131
17 3 132
17 3 133
17 3 134
17 3 135
17 3 136
17 3 137
17 3 138
17 3 139
17 3 140
17 3 141
17 3 142
17 3 143
17 3 144
17 3 145
17 3 146
17 3 147
17 3 148
17 3 149
17 3 150
17 3 151
17 3 152
17 3 153
17 3 154
17 3 155
17 3 156
17 3 157
17 3 158
17 3 159
17 3 160
17 3 161
17 3 162
17 3 163
17 3 164
17 3 165
17 3 166
17 3 167
17 3 168
17 3 169
17 3 170
17 3 171
17 3 172
17 3 173
17 3 174
17 3 175
17 3 176
17 3 177
17 3 178
17 3 179
17 3 180
17 3 181
17 3 182
17 3 183
17 3 184
17 3 185
17 3 186
17 3 187
17 3 188
17 3 189
17 3 190
17 3 191
17 3 192
17 3 193
17 3 194
17 3 195
17 3 196
17 3 197
17 3 198
17 3 199
17 3 200
17 3 201
17 3 202
17 3 203
17 3 204
17 3 205
17 3 206
17 3 207
17 3 208
17 3 209
17 3 210
17 3 211
17 3 212
17 3 213
17 3 214
17 3 215
17 3 216
17 3 217
17 3 218
17 3 219
17 3 220
17 3 221
17 3 222
17 3 223
17 3 224
17 3 225
17 3 226
17 3 227
17 3 228
17 3 229
17 3 230
17 3 231
17 3 232
17 3 233
17 3 234
17 3 235
17 3 236
17 3 237
17 3 238
17 3 239
17 3 240
17 3 241
17 3 242
17 3 243
17 3 244
17 3 245
