10 17 1
10 17 2
10 17 3
10 17 4
10 17 5
10 17 6
10 17 7
10 17 8
10 17 9
10 17 10
10 17 11
10 17 12
10 17 13
10 17 14
10 17 15
10 17 16
10 17 17
10 17 18
10 17 19
10 17 20
10 17 21
10 17 22
10 17 23
10 17 24
10 17 25
10 17 26
10 17 27
10 17 28
10 17 29
10 17 30
10 17 31
10 17 32
10 17 33
10 17 34
10 17 35
10 17 36
10 17 37
10 17 38
10 17 39
10 17 40
10 17 41
10 17 42
10 17 43
10 17 44
10 17 45
10 17 46
10 17 47
10 17 48
10 17 49
10 17 50
10 17 51
10 17 52
10 17 53
10 17 54
10 17 55
10 17 56
10 17 57
10 17 58
10 17 59
10 17 60
10 17 61
10 17 62
10 17 63
10 17 64
10 17 65
10 17 66
10 17 67
10 17 68
10 17 69
10 17 70
10 17 71
10 17 72
10 17 73
10 17 74
10 17 75
10 17 76
10 17 77
10 17 78
10 17 79
10 17 80
10 17 81
10 17 82
10 17 83
10 17 84
10 17 85
10 17 86
10 17 87
10 17 88
10 17 89
10 17 90
10 17 91
10 17 92
10 17 93
10 17 94
10 17 95
10 17 96
10 17 97
10 17 98
10 17 99
10 17 100
10 17 101
10 17 102
10 17 103
10 17 104
10 17 105
10 17 106
10 17 107
10 17 108
10 17 109
10 17 110
10 17 111
10 17 112
10 17 113
10 17 114
10 17 115
10 17 116
10 17 117
10 17 118
10 17 119
10 17 120
10 17 121
10 17 122
10 17 123
10 17 124
10 17 125
10 17 126
10 17 127
10 17 128
10 17 129
10 17 130
10 17 131
10 17 132
10 17 133
10 17 134
10 17 135
10 17 136
10 17 137
10 17 138
10 17 139
10 17 140
10 17 141
10 17 142
10 17 143
10 17 144
10 17 145
10 17 146
10 17 147
10 17 148
10 17 149
10 17 150
10 17 151
10 17 152
10 17 153
10 17 154
10 17 155
10 17 156
10 17 157
10 17 158
10 17 159
10 17 160
10 17 161
10 17 162
10 17 163
10 17 164
10 17 165
10 17 166
10 17 167
10 17 168
10 17 169
10 17 170
10 17 171
10 17 172
10 17 173
10 17 174
10 17 175
10 17 176
10 17 177
10 17 178
10 17 179
10 17 180
10 17 181
10 17 182
10 17 183
10 17 184
10 17 185
10 17 186
10 17 187
10 17 188
10 17 189
10 17 190
10 17 191
10 17 192
10 17 193
10 17 194
10 17 195
10 17 196
10 17 197
10 17 198
10 17 199
10 17 200
10 17 201
10 17 202
10 17 203
10 17 204
10 17 205
10 17 206
10 17 207
10 17 208
10 17 209
10 17 210
10 17 211
10 17 212
10 17 213
10 17 214
10 17 215
10 17 216
10 17 217
10 17 218
10 17 219
10 17 220
10 17 221
10 17 222
10 17 223
10 17 224
10 17 225
10 17 226
10 17 227
10 17 228
10 17 229
10 17 230
10 17 231
10 17 232
10 17 233
10 17 234
10 17 235
10 17 236
10 17 237
10 17 238
10 17 239
10 17 240
10 17 241
10 17 242
10 17 243
10 17 244
10 17 245
