14 6 1
14 6 2
14 6 3
14 6 4
14 6 5
14 6 6
14 6 7
14 6 8
14 6 9
14 6 10
14 6 11
14 6 12
14 6 13
14 6 14
14 6 15
14 6 16
14 6 17
14 6 18
14 6 19
14 6 20
14 6 21
14 6 22
14 6 23
14 6 24
14 6 25
14 6 26
14 6 27
14 6 28
14 6 29
14 6 30
14 6 31
14 6 32
14 6 33
14 6 34
14 6 35
14 6 36
14 6 37
14 6 38
14 6 39
14 6 40
14 6 41
14 6 42
14 6 43
14 6 44
14 6 45
14 6 46
14 6 47
14 6 48
14 6 49
14 6 50
14 6 51
14 6 52
14 6 53
14 6 54
14 6 55
14 6 56
14 6 57
14 6 58
14 6 59
14 6 60
14 6 61
14 6 62
14 6 63
14 6 64
14 6 65
14 6 66
14 6 67
14 6 68
14 6 69
14 6 70
14 6 71
14 6 72
14 6 73
14 6 74
14 6 75
14 6 76
14 6 77
14 6 78
14 6 79
14 6 80
14 6 81
14 6 82
14 6 83
14 6 84
14 6 85
14 6 86
14 6 87
14 6 88
14 6 89
14 6 90
14 6 91
14 6 92
14 6 93
14 6 94
14 6 95
14 6 96
14 6 97
14 6 98
14 6 99
14 6 100
14 6 101
14 6 102
14 6 103
14 6 104
14 6 105
14 6 106
14 6 107
14 6 108
14 6 109
14 6 110
14 6 111
14 6 112
14 6 113
14 6 114
14 6 115
14 6 116
14 6 117
14 6 118
14 6 119
14 6 120
14 6 121
14 6 122
14 6 123
14 6 124
14 6 125
14 6 126
14 6 127
14 6 128
14 6 129
14 6 130
14 6 131
14 6 132
14 6 133
14 6 134
14 6 135
14 6 136
14 6 137
14 6 138
14 6 139
14 6 140
14 6 141
14 6 142
14 6 143
14 6 144
14 6 145
14 6 146
14 6 147
14 6 148
14 6 149
14 6 150
14 6 151
14 6 152
14 6 153
14 6 154
14 6 155
14 6 156
14 6 157
14 6 158
14 6 159
14 6 160
14 6 161
14 6 162
14 6 163
14 6 164
14 6 165
14 6 166
14 6 167
14 6 168
14 6 169
14 6 170
14 6 171
14 6 172
14 6 173
14 6 174
14 6 175
14 6 176
14 6 177
14 6 178
14 6 179
14 6 180
14 6 181
14 6 182
14 6 183
14 6 184
14 6 185
14 6 186
14 6 187
14 6 188
14 6 189
14 6 190
14 6 191
14 6 192
14 6 193
14 6 194
14 6 195
14 6 196
14 6 197
14 6 198
14 6 199
14 6 200
14 6 201
14 6 202
14 6 203
14 6 204
14 6 205
14 6 206
14 6 207
14 6 208
14 6 209
14 6 210
14 6 211
14 6 212
14 6 213
14 6 214
14 6 215
14 6 216
14 6 217
14 6 218
14 6 219
14 6 220
14 6 221
14 6 222
14 6 223
14 6 224
14 6 225
14 6 226
14 6 227
14 6 228
14 6 229
14 6 230
14 6 231
14 6 232
14 6 233
14 6 234
14 6 235
14 6 236
14 6 237
14 6 238
14 6 239
14 6 240
14 6 241
14 6 242
14 6 243
14 6 244
14 6 245
