7 17 1
7 17 2
7 17 3
7 17 4
7 17 5
7 17 6
7 17 7
7 17 8
7 17 9
7 17 10
7 17 11
7 17 12
7 17 13
7 17 14
7 17 15
7 17 16
7 17 17
7 17 18
7 17 19
7 17 20
7 17 21
7 17 22
7 17 23
7 17 24
7 17 25
7 17 26
7 17 27
7 17 28
7 17 29
7 17 30
7 17 31
7 17 32
7 17 33
7 17 34
7 17 35
7 17 36
7 17 37
7 17 38
7 17 39
7 17 40
7 17 41
7 17 42
7 17 43
7 17 44
7 17 45
7 17 46
7 17 47
7 17 48
7 17 49
7 17 50
7 17 51
7 17 52
7 17 53
7 17 54
7 17 55
7 17 56
7 17 57
7 17 58
7 17 59
7 17 60
7 17 61
7 17 62
7 17 63
7 17 64
7 17 65
7 17 66
7 17 67
7 17 68
7 17 69
7 17 70
7 17 71
7 17 72
7 17 73
7 17 74
7 17 75
7 17 76
7 17 77
7 17 78
7 17 79
7 17 80
7 17 81
7 17 82
7 17 83
7 17 84
7 17 85
7 17 86
7 17 87
7 17 88
7 17 89
7 17 90
7 17 91
7 17 92
7 17 93
7 17 94
7 17 95
7 17 96
7 17 97
7 17 98
7 17 99
7 17 100
7 17 101
7 17 102
7 17 103
7 17 104
7 17 105
7 17 106
7 17 107
7 17 108
7 17 109
7 17 110
7 17 111
7 17 112
7 17 113
7 17 114
7 17 115
7 17 116
7 17 117
7 17 118
7 17 119
7 17 120
7 17 121
7 17 122
7 17 123
7 17 124
7 17 125
7 17 126
7 17 127
7 17 128
7 17 129
7 17 130
7 17 131
7 17 132
7 17 133
7 17 134
7 17 135
7 17 136
7 17 137
7 17 138
7 17 139
7 17 140
7 17 141
7 17 142
7 17 143
7 17 144
7 17 145
7 17 146
7 17 147
7 17 148
7 17 149
7 17 150
7 17 151
7 17 152
7 17 153
7 17 154
7 17 155
7 17 156
7 17 157
7 17 158
7 17 159
7 17 160
7 17 161
7 17 162
7 17 163
7 17 164
7 17 165
7 17 166
7 17 167
7 17 168
7 17 169
7 17 170
7 17 171
7 17 172
7 17 173
7 17 174
7 17 175
7 17 176
7 17 177
7 17 178
7 17 179
7 17 180
7 17 181
7 17 182
7 17 183
7 17 184
7 17 185
7 17 186
7 17 187
7 17 188
7 17 189
7 17 190
7 17 191
7 17 192
7 17 193
7 17 194
7 17 195
7 17 196
7 17 197
7 17 198
7 17 199
7 17 200
7 17 201
7 17 202
7 17 203
7 17 204
7 17 205
7 17 206
7 17 207
7 17 208
7 17 209
7 17 210
7 17 211
7 17 212
7 17 213
7 17 214
7 17 215
7 17 216
7 17 217
7 17 218
7 17 219
7 17 220
7 17 221
7 17 222
7 17 223
7 17 224
7 17 225
7 17 226
7 17 227
7 17 228
7 17 229
7 17 230
7 17 231
7 17 232
7 17 233
7 17 234
7 17 235
7 17 236
7 17 237
7 17 238
7 17 239
7 17 240
7 17 241
7 17 242
7 17 243
7 17 244
7 17 245
