3 8 1
4 8 1
5 8 1
6 8 1
7 8 1
3 9 2
4 9 2
5 9 2
6 9 2
7 9 2
8 9 2
3 10 3
4 10 3
5 10 3
6 10 3
7 10 3
8 10 3
3 11 4
4 11 4
5 11 4
6 11 4
7 11 4
8 11 4
3 12 5
4 12 5
5 12 5
6 12 5
7 12 5
8 12 5
3 8 6
4 8 6
5 8 6
6 8 6
7 8 6
3 9 7
4 9 7
5 9 7
6 9 7
7 9 7
8 9 7
3 10 8
4 10 8
5 10 8
6 10 8
7 10 8
8 10 8
3 11 9
4 11 9
5 11 9
6 11 9
7 11 9
8 11 9
3 12 10
4 12 10
5 12 10
6 12 10
7 12 10
8 12 10
3 8 11
4 8 11
5 8 11
6 8 11
7 8 11
3 9 12
4 9 12
5 9 12
6 9 12
7 9 12
8 9 12
3 10 13
4 10 13
5 10 13
6 10 13
7 10 13
8 10 13
3 11 14
4 11 14
5 11 14
6 11 14
7 11 14
8 11 14
3 12 15
4 12 15
5 12 15
6 12 15
7 12 15
8 12 15
3 8 16
4 8 16
5 8 16
6 8 16
7 8 16
3 9 17
4 9 17
5 9 17
6 9 17
7 9 17
8 9 17
3 10 18
4 10 18
5 10 18
6 10 18
7 10 18
8 10 18
3 11 19
4 11 19
5 11 19
6 11 19
7 11 19
8 11 19
3 12 20
4 12 20
5 12 20
6 12 20
7 12 20
8 12 20
3 8 21
4 8 21
5 8 21
6 8 21
7 8 21
3 9 22
4 9 22
5 9 22
6 9 22
7 9 22
8 9 22
3 10 23
4 10 23
5 10 23
6 10 23
7 10 23
8 10 23
3 11 24
4 11 24
5 11 24
6 11 24
7 11 24
8 11 24
3 12 25
4 12 25
5 12 25
6 12 25
7 12 25
8 12 25
3 8 26
4 8 26
5 8 26
6 8 26
7 8 26
3 9 27
4 9 27
5 9 27
6 9 27
7 9 27
8 9 27
3 10 28
4 10 28
5 10 28
6 10 28
7 10 28
8 10 28
3 11 29
4 11 29
5 11 29
6 11 29
7 11 29
8 11 29
3 12 30
4 12 30
5 12 30
6 12 30
7 12 30
8 12 30
3 8 31
4 8 31
5 8 31
6 8 31
7 8 31
3 9 32
4 9 32
5 9 32
6 9 32
7 9 32
8 9 32
3 10 33
4 10 33
5 10 33
6 10 33
7 10 33
8 10 33
3 11 34
4 11 34
5 11 34
6 11 34
7 11 34
8 11 34
3 12 35
4 12 35
5 12 35
6 12 35
7 12 35
8 12 35
3 8 36
4 8 36
5 8 36
6 8 36
7 8 36
3 9 37
4 9 37
5 9 37
6 9 37
7 9 37
8 9 37
3 10 38
4 10 38
5 10 38
6 10 38
7 10 38
8 10 38
3 11 39
4 11 39
5 11 39
6 11 39
7 11 39
8 11 39
3 12 40
4 12 40
5 12 40
6 12 40
7 12 40
8 12 40
3 8 41
4 8 41
5 8 41
6 8 41
7 8 41
3 9 42
4 9 42
5 9 42
6 9 42
7 9 42
8 9 42
3 10 43
4 10 43
5 10 43
6 10 43
7 10 43
8 10 43
3 11 44
4 11 44
5 11 44
6 11 44
7 11 44
8 11 44
3 12 45
4 12 45
5 12 45
6 12 45
7 12 45
8 12 45
3 8 46
4 8 46
5 8 46
6 8 46
7 8 46
3 9 47
4 9 47
5 9 47
6 9 47
7 9 47
8 9 47
3 10 48
4 10 48
5 10 48
6 10 48
7 10 48
8 10 48
3 11 49
4 11 49
5 11 49
6 11 49
7 11 49
8 11 49
3 12 50
4 12 50
5 12 50
6 12 50
7 12 50
8 12 50
