0 5 1
1 5 1
2 5 1
3 5 1
4 5 1
0 6 2
1 6 2
2 6 2
3 6 2
4 6 2
0 7 3
1 7 3
2 7 3
3 7 3
4 7 3
0 8 4
1 8 4
2 8 4
3 8 4
4 8 4
0 9 5
1 9 5
2 9 5
3 9 5
4 9 5
0 10 6
1 10 6
2 10 6
3 10 6
4 10 6
0 11 7
1 11 7
2 11 7
3 11 7
4 11 7
0 12 8
1 12 8
2 12 8
3 12 8
4 12 8
0 13 9
1 13 9
2 13 9
3 13 9
4 13 9
0 14 10
1 14 10
2 14 10
3 14 10
4 14 10
0 15 11
1 15 11
2 15 11
3 15 11
4 15 11
0 16 12
1 16 12
2 16 12
3 16 12
4 16 12
0 17 13
1 17 13
2 17 13
3 17 13
4 17 13
0 18 14
1 18 14
2 18 14
3 18 14
4 18 14
0 19 15
1 19 15
2 19 15
3 19 15
4 19 15
0 20 16
1 20 16
2 20 16
3 20 16
4 20 16
0 21 17
1 21 17
2 21 17
3 21 17
4 21 17
0 22 18
1 22 18
2 22 18
3 22 18
4 22 18
0 23 19
1 23 19
2 23 19
3 23 19
4 23 19
0 24 20
1 24 20
2 24 20
3 24 20
4 24 20
0 5 21
1 5 21
2 5 21
3 5 21
4 5 21
0 6 22
1 6 22
2 6 22
3 6 22
4 6 22
0 7 23
1 7 23
2 7 23
3 7 23
4 7 23
0 8 24
1 8 24
2 8 24
3 8 24
4 8 24
0 9 25
1 9 25
2 9 25
3 9 25
4 9 25
0 10 26
1 10 26
2 10 26
3 10 26
4 10 26
0 11 27
1 11 27
2 11 27
3 11 27
4 11 27
0 12 28
1 12 28
2 12 28
3 12 28
4 12 28
0 13 29
1 13 29
2 13 29
3 13 29
4 13 29
0 14 30
1 14 30
2 14 30
3 14 30
4 14 30
0 15 31
1 15 31
2 15 31
3 15 31
4 15 31
0 16 32
1 16 32
2 16 32
3 16 32
4 16 32
0 17 33
1 17 33
2 17 33
3 17 33
4 17 33
0 18 34
1 18 34
2 18 34
3 18 34
4 18 34
0 19 35
1 19 35
2 19 35
3 19 35
4 19 35
0 20 36
1 20 36
2 20 36
3 20 36
4 20 36
0 21 37
1 21 37
2 21 37
3 21 37
4 21 37
0 22 38
1 22 38
2 22 38
3 22 38
4 22 38
0 23 39
1 23 39
2 23 39
3 23 39
4 23 39
0 24 40
1 24 40
2 24 40
3 24 40
4 24 40
0 5 41
1 5 41
2 5 41
3 5 41
4 5 41
0 6 42
1 6 42
2 6 42
3 6 42
4 6 42
0 7 43
1 7 43
2 7 43
3 7 43
4 7 43
0 8 44
1 8 44
2 8 44
3 8 44
4 8 44
0 9 45
1 9 45
2 9 45
3 9 45
4 9 45
0 10 46
1 10 46
2 10 46
3 10 46
4 10 46
0 11 47
1 11 47
2 11 47
3 11 47
4 11 47
0 12 48
1 12 48
2 12 48
3 12 48
4 12 48
0 13 49
1 13 49
2 13 49
3 13 49
4 13 49
0 14 50
1 14 50
2 14 50
3 14 50
4 14 50
0 15 51
1 15 51
2 15 51
3 15 51
4 15 51
0 16 52
1 16 52
2 16 52
3 16 52
4 16 52
0 17 53
1 17 53
2 17 53
3 17 53
4 17 53
0 18 54
1 18 54
2 18 54
3 18 54
4 18 54
0 19 55
1 19 55
2 19 55
3 19 55
4 19 55
0 20 56
1 20 56
2 20 56
3 20 56
4 20 56
0 21 57
1 21 57
2 21 57
3 21 57
4 21 57
0 22 58
1 22 58
2 22 58
3 22 58
4 22 58
0 23 59
1 23 59
2 23 59
3 23 59
4 23 59
0 24 60
1 24 60
2 24 60
3 24 60
4 24 60
0 5 61
1 5 61
2 5 61
3 5 61
4 5 61
0 6 62
1 6 62
2 6 62
3 6 62
4 6 62
0 7 63
1 7 63
2 7 63
3 7 63
4 7 63
0 8 64
1 8 64
2 8 64
3 8 64
4 8 64
0 9 65
1 9 65
2 9 65
3 9 65
4 9 65
0 10 66
1 10 66
2 10 66
3 10 66
4 10 66
0 11 67
1 11 67
2 11 67
3 11 67
4 11 67
0 12 68
1 12 68
2 12 68
3 12 68
4 12 68
0 13 69
1 13 69
2 13 69
3 13 69
4 13 69
0 14 70
1 14 70
2 14 70
3 14 70
4 14 70
0 15 71
1 15 71
2 15 71
3 15 71
4 15 71
0 16 72
1 16 72
2 16 72
3 16 72
4 16 72
0 17 73
1 17 73
2 17 73
3 17 73
4 17 73
0 18 74
1 18 74
2 18 74
3 18 74
4 18 74
0 19 75
1 19 75
2 19 75
3 19 75
4 19 75
0 20 76
1 20 76
2 20 76
3 20 76
4 20 76
0 21 77
1 21 77
2 21 77
3 21 77
4 21 77
0 22 78
1 22 78
2 22 78
3 22 78
4 22 78
0 23 79
1 23 79
2 23 79
3 23 79
4 23 79
0 24 80
1 24 80
2 24 80
3 24 80
4 24 80
0 5 81
1 5 81
2 5 81
3 5 81
4 5 81
0 6 82
1 6 82
2 6 82
3 6 82
4 6 82
0 7 83
1 7 83
2 7 83
3 7 83
4 7 83
0 8 84
1 8 84
2 8 84
3 8 84
4 8 84
0 9 85
1 9 85
2 9 85
3 9 85
4 9 85
0 10 86
1 10 86
2 10 86
3 10 86
4 10 86
0 11 87
1 11 87
2 11 87
3 11 87
4 11 87
0 12 88
1 12 88
2 12 88
3 12 88
4 12 88
0 13 89
1 13 89
2 13 89
3 13 89
4 13 89
0 14 90
1 14 90
2 14 90
3 14 90
4 14 90
0 15 91
1 15 91
2 15 91
3 15 91
4 15 91
0 16 92
1 16 92
2 16 92
3 16 92
4 16 92
0 17 93
1 17 93
2 17 93
3 17 93
4 17 93
0 18 94
1 18 94
2 18 94
3 18 94
4 18 94
0 19 95
1 19 95
2 19 95
3 19 95
4 19 95
0 20 96
1 20 96
2 20 96
3 20 96
4 20 96
0 21 97
1 21 97
2 21 97
3 21 97
4 21 97
0 22 98
1 22 98
2 22 98
3 22 98
4 22 98
0 23 99
1 23 99
2 23 99
3 23 99
4 23 99
0 24 100
1 24 100
2 24 100
3 24 100
4 24 100
0 5 101
1 5 101
2 5 101
3 5 101
4 5 101
0 6 102
1 6 102
2 6 102
3 6 102
4 6 102
0 7 103
1 7 103
2 7 103
3 7 103
4 7 103
0 8 104
1 8 104
2 8 104
3 8 104
4 8 104
0 9 105
1 9 105
2 9 105
3 9 105
4 9 105
0 10 106
1 10 106
2 10 106
3 10 106
4 10 106
0 11 107
1 11 107
2 11 107
3 11 107
4 11 107
0 12 108
1 12 108
2 12 108
3 12 108
4 12 108
0 13 109
1 13 109
2 13 109
3 13 109
4 13 109
0 14 110
1 14 110
2 14 110
3 14 110
4 14 110
0 15 111
1 15 111
2 15 111
3 15 111
4 15 111
0 16 112
1 16 112
2 16 112
3 16 112
4 16 112
0 17 113
1 17 113
2 17 113
3 17 113
4 17 113
0 18 114
1 18 114
2 18 114
3 18 114
4 18 114
0 19 115
1 19 115
2 19 115
3 19 115
4 19 115
0 20 116
1 20 116
2 20 116
3 20 116
4 20 116
0 21 117
1 21 117
2 21 117
3 21 117
4 21 117
0 22 118
1 22 118
2 22 118
3 22 118
4 22 118
0 23 119
1 23 119
2 23 119
3 23 119
4 23 119
0 24 120
1 24 120
2 24 120
3 24 120
4 24 120
0 5 121
1 5 121
2 5 121
3 5 121
4 5 121
0 6 122
1 6 122
2 6 122
3 6 122
4 6 122
0 7 123
1 7 123
2 7 123
3 7 123
4 7 123
0 8 124
1 8 124
2 8 124
3 8 124
4 8 124
0 9 125
1 9 125
2 9 125
3 9 125
4 9 125
0 10 126
1 10 126
2 10 126
3 10 126
4 10 126
0 11 127
1 11 127
2 11 127
3 11 127
4 11 127
0 12 128
1 12 128
2 12 128
3 12 128
4 12 128
0 13 129
1 13 129
2 13 129
3 13 129
4 13 129
0 14 130
1 14 130
2 14 130
3 14 130
4 14 130
0 15 131
1 15 131
2 15 131
3 15 131
4 15 131
0 16 132
1 16 132
2 16 132
3 16 132
4 16 132
0 17 133
1 17 133
2 17 133
3 17 133
4 17 133
0 18 134
1 18 134
2 18 134
3 18 134
4 18 134
0 19 135
1 19 135
2 19 135
3 19 135
4 19 135
0 20 136
1 20 136
2 20 136
3 20 136
4 20 136
0 21 137
1 21 137
2 21 137
3 21 137
4 21 137
0 22 138
1 22 138
2 22 138
3 22 138
4 22 138
0 23 139
1 23 139
2 23 139
3 23 139
4 23 139
0 24 140
1 24 140
2 24 140
3 24 140
4 24 140
0 5 141
1 5 141
2 5 141
3 5 141
4 5 141
0 6 142
1 6 142
2 6 142
3 6 142
4 6 142
0 7 143
1 7 143
2 7 143
3 7 143
4 7 143
0 8 144
1 8 144
2 8 144
3 8 144
4 8 144
0 9 145
1 9 145
2 9 145
3 9 145
4 9 145
0 10 146
1 10 146
2 10 146
3 10 146
4 10 146
0 11 147
1 11 147
2 11 147
3 11 147
4 11 147
0 12 148
1 12 148
2 12 148
3 12 148
4 12 148
0 13 149
1 13 149
2 13 149
3 13 149
4 13 149
0 14 150
1 14 150
2 14 150
3 14 150
4 14 150
0 15 151
1 15 151
2 15 151
3 15 151
4 15 151
0 16 152
1 16 152
2 16 152
3 16 152
4 16 152
0 17 153
1 17 153
2 17 153
3 17 153
4 17 153
0 18 154
1 18 154
2 18 154
3 18 154
4 18 154
0 19 155
1 19 155
2 19 155
3 19 155
4 19 155
0 20 156
1 20 156
2 20 156
3 20 156
4 20 156
0 21 157
1 21 157
2 21 157
3 21 157
4 21 157
0 22 158
1 22 158
2 22 158
3 22 158
4 22 158
0 23 159
1 23 159
2 23 159
3 23 159
4 23 159
0 24 160
1 24 160
2 24 160
3 24 160
4 24 160
0 5 161
1 5 161
2 5 161
3 5 161
4 5 161
0 6 162
1 6 162
2 6 162
3 6 162
4 6 162
0 7 163
1 7 163
2 7 163
3 7 163
4 7 163
0 8 164
1 8 164
2 8 164
3 8 164
4 8 164
0 9 165
1 9 165
2 9 165
3 9 165
4 9 165
0 10 166
1 10 166
2 10 166
3 10 166
4 10 166
0 11 167
1 11 167
2 11 167
3 11 167
4 11 167
0 12 168
1 12 168
2 12 168
3 12 168
4 12 168
0 13 169
1 13 169
2 13 169
3 13 169
4 13 169
0 14 170
1 14 170
2 14 170
3 14 170
4 14 170
0 15 171
1 15 171
2 15 171
3 15 171
4 15 171
0 16 172
1 16 172
2 16 172
3 16 172
4 16 172
0 17 173
1 17 173
2 17 173
3 17 173
4 17 173
0 18 174
1 18 174
2 18 174
3 18 174
4 18 174
0 19 175
1 19 175
2 19 175
3 19 175
4 19 175
0 20 176
1 20 176
2 20 176
3 20 176
4 20 176
0 21 177
1 21 177
2 21 177
3 21 177
4 21 177
0 22 178
1 22 178
2 22 178
3 22 178
4 22 178
0 23 179
1 23 179
2 23 179
3 23 179
4 23 179
0 24 180
1 24 180
2 24 180
3 24 180
4 24 180
0 5 181
1 5 181
2 5 181
3 5 181
4 5 181
0 6 182
1 6 182
2 6 182
3 6 182
4 6 182
0 7 183
1 7 183
2 7 183
3 7 183
4 7 183
0 8 184
1 8 184
2 8 184
3 8 184
4 8 184
0 9 185
1 9 185
2 9 185
3 9 185
4 9 185
0 10 186
1 10 186
2 10 186
3 10 186
4 10 186
0 11 187
1 11 187
2 11 187
3 11 187
4 11 187
0 12 188
1 12 188
2 12 188
3 12 188
4 12 188
0 13 189
1 13 189
2 13 189
3 13 189
4 13 189
0 14 190
1 14 190
2 14 190
3 14 190
4 14 190
0 15 191
1 15 191
2 15 191
3 15 191
4 15 191
0 16 192
1 16 192
2 16 192
3 16 192
4 16 192
0 17 193
1 17 193
2 17 193
3 17 193
4 17 193
0 18 194
1 18 194
2 18 194
3 18 194
4 18 194
0 19 195
1 19 195
2 19 195
3 19 195
4 19 195
0 20 196
1 20 196
2 20 196
3 20 196
4 20 196
0 21 197
1 21 197
2 21 197
3 21 197
4 21 197
0 22 198
1 22 198
2 22 198
3 22 198
4 22 198
0 23 199
1 23 199
2 23 199
3 23 199
4 23 199
0 24 200
1 24 200
2 24 200
3 24 200
4 24 200
0 5 201
1 5 201
2 5 201
3 5 201
4 5 201
0 6 202
1 6 202
2 6 202
3 6 202
4 6 202
0 7 203
1 7 203
2 7 203
3 7 203
4 7 203
0 8 204
1 8 204
2 8 204
3 8 204
4 8 204
0 9 205
1 9 205
2 9 205
3 9 205
4 9 205
0 10 206
1 10 206
2 10 206
3 10 206
4 10 206
0 11 207
1 11 207
2 11 207
3 11 207
4 11 207
0 12 208
1 12 208
2 12 208
3 12 208
4 12 208
0 13 209
1 13 209
2 13 209
3 13 209
4 13 209
0 14 210
1 14 210
2 14 210
3 14 210
4 14 210
0 15 211
1 15 211
2 15 211
3 15 211
4 15 211
0 16 212
1 16 212
2 16 212
3 16 212
4 16 212
0 17 213
1 17 213
2 17 213
3 17 213
4 17 213
0 18 214
1 18 214
2 18 214
3 18 214
4 18 214
0 19 215
1 19 215
2 19 215
3 19 215
4 19 215
0 20 216
1 20 216
2 20 216
3 20 216
4 20 216
0 21 217
1 21 217
2 21 217
3 21 217
4 21 217
0 22 218
1 22 218
2 22 218
3 22 218
4 22 218
0 23 219
1 23 219
2 23 219
3 23 219
4 23 219
0 24 220
1 24 220
2 24 220
3 24 220
4 24 220
0 5 221
1 5 221
2 5 221
3 5 221
4 5 221
0 6 222
1 6 222
2 6 222
3 6 222
4 6 222
0 7 223
1 7 223
2 7 223
3 7 223
4 7 223
0 8 224
1 8 224
2 8 224
3 8 224
4 8 224
0 9 225
1 9 225
2 9 225
3 9 225
4 9 225
0 10 226
1 10 226
2 10 226
3 10 226
4 10 226
0 11 227
1 11 227
2 11 227
3 11 227
4 11 227
0 12 228
1 12 228
2 12 228
3 12 228
4 12 228
0 13 229
1 13 229
2 13 229
3 13 229
4 13 229
0 14 230
1 14 230
2 14 230
3 14 230
4 14 230
0 15 231
1 15 231
2 15 231
3 15 231
4 15 231
0 16 232
1 16 232
2 16 232
3 16 232
4 16 232
0 17 233
1 17 233
2 17 233
3 17 233
4 17 233
0 18 234
1 18 234
2 18 234
3 18 234
4 18 234
0 19 235
1 19 235
2 19 235
3 19 235
4 19 235
0 20 236
1 20 236
2 20 236
3 20 236
4 20 236
0 21 237
1 21 237
2 21 237
3 21 237
4 21 237
0 22 238
1 22 238
2 22 238
3 22 238
4 22 238
0 23 239
1 23 239
2 23 239
3 23 239
4 23 239
0 24 240
1 24 240
2 24 240
3 24 240
4 24 240
0 5 241
1 5 241
2 5 241
3 5 241
4 5 241
0 6 242
1 6 242
2 6 242
3 6 242
4 6 242
0 7 243
1 7 243
2 7 243
3 7 243
4 7 243
0 8 244
1 8 244
2 8 244
3 8 244
4 8 244
0 9 245
1 9 245
2 9 245
3 9 245
4 9 245
0 10 246
1 10 246
2 10 246
3 10 246
4 10 246
0 11 247
1 11 247
2 11 247
3 11 247
4 11 247
0 12 248
1 12 248
2 12 248
3 12 248
4 12 248
0 13 249
1 13 249
2 13 249
3 13 249
4 13 249
0 14 250
1 14 250
2 14 250
3 14 250
4 14 250
0 15 251
1 15 251
2 15 251
3 15 251
4 15 251
0 16 252
1 16 252
2 16 252
3 16 252
4 16 252
0 17 253
1 17 253
2 17 253
3 17 253
4 17 253
0 18 254
1 18 254
2 18 254
3 18 254
4 18 254
0 19 255
1 19 255
2 19 255
3 19 255
4 19 255
0 20 256
1 20 256
2 20 256
3 20 256
4 20 256
0 21 257
1 21 257
2 21 257
3 21 257
4 21 257
0 22 258
1 22 258
2 22 258
3 22 258
4 22 258
0 23 259
1 23 259
2 23 259
3 23 259
4 23 259
0 24 260
1 24 260
2 24 260
3 24 260
4 24 260
0 5 261
1 5 261
2 5 261
3 5 261
4 5 261
0 6 262
1 6 262
2 6 262
3 6 262
4 6 262
0 7 263
1 7 263
2 7 263
3 7 263
4 7 263
0 8 264
1 8 264
2 8 264
3 8 264
4 8 264
0 9 265
1 9 265
2 9 265
3 9 265
4 9 265
0 10 266
1 10 266
2 10 266
3 10 266
4 10 266
0 11 267
1 11 267
2 11 267
3 11 267
4 11 267
0 12 268
1 12 268
2 12 268
3 12 268
4 12 268
0 13 269
1 13 269
2 13 269
3 13 269
4 13 269
0 14 270
1 14 270
2 14 270
3 14 270
4 14 270
0 15 271
1 15 271
2 15 271
3 15 271
4 15 271
0 16 272
1 16 272
2 16 272
3 16 272
4 16 272
0 17 273
1 17 273
2 17 273
3 17 273
4 17 273
0 18 274
1 18 274
2 18 274
3 18 274
4 18 274
0 19 275
1 19 275
2 19 275
3 19 275
4 19 275
0 20 276
1 20 276
2 20 276
3 20 276
4 20 276
0 21 277
1 21 277
2 21 277
3 21 277
4 21 277
0 22 278
1 22 278
2 22 278
3 22 278
4 22 278
0 23 279
1 23 279
2 23 279
3 23 279
4 23 279
0 24 280
1 24 280
2 24 280
3 24 280
4 24 280
0 5 281
1 5 281
2 5 281
3 5 281
4 5 281
0 6 282
1 6 282
2 6 282
3 6 282
4 6 282
0 7 283
1 7 283
2 7 283
3 7 283
4 7 283
0 8 284
1 8 284
2 8 284
3 8 284
4 8 284
0 9 285
1 9 285
2 9 285
3 9 285
4 9 285
0 10 286
1 10 286
2 10 286
3 10 286
4 10 286
0 11 287
1 11 287
2 11 287
3 11 287
4 11 287
0 12 288
1 12 288
2 12 288
3 12 288
4 12 288
0 13 289
1 13 289
2 13 289
3 13 289
4 13 289
0 14 290
1 14 290
2 14 290
3 14 290
4 14 290
0 15 291
1 15 291
2 15 291
3 15 291
4 15 291
0 16 292
1 16 292
2 16 292
3 16 292
4 16 292
0 17 293
1 17 293
2 17 293
3 17 293
4 17 293
0 18 294
1 18 294
2 18 294
3 18 294
4 18 294
0 19 295
1 19 295
2 19 295
3 19 295
4 19 295
0 20 296
1 20 296
2 20 296
3 20 296
4 20 296
0 21 297
1 21 297
2 21 297
3 21 297
4 21 297
0 22 298
1 22 298
2 22 298
3 22 298
4 22 298
0 23 299
1 23 299
2 23 299
3 23 299
4 23 299
0 24 300
1 24 300
2 24 300
3 24 300
4 24 300
0 5 301
1 5 301
2 5 301
3 5 301
4 5 301
0 6 302
1 6 302
2 6 302
3 6 302
4 6 302
0 7 303
1 7 303
2 7 303
3 7 303
4 7 303
0 8 304
1 8 304
2 8 304
3 8 304
4 8 304
0 9 305
1 9 305
2 9 305
3 9 305
4 9 305
0 10 306
1 10 306
2 10 306
3 10 306
4 10 306
0 11 307
1 11 307
2 11 307
3 11 307
4 11 307
0 12 308
1 12 308
2 12 308
3 12 308
4 12 308
0 13 309
1 13 309
2 13 309
3 13 309
4 13 309
0 14 310
1 14 310
2 14 310
3 14 310
4 14 310
0 15 311
1 15 311
2 15 311
3 15 311
4 15 311
0 16 312
1 16 312
2 16 312
3 16 312
4 16 312
0 17 313
1 17 313
2 17 313
3 17 313
4 17 313
0 18 314
1 18 314
2 18 314
3 18 314
4 18 314
0 19 315
1 19 315
2 19 315
3 19 315
4 19 315
0 20 316
1 20 316
2 20 316
3 20 316
4 20 316
0 21 317
1 21 317
2 21 317
3 21 317
4 21 317
0 22 318
1 22 318
2 22 318
3 22 318
4 22 318
0 23 319
1 23 319
2 23 319
3 23 319
4 23 319
0 24 320
1 24 320
2 24 320
3 24 320
4 24 320
0 5 321
1 5 321
2 5 321
3 5 321
4 5 321
0 6 322
1 6 322
2 6 322
3 6 322
4 6 322
0 7 323
1 7 323
2 7 323
3 7 323
4 7 323
0 8 324
1 8 324
2 8 324
3 8 324
4 8 324
0 9 325
1 9 325
2 9 325
3 9 325
4 9 325
0 10 326
1 10 326
2 10 326
3 10 326
4 10 326
0 11 327
1 11 327
2 11 327
3 11 327
4 11 327
0 12 328
1 12 328
2 12 328
3 12 328
4 12 328
0 13 329
1 13 329
2 13 329
3 13 329
4 13 329
0 14 330
1 14 330
2 14 330
3 14 330
4 14 330
0 15 331
1 15 331
2 15 331
3 15 331
4 15 331
0 16 332
1 16 332
2 16 332
3 16 332
4 16 332
0 17 333
1 17 333
2 17 333
3 17 333
4 17 333
0 18 334
1 18 334
2 18 334
3 18 334
4 18 334
0 19 335
1 19 335
2 19 335
3 19 335
4 19 335
0 20 336
1 20 336
2 20 336
3 20 336
4 20 336
0 21 337
1 21 337
2 21 337
3 21 337
4 21 337
0 22 338
1 22 338
2 22 338
3 22 338
4 22 338
0 23 339
1 23 339
2 23 339
3 23 339
4 23 339
0 24 340
1 24 340
2 24 340
3 24 340
4 24 340
0 5 341
1 5 341
2 5 341
3 5 341
4 5 341
0 6 342
1 6 342
2 6 342
3 6 342
4 6 342
0 7 343
1 7 343
2 7 343
3 7 343
4 7 343
0 8 344
1 8 344
2 8 344
3 8 344
4 8 344
0 9 345
1 9 345
2 9 345
3 9 345
4 9 345
0 10 346
1 10 346
2 10 346
3 10 346
4 10 346
0 11 347
1 11 347
2 11 347
3 11 347
4 11 347
0 12 348
1 12 348
2 12 348
3 12 348
4 12 348
0 13 349
1 13 349
2 13 349
3 13 349
4 13 349
0 14 350
1 14 350
2 14 350
3 14 350
4 14 350
0 15 351
1 15 351
2 15 351
3 15 351
4 15 351
0 16 352
1 16 352
2 16 352
3 16 352
4 16 352
0 17 353
1 17 353
2 17 353
3 17 353
4 17 353
0 18 354
1 18 354
2 18 354
3 18 354
4 18 354
0 19 355
1 19 355
2 19 355
3 19 355
4 19 355
0 20 356
1 20 356
2 20 356
3 20 356
4 20 356
0 21 357
1 21 357
2 21 357
3 21 357
4 21 357
0 22 358
1 22 358
2 22 358
3 22 358
4 22 358
0 23 359
1 23 359
2 23 359
3 23 359
4 23 359
0 24 360
1 24 360
2 24 360
3 24 360
4 24 360
0 5 361
1 5 361
2 5 361
3 5 361
4 5 361
0 6 362
1 6 362
2 6 362
3 6 362
4 6 362
0 7 363
1 7 363
2 7 363
3 7 363
4 7 363
0 8 364
1 8 364
2 8 364
3 8 364
4 8 364
0 9 365
1 9 365
2 9 365
3 9 365
4 9 365
0 10 366
1 10 366
2 10 366
3 10 366
4 10 366
0 11 367
1 11 367
2 11 367
3 11 367
4 11 367
0 12 368
1 12 368
2 12 368
3 12 368
4 12 368
0 13 369
1 13 369
2 13 369
3 13 369
4 13 369
0 14 370
1 14 370
2 14 370
3 14 370
4 14 370
0 15 371
1 15 371
2 15 371
3 15 371
4 15 371
0 16 372
1 16 372
2 16 372
3 16 372
4 16 372
0 17 373
1 17 373
2 17 373
3 17 373
4 17 373
0 18 374
1 18 374
2 18 374
3 18 374
4 18 374
0 19 375
1 19 375
2 19 375
3 19 375
4 19 375
0 20 376
1 20 376
2 20 376
3 20 376
4 20 376
0 21 377
1 21 377
2 21 377
3 21 377
4 21 377
0 22 378
1 22 378
2 22 378
3 22 378
4 22 378
0 23 379
1 23 379
2 23 379
3 23 379
4 23 379
0 24 380
1 24 380
2 24 380
3 24 380
4 24 380
0 5 381
1 5 381
2 5 381
3 5 381
4 5 381
0 6 382
1 6 382
2 6 382
3 6 382
4 6 382
0 7 383
1 7 383
2 7 383
3 7 383
4 7 383
0 8 384
1 8 384
2 8 384
3 8 384
4 8 384
0 9 385
1 9 385
2 9 385
3 9 385
4 9 385
0 10 386
1 10 386
2 10 386
3 10 386
4 10 386
0 11 387
1 11 387
2 11 387
3 11 387
4 11 387
0 12 388
1 12 388
2 12 388
3 12 388
4 12 388
0 13 389
1 13 389
2 13 389
3 13 389
4 13 389
0 14 390
1 14 390
2 14 390
3 14 390
4 14 390
0 15 391
1 15 391
2 15 391
3 15 391
4 15 391
0 16 392
1 16 392
2 16 392
3 16 392
4 16 392
0 17 393
1 17 393
2 17 393
3 17 393
4 17 393
0 18 394
1 18 394
2 18 394
3 18 394
4 18 394
0 19 395
1 19 395
2 19 395
3 19 395
4 19 395
0 20 396
1 20 396
2 20 396
3 20 396
4 20 396
0 21 397
1 21 397
2 21 397
3 21 397
4 21 397
0 22 398
1 22 398
2 22 398
3 22 398
4 22 398
0 23 399
1 23 399
2 23 399
3 23 399
4 23 399
0 24 400
1 24 400
2 24 400
3 24 400
4 24 400
0 5 401
1 5 401
2 5 401
3 5 401
4 5 401
0 6 402
1 6 402
2 6 402
3 6 402
4 6 402
0 7 403
1 7 403
2 7 403
3 7 403
4 7 403
0 8 404
1 8 404
2 8 404
3 8 404
4 8 404
0 9 405
1 9 405
2 9 405
3 9 405
4 9 405
0 10 406
1 10 406
2 10 406
3 10 406
4 10 406
0 11 407
1 11 407
2 11 407
3 11 407
4 11 407
0 12 408
1 12 408
2 12 408
3 12 408
4 12 408
0 13 409
1 13 409
2 13 409
3 13 409
4 13 409
0 14 410
1 14 410
2 14 410
3 14 410
4 14 410
0 15 411
1 15 411
2 15 411
3 15 411
4 15 411
0 16 412
1 16 412
2 16 412
3 16 412
4 16 412
0 17 413
1 17 413
2 17 413
3 17 413
4 17 413
0 18 414
1 18 414
2 18 414
3 18 414
4 18 414
0 19 415
1 19 415
2 19 415
3 19 415
4 19 415
0 20 416
1 20 416
2 20 416
3 20 416
4 20 416
0 21 417
1 21 417
2 21 417
3 21 417
4 21 417
0 22 418
1 22 418
2 22 418
3 22 418
4 22 418
0 23 419
1 23 419
2 23 419
3 23 419
4 23 419
0 24 420
1 24 420
2 24 420
3 24 420
4 24 420
0 5 421
1 5 421
2 5 421
3 5 421
4 5 421
0 6 422
1 6 422
2 6 422
3 6 422
4 6 422
0 7 423
1 7 423
2 7 423
3 7 423
4 7 423
0 8 424
1 8 424
2 8 424
3 8 424
4 8 424
0 9 425
1 9 425
2 9 425
3 9 425
4 9 425
0 10 426
1 10 426
2 10 426
3 10 426
4 10 426
0 11 427
1 11 427
2 11 427
3 11 427
4 11 427
0 12 428
1 12 428
2 12 428
3 12 428
4 12 428
0 13 429
1 13 429
2 13 429
3 13 429
4 13 429
0 14 430
1 14 430
2 14 430
3 14 430
4 14 430
0 15 431
1 15 431
2 15 431
3 15 431
4 15 431
0 16 432
1 16 432
2 16 432
3 16 432
4 16 432
0 17 433
1 17 433
2 17 433
3 17 433
4 17 433
0 18 434
1 18 434
2 18 434
3 18 434
4 18 434
0 19 435
1 19 435
2 19 435
3 19 435
4 19 435
0 20 436
1 20 436
2 20 436
3 20 436
4 20 436
0 21 437
1 21 437
2 21 437
3 21 437
4 21 437
0 22 438
1 22 438
2 22 438
3 22 438
4 22 438
0 23 439
1 23 439
2 23 439
3 23 439
4 23 439
0 24 440
1 24 440
2 24 440
3 24 440
4 24 440
0 5 441
1 5 441
2 5 441
3 5 441
4 5 441
0 6 442
1 6 442
2 6 442
3 6 442
4 6 442
0 7 443
1 7 443
2 7 443
3 7 443
4 7 443
0 8 444
1 8 444
2 8 444
3 8 444
4 8 444
0 9 445
1 9 445
2 9 445
3 9 445
4 9 445
0 10 446
1 10 446
2 10 446
3 10 446
4 10 446
0 11 447
1 11 447
2 11 447
3 11 447
4 11 447
0 12 448
1 12 448
2 12 448
3 12 448
4 12 448
0 13 449
1 13 449
2 13 449
3 13 449
4 13 449
0 14 450
1 14 450
2 14 450
3 14 450
4 14 450
0 15 451
1 15 451
2 15 451
3 15 451
4 15 451
0 16 452
1 16 452
2 16 452
3 16 452
4 16 452
0 17 453
1 17 453
2 17 453
3 17 453
4 17 453
0 18 454
1 18 454
2 18 454
3 18 454
4 18 454
0 19 455
1 19 455
2 19 455
3 19 455
4 19 455
0 20 456
1 20 456
2 20 456
3 20 456
4 20 456
0 21 457
1 21 457
2 21 457
3 21 457
4 21 457
0 22 458
1 22 458
2 22 458
3 22 458
4 22 458
0 23 459
1 23 459
2 23 459
3 23 459
4 23 459
0 24 460
1 24 460
2 24 460
3 24 460
4 24 460
0 5 461
1 5 461
2 5 461
3 5 461
4 5 461
0 6 462
1 6 462
2 6 462
3 6 462
4 6 462
0 7 463
1 7 463
2 7 463
3 7 463
4 7 463
0 8 464
1 8 464
2 8 464
3 8 464
4 8 464
0 9 465
1 9 465
2 9 465
3 9 465
4 9 465
0 10 466
1 10 466
2 10 466
3 10 466
4 10 466
0 11 467
1 11 467
2 11 467
3 11 467
4 11 467
0 12 468
1 12 468
2 12 468
3 12 468
4 12 468
0 13 469
1 13 469
2 13 469
3 13 469
4 13 469
0 14 470
1 14 470
2 14 470
3 14 470
4 14 470
0 15 471
1 15 471
2 15 471
3 15 471
4 15 471
0 16 472
1 16 472
2 16 472
3 16 472
4 16 472
0 17 473
1 17 473
2 17 473
3 17 473
4 17 473
0 18 474
1 18 474
2 18 474
3 18 474
4 18 474
0 19 475
1 19 475
2 19 475
3 19 475
4 19 475
0 20 476
1 20 476
2 20 476
3 20 476
4 20 476
0 21 477
1 21 477
2 21 477
3 21 477
4 21 477
0 22 478
1 22 478
2 22 478
3 22 478
4 22 478
0 23 479
1 23 479
2 23 479
3 23 479
4 23 479
0 24 480
1 24 480
2 24 480
3 24 480
4 24 480
0 5 481
1 5 481
2 5 481
3 5 481
4 5 481
0 6 482
1 6 482
2 6 482
3 6 482
4 6 482
0 7 483
1 7 483
2 7 483
3 7 483
4 7 483
0 8 484
1 8 484
2 8 484
3 8 484
4 8 484
0 9 485
1 9 485
2 9 485
3 9 485
4 9 485
0 10 486
1 10 486
2 10 486
3 10 486
4 10 486
0 11 487
1 11 487
2 11 487
3 11 487
4 11 487
0 12 488
1 12 488
2 12 488
3 12 488
4 12 488
0 13 489
1 13 489
2 13 489
3 13 489
4 13 489
0 14 490
1 14 490
2 14 490
3 14 490
4 14 490
0 15 491
1 15 491
2 15 491
3 15 491
4 15 491
0 16 492
1 16 492
2 16 492
3 16 492
4 16 492
0 17 493
1 17 493
2 17 493
3 17 493
4 17 493
0 18 494
1 18 494
2 18 494
3 18 494
4 18 494
0 19 495
1 19 495
2 19 495
3 19 495
4 19 495
0 20 496
1 20 496
2 20 496
3 20 496
4 20 496
0 21 497
1 21 497
2 21 497
3 21 497
4 21 497
0 22 498
1 22 498
2 22 498
3 22 498
4 22 498
0 23 499
1 23 499
2 23 499
3 23 499
4 23 499
0 24 500
1 24 500
2 24 500
3 24 500
4 24 500
0 5 501
1 5 501
2 5 501
3 5 501
4 5 501
0 6 502
1 6 502
2 6 502
3 6 502
4 6 502
0 7 503
1 7 503
2 7 503
3 7 503
4 7 503
0 8 504
1 8 504
2 8 504
3 8 504
4 8 504
0 9 505
1 9 505
2 9 505
3 9 505
4 9 505
0 10 506
1 10 506
2 10 506
3 10 506
4 10 506
0 11 507
1 11 507
2 11 507
3 11 507
4 11 507
0 12 508
1 12 508
2 12 508
3 12 508
4 12 508
0 13 509
1 13 509
2 13 509
3 13 509
4 13 509
0 14 510
1 14 510
2 14 510
3 14 510
4 14 510
0 15 511
1 15 511
2 15 511
3 15 511
4 15 511
0 16 512
1 16 512
2 16 512
3 16 512
4 16 512
0 17 513
1 17 513
2 17 513
3 17 513
4 17 513
0 18 514
1 18 514
2 18 514
3 18 514
4 18 514
0 19 515
1 19 515
2 19 515
3 19 515
4 19 515
0 20 516
1 20 516
2 20 516
3 20 516
4 20 516
0 21 517
1 21 517
2 21 517
3 21 517
4 21 517
0 22 518
1 22 518
2 22 518
3 22 518
4 22 518
0 23 519
1 23 519
2 23 519
3 23 519
4 23 519
0 24 520
1 24 520
2 24 520
3 24 520
4 24 520
0 5 521
1 5 521
2 5 521
3 5 521
4 5 521
0 6 522
1 6 522
2 6 522
3 6 522
4 6 522
0 7 523
1 7 523
2 7 523
3 7 523
4 7 523
0 8 524
1 8 524
2 8 524
3 8 524
4 8 524
0 9 525
1 9 525
2 9 525
3 9 525
4 9 525
0 10 526
1 10 526
2 10 526
3 10 526
4 10 526
0 11 527
1 11 527
2 11 527
3 11 527
4 11 527
0 12 528
1 12 528
2 12 528
3 12 528
4 12 528
0 13 529
1 13 529
2 13 529
3 13 529
4 13 529
0 14 530
1 14 530
2 14 530
3 14 530
4 14 530
0 15 531
1 15 531
2 15 531
3 15 531
4 15 531
0 16 532
1 16 532
2 16 532
3 16 532
4 16 532
0 17 533
1 17 533
2 17 533
3 17 533
4 17 533
0 18 534
1 18 534
2 18 534
3 18 534
4 18 534
0 19 535
1 19 535
2 19 535
3 19 535
4 19 535
0 20 536
1 20 536
2 20 536
3 20 536
4 20 536
0 21 537
1 21 537
2 21 537
3 21 537
4 21 537
0 22 538
1 22 538
2 22 538
3 22 538
4 22 538
0 23 539
1 23 539
2 23 539
3 23 539
4 23 539
0 24 540
1 24 540
2 24 540
3 24 540
4 24 540
0 5 541
1 5 541
2 5 541
3 5 541
4 5 541
0 6 542
1 6 542
2 6 542
3 6 542
4 6 542
0 7 543
1 7 543
2 7 543
3 7 543
4 7 543
0 8 544
1 8 544
2 8 544
3 8 544
4 8 544
0 9 545
1 9 545
2 9 545
3 9 545
4 9 545
0 10 546
1 10 546
2 10 546
3 10 546
4 10 546
0 11 547
1 11 547
2 11 547
3 11 547
4 11 547
0 12 548
1 12 548
2 12 548
3 12 548
4 12 548
0 13 549
1 13 549
2 13 549
3 13 549
4 13 549
0 14 550
1 14 550
2 14 550
3 14 550
4 14 550
0 15 551
1 15 551
2 15 551
3 15 551
4 15 551
0 16 552
1 16 552
2 16 552
3 16 552
4 16 552
0 17 553
1 17 553
2 17 553
3 17 553
4 17 553
0 18 554
1 18 554
2 18 554
3 18 554
4 18 554
0 19 555
1 19 555
2 19 555
3 19 555
4 19 555
0 20 556
1 20 556
2 20 556
3 20 556
4 20 556
0 21 557
1 21 557
2 21 557
3 21 557
4 21 557
0 22 558
1 22 558
2 22 558
3 22 558
4 22 558
0 23 559
1 23 559
2 23 559
3 23 559
4 23 559
0 24 560
1 24 560
2 24 560
3 24 560
4 24 560
0 5 561
1 5 561
2 5 561
3 5 561
4 5 561
0 6 562
1 6 562
2 6 562
3 6 562
4 6 562
0 7 563
1 7 563
2 7 563
3 7 563
4 7 563
0 8 564
1 8 564
2 8 564
3 8 564
4 8 564
0 9 565
1 9 565
2 9 565
3 9 565
4 9 565
0 10 566
1 10 566
2 10 566
3 10 566
4 10 566
0 11 567
1 11 567
2 11 567
3 11 567
4 11 567
0 12 568
1 12 568
2 12 568
3 12 568
4 12 568
0 13 569
1 13 569
2 13 569
3 13 569
4 13 569
0 14 570
1 14 570
2 14 570
3 14 570
4 14 570
0 15 571
1 15 571
2 15 571
3 15 571
4 15 571
0 16 572
1 16 572
2 16 572
3 16 572
4 16 572
0 17 573
1 17 573
2 17 573
3 17 573
4 17 573
0 18 574
1 18 574
2 18 574
3 18 574
4 18 574
0 19 575
1 19 575
2 19 575
3 19 575
4 19 575
0 20 576
1 20 576
2 20 576
3 20 576
4 20 576
0 21 577
1 21 577
2 21 577
3 21 577
4 21 577
0 22 578
1 22 578
2 22 578
3 22 578
4 22 578
0 23 579
1 23 579
2 23 579
3 23 579
4 23 579
0 24 580
1 24 580
2 24 580
3 24 580
4 24 580
0 5 581
1 5 581
2 5 581
3 5 581
4 5 581
0 6 582
1 6 582
2 6 582
3 6 582
4 6 582
0 7 583
1 7 583
2 7 583
3 7 583
4 7 583
0 8 584
1 8 584
2 8 584
3 8 584
4 8 584
0 9 585
1 9 585
2 9 585
3 9 585
4 9 585
0 10 586
1 10 586
2 10 586
3 10 586
4 10 586
0 11 587
1 11 587
2 11 587
3 11 587
4 11 587
0 12 588
1 12 588
2 12 588
3 12 588
4 12 588
0 13 589
1 13 589
2 13 589
3 13 589
4 13 589
0 14 590
1 14 590
2 14 590
3 14 590
4 14 590
0 15 591
1 15 591
2 15 591
3 15 591
4 15 591
0 16 592
1 16 592
2 16 592
3 16 592
4 16 592
0 17 593
1 17 593
2 17 593
3 17 593
4 17 593
0 18 594
1 18 594
2 18 594
3 18 594
4 18 594
0 19 595
1 19 595
2 19 595
3 19 595
4 19 595
0 20 596
1 20 596
2 20 596
3 20 596
4 20 596
0 21 597
1 21 597
2 21 597
3 21 597
4 21 597
0 22 598
1 22 598
2 22 598
3 22 598
4 22 598
0 23 599
1 23 599
2 23 599
3 23 599
4 23 599
0 24 600
1 24 600
2 24 600
3 24 600
4 24 600
0 5 601
1 5 601
2 5 601
3 5 601
4 5 601
0 6 602
1 6 602
2 6 602
3 6 602
4 6 602
0 7 603
1 7 603
2 7 603
3 7 603
4 7 603
0 8 604
1 8 604
2 8 604
3 8 604
4 8 604
0 9 605
1 9 605
2 9 605
3 9 605
4 9 605
0 10 606
1 10 606
2 10 606
3 10 606
4 10 606
0 11 607
1 11 607
2 11 607
3 11 607
4 11 607
0 12 608
1 12 608
2 12 608
3 12 608
4 12 608
0 13 609
1 13 609
2 13 609
3 13 609
4 13 609
0 14 610
1 14 610
2 14 610
3 14 610
4 14 610
0 15 611
1 15 611
2 15 611
3 15 611
4 15 611
0 16 612
1 16 612
2 16 612
3 16 612
4 16 612
0 17 613
1 17 613
2 17 613
3 17 613
4 17 613
0 18 614
1 18 614
2 18 614
3 18 614
4 18 614
0 19 615
1 19 615
2 19 615
3 19 615
4 19 615
0 20 616
1 20 616
2 20 616
3 20 616
4 20 616
0 21 617
1 21 617
2 21 617
3 21 617
4 21 617
0 22 618
1 22 618
2 22 618
3 22 618
4 22 618
0 23 619
1 23 619
2 23 619
3 23 619
4 23 619
0 24 620
1 24 620
2 24 620
3 24 620
4 24 620
