10 20 1
10 20 2
10 20 3
10 20 4
10 20 5
10 20 6
10 20 7
10 20 8
10 20 9
10 20 10
10 20 11
10 20 12
10 20 13
10 20 14
10 20 15
10 20 16
10 20 17
10 20 18
10 20 19
10 20 20
10 20 21
10 20 22
10 20 23
10 20 24
10 20 25
10 20 26
10 20 27
10 20 28
10 20 29
10 20 30
10 20 31
10 20 32
10 20 33
10 20 34
10 20 35
10 20 36
10 20 37
10 20 38
10 20 39
10 20 40
10 20 41
10 20 42
10 20 43
10 20 44
10 20 45
10 20 46
10 20 47
10 20 48
10 20 49
10 20 50
10 20 51
10 20 52
10 20 53
10 20 54
10 20 55
10 20 56
10 20 57
10 20 58
10 20 59
10 20 60
10 20 61
10 20 62
10 20 63
10 20 64
10 20 65
10 20 66
10 20 67
10 20 68
10 20 69
10 20 70
10 20 71
10 20 72
10 20 73
10 20 74
10 20 75
10 20 76
10 20 77
10 20 78
10 20 79
10 20 80
10 20 81
10 20 82
10 20 83
10 20 84
10 20 85
10 20 86
10 20 87
10 20 88
10 20 89
10 20 90
10 20 91
10 20 92
10 20 93
10 20 94
10 20 95
10 20 96
10 20 97
10 20 98
10 20 99
10 20 100
10 20 101
10 20 102
10 20 103
10 20 104
10 20 105
10 20 106
10 20 107
10 20 108
10 20 109
10 20 110
10 20 111
10 20 112
10 20 113
10 20 114
10 20 115
10 20 116
10 20 117
10 20 118
10 20 119
10 20 120
10 20 121
10 20 122
10 20 123
10 20 124
10 20 125
10 20 126
10 20 127
10 20 128
10 20 129
10 20 130
10 20 131
10 20 132
10 20 133
10 20 134
10 20 135
10 20 136
10 20 137
10 20 138
10 20 139
10 20 140
10 20 141
10 20 142
10 20 143
10 20 144
10 20 145
10 20 146
10 20 147
10 20 148
10 20 149
10 20 150
10 20 151
10 20 152
10 20 153
10 20 154
10 20 155
10 20 156
10 20 157
10 20 158
10 20 159
10 20 160
10 20 161
10 20 162
10 20 163
10 20 164
10 20 165
10 20 166
10 20 167
10 20 168
10 20 169
10 20 170
10 20 171
10 20 172
10 20 173
10 20 174
10 20 175
10 20 176
10 20 177
10 20 178
10 20 179
10 20 180
10 20 181
10 20 182
10 20 183
10 20 184
10 20 185
10 20 186
10 20 187
10 20 188
10 20 189
10 20 190
10 20 191
10 20 192
10 20 193
10 20 194
10 20 195
10 20 196
10 20 197
10 20 198
10 20 199
10 20 200
10 20 201
10 20 202
10 20 203
10 20 204
10 20 205
10 20 206
10 20 207
10 20 208
10 20 209
10 20 210
10 20 211
10 20 212
10 20 213
10 20 214
10 20 215
10 20 216
10 20 217
10 20 218
10 20 219
10 20 220
10 20 221
10 20 222
10 20 223
10 20 224
10 20 225
10 20 226
10 20 227
10 20 228
10 20 229
10 20 230
10 20 231
10 20 232
10 20 233
10 20 234
10 20 235
10 20 236
10 20 237
10 20 238
10 20 239
10 20 240
10 20 241
10 20 242
10 20 243
10 20 244
10 20 245
10 20 246
10 20 247
10 20 248
10 20 249
10 20 250
10 20 251
10 20 252
10 20 253
10 20 254
10 20 255
10 20 256
10 20 257
10 20 258
10 20 259
10 20 260
10 20 261
10 20 262
10 20 263
10 20 264
10 20 265
10 20 266
10 20 267
10 20 268
10 20 269
10 20 270
10 20 271
10 20 272
10 20 273
10 20 274
10 20 275
10 20 276
10 20 277
10 20 278
10 20 279
10 20 280
10 20 281
10 20 282
10 20 283
10 20 284
10 20 285
10 20 286
10 20 287
10 20 288
10 20 289
10 20 290
10 20 291
10 20 292
10 20 293
10 20 294
10 20 295
10 20 296
10 20 297
10 20 298
10 20 299
10 20 300
10 20 301
10 20 302
10 20 303
10 20 304
10 20 305
10 20 306
10 20 307
10 20 308
10 20 309
10 20 310
10 20 311
10 20 312
10 20 313
10 20 314
10 20 315
10 20 316
10 20 317
10 20 318
10 20 319
10 20 320
10 20 321
10 20 322
10 20 323
10 20 324
10 20 325
10 20 326
10 20 327
10 20 328
10 20 329
10 20 330
10 20 331
10 20 332
10 20 333
10 20 334
10 20 335
10 20 336
10 20 337
10 20 338
10 20 339
10 20 340
10 20 341
10 20 342
10 20 343
10 20 344
10 20 345
10 20 346
10 20 347
10 20 348
10 20 349
10 20 350
10 20 351
10 20 352
10 20 353
10 20 354
10 20 355
10 20 356
10 20 357
10 20 358
10 20 359
10 20 360
10 20 361
10 20 362
10 20 363
10 20 364
10 20 365
10 20 366
10 20 367
10 20 368
10 20 369
10 20 370
10 20 371
10 20 372
10 20 373
10 20 374
10 20 375
10 20 376
10 20 377
10 20 378
10 20 379
10 20 380
10 20 381
10 20 382
10 20 383
10 20 384
10 20 385
10 20 386
10 20 387
10 20 388
10 20 389
10 20 390
10 20 391
10 20 392
10 20 393
10 20 394
10 20 395
10 20 396
10 20 397
10 20 398
10 20 399
10 20 400
10 20 401
10 20 402
10 20 403
10 20 404
10 20 405
10 20 406
10 20 407
10 20 408
10 20 409
