9 20 1
9 20 2
9 20 3
9 20 4
9 20 5
9 20 6
9 20 7
9 20 8
9 20 9
9 20 10
9 20 11
9 20 12
9 20 13
9 20 14
9 20 15
9 20 16
9 20 17
9 20 18
9 20 19
9 20 20
9 20 21
9 20 22
9 20 23
9 20 24
9 20 25
9 20 26
9 20 27
9 20 28
9 20 29
9 20 30
9 20 31
9 20 32
9 20 33
9 20 34
9 20 35
9 20 36
9 20 37
9 20 38
9 20 39
9 20 40
9 20 41
9 20 42
9 20 43
9 20 44
9 20 45
9 20 46
9 20 47
9 20 48
9 20 49
9 20 50
9 20 51
9 20 52
9 20 53
9 20 54
9 20 55
9 20 56
9 20 57
9 20 58
9 20 59
9 20 60
9 20 61
9 20 62
9 20 63
9 20 64
9 20 65
9 20 66
9 20 67
9 20 68
9 20 69
9 20 70
9 20 71
9 20 72
9 20 73
9 20 74
9 20 75
9 20 76
9 20 77
9 20 78
9 20 79
9 20 80
9 20 81
9 20 82
9 20 83
9 20 84
9 20 85
9 20 86
9 20 87
9 20 88
9 20 89
9 20 90
9 20 91
9 20 92
9 20 93
9 20 94
9 20 95
9 20 96
9 20 97
9 20 98
9 20 99
9 20 100
9 20 101
9 20 102
9 20 103
9 20 104
9 20 105
9 20 106
9 20 107
9 20 108
9 20 109
9 20 110
9 20 111
9 20 112
9 20 113
9 20 114
9 20 115
9 20 116
9 20 117
9 20 118
9 20 119
9 20 120
9 20 121
9 20 122
9 20 123
9 20 124
9 20 125
9 20 126
9 20 127
9 20 128
9 20 129
9 20 130
9 20 131
9 20 132
9 20 133
9 20 134
9 20 135
9 20 136
9 20 137
9 20 138
9 20 139
9 20 140
9 20 141
9 20 142
9 20 143
9 20 144
9 20 145
9 20 146
9 20 147
9 20 148
9 20 149
9 20 150
9 20 151
9 20 152
9 20 153
9 20 154
9 20 155
9 20 156
9 20 157
9 20 158
9 20 159
9 20 160
9 20 161
9 20 162
9 20 163
9 20 164
9 20 165
9 20 166
9 20 167
9 20 168
9 20 169
9 20 170
9 20 171
9 20 172
9 20 173
9 20 174
9 20 175
9 20 176
9 20 177
9 20 178
9 20 179
9 20 180
9 20 181
9 20 182
9 20 183
9 20 184
9 20 185
9 20 186
9 20 187
9 20 188
9 20 189
9 20 190
9 20 191
9 20 192
9 20 193
9 20 194
9 20 195
9 20 196
9 20 197
9 20 198
9 20 199
9 20 200
9 20 201
9 20 202
9 20 203
9 20 204
