18 0 1
18 0 2
18 0 3
18 0 4
18 0 5
18 0 6
18 0 7
18 0 8
18 0 9
18 0 10
18 0 11
18 0 12
18 0 13
18 0 14
18 0 15
18 0 16
18 0 17
18 0 18
18 0 19
18 0 20
18 0 21
18 0 22
18 0 23
18 0 24
18 0 25
18 0 26
18 0 27
18 0 28
18 0 29
18 0 30
18 0 31
18 0 32
18 0 33
18 0 34
18 0 35
18 0 36
18 0 37
18 0 38
18 0 39
18 0 40
18 0 41
18 0 42
18 0 43
18 0 44
18 0 45
18 0 46
18 0 47
18 0 48
18 0 49
18 0 50
18 0 51
18 0 52
18 0 53
18 0 54
18 0 55
18 0 56
18 0 57
18 0 58
18 0 59
18 0 60
18 0 61
18 0 62
18 0 63
18 0 64
18 0 65
18 0 66
18 0 67
18 0 68
18 0 69
18 0 70
18 0 71
18 0 72
18 0 73
18 0 74
18 0 75
18 0 76
18 0 77
18 0 78
18 0 79
18 0 80
18 0 81
18 0 82
18 0 83
18 0 84
18 0 85
18 0 86
18 0 87
18 0 88
18 0 89
18 0 90
18 0 91
18 0 92
18 0 93
18 0 94
18 0 95
18 0 96
18 0 97
18 0 98
18 0 99
18 0 100
18 0 101
18 0 102
18 0 103
18 0 104
18 0 105
18 0 106
18 0 107
18 0 108
18 0 109
18 0 110
18 0 111
18 0 112
18 0 113
18 0 114
18 0 115
18 0 116
18 0 117
18 0 118
18 0 119
18 0 120
18 0 121
18 0 122
18 0 123
18 0 124
18 0 125
18 0 126
18 0 127
18 0 128
18 0 129
18 0 130
18 0 131
18 0 132
18 0 133
18 0 134
18 0 135
18 0 136
18 0 137
18 0 138
18 0 139
18 0 140
18 0 141
18 0 142
18 0 143
18 0 144
18 0 145
18 0 146
18 0 147
18 0 148
18 0 149
18 0 150
18 0 151
18 0 152
18 0 153
18 0 154
18 0 155
18 0 156
18 0 157
18 0 158
18 0 159
18 0 160
18 0 161
18 0 162
18 0 163
18 0 164
18 0 165
18 0 166
18 0 167
18 0 168
18 0 169
18 0 170
18 0 171
18 0 172
18 0 173
18 0 174
18 0 175
18 0 176
18 0 177
18 0 178
18 0 179
18 0 180
18 0 181
18 0 182
18 0 183
18 0 184
18 0 185
18 0 186
18 0 187
18 0 188
18 0 189
18 0 190
18 0 191
18 0 192
18 0 193
18 0 194
18 0 195
18 0 196
18 0 197
18 0 198
18 0 199
18 0 200
18 0 201
18 0 202
18 0 203
18 0 204
18 0 205
18 0 206
18 0 207
18 0 208
18 0 209
18 0 210
18 0 211
18 0 212
18 0 213
18 0 214
18 0 215
18 0 216
18 0 217
18 0 218
18 0 219
18 0 220
18 0 221
18 0 222
18 0 223
18 0 224
18 0 225
18 0 226
18 0 227
18 0 228
18 0 229
18 0 230
18 0 231
18 0 232
18 0 233
18 0 234
18 0 235
18 0 236
18 0 237
18 0 238
18 0 239
18 0 240
18 0 241
18 0 242
18 0 243
18 0 244
18 0 245
18 0 246
18 0 247
18 0 248
18 0 249
18 0 250
18 0 251
18 0 252
18 0 253
18 0 254
18 0 255
18 0 256
18 0 257
18 0 258
18 0 259
18 0 260
18 0 261
18 0 262
18 0 263
18 0 264
18 0 265
18 0 266
18 0 267
18 0 268
18 0 269
18 0 270
18 0 271
18 0 272
18 0 273
18 0 274
18 0 275
18 0 276
18 0 277
18 0 278
18 0 279
18 0 280
18 0 281
18 0 282
18 0 283
18 0 284
18 0 285
18 0 286
18 0 287
18 0 288
18 0 289
18 0 290
18 0 291
18 0 292
18 0 293
18 0 294
18 0 295
18 0 296
18 0 297
18 0 298
18 0 299
18 0 300
18 0 301
18 0 302
18 0 303
18 0 304
18 0 305
18 0 306
18 0 307
18 0 308
18 0 309
18 0 310
18 0 311
18 0 312
18 0 313
18 0 314
18 0 315
18 0 316
18 0 317
18 0 318
18 0 319
18 0 320
18 0 321
18 0 322
18 0 323
18 0 324
18 0 325
18 0 326
18 0 327
18 0 328
18 0 329
18 0 330
18 0 331
18 0 332
18 0 333
18 0 334
18 0 335
18 0 336
18 0 337
18 0 338
18 0 339
18 0 340
18 0 341
18 0 342
18 0 343
18 0 344
18 0 345
18 0 346
18 0 347
18 0 348
18 0 349
18 0 350
18 0 351
18 0 352
18 0 353
18 0 354
18 0 355
18 0 356
18 0 357
18 0 358
18 0 359
18 0 360
18 0 361
18 0 362
18 0 363
18 0 364
18 0 365
18 0 366
18 0 367
18 0 368
18 0 369
18 0 370
18 0 371
18 0 372
18 0 373
18 0 374
18 0 375
18 0 376
18 0 377
18 0 378
18 0 379
18 0 380
18 0 381
18 0 382
18 0 383
18 0 384
18 0 385
18 0 386
18 0 387
18 0 388
18 0 389
18 0 390
18 0 391
18 0 392
18 0 393
18 0 394
18 0 395
18 0 396
18 0 397
18 0 398
18 0 399
18 0 400
18 0 401
18 0 402
18 0 403
18 0 404
18 0 405
18 0 406
18 0 407
18 0 408
18 0 409
18 0 410
18 0 411
18 0 412
18 0 413
18 0 414
18 0 415
18 0 416
18 0 417
18 0 418
18 0 419
18 0 420
18 0 421
18 0 422
18 0 423
18 0 424
18 0 425
18 0 426
18 0 427
18 0 428
18 0 429
18 0 430
18 0 431
18 0 432
18 0 433
18 0 434
18 0 435
18 0 436
18 0 437
18 0 438
18 0 439
18 0 440
18 0 441
18 0 442
18 0 443
18 0 444
18 0 445
18 0 446
18 0 447
18 0 448
18 0 449
18 0 450
18 0 451
18 0 452
18 0 453
18 0 454
18 0 455
18 0 456
18 0 457
18 0 458
18 0 459
18 0 460
18 0 461
18 0 462
18 0 463
18 0 464
18 0 465
18 0 466
18 0 467
18 0 468
18 0 469
18 0 470
18 0 471
18 0 472
18 0 473
18 0 474
18 0 475
18 0 476
18 0 477
18 0 478
18 0 479
18 0 480
18 0 481
18 0 482
18 0 483
18 0 484
18 0 485
18 0 486
18 0 487
18 0 488
18 0 489
18 0 490
18 0 491
18 0 492
18 0 493
18 0 494
18 0 495
18 0 496
18 0 497
18 0 498
18 0 499
18 0 500
18 0 501
18 0 502
18 0 503
18 0 504
18 0 505
18 0 506
18 0 507
18 0 508
18 0 509
18 0 510
18 0 511
18 0 512
18 0 513
18 0 514
18 0 515
18 0 516
18 0 517
18 0 518
18 0 519
18 0 520
18 0 521
18 0 522
18 0 523
18 0 524
18 0 525
18 0 526
18 0 527
18 0 528
18 0 529
18 0 530
18 0 531
18 0 532
18 0 533
18 0 534
18 0 535
18 0 536
18 0 537
18 0 538
18 0 539
18 0 540
18 0 541
18 0 542
18 0 543
18 0 544
18 0 545
18 0 546
18 0 547
18 0 548
18 0 549
18 0 550
18 0 551
18 0 552
18 0 553
18 0 554
18 0 555
18 0 556
18 0 557
18 0 558
18 0 559
18 0 560
18 0 561
18 0 562
18 0 563
18 0 564
18 0 565
18 0 566
18 0 567
18 0 568
18 0 569
18 0 570
18 0 571
18 0 572
18 0 573
18 0 574
18 0 575
18 0 576
18 0 577
18 0 578
18 0 579
18 0 580
18 0 581
18 0 582
18 0 583
18 0 584
18 0 585
18 0 586
18 0 587
18 0 588
18 0 589
18 0 590
18 0 591
18 0 592
18 0 593
18 0 594
18 0 595
18 0 596
18 0 597
18 0 598
18 0 599
18 0 600
18 0 601
18 0 602
18 0 603
18 0 604
18 0 605
18 0 606
18 0 607
18 0 608
18 0 609
18 0 610
18 0 611
18 0 612
18 0 613
18 0 614
18 0 615
18 0 616
18 0 617
18 0 618
18 0 619
18 0 620
18 0 621
18 0 622
18 0 623
18 0 624
18 0 625
18 0 626
18 0 627
18 0 628
18 0 629
18 0 630
18 0 631
18 0 632
18 0 633
18 0 634
18 0 635
18 0 636
18 0 637
18 0 638
18 0 639
18 0 640
18 0 641
18 0 642
18 0 643
18 0 644
18 0 645
18 0 646
18 0 647
18 0 648
18 0 649
18 0 650
18 0 651
18 0 652
18 0 653
18 0 654
18 0 655
18 0 656
18 0 657
18 0 658
18 0 659
18 0 660
18 0 661
18 0 662
18 0 663
18 0 664
18 0 665
18 0 666
18 0 667
18 0 668
18 0 669
18 0 670
18 0 671
18 0 672
18 0 673
18 0 674
18 0 675
18 0 676
18 0 677
18 0 678
18 0 679
18 0 680
18 0 681
18 0 682
18 0 683
18 0 684
18 0 685
18 0 686
18 0 687
18 0 688
18 0 689
18 0 690
18 0 691
18 0 692
18 0 693
18 0 694
18 0 695
18 0 696
18 0 697
18 0 698
18 0 699
18 0 700
18 0 701
18 0 702
18 0 703
18 0 704
18 0 705
18 0 706
18 0 707
18 0 708
18 0 709
18 0 710
18 0 711
18 0 712
18 0 713
18 0 714
18 0 715
18 0 716
18 0 717
18 0 718
18 0 719
18 0 720
18 0 721
18 0 722
18 0 723
18 0 724
18 0 725
18 0 726
18 0 727
18 0 728
18 0 729
18 0 730
18 0 731
18 0 732
18 0 733
18 0 734
18 0 735
18 0 736
18 0 737
18 0 738
18 0 739
18 0 740
18 0 741
18 0 742
18 0 743
18 0 744
18 0 745
18 0 746
18 0 747
18 0 748
18 0 749
18 0 750
18 0 751
18 0 752
18 0 753
18 0 754
18 0 755
18 0 756
18 0 757
18 0 758
18 0 759
18 0 760
18 0 761
18 0 762
18 0 763
18 0 764
18 0 765
18 0 766
18 0 767
18 0 768
18 0 769
18 0 770
18 0 771
18 0 772
18 0 773
18 0 774
18 0 775
18 0 776
18 0 777
18 0 778
18 0 779
18 0 780
18 0 781
18 0 782
18 0 783
18 0 784
18 0 785
18 0 786
18 0 787
18 0 788
18 0 789
18 0 790
18 0 791
18 0 792
18 0 793
18 0 794
18 0 795
18 0 796
18 0 797
18 0 798
18 0 799
18 0 800
18 0 801
18 0 802
18 0 803
18 0 804
18 0 805
18 0 806
18 0 807
18 0 808
18 0 809
18 0 810
18 0 811
18 0 812
18 0 813
18 0 814
18 0 815
18 0 816
18 0 817
18 0 818
18 0 819
18 0 820
18 0 821
18 0 822
18 0 823
18 0 824
18 0 825
18 0 826
18 0 827
18 0 828
18 0 829
18 0 830
18 0 831
18 0 832
18 0 833
18 0 834
18 0 835
18 0 836
18 0 837
18 0 838
18 0 839
18 0 840
18 0 841
18 0 842
18 0 843
18 0 844
18 0 845
18 0 846
18 0 847
18 0 848
18 0 849
18 0 850
18 0 851
18 0 852
18 0 853
18 0 854
18 0 855
18 0 856
18 0 857
18 0 858
18 0 859
18 0 860
18 0 861
18 0 862
18 0 863
18 0 864
18 0 865
18 0 866
18 0 867
18 0 868
18 0 869
18 0 870
18 0 871
18 0 872
18 0 873
18 0 874
18 0 875
18 0 876
18 0 877
18 0 878
18 0 879
18 0 880
18 0 881
18 0 882
18 0 883
18 0 884
18 0 885
18 0 886
18 0 887
18 0 888
18 0 889
18 0 890
18 0 891
18 0 892
18 0 893
18 0 894
18 0 895
18 0 896
18 0 897
18 0 898
18 0 899
18 0 900
18 0 901
18 0 902
18 0 903
18 0 904
18 0 905
18 0 906
18 0 907
18 0 908
18 0 909
18 0 910
18 0 911
18 0 912
18 0 913
18 0 914
18 0 915
18 0 916
18 0 917
18 0 918
18 0 919
18 0 920
18 0 921
18 0 922
18 0 923
18 0 924
18 0 925
18 0 926
18 0 927
18 0 928
18 0 929
18 0 930
18 0 931
18 0 932
18 0 933
18 0 934
18 0 935
18 0 936
18 0 937
18 0 938
18 0 939
18 0 940
18 0 941
18 0 942
18 0 943
18 0 944
18 0 945
18 0 946
18 0 947
18 0 948
18 0 949
18 0 950
18 0 951
18 0 952
18 0 953
18 0 954
18 0 955
18 0 956
18 0 957
18 0 958
18 0 959
18 0 960
18 0 961
18 0 962
18 0 963
18 0 964
18 0 965
18 0 966
18 0 967
18 0 968
18 0 969
18 0 970
18 0 971
18 0 972
18 0 973
18 0 974
18 0 975
18 0 976
18 0 977
18 0 978
18 0 979
18 0 980
18 0 981
18 0 982
18 0 983
18 0 984
18 0 985
18 0 986
18 0 987
18 0 988
18 0 989
18 0 990
18 0 991
18 0 992
18 0 993
18 0 994
18 0 995
18 0 996
18 0 997
18 0 998
18 0 999
18 0 1000
18 0 1001
18 0 1002
18 0 1003
18 0 1004
18 0 1005
18 0 1006
18 0 1007
18 0 1008
18 0 1009
18 0 1010
18 0 1011
18 0 1012
18 0 1013
18 0 1014
18 0 1015
18 0 1016
18 0 1017
18 0 1018
18 0 1019
18 0 1020
18 0 1021
18 0 1022
18 0 1023
18 0 1024
18 0 1025
18 0 1026
18 0 1027
18 0 1028
18 0 1029
18 0 1030
18 0 1031
18 0 1032
18 0 1033
18 0 1034
18 0 1035
18 0 1036
18 0 1037
18 0 1038
18 0 1039
18 0 1040
18 0 1041
18 0 1042
18 0 1043
18 0 1044
18 0 1045
18 0 1046
18 0 1047
18 0 1048
18 0 1049
18 0 1050
18 0 1051
18 0 1052
18 0 1053
18 0 1054
18 0 1055
18 0 1056
18 0 1057
18 0 1058
18 0 1059
18 0 1060
18 0 1061
18 0 1062
18 0 1063
18 0 1064
18 0 1065
18 0 1066
18 0 1067
18 0 1068
18 0 1069
18 0 1070
18 0 1071
18 0 1072
18 0 1073
18 0 1074
18 0 1075
18 0 1076
18 0 1077
18 0 1078
18 0 1079
18 0 1080
18 0 1081
18 0 1082
18 0 1083
18 0 1084
18 0 1085
18 0 1086
18 0 1087
18 0 1088
18 0 1089
18 0 1090
18 0 1091
18 0 1092
18 0 1093
18 0 1094
18 0 1095
18 0 1096
18 0 1097
18 0 1098
18 0 1099
18 0 1100
18 0 1101
18 0 1102
18 0 1103
18 0 1104
18 0 1105
18 0 1106
18 0 1107
18 0 1108
18 0 1109
18 0 1110
18 0 1111
18 0 1112
18 0 1113
18 0 1114
18 0 1115
18 0 1116
18 0 1117
18 0 1118
18 0 1119
18 0 1120
18 0 1121
18 0 1122
18 0 1123
18 0 1124
18 0 1125
18 0 1126
18 0 1127
18 0 1128
18 0 1129
18 0 1130
18 0 1131
18 0 1132
18 0 1133
18 0 1134
18 0 1135
18 0 1136
18 0 1137
18 0 1138
18 0 1139
18 0 1140
18 0 1141
18 0 1142
18 0 1143
18 0 1144
18 0 1145
18 0 1146
18 0 1147
18 0 1148
18 0 1149
18 0 1150
18 0 1151
18 0 1152
18 0 1153
18 0 1154
18 0 1155
18 0 1156
18 0 1157
18 0 1158
18 0 1159
18 0 1160
18 0 1161
18 0 1162
18 0 1163
18 0 1164
18 0 1165
18 0 1166
18 0 1167
18 0 1168
18 0 1169
18 0 1170
18 0 1171
18 0 1172
18 0 1173
18 0 1174
18 0 1175
18 0 1176
18 0 1177
18 0 1178
18 0 1179
18 0 1180
18 0 1181
18 0 1182
18 0 1183
18 0 1184
18 0 1185
18 0 1186
18 0 1187
18 0 1188
18 0 1189
18 0 1190
18 0 1191
18 0 1192
18 0 1193
18 0 1194
18 0 1195
18 0 1196
18 0 1197
18 0 1198
18 0 1199
18 0 1200
18 0 1201
18 0 1202
18 0 1203
18 0 1204
18 0 1205
18 0 1206
18 0 1207
18 0 1208
18 0 1209
18 0 1210
18 0 1211
18 0 1212
18 0 1213
18 0 1214
18 0 1215
18 0 1216
18 0 1217
18 0 1218
18 0 1219
18 0 1220
18 0 1221
18 0 1222
18 0 1223
18 0 1224
18 0 1225
18 0 1226
18 0 1227
18 0 1228
18 0 1229
18 0 1230
18 0 1231
18 0 1232
18 0 1233
18 0 1234
18 0 1235
18 0 1236
18 0 1237
18 0 1238
18 0 1239
18 0 1240
18 0 1241
18 0 1242
18 0 1243
18 0 1244
18 0 1245
18 0 1246
18 0 1247
18 0 1248
18 0 1249
18 0 1250
18 0 1251
18 0 1252
18 0 1253
18 0 1254
18 0 1255
18 0 1256
18 0 1257
18 0 1258
18 0 1259
18 0 1260
18 0 1261
18 0 1262
18 0 1263
18 0 1264
18 0 1265
18 0 1266
18 0 1267
18 0 1268
18 0 1269
18 0 1270
18 0 1271
18 0 1272
18 0 1273
18 0 1274
18 0 1275
18 0 1276
18 0 1277
18 0 1278
18 0 1279
18 0 1280
18 0 1281
18 0 1282
18 0 1283
18 0 1284
18 0 1285
18 0 1286
18 0 1287
18 0 1288
18 0 1289
18 0 1290
18 0 1291
18 0 1292
18 0 1293
18 0 1294
18 0 1295
18 0 1296
18 0 1297
18 0 1298
18 0 1299
18 0 1300
18 0 1301
18 0 1302
18 0 1303
18 0 1304
18 0 1305
18 0 1306
18 0 1307
18 0 1308
18 0 1309
18 0 1310
18 0 1311
18 0 1312
18 0 1313
18 0 1314
18 0 1315
18 0 1316
18 0 1317
18 0 1318
18 0 1319
18 0 1320
18 0 1321
18 0 1322
18 0 1323
18 0 1324
18 0 1325
18 0 1326
18 0 1327
18 0 1328
18 0 1329
18 0 1330
18 0 1331
18 0 1332
18 0 1333
18 0 1334
18 0 1335
18 0 1336
18 0 1337
18 0 1338
18 0 1339
18 0 1340
18 0 1341
18 0 1342
18 0 1343
18 0 1344
18 0 1345
18 0 1346
18 0 1347
18 0 1348
18 0 1349
18 0 1350
18 0 1351
18 0 1352
18 0 1353
18 0 1354
18 0 1355
18 0 1356
18 0 1357
18 0 1358
18 0 1359
18 0 1360
18 0 1361
18 0 1362
18 0 1363
18 0 1364
18 0 1365
18 0 1366
18 0 1367
18 0 1368
18 0 1369
18 0 1370
18 0 1371
18 0 1372
18 0 1373
18 0 1374
18 0 1375
18 0 1376
18 0 1377
18 0 1378
18 0 1379
18 0 1380
18 0 1381
18 0 1382
18 0 1383
18 0 1384
18 0 1385
18 0 1386
18 0 1387
18 0 1388
18 0 1389
18 0 1390
18 0 1391
18 0 1392
18 0 1393
18 0 1394
18 0 1395
18 0 1396
18 0 1397
18 0 1398
18 0 1399
18 0 1400
18 0 1401
18 0 1402
18 0 1403
18 0 1404
18 0 1405
18 0 1406
18 0 1407
18 0 1408
18 0 1409
18 0 1410
18 0 1411
18 0 1412
18 0 1413
18 0 1414
18 0 1415
18 0 1416
18 0 1417
18 0 1418
18 0 1419
18 0 1420
18 0 1421
18 0 1422
18 0 1423
18 0 1424
18 0 1425
18 0 1426
18 0 1427
18 0 1428
18 0 1429
18 0 1430
18 0 1431
18 0 1432
18 0 1433
18 0 1434
18 0 1435
18 0 1436
18 0 1437
18 0 1438
18 0 1439
18 0 1440
18 0 1441
18 0 1442
18 0 1443
18 0 1444
18 0 1445
18 0 1446
18 0 1447
18 0 1448
18 0 1449
18 0 1450
18 0 1451
18 0 1452
18 0 1453
18 0 1454
18 0 1455
18 0 1456
18 0 1457
18 0 1458
18 0 1459
18 0 1460
18 0 1461
18 0 1462
18 0 1463
18 0 1464
18 0 1465
18 0 1466
18 0 1467
18 0 1468
18 0 1469
18 0 1470
18 0 1471
18 0 1472
18 0 1473
18 0 1474
18 0 1475
18 0 1476
18 0 1477
18 0 1478
18 0 1479
18 0 1480
18 0 1481
18 0 1482
18 0 1483
18 0 1484
18 0 1485
18 0 1486
18 0 1487
18 0 1488
18 0 1489
18 0 1490
18 0 1491
18 0 1492
18 0 1493
18 0 1494
18 0 1495
18 0 1496
18 0 1497
18 0 1498
18 0 1499
18 0 1500
18 0 1501
18 0 1502
18 0 1503
18 0 1504
18 0 1505
18 0 1506
18 0 1507
18 0 1508
18 0 1509
18 0 1510
18 0 1511
18 0 1512
18 0 1513
18 0 1514
18 0 1515
18 0 1516
18 0 1517
18 0 1518
18 0 1519
18 0 1520
18 0 1521
18 0 1522
18 0 1523
18 0 1524
18 0 1525
18 0 1526
18 0 1527
18 0 1528
18 0 1529
18 0 1530
18 0 1531
18 0 1532
18 0 1533
18 0 1534
18 0 1535
18 0 1536
18 0 1537
18 0 1538
18 0 1539
18 0 1540
18 0 1541
18 0 1542
18 0 1543
18 0 1544
18 0 1545
18 0 1546
18 0 1547
18 0 1548
18 0 1549
18 0 1550
18 0 1551
18 0 1552
18 0 1553
18 0 1554
18 0 1555
18 0 1556
18 0 1557
18 0 1558
18 0 1559
18 0 1560
18 0 1561
18 0 1562
18 0 1563
18 0 1564
18 0 1565
18 0 1566
18 0 1567
18 0 1568
18 0 1569
18 0 1570
18 0 1571
18 0 1572
18 0 1573
18 0 1574
18 0 1575
18 0 1576
18 0 1577
18 0 1578
18 0 1579
18 0 1580
18 0 1581
18 0 1582
18 0 1583
18 0 1584
18 0 1585
18 0 1586
18 0 1587
18 0 1588
18 0 1589
18 0 1590
18 0 1591
18 0 1592
18 0 1593
18 0 1594
18 0 1595
18 0 1596
18 0 1597
18 0 1598
18 0 1599
18 0 1600
18 0 1601
18 0 1602
18 0 1603
18 0 1604
18 0 1605
18 0 1606
18 0 1607
18 0 1608
18 0 1609
18 0 1610
18 0 1611
18 0 1612
18 0 1613
18 0 1614
18 0 1615
18 0 1616
18 0 1617
18 0 1618
18 0 1619
18 0 1620
18 0 1621
18 0 1622
18 0 1623
18 0 1624
18 0 1625
18 0 1626
18 0 1627
18 0 1628
18 0 1629
18 0 1630
18 0 1631
18 0 1632
18 0 1633
18 0 1634
18 0 1635
18 0 1636
18 0 1637
18 0 1638
18 0 1639
18 0 1640
18 0 1641
18 0 1642
18 0 1643
18 0 1644
18 0 1645
18 0 1646
18 0 1647
18 0 1648
18 0 1649
18 0 1650
18 0 1651
18 0 1652
18 0 1653
18 0 1654
18 0 1655
18 0 1656
18 0 1657
18 0 1658
18 0 1659
18 0 1660
18 0 1661
18 0 1662
18 0 1663
18 0 1664
18 0 1665
18 0 1666
18 0 1667
18 0 1668
18 0 1669
18 0 1670
18 0 1671
18 0 1672
18 0 1673
18 0 1674
18 0 1675
18 0 1676
18 0 1677
18 0 1678
18 0 1679
18 0 1680
18 0 1681
18 0 1682
18 0 1683
18 0 1684
18 0 1685
18 0 1686
18 0 1687
18 0 1688
18 0 1689
18 0 1690
18 0 1691
18 0 1692
18 0 1693
18 0 1694
18 0 1695
18 0 1696
18 0 1697
18 0 1698
18 0 1699
18 0 1700
18 0 1701
18 0 1702
18 0 1703
18 0 1704
18 0 1705
18 0 1706
18 0 1707
18 0 1708
18 0 1709
18 0 1710
18 0 1711
18 0 1712
18 0 1713
18 0 1714
18 0 1715
18 0 1716
18 0 1717
18 0 1718
18 0 1719
18 0 1720
18 0 1721
18 0 1722
18 0 1723
18 0 1724
18 0 1725
18 0 1726
18 0 1727
18 0 1728
18 0 1729
18 0 1730
18 0 1731
18 0 1732
18 0 1733
18 0 1734
18 0 1735
18 0 1736
18 0 1737
18 0 1738
18 0 1739
18 0 1740
18 0 1741
18 0 1742
18 0 1743
18 0 1744
18 0 1745
18 0 1746
18 0 1747
18 0 1748
18 0 1749
18 0 1750
18 0 1751
18 0 1752
18 0 1753
18 0 1754
18 0 1755
18 0 1756
18 0 1757
18 0 1758
18 0 1759
18 0 1760
18 0 1761
18 0 1762
18 0 1763
18 0 1764
18 0 1765
18 0 1766
18 0 1767
18 0 1768
18 0 1769
18 0 1770
18 0 1771
18 0 1772
18 0 1773
18 0 1774
18 0 1775
18 0 1776
18 0 1777
18 0 1778
18 0 1779
18 0 1780
18 0 1781
18 0 1782
18 0 1783
18 0 1784
18 0 1785
18 0 1786
18 0 1787
18 0 1788
18 0 1789
18 0 1790
18 0 1791
18 0 1792
18 0 1793
18 0 1794
18 0 1795
18 0 1796
18 0 1797
18 0 1798
18 0 1799
18 0 1800
18 0 1801
18 0 1802
18 0 1803
18 0 1804
18 0 1805
18 0 1806
18 0 1807
18 0 1808
18 0 1809
18 0 1810
18 0 1811
18 0 1812
18 0 1813
18 0 1814
18 0 1815
18 0 1816
18 0 1817
18 0 1818
18 0 1819
18 0 1820
18 0 1821
18 0 1822
18 0 1823
18 0 1824
18 0 1825
18 0 1826
18 0 1827
18 0 1828
18 0 1829
18 0 1830
18 0 1831
18 0 1832
18 0 1833
18 0 1834
18 0 1835
18 0 1836
18 0 1837
18 0 1838
18 0 1839
18 0 1840
18 0 1841
18 0 1842
18 0 1843
18 0 1844
18 0 1845
18 0 1846
18 0 1847
18 0 1848
18 0 1849
18 0 1850
18 0 1851
18 0 1852
18 0 1853
18 0 1854
18 0 1855
18 0 1856
18 0 1857
18 0 1858
18 0 1859
18 0 1860
18 0 1861
18 0 1862
18 0 1863
18 0 1864
18 0 1865
18 0 1866
18 0 1867
18 0 1868
18 0 1869
18 0 1870
18 0 1871
18 0 1872
18 0 1873
18 0 1874
18 0 1875
18 0 1876
18 0 1877
18 0 1878
18 0 1879
18 0 1880
18 0 1881
18 0 1882
18 0 1883
18 0 1884
18 0 1885
18 0 1886
18 0 1887
18 0 1888
18 0 1889
18 0 1890
18 0 1891
18 0 1892
18 0 1893
18 0 1894
18 0 1895
18 0 1896
18 0 1897
18 0 1898
18 0 1899
18 0 1900
18 0 1901
18 0 1902
18 0 1903
18 0 1904
18 0 1905
18 0 1906
18 0 1907
18 0 1908
18 0 1909
18 0 1910
18 0 1911
18 0 1912
18 0 1913
18 0 1914
18 0 1915
18 0 1916
18 0 1917
18 0 1918
18 0 1919
18 0 1920
18 0 1921
18 0 1922
18 0 1923
18 0 1924
18 0 1925
18 0 1926
18 0 1927
18 0 1928
18 0 1929
18 0 1930
18 0 1931
18 0 1932
18 0 1933
18 0 1934
18 0 1935
18 0 1936
18 0 1937
18 0 1938
18 0 1939
18 0 1940
18 0 1941
18 0 1942
18 0 1943
18 0 1944
18 0 1945
18 0 1946
18 0 1947
18 0 1948
18 0 1949
18 0 1950
18 0 1951
18 0 1952
18 0 1953
18 0 1954
18 0 1955
18 0 1956
18 0 1957
18 0 1958
18 0 1959
18 0 1960
18 0 1961
18 0 1962
18 0 1963
18 0 1964
18 0 1965
18 0 1966
18 0 1967
18 0 1968
18 0 1969
18 0 1970
18 0 1971
18 0 1972
18 0 1973
18 0 1974
18 0 1975
18 0 1976
18 0 1977
18 0 1978
18 0 1979
18 0 1980
18 0 1981
18 0 1982
18 0 1983
18 0 1984
18 0 1985
18 0 1986
18 0 1987
18 0 1988
18 0 1989
18 0 1990
18 0 1991
18 0 1992
18 0 1993
18 0 1994
18 0 1995
18 0 1996
18 0 1997
18 0 1998
18 0 1999
18 0 2000
18 0 2001
18 0 2002
18 0 2003
18 0 2004
18 0 2005
18 0 2006
18 0 2007
18 0 2008
18 0 2009
18 0 2010
18 0 2011
18 0 2012
18 0 2013
18 0 2014
18 0 2015
18 0 2016
18 0 2017
18 0 2018
18 0 2019
18 0 2020
18 0 2021
18 0 2022
18 0 2023
18 0 2024
18 0 2025
18 0 2026
18 0 2027
18 0 2028
18 0 2029
18 0 2030
18 0 2031
18 0 2032
18 0 2033
18 0 2034
18 0 2035
18 0 2036
18 0 2037
18 0 2038
18 0 2039
18 0 2040
18 0 2041
18 0 2042
18 0 2043
18 0 2044
18 0 2045
18 0 2046
18 0 2047
18 0 2048
18 0 2049
18 0 2050
18 0 2051
18 0 2052
18 0 2053
18 0 2054
18 0 2055
18 0 2056
18 0 2057
18 0 2058
18 0 2059
18 0 2060
18 0 2061
18 0 2062
18 0 2063
18 0 2064
18 0 2065
18 0 2066
18 0 2067
18 0 2068
18 0 2069
18 0 2070
18 0 2071
18 0 2072
18 0 2073
18 0 2074
18 0 2075
18 0 2076
18 0 2077
18 0 2078
18 0 2079
18 0 2080
18 0 2081
18 0 2082
18 0 2083
18 0 2084
18 0 2085
18 0 2086
18 0 2087
18 0 2088
18 0 2089
18 0 2090
18 0 2091
18 0 2092
18 0 2093
18 0 2094
18 0 2095
18 0 2096
18 0 2097
18 0 2098
18 0 2099
18 0 2100
18 0 2101
18 0 2102
18 0 2103
18 0 2104
18 0 2105
18 0 2106
18 0 2107
18 0 2108
18 0 2109
18 0 2110
18 0 2111
18 0 2112
18 0 2113
18 0 2114
18 0 2115
18 0 2116
18 0 2117
18 0 2118
18 0 2119
18 0 2120
18 0 2121
18 0 2122
18 0 2123
18 0 2124
18 0 2125
18 0 2126
18 0 2127
18 0 2128
18 0 2129
18 0 2130
18 0 2131
18 0 2132
18 0 2133
18 0 2134
18 0 2135
18 0 2136
18 0 2137
18 0 2138
18 0 2139
18 0 2140
18 0 2141
18 0 2142
18 0 2143
18 0 2144
18 0 2145
18 0 2146
18 0 2147
18 0 2148
18 0 2149
18 0 2150
18 0 2151
18 0 2152
18 0 2153
18 0 2154
18 0 2155
18 0 2156
18 0 2157
18 0 2158
18 0 2159
18 0 2160
18 0 2161
18 0 2162
18 0 2163
18 0 2164
18 0 2165
18 0 2166
18 0 2167
18 0 2168
18 0 2169
18 0 2170
18 0 2171
18 0 2172
18 0 2173
18 0 2174
18 0 2175
18 0 2176
18 0 2177
18 0 2178
18 0 2179
18 0 2180
18 0 2181
18 0 2182
18 0 2183
18 0 2184
18 0 2185
18 0 2186
18 0 2187
18 0 2188
18 0 2189
18 0 2190
18 0 2191
18 0 2192
18 0 2193
18 0 2194
18 0 2195
18 0 2196
18 0 2197
18 0 2198
18 0 2199
18 0 2200
18 0 2201
18 0 2202
18 0 2203
18 0 2204
18 0 2205
18 0 2206
18 0 2207
18 0 2208
18 0 2209
18 0 2210
18 0 2211
18 0 2212
18 0 2213
18 0 2214
18 0 2215
18 0 2216
18 0 2217
18 0 2218
18 0 2219
18 0 2220
18 0 2221
18 0 2222
18 0 2223
18 0 2224
18 0 2225
18 0 2226
18 0 2227
18 0 2228
18 0 2229
18 0 2230
18 0 2231
18 0 2232
18 0 2233
18 0 2234
18 0 2235
18 0 2236
18 0 2237
18 0 2238
18 0 2239
18 0 2240
18 0 2241
18 0 2242
18 0 2243
18 0 2244
18 0 2245
18 0 2246
18 0 2247
18 0 2248
18 0 2249
18 0 2250
18 0 2251
18 0 2252
18 0 2253
18 0 2254
18 0 2255
18 0 2256
18 0 2257
18 0 2258
18 0 2259
18 0 2260
18 0 2261
18 0 2262
18 0 2263
18 0 2264
18 0 2265
18 0 2266
18 0 2267
18 0 2268
18 0 2269
18 0 2270
18 0 2271
18 0 2272
18 0 2273
18 0 2274
18 0 2275
18 0 2276
18 0 2277
18 0 2278
18 0 2279
18 0 2280
18 0 2281
18 0 2282
18 0 2283
18 0 2284
18 0 2285
18 0 2286
18 0 2287
18 0 2288
18 0 2289
18 0 2290
18 0 2291
18 0 2292
18 0 2293
18 0 2294
18 0 2295
18 0 2296
18 0 2297
18 0 2298
18 0 2299
18 0 2300
18 0 2301
18 0 2302
18 0 2303
18 0 2304
18 0 2305
18 0 2306
18 0 2307
18 0 2308
18 0 2309
18 0 2310
18 0 2311
18 0 2312
18 0 2313
18 0 2314
18 0 2315
18 0 2316
18 0 2317
18 0 2318
18 0 2319
18 0 2320
18 0 2321
18 0 2322
18 0 2323
18 0 2324
18 0 2325
18 0 2326
18 0 2327
18 0 2328
18 0 2329
18 0 2330
18 0 2331
18 0 2332
18 0 2333
18 0 2334
18 0 2335
18 0 2336
18 0 2337
18 0 2338
18 0 2339
18 0 2340
18 0 2341
18 0 2342
18 0 2343
18 0 2344
18 0 2345
18 0 2346
18 0 2347
18 0 2348
18 0 2349
18 0 2350
18 0 2351
18 0 2352
18 0 2353
18 0 2354
18 0 2355
18 0 2356
18 0 2357
18 0 2358
18 0 2359
18 0 2360
18 0 2361
18 0 2362
18 0 2363
18 0 2364
18 0 2365
18 0 2366
18 0 2367
18 0 2368
18 0 2369
18 0 2370
18 0 2371
18 0 2372
18 0 2373
18 0 2374
18 0 2375
18 0 2376
18 0 2377
18 0 2378
18 0 2379
18 0 2380
18 0 2381
18 0 2382
18 0 2383
18 0 2384
18 0 2385
18 0 2386
18 0 2387
18 0 2388
18 0 2389
18 0 2390
18 0 2391
18 0 2392
18 0 2393
18 0 2394
18 0 2395
18 0 2396
18 0 2397
18 0 2398
18 0 2399
18 0 2400
18 0 2401
18 0 2402
18 0 2403
18 0 2404
18 0 2405
18 0 2406
18 0 2407
18 0 2408
18 0 2409
18 0 2410
18 0 2411
18 0 2412
18 0 2413
18 0 2414
18 0 2415
18 0 2416
18 0 2417
18 0 2418
18 0 2419
18 0 2420
18 0 2421
18 0 2422
18 0 2423
18 0 2424
18 0 2425
18 0 2426
18 0 2427
18 0 2428
18 0 2429
18 0 2430
18 0 2431
18 0 2432
18 0 2433
18 0 2434
18 0 2435
18 0 2436
18 0 2437
18 0 2438
18 0 2439
18 0 2440
18 0 2441
18 0 2442
18 0 2443
18 0 2444
18 0 2445
18 0 2446
18 0 2447
18 0 2448
18 0 2449
18 0 2450
18 0 2451
18 0 2452
18 0 2453
18 0 2454
18 0 2455
18 0 2456
18 0 2457
