4 20 1
4 20 2
4 20 3
4 20 4
4 20 5
4 20 6
4 20 7
4 20 8
4 20 9
4 20 10
4 20 11
4 20 12
4 20 13
4 20 14
4 20 15
4 20 16
4 20 17
4 20 18
4 20 19
4 20 20
4 20 21
4 20 22
4 20 23
4 20 24
4 20 25
4 20 26
4 20 27
4 20 28
4 20 29
4 20 30
4 20 31
4 20 32
4 20 33
4 20 34
4 20 35
4 20 36
4 20 37
4 20 38
4 20 39
4 20 40
4 20 41
4 20 42
4 20 43
4 20 44
4 20 45
4 20 46
4 20 47
4 20 48
4 20 49
4 20 50
4 20 51
4 20 52
4 20 53
4 20 54
4 20 55
4 20 56
4 20 57
4 20 58
4 20 59
4 20 60
4 20 61
4 20 62
4 20 63
4 20 64
4 20 65
4 20 66
4 20 67
4 20 68
4 20 69
4 20 70
4 20 71
4 20 72
4 20 73
4 20 74
4 20 75
4 20 76
4 20 77
4 20 78
4 20 79
4 20 80
4 20 81
4 20 82
4 20 83
4 20 84
4 20 85
4 20 86
4 20 87
4 20 88
4 20 89
4 20 90
4 20 91
4 20 92
4 20 93
4 20 94
4 20 95
4 20 96
4 20 97
4 20 98
4 20 99
4 20 100
4 20 101
4 20 102
4 20 103
4 20 104
4 20 105
4 20 106
4 20 107
4 20 108
4 20 109
4 20 110
4 20 111
4 20 112
4 20 113
4 20 114
4 20 115
4 20 116
4 20 117
4 20 118
4 20 119
4 20 120
4 20 121
4 20 122
4 20 123
4 20 124
4 20 125
4 20 126
4 20 127
4 20 128
4 20 129
4 20 130
4 20 131
4 20 132
4 20 133
4 20 134
4 20 135
4 20 136
4 20 137
4 20 138
4 20 139
4 20 140
4 20 141
4 20 142
4 20 143
4 20 144
4 20 145
4 20 146
4 20 147
4 20 148
4 20 149
4 20 150
4 20 151
4 20 152
4 20 153
4 20 154
4 20 155
4 20 156
4 20 157
4 20 158
4 20 159
4 20 160
4 20 161
4 20 162
4 20 163
4 20 164
4 20 165
4 20 166
4 20 167
4 20 168
4 20 169
4 20 170
4 20 171
4 20 172
4 20 173
4 20 174
4 20 175
4 20 176
4 20 177
4 20 178
4 20 179
4 20 180
4 20 181
4 20 182
4 20 183
4 20 184
4 20 185
4 20 186
4 20 187
4 20 188
4 20 189
4 20 190
4 20 191
4 20 192
4 20 193
4 20 194
4 20 195
4 20 196
4 20 197
4 20 198
4 20 199
4 20 200
4 20 201
4 20 202
4 20 203
4 20 204
4 20 205
4 20 206
4 20 207
4 20 208
4 20 209
4 20 210
4 20 211
4 20 212
4 20 213
4 20 214
4 20 215
4 20 216
4 20 217
4 20 218
4 20 219
4 20 220
4 20 221
4 20 222
4 20 223
4 20 224
4 20 225
4 20 226
4 20 227
4 20 228
4 20 229
4 20 230
4 20 231
4 20 232
4 20 233
4 20 234
4 20 235
4 20 236
4 20 237
4 20 238
4 20 239
4 20 240
4 20 241
4 20 242
4 20 243
4 20 244
4 20 245
4 20 246
4 20 247
4 20 248
4 20 249
4 20 250
4 20 251
4 20 252
4 20 253
4 20 254
4 20 255
4 20 256
4 20 257
4 20 258
4 20 259
4 20 260
4 20 261
4 20 262
4 20 263
4 20 264
4 20 265
4 20 266
4 20 267
4 20 268
4 20 269
4 20 270
4 20 271
4 20 272
4 20 273
4 20 274
4 20 275
4 20 276
4 20 277
4 20 278
4 20 279
4 20 280
4 20 281
4 20 282
4 20 283
4 20 284
4 20 285
4 20 286
4 20 287
4 20 288
4 20 289
4 20 290
4 20 291
4 20 292
4 20 293
4 20 294
4 20 295
4 20 296
4 20 297
4 20 298
4 20 299
4 20 300
4 20 301
4 20 302
4 20 303
4 20 304
4 20 305
4 20 306
4 20 307
4 20 308
4 20 309
4 20 310
4 20 311
4 20 312
4 20 313
4 20 314
4 20 315
4 20 316
4 20 317
4 20 318
4 20 319
4 20 320
4 20 321
4 20 322
4 20 323
4 20 324
4 20 325
4 20 326
4 20 327
4 20 328
4 20 329
4 20 330
4 20 331
4 20 332
4 20 333
4 20 334
4 20 335
4 20 336
4 20 337
4 20 338
4 20 339
4 20 340
4 20 341
4 20 342
4 20 343
4 20 344
4 20 345
4 20 346
4 20 347
4 20 348
4 20 349
4 20 350
4 20 351
4 20 352
4 20 353
4 20 354
4 20 355
4 20 356
4 20 357
4 20 358
4 20 359
4 20 360
4 20 361
4 20 362
4 20 363
4 20 364
4 20 365
4 20 366
4 20 367
4 20 368
4 20 369
4 20 370
4 20 371
4 20 372
4 20 373
4 20 374
4 20 375
4 20 376
4 20 377
4 20 378
4 20 379
4 20 380
4 20 381
4 20 382
4 20 383
4 20 384
4 20 385
4 20 386
4 20 387
4 20 388
4 20 389
4 20 390
4 20 391
4 20 392
4 20 393
4 20 394
4 20 395
4 20 396
4 20 397
4 20 398
4 20 399
4 20 400
4 20 401
4 20 402
4 20 403
4 20 404
4 20 405
4 20 406
4 20 407
4 20 408
4 20 409
