16 20 1
16 20 2
16 20 3
16 20 4
16 20 5
16 20 6
16 20 7
16 20 8
16 20 9
16 20 10
16 20 11
16 20 12
16 20 13
16 20 14
16 20 15
16 20 16
16 20 17
16 20 18
16 20 19
16 20 20
16 20 21
16 20 22
16 20 23
16 20 24
16 20 25
16 20 26
16 20 27
16 20 28
16 20 29
16 20 30
16 20 31
16 20 32
16 20 33
16 20 34
16 20 35
16 20 36
16 20 37
16 20 38
16 20 39
16 20 40
16 20 41
16 20 42
16 20 43
16 20 44
16 20 45
16 20 46
16 20 47
16 20 48
16 20 49
16 20 50
16 20 51
16 20 52
16 20 53
16 20 54
16 20 55
16 20 56
16 20 57
16 20 58
16 20 59
16 20 60
16 20 61
16 20 62
16 20 63
16 20 64
16 20 65
16 20 66
16 20 67
16 20 68
16 20 69
16 20 70
16 20 71
16 20 72
16 20 73
16 20 74
16 20 75
16 20 76
16 20 77
16 20 78
16 20 79
16 20 80
16 20 81
16 20 82
16 20 83
16 20 84
16 20 85
16 20 86
16 20 87
16 20 88
16 20 89
16 20 90
16 20 91
16 20 92
16 20 93
16 20 94
16 20 95
16 20 96
16 20 97
16 20 98
16 20 99
16 20 100
16 20 101
16 20 102
16 20 103
16 20 104
16 20 105
16 20 106
16 20 107
16 20 108
16 20 109
16 20 110
16 20 111
16 20 112
16 20 113
16 20 114
16 20 115
16 20 116
16 20 117
16 20 118
16 20 119
16 20 120
16 20 121
16 20 122
16 20 123
16 20 124
16 20 125
16 20 126
16 20 127
16 20 128
16 20 129
16 20 130
16 20 131
16 20 132
16 20 133
16 20 134
16 20 135
16 20 136
16 20 137
16 20 138
16 20 139
16 20 140
16 20 141
16 20 142
16 20 143
16 20 144
16 20 145
16 20 146
16 20 147
16 20 148
16 20 149
16 20 150
16 20 151
16 20 152
16 20 153
16 20 154
16 20 155
16 20 156
16 20 157
16 20 158
16 20 159
16 20 160
16 20 161
16 20 162
16 20 163
16 20 164
16 20 165
16 20 166
16 20 167
16 20 168
16 20 169
16 20 170
16 20 171
16 20 172
16 20 173
16 20 174
16 20 175
16 20 176
16 20 177
16 20 178
16 20 179
16 20 180
16 20 181
16 20 182
16 20 183
16 20 184
16 20 185
16 20 186
16 20 187
16 20 188
16 20 189
16 20 190
16 20 191
16 20 192
16 20 193
16 20 194
16 20 195
16 20 196
16 20 197
16 20 198
16 20 199
16 20 200
16 20 201
16 20 202
16 20 203
16 20 204
