18 16 1
18 16 2
18 16 3
18 16 4
18 16 5
18 16 6
18 16 7
18 16 8
18 16 9
18 16 10
18 16 11
18 16 12
18 16 13
18 16 14
18 16 15
18 16 16
18 16 17
18 16 18
18 16 19
18 16 20
18 16 21
18 16 22
18 16 23
18 16 24
18 16 25
18 16 26
18 16 27
18 16 28
18 16 29
18 16 30
18 16 31
18 16 32
18 16 33
18 16 34
18 16 35
18 16 36
18 16 37
18 16 38
18 16 39
18 16 40
18 16 41
18 16 42
18 16 43
18 16 44
18 16 45
18 16 46
18 16 47
18 16 48
18 16 49
18 16 50
18 16 51
18 16 52
18 16 53
18 16 54
18 16 55
18 16 56
18 16 57
18 16 58
18 16 59
18 16 60
18 16 61
18 16 62
18 16 63
18 16 64
18 16 65
18 16 66
18 16 67
18 16 68
18 16 69
18 16 70
18 16 71
18 16 72
18 16 73
18 16 74
18 16 75
18 16 76
18 16 77
18 16 78
18 16 79
18 16 80
18 16 81
18 16 82
18 16 83
18 16 84
18 16 85
18 16 86
18 16 87
18 16 88
18 16 89
18 16 90
18 16 91
18 16 92
18 16 93
18 16 94
18 16 95
18 16 96
18 16 97
18 16 98
18 16 99
18 16 100
18 16 101
18 16 102
18 16 103
18 16 104
18 16 105
18 16 106
18 16 107
18 16 108
18 16 109
18 16 110
18 16 111
18 16 112
18 16 113
18 16 114
18 16 115
18 16 116
18 16 117
18 16 118
18 16 119
18 16 120
18 16 121
18 16 122
18 16 123
18 16 124
18 16 125
18 16 126
18 16 127
18 16 128
18 16 129
18 16 130
18 16 131
18 16 132
18 16 133
18 16 134
18 16 135
18 16 136
18 16 137
18 16 138
18 16 139
18 16 140
18 16 141
18 16 142
18 16 143
18 16 144
18 16 145
18 16 146
18 16 147
18 16 148
18 16 149
18 16 150
18 16 151
18 16 152
18 16 153
18 16 154
18 16 155
18 16 156
18 16 157
18 16 158
18 16 159
18 16 160
18 16 161
18 16 162
18 16 163
18 16 164
18 16 165
18 16 166
18 16 167
18 16 168
18 16 169
18 16 170
18 16 171
18 16 172
18 16 173
18 16 174
18 16 175
18 16 176
18 16 177
18 16 178
18 16 179
18 16 180
18 16 181
18 16 182
18 16 183
18 16 184
18 16 185
18 16 186
18 16 187
18 16 188
18 16 189
18 16 190
18 16 191
18 16 192
18 16 193
18 16 194
18 16 195
18 16 196
18 16 197
18 16 198
18 16 199
18 16 200
18 16 201
18 16 202
18 16 203
18 16 204
18 16 205
18 16 206
18 16 207
18 16 208
18 16 209
18 16 210
18 16 211
18 16 212
18 16 213
18 16 214
18 16 215
18 16 216
18 16 217
18 16 218
18 16 219
18 16 220
18 16 221
18 16 222
18 16 223
18 16 224
18 16 225
18 16 226
18 16 227
18 16 228
18 16 229
18 16 230
18 16 231
18 16 232
18 16 233
18 16 234
18 16 235
18 16 236
18 16 237
18 16 238
18 16 239
18 16 240
18 16 241
18 16 242
18 16 243
18 16 244
18 16 245
18 16 246
18 16 247
18 16 248
18 16 249
18 16 250
18 16 251
18 16 252
18 16 253
18 16 254
18 16 255
18 16 256
18 16 257
18 16 258
18 16 259
18 16 260
18 16 261
18 16 262
18 16 263
18 16 264
18 16 265
18 16 266
18 16 267
18 16 268
18 16 269
18 16 270
18 16 271
18 16 272
18 16 273
18 16 274
18 16 275
18 16 276
18 16 277
18 16 278
18 16 279
18 16 280
18 16 281
18 16 282
18 16 283
18 16 284
18 16 285
18 16 286
18 16 287
18 16 288
18 16 289
18 16 290
18 16 291
18 16 292
18 16 293
18 16 294
18 16 295
18 16 296
18 16 297
18 16 298
18 16 299
18 16 300
18 16 301
18 16 302
18 16 303
18 16 304
18 16 305
18 16 306
18 16 307
18 16 308
18 16 309
18 16 310
18 16 311
18 16 312
18 16 313
18 16 314
18 16 315
18 16 316
18 16 317
18 16 318
18 16 319
18 16 320
18 16 321
18 16 322
18 16 323
18 16 324
18 16 325
18 16 326
18 16 327
18 16 328
18 16 329
18 16 330
18 16 331
18 16 332
18 16 333
18 16 334
18 16 335
18 16 336
18 16 337
18 16 338
18 16 339
18 16 340
18 16 341
18 16 342
18 16 343
18 16 344
18 16 345
18 16 346
18 16 347
18 16 348
18 16 349
18 16 350
18 16 351
18 16 352
18 16 353
18 16 354
18 16 355
18 16 356
18 16 357
18 16 358
18 16 359
18 16 360
18 16 361
18 16 362
18 16 363
18 16 364
18 16 365
18 16 366
18 16 367
18 16 368
18 16 369
18 16 370
18 16 371
18 16 372
18 16 373
18 16 374
18 16 375
18 16 376
18 16 377
18 16 378
18 16 379
18 16 380
18 16 381
18 16 382
18 16 383
18 16 384
18 16 385
18 16 386
18 16 387
18 16 388
18 16 389
18 16 390
18 16 391
18 16 392
18 16 393
18 16 394
18 16 395
18 16 396
18 16 397
18 16 398
18 16 399
18 16 400
18 16 401
18 16 402
18 16 403
18 16 404
18 16 405
18 16 406
18 16 407
18 16 408
18 16 409
18 16 410
18 16 411
18 16 412
18 16 413
18 16 414
18 16 415
18 16 416
18 16 417
18 16 418
18 16 419
18 16 420
18 16 421
18 16 422
18 16 423
18 16 424
18 16 425
18 16 426
18 16 427
18 16 428
18 16 429
18 16 430
18 16 431
18 16 432
18 16 433
18 16 434
18 16 435
18 16 436
18 16 437
18 16 438
18 16 439
18 16 440
18 16 441
18 16 442
18 16 443
18 16 444
18 16 445
18 16 446
18 16 447
18 16 448
18 16 449
18 16 450
18 16 451
18 16 452
18 16 453
18 16 454
18 16 455
18 16 456
18 16 457
18 16 458
18 16 459
18 16 460
18 16 461
18 16 462
18 16 463
18 16 464
18 16 465
18 16 466
18 16 467
18 16 468
18 16 469
18 16 470
18 16 471
18 16 472
18 16 473
18 16 474
18 16 475
18 16 476
18 16 477
18 16 478
18 16 479
18 16 480
18 16 481
18 16 482
18 16 483
18 16 484
18 16 485
18 16 486
18 16 487
18 16 488
18 16 489
18 16 490
18 16 491
18 16 492
18 16 493
18 16 494
18 16 495
18 16 496
18 16 497
18 16 498
18 16 499
18 16 500
18 16 501
18 16 502
18 16 503
18 16 504
18 16 505
18 16 506
18 16 507
18 16 508
18 16 509
18 16 510
18 16 511
18 16 512
18 16 513
18 16 514
18 16 515
18 16 516
18 16 517
18 16 518
18 16 519
18 16 520
18 16 521
18 16 522
18 16 523
18 16 524
18 16 525
18 16 526
18 16 527
18 16 528
18 16 529
18 16 530
18 16 531
18 16 532
18 16 533
18 16 534
18 16 535
18 16 536
18 16 537
18 16 538
18 16 539
18 16 540
18 16 541
18 16 542
18 16 543
18 16 544
18 16 545
18 16 546
18 16 547
18 16 548
18 16 549
18 16 550
18 16 551
18 16 552
18 16 553
18 16 554
18 16 555
18 16 556
18 16 557
18 16 558
18 16 559
18 16 560
18 16 561
18 16 562
18 16 563
18 16 564
18 16 565
18 16 566
18 16 567
18 16 568
18 16 569
18 16 570
18 16 571
18 16 572
18 16 573
18 16 574
18 16 575
18 16 576
18 16 577
18 16 578
18 16 579
18 16 580
18 16 581
18 16 582
18 16 583
18 16 584
18 16 585
18 16 586
18 16 587
18 16 588
18 16 589
18 16 590
18 16 591
18 16 592
18 16 593
18 16 594
18 16 595
18 16 596
18 16 597
18 16 598
18 16 599
18 16 600
18 16 601
18 16 602
18 16 603
18 16 604
18 16 605
18 16 606
18 16 607
18 16 608
18 16 609
18 16 610
18 16 611
18 16 612
18 16 613
18 16 614
18 16 615
18 16 616
18 16 617
18 16 618
18 16 619
18 16 620
18 16 621
18 16 622
18 16 623
18 16 624
18 16 625
18 16 626
18 16 627
18 16 628
18 16 629
18 16 630
18 16 631
18 16 632
18 16 633
18 16 634
18 16 635
18 16 636
18 16 637
18 16 638
18 16 639
18 16 640
18 16 641
18 16 642
18 16 643
18 16 644
18 16 645
18 16 646
18 16 647
18 16 648
18 16 649
18 16 650
18 16 651
18 16 652
18 16 653
18 16 654
18 16 655
18 16 656
18 16 657
18 16 658
18 16 659
18 16 660
18 16 661
18 16 662
18 16 663
18 16 664
18 16 665
18 16 666
18 16 667
18 16 668
18 16 669
18 16 670
18 16 671
18 16 672
18 16 673
18 16 674
18 16 675
18 16 676
18 16 677
18 16 678
18 16 679
18 16 680
18 16 681
18 16 682
18 16 683
18 16 684
18 16 685
18 16 686
18 16 687
18 16 688
18 16 689
18 16 690
18 16 691
18 16 692
18 16 693
18 16 694
18 16 695
18 16 696
18 16 697
18 16 698
18 16 699
18 16 700
18 16 701
18 16 702
18 16 703
18 16 704
18 16 705
18 16 706
18 16 707
18 16 708
18 16 709
18 16 710
18 16 711
18 16 712
18 16 713
18 16 714
18 16 715
18 16 716
18 16 717
18 16 718
18 16 719
18 16 720
18 16 721
18 16 722
18 16 723
18 16 724
18 16 725
18 16 726
18 16 727
18 16 728
18 16 729
18 16 730
18 16 731
18 16 732
18 16 733
18 16 734
18 16 735
18 16 736
18 16 737
18 16 738
18 16 739
18 16 740
18 16 741
18 16 742
18 16 743
18 16 744
18 16 745
18 16 746
18 16 747
18 16 748
18 16 749
18 16 750
18 16 751
18 16 752
18 16 753
18 16 754
18 16 755
18 16 756
18 16 757
18 16 758
18 16 759
18 16 760
18 16 761
18 16 762
18 16 763
18 16 764
18 16 765
18 16 766
18 16 767
18 16 768
18 16 769
18 16 770
18 16 771
18 16 772
18 16 773
18 16 774
18 16 775
18 16 776
18 16 777
18 16 778
18 16 779
18 16 780
18 16 781
18 16 782
18 16 783
18 16 784
18 16 785
18 16 786
18 16 787
18 16 788
18 16 789
18 16 790
18 16 791
18 16 792
18 16 793
18 16 794
18 16 795
18 16 796
18 16 797
18 16 798
18 16 799
18 16 800
18 16 801
18 16 802
18 16 803
18 16 804
18 16 805
18 16 806
18 16 807
18 16 808
18 16 809
18 16 810
18 16 811
18 16 812
18 16 813
18 16 814
18 16 815
18 16 816
18 16 817
18 16 818
18 16 819
18 16 820
18 16 821
18 16 822
18 16 823
18 16 824
18 16 825
18 16 826
18 16 827
18 16 828
18 16 829
18 16 830
18 16 831
18 16 832
18 16 833
18 16 834
18 16 835
18 16 836
18 16 837
18 16 838
18 16 839
18 16 840
18 16 841
18 16 842
18 16 843
18 16 844
18 16 845
18 16 846
18 16 847
18 16 848
18 16 849
18 16 850
18 16 851
18 16 852
18 16 853
18 16 854
18 16 855
18 16 856
18 16 857
18 16 858
18 16 859
18 16 860
18 16 861
18 16 862
18 16 863
18 16 864
18 16 865
18 16 866
18 16 867
18 16 868
18 16 869
18 16 870
18 16 871
18 16 872
18 16 873
18 16 874
18 16 875
18 16 876
18 16 877
18 16 878
18 16 879
18 16 880
18 16 881
18 16 882
18 16 883
18 16 884
18 16 885
18 16 886
18 16 887
18 16 888
18 16 889
18 16 890
18 16 891
18 16 892
18 16 893
18 16 894
18 16 895
18 16 896
18 16 897
18 16 898
18 16 899
18 16 900
18 16 901
18 16 902
18 16 903
18 16 904
18 16 905
18 16 906
18 16 907
18 16 908
18 16 909
18 16 910
18 16 911
18 16 912
18 16 913
18 16 914
18 16 915
18 16 916
18 16 917
18 16 918
18 16 919
18 16 920
18 16 921
18 16 922
18 16 923
18 16 924
18 16 925
18 16 926
18 16 927
18 16 928
18 16 929
18 16 930
18 16 931
18 16 932
18 16 933
18 16 934
18 16 935
18 16 936
18 16 937
18 16 938
18 16 939
18 16 940
18 16 941
18 16 942
18 16 943
18 16 944
18 16 945
18 16 946
18 16 947
18 16 948
18 16 949
18 16 950
18 16 951
18 16 952
18 16 953
18 16 954
18 16 955
18 16 956
18 16 957
18 16 958
18 16 959
18 16 960
18 16 961
18 16 962
18 16 963
18 16 964
18 16 965
18 16 966
18 16 967
18 16 968
18 16 969
18 16 970
18 16 971
18 16 972
18 16 973
18 16 974
18 16 975
18 16 976
18 16 977
18 16 978
18 16 979
18 16 980
18 16 981
18 16 982
18 16 983
18 16 984
18 16 985
18 16 986
18 16 987
18 16 988
18 16 989
18 16 990
18 16 991
18 16 992
18 16 993
18 16 994
18 16 995
18 16 996
18 16 997
18 16 998
18 16 999
18 16 1000
18 16 1001
18 16 1002
18 16 1003
18 16 1004
18 16 1005
18 16 1006
18 16 1007
18 16 1008
18 16 1009
18 16 1010
18 16 1011
18 16 1012
18 16 1013
18 16 1014
18 16 1015
18 16 1016
18 16 1017
18 16 1018
18 16 1019
18 16 1020
18 16 1021
18 16 1022
18 16 1023
18 16 1024
18 16 1025
18 16 1026
18 16 1027
18 16 1028
18 16 1029
18 16 1030
18 16 1031
18 16 1032
18 16 1033
18 16 1034
18 16 1035
18 16 1036
18 16 1037
18 16 1038
18 16 1039
18 16 1040
18 16 1041
18 16 1042
18 16 1043
18 16 1044
18 16 1045
18 16 1046
18 16 1047
18 16 1048
18 16 1049
18 16 1050
18 16 1051
18 16 1052
18 16 1053
18 16 1054
18 16 1055
18 16 1056
18 16 1057
18 16 1058
18 16 1059
18 16 1060
18 16 1061
18 16 1062
18 16 1063
18 16 1064
18 16 1065
18 16 1066
18 16 1067
18 16 1068
18 16 1069
18 16 1070
18 16 1071
18 16 1072
18 16 1073
18 16 1074
18 16 1075
18 16 1076
18 16 1077
18 16 1078
18 16 1079
18 16 1080
18 16 1081
18 16 1082
18 16 1083
18 16 1084
18 16 1085
18 16 1086
18 16 1087
18 16 1088
18 16 1089
18 16 1090
18 16 1091
18 16 1092
18 16 1093
18 16 1094
18 16 1095
18 16 1096
18 16 1097
18 16 1098
18 16 1099
18 16 1100
18 16 1101
18 16 1102
18 16 1103
18 16 1104
18 16 1105
18 16 1106
18 16 1107
18 16 1108
18 16 1109
18 16 1110
18 16 1111
18 16 1112
18 16 1113
18 16 1114
18 16 1115
18 16 1116
18 16 1117
18 16 1118
18 16 1119
18 16 1120
18 16 1121
18 16 1122
18 16 1123
18 16 1124
18 16 1125
18 16 1126
18 16 1127
18 16 1128
18 16 1129
18 16 1130
18 16 1131
18 16 1132
18 16 1133
18 16 1134
18 16 1135
18 16 1136
18 16 1137
18 16 1138
18 16 1139
18 16 1140
18 16 1141
18 16 1142
18 16 1143
18 16 1144
18 16 1145
18 16 1146
18 16 1147
18 16 1148
18 16 1149
18 16 1150
18 16 1151
18 16 1152
18 16 1153
18 16 1154
18 16 1155
18 16 1156
18 16 1157
18 16 1158
18 16 1159
18 16 1160
18 16 1161
18 16 1162
18 16 1163
18 16 1164
18 16 1165
18 16 1166
18 16 1167
18 16 1168
18 16 1169
18 16 1170
18 16 1171
18 16 1172
18 16 1173
18 16 1174
18 16 1175
18 16 1176
18 16 1177
18 16 1178
18 16 1179
18 16 1180
18 16 1181
18 16 1182
18 16 1183
18 16 1184
18 16 1185
18 16 1186
18 16 1187
18 16 1188
18 16 1189
18 16 1190
18 16 1191
18 16 1192
18 16 1193
18 16 1194
18 16 1195
18 16 1196
18 16 1197
18 16 1198
18 16 1199
18 16 1200
18 16 1201
18 16 1202
18 16 1203
18 16 1204
18 16 1205
18 16 1206
18 16 1207
18 16 1208
18 16 1209
18 16 1210
18 16 1211
18 16 1212
18 16 1213
18 16 1214
18 16 1215
18 16 1216
18 16 1217
18 16 1218
18 16 1219
18 16 1220
18 16 1221
18 16 1222
18 16 1223
18 16 1224
18 16 1225
18 16 1226
18 16 1227
18 16 1228
18 16 1229
18 16 1230
18 16 1231
18 16 1232
18 16 1233
18 16 1234
18 16 1235
18 16 1236
18 16 1237
18 16 1238
18 16 1239
18 16 1240
18 16 1241
18 16 1242
18 16 1243
18 16 1244
18 16 1245
18 16 1246
18 16 1247
18 16 1248
18 16 1249
18 16 1250
18 16 1251
18 16 1252
18 16 1253
18 16 1254
18 16 1255
18 16 1256
18 16 1257
18 16 1258
18 16 1259
18 16 1260
18 16 1261
18 16 1262
18 16 1263
18 16 1264
18 16 1265
18 16 1266
18 16 1267
18 16 1268
18 16 1269
18 16 1270
18 16 1271
18 16 1272
18 16 1273
18 16 1274
18 16 1275
18 16 1276
18 16 1277
18 16 1278
18 16 1279
18 16 1280
18 16 1281
18 16 1282
18 16 1283
18 16 1284
18 16 1285
18 16 1286
18 16 1287
18 16 1288
18 16 1289
18 16 1290
18 16 1291
18 16 1292
18 16 1293
18 16 1294
18 16 1295
18 16 1296
18 16 1297
18 16 1298
18 16 1299
18 16 1300
18 16 1301
18 16 1302
18 16 1303
18 16 1304
18 16 1305
18 16 1306
18 16 1307
18 16 1308
18 16 1309
18 16 1310
18 16 1311
18 16 1312
18 16 1313
18 16 1314
18 16 1315
18 16 1316
18 16 1317
18 16 1318
18 16 1319
18 16 1320
18 16 1321
18 16 1322
18 16 1323
18 16 1324
18 16 1325
18 16 1326
18 16 1327
18 16 1328
18 16 1329
18 16 1330
18 16 1331
18 16 1332
18 16 1333
18 16 1334
18 16 1335
18 16 1336
18 16 1337
18 16 1338
18 16 1339
18 16 1340
18 16 1341
18 16 1342
18 16 1343
18 16 1344
18 16 1345
18 16 1346
18 16 1347
18 16 1348
18 16 1349
18 16 1350
18 16 1351
18 16 1352
18 16 1353
18 16 1354
18 16 1355
18 16 1356
18 16 1357
18 16 1358
18 16 1359
18 16 1360
18 16 1361
18 16 1362
18 16 1363
18 16 1364
18 16 1365
18 16 1366
18 16 1367
18 16 1368
18 16 1369
18 16 1370
18 16 1371
18 16 1372
18 16 1373
18 16 1374
18 16 1375
18 16 1376
18 16 1377
18 16 1378
18 16 1379
18 16 1380
18 16 1381
18 16 1382
18 16 1383
18 16 1384
18 16 1385
18 16 1386
18 16 1387
18 16 1388
18 16 1389
18 16 1390
18 16 1391
18 16 1392
18 16 1393
18 16 1394
18 16 1395
18 16 1396
18 16 1397
18 16 1398
18 16 1399
18 16 1400
18 16 1401
18 16 1402
18 16 1403
18 16 1404
18 16 1405
18 16 1406
18 16 1407
18 16 1408
18 16 1409
18 16 1410
18 16 1411
18 16 1412
18 16 1413
18 16 1414
18 16 1415
18 16 1416
18 16 1417
18 16 1418
18 16 1419
18 16 1420
18 16 1421
18 16 1422
18 16 1423
18 16 1424
18 16 1425
18 16 1426
18 16 1427
18 16 1428
18 16 1429
18 16 1430
18 16 1431
18 16 1432
18 16 1433
18 16 1434
18 16 1435
18 16 1436
18 16 1437
18 16 1438
18 16 1439
18 16 1440
18 16 1441
18 16 1442
18 16 1443
18 16 1444
18 16 1445
18 16 1446
18 16 1447
18 16 1448
18 16 1449
18 16 1450
18 16 1451
18 16 1452
18 16 1453
18 16 1454
18 16 1455
18 16 1456
18 16 1457
18 16 1458
18 16 1459
18 16 1460
18 16 1461
18 16 1462
18 16 1463
18 16 1464
18 16 1465
18 16 1466
18 16 1467
18 16 1468
18 16 1469
18 16 1470
18 16 1471
18 16 1472
18 16 1473
18 16 1474
18 16 1475
18 16 1476
18 16 1477
18 16 1478
18 16 1479
18 16 1480
18 16 1481
18 16 1482
18 16 1483
18 16 1484
18 16 1485
18 16 1486
18 16 1487
18 16 1488
18 16 1489
18 16 1490
18 16 1491
18 16 1492
18 16 1493
18 16 1494
18 16 1495
18 16 1496
18 16 1497
18 16 1498
18 16 1499
18 16 1500
18 16 1501
18 16 1502
18 16 1503
18 16 1504
18 16 1505
18 16 1506
18 16 1507
18 16 1508
18 16 1509
18 16 1510
18 16 1511
18 16 1512
18 16 1513
18 16 1514
18 16 1515
18 16 1516
18 16 1517
18 16 1518
18 16 1519
18 16 1520
18 16 1521
18 16 1522
18 16 1523
18 16 1524
18 16 1525
18 16 1526
18 16 1527
18 16 1528
18 16 1529
18 16 1530
18 16 1531
18 16 1532
18 16 1533
18 16 1534
18 16 1535
18 16 1536
18 16 1537
18 16 1538
18 16 1539
18 16 1540
18 16 1541
18 16 1542
18 16 1543
18 16 1544
18 16 1545
18 16 1546
18 16 1547
18 16 1548
18 16 1549
18 16 1550
18 16 1551
18 16 1552
18 16 1553
18 16 1554
18 16 1555
18 16 1556
18 16 1557
18 16 1558
18 16 1559
18 16 1560
18 16 1561
18 16 1562
18 16 1563
18 16 1564
18 16 1565
18 16 1566
18 16 1567
18 16 1568
18 16 1569
18 16 1570
18 16 1571
18 16 1572
18 16 1573
18 16 1574
18 16 1575
18 16 1576
18 16 1577
18 16 1578
18 16 1579
18 16 1580
18 16 1581
18 16 1582
18 16 1583
18 16 1584
18 16 1585
18 16 1586
18 16 1587
18 16 1588
18 16 1589
18 16 1590
18 16 1591
18 16 1592
18 16 1593
18 16 1594
18 16 1595
18 16 1596
18 16 1597
18 16 1598
18 16 1599
18 16 1600
18 16 1601
18 16 1602
18 16 1603
18 16 1604
18 16 1605
18 16 1606
18 16 1607
18 16 1608
18 16 1609
18 16 1610
18 16 1611
18 16 1612
18 16 1613
18 16 1614
18 16 1615
18 16 1616
18 16 1617
18 16 1618
18 16 1619
18 16 1620
18 16 1621
18 16 1622
18 16 1623
18 16 1624
18 16 1625
18 16 1626
18 16 1627
18 16 1628
18 16 1629
18 16 1630
18 16 1631
18 16 1632
18 16 1633
18 16 1634
18 16 1635
18 16 1636
18 16 1637
18 16 1638
18 16 1639
18 16 1640
18 16 1641
18 16 1642
18 16 1643
18 16 1644
18 16 1645
18 16 1646
18 16 1647
18 16 1648
18 16 1649
18 16 1650
18 16 1651
18 16 1652
18 16 1653
18 16 1654
18 16 1655
18 16 1656
18 16 1657
18 16 1658
18 16 1659
18 16 1660
18 16 1661
18 16 1662
18 16 1663
18 16 1664
18 16 1665
18 16 1666
18 16 1667
18 16 1668
18 16 1669
18 16 1670
18 16 1671
18 16 1672
18 16 1673
18 16 1674
18 16 1675
18 16 1676
18 16 1677
18 16 1678
18 16 1679
18 16 1680
18 16 1681
18 16 1682
18 16 1683
18 16 1684
18 16 1685
18 16 1686
18 16 1687
18 16 1688
18 16 1689
18 16 1690
18 16 1691
18 16 1692
18 16 1693
18 16 1694
18 16 1695
18 16 1696
18 16 1697
18 16 1698
18 16 1699
18 16 1700
18 16 1701
18 16 1702
18 16 1703
18 16 1704
18 16 1705
18 16 1706
18 16 1707
18 16 1708
18 16 1709
18 16 1710
18 16 1711
18 16 1712
18 16 1713
18 16 1714
18 16 1715
18 16 1716
18 16 1717
18 16 1718
18 16 1719
18 16 1720
18 16 1721
18 16 1722
18 16 1723
18 16 1724
18 16 1725
18 16 1726
18 16 1727
18 16 1728
18 16 1729
18 16 1730
18 16 1731
18 16 1732
18 16 1733
18 16 1734
18 16 1735
18 16 1736
18 16 1737
18 16 1738
18 16 1739
18 16 1740
18 16 1741
18 16 1742
18 16 1743
18 16 1744
18 16 1745
18 16 1746
18 16 1747
18 16 1748
18 16 1749
18 16 1750
18 16 1751
18 16 1752
18 16 1753
18 16 1754
18 16 1755
18 16 1756
18 16 1757
18 16 1758
18 16 1759
18 16 1760
18 16 1761
18 16 1762
18 16 1763
18 16 1764
18 16 1765
18 16 1766
18 16 1767
18 16 1768
18 16 1769
18 16 1770
18 16 1771
18 16 1772
18 16 1773
18 16 1774
18 16 1775
18 16 1776
18 16 1777
18 16 1778
18 16 1779
18 16 1780
18 16 1781
18 16 1782
18 16 1783
18 16 1784
18 16 1785
18 16 1786
18 16 1787
18 16 1788
18 16 1789
18 16 1790
18 16 1791
18 16 1792
18 16 1793
18 16 1794
18 16 1795
18 16 1796
18 16 1797
18 16 1798
18 16 1799
18 16 1800
18 16 1801
18 16 1802
18 16 1803
18 16 1804
18 16 1805
18 16 1806
18 16 1807
18 16 1808
18 16 1809
18 16 1810
18 16 1811
18 16 1812
18 16 1813
18 16 1814
18 16 1815
18 16 1816
18 16 1817
18 16 1818
18 16 1819
18 16 1820
18 16 1821
18 16 1822
18 16 1823
18 16 1824
18 16 1825
18 16 1826
18 16 1827
18 16 1828
18 16 1829
18 16 1830
18 16 1831
18 16 1832
18 16 1833
18 16 1834
18 16 1835
18 16 1836
18 16 1837
18 16 1838
18 16 1839
18 16 1840
18 16 1841
18 16 1842
18 16 1843
18 16 1844
18 16 1845
18 16 1846
18 16 1847
18 16 1848
18 16 1849
18 16 1850
18 16 1851
18 16 1852
18 16 1853
18 16 1854
18 16 1855
18 16 1856
18 16 1857
18 16 1858
18 16 1859
18 16 1860
18 16 1861
18 16 1862
18 16 1863
18 16 1864
18 16 1865
18 16 1866
18 16 1867
18 16 1868
18 16 1869
18 16 1870
18 16 1871
18 16 1872
18 16 1873
18 16 1874
18 16 1875
18 16 1876
18 16 1877
18 16 1878
18 16 1879
18 16 1880
18 16 1881
18 16 1882
18 16 1883
18 16 1884
18 16 1885
18 16 1886
18 16 1887
18 16 1888
18 16 1889
18 16 1890
18 16 1891
18 16 1892
18 16 1893
18 16 1894
18 16 1895
18 16 1896
18 16 1897
18 16 1898
18 16 1899
18 16 1900
18 16 1901
18 16 1902
18 16 1903
18 16 1904
18 16 1905
18 16 1906
18 16 1907
18 16 1908
18 16 1909
18 16 1910
18 16 1911
18 16 1912
18 16 1913
18 16 1914
18 16 1915
18 16 1916
18 16 1917
18 16 1918
18 16 1919
18 16 1920
18 16 1921
18 16 1922
18 16 1923
18 16 1924
18 16 1925
18 16 1926
18 16 1927
18 16 1928
18 16 1929
18 16 1930
18 16 1931
18 16 1932
18 16 1933
18 16 1934
18 16 1935
18 16 1936
18 16 1937
18 16 1938
18 16 1939
18 16 1940
18 16 1941
18 16 1942
18 16 1943
18 16 1944
18 16 1945
18 16 1946
18 16 1947
18 16 1948
18 16 1949
18 16 1950
18 16 1951
18 16 1952
18 16 1953
18 16 1954
18 16 1955
18 16 1956
18 16 1957
18 16 1958
18 16 1959
18 16 1960
18 16 1961
18 16 1962
18 16 1963
18 16 1964
18 16 1965
18 16 1966
18 16 1967
18 16 1968
18 16 1969
18 16 1970
18 16 1971
18 16 1972
18 16 1973
18 16 1974
18 16 1975
18 16 1976
18 16 1977
18 16 1978
18 16 1979
18 16 1980
18 16 1981
18 16 1982
18 16 1983
18 16 1984
18 16 1985
18 16 1986
18 16 1987
18 16 1988
18 16 1989
18 16 1990
18 16 1991
18 16 1992
18 16 1993
18 16 1994
18 16 1995
18 16 1996
18 16 1997
18 16 1998
18 16 1999
18 16 2000
18 16 2001
18 16 2002
18 16 2003
18 16 2004
18 16 2005
18 16 2006
18 16 2007
18 16 2008
18 16 2009
18 16 2010
18 16 2011
18 16 2012
18 16 2013
18 16 2014
18 16 2015
18 16 2016
18 16 2017
18 16 2018
18 16 2019
18 16 2020
18 16 2021
18 16 2022
18 16 2023
18 16 2024
18 16 2025
18 16 2026
18 16 2027
18 16 2028
18 16 2029
18 16 2030
18 16 2031
18 16 2032
18 16 2033
18 16 2034
18 16 2035
18 16 2036
18 16 2037
18 16 2038
18 16 2039
18 16 2040
18 16 2041
18 16 2042
18 16 2043
18 16 2044
18 16 2045
18 16 2046
18 16 2047
18 16 2048
18 16 2049
18 16 2050
18 16 2051
18 16 2052
18 16 2053
18 16 2054
18 16 2055
18 16 2056
18 16 2057
18 16 2058
18 16 2059
18 16 2060
18 16 2061
18 16 2062
18 16 2063
18 16 2064
18 16 2065
18 16 2066
18 16 2067
18 16 2068
18 16 2069
18 16 2070
18 16 2071
18 16 2072
18 16 2073
18 16 2074
18 16 2075
18 16 2076
18 16 2077
18 16 2078
18 16 2079
18 16 2080
18 16 2081
18 16 2082
18 16 2083
18 16 2084
18 16 2085
18 16 2086
18 16 2087
18 16 2088
18 16 2089
18 16 2090
18 16 2091
18 16 2092
18 16 2093
18 16 2094
18 16 2095
18 16 2096
18 16 2097
18 16 2098
18 16 2099
18 16 2100
18 16 2101
18 16 2102
18 16 2103
18 16 2104
18 16 2105
18 16 2106
18 16 2107
18 16 2108
18 16 2109
18 16 2110
18 16 2111
18 16 2112
18 16 2113
18 16 2114
18 16 2115
18 16 2116
18 16 2117
18 16 2118
18 16 2119
18 16 2120
18 16 2121
18 16 2122
18 16 2123
18 16 2124
18 16 2125
18 16 2126
18 16 2127
18 16 2128
18 16 2129
18 16 2130
18 16 2131
18 16 2132
18 16 2133
18 16 2134
18 16 2135
18 16 2136
18 16 2137
18 16 2138
18 16 2139
18 16 2140
18 16 2141
18 16 2142
18 16 2143
18 16 2144
18 16 2145
18 16 2146
18 16 2147
18 16 2148
18 16 2149
18 16 2150
18 16 2151
18 16 2152
18 16 2153
18 16 2154
18 16 2155
18 16 2156
18 16 2157
18 16 2158
18 16 2159
18 16 2160
18 16 2161
18 16 2162
18 16 2163
18 16 2164
18 16 2165
18 16 2166
18 16 2167
18 16 2168
18 16 2169
18 16 2170
18 16 2171
18 16 2172
18 16 2173
18 16 2174
18 16 2175
18 16 2176
18 16 2177
18 16 2178
18 16 2179
18 16 2180
18 16 2181
18 16 2182
18 16 2183
18 16 2184
18 16 2185
18 16 2186
18 16 2187
18 16 2188
18 16 2189
18 16 2190
18 16 2191
18 16 2192
18 16 2193
18 16 2194
18 16 2195
18 16 2196
18 16 2197
18 16 2198
18 16 2199
18 16 2200
18 16 2201
18 16 2202
18 16 2203
18 16 2204
18 16 2205
18 16 2206
18 16 2207
18 16 2208
18 16 2209
18 16 2210
18 16 2211
18 16 2212
18 16 2213
18 16 2214
18 16 2215
18 16 2216
18 16 2217
18 16 2218
18 16 2219
18 16 2220
18 16 2221
18 16 2222
18 16 2223
18 16 2224
18 16 2225
18 16 2226
18 16 2227
18 16 2228
18 16 2229
18 16 2230
18 16 2231
18 16 2232
18 16 2233
18 16 2234
18 16 2235
18 16 2236
18 16 2237
18 16 2238
18 16 2239
18 16 2240
18 16 2241
18 16 2242
18 16 2243
18 16 2244
18 16 2245
18 16 2246
18 16 2247
18 16 2248
18 16 2249
18 16 2250
18 16 2251
18 16 2252
18 16 2253
18 16 2254
18 16 2255
18 16 2256
18 16 2257
18 16 2258
18 16 2259
18 16 2260
18 16 2261
18 16 2262
18 16 2263
18 16 2264
18 16 2265
18 16 2266
18 16 2267
18 16 2268
18 16 2269
18 16 2270
18 16 2271
18 16 2272
18 16 2273
18 16 2274
18 16 2275
18 16 2276
18 16 2277
18 16 2278
18 16 2279
18 16 2280
18 16 2281
18 16 2282
18 16 2283
18 16 2284
18 16 2285
18 16 2286
18 16 2287
18 16 2288
18 16 2289
18 16 2290
18 16 2291
18 16 2292
18 16 2293
18 16 2294
18 16 2295
18 16 2296
18 16 2297
18 16 2298
18 16 2299
18 16 2300
18 16 2301
18 16 2302
18 16 2303
18 16 2304
18 16 2305
18 16 2306
18 16 2307
18 16 2308
18 16 2309
18 16 2310
18 16 2311
18 16 2312
18 16 2313
18 16 2314
18 16 2315
18 16 2316
18 16 2317
18 16 2318
18 16 2319
18 16 2320
18 16 2321
18 16 2322
18 16 2323
18 16 2324
18 16 2325
18 16 2326
18 16 2327
18 16 2328
18 16 2329
18 16 2330
18 16 2331
18 16 2332
18 16 2333
18 16 2334
18 16 2335
18 16 2336
18 16 2337
18 16 2338
18 16 2339
18 16 2340
18 16 2341
18 16 2342
18 16 2343
18 16 2344
18 16 2345
18 16 2346
18 16 2347
18 16 2348
18 16 2349
18 16 2350
18 16 2351
18 16 2352
18 16 2353
18 16 2354
18 16 2355
18 16 2356
18 16 2357
18 16 2358
18 16 2359
18 16 2360
18 16 2361
18 16 2362
18 16 2363
18 16 2364
18 16 2365
18 16 2366
18 16 2367
18 16 2368
18 16 2369
18 16 2370
18 16 2371
18 16 2372
18 16 2373
18 16 2374
18 16 2375
18 16 2376
18 16 2377
18 16 2378
18 16 2379
18 16 2380
18 16 2381
18 16 2382
18 16 2383
18 16 2384
18 16 2385
18 16 2386
18 16 2387
18 16 2388
18 16 2389
18 16 2390
18 16 2391
18 16 2392
18 16 2393
18 16 2394
18 16 2395
18 16 2396
18 16 2397
18 16 2398
18 16 2399
18 16 2400
18 16 2401
18 16 2402
18 16 2403
18 16 2404
18 16 2405
18 16 2406
18 16 2407
18 16 2408
18 16 2409
18 16 2410
18 16 2411
18 16 2412
18 16 2413
18 16 2414
18 16 2415
18 16 2416
18 16 2417
18 16 2418
18 16 2419
18 16 2420
18 16 2421
18 16 2422
18 16 2423
18 16 2424
18 16 2425
18 16 2426
18 16 2427
18 16 2428
18 16 2429
18 16 2430
18 16 2431
18 16 2432
18 16 2433
18 16 2434
18 16 2435
18 16 2436
18 16 2437
18 16 2438
18 16 2439
18 16 2440
18 16 2441
18 16 2442
18 16 2443
18 16 2444
18 16 2445
18 16 2446
18 16 2447
18 16 2448
18 16 2449
18 16 2450
18 16 2451
18 16 2452
18 16 2453
18 16 2454
18 16 2455
18 16 2456
18 16 2457
