15 20 1
15 20 2
15 20 3
15 20 4
15 20 5
15 20 6
15 20 7
15 20 8
15 20 9
15 20 10
15 20 11
15 20 12
15 20 13
15 20 14
15 20 15
15 20 16
15 20 17
15 20 18
15 20 19
15 20 20
15 20 21
15 20 22
15 20 23
15 20 24
15 20 25
15 20 26
15 20 27
15 20 28
15 20 29
15 20 30
15 20 31
15 20 32
15 20 33
15 20 34
15 20 35
15 20 36
15 20 37
15 20 38
15 20 39
15 20 40
15 20 41
15 20 42
15 20 43
15 20 44
15 20 45
15 20 46
15 20 47
15 20 48
15 20 49
15 20 50
15 20 51
15 20 52
15 20 53
15 20 54
15 20 55
15 20 56
15 20 57
15 20 58
15 20 59
15 20 60
15 20 61
15 20 62
15 20 63
15 20 64
15 20 65
15 20 66
15 20 67
15 20 68
15 20 69
15 20 70
15 20 71
15 20 72
15 20 73
15 20 74
15 20 75
15 20 76
15 20 77
15 20 78
15 20 79
15 20 80
15 20 81
15 20 82
15 20 83
15 20 84
15 20 85
15 20 86
15 20 87
15 20 88
15 20 89
15 20 90
15 20 91
15 20 92
15 20 93
15 20 94
15 20 95
15 20 96
15 20 97
15 20 98
15 20 99
15 20 100
15 20 101
15 20 102
15 20 103
15 20 104
15 20 105
15 20 106
15 20 107
15 20 108
15 20 109
15 20 110
15 20 111
15 20 112
15 20 113
15 20 114
15 20 115
15 20 116
15 20 117
15 20 118
15 20 119
15 20 120
15 20 121
15 20 122
15 20 123
15 20 124
15 20 125
15 20 126
15 20 127
15 20 128
15 20 129
15 20 130
15 20 131
15 20 132
15 20 133
15 20 134
15 20 135
15 20 136
15 20 137
15 20 138
15 20 139
15 20 140
15 20 141
15 20 142
15 20 143
15 20 144
15 20 145
15 20 146
15 20 147
15 20 148
15 20 149
15 20 150
15 20 151
15 20 152
15 20 153
15 20 154
15 20 155
15 20 156
15 20 157
15 20 158
15 20 159
15 20 160
15 20 161
15 20 162
15 20 163
15 20 164
15 20 165
15 20 166
15 20 167
15 20 168
15 20 169
15 20 170
15 20 171
15 20 172
15 20 173
15 20 174
15 20 175
15 20 176
15 20 177
15 20 178
15 20 179
15 20 180
15 20 181
15 20 182
15 20 183
15 20 184
15 20 185
15 20 186
15 20 187
15 20 188
15 20 189
15 20 190
15 20 191
15 20 192
15 20 193
15 20 194
15 20 195
15 20 196
15 20 197
15 20 198
15 20 199
15 20 200
15 20 201
15 20 202
15 20 203
15 20 204
15 20 205
15 20 206
15 20 207
15 20 208
15 20 209
15 20 210
15 20 211
15 20 212
15 20 213
15 20 214
15 20 215
15 20 216
15 20 217
15 20 218
15 20 219
15 20 220
15 20 221
15 20 222
15 20 223
15 20 224
15 20 225
15 20 226
15 20 227
15 20 228
15 20 229
15 20 230
15 20 231
15 20 232
15 20 233
15 20 234
15 20 235
15 20 236
15 20 237
15 20 238
15 20 239
15 20 240
15 20 241
15 20 242
15 20 243
15 20 244
15 20 245
15 20 246
15 20 247
15 20 248
15 20 249
15 20 250
15 20 251
15 20 252
15 20 253
15 20 254
15 20 255
15 20 256
15 20 257
15 20 258
15 20 259
15 20 260
15 20 261
15 20 262
15 20 263
15 20 264
15 20 265
15 20 266
15 20 267
15 20 268
15 20 269
15 20 270
15 20 271
15 20 272
15 20 273
15 20 274
15 20 275
15 20 276
15 20 277
15 20 278
15 20 279
15 20 280
15 20 281
15 20 282
15 20 283
15 20 284
15 20 285
15 20 286
15 20 287
15 20 288
15 20 289
15 20 290
15 20 291
15 20 292
15 20 293
15 20 294
15 20 295
15 20 296
15 20 297
15 20 298
15 20 299
15 20 300
15 20 301
15 20 302
15 20 303
15 20 304
15 20 305
15 20 306
15 20 307
15 20 308
15 20 309
15 20 310
15 20 311
15 20 312
15 20 313
15 20 314
15 20 315
15 20 316
15 20 317
15 20 318
15 20 319
15 20 320
15 20 321
15 20 322
15 20 323
15 20 324
15 20 325
15 20 326
15 20 327
15 20 328
15 20 329
15 20 330
15 20 331
15 20 332
15 20 333
15 20 334
15 20 335
15 20 336
15 20 337
15 20 338
15 20 339
15 20 340
15 20 341
15 20 342
15 20 343
15 20 344
15 20 345
15 20 346
15 20 347
15 20 348
15 20 349
15 20 350
15 20 351
15 20 352
15 20 353
15 20 354
15 20 355
15 20 356
15 20 357
15 20 358
15 20 359
15 20 360
15 20 361
15 20 362
15 20 363
15 20 364
15 20 365
15 20 366
15 20 367
15 20 368
15 20 369
15 20 370
15 20 371
15 20 372
15 20 373
15 20 374
15 20 375
15 20 376
15 20 377
15 20 378
15 20 379
15 20 380
15 20 381
15 20 382
15 20 383
15 20 384
15 20 385
15 20 386
15 20 387
15 20 388
15 20 389
15 20 390
15 20 391
15 20 392
15 20 393
15 20 394
15 20 395
15 20 396
15 20 397
15 20 398
15 20 399
15 20 400
15 20 401
15 20 402
15 20 403
15 20 404
15 20 405
15 20 406
15 20 407
15 20 408
15 20 409
