2 18 1
2 18 2
2 18 3
2 18 4
2 18 5
2 18 6
2 18 7
2 18 8
2 18 9
2 18 10
2 18 11
2 18 12
2 18 13
2 18 14
2 18 15
2 18 16
2 18 17
2 18 18
2 18 19
2 18 20
2 18 21
2 18 22
2 18 23
2 18 24
2 18 25
2 18 26
2 18 27
2 18 28
2 18 29
2 18 30
2 18 31
2 18 32
2 18 33
2 18 34
2 18 35
2 18 36
2 18 37
2 18 38
2 18 39
2 18 40
2 18 41
2 18 42
2 18 43
2 18 44
2 18 45
2 18 46
2 18 47
2 18 48
2 18 49
2 18 50
2 18 51
2 18 52
2 18 53
2 18 54
2 18 55
2 18 56
2 18 57
2 18 58
2 18 59
2 18 60
2 18 61
2 18 62
2 18 63
2 18 64
2 18 65
2 18 66
2 18 67
2 18 68
2 18 69
2 18 70
2 18 71
2 18 72
2 18 73
2 18 74
2 18 75
2 18 76
2 18 77
2 18 78
2 18 79
2 18 80
2 18 81
2 18 82
2 18 83
2 18 84
2 18 85
2 18 86
2 18 87
2 18 88
2 18 89
2 18 90
2 18 91
2 18 92
2 18 93
2 18 94
2 18 95
2 18 96
2 18 97
2 18 98
2 18 99
2 18 100
2 18 101
2 18 102
2 18 103
2 18 104
2 18 105
2 18 106
2 18 107
2 18 108
2 18 109
2 18 110
2 18 111
2 18 112
2 18 113
2 18 114
2 18 115
2 18 116
2 18 117
2 18 118
2 18 119
2 18 120
2 18 121
2 18 122
2 18 123
2 18 124
2 18 125
2 18 126
2 18 127
2 18 128
2 18 129
2 18 130
2 18 131
2 18 132
2 18 133
2 18 134
2 18 135
2 18 136
2 18 137
2 18 138
2 18 139
2 18 140
2 18 141
2 18 142
2 18 143
2 18 144
2 18 145
2 18 146
2 18 147
2 18 148
2 18 149
2 18 150
2 18 151
2 18 152
2 18 153
2 18 154
2 18 155
2 18 156
2 18 157
2 18 158
2 18 159
2 18 160
2 18 161
2 18 162
2 18 163
2 18 164
2 18 165
2 18 166
2 18 167
2 18 168
2 18 169
2 18 170
2 18 171
2 18 172
2 18 173
2 18 174
2 18 175
2 18 176
2 18 177
2 18 178
2 18 179
2 18 180
2 18 181
2 18 182
2 18 183
2 18 184
2 18 185
2 18 186
2 18 187
2 18 188
2 18 189
2 18 190
2 18 191
2 18 192
2 18 193
2 18 194
2 18 195
2 18 196
2 18 197
2 18 198
2 18 199
2 18 200
2 18 201
2 18 202
2 18 203
2 18 204
2 18 205
2 18 206
2 18 207
2 18 208
2 18 209
2 18 210
2 18 211
2 18 212
2 18 213
2 18 214
2 18 215
2 18 216
2 18 217
2 18 218
2 18 219
2 18 220
2 18 221
2 18 222
2 18 223
2 18 224
2 18 225
2 18 226
2 18 227
2 18 228
2 18 229
2 18 230
2 18 231
2 18 232
2 18 233
2 18 234
2 18 235
2 18 236
2 18 237
2 18 238
2 18 239
2 18 240
2 18 241
2 18 242
2 18 243
2 18 244
2 18 245
2 18 246
2 18 247
2 18 248
2 18 249
2 18 250
2 18 251
2 18 252
2 18 253
2 18 254
2 18 255
2 18 256
2 18 257
2 18 258
2 18 259
2 18 260
2 18 261
2 18 262
2 18 263
2 18 264
2 18 265
2 18 266
2 18 267
2 18 268
2 18 269
2 18 270
2 18 271
2 18 272
2 18 273
2 18 274
2 18 275
2 18 276
2 18 277
2 18 278
2 18 279
2 18 280
2 18 281
2 18 282
2 18 283
2 18 284
2 18 285
2 18 286
2 18 287
2 18 288
2 18 289
2 18 290
2 18 291
2 18 292
2 18 293
2 18 294
2 18 295
2 18 296
2 18 297
2 18 298
2 18 299
2 18 300
2 18 301
2 18 302
2 18 303
2 18 304
2 18 305
2 18 306
2 18 307
2 18 308
2 18 309
2 18 310
2 18 311
2 18 312
2 18 313
2 18 314
2 18 315
2 18 316
2 18 317
2 18 318
2 18 319
2 18 320
2 18 321
2 18 322
2 18 323
2 18 324
2 18 325
2 18 326
2 18 327
2 18 328
2 18 329
2 18 330
2 18 331
2 18 332
2 18 333
2 18 334
2 18 335
2 18 336
2 18 337
2 18 338
2 18 339
2 18 340
2 18 341
2 18 342
2 18 343
2 18 344
2 18 345
2 18 346
2 18 347
2 18 348
2 18 349
2 18 350
2 18 351
2 18 352
2 18 353
2 18 354
2 18 355
2 18 356
2 18 357
2 18 358
2 18 359
2 18 360
2 18 361
2 18 362
2 18 363
2 18 364
2 18 365
2 18 366
2 18 367
2 18 368
2 18 369
2 18 370
2 18 371
2 18 372
2 18 373
2 18 374
2 18 375
2 18 376
2 18 377
2 18 378
2 18 379
2 18 380
2 18 381
2 18 382
2 18 383
2 18 384
2 18 385
2 18 386
2 18 387
2 18 388
2 18 389
2 18 390
2 18 391
2 18 392
2 18 393
2 18 394
2 18 395
2 18 396
2 18 397
2 18 398
2 18 399
2 18 400
2 18 401
2 18 402
2 18 403
2 18 404
2 18 405
2 18 406
2 18 407
2 18 408
2 18 409
2 18 410
2 18 411
2 18 412
2 18 413
2 18 414
2 18 415
2 18 416
2 18 417
2 18 418
2 18 419
2 18 420
2 18 421
2 18 422
2 18 423
2 18 424
2 18 425
2 18 426
2 18 427
2 18 428
2 18 429
2 18 430
2 18 431
2 18 432
2 18 433
2 18 434
2 18 435
2 18 436
2 18 437
2 18 438
2 18 439
2 18 440
2 18 441
2 18 442
2 18 443
2 18 444
2 18 445
2 18 446
2 18 447
2 18 448
2 18 449
2 18 450
2 18 451
2 18 452
2 18 453
2 18 454
2 18 455
2 18 456
2 18 457
2 18 458
2 18 459
2 18 460
2 18 461
2 18 462
2 18 463
2 18 464
2 18 465
2 18 466
2 18 467
2 18 468
2 18 469
2 18 470
2 18 471
2 18 472
2 18 473
2 18 474
2 18 475
2 18 476
2 18 477
2 18 478
2 18 479
2 18 480
2 18 481
2 18 482
2 18 483
2 18 484
2 18 485
2 18 486
2 18 487
2 18 488
2 18 489
2 18 490
2 18 491
2 18 492
2 18 493
2 18 494
2 18 495
2 18 496
2 18 497
2 18 498
2 18 499
2 18 500
2 18 501
2 18 502
2 18 503
2 18 504
2 18 505
2 18 506
2 18 507
2 18 508
2 18 509
2 18 510
2 18 511
2 18 512
2 18 513
2 18 514
2 18 515
2 18 516
2 18 517
2 18 518
2 18 519
2 18 520
2 18 521
2 18 522
2 18 523
2 18 524
2 18 525
2 18 526
2 18 527
2 18 528
2 18 529
2 18 530
2 18 531
2 18 532
2 18 533
2 18 534
2 18 535
2 18 536
2 18 537
2 18 538
2 18 539
2 18 540
2 18 541
2 18 542
2 18 543
2 18 544
2 18 545
2 18 546
2 18 547
2 18 548
2 18 549
2 18 550
2 18 551
2 18 552
2 18 553
2 18 554
2 18 555
2 18 556
2 18 557
2 18 558
2 18 559
2 18 560
2 18 561
2 18 562
2 18 563
2 18 564
2 18 565
2 18 566
2 18 567
2 18 568
2 18 569
2 18 570
2 18 571
2 18 572
2 18 573
2 18 574
2 18 575
2 18 576
2 18 577
2 18 578
2 18 579
2 18 580
2 18 581
2 18 582
2 18 583
2 18 584
2 18 585
2 18 586
2 18 587
2 18 588
2 18 589
2 18 590
2 18 591
2 18 592
2 18 593
2 18 594
2 18 595
2 18 596
2 18 597
2 18 598
2 18 599
2 18 600
2 18 601
2 18 602
2 18 603
2 18 604
2 18 605
2 18 606
2 18 607
2 18 608
2 18 609
2 18 610
2 18 611
2 18 612
2 18 613
2 18 614
2 18 615
2 18 616
2 18 617
2 18 618
2 18 619
2 18 620
2 18 621
2 18 622
2 18 623
2 18 624
2 18 625
2 18 626
2 18 627
2 18 628
2 18 629
2 18 630
2 18 631
2 18 632
2 18 633
2 18 634
2 18 635
2 18 636
2 18 637
2 18 638
2 18 639
2 18 640
2 18 641
2 18 642
2 18 643
2 18 644
2 18 645
2 18 646
2 18 647
2 18 648
2 18 649
2 18 650
2 18 651
2 18 652
2 18 653
2 18 654
2 18 655
2 18 656
2 18 657
2 18 658
2 18 659
2 18 660
2 18 661
2 18 662
2 18 663
2 18 664
2 18 665
2 18 666
2 18 667
2 18 668
2 18 669
2 18 670
2 18 671
2 18 672
2 18 673
2 18 674
2 18 675
2 18 676
2 18 677
2 18 678
2 18 679
2 18 680
2 18 681
2 18 682
2 18 683
2 18 684
2 18 685
2 18 686
2 18 687
2 18 688
2 18 689
2 18 690
2 18 691
2 18 692
2 18 693
2 18 694
2 18 695
2 18 696
2 18 697
2 18 698
2 18 699
2 18 700
2 18 701
2 18 702
2 18 703
2 18 704
2 18 705
2 18 706
2 18 707
2 18 708
2 18 709
2 18 710
2 18 711
2 18 712
2 18 713
2 18 714
2 18 715
2 18 716
2 18 717
2 18 718
2 18 719
2 18 720
2 18 721
2 18 722
2 18 723
2 18 724
2 18 725
2 18 726
2 18 727
2 18 728
2 18 729
2 18 730
2 18 731
2 18 732
2 18 733
2 18 734
2 18 735
2 18 736
2 18 737
2 18 738
2 18 739
2 18 740
2 18 741
2 18 742
2 18 743
2 18 744
2 18 745
2 18 746
2 18 747
2 18 748
2 18 749
2 18 750
2 18 751
2 18 752
2 18 753
2 18 754
2 18 755
2 18 756
2 18 757
2 18 758
2 18 759
2 18 760
2 18 761
2 18 762
2 18 763
2 18 764
2 18 765
2 18 766
2 18 767
2 18 768
2 18 769
2 18 770
2 18 771
2 18 772
2 18 773
2 18 774
2 18 775
2 18 776
2 18 777
2 18 778
2 18 779
2 18 780
2 18 781
2 18 782
2 18 783
2 18 784
2 18 785
2 18 786
2 18 787
2 18 788
2 18 789
2 18 790
2 18 791
2 18 792
2 18 793
2 18 794
2 18 795
2 18 796
2 18 797
2 18 798
2 18 799
2 18 800
2 18 801
2 18 802
2 18 803
2 18 804
2 18 805
2 18 806
2 18 807
2 18 808
2 18 809
2 18 810
2 18 811
2 18 812
2 18 813
2 18 814
2 18 815
2 18 816
2 18 817
2 18 818
2 18 819
2 18 820
2 18 821
2 18 822
2 18 823
2 18 824
2 18 825
2 18 826
2 18 827
2 18 828
2 18 829
2 18 830
2 18 831
2 18 832
2 18 833
2 18 834
2 18 835
2 18 836
2 18 837
2 18 838
2 18 839
2 18 840
2 18 841
2 18 842
2 18 843
2 18 844
2 18 845
2 18 846
2 18 847
2 18 848
2 18 849
2 18 850
2 18 851
2 18 852
2 18 853
2 18 854
2 18 855
2 18 856
2 18 857
2 18 858
2 18 859
2 18 860
2 18 861
2 18 862
2 18 863
2 18 864
2 18 865
2 18 866
2 18 867
2 18 868
2 18 869
2 18 870
2 18 871
2 18 872
2 18 873
2 18 874
2 18 875
2 18 876
2 18 877
2 18 878
2 18 879
2 18 880
2 18 881
2 18 882
2 18 883
2 18 884
2 18 885
2 18 886
2 18 887
2 18 888
2 18 889
2 18 890
2 18 891
2 18 892
2 18 893
2 18 894
2 18 895
2 18 896
2 18 897
2 18 898
2 18 899
2 18 900
2 18 901
2 18 902
2 18 903
2 18 904
2 18 905
2 18 906
2 18 907
2 18 908
2 18 909
2 18 910
2 18 911
2 18 912
2 18 913
2 18 914
2 18 915
2 18 916
2 18 917
2 18 918
2 18 919
2 18 920
2 18 921
2 18 922
2 18 923
2 18 924
2 18 925
2 18 926
2 18 927
2 18 928
2 18 929
2 18 930
2 18 931
2 18 932
2 18 933
2 18 934
2 18 935
2 18 936
2 18 937
2 18 938
2 18 939
2 18 940
2 18 941
2 18 942
2 18 943
2 18 944
2 18 945
2 18 946
2 18 947
2 18 948
2 18 949
2 18 950
2 18 951
2 18 952
2 18 953
2 18 954
2 18 955
2 18 956
2 18 957
2 18 958
2 18 959
2 18 960
2 18 961
2 18 962
2 18 963
2 18 964
2 18 965
2 18 966
2 18 967
2 18 968
2 18 969
2 18 970
2 18 971
2 18 972
2 18 973
2 18 974
2 18 975
2 18 976
2 18 977
2 18 978
2 18 979
2 18 980
2 18 981
2 18 982
2 18 983
2 18 984
2 18 985
2 18 986
2 18 987
2 18 988
2 18 989
2 18 990
2 18 991
2 18 992
2 18 993
2 18 994
2 18 995
2 18 996
2 18 997
2 18 998
2 18 999
2 18 1000
2 18 1001
2 18 1002
2 18 1003
2 18 1004
2 18 1005
2 18 1006
2 18 1007
2 18 1008
2 18 1009
2 18 1010
2 18 1011
2 18 1012
2 18 1013
2 18 1014
2 18 1015
2 18 1016
2 18 1017
2 18 1018
2 18 1019
2 18 1020
2 18 1021
2 18 1022
2 18 1023
2 18 1024
2 18 1025
2 18 1026
2 18 1027
2 18 1028
2 18 1029
2 18 1030
2 18 1031
2 18 1032
2 18 1033
2 18 1034
2 18 1035
2 18 1036
2 18 1037
2 18 1038
2 18 1039
2 18 1040
2 18 1041
2 18 1042
2 18 1043
2 18 1044
2 18 1045
2 18 1046
2 18 1047
2 18 1048
2 18 1049
2 18 1050
2 18 1051
2 18 1052
2 18 1053
2 18 1054
2 18 1055
2 18 1056
2 18 1057
2 18 1058
2 18 1059
2 18 1060
2 18 1061
2 18 1062
2 18 1063
2 18 1064
2 18 1065
2 18 1066
2 18 1067
2 18 1068
2 18 1069
2 18 1070
2 18 1071
2 18 1072
2 18 1073
2 18 1074
2 18 1075
2 18 1076
2 18 1077
2 18 1078
2 18 1079
2 18 1080
2 18 1081
2 18 1082
2 18 1083
2 18 1084
2 18 1085
2 18 1086
2 18 1087
2 18 1088
2 18 1089
2 18 1090
2 18 1091
2 18 1092
2 18 1093
2 18 1094
2 18 1095
2 18 1096
2 18 1097
2 18 1098
2 18 1099
2 18 1100
2 18 1101
2 18 1102
2 18 1103
2 18 1104
2 18 1105
2 18 1106
2 18 1107
2 18 1108
2 18 1109
2 18 1110
2 18 1111
2 18 1112
2 18 1113
2 18 1114
2 18 1115
2 18 1116
2 18 1117
2 18 1118
2 18 1119
2 18 1120
2 18 1121
2 18 1122
2 18 1123
2 18 1124
2 18 1125
2 18 1126
2 18 1127
2 18 1128
2 18 1129
2 18 1130
2 18 1131
2 18 1132
2 18 1133
2 18 1134
2 18 1135
2 18 1136
2 18 1137
2 18 1138
2 18 1139
2 18 1140
2 18 1141
2 18 1142
2 18 1143
2 18 1144
2 18 1145
2 18 1146
2 18 1147
2 18 1148
2 18 1149
2 18 1150
2 18 1151
2 18 1152
2 18 1153
2 18 1154
2 18 1155
2 18 1156
2 18 1157
2 18 1158
2 18 1159
2 18 1160
2 18 1161
2 18 1162
2 18 1163
2 18 1164
2 18 1165
2 18 1166
2 18 1167
2 18 1168
2 18 1169
2 18 1170
2 18 1171
2 18 1172
2 18 1173
2 18 1174
2 18 1175
2 18 1176
2 18 1177
2 18 1178
2 18 1179
2 18 1180
2 18 1181
2 18 1182
2 18 1183
2 18 1184
2 18 1185
2 18 1186
2 18 1187
2 18 1188
2 18 1189
2 18 1190
2 18 1191
2 18 1192
2 18 1193
2 18 1194
2 18 1195
2 18 1196
2 18 1197
2 18 1198
2 18 1199
2 18 1200
2 18 1201
2 18 1202
2 18 1203
2 18 1204
2 18 1205
2 18 1206
2 18 1207
2 18 1208
2 18 1209
2 18 1210
2 18 1211
2 18 1212
2 18 1213
2 18 1214
2 18 1215
2 18 1216
2 18 1217
2 18 1218
2 18 1219
2 18 1220
2 18 1221
2 18 1222
2 18 1223
2 18 1224
2 18 1225
2 18 1226
2 18 1227
2 18 1228
2 18 1229
2 18 1230
2 18 1231
2 18 1232
2 18 1233
2 18 1234
2 18 1235
2 18 1236
2 18 1237
2 18 1238
2 18 1239
2 18 1240
2 18 1241
2 18 1242
2 18 1243
2 18 1244
2 18 1245
2 18 1246
2 18 1247
2 18 1248
2 18 1249
2 18 1250
2 18 1251
2 18 1252
2 18 1253
2 18 1254
2 18 1255
2 18 1256
2 18 1257
2 18 1258
2 18 1259
2 18 1260
2 18 1261
2 18 1262
2 18 1263
2 18 1264
2 18 1265
2 18 1266
2 18 1267
2 18 1268
2 18 1269
2 18 1270
2 18 1271
2 18 1272
2 18 1273
2 18 1274
2 18 1275
2 18 1276
2 18 1277
2 18 1278
2 18 1279
2 18 1280
2 18 1281
2 18 1282
2 18 1283
2 18 1284
2 18 1285
2 18 1286
2 18 1287
2 18 1288
2 18 1289
2 18 1290
2 18 1291
2 18 1292
2 18 1293
2 18 1294
2 18 1295
2 18 1296
2 18 1297
2 18 1298
2 18 1299
2 18 1300
2 18 1301
2 18 1302
2 18 1303
2 18 1304
2 18 1305
2 18 1306
2 18 1307
2 18 1308
2 18 1309
2 18 1310
2 18 1311
2 18 1312
2 18 1313
2 18 1314
2 18 1315
2 18 1316
2 18 1317
2 18 1318
2 18 1319
2 18 1320
2 18 1321
2 18 1322
2 18 1323
2 18 1324
2 18 1325
2 18 1326
2 18 1327
2 18 1328
2 18 1329
2 18 1330
2 18 1331
2 18 1332
2 18 1333
2 18 1334
2 18 1335
2 18 1336
2 18 1337
2 18 1338
2 18 1339
2 18 1340
2 18 1341
2 18 1342
2 18 1343
2 18 1344
2 18 1345
2 18 1346
2 18 1347
2 18 1348
2 18 1349
2 18 1350
2 18 1351
2 18 1352
2 18 1353
2 18 1354
2 18 1355
2 18 1356
2 18 1357
2 18 1358
2 18 1359
2 18 1360
2 18 1361
2 18 1362
2 18 1363
2 18 1364
2 18 1365
2 18 1366
2 18 1367
2 18 1368
2 18 1369
2 18 1370
2 18 1371
2 18 1372
2 18 1373
2 18 1374
2 18 1375
2 18 1376
2 18 1377
2 18 1378
2 18 1379
2 18 1380
2 18 1381
2 18 1382
2 18 1383
2 18 1384
2 18 1385
2 18 1386
2 18 1387
2 18 1388
2 18 1389
2 18 1390
2 18 1391
2 18 1392
2 18 1393
2 18 1394
2 18 1395
2 18 1396
2 18 1397
2 18 1398
2 18 1399
2 18 1400
2 18 1401
2 18 1402
2 18 1403
2 18 1404
2 18 1405
2 18 1406
2 18 1407
2 18 1408
2 18 1409
2 18 1410
2 18 1411
2 18 1412
2 18 1413
2 18 1414
2 18 1415
2 18 1416
2 18 1417
2 18 1418
2 18 1419
2 18 1420
2 18 1421
2 18 1422
2 18 1423
2 18 1424
2 18 1425
2 18 1426
2 18 1427
2 18 1428
2 18 1429
2 18 1430
2 18 1431
2 18 1432
2 18 1433
2 18 1434
2 18 1435
2 18 1436
2 18 1437
2 18 1438
2 18 1439
2 18 1440
2 18 1441
2 18 1442
2 18 1443
2 18 1444
2 18 1445
2 18 1446
2 18 1447
2 18 1448
2 18 1449
2 18 1450
2 18 1451
2 18 1452
2 18 1453
2 18 1454
2 18 1455
2 18 1456
2 18 1457
2 18 1458
2 18 1459
2 18 1460
2 18 1461
2 18 1462
2 18 1463
2 18 1464
2 18 1465
2 18 1466
2 18 1467
2 18 1468
2 18 1469
2 18 1470
2 18 1471
2 18 1472
2 18 1473
2 18 1474
2 18 1475
2 18 1476
2 18 1477
2 18 1478
2 18 1479
2 18 1480
2 18 1481
2 18 1482
2 18 1483
2 18 1484
2 18 1485
2 18 1486
2 18 1487
2 18 1488
2 18 1489
2 18 1490
2 18 1491
2 18 1492
2 18 1493
2 18 1494
2 18 1495
2 18 1496
2 18 1497
2 18 1498
2 18 1499
2 18 1500
2 18 1501
2 18 1502
2 18 1503
2 18 1504
2 18 1505
2 18 1506
2 18 1507
2 18 1508
2 18 1509
2 18 1510
2 18 1511
2 18 1512
2 18 1513
2 18 1514
2 18 1515
2 18 1516
2 18 1517
2 18 1518
2 18 1519
2 18 1520
2 18 1521
2 18 1522
2 18 1523
2 18 1524
2 18 1525
2 18 1526
2 18 1527
2 18 1528
2 18 1529
2 18 1530
2 18 1531
2 18 1532
2 18 1533
2 18 1534
2 18 1535
2 18 1536
2 18 1537
2 18 1538
2 18 1539
2 18 1540
2 18 1541
2 18 1542
2 18 1543
2 18 1544
2 18 1545
2 18 1546
2 18 1547
2 18 1548
2 18 1549
2 18 1550
2 18 1551
2 18 1552
2 18 1553
2 18 1554
2 18 1555
2 18 1556
2 18 1557
2 18 1558
2 18 1559
2 18 1560
2 18 1561
2 18 1562
2 18 1563
2 18 1564
2 18 1565
2 18 1566
2 18 1567
2 18 1568
2 18 1569
2 18 1570
2 18 1571
2 18 1572
2 18 1573
2 18 1574
2 18 1575
2 18 1576
2 18 1577
2 18 1578
2 18 1579
2 18 1580
2 18 1581
2 18 1582
2 18 1583
2 18 1584
2 18 1585
2 18 1586
2 18 1587
2 18 1588
2 18 1589
2 18 1590
2 18 1591
2 18 1592
2 18 1593
2 18 1594
2 18 1595
2 18 1596
2 18 1597
2 18 1598
2 18 1599
2 18 1600
2 18 1601
2 18 1602
2 18 1603
2 18 1604
2 18 1605
2 18 1606
2 18 1607
2 18 1608
2 18 1609
2 18 1610
2 18 1611
2 18 1612
2 18 1613
2 18 1614
2 18 1615
2 18 1616
2 18 1617
2 18 1618
2 18 1619
2 18 1620
2 18 1621
2 18 1622
2 18 1623
2 18 1624
2 18 1625
2 18 1626
2 18 1627
2 18 1628
2 18 1629
2 18 1630
2 18 1631
2 18 1632
2 18 1633
2 18 1634
2 18 1635
2 18 1636
2 18 1637
2 18 1638
2 18 1639
2 18 1640
2 18 1641
2 18 1642
2 18 1643
2 18 1644
2 18 1645
2 18 1646
2 18 1647
2 18 1648
2 18 1649
2 18 1650
2 18 1651
2 18 1652
2 18 1653
2 18 1654
2 18 1655
2 18 1656
2 18 1657
2 18 1658
2 18 1659
2 18 1660
2 18 1661
2 18 1662
2 18 1663
2 18 1664
2 18 1665
2 18 1666
2 18 1667
2 18 1668
2 18 1669
2 18 1670
2 18 1671
2 18 1672
2 18 1673
2 18 1674
2 18 1675
2 18 1676
2 18 1677
2 18 1678
2 18 1679
2 18 1680
2 18 1681
2 18 1682
2 18 1683
2 18 1684
2 18 1685
2 18 1686
2 18 1687
2 18 1688
2 18 1689
2 18 1690
2 18 1691
2 18 1692
2 18 1693
2 18 1694
2 18 1695
2 18 1696
2 18 1697
2 18 1698
2 18 1699
2 18 1700
2 18 1701
2 18 1702
2 18 1703
2 18 1704
2 18 1705
2 18 1706
2 18 1707
2 18 1708
2 18 1709
2 18 1710
2 18 1711
2 18 1712
2 18 1713
2 18 1714
2 18 1715
2 18 1716
2 18 1717
2 18 1718
2 18 1719
2 18 1720
2 18 1721
2 18 1722
2 18 1723
2 18 1724
2 18 1725
2 18 1726
2 18 1727
2 18 1728
2 18 1729
2 18 1730
2 18 1731
2 18 1732
2 18 1733
2 18 1734
2 18 1735
2 18 1736
2 18 1737
2 18 1738
2 18 1739
2 18 1740
2 18 1741
2 18 1742
2 18 1743
2 18 1744
2 18 1745
2 18 1746
2 18 1747
2 18 1748
2 18 1749
2 18 1750
2 18 1751
2 18 1752
2 18 1753
2 18 1754
2 18 1755
2 18 1756
2 18 1757
2 18 1758
2 18 1759
2 18 1760
2 18 1761
2 18 1762
2 18 1763
2 18 1764
2 18 1765
2 18 1766
2 18 1767
2 18 1768
2 18 1769
2 18 1770
2 18 1771
2 18 1772
2 18 1773
2 18 1774
2 18 1775
2 18 1776
2 18 1777
2 18 1778
2 18 1779
2 18 1780
2 18 1781
2 18 1782
2 18 1783
2 18 1784
2 18 1785
2 18 1786
2 18 1787
2 18 1788
2 18 1789
2 18 1790
2 18 1791
2 18 1792
2 18 1793
2 18 1794
2 18 1795
2 18 1796
2 18 1797
2 18 1798
2 18 1799
2 18 1800
2 18 1801
2 18 1802
2 18 1803
2 18 1804
2 18 1805
2 18 1806
2 18 1807
2 18 1808
2 18 1809
2 18 1810
2 18 1811
2 18 1812
2 18 1813
2 18 1814
2 18 1815
2 18 1816
2 18 1817
2 18 1818
2 18 1819
2 18 1820
2 18 1821
2 18 1822
2 18 1823
2 18 1824
2 18 1825
2 18 1826
2 18 1827
2 18 1828
2 18 1829
2 18 1830
2 18 1831
2 18 1832
2 18 1833
2 18 1834
2 18 1835
2 18 1836
2 18 1837
2 18 1838
2 18 1839
2 18 1840
2 18 1841
2 18 1842
2 18 1843
2 18 1844
2 18 1845
2 18 1846
2 18 1847
2 18 1848
2 18 1849
2 18 1850
2 18 1851
2 18 1852
2 18 1853
2 18 1854
2 18 1855
2 18 1856
2 18 1857
2 18 1858
2 18 1859
2 18 1860
2 18 1861
2 18 1862
2 18 1863
2 18 1864
2 18 1865
2 18 1866
2 18 1867
2 18 1868
2 18 1869
2 18 1870
2 18 1871
2 18 1872
2 18 1873
2 18 1874
2 18 1875
2 18 1876
2 18 1877
2 18 1878
2 18 1879
2 18 1880
2 18 1881
2 18 1882
2 18 1883
2 18 1884
2 18 1885
2 18 1886
2 18 1887
2 18 1888
2 18 1889
2 18 1890
2 18 1891
2 18 1892
2 18 1893
2 18 1894
2 18 1895
2 18 1896
2 18 1897
2 18 1898
2 18 1899
2 18 1900
2 18 1901
2 18 1902
2 18 1903
2 18 1904
2 18 1905
2 18 1906
2 18 1907
2 18 1908
2 18 1909
2 18 1910
2 18 1911
2 18 1912
2 18 1913
2 18 1914
2 18 1915
2 18 1916
2 18 1917
2 18 1918
2 18 1919
2 18 1920
2 18 1921
2 18 1922
2 18 1923
2 18 1924
2 18 1925
2 18 1926
2 18 1927
2 18 1928
2 18 1929
2 18 1930
2 18 1931
2 18 1932
2 18 1933
2 18 1934
2 18 1935
2 18 1936
2 18 1937
2 18 1938
2 18 1939
2 18 1940
2 18 1941
2 18 1942
2 18 1943
2 18 1944
2 18 1945
2 18 1946
2 18 1947
2 18 1948
2 18 1949
2 18 1950
2 18 1951
2 18 1952
2 18 1953
2 18 1954
2 18 1955
2 18 1956
2 18 1957
2 18 1958
2 18 1959
2 18 1960
2 18 1961
2 18 1962
2 18 1963
2 18 1964
2 18 1965
2 18 1966
2 18 1967
2 18 1968
2 18 1969
2 18 1970
2 18 1971
2 18 1972
2 18 1973
2 18 1974
2 18 1975
2 18 1976
2 18 1977
2 18 1978
2 18 1979
2 18 1980
2 18 1981
2 18 1982
2 18 1983
2 18 1984
2 18 1985
2 18 1986
2 18 1987
2 18 1988
2 18 1989
2 18 1990
2 18 1991
2 18 1992
2 18 1993
2 18 1994
2 18 1995
2 18 1996
2 18 1997
2 18 1998
2 18 1999
2 18 2000
2 18 2001
2 18 2002
2 18 2003
2 18 2004
2 18 2005
2 18 2006
2 18 2007
2 18 2008
2 18 2009
2 18 2010
2 18 2011
2 18 2012
2 18 2013
2 18 2014
2 18 2015
2 18 2016
2 18 2017
2 18 2018
2 18 2019
2 18 2020
2 18 2021
2 18 2022
2 18 2023
2 18 2024
2 18 2025
2 18 2026
2 18 2027
2 18 2028
2 18 2029
2 18 2030
2 18 2031
2 18 2032
2 18 2033
2 18 2034
2 18 2035
2 18 2036
2 18 2037
2 18 2038
2 18 2039
2 18 2040
2 18 2041
2 18 2042
2 18 2043
2 18 2044
2 18 2045
2 18 2046
2 18 2047
2 18 2048
2 18 2049
2 18 2050
2 18 2051
2 18 2052
2 18 2053
2 18 2054
2 18 2055
2 18 2056
2 18 2057
2 18 2058
2 18 2059
2 18 2060
2 18 2061
2 18 2062
2 18 2063
2 18 2064
2 18 2065
2 18 2066
2 18 2067
2 18 2068
2 18 2069
2 18 2070
2 18 2071
2 18 2072
2 18 2073
2 18 2074
2 18 2075
2 18 2076
2 18 2077
2 18 2078
2 18 2079
2 18 2080
2 18 2081
2 18 2082
2 18 2083
2 18 2084
2 18 2085
2 18 2086
2 18 2087
2 18 2088
2 18 2089
2 18 2090
2 18 2091
2 18 2092
2 18 2093
2 18 2094
2 18 2095
2 18 2096
2 18 2097
2 18 2098
2 18 2099
2 18 2100
2 18 2101
2 18 2102
2 18 2103
2 18 2104
2 18 2105
2 18 2106
2 18 2107
2 18 2108
2 18 2109
2 18 2110
2 18 2111
2 18 2112
2 18 2113
2 18 2114
2 18 2115
2 18 2116
2 18 2117
2 18 2118
2 18 2119
2 18 2120
2 18 2121
2 18 2122
2 18 2123
2 18 2124
2 18 2125
2 18 2126
2 18 2127
2 18 2128
2 18 2129
2 18 2130
2 18 2131
2 18 2132
2 18 2133
2 18 2134
2 18 2135
2 18 2136
2 18 2137
2 18 2138
2 18 2139
2 18 2140
2 18 2141
2 18 2142
2 18 2143
2 18 2144
2 18 2145
2 18 2146
2 18 2147
2 18 2148
2 18 2149
2 18 2150
2 18 2151
2 18 2152
2 18 2153
2 18 2154
2 18 2155
2 18 2156
2 18 2157
2 18 2158
2 18 2159
2 18 2160
2 18 2161
2 18 2162
2 18 2163
2 18 2164
2 18 2165
2 18 2166
2 18 2167
2 18 2168
2 18 2169
2 18 2170
2 18 2171
2 18 2172
2 18 2173
2 18 2174
2 18 2175
2 18 2176
2 18 2177
2 18 2178
2 18 2179
2 18 2180
2 18 2181
2 18 2182
2 18 2183
2 18 2184
2 18 2185
2 18 2186
2 18 2187
2 18 2188
2 18 2189
2 18 2190
2 18 2191
2 18 2192
2 18 2193
2 18 2194
2 18 2195
2 18 2196
2 18 2197
2 18 2198
2 18 2199
2 18 2200
2 18 2201
2 18 2202
2 18 2203
2 18 2204
2 18 2205
2 18 2206
2 18 2207
2 18 2208
2 18 2209
2 18 2210
2 18 2211
2 18 2212
2 18 2213
2 18 2214
2 18 2215
2 18 2216
2 18 2217
2 18 2218
2 18 2219
2 18 2220
2 18 2221
2 18 2222
2 18 2223
2 18 2224
2 18 2225
2 18 2226
2 18 2227
2 18 2228
2 18 2229
2 18 2230
2 18 2231
2 18 2232
2 18 2233
2 18 2234
2 18 2235
2 18 2236
2 18 2237
2 18 2238
2 18 2239
2 18 2240
2 18 2241
2 18 2242
2 18 2243
2 18 2244
2 18 2245
2 18 2246
2 18 2247
2 18 2248
2 18 2249
2 18 2250
2 18 2251
2 18 2252
2 18 2253
2 18 2254
2 18 2255
2 18 2256
2 18 2257
2 18 2258
2 18 2259
2 18 2260
2 18 2261
2 18 2262
2 18 2263
2 18 2264
2 18 2265
2 18 2266
2 18 2267
2 18 2268
2 18 2269
2 18 2270
2 18 2271
2 18 2272
2 18 2273
2 18 2274
2 18 2275
2 18 2276
2 18 2277
2 18 2278
2 18 2279
2 18 2280
2 18 2281
2 18 2282
2 18 2283
2 18 2284
2 18 2285
2 18 2286
2 18 2287
2 18 2288
2 18 2289
2 18 2290
2 18 2291
2 18 2292
2 18 2293
2 18 2294
2 18 2295
2 18 2296
2 18 2297
2 18 2298
2 18 2299
2 18 2300
2 18 2301
2 18 2302
2 18 2303
2 18 2304
2 18 2305
2 18 2306
2 18 2307
2 18 2308
2 18 2309
2 18 2310
2 18 2311
2 18 2312
2 18 2313
2 18 2314
2 18 2315
2 18 2316
2 18 2317
2 18 2318
2 18 2319
2 18 2320
2 18 2321
2 18 2322
2 18 2323
2 18 2324
2 18 2325
2 18 2326
2 18 2327
2 18 2328
2 18 2329
2 18 2330
2 18 2331
2 18 2332
2 18 2333
2 18 2334
2 18 2335
2 18 2336
2 18 2337
2 18 2338
2 18 2339
2 18 2340
2 18 2341
2 18 2342
2 18 2343
2 18 2344
2 18 2345
2 18 2346
2 18 2347
2 18 2348
2 18 2349
2 18 2350
2 18 2351
2 18 2352
2 18 2353
2 18 2354
2 18 2355
2 18 2356
2 18 2357
2 18 2358
2 18 2359
2 18 2360
2 18 2361
2 18 2362
2 18 2363
2 18 2364
2 18 2365
2 18 2366
2 18 2367
2 18 2368
2 18 2369
2 18 2370
2 18 2371
2 18 2372
2 18 2373
2 18 2374
2 18 2375
2 18 2376
2 18 2377
2 18 2378
2 18 2379
2 18 2380
2 18 2381
2 18 2382
2 18 2383
2 18 2384
2 18 2385
2 18 2386
2 18 2387
2 18 2388
2 18 2389
2 18 2390
2 18 2391
2 18 2392
2 18 2393
2 18 2394
2 18 2395
2 18 2396
2 18 2397
2 18 2398
2 18 2399
2 18 2400
2 18 2401
2 18 2402
2 18 2403
2 18 2404
2 18 2405
2 18 2406
2 18 2407
2 18 2408
2 18 2409
2 18 2410
2 18 2411
2 18 2412
2 18 2413
2 18 2414
2 18 2415
2 18 2416
2 18 2417
2 18 2418
2 18 2419
2 18 2420
2 18 2421
2 18 2422
2 18 2423
2 18 2424
2 18 2425
2 18 2426
2 18 2427
2 18 2428
2 18 2429
2 18 2430
2 18 2431
2 18 2432
2 18 2433
2 18 2434
2 18 2435
2 18 2436
2 18 2437
2 18 2438
2 18 2439
2 18 2440
2 18 2441
2 18 2442
2 18 2443
2 18 2444
2 18 2445
2 18 2446
2 18 2447
2 18 2448
2 18 2449
2 18 2450
2 18 2451
2 18 2452
2 18 2453
2 18 2454
2 18 2455
2 18 2456
2 18 2457
