6 7 1
6 7 2
6 7 3
6 7 4
6 7 5
6 7 6
6 7 7
6 7 8
6 7 9
6 7 10
6 7 11
6 7 12
6 7 13
6 7 14
6 7 15
6 7 16
6 7 17
6 7 18
6 7 19
6 7 20
6 7 21
6 7 22
6 7 23
6 7 24
6 7 25
6 7 26
6 7 27
6 7 28
6 7 29
6 7 30
6 7 31
6 7 32
6 7 33
6 7 34
6 7 35
6 7 36
6 7 37
6 7 38
6 7 39
6 7 40
6 7 41
6 7 42
6 7 43
6 7 44
6 7 45
6 7 46
6 7 47
6 7 48
6 7 49
6 7 50
6 7 51
6 7 52
6 7 53
6 7 54
6 7 55
6 7 56
6 7 57
6 7 58
6 7 59
6 7 60
6 7 61
6 7 62
6 7 63
6 7 64
6 7 65
6 7 66
6 7 67
6 7 68
6 7 69
6 7 70
6 7 71
6 7 72
6 7 73
6 7 74
6 7 75
6 7 76
6 7 77
6 7 78
6 7 79
6 7 80
6 7 81
6 7 82
6 7 83
6 7 84
6 7 85
6 7 86
6 7 87
6 7 88
6 7 89
6 7 90
6 7 91
6 7 92
6 7 93
6 7 94
6 7 95
6 7 96
6 7 97
6 7 98
6 7 99
6 7 100
6 7 101
6 7 102
6 7 103
6 7 104
6 7 105
6 7 106
6 7 107
6 7 108
6 7 109
6 7 110
6 7 111
6 7 112
6 7 113
6 7 114
6 7 115
6 7 116
6 7 117
6 7 118
6 7 119
6 7 120
6 7 121
6 7 122
6 7 123
6 7 124
6 7 125
6 7 126
6 7 127
6 7 128
6 7 129
6 7 130
6 7 131
6 7 132
6 7 133
6 7 134
6 7 135
6 7 136
6 7 137
6 7 138
6 7 139
6 7 140
6 7 141
6 7 142
6 7 143
6 7 144
6 7 145
6 7 146
6 7 147
6 7 148
6 7 149
6 7 150
6 7 151
6 7 152
6 7 153
6 7 154
6 7 155
6 7 156
6 7 157
6 7 158
6 7 159
6 7 160
6 7 161
6 7 162
6 7 163
6 7 164
6 7 165
6 7 166
6 7 167
6 7 168
6 7 169
6 7 170
6 7 171
6 7 172
6 7 173
6 7 174
6 7 175
6 7 176
6 7 177
6 7 178
6 7 179
6 7 180
6 7 181
6 7 182
6 7 183
6 7 184
6 7 185
6 7 186
6 7 187
6 7 188
6 7 189
6 7 190
6 7 191
6 7 192
6 7 193
6 7 194
6 7 195
6 7 196
6 7 197
6 7 198
6 7 199
6 7 200
6 7 201
6 7 202
6 7 203
6 7 204
6 7 205
6 7 206
6 7 207
6 7 208
6 7 209
6 7 210
6 7 211
6 7 212
6 7 213
6 7 214
6 7 215
6 7 216
6 7 217
6 7 218
6 7 219
6 7 220
6 7 221
6 7 222
6 7 223
6 7 224
6 7 225
6 7 226
6 7 227
6 7 228
6 7 229
6 7 230
6 7 231
6 7 232
6 7 233
6 7 234
6 7 235
6 7 236
6 7 237
6 7 238
6 7 239
6 7 240
6 7 241
6 7 242
6 7 243
6 7 244
6 7 245
6 7 246
6 7 247
6 7 248
6 7 249
6 7 250
6 7 251
6 7 252
6 7 253
6 7 254
6 7 255
6 7 256
6 7 257
6 7 258
6 7 259
6 7 260
6 7 261
6 7 262
6 7 263
6 7 264
6 7 265
6 7 266
6 7 267
6 7 268
6 7 269
6 7 270
6 7 271
6 7 272
6 7 273
6 7 274
6 7 275
6 7 276
6 7 277
6 7 278
6 7 279
6 7 280
6 7 281
6 7 282
6 7 283
6 7 284
6 7 285
6 7 286
6 7 287
6 7 288
6 7 289
6 7 290
6 7 291
6 7 292
6 7 293
6 7 294
6 7 295
6 7 296
6 7 297
6 7 298
6 7 299
6 7 300
6 7 301
6 7 302
6 7 303
6 7 304
6 7 305
6 7 306
6 7 307
6 7 308
6 7 309
6 7 310
6 7 311
6 7 312
6 7 313
6 7 314
6 7 315
6 7 316
6 7 317
6 7 318
6 7 319
6 7 320
6 7 321
6 7 322
6 7 323
6 7 324
6 7 325
6 7 326
6 7 327
6 7 328
6 7 329
6 7 330
6 7 331
6 7 332
6 7 333
6 7 334
6 7 335
6 7 336
6 7 337
6 7 338
6 7 339
6 7 340
6 7 341
6 7 342
6 7 343
6 7 344
6 7 345
6 7 346
6 7 347
6 7 348
6 7 349
6 7 350
6 7 351
6 7 352
6 7 353
6 7 354
6 7 355
6 7 356
6 7 357
6 7 358
6 7 359
6 7 360
6 7 361
6 7 362
6 7 363
6 7 364
6 7 365
6 7 366
6 7 367
6 7 368
6 7 369
6 7 370
6 7 371
6 7 372
6 7 373
6 7 374
6 7 375
6 7 376
6 7 377
6 7 378
6 7 379
6 7 380
6 7 381
6 7 382
6 7 383
6 7 384
6 7 385
6 7 386
6 7 387
6 7 388
6 7 389
6 7 390
6 7 391
6 7 392
6 7 393
6 7 394
6 7 395
6 7 396
6 7 397
6 7 398
6 7 399
6 7 400
6 7 401
6 7 402
6 7 403
6 7 404
6 7 405
6 7 406
6 7 407
6 7 408
6 7 409
6 7 410
6 7 411
6 7 412
6 7 413
6 7 414
6 7 415
6 7 416
6 7 417
6 7 418
6 7 419
6 7 420
6 7 421
6 7 422
6 7 423
6 7 424
6 7 425
6 7 426
6 7 427
6 7 428
6 7 429
6 7 430
6 7 431
6 7 432
6 7 433
6 7 434
6 7 435
6 7 436
6 7 437
6 7 438
6 7 439
6 7 440
6 7 441
6 7 442
6 7 443
6 7 444
6 7 445
6 7 446
6 7 447
6 7 448
6 7 449
6 7 450
6 7 451
6 7 452
6 7 453
6 7 454
6 7 455
6 7 456
6 7 457
6 7 458
6 7 459
6 7 460
6 7 461
6 7 462
6 7 463
6 7 464
6 7 465
6 7 466
6 7 467
6 7 468
6 7 469
6 7 470
6 7 471
6 7 472
6 7 473
6 7 474
6 7 475
6 7 476
6 7 477
6 7 478
6 7 479
6 7 480
6 7 481
6 7 482
6 7 483
6 7 484
6 7 485
6 7 486
6 7 487
6 7 488
6 7 489
6 7 490
6 7 491
6 7 492
6 7 493
6 7 494
6 7 495
6 7 496
6 7 497
6 7 498
6 7 499
6 7 500
6 7 501
6 7 502
6 7 503
6 7 504
6 7 505
6 7 506
6 7 507
6 7 508
6 7 509
6 7 510
6 7 511
6 7 512
6 7 513
6 7 514
6 7 515
6 7 516
6 7 517
6 7 518
6 7 519
6 7 520
6 7 521
6 7 522
6 7 523
6 7 524
6 7 525
6 7 526
6 7 527
6 7 528
6 7 529
6 7 530
6 7 531
6 7 532
6 7 533
6 7 534
6 7 535
6 7 536
6 7 537
6 7 538
6 7 539
6 7 540
6 7 541
6 7 542
6 7 543
6 7 544
6 7 545
6 7 546
6 7 547
6 7 548
6 7 549
6 7 550
6 7 551
6 7 552
6 7 553
6 7 554
6 7 555
6 7 556
6 7 557
6 7 558
6 7 559
6 7 560
6 7 561
6 7 562
6 7 563
6 7 564
6 7 565
6 7 566
6 7 567
6 7 568
6 7 569
6 7 570
6 7 571
6 7 572
6 7 573
6 7 574
6 7 575
6 7 576
6 7 577
6 7 578
6 7 579
6 7 580
6 7 581
6 7 582
6 7 583
6 7 584
6 7 585
6 7 586
6 7 587
6 7 588
6 7 589
6 7 590
6 7 591
6 7 592
6 7 593
6 7 594
6 7 595
6 7 596
6 7 597
6 7 598
6 7 599
6 7 600
6 7 601
6 7 602
6 7 603
6 7 604
6 7 605
6 7 606
6 7 607
6 7 608
6 7 609
6 7 610
6 7 611
6 7 612
6 7 613
6 7 614
6 7 615
6 7 616
6 7 617
6 7 618
6 7 619
6 7 620
6 7 621
6 7 622
6 7 623
6 7 624
6 7 625
6 7 626
6 7 627
6 7 628
6 7 629
6 7 630
6 7 631
6 7 632
6 7 633
6 7 634
6 7 635
6 7 636
6 7 637
6 7 638
6 7 639
6 7 640
6 7 641
6 7 642
6 7 643
6 7 644
6 7 645
6 7 646
6 7 647
6 7 648
6 7 649
6 7 650
6 7 651
6 7 652
6 7 653
6 7 654
6 7 655
6 7 656
6 7 657
6 7 658
6 7 659
6 7 660
6 7 661
6 7 662
6 7 663
6 7 664
6 7 665
6 7 666
6 7 667
6 7 668
6 7 669
6 7 670
6 7 671
6 7 672
6 7 673
6 7 674
6 7 675
6 7 676
6 7 677
6 7 678
6 7 679
6 7 680
6 7 681
6 7 682
6 7 683
6 7 684
6 7 685
6 7 686
6 7 687
6 7 688
6 7 689
6 7 690
6 7 691
6 7 692
6 7 693
6 7 694
6 7 695
6 7 696
6 7 697
6 7 698
6 7 699
6 7 700
6 7 701
6 7 702
6 7 703
6 7 704
6 7 705
6 7 706
6 7 707
6 7 708
6 7 709
6 7 710
6 7 711
6 7 712
6 7 713
6 7 714
6 7 715
6 7 716
6 7 717
6 7 718
6 7 719
6 7 720
6 7 721
6 7 722
6 7 723
6 7 724
6 7 725
6 7 726
6 7 727
6 7 728
6 7 729
6 7 730
6 7 731
6 7 732
6 7 733
6 7 734
6 7 735
6 7 736
6 7 737
6 7 738
6 7 739
6 7 740
6 7 741
6 7 742
6 7 743
6 7 744
6 7 745
6 7 746
6 7 747
6 7 748
6 7 749
6 7 750
6 7 751
6 7 752
6 7 753
6 7 754
6 7 755
6 7 756
6 7 757
6 7 758
6 7 759
6 7 760
6 7 761
6 7 762
6 7 763
6 7 764
6 7 765
6 7 766
6 7 767
6 7 768
6 7 769
6 7 770
6 7 771
6 7 772
6 7 773
6 7 774
6 7 775
6 7 776
6 7 777
6 7 778
6 7 779
6 7 780
6 7 781
6 7 782
6 7 783
6 7 784
6 7 785
6 7 786
6 7 787
6 7 788
6 7 789
6 7 790
6 7 791
6 7 792
6 7 793
6 7 794
6 7 795
6 7 796
6 7 797
6 7 798
6 7 799
6 7 800
6 7 801
6 7 802
6 7 803
6 7 804
6 7 805
6 7 806
6 7 807
6 7 808
6 7 809
6 7 810
6 7 811
6 7 812
6 7 813
6 7 814
6 7 815
6 7 816
6 7 817
6 7 818
6 7 819
6 7 820
6 7 821
6 7 822
6 7 823
6 7 824
6 7 825
6 7 826
6 7 827
6 7 828
6 7 829
6 7 830
6 7 831
6 7 832
6 7 833
6 7 834
6 7 835
6 7 836
6 7 837
6 7 838
6 7 839
6 7 840
6 7 841
6 7 842
6 7 843
6 7 844
6 7 845
6 7 846
6 7 847
6 7 848
6 7 849
6 7 850
6 7 851
6 7 852
6 7 853
6 7 854
6 7 855
6 7 856
6 7 857
6 7 858
6 7 859
6 7 860
6 7 861
6 7 862
6 7 863
6 7 864
6 7 865
6 7 866
6 7 867
6 7 868
6 7 869
6 7 870
6 7 871
6 7 872
6 7 873
6 7 874
6 7 875
6 7 876
6 7 877
6 7 878
6 7 879
6 7 880
6 7 881
6 7 882
6 7 883
6 7 884
6 7 885
6 7 886
6 7 887
6 7 888
6 7 889
6 7 890
6 7 891
6 7 892
6 7 893
6 7 894
6 7 895
6 7 896
6 7 897
6 7 898
6 7 899
6 7 900
6 7 901
6 7 902
6 7 903
6 7 904
6 7 905
6 7 906
6 7 907
6 7 908
6 7 909
6 7 910
6 7 911
6 7 912
6 7 913
6 7 914
6 7 915
6 7 916
6 7 917
6 7 918
6 7 919
6 7 920
6 7 921
6 7 922
6 7 923
6 7 924
6 7 925
6 7 926
6 7 927
6 7 928
6 7 929
6 7 930
6 7 931
6 7 932
6 7 933
6 7 934
6 7 935
6 7 936
6 7 937
6 7 938
6 7 939
6 7 940
6 7 941
6 7 942
6 7 943
6 7 944
6 7 945
6 7 946
6 7 947
6 7 948
6 7 949
6 7 950
6 7 951
6 7 952
6 7 953
6 7 954
6 7 955
6 7 956
6 7 957
6 7 958
6 7 959
6 7 960
6 7 961
6 7 962
6 7 963
6 7 964
6 7 965
6 7 966
6 7 967
6 7 968
6 7 969
6 7 970
6 7 971
6 7 972
6 7 973
6 7 974
6 7 975
6 7 976
6 7 977
6 7 978
6 7 979
6 7 980
6 7 981
6 7 982
6 7 983
6 7 984
6 7 985
6 7 986
6 7 987
6 7 988
6 7 989
6 7 990
6 7 991
6 7 992
6 7 993
6 7 994
6 7 995
6 7 996
6 7 997
6 7 998
6 7 999
6 7 1000
6 7 1001
6 7 1002
6 7 1003
6 7 1004
6 7 1005
6 7 1006
6 7 1007
6 7 1008
6 7 1009
6 7 1010
6 7 1011
6 7 1012
6 7 1013
6 7 1014
6 7 1015
6 7 1016
6 7 1017
6 7 1018
6 7 1019
6 7 1020
6 7 1021
6 7 1022
6 7 1023
6 7 1024
6 7 1025
6 7 1026
6 7 1027
6 7 1028
6 7 1029
6 7 1030
6 7 1031
6 7 1032
6 7 1033
6 7 1034
6 7 1035
6 7 1036
6 7 1037
6 7 1038
6 7 1039
6 7 1040
6 7 1041
6 7 1042
6 7 1043
6 7 1044
6 7 1045
6 7 1046
6 7 1047
6 7 1048
6 7 1049
6 7 1050
6 7 1051
6 7 1052
6 7 1053
6 7 1054
6 7 1055
6 7 1056
6 7 1057
6 7 1058
6 7 1059
6 7 1060
6 7 1061
6 7 1062
6 7 1063
6 7 1064
6 7 1065
6 7 1066
6 7 1067
6 7 1068
6 7 1069
6 7 1070
6 7 1071
6 7 1072
6 7 1073
6 7 1074
6 7 1075
6 7 1076
6 7 1077
6 7 1078
6 7 1079
6 7 1080
6 7 1081
6 7 1082
6 7 1083
6 7 1084
6 7 1085
6 7 1086
6 7 1087
6 7 1088
6 7 1089
6 7 1090
6 7 1091
6 7 1092
6 7 1093
6 7 1094
6 7 1095
6 7 1096
6 7 1097
6 7 1098
6 7 1099
6 7 1100
6 7 1101
6 7 1102
6 7 1103
6 7 1104
6 7 1105
6 7 1106
6 7 1107
6 7 1108
6 7 1109
6 7 1110
6 7 1111
6 7 1112
6 7 1113
6 7 1114
6 7 1115
6 7 1116
6 7 1117
6 7 1118
6 7 1119
6 7 1120
6 7 1121
6 7 1122
6 7 1123
6 7 1124
6 7 1125
6 7 1126
6 7 1127
6 7 1128
6 7 1129
6 7 1130
6 7 1131
6 7 1132
6 7 1133
6 7 1134
6 7 1135
6 7 1136
6 7 1137
6 7 1138
6 7 1139
6 7 1140
6 7 1141
6 7 1142
6 7 1143
6 7 1144
6 7 1145
6 7 1146
6 7 1147
6 7 1148
6 7 1149
6 7 1150
6 7 1151
6 7 1152
6 7 1153
6 7 1154
6 7 1155
6 7 1156
6 7 1157
6 7 1158
6 7 1159
6 7 1160
6 7 1161
6 7 1162
6 7 1163
6 7 1164
6 7 1165
6 7 1166
6 7 1167
6 7 1168
6 7 1169
6 7 1170
6 7 1171
6 7 1172
6 7 1173
6 7 1174
6 7 1175
6 7 1176
6 7 1177
6 7 1178
6 7 1179
6 7 1180
6 7 1181
6 7 1182
6 7 1183
6 7 1184
6 7 1185
6 7 1186
6 7 1187
6 7 1188
6 7 1189
6 7 1190
6 7 1191
6 7 1192
6 7 1193
6 7 1194
6 7 1195
6 7 1196
6 7 1197
6 7 1198
6 7 1199
6 7 1200
6 7 1201
6 7 1202
6 7 1203
6 7 1204
6 7 1205
6 7 1206
6 7 1207
6 7 1208
6 7 1209
6 7 1210
6 7 1211
6 7 1212
6 7 1213
6 7 1214
6 7 1215
6 7 1216
6 7 1217
6 7 1218
6 7 1219
6 7 1220
6 7 1221
6 7 1222
6 7 1223
6 7 1224
6 7 1225
6 7 1226
6 7 1227
6 7 1228
6 7 1229
6 7 1230
6 7 1231
6 7 1232
6 7 1233
6 7 1234
6 7 1235
6 7 1236
6 7 1237
6 7 1238
6 7 1239
6 7 1240
6 7 1241
6 7 1242
6 7 1243
6 7 1244
6 7 1245
6 7 1246
6 7 1247
6 7 1248
6 7 1249
6 7 1250
6 7 1251
6 7 1252
6 7 1253
6 7 1254
6 7 1255
6 7 1256
6 7 1257
6 7 1258
6 7 1259
6 7 1260
6 7 1261
6 7 1262
6 7 1263
6 7 1264
6 7 1265
6 7 1266
6 7 1267
6 7 1268
6 7 1269
6 7 1270
6 7 1271
6 7 1272
6 7 1273
6 7 1274
6 7 1275
6 7 1276
6 7 1277
6 7 1278
6 7 1279
6 7 1280
6 7 1281
6 7 1282
6 7 1283
6 7 1284
6 7 1285
6 7 1286
6 7 1287
6 7 1288
6 7 1289
6 7 1290
6 7 1291
6 7 1292
6 7 1293
6 7 1294
6 7 1295
6 7 1296
6 7 1297
6 7 1298
6 7 1299
6 7 1300
6 7 1301
6 7 1302
6 7 1303
6 7 1304
6 7 1305
6 7 1306
6 7 1307
6 7 1308
6 7 1309
6 7 1310
6 7 1311
6 7 1312
6 7 1313
6 7 1314
6 7 1315
6 7 1316
6 7 1317
6 7 1318
6 7 1319
6 7 1320
6 7 1321
6 7 1322
6 7 1323
6 7 1324
6 7 1325
6 7 1326
6 7 1327
6 7 1328
6 7 1329
6 7 1330
6 7 1331
6 7 1332
6 7 1333
6 7 1334
6 7 1335
6 7 1336
6 7 1337
6 7 1338
6 7 1339
6 7 1340
6 7 1341
6 7 1342
6 7 1343
6 7 1344
6 7 1345
6 7 1346
6 7 1347
6 7 1348
6 7 1349
6 7 1350
6 7 1351
6 7 1352
6 7 1353
6 7 1354
6 7 1355
6 7 1356
6 7 1357
6 7 1358
6 7 1359
6 7 1360
6 7 1361
6 7 1362
6 7 1363
6 7 1364
6 7 1365
6 7 1366
6 7 1367
6 7 1368
6 7 1369
6 7 1370
6 7 1371
6 7 1372
6 7 1373
6 7 1374
6 7 1375
6 7 1376
6 7 1377
6 7 1378
6 7 1379
6 7 1380
6 7 1381
6 7 1382
6 7 1383
6 7 1384
6 7 1385
6 7 1386
6 7 1387
6 7 1388
6 7 1389
6 7 1390
6 7 1391
6 7 1392
6 7 1393
6 7 1394
6 7 1395
6 7 1396
6 7 1397
6 7 1398
6 7 1399
6 7 1400
6 7 1401
6 7 1402
6 7 1403
6 7 1404
6 7 1405
6 7 1406
6 7 1407
6 7 1408
6 7 1409
6 7 1410
6 7 1411
6 7 1412
6 7 1413
6 7 1414
6 7 1415
6 7 1416
6 7 1417
6 7 1418
6 7 1419
6 7 1420
6 7 1421
6 7 1422
6 7 1423
6 7 1424
6 7 1425
6 7 1426
6 7 1427
6 7 1428
6 7 1429
6 7 1430
6 7 1431
6 7 1432
6 7 1433
6 7 1434
6 7 1435
6 7 1436
6 7 1437
6 7 1438
6 7 1439
6 7 1440
6 7 1441
6 7 1442
6 7 1443
6 7 1444
6 7 1445
6 7 1446
6 7 1447
6 7 1448
6 7 1449
6 7 1450
6 7 1451
6 7 1452
6 7 1453
6 7 1454
6 7 1455
6 7 1456
6 7 1457
6 7 1458
6 7 1459
6 7 1460
6 7 1461
6 7 1462
6 7 1463
6 7 1464
6 7 1465
6 7 1466
6 7 1467
6 7 1468
6 7 1469
6 7 1470
6 7 1471
6 7 1472
6 7 1473
6 7 1474
6 7 1475
6 7 1476
6 7 1477
6 7 1478
6 7 1479
6 7 1480
6 7 1481
6 7 1482
6 7 1483
6 7 1484
6 7 1485
6 7 1486
6 7 1487
6 7 1488
6 7 1489
6 7 1490
6 7 1491
6 7 1492
6 7 1493
6 7 1494
6 7 1495
6 7 1496
6 7 1497
6 7 1498
6 7 1499
6 7 1500
6 7 1501
6 7 1502
6 7 1503
6 7 1504
6 7 1505
6 7 1506
6 7 1507
6 7 1508
6 7 1509
6 7 1510
6 7 1511
6 7 1512
6 7 1513
6 7 1514
6 7 1515
6 7 1516
6 7 1517
6 7 1518
6 7 1519
6 7 1520
6 7 1521
6 7 1522
6 7 1523
6 7 1524
6 7 1525
6 7 1526
6 7 1527
6 7 1528
6 7 1529
6 7 1530
6 7 1531
6 7 1532
6 7 1533
6 7 1534
6 7 1535
6 7 1536
6 7 1537
6 7 1538
6 7 1539
6 7 1540
6 7 1541
6 7 1542
6 7 1543
6 7 1544
6 7 1545
6 7 1546
6 7 1547
6 7 1548
6 7 1549
6 7 1550
6 7 1551
6 7 1552
6 7 1553
6 7 1554
6 7 1555
6 7 1556
6 7 1557
6 7 1558
6 7 1559
6 7 1560
6 7 1561
6 7 1562
6 7 1563
6 7 1564
6 7 1565
6 7 1566
6 7 1567
6 7 1568
6 7 1569
6 7 1570
6 7 1571
6 7 1572
6 7 1573
6 7 1574
6 7 1575
6 7 1576
6 7 1577
6 7 1578
6 7 1579
6 7 1580
6 7 1581
6 7 1582
6 7 1583
6 7 1584
6 7 1585
6 7 1586
6 7 1587
6 7 1588
6 7 1589
6 7 1590
6 7 1591
6 7 1592
6 7 1593
6 7 1594
6 7 1595
6 7 1596
6 7 1597
6 7 1598
6 7 1599
6 7 1600
6 7 1601
6 7 1602
6 7 1603
6 7 1604
6 7 1605
6 7 1606
6 7 1607
6 7 1608
6 7 1609
6 7 1610
6 7 1611
6 7 1612
6 7 1613
6 7 1614
6 7 1615
6 7 1616
6 7 1617
6 7 1618
6 7 1619
6 7 1620
6 7 1621
6 7 1622
6 7 1623
6 7 1624
6 7 1625
6 7 1626
6 7 1627
6 7 1628
6 7 1629
6 7 1630
6 7 1631
6 7 1632
6 7 1633
6 7 1634
6 7 1635
6 7 1636
6 7 1637
6 7 1638
6 7 1639
6 7 1640
6 7 1641
6 7 1642
6 7 1643
6 7 1644
6 7 1645
6 7 1646
6 7 1647
6 7 1648
6 7 1649
6 7 1650
6 7 1651
6 7 1652
6 7 1653
6 7 1654
6 7 1655
6 7 1656
6 7 1657
6 7 1658
6 7 1659
6 7 1660
6 7 1661
6 7 1662
6 7 1663
6 7 1664
6 7 1665
6 7 1666
6 7 1667
6 7 1668
6 7 1669
6 7 1670
6 7 1671
6 7 1672
6 7 1673
6 7 1674
6 7 1675
6 7 1676
6 7 1677
6 7 1678
6 7 1679
6 7 1680
6 7 1681
6 7 1682
6 7 1683
6 7 1684
6 7 1685
6 7 1686
6 7 1687
6 7 1688
6 7 1689
6 7 1690
6 7 1691
6 7 1692
6 7 1693
6 7 1694
6 7 1695
6 7 1696
6 7 1697
6 7 1698
6 7 1699
6 7 1700
6 7 1701
6 7 1702
6 7 1703
6 7 1704
6 7 1705
6 7 1706
6 7 1707
6 7 1708
6 7 1709
6 7 1710
6 7 1711
6 7 1712
6 7 1713
6 7 1714
6 7 1715
6 7 1716
6 7 1717
6 7 1718
6 7 1719
6 7 1720
6 7 1721
6 7 1722
6 7 1723
6 7 1724
6 7 1725
6 7 1726
6 7 1727
6 7 1728
6 7 1729
6 7 1730
6 7 1731
6 7 1732
6 7 1733
6 7 1734
6 7 1735
6 7 1736
6 7 1737
6 7 1738
6 7 1739
6 7 1740
6 7 1741
6 7 1742
6 7 1743
6 7 1744
6 7 1745
6 7 1746
6 7 1747
6 7 1748
6 7 1749
6 7 1750
6 7 1751
6 7 1752
6 7 1753
6 7 1754
6 7 1755
6 7 1756
6 7 1757
6 7 1758
6 7 1759
6 7 1760
6 7 1761
6 7 1762
6 7 1763
6 7 1764
6 7 1765
6 7 1766
6 7 1767
6 7 1768
6 7 1769
6 7 1770
6 7 1771
6 7 1772
6 7 1773
6 7 1774
6 7 1775
6 7 1776
6 7 1777
6 7 1778
6 7 1779
6 7 1780
6 7 1781
6 7 1782
6 7 1783
6 7 1784
6 7 1785
6 7 1786
6 7 1787
6 7 1788
6 7 1789
6 7 1790
6 7 1791
6 7 1792
6 7 1793
6 7 1794
6 7 1795
6 7 1796
6 7 1797
6 7 1798
6 7 1799
6 7 1800
6 7 1801
6 7 1802
6 7 1803
6 7 1804
6 7 1805
6 7 1806
6 7 1807
6 7 1808
6 7 1809
6 7 1810
6 7 1811
6 7 1812
6 7 1813
6 7 1814
6 7 1815
6 7 1816
6 7 1817
6 7 1818
6 7 1819
6 7 1820
6 7 1821
6 7 1822
6 7 1823
6 7 1824
6 7 1825
6 7 1826
6 7 1827
6 7 1828
6 7 1829
6 7 1830
6 7 1831
6 7 1832
6 7 1833
6 7 1834
6 7 1835
6 7 1836
6 7 1837
6 7 1838
6 7 1839
6 7 1840
6 7 1841
6 7 1842
6 7 1843
6 7 1844
6 7 1845
6 7 1846
6 7 1847
6 7 1848
6 7 1849
6 7 1850
6 7 1851
6 7 1852
6 7 1853
6 7 1854
6 7 1855
6 7 1856
6 7 1857
6 7 1858
6 7 1859
6 7 1860
6 7 1861
6 7 1862
6 7 1863
6 7 1864
6 7 1865
6 7 1866
6 7 1867
6 7 1868
6 7 1869
6 7 1870
6 7 1871
6 7 1872
6 7 1873
6 7 1874
6 7 1875
6 7 1876
6 7 1877
6 7 1878
6 7 1879
6 7 1880
6 7 1881
6 7 1882
6 7 1883
6 7 1884
6 7 1885
6 7 1886
6 7 1887
6 7 1888
6 7 1889
6 7 1890
6 7 1891
6 7 1892
6 7 1893
6 7 1894
6 7 1895
6 7 1896
6 7 1897
6 7 1898
6 7 1899
6 7 1900
6 7 1901
6 7 1902
6 7 1903
6 7 1904
6 7 1905
6 7 1906
6 7 1907
6 7 1908
6 7 1909
6 7 1910
6 7 1911
6 7 1912
6 7 1913
6 7 1914
6 7 1915
6 7 1916
6 7 1917
6 7 1918
6 7 1919
6 7 1920
6 7 1921
6 7 1922
6 7 1923
6 7 1924
6 7 1925
6 7 1926
6 7 1927
6 7 1928
6 7 1929
6 7 1930
6 7 1931
6 7 1932
6 7 1933
6 7 1934
6 7 1935
6 7 1936
6 7 1937
6 7 1938
6 7 1939
6 7 1940
6 7 1941
6 7 1942
6 7 1943
6 7 1944
6 7 1945
6 7 1946
6 7 1947
6 7 1948
6 7 1949
6 7 1950
6 7 1951
6 7 1952
6 7 1953
6 7 1954
6 7 1955
6 7 1956
6 7 1957
6 7 1958
6 7 1959
6 7 1960
6 7 1961
6 7 1962
6 7 1963
6 7 1964
6 7 1965
6 7 1966
6 7 1967
6 7 1968
6 7 1969
6 7 1970
6 7 1971
6 7 1972
6 7 1973
6 7 1974
6 7 1975
6 7 1976
6 7 1977
6 7 1978
6 7 1979
6 7 1980
6 7 1981
6 7 1982
6 7 1983
6 7 1984
6 7 1985
6 7 1986
6 7 1987
6 7 1988
6 7 1989
6 7 1990
6 7 1991
6 7 1992
6 7 1993
6 7 1994
6 7 1995
6 7 1996
6 7 1997
6 7 1998
6 7 1999
6 7 2000
6 7 2001
6 7 2002
6 7 2003
6 7 2004
6 7 2005
6 7 2006
6 7 2007
6 7 2008
6 7 2009
6 7 2010
6 7 2011
6 7 2012
6 7 2013
6 7 2014
6 7 2015
6 7 2016
6 7 2017
6 7 2018
6 7 2019
6 7 2020
6 7 2021
6 7 2022
6 7 2023
6 7 2024
6 7 2025
6 7 2026
6 7 2027
6 7 2028
6 7 2029
6 7 2030
6 7 2031
6 7 2032
6 7 2033
6 7 2034
6 7 2035
6 7 2036
6 7 2037
6 7 2038
6 7 2039
6 7 2040
6 7 2041
6 7 2042
6 7 2043
6 7 2044
6 7 2045
6 7 2046
6 7 2047
6 7 2048
6 7 2049
6 7 2050
6 7 2051
6 7 2052
6 7 2053
6 7 2054
6 7 2055
6 7 2056
6 7 2057
6 7 2058
6 7 2059
6 7 2060
6 7 2061
6 7 2062
6 7 2063
6 7 2064
6 7 2065
6 7 2066
6 7 2067
6 7 2068
6 7 2069
6 7 2070
6 7 2071
6 7 2072
6 7 2073
6 7 2074
6 7 2075
6 7 2076
6 7 2077
6 7 2078
6 7 2079
6 7 2080
6 7 2081
6 7 2082
6 7 2083
6 7 2084
6 7 2085
6 7 2086
6 7 2087
6 7 2088
6 7 2089
6 7 2090
6 7 2091
6 7 2092
6 7 2093
6 7 2094
6 7 2095
6 7 2096
6 7 2097
6 7 2098
6 7 2099
6 7 2100
6 7 2101
6 7 2102
6 7 2103
6 7 2104
6 7 2105
6 7 2106
6 7 2107
6 7 2108
6 7 2109
6 7 2110
6 7 2111
6 7 2112
6 7 2113
6 7 2114
6 7 2115
6 7 2116
6 7 2117
6 7 2118
6 7 2119
6 7 2120
6 7 2121
6 7 2122
6 7 2123
6 7 2124
6 7 2125
6 7 2126
6 7 2127
6 7 2128
6 7 2129
6 7 2130
6 7 2131
6 7 2132
6 7 2133
6 7 2134
6 7 2135
6 7 2136
6 7 2137
6 7 2138
6 7 2139
6 7 2140
6 7 2141
6 7 2142
6 7 2143
6 7 2144
6 7 2145
6 7 2146
6 7 2147
6 7 2148
6 7 2149
6 7 2150
6 7 2151
6 7 2152
6 7 2153
6 7 2154
6 7 2155
6 7 2156
6 7 2157
6 7 2158
6 7 2159
6 7 2160
6 7 2161
6 7 2162
6 7 2163
6 7 2164
6 7 2165
6 7 2166
6 7 2167
6 7 2168
6 7 2169
6 7 2170
6 7 2171
6 7 2172
6 7 2173
6 7 2174
6 7 2175
6 7 2176
6 7 2177
6 7 2178
6 7 2179
6 7 2180
6 7 2181
6 7 2182
6 7 2183
6 7 2184
6 7 2185
6 7 2186
6 7 2187
6 7 2188
6 7 2189
6 7 2190
6 7 2191
6 7 2192
6 7 2193
6 7 2194
6 7 2195
6 7 2196
6 7 2197
6 7 2198
6 7 2199
6 7 2200
6 7 2201
6 7 2202
6 7 2203
6 7 2204
6 7 2205
6 7 2206
6 7 2207
6 7 2208
6 7 2209
6 7 2210
6 7 2211
6 7 2212
6 7 2213
6 7 2214
6 7 2215
6 7 2216
6 7 2217
6 7 2218
6 7 2219
6 7 2220
6 7 2221
6 7 2222
6 7 2223
6 7 2224
6 7 2225
6 7 2226
6 7 2227
6 7 2228
6 7 2229
6 7 2230
6 7 2231
6 7 2232
6 7 2233
6 7 2234
6 7 2235
6 7 2236
6 7 2237
6 7 2238
6 7 2239
6 7 2240
6 7 2241
6 7 2242
6 7 2243
6 7 2244
6 7 2245
6 7 2246
6 7 2247
6 7 2248
6 7 2249
6 7 2250
6 7 2251
6 7 2252
6 7 2253
6 7 2254
6 7 2255
6 7 2256
6 7 2257
6 7 2258
6 7 2259
6 7 2260
6 7 2261
6 7 2262
6 7 2263
6 7 2264
6 7 2265
6 7 2266
6 7 2267
6 7 2268
6 7 2269
6 7 2270
6 7 2271
6 7 2272
6 7 2273
6 7 2274
6 7 2275
6 7 2276
6 7 2277
6 7 2278
6 7 2279
6 7 2280
6 7 2281
6 7 2282
6 7 2283
6 7 2284
6 7 2285
6 7 2286
6 7 2287
6 7 2288
6 7 2289
6 7 2290
6 7 2291
6 7 2292
6 7 2293
6 7 2294
6 7 2295
6 7 2296
6 7 2297
6 7 2298
6 7 2299
6 7 2300
6 7 2301
6 7 2302
6 7 2303
6 7 2304
6 7 2305
6 7 2306
6 7 2307
6 7 2308
6 7 2309
6 7 2310
6 7 2311
6 7 2312
6 7 2313
6 7 2314
6 7 2315
6 7 2316
6 7 2317
6 7 2318
6 7 2319
6 7 2320
6 7 2321
6 7 2322
6 7 2323
6 7 2324
6 7 2325
6 7 2326
6 7 2327
6 7 2328
6 7 2329
6 7 2330
6 7 2331
6 7 2332
6 7 2333
6 7 2334
6 7 2335
6 7 2336
6 7 2337
6 7 2338
6 7 2339
6 7 2340
6 7 2341
6 7 2342
6 7 2343
6 7 2344
6 7 2345
6 7 2346
6 7 2347
6 7 2348
6 7 2349
6 7 2350
6 7 2351
6 7 2352
6 7 2353
6 7 2354
6 7 2355
6 7 2356
6 7 2357
6 7 2358
6 7 2359
6 7 2360
6 7 2361
6 7 2362
6 7 2363
6 7 2364
6 7 2365
6 7 2366
6 7 2367
6 7 2368
6 7 2369
6 7 2370
6 7 2371
6 7 2372
6 7 2373
6 7 2374
6 7 2375
6 7 2376
6 7 2377
6 7 2378
6 7 2379
6 7 2380
6 7 2381
6 7 2382
6 7 2383
6 7 2384
6 7 2385
6 7 2386
6 7 2387
6 7 2388
6 7 2389
6 7 2390
6 7 2391
6 7 2392
6 7 2393
6 7 2394
6 7 2395
6 7 2396
6 7 2397
6 7 2398
6 7 2399
6 7 2400
6 7 2401
6 7 2402
6 7 2403
6 7 2404
6 7 2405
6 7 2406
6 7 2407
6 7 2408
6 7 2409
6 7 2410
6 7 2411
6 7 2412
6 7 2413
6 7 2414
6 7 2415
6 7 2416
6 7 2417
6 7 2418
6 7 2419
6 7 2420
6 7 2421
6 7 2422
6 7 2423
6 7 2424
6 7 2425
6 7 2426
6 7 2427
6 7 2428
6 7 2429
6 7 2430
6 7 2431
6 7 2432
6 7 2433
6 7 2434
6 7 2435
6 7 2436
6 7 2437
6 7 2438
6 7 2439
6 7 2440
6 7 2441
6 7 2442
6 7 2443
6 7 2444
6 7 2445
6 7 2446
6 7 2447
6 7 2448
6 7 2449
6 7 2450
6 7 2451
6 7 2452
6 7 2453
6 7 2454
6 7 2455
6 7 2456
6 7 2457
6 7 2458
6 7 2459
6 7 2460
6 7 2461
6 7 2462
6 7 2463
6 7 2464
6 7 2465
6 7 2466
6 7 2467
6 7 2468
6 7 2469
6 7 2470
6 7 2471
6 7 2472
6 7 2473
6 7 2474
6 7 2475
6 7 2476
6 7 2477
6 7 2478
6 7 2479
6 7 2480
6 7 2481
6 7 2482
6 7 2483
6 7 2484
6 7 2485
6 7 2486
6 7 2487
6 7 2488
6 7 2489
6 7 2490
6 7 2491
6 7 2492
6 7 2493
6 7 2494
6 7 2495
6 7 2496
6 7 2497
6 7 2498
6 7 2499
6 7 2500
6 7 2501
6 7 2502
6 7 2503
6 7 2504
6 7 2505
6 7 2506
6 7 2507
6 7 2508
6 7 2509
6 7 2510
6 7 2511
6 7 2512
6 7 2513
6 7 2514
6 7 2515
6 7 2516
6 7 2517
6 7 2518
6 7 2519
6 7 2520
6 7 2521
6 7 2522
6 7 2523
6 7 2524
6 7 2525
6 7 2526
6 7 2527
6 7 2528
6 7 2529
6 7 2530
6 7 2531
6 7 2532
6 7 2533
6 7 2534
6 7 2535
6 7 2536
6 7 2537
6 7 2538
6 7 2539
6 7 2540
6 7 2541
6 7 2542
6 7 2543
6 7 2544
6 7 2545
6 7 2546
6 7 2547
6 7 2548
6 7 2549
6 7 2550
6 7 2551
6 7 2552
6 7 2553
6 7 2554
6 7 2555
6 7 2556
6 7 2557
6 7 2558
6 7 2559
6 7 2560
6 7 2561
6 7 2562
6 7 2563
6 7 2564
6 7 2565
6 7 2566
6 7 2567
6 7 2568
6 7 2569
6 7 2570
6 7 2571
6 7 2572
6 7 2573
6 7 2574
6 7 2575
6 7 2576
6 7 2577
6 7 2578
6 7 2579
6 7 2580
6 7 2581
6 7 2582
6 7 2583
6 7 2584
6 7 2585
6 7 2586
6 7 2587
6 7 2588
6 7 2589
6 7 2590
6 7 2591
6 7 2592
6 7 2593
6 7 2594
6 7 2595
6 7 2596
6 7 2597
6 7 2598
6 7 2599
6 7 2600
6 7 2601
6 7 2602
6 7 2603
6 7 2604
6 7 2605
6 7 2606
6 7 2607
6 7 2608
6 7 2609
6 7 2610
6 7 2611
6 7 2612
6 7 2613
6 7 2614
6 7 2615
6 7 2616
6 7 2617
6 7 2618
6 7 2619
6 7 2620
6 7 2621
6 7 2622
6 7 2623
6 7 2624
6 7 2625
6 7 2626
6 7 2627
6 7 2628
6 7 2629
6 7 2630
6 7 2631
6 7 2632
6 7 2633
6 7 2634
6 7 2635
6 7 2636
6 7 2637
6 7 2638
6 7 2639
6 7 2640
6 7 2641
6 7 2642
6 7 2643
6 7 2644
6 7 2645
6 7 2646
6 7 2647
6 7 2648
6 7 2649
6 7 2650
6 7 2651
6 7 2652
6 7 2653
6 7 2654
6 7 2655
6 7 2656
6 7 2657
6 7 2658
6 7 2659
6 7 2660
6 7 2661
6 7 2662
6 7 2663
6 7 2664
6 7 2665
6 7 2666
6 7 2667
6 7 2668
6 7 2669
6 7 2670
6 7 2671
6 7 2672
6 7 2673
6 7 2674
6 7 2675
6 7 2676
6 7 2677
6 7 2678
6 7 2679
6 7 2680
6 7 2681
6 7 2682
6 7 2683
6 7 2684
6 7 2685
6 7 2686
6 7 2687
6 7 2688
6 7 2689
6 7 2690
6 7 2691
6 7 2692
6 7 2693
6 7 2694
6 7 2695
6 7 2696
6 7 2697
6 7 2698
6 7 2699
6 7 2700
6 7 2701
6 7 2702
6 7 2703
6 7 2704
6 7 2705
6 7 2706
6 7 2707
6 7 2708
6 7 2709
6 7 2710
6 7 2711
6 7 2712
6 7 2713
6 7 2714
6 7 2715
6 7 2716
6 7 2717
6 7 2718
6 7 2719
6 7 2720
6 7 2721
6 7 2722
6 7 2723
6 7 2724
6 7 2725
6 7 2726
6 7 2727
6 7 2728
6 7 2729
6 7 2730
6 7 2731
6 7 2732
6 7 2733
6 7 2734
6 7 2735
6 7 2736
6 7 2737
6 7 2738
6 7 2739
6 7 2740
6 7 2741
6 7 2742
6 7 2743
6 7 2744
6 7 2745
6 7 2746
6 7 2747
6 7 2748
6 7 2749
6 7 2750
6 7 2751
6 7 2752
6 7 2753
6 7 2754
6 7 2755
6 7 2756
6 7 2757
6 7 2758
6 7 2759
6 7 2760
6 7 2761
6 7 2762
6 7 2763
6 7 2764
6 7 2765
6 7 2766
6 7 2767
6 7 2768
6 7 2769
6 7 2770
6 7 2771
6 7 2772
6 7 2773
6 7 2774
6 7 2775
6 7 2776
6 7 2777
6 7 2778
6 7 2779
6 7 2780
6 7 2781
6 7 2782
6 7 2783
6 7 2784
6 7 2785
6 7 2786
6 7 2787
6 7 2788
6 7 2789
6 7 2790
6 7 2791
6 7 2792
6 7 2793
6 7 2794
6 7 2795
6 7 2796
6 7 2797
6 7 2798
6 7 2799
6 7 2800
6 7 2801
6 7 2802
6 7 2803
6 7 2804
6 7 2805
6 7 2806
6 7 2807
6 7 2808
6 7 2809
6 7 2810
6 7 2811
6 7 2812
6 7 2813
6 7 2814
6 7 2815
6 7 2816
6 7 2817
6 7 2818
6 7 2819
6 7 2820
6 7 2821
6 7 2822
6 7 2823
6 7 2824
6 7 2825
6 7 2826
6 7 2827
6 7 2828
6 7 2829
6 7 2830
6 7 2831
6 7 2832
6 7 2833
6 7 2834
6 7 2835
6 7 2836
6 7 2837
6 7 2838
6 7 2839
6 7 2840
6 7 2841
6 7 2842
6 7 2843
6 7 2844
6 7 2845
6 7 2846
6 7 2847
6 7 2848
6 7 2849
6 7 2850
6 7 2851
6 7 2852
6 7 2853
6 7 2854
6 7 2855
6 7 2856
6 7 2857
6 7 2858
6 7 2859
6 7 2860
6 7 2861
6 7 2862
6 7 2863
6 7 2864
6 7 2865
6 7 2866
6 7 2867
6 7 2868
6 7 2869
6 7 2870
6 7 2871
6 7 2872
6 7 2873
6 7 2874
6 7 2875
6 7 2876
6 7 2877
6 7 2878
6 7 2879
6 7 2880
6 7 2881
6 7 2882
6 7 2883
6 7 2884
6 7 2885
6 7 2886
6 7 2887
6 7 2888
6 7 2889
6 7 2890
6 7 2891
6 7 2892
6 7 2893
6 7 2894
6 7 2895
6 7 2896
6 7 2897
6 7 2898
6 7 2899
6 7 2900
6 7 2901
6 7 2902
6 7 2903
6 7 2904
6 7 2905
6 7 2906
6 7 2907
6 7 2908
6 7 2909
6 7 2910
6 7 2911
6 7 2912
6 7 2913
6 7 2914
6 7 2915
6 7 2916
6 7 2917
6 7 2918
6 7 2919
6 7 2920
6 7 2921
6 7 2922
6 7 2923
6 7 2924
6 7 2925
6 7 2926
6 7 2927
6 7 2928
6 7 2929
6 7 2930
6 7 2931
6 7 2932
6 7 2933
6 7 2934
6 7 2935
6 7 2936
6 7 2937
6 7 2938
6 7 2939
6 7 2940
6 7 2941
6 7 2942
6 7 2943
6 7 2944
6 7 2945
6 7 2946
6 7 2947
6 7 2948
6 7 2949
6 7 2950
6 7 2951
6 7 2952
6 7 2953
6 7 2954
6 7 2955
6 7 2956
6 7 2957
6 7 2958
6 7 2959
6 7 2960
6 7 2961
6 7 2962
6 7 2963
6 7 2964
6 7 2965
6 7 2966
6 7 2967
6 7 2968
6 7 2969
6 7 2970
6 7 2971
6 7 2972
6 7 2973
6 7 2974
6 7 2975
6 7 2976
6 7 2977
6 7 2978
6 7 2979
6 7 2980
6 7 2981
6 7 2982
6 7 2983
6 7 2984
6 7 2985
6 7 2986
6 7 2987
6 7 2988
6 7 2989
6 7 2990
6 7 2991
6 7 2992
6 7 2993
6 7 2994
6 7 2995
6 7 2996
6 7 2997
6 7 2998
6 7 2999
6 7 3000
6 7 3001
6 7 3002
6 7 3003
6 7 3004
6 7 3005
6 7 3006
6 7 3007
6 7 3008
6 7 3009
6 7 3010
6 7 3011
6 7 3012
6 7 3013
6 7 3014
6 7 3015
6 7 3016
6 7 3017
6 7 3018
6 7 3019
6 7 3020
6 7 3021
6 7 3022
6 7 3023
6 7 3024
6 7 3025
6 7 3026
6 7 3027
6 7 3028
6 7 3029
6 7 3030
6 7 3031
6 7 3032
6 7 3033
6 7 3034
6 7 3035
6 7 3036
6 7 3037
6 7 3038
6 7 3039
6 7 3040
6 7 3041
6 7 3042
6 7 3043
6 7 3044
6 7 3045
6 7 3046
6 7 3047
6 7 3048
6 7 3049
6 7 3050
6 7 3051
6 7 3052
6 7 3053
6 7 3054
6 7 3055
6 7 3056
6 7 3057
6 7 3058
6 7 3059
6 7 3060
6 7 3061
6 7 3062
6 7 3063
6 7 3064
6 7 3065
6 7 3066
6 7 3067
6 7 3068
6 7 3069
6 7 3070
6 7 3071
6 7 3072
6 7 3073
6 7 3074
6 7 3075
6 7 3076
6 7 3077
6 7 3078
6 7 3079
6 7 3080
6 7 3081
6 7 3082
6 7 3083
6 7 3084
6 7 3085
6 7 3086
6 7 3087
6 7 3088
6 7 3089
6 7 3090
6 7 3091
6 7 3092
6 7 3093
6 7 3094
6 7 3095
6 7 3096
6 7 3097
6 7 3098
6 7 3099
6 7 3100
6 7 3101
6 7 3102
6 7 3103
6 7 3104
6 7 3105
6 7 3106
6 7 3107
6 7 3108
6 7 3109
6 7 3110
6 7 3111
6 7 3112
6 7 3113
6 7 3114
6 7 3115
6 7 3116
6 7 3117
6 7 3118
6 7 3119
6 7 3120
6 7 3121
6 7 3122
6 7 3123
6 7 3124
6 7 3125
6 7 3126
6 7 3127
6 7 3128
6 7 3129
6 7 3130
6 7 3131
6 7 3132
6 7 3133
6 7 3134
6 7 3135
6 7 3136
6 7 3137
6 7 3138
6 7 3139
6 7 3140
6 7 3141
6 7 3142
6 7 3143
6 7 3144
6 7 3145
6 7 3146
6 7 3147
6 7 3148
6 7 3149
6 7 3150
6 7 3151
6 7 3152
6 7 3153
6 7 3154
6 7 3155
6 7 3156
6 7 3157
6 7 3158
6 7 3159
6 7 3160
6 7 3161
6 7 3162
6 7 3163
6 7 3164
6 7 3165
6 7 3166
6 7 3167
6 7 3168
6 7 3169
6 7 3170
6 7 3171
6 7 3172
6 7 3173
6 7 3174
6 7 3175
6 7 3176
6 7 3177
6 7 3178
6 7 3179
6 7 3180
6 7 3181
6 7 3182
6 7 3183
6 7 3184
6 7 3185
6 7 3186
6 7 3187
6 7 3188
6 7 3189
6 7 3190
6 7 3191
6 7 3192
6 7 3193
6 7 3194
6 7 3195
6 7 3196
6 7 3197
6 7 3198
6 7 3199
6 7 3200
6 7 3201
6 7 3202
6 7 3203
6 7 3204
6 7 3205
6 7 3206
6 7 3207
6 7 3208
6 7 3209
6 7 3210
6 7 3211
6 7 3212
6 7 3213
6 7 3214
6 7 3215
6 7 3216
6 7 3217
6 7 3218
6 7 3219
6 7 3220
6 7 3221
6 7 3222
6 7 3223
6 7 3224
6 7 3225
6 7 3226
6 7 3227
6 7 3228
6 7 3229
6 7 3230
6 7 3231
6 7 3232
6 7 3233
6 7 3234
6 7 3235
6 7 3236
6 7 3237
6 7 3238
6 7 3239
6 7 3240
6 7 3241
6 7 3242
6 7 3243
6 7 3244
6 7 3245
6 7 3246
6 7 3247
6 7 3248
6 7 3249
6 7 3250
6 7 3251
6 7 3252
6 7 3253
6 7 3254
6 7 3255
6 7 3256
6 7 3257
6 7 3258
6 7 3259
6 7 3260
6 7 3261
6 7 3262
6 7 3263
6 7 3264
6 7 3265
6 7 3266
6 7 3267
6 7 3268
6 7 3269
6 7 3270
6 7 3271
6 7 3272
6 7 3273
6 7 3274
6 7 3275
6 7 3276
6 7 3277
6 7 3278
6 7 3279
6 7 3280
6 7 3281
6 7 3282
6 7 3283
6 7 3284
6 7 3285
6 7 3286
6 7 3287
6 7 3288
6 7 3289
6 7 3290
6 7 3291
6 7 3292
6 7 3293
6 7 3294
6 7 3295
6 7 3296
6 7 3297
6 7 3298
6 7 3299
6 7 3300
6 7 3301
6 7 3302
6 7 3303
6 7 3304
6 7 3305
6 7 3306
6 7 3307
6 7 3308
6 7 3309
6 7 3310
6 7 3311
6 7 3312
6 7 3313
6 7 3314
6 7 3315
6 7 3316
6 7 3317
6 7 3318
6 7 3319
6 7 3320
6 7 3321
6 7 3322
6 7 3323
6 7 3324
6 7 3325
6 7 3326
6 7 3327
6 7 3328
6 7 3329
6 7 3330
6 7 3331
6 7 3332
6 7 3333
6 7 3334
6 7 3335
6 7 3336
6 7 3337
6 7 3338
6 7 3339
6 7 3340
6 7 3341
6 7 3342
6 7 3343
6 7 3344
6 7 3345
6 7 3346
6 7 3347
6 7 3348
6 7 3349
6 7 3350
6 7 3351
6 7 3352
6 7 3353
6 7 3354
6 7 3355
6 7 3356
6 7 3357
6 7 3358
6 7 3359
6 7 3360
6 7 3361
6 7 3362
6 7 3363
6 7 3364
6 7 3365
6 7 3366
6 7 3367
6 7 3368
6 7 3369
6 7 3370
6 7 3371
6 7 3372
6 7 3373
6 7 3374
6 7 3375
6 7 3376
6 7 3377
6 7 3378
6 7 3379
6 7 3380
6 7 3381
6 7 3382
6 7 3383
6 7 3384
6 7 3385
6 7 3386
6 7 3387
6 7 3388
6 7 3389
6 7 3390
6 7 3391
6 7 3392
6 7 3393
6 7 3394
6 7 3395
6 7 3396
6 7 3397
6 7 3398
6 7 3399
6 7 3400
6 7 3401
6 7 3402
6 7 3403
6 7 3404
6 7 3405
6 7 3406
6 7 3407
6 7 3408
6 7 3409
6 7 3410
6 7 3411
6 7 3412
6 7 3413
6 7 3414
6 7 3415
6 7 3416
6 7 3417
6 7 3418
6 7 3419
6 7 3420
6 7 3421
6 7 3422
6 7 3423
6 7 3424
6 7 3425
6 7 3426
6 7 3427
6 7 3428
6 7 3429
6 7 3430
6 7 3431
6 7 3432
6 7 3433
6 7 3434
6 7 3435
6 7 3436
6 7 3437
6 7 3438
6 7 3439
6 7 3440
6 7 3441
6 7 3442
6 7 3443
6 7 3444
6 7 3445
6 7 3446
6 7 3447
6 7 3448
6 7 3449
6 7 3450
6 7 3451
6 7 3452
6 7 3453
6 7 3454
6 7 3455
6 7 3456
6 7 3457
6 7 3458
6 7 3459
6 7 3460
6 7 3461
6 7 3462
6 7 3463
6 7 3464
6 7 3465
6 7 3466
6 7 3467
6 7 3468
6 7 3469
6 7 3470
6 7 3471
6 7 3472
6 7 3473
6 7 3474
6 7 3475
6 7 3476
6 7 3477
6 7 3478
6 7 3479
6 7 3480
6 7 3481
6 7 3482
6 7 3483
6 7 3484
6 7 3485
6 7 3486
6 7 3487
6 7 3488
6 7 3489
6 7 3490
6 7 3491
6 7 3492
6 7 3493
6 7 3494
6 7 3495
6 7 3496
6 7 3497
6 7 3498
6 7 3499
6 7 3500
6 7 3501
6 7 3502
6 7 3503
6 7 3504
6 7 3505
6 7 3506
6 7 3507
6 7 3508
6 7 3509
6 7 3510
6 7 3511
6 7 3512
6 7 3513
6 7 3514
6 7 3515
6 7 3516
6 7 3517
6 7 3518
6 7 3519
6 7 3520
6 7 3521
6 7 3522
6 7 3523
6 7 3524
6 7 3525
6 7 3526
6 7 3527
6 7 3528
6 7 3529
6 7 3530
6 7 3531
6 7 3532
6 7 3533
6 7 3534
6 7 3535
6 7 3536
6 7 3537
6 7 3538
6 7 3539
6 7 3540
6 7 3541
6 7 3542
6 7 3543
6 7 3544
6 7 3545
6 7 3546
6 7 3547
6 7 3548
6 7 3549
6 7 3550
6 7 3551
6 7 3552
6 7 3553
6 7 3554
6 7 3555
6 7 3556
6 7 3557
6 7 3558
6 7 3559
6 7 3560
6 7 3561
6 7 3562
6 7 3563
6 7 3564
6 7 3565
6 7 3566
6 7 3567
6 7 3568
6 7 3569
6 7 3570
6 7 3571
6 7 3572
6 7 3573
6 7 3574
6 7 3575
6 7 3576
6 7 3577
6 7 3578
6 7 3579
6 7 3580
6 7 3581
6 7 3582
6 7 3583
6 7 3584
6 7 3585
6 7 3586
6 7 3587
6 7 3588
6 7 3589
6 7 3590
6 7 3591
6 7 3592
6 7 3593
6 7 3594
6 7 3595
6 7 3596
6 7 3597
6 7 3598
6 7 3599
6 7 3600
6 7 3601
6 7 3602
6 7 3603
6 7 3604
6 7 3605
6 7 3606
6 7 3607
6 7 3608
6 7 3609
6 7 3610
6 7 3611
6 7 3612
6 7 3613
6 7 3614
6 7 3615
6 7 3616
6 7 3617
6 7 3618
6 7 3619
6 7 3620
6 7 3621
6 7 3622
6 7 3623
6 7 3624
6 7 3625
6 7 3626
6 7 3627
6 7 3628
6 7 3629
6 7 3630
6 7 3631
6 7 3632
6 7 3633
6 7 3634
6 7 3635
6 7 3636
6 7 3637
6 7 3638
6 7 3639
6 7 3640
6 7 3641
6 7 3642
6 7 3643
6 7 3644
6 7 3645
6 7 3646
6 7 3647
6 7 3648
6 7 3649
6 7 3650
6 7 3651
6 7 3652
6 7 3653
6 7 3654
6 7 3655
6 7 3656
6 7 3657
6 7 3658
6 7 3659
6 7 3660
6 7 3661
6 7 3662
6 7 3663
6 7 3664
6 7 3665
6 7 3666
6 7 3667
6 7 3668
6 7 3669
6 7 3670
6 7 3671
6 7 3672
6 7 3673
6 7 3674
6 7 3675
6 7 3676
6 7 3677
6 7 3678
6 7 3679
6 7 3680
6 7 3681
6 7 3682
6 7 3683
6 7 3684
6 7 3685
6 7 3686
6 7 3687
6 7 3688
6 7 3689
6 7 3690
6 7 3691
6 7 3692
6 7 3693
6 7 3694
6 7 3695
6 7 3696
6 7 3697
6 7 3698
6 7 3699
6 7 3700
6 7 3701
6 7 3702
6 7 3703
6 7 3704
6 7 3705
6 7 3706
6 7 3707
6 7 3708
6 7 3709
6 7 3710
6 7 3711
6 7 3712
6 7 3713
6 7 3714
6 7 3715
6 7 3716
6 7 3717
6 7 3718
6 7 3719
6 7 3720
6 7 3721
6 7 3722
6 7 3723
6 7 3724
6 7 3725
6 7 3726
6 7 3727
6 7 3728
6 7 3729
6 7 3730
6 7 3731
6 7 3732
6 7 3733
6 7 3734
6 7 3735
6 7 3736
6 7 3737
6 7 3738
6 7 3739
6 7 3740
6 7 3741
6 7 3742
6 7 3743
6 7 3744
6 7 3745
6 7 3746
6 7 3747
6 7 3748
6 7 3749
6 7 3750
6 7 3751
6 7 3752
6 7 3753
6 7 3754
6 7 3755
6 7 3756
6 7 3757
6 7 3758
6 7 3759
6 7 3760
6 7 3761
6 7 3762
6 7 3763
6 7 3764
6 7 3765
6 7 3766
6 7 3767
6 7 3768
6 7 3769
6 7 3770
6 7 3771
6 7 3772
6 7 3773
6 7 3774
6 7 3775
6 7 3776
6 7 3777
6 7 3778
6 7 3779
6 7 3780
6 7 3781
6 7 3782
6 7 3783
6 7 3784
6 7 3785
6 7 3786
6 7 3787
6 7 3788
6 7 3789
6 7 3790
6 7 3791
6 7 3792
6 7 3793
6 7 3794
6 7 3795
6 7 3796
6 7 3797
6 7 3798
6 7 3799
6 7 3800
6 7 3801
6 7 3802
6 7 3803
6 7 3804
6 7 3805
6 7 3806
6 7 3807
6 7 3808
6 7 3809
6 7 3810
6 7 3811
6 7 3812
6 7 3813
6 7 3814
6 7 3815
6 7 3816
6 7 3817
6 7 3818
6 7 3819
6 7 3820
6 7 3821
6 7 3822
6 7 3823
6 7 3824
6 7 3825
6 7 3826
6 7 3827
6 7 3828
6 7 3829
6 7 3830
6 7 3831
6 7 3832
6 7 3833
6 7 3834
6 7 3835
6 7 3836
6 7 3837
6 7 3838
6 7 3839
6 7 3840
6 7 3841
6 7 3842
6 7 3843
6 7 3844
6 7 3845
6 7 3846
6 7 3847
6 7 3848
6 7 3849
6 7 3850
6 7 3851
6 7 3852
6 7 3853
6 7 3854
6 7 3855
6 7 3856
6 7 3857
6 7 3858
6 7 3859
6 7 3860
6 7 3861
6 7 3862
6 7 3863
6 7 3864
6 7 3865
6 7 3866
6 7 3867
6 7 3868
6 7 3869
6 7 3870
6 7 3871
6 7 3872
6 7 3873
6 7 3874
6 7 3875
6 7 3876
6 7 3877
6 7 3878
6 7 3879
6 7 3880
6 7 3881
6 7 3882
6 7 3883
6 7 3884
6 7 3885
6 7 3886
6 7 3887
6 7 3888
6 7 3889
6 7 3890
6 7 3891
6 7 3892
6 7 3893
6 7 3894
6 7 3895
6 7 3896
6 7 3897
6 7 3898
6 7 3899
6 7 3900
6 7 3901
6 7 3902
6 7 3903
6 7 3904
6 7 3905
6 7 3906
6 7 3907
6 7 3908
6 7 3909
6 7 3910
6 7 3911
6 7 3912
6 7 3913
6 7 3914
6 7 3915
6 7 3916
6 7 3917
6 7 3918
6 7 3919
6 7 3920
6 7 3921
6 7 3922
6 7 3923
6 7 3924
6 7 3925
6 7 3926
6 7 3927
6 7 3928
6 7 3929
6 7 3930
6 7 3931
6 7 3932
6 7 3933
6 7 3934
6 7 3935
6 7 3936
6 7 3937
6 7 3938
6 7 3939
6 7 3940
6 7 3941
6 7 3942
6 7 3943
6 7 3944
6 7 3945
6 7 3946
6 7 3947
6 7 3948
6 7 3949
6 7 3950
6 7 3951
6 7 3952
6 7 3953
6 7 3954
6 7 3955
6 7 3956
6 7 3957
6 7 3958
6 7 3959
6 7 3960
6 7 3961
6 7 3962
6 7 3963
6 7 3964
6 7 3965
6 7 3966
6 7 3967
6 7 3968
6 7 3969
6 7 3970
6 7 3971
6 7 3972
6 7 3973
6 7 3974
6 7 3975
6 7 3976
6 7 3977
6 7 3978
6 7 3979
6 7 3980
6 7 3981
6 7 3982
6 7 3983
6 7 3984
6 7 3985
6 7 3986
6 7 3987
6 7 3988
6 7 3989
6 7 3990
6 7 3991
6 7 3992
6 7 3993
6 7 3994
6 7 3995
6 7 3996
6 7 3997
6 7 3998
6 7 3999
6 7 4000
6 7 4001
6 7 4002
6 7 4003
6 7 4004
6 7 4005
6 7 4006
6 7 4007
6 7 4008
6 7 4009
6 7 4010
6 7 4011
6 7 4012
6 7 4013
6 7 4014
6 7 4015
6 7 4016
6 7 4017
6 7 4018
6 7 4019
6 7 4020
6 7 4021
6 7 4022
6 7 4023
6 7 4024
6 7 4025
6 7 4026
6 7 4027
6 7 4028
6 7 4029
6 7 4030
6 7 4031
6 7 4032
6 7 4033
6 7 4034
6 7 4035
6 7 4036
6 7 4037
6 7 4038
6 7 4039
6 7 4040
6 7 4041
6 7 4042
6 7 4043
6 7 4044
6 7 4045
6 7 4046
6 7 4047
6 7 4048
6 7 4049
6 7 4050
6 7 4051
6 7 4052
6 7 4053
6 7 4054
6 7 4055
6 7 4056
6 7 4057
6 7 4058
6 7 4059
6 7 4060
6 7 4061
6 7 4062
6 7 4063
6 7 4064
6 7 4065
6 7 4066
6 7 4067
6 7 4068
6 7 4069
6 7 4070
6 7 4071
6 7 4072
6 7 4073
6 7 4074
6 7 4075
6 7 4076
6 7 4077
6 7 4078
6 7 4079
6 7 4080
6 7 4081
6 7 4082
6 7 4083
6 7 4084
6 7 4085
6 7 4086
6 7 4087
6 7 4088
6 7 4089
6 7 4090
6 7 4091
6 7 4092
6 7 4093
6 7 4094
6 7 4095
6 7 4096
6 7 4097
6 7 4098
6 7 4099
6 7 4100
6 7 4101
6 7 4102
6 7 4103
6 7 4104
6 7 4105
6 7 4106
6 7 4107
6 7 4108
6 7 4109
6 7 4110
6 7 4111
6 7 4112
6 7 4113
6 7 4114
6 7 4115
6 7 4116
6 7 4117
6 7 4118
6 7 4119
6 7 4120
6 7 4121
6 7 4122
6 7 4123
6 7 4124
6 7 4125
6 7 4126
6 7 4127
6 7 4128
6 7 4129
6 7 4130
6 7 4131
6 7 4132
6 7 4133
6 7 4134
6 7 4135
6 7 4136
6 7 4137
6 7 4138
6 7 4139
6 7 4140
6 7 4141
6 7 4142
6 7 4143
6 7 4144
6 7 4145
6 7 4146
6 7 4147
6 7 4148
6 7 4149
6 7 4150
6 7 4151
6 7 4152
6 7 4153
6 7 4154
6 7 4155
6 7 4156
6 7 4157
6 7 4158
6 7 4159
6 7 4160
6 7 4161
6 7 4162
6 7 4163
6 7 4164
6 7 4165
6 7 4166
6 7 4167
6 7 4168
6 7 4169
6 7 4170
6 7 4171
6 7 4172
6 7 4173
6 7 4174
6 7 4175
6 7 4176
6 7 4177
6 7 4178
6 7 4179
6 7 4180
6 7 4181
6 7 4182
6 7 4183
6 7 4184
6 7 4185
6 7 4186
6 7 4187
6 7 4188
6 7 4189
6 7 4190
6 7 4191
6 7 4192
6 7 4193
6 7 4194
6 7 4195
6 7 4196
6 7 4197
6 7 4198
6 7 4199
6 7 4200
6 7 4201
6 7 4202
6 7 4203
6 7 4204
6 7 4205
6 7 4206
6 7 4207
6 7 4208
6 7 4209
6 7 4210
6 7 4211
6 7 4212
6 7 4213
6 7 4214
6 7 4215
6 7 4216
6 7 4217
6 7 4218
6 7 4219
6 7 4220
6 7 4221
6 7 4222
6 7 4223
6 7 4224
6 7 4225
6 7 4226
6 7 4227
6 7 4228
6 7 4229
6 7 4230
6 7 4231
6 7 4232
6 7 4233
6 7 4234
6 7 4235
6 7 4236
6 7 4237
6 7 4238
6 7 4239
6 7 4240
6 7 4241
6 7 4242
6 7 4243
6 7 4244
6 7 4245
6 7 4246
6 7 4247
6 7 4248
6 7 4249
6 7 4250
6 7 4251
6 7 4252
6 7 4253
6 7 4254
6 7 4255
6 7 4256
6 7 4257
6 7 4258
6 7 4259
6 7 4260
6 7 4261
6 7 4262
6 7 4263
6 7 4264
6 7 4265
6 7 4266
6 7 4267
6 7 4268
6 7 4269
6 7 4270
6 7 4271
6 7 4272
6 7 4273
6 7 4274
6 7 4275
6 7 4276
6 7 4277
6 7 4278
6 7 4279
6 7 4280
6 7 4281
6 7 4282
6 7 4283
6 7 4284
6 7 4285
6 7 4286
6 7 4287
6 7 4288
6 7 4289
6 7 4290
6 7 4291
6 7 4292
6 7 4293
6 7 4294
6 7 4295
6 7 4296
6 7 4297
6 7 4298
6 7 4299
6 7 4300
6 7 4301
6 7 4302
6 7 4303
6 7 4304
6 7 4305
6 7 4306
6 7 4307
6 7 4308
6 7 4309
6 7 4310
6 7 4311
6 7 4312
6 7 4313
6 7 4314
6 7 4315
6 7 4316
6 7 4317
6 7 4318
6 7 4319
6 7 4320
6 7 4321
6 7 4322
6 7 4323
6 7 4324
6 7 4325
6 7 4326
6 7 4327
6 7 4328
6 7 4329
6 7 4330
6 7 4331
6 7 4332
6 7 4333
6 7 4334
6 7 4335
6 7 4336
6 7 4337
6 7 4338
6 7 4339
6 7 4340
6 7 4341
6 7 4342
6 7 4343
6 7 4344
6 7 4345
6 7 4346
6 7 4347
6 7 4348
6 7 4349
6 7 4350
6 7 4351
6 7 4352
6 7 4353
6 7 4354
6 7 4355
6 7 4356
6 7 4357
6 7 4358
6 7 4359
6 7 4360
6 7 4361
6 7 4362
6 7 4363
6 7 4364
6 7 4365
6 7 4366
6 7 4367
6 7 4368
6 7 4369
6 7 4370
6 7 4371
6 7 4372
6 7 4373
6 7 4374
6 7 4375
6 7 4376
6 7 4377
6 7 4378
6 7 4379
6 7 4380
6 7 4381
6 7 4382
6 7 4383
6 7 4384
6 7 4385
6 7 4386
6 7 4387
6 7 4388
6 7 4389
6 7 4390
6 7 4391
6 7 4392
6 7 4393
6 7 4394
6 7 4395
6 7 4396
6 7 4397
6 7 4398
6 7 4399
6 7 4400
6 7 4401
6 7 4402
6 7 4403
6 7 4404
6 7 4405
6 7 4406
6 7 4407
6 7 4408
6 7 4409
6 7 4410
6 7 4411
6 7 4412
6 7 4413
6 7 4414
6 7 4415
6 7 4416
6 7 4417
6 7 4418
6 7 4419
6 7 4420
6 7 4421
6 7 4422
6 7 4423
6 7 4424
6 7 4425
6 7 4426
6 7 4427
6 7 4428
6 7 4429
6 7 4430
6 7 4431
6 7 4432
6 7 4433
6 7 4434
6 7 4435
6 7 4436
6 7 4437
6 7 4438
6 7 4439
6 7 4440
6 7 4441
6 7 4442
6 7 4443
6 7 4444
6 7 4445
6 7 4446
6 7 4447
6 7 4448
6 7 4449
6 7 4450
6 7 4451
6 7 4452
6 7 4453
6 7 4454
6 7 4455
6 7 4456
6 7 4457
6 7 4458
6 7 4459
6 7 4460
6 7 4461
6 7 4462
6 7 4463
6 7 4464
6 7 4465
6 7 4466
6 7 4467
6 7 4468
6 7 4469
6 7 4470
6 7 4471
6 7 4472
6 7 4473
6 7 4474
6 7 4475
6 7 4476
6 7 4477
6 7 4478
6 7 4479
6 7 4480
6 7 4481
6 7 4482
6 7 4483
6 7 4484
6 7 4485
6 7 4486
6 7 4487
6 7 4488
6 7 4489
6 7 4490
6 7 4491
6 7 4492
6 7 4493
6 7 4494
6 7 4495
6 7 4496
6 7 4497
6 7 4498
6 7 4499
6 7 4500
6 7 4501
6 7 4502
6 7 4503
6 7 4504
6 7 4505
6 7 4506
6 7 4507
6 7 4508
6 7 4509
6 7 4510
6 7 4511
6 7 4512
6 7 4513
6 7 4514
6 7 4515
6 7 4516
6 7 4517
6 7 4518
6 7 4519
6 7 4520
6 7 4521
6 7 4522
6 7 4523
6 7 4524
6 7 4525
6 7 4526
6 7 4527
6 7 4528
6 7 4529
6 7 4530
6 7 4531
6 7 4532
6 7 4533
6 7 4534
6 7 4535
6 7 4536
6 7 4537
6 7 4538
6 7 4539
6 7 4540
6 7 4541
6 7 4542
6 7 4543
6 7 4544
6 7 4545
6 7 4546
6 7 4547
6 7 4548
6 7 4549
6 7 4550
6 7 4551
6 7 4552
6 7 4553
6 7 4554
6 7 4555
6 7 4556
6 7 4557
6 7 4558
6 7 4559
6 7 4560
6 7 4561
6 7 4562
6 7 4563
6 7 4564
6 7 4565
6 7 4566
6 7 4567
6 7 4568
6 7 4569
6 7 4570
6 7 4571
6 7 4572
6 7 4573
6 7 4574
6 7 4575
6 7 4576
6 7 4577
6 7 4578
6 7 4579
6 7 4580
6 7 4581
6 7 4582
6 7 4583
6 7 4584
6 7 4585
6 7 4586
6 7 4587
6 7 4588
6 7 4589
6 7 4590
6 7 4591
6 7 4592
6 7 4593
6 7 4594
6 7 4595
6 7 4596
6 7 4597
6 7 4598
6 7 4599
6 7 4600
6 7 4601
6 7 4602
6 7 4603
6 7 4604
6 7 4605
6 7 4606
6 7 4607
6 7 4608
6 7 4609
6 7 4610
6 7 4611
6 7 4612
6 7 4613
6 7 4614
6 7 4615
6 7 4616
6 7 4617
6 7 4618
6 7 4619
6 7 4620
6 7 4621
6 7 4622
6 7 4623
6 7 4624
6 7 4625
6 7 4626
6 7 4627
6 7 4628
6 7 4629
6 7 4630
6 7 4631
6 7 4632
6 7 4633
6 7 4634
6 7 4635
6 7 4636
6 7 4637
6 7 4638
6 7 4639
6 7 4640
6 7 4641
6 7 4642
6 7 4643
6 7 4644
6 7 4645
6 7 4646
6 7 4647
6 7 4648
6 7 4649
6 7 4650
6 7 4651
6 7 4652
6 7 4653
6 7 4654
6 7 4655
6 7 4656
6 7 4657
6 7 4658
6 7 4659
6 7 4660
6 7 4661
6 7 4662
6 7 4663
6 7 4664
6 7 4665
6 7 4666
6 7 4667
6 7 4668
6 7 4669
6 7 4670
6 7 4671
6 7 4672
6 7 4673
6 7 4674
6 7 4675
6 7 4676
6 7 4677
6 7 4678
6 7 4679
6 7 4680
6 7 4681
6 7 4682
6 7 4683
6 7 4684
6 7 4685
6 7 4686
6 7 4687
6 7 4688
6 7 4689
6 7 4690
6 7 4691
6 7 4692
6 7 4693
6 7 4694
6 7 4695
6 7 4696
6 7 4697
6 7 4698
6 7 4699
6 7 4700
6 7 4701
6 7 4702
6 7 4703
6 7 4704
6 7 4705
6 7 4706
6 7 4707
6 7 4708
6 7 4709
6 7 4710
6 7 4711
6 7 4712
6 7 4713
6 7 4714
6 7 4715
6 7 4716
6 7 4717
6 7 4718
6 7 4719
6 7 4720
6 7 4721
6 7 4722
6 7 4723
6 7 4724
6 7 4725
6 7 4726
6 7 4727
6 7 4728
6 7 4729
6 7 4730
6 7 4731
6 7 4732
6 7 4733
6 7 4734
6 7 4735
6 7 4736
6 7 4737
6 7 4738
6 7 4739
6 7 4740
6 7 4741
6 7 4742
6 7 4743
6 7 4744
6 7 4745
6 7 4746
6 7 4747
6 7 4748
6 7 4749
6 7 4750
6 7 4751
6 7 4752
6 7 4753
6 7 4754
6 7 4755
6 7 4756
6 7 4757
6 7 4758
6 7 4759
6 7 4760
6 7 4761
6 7 4762
6 7 4763
6 7 4764
6 7 4765
6 7 4766
6 7 4767
6 7 4768
6 7 4769
6 7 4770
6 7 4771
6 7 4772
6 7 4773
6 7 4774
6 7 4775
6 7 4776
6 7 4777
6 7 4778
6 7 4779
6 7 4780
6 7 4781
6 7 4782
6 7 4783
6 7 4784
6 7 4785
6 7 4786
6 7 4787
6 7 4788
6 7 4789
6 7 4790
6 7 4791
6 7 4792
6 7 4793
6 7 4794
6 7 4795
6 7 4796
6 7 4797
6 7 4798
6 7 4799
6 7 4800
6 7 4801
6 7 4802
6 7 4803
6 7 4804
6 7 4805
6 7 4806
6 7 4807
6 7 4808
6 7 4809
6 7 4810
6 7 4811
6 7 4812
6 7 4813
6 7 4814
6 7 4815
6 7 4816
6 7 4817
6 7 4818
6 7 4819
6 7 4820
6 7 4821
6 7 4822
6 7 4823
6 7 4824
6 7 4825
6 7 4826
6 7 4827
6 7 4828
6 7 4829
6 7 4830
6 7 4831
6 7 4832
6 7 4833
6 7 4834
6 7 4835
6 7 4836
6 7 4837
6 7 4838
6 7 4839
6 7 4840
6 7 4841
6 7 4842
6 7 4843
6 7 4844
6 7 4845
6 7 4846
6 7 4847
6 7 4848
6 7 4849
6 7 4850
6 7 4851
6 7 4852
6 7 4853
6 7 4854
6 7 4855
6 7 4856
6 7 4857
6 7 4858
6 7 4859
6 7 4860
6 7 4861
6 7 4862
6 7 4863
6 7 4864
6 7 4865
6 7 4866
6 7 4867
6 7 4868
6 7 4869
6 7 4870
6 7 4871
6 7 4872
6 7 4873
6 7 4874
6 7 4875
6 7 4876
6 7 4877
6 7 4878
6 7 4879
6 7 4880
6 7 4881
6 7 4882
6 7 4883
6 7 4884
6 7 4885
6 7 4886
6 7 4887
6 7 4888
6 7 4889
6 7 4890
6 7 4891
6 7 4892
6 7 4893
6 7 4894
6 7 4895
6 7 4896
6 7 4897
6 7 4898
6 7 4899
6 7 4900
6 7 4901
6 7 4902
6 7 4903
6 7 4904
6 7 4905
6 7 4906
6 7 4907
6 7 4908
6 7 4909
6 7 4910
6 7 4911
6 7 4912
6 7 4913
6 7 4914
6 7 4915
6 7 4916
6 7 4917
6 7 4918
6 7 4919
6 7 4920
6 7 4921
6 7 4922
6 7 4923
6 7 4924
6 7 4925
6 7 4926
6 7 4927
6 7 4928
6 7 4929
6 7 4930
6 7 4931
6 7 4932
6 7 4933
6 7 4934
6 7 4935
6 7 4936
6 7 4937
6 7 4938
6 7 4939
6 7 4940
6 7 4941
6 7 4942
6 7 4943
6 7 4944
6 7 4945
6 7 4946
6 7 4947
6 7 4948
6 7 4949
6 7 4950
6 7 4951
6 7 4952
6 7 4953
6 7 4954
6 7 4955
6 7 4956
6 7 4957
6 7 4958
6 7 4959
6 7 4960
6 7 4961
6 7 4962
6 7 4963
6 7 4964
6 7 4965
6 7 4966
6 7 4967
6 7 4968
6 7 4969
6 7 4970
6 7 4971
6 7 4972
6 7 4973
6 7 4974
6 7 4975
6 7 4976
6 7 4977
6 7 4978
6 7 4979
6 7 4980
6 7 4981
6 7 4982
6 7 4983
6 7 4984
6 7 4985
6 7 4986
6 7 4987
6 7 4988
6 7 4989
6 7 4990
6 7 4991
6 7 4992
6 7 4993
6 7 4994
6 7 4995
6 7 4996
6 7 4997
6 7 4998
6 7 4999
6 7 5000
6 7 5001
6 7 5002
6 7 5003
6 7 5004
6 7 5005
6 7 5006
6 7 5007
6 7 5008
6 7 5009
6 7 5010
6 7 5011
6 7 5012
6 7 5013
6 7 5014
6 7 5015
6 7 5016
6 7 5017
6 7 5018
6 7 5019
6 7 5020
6 7 5021
6 7 5022
6 7 5023
6 7 5024
6 7 5025
6 7 5026
6 7 5027
6 7 5028
6 7 5029
6 7 5030
6 7 5031
6 7 5032
6 7 5033
6 7 5034
6 7 5035
6 7 5036
6 7 5037
6 7 5038
6 7 5039
6 7 5040
6 7 5041
6 7 5042
6 7 5043
6 7 5044
6 7 5045
6 7 5046
6 7 5047
6 7 5048
6 7 5049
6 7 5050
6 7 5051
6 7 5052
6 7 5053
6 7 5054
6 7 5055
6 7 5056
6 7 5057
6 7 5058
6 7 5059
6 7 5060
6 7 5061
6 7 5062
6 7 5063
6 7 5064
6 7 5065
6 7 5066
6 7 5067
6 7 5068
6 7 5069
6 7 5070
6 7 5071
6 7 5072
6 7 5073
6 7 5074
6 7 5075
6 7 5076
6 7 5077
6 7 5078
6 7 5079
6 7 5080
6 7 5081
6 7 5082
6 7 5083
6 7 5084
6 7 5085
6 7 5086
6 7 5087
6 7 5088
6 7 5089
6 7 5090
6 7 5091
6 7 5092
6 7 5093
6 7 5094
6 7 5095
6 7 5096
6 7 5097
6 7 5098
6 7 5099
6 7 5100
6 7 5101
6 7 5102
6 7 5103
6 7 5104
6 7 5105
6 7 5106
6 7 5107
6 7 5108
6 7 5109
6 7 5110
6 7 5111
6 7 5112
6 7 5113
6 7 5114
6 7 5115
6 7 5116
6 7 5117
6 7 5118
6 7 5119
6 7 5120
6 7 5121
6 7 5122
6 7 5123
6 7 5124
6 7 5125
6 7 5126
6 7 5127
6 7 5128
6 7 5129
6 7 5130
6 7 5131
6 7 5132
6 7 5133
6 7 5134
6 7 5135
6 7 5136
6 7 5137
6 7 5138
6 7 5139
6 7 5140
6 7 5141
6 7 5142
6 7 5143
6 7 5144
6 7 5145
6 7 5146
6 7 5147
6 7 5148
6 7 5149
6 7 5150
6 7 5151
6 7 5152
6 7 5153
6 7 5154
6 7 5155
6 7 5156
6 7 5157
6 7 5158
6 7 5159
6 7 5160
6 7 5161
6 7 5162
6 7 5163
6 7 5164
6 7 5165
6 7 5166
6 7 5167
6 7 5168
6 7 5169
6 7 5170
6 7 5171
6 7 5172
6 7 5173
6 7 5174
6 7 5175
6 7 5176
6 7 5177
6 7 5178
6 7 5179
6 7 5180
6 7 5181
6 7 5182
6 7 5183
6 7 5184
6 7 5185
6 7 5186
6 7 5187
6 7 5188
6 7 5189
6 7 5190
6 7 5191
6 7 5192
6 7 5193
6 7 5194
6 7 5195
6 7 5196
6 7 5197
6 7 5198
6 7 5199
6 7 5200
6 7 5201
6 7 5202
6 7 5203
6 7 5204
6 7 5205
6 7 5206
6 7 5207
6 7 5208
6 7 5209
6 7 5210
6 7 5211
6 7 5212
6 7 5213
6 7 5214
6 7 5215
6 7 5216
6 7 5217
6 7 5218
6 7 5219
6 7 5220
6 7 5221
6 7 5222
6 7 5223
6 7 5224
6 7 5225
6 7 5226
6 7 5227
6 7 5228
6 7 5229
6 7 5230
6 7 5231
6 7 5232
6 7 5233
6 7 5234
6 7 5235
6 7 5236
6 7 5237
6 7 5238
6 7 5239
6 7 5240
6 7 5241
6 7 5242
6 7 5243
6 7 5244
6 7 5245
6 7 5246
6 7 5247
6 7 5248
6 7 5249
6 7 5250
6 7 5251
6 7 5252
6 7 5253
6 7 5254
6 7 5255
6 7 5256
6 7 5257
6 7 5258
6 7 5259
6 7 5260
6 7 5261
6 7 5262
6 7 5263
6 7 5264
6 7 5265
6 7 5266
6 7 5267
6 7 5268
6 7 5269
6 7 5270
6 7 5271
6 7 5272
6 7 5273
6 7 5274
6 7 5275
6 7 5276
6 7 5277
6 7 5278
6 7 5279
6 7 5280
6 7 5281
6 7 5282
6 7 5283
6 7 5284
6 7 5285
6 7 5286
6 7 5287
6 7 5288
6 7 5289
6 7 5290
6 7 5291
6 7 5292
6 7 5293
6 7 5294
6 7 5295
6 7 5296
6 7 5297
6 7 5298
6 7 5299
6 7 5300
6 7 5301
6 7 5302
6 7 5303
6 7 5304
6 7 5305
6 7 5306
6 7 5307
6 7 5308
6 7 5309
6 7 5310
6 7 5311
6 7 5312
6 7 5313
6 7 5314
6 7 5315
6 7 5316
6 7 5317
6 7 5318
6 7 5319
6 7 5320
6 7 5321
6 7 5322
6 7 5323
6 7 5324
6 7 5325
6 7 5326
6 7 5327
6 7 5328
6 7 5329
6 7 5330
6 7 5331
6 7 5332
6 7 5333
6 7 5334
6 7 5335
6 7 5336
6 7 5337
6 7 5338
6 7 5339
6 7 5340
6 7 5341
6 7 5342
6 7 5343
6 7 5344
6 7 5345
6 7 5346
6 7 5347
6 7 5348
6 7 5349
6 7 5350
6 7 5351
6 7 5352
6 7 5353
6 7 5354
6 7 5355
6 7 5356
6 7 5357
6 7 5358
6 7 5359
6 7 5360
6 7 5361
6 7 5362
6 7 5363
6 7 5364
6 7 5365
6 7 5366
6 7 5367
6 7 5368
6 7 5369
6 7 5370
6 7 5371
6 7 5372
6 7 5373
6 7 5374
6 7 5375
6 7 5376
6 7 5377
6 7 5378
6 7 5379
6 7 5380
6 7 5381
6 7 5382
6 7 5383
6 7 5384
6 7 5385
6 7 5386
6 7 5387
6 7 5388
6 7 5389
6 7 5390
6 7 5391
6 7 5392
6 7 5393
6 7 5394
6 7 5395
6 7 5396
6 7 5397
6 7 5398
6 7 5399
6 7 5400
6 7 5401
6 7 5402
6 7 5403
6 7 5404
6 7 5405
6 7 5406
6 7 5407
6 7 5408
6 7 5409
6 7 5410
6 7 5411
6 7 5412
6 7 5413
6 7 5414
6 7 5415
6 7 5416
6 7 5417
6 7 5418
6 7 5419
6 7 5420
6 7 5421
6 7 5422
6 7 5423
6 7 5424
6 7 5425
6 7 5426
6 7 5427
6 7 5428
6 7 5429
6 7 5430
6 7 5431
6 7 5432
6 7 5433
6 7 5434
6 7 5435
6 7 5436
6 7 5437
6 7 5438
6 7 5439
6 7 5440
6 7 5441
6 7 5442
6 7 5443
6 7 5444
6 7 5445
6 7 5446
6 7 5447
6 7 5448
6 7 5449
6 7 5450
6 7 5451
6 7 5452
6 7 5453
6 7 5454
6 7 5455
6 7 5456
6 7 5457
6 7 5458
6 7 5459
6 7 5460
6 7 5461
6 7 5462
6 7 5463
6 7 5464
6 7 5465
6 7 5466
6 7 5467
6 7 5468
6 7 5469
6 7 5470
6 7 5471
6 7 5472
6 7 5473
6 7 5474
6 7 5475
6 7 5476
6 7 5477
6 7 5478
6 7 5479
6 7 5480
6 7 5481
6 7 5482
6 7 5483
6 7 5484
6 7 5485
6 7 5486
6 7 5487
6 7 5488
6 7 5489
6 7 5490
6 7 5491
6 7 5492
6 7 5493
6 7 5494
6 7 5495
6 7 5496
6 7 5497
6 7 5498
6 7 5499
6 7 5500
6 7 5501
6 7 5502
6 7 5503
6 7 5504
6 7 5505
6 7 5506
6 7 5507
6 7 5508
6 7 5509
6 7 5510
6 7 5511
6 7 5512
6 7 5513
6 7 5514
6 7 5515
6 7 5516
6 7 5517
6 7 5518
6 7 5519
6 7 5520
6 7 5521
6 7 5522
6 7 5523
6 7 5524
6 7 5525
6 7 5526
6 7 5527
6 7 5528
6 7 5529
6 7 5530
6 7 5531
6 7 5532
6 7 5533
6 7 5534
6 7 5535
6 7 5536
6 7 5537
6 7 5538
6 7 5539
6 7 5540
6 7 5541
6 7 5542
6 7 5543
6 7 5544
6 7 5545
6 7 5546
6 7 5547
6 7 5548
6 7 5549
6 7 5550
6 7 5551
6 7 5552
6 7 5553
6 7 5554
6 7 5555
6 7 5556
6 7 5557
6 7 5558
6 7 5559
6 7 5560
6 7 5561
6 7 5562
6 7 5563
6 7 5564
6 7 5565
6 7 5566
6 7 5567
6 7 5568
6 7 5569
6 7 5570
6 7 5571
6 7 5572
6 7 5573
6 7 5574
6 7 5575
6 7 5576
6 7 5577
6 7 5578
6 7 5579
6 7 5580
6 7 5581
6 7 5582
6 7 5583
6 7 5584
6 7 5585
6 7 5586
6 7 5587
6 7 5588
6 7 5589
6 7 5590
6 7 5591
6 7 5592
6 7 5593
6 7 5594
6 7 5595
6 7 5596
6 7 5597
6 7 5598
6 7 5599
6 7 5600
6 7 5601
6 7 5602
6 7 5603
6 7 5604
6 7 5605
6 7 5606
6 7 5607
6 7 5608
6 7 5609
6 7 5610
6 7 5611
6 7 5612
6 7 5613
6 7 5614
6 7 5615
6 7 5616
6 7 5617
6 7 5618
6 7 5619
6 7 5620
6 7 5621
6 7 5622
6 7 5623
6 7 5624
6 7 5625
6 7 5626
6 7 5627
6 7 5628
6 7 5629
6 7 5630
6 7 5631
6 7 5632
6 7 5633
6 7 5634
6 7 5635
6 7 5636
6 7 5637
6 7 5638
6 7 5639
6 7 5640
6 7 5641
6 7 5642
6 7 5643
6 7 5644
6 7 5645
6 7 5646
6 7 5647
6 7 5648
6 7 5649
6 7 5650
6 7 5651
6 7 5652
6 7 5653
6 7 5654
6 7 5655
6 7 5656
6 7 5657
6 7 5658
6 7 5659
6 7 5660
6 7 5661
6 7 5662
6 7 5663
6 7 5664
6 7 5665
6 7 5666
6 7 5667
6 7 5668
6 7 5669
6 7 5670
6 7 5671
6 7 5672
6 7 5673
6 7 5674
6 7 5675
6 7 5676
6 7 5677
6 7 5678
6 7 5679
6 7 5680
6 7 5681
6 7 5682
6 7 5683
6 7 5684
6 7 5685
6 7 5686
6 7 5687
6 7 5688
6 7 5689
6 7 5690
6 7 5691
6 7 5692
6 7 5693
6 7 5694
6 7 5695
6 7 5696
6 7 5697
6 7 5698
6 7 5699
6 7 5700
6 7 5701
6 7 5702
6 7 5703
6 7 5704
6 7 5705
6 7 5706
6 7 5707
6 7 5708
6 7 5709
6 7 5710
6 7 5711
6 7 5712
6 7 5713
6 7 5714
6 7 5715
6 7 5716
6 7 5717
6 7 5718
6 7 5719
6 7 5720
6 7 5721
6 7 5722
6 7 5723
6 7 5724
6 7 5725
6 7 5726
6 7 5727
6 7 5728
6 7 5729
6 7 5730
6 7 5731
6 7 5732
6 7 5733
6 7 5734
6 7 5735
6 7 5736
6 7 5737
6 7 5738
6 7 5739
6 7 5740
6 7 5741
6 7 5742
6 7 5743
6 7 5744
6 7 5745
6 7 5746
6 7 5747
6 7 5748
6 7 5749
6 7 5750
6 7 5751
6 7 5752
6 7 5753
6 7 5754
6 7 5755
6 7 5756
6 7 5757
6 7 5758
6 7 5759
6 7 5760
6 7 5761
6 7 5762
6 7 5763
6 7 5764
6 7 5765
6 7 5766
6 7 5767
6 7 5768
6 7 5769
6 7 5770
6 7 5771
6 7 5772
6 7 5773
6 7 5774
6 7 5775
6 7 5776
6 7 5777
6 7 5778
6 7 5779
6 7 5780
6 7 5781
6 7 5782
6 7 5783
6 7 5784
6 7 5785
6 7 5786
6 7 5787
6 7 5788
6 7 5789
6 7 5790
6 7 5791
6 7 5792
6 7 5793
6 7 5794
6 7 5795
6 7 5796
6 7 5797
6 7 5798
6 7 5799
6 7 5800
6 7 5801
6 7 5802
6 7 5803
6 7 5804
6 7 5805
6 7 5806
6 7 5807
6 7 5808
6 7 5809
6 7 5810
6 7 5811
6 7 5812
6 7 5813
6 7 5814
6 7 5815
6 7 5816
6 7 5817
6 7 5818
6 7 5819
6 7 5820
6 7 5821
6 7 5822
6 7 5823
6 7 5824
6 7 5825
6 7 5826
6 7 5827
6 7 5828
6 7 5829
6 7 5830
6 7 5831
6 7 5832
6 7 5833
6 7 5834
6 7 5835
6 7 5836
6 7 5837
6 7 5838
6 7 5839
6 7 5840
6 7 5841
6 7 5842
6 7 5843
6 7 5844
6 7 5845
6 7 5846
6 7 5847
6 7 5848
6 7 5849
6 7 5850
6 7 5851
6 7 5852
6 7 5853
6 7 5854
6 7 5855
6 7 5856
6 7 5857
6 7 5858
6 7 5859
6 7 5860
6 7 5861
6 7 5862
6 7 5863
6 7 5864
6 7 5865
6 7 5866
6 7 5867
6 7 5868
6 7 5869
6 7 5870
6 7 5871
6 7 5872
6 7 5873
6 7 5874
6 7 5875
6 7 5876
6 7 5877
6 7 5878
6 7 5879
6 7 5880
6 7 5881
6 7 5882
6 7 5883
6 7 5884
6 7 5885
6 7 5886
6 7 5887
6 7 5888
6 7 5889
6 7 5890
6 7 5891
6 7 5892
6 7 5893
6 7 5894
6 7 5895
6 7 5896
6 7 5897
6 7 5898
6 7 5899
6 7 5900
6 7 5901
6 7 5902
6 7 5903
6 7 5904
6 7 5905
6 7 5906
6 7 5907
6 7 5908
6 7 5909
6 7 5910
6 7 5911
6 7 5912
6 7 5913
6 7 5914
6 7 5915
6 7 5916
6 7 5917
6 7 5918
6 7 5919
6 7 5920
6 7 5921
6 7 5922
6 7 5923
6 7 5924
6 7 5925
6 7 5926
6 7 5927
6 7 5928
6 7 5929
6 7 5930
6 7 5931
6 7 5932
6 7 5933
6 7 5934
6 7 5935
6 7 5936
6 7 5937
6 7 5938
6 7 5939
6 7 5940
6 7 5941
6 7 5942
6 7 5943
6 7 5944
6 7 5945
6 7 5946
6 7 5947
6 7 5948
6 7 5949
6 7 5950
6 7 5951
6 7 5952
6 7 5953
6 7 5954
6 7 5955
6 7 5956
6 7 5957
6 7 5958
6 7 5959
6 7 5960
6 7 5961
6 7 5962
6 7 5963
6 7 5964
6 7 5965
6 7 5966
6 7 5967
6 7 5968
6 7 5969
6 7 5970
6 7 5971
6 7 5972
6 7 5973
6 7 5974
6 7 5975
6 7 5976
6 7 5977
6 7 5978
6 7 5979
6 7 5980
6 7 5981
6 7 5982
6 7 5983
6 7 5984
6 7 5985
6 7 5986
6 7 5987
6 7 5988
6 7 5989
6 7 5990
6 7 5991
6 7 5992
6 7 5993
6 7 5994
6 7 5995
6 7 5996
6 7 5997
6 7 5998
6 7 5999
6 7 6000
6 7 6001
6 7 6002
6 7 6003
6 7 6004
6 7 6005
6 7 6006
6 7 6007
6 7 6008
6 7 6009
6 7 6010
6 7 6011
6 7 6012
6 7 6013
6 7 6014
6 7 6015
6 7 6016
6 7 6017
6 7 6018
6 7 6019
6 7 6020
6 7 6021
6 7 6022
6 7 6023
6 7 6024
6 7 6025
6 7 6026
6 7 6027
6 7 6028
6 7 6029
6 7 6030
6 7 6031
6 7 6032
6 7 6033
6 7 6034
6 7 6035
6 7 6036
6 7 6037
6 7 6038
6 7 6039
6 7 6040
6 7 6041
6 7 6042
6 7 6043
6 7 6044
6 7 6045
6 7 6046
6 7 6047
6 7 6048
6 7 6049
6 7 6050
6 7 6051
6 7 6052
6 7 6053
6 7 6054
6 7 6055
6 7 6056
6 7 6057
6 7 6058
6 7 6059
6 7 6060
6 7 6061
6 7 6062
6 7 6063
6 7 6064
6 7 6065
6 7 6066
6 7 6067
6 7 6068
6 7 6069
6 7 6070
6 7 6071
6 7 6072
6 7 6073
6 7 6074
6 7 6075
6 7 6076
6 7 6077
6 7 6078
6 7 6079
6 7 6080
6 7 6081
6 7 6082
6 7 6083
6 7 6084
6 7 6085
6 7 6086
6 7 6087
6 7 6088
6 7 6089
6 7 6090
6 7 6091
6 7 6092
6 7 6093
6 7 6094
6 7 6095
6 7 6096
6 7 6097
6 7 6098
6 7 6099
6 7 6100
6 7 6101
6 7 6102
6 7 6103
6 7 6104
6 7 6105
6 7 6106
6 7 6107
6 7 6108
6 7 6109
6 7 6110
6 7 6111
6 7 6112
6 7 6113
6 7 6114
6 7 6115
6 7 6116
6 7 6117
6 7 6118
6 7 6119
6 7 6120
6 7 6121
6 7 6122
6 7 6123
6 7 6124
6 7 6125
6 7 6126
6 7 6127
6 7 6128
6 7 6129
6 7 6130
6 7 6131
6 7 6132
6 7 6133
6 7 6134
6 7 6135
6 7 6136
6 7 6137
6 7 6138
6 7 6139
6 7 6140
6 7 6141
6 7 6142
6 7 6143
6 7 6144
6 7 6145
6 7 6146
6 7 6147
6 7 6148
6 7 6149
6 7 6150
6 7 6151
6 7 6152
6 7 6153
6 7 6154
6 7 6155
6 7 6156
6 7 6157
6 7 6158
6 7 6159
6 7 6160
6 7 6161
6 7 6162
6 7 6163
6 7 6164
6 7 6165
6 7 6166
6 7 6167
6 7 6168
6 7 6169
6 7 6170
6 7 6171
6 7 6172
6 7 6173
6 7 6174
6 7 6175
6 7 6176
6 7 6177
6 7 6178
6 7 6179
6 7 6180
6 7 6181
6 7 6182
6 7 6183
6 7 6184
6 7 6185
6 7 6186
6 7 6187
6 7 6188
6 7 6189
6 7 6190
6 7 6191
6 7 6192
6 7 6193
6 7 6194
6 7 6195
6 7 6196
6 7 6197
6 7 6198
6 7 6199
6 7 6200
6 7 6201
6 7 6202
6 7 6203
6 7 6204
6 7 6205
6 7 6206
6 7 6207
6 7 6208
6 7 6209
6 7 6210
6 7 6211
6 7 6212
6 7 6213
6 7 6214
6 7 6215
6 7 6216
6 7 6217
6 7 6218
6 7 6219
6 7 6220
6 7 6221
6 7 6222
6 7 6223
6 7 6224
6 7 6225
6 7 6226
6 7 6227
6 7 6228
6 7 6229
6 7 6230
6 7 6231
6 7 6232
6 7 6233
6 7 6234
6 7 6235
6 7 6236
6 7 6237
6 7 6238
6 7 6239
6 7 6240
6 7 6241
6 7 6242
6 7 6243
6 7 6244
6 7 6245
6 7 6246
6 7 6247
6 7 6248
6 7 6249
6 7 6250
6 7 6251
6 7 6252
6 7 6253
6 7 6254
6 7 6255
6 7 6256
6 7 6257
6 7 6258
6 7 6259
6 7 6260
6 7 6261
6 7 6262
6 7 6263
6 7 6264
6 7 6265
6 7 6266
6 7 6267
6 7 6268
6 7 6269
6 7 6270
6 7 6271
6 7 6272
6 7 6273
6 7 6274
6 7 6275
6 7 6276
6 7 6277
6 7 6278
6 7 6279
6 7 6280
6 7 6281
6 7 6282
6 7 6283
6 7 6284
6 7 6285
6 7 6286
6 7 6287
6 7 6288
6 7 6289
6 7 6290
6 7 6291
6 7 6292
6 7 6293
6 7 6294
6 7 6295
6 7 6296
6 7 6297
6 7 6298
6 7 6299
6 7 6300
6 7 6301
6 7 6302
6 7 6303
6 7 6304
6 7 6305
6 7 6306
6 7 6307
6 7 6308
6 7 6309
6 7 6310
6 7 6311
6 7 6312
6 7 6313
6 7 6314
6 7 6315
6 7 6316
6 7 6317
6 7 6318
6 7 6319
6 7 6320
6 7 6321
6 7 6322
6 7 6323
6 7 6324
6 7 6325
6 7 6326
6 7 6327
6 7 6328
6 7 6329
6 7 6330
6 7 6331
6 7 6332
6 7 6333
6 7 6334
6 7 6335
6 7 6336
6 7 6337
6 7 6338
6 7 6339
6 7 6340
6 7 6341
6 7 6342
6 7 6343
6 7 6344
6 7 6345
6 7 6346
6 7 6347
6 7 6348
6 7 6349
6 7 6350
6 7 6351
6 7 6352
6 7 6353
6 7 6354
6 7 6355
6 7 6356
6 7 6357
6 7 6358
6 7 6359
6 7 6360
6 7 6361
6 7 6362
6 7 6363
6 7 6364
6 7 6365
6 7 6366
6 7 6367
6 7 6368
6 7 6369
6 7 6370
6 7 6371
6 7 6372
6 7 6373
6 7 6374
6 7 6375
6 7 6376
6 7 6377
6 7 6378
6 7 6379
6 7 6380
6 7 6381
6 7 6382
6 7 6383
6 7 6384
6 7 6385
6 7 6386
6 7 6387
6 7 6388
6 7 6389
6 7 6390
6 7 6391
6 7 6392
6 7 6393
6 7 6394
6 7 6395
6 7 6396
6 7 6397
6 7 6398
6 7 6399
6 7 6400
6 7 6401
6 7 6402
6 7 6403
6 7 6404
6 7 6405
6 7 6406
6 7 6407
6 7 6408
6 7 6409
6 7 6410
6 7 6411
6 7 6412
6 7 6413
6 7 6414
6 7 6415
6 7 6416
6 7 6417
6 7 6418
6 7 6419
6 7 6420
6 7 6421
6 7 6422
6 7 6423
6 7 6424
6 7 6425
6 7 6426
6 7 6427
6 7 6428
6 7 6429
6 7 6430
6 7 6431
6 7 6432
6 7 6433
6 7 6434
6 7 6435
6 7 6436
6 7 6437
6 7 6438
6 7 6439
6 7 6440
6 7 6441
6 7 6442
6 7 6443
6 7 6444
6 7 6445
6 7 6446
6 7 6447
6 7 6448
6 7 6449
6 7 6450
6 7 6451
6 7 6452
6 7 6453
6 7 6454
6 7 6455
6 7 6456
6 7 6457
6 7 6458
6 7 6459
6 7 6460
6 7 6461
6 7 6462
6 7 6463
6 7 6464
6 7 6465
6 7 6466
6 7 6467
6 7 6468
6 7 6469
6 7 6470
6 7 6471
6 7 6472
6 7 6473
6 7 6474
6 7 6475
6 7 6476
6 7 6477
6 7 6478
6 7 6479
6 7 6480
6 7 6481
6 7 6482
6 7 6483
6 7 6484
6 7 6485
6 7 6486
6 7 6487
6 7 6488
6 7 6489
6 7 6490
6 7 6491
6 7 6492
6 7 6493
6 7 6494
6 7 6495
6 7 6496
6 7 6497
6 7 6498
6 7 6499
6 7 6500
6 7 6501
6 7 6502
6 7 6503
6 7 6504
6 7 6505
6 7 6506
6 7 6507
6 7 6508
6 7 6509
6 7 6510
6 7 6511
6 7 6512
6 7 6513
6 7 6514
6 7 6515
6 7 6516
6 7 6517
6 7 6518
6 7 6519
6 7 6520
6 7 6521
6 7 6522
6 7 6523
6 7 6524
6 7 6525
6 7 6526
6 7 6527
6 7 6528
6 7 6529
6 7 6530
6 7 6531
6 7 6532
6 7 6533
6 7 6534
6 7 6535
6 7 6536
6 7 6537
6 7 6538
6 7 6539
6 7 6540
6 7 6541
6 7 6542
6 7 6543
6 7 6544
6 7 6545
6 7 6546
6 7 6547
6 7 6548
6 7 6549
6 7 6550
6 7 6551
6 7 6552
6 7 6553
6 7 6554
6 7 6555
6 7 6556
6 7 6557
6 7 6558
6 7 6559
6 7 6560
6 7 6561
6 7 6562
6 7 6563
6 7 6564
6 7 6565
6 7 6566
6 7 6567
6 7 6568
6 7 6569
6 7 6570
6 7 6571
6 7 6572
6 7 6573
6 7 6574
6 7 6575
6 7 6576
6 7 6577
6 7 6578
6 7 6579
6 7 6580
6 7 6581
6 7 6582
6 7 6583
6 7 6584
6 7 6585
6 7 6586
6 7 6587
6 7 6588
6 7 6589
6 7 6590
6 7 6591
6 7 6592
6 7 6593
6 7 6594
6 7 6595
6 7 6596
6 7 6597
6 7 6598
6 7 6599
6 7 6600
6 7 6601
6 7 6602
6 7 6603
6 7 6604
6 7 6605
6 7 6606
6 7 6607
6 7 6608
6 7 6609
6 7 6610
6 7 6611
6 7 6612
6 7 6613
6 7 6614
6 7 6615
6 7 6616
6 7 6617
6 7 6618
6 7 6619
6 7 6620
6 7 6621
6 7 6622
6 7 6623
6 7 6624
6 7 6625
6 7 6626
6 7 6627
6 7 6628
6 7 6629
6 7 6630
6 7 6631
6 7 6632
6 7 6633
6 7 6634
6 7 6635
6 7 6636
6 7 6637
6 7 6638
6 7 6639
6 7 6640
6 7 6641
6 7 6642
6 7 6643
6 7 6644
6 7 6645
6 7 6646
6 7 6647
6 7 6648
6 7 6649
6 7 6650
6 7 6651
6 7 6652
6 7 6653
6 7 6654
6 7 6655
6 7 6656
6 7 6657
6 7 6658
6 7 6659
6 7 6660
6 7 6661
6 7 6662
6 7 6663
6 7 6664
6 7 6665
6 7 6666
6 7 6667
6 7 6668
6 7 6669
6 7 6670
6 7 6671
6 7 6672
6 7 6673
6 7 6674
6 7 6675
6 7 6676
6 7 6677
6 7 6678
6 7 6679
6 7 6680
6 7 6681
6 7 6682
6 7 6683
6 7 6684
6 7 6685
6 7 6686
6 7 6687
6 7 6688
6 7 6689
6 7 6690
6 7 6691
6 7 6692
6 7 6693
6 7 6694
6 7 6695
6 7 6696
6 7 6697
6 7 6698
6 7 6699
6 7 6700
6 7 6701
6 7 6702
6 7 6703
6 7 6704
6 7 6705
6 7 6706
6 7 6707
6 7 6708
6 7 6709
6 7 6710
6 7 6711
6 7 6712
6 7 6713
6 7 6714
6 7 6715
6 7 6716
6 7 6717
6 7 6718
6 7 6719
6 7 6720
6 7 6721
6 7 6722
6 7 6723
6 7 6724
6 7 6725
6 7 6726
6 7 6727
6 7 6728
6 7 6729
6 7 6730
6 7 6731
6 7 6732
6 7 6733
6 7 6734
6 7 6735
6 7 6736
6 7 6737
6 7 6738
6 7 6739
6 7 6740
6 7 6741
6 7 6742
6 7 6743
6 7 6744
6 7 6745
6 7 6746
6 7 6747
6 7 6748
6 7 6749
6 7 6750
6 7 6751
6 7 6752
6 7 6753
6 7 6754
6 7 6755
6 7 6756
6 7 6757
6 7 6758
6 7 6759
6 7 6760
6 7 6761
6 7 6762
6 7 6763
6 7 6764
6 7 6765
6 7 6766
6 7 6767
6 7 6768
6 7 6769
6 7 6770
6 7 6771
6 7 6772
6 7 6773
6 7 6774
6 7 6775
6 7 6776
6 7 6777
6 7 6778
6 7 6779
6 7 6780
6 7 6781
6 7 6782
6 7 6783
6 7 6784
6 7 6785
6 7 6786
6 7 6787
6 7 6788
6 7 6789
6 7 6790
6 7 6791
6 7 6792
6 7 6793
6 7 6794
6 7 6795
6 7 6796
6 7 6797
6 7 6798
6 7 6799
6 7 6800
6 7 6801
6 7 6802
6 7 6803
6 7 6804
6 7 6805
6 7 6806
6 7 6807
6 7 6808
6 7 6809
6 7 6810
6 7 6811
6 7 6812
6 7 6813
6 7 6814
6 7 6815
6 7 6816
6 7 6817
6 7 6818
6 7 6819
6 7 6820
6 7 6821
6 7 6822
6 7 6823
6 7 6824
6 7 6825
6 7 6826
6 7 6827
6 7 6828
6 7 6829
6 7 6830
6 7 6831
6 7 6832
6 7 6833
6 7 6834
6 7 6835
6 7 6836
6 7 6837
6 7 6838
6 7 6839
6 7 6840
6 7 6841
6 7 6842
6 7 6843
6 7 6844
6 7 6845
6 7 6846
6 7 6847
6 7 6848
6 7 6849
6 7 6850
6 7 6851
6 7 6852
6 7 6853
6 7 6854
6 7 6855
6 7 6856
6 7 6857
6 7 6858
6 7 6859
6 7 6860
6 7 6861
6 7 6862
6 7 6863
6 7 6864
6 7 6865
6 7 6866
6 7 6867
6 7 6868
6 7 6869
6 7 6870
6 7 6871
6 7 6872
6 7 6873
6 7 6874
6 7 6875
6 7 6876
6 7 6877
6 7 6878
6 7 6879
6 7 6880
6 7 6881
6 7 6882
6 7 6883
6 7 6884
6 7 6885
6 7 6886
6 7 6887
6 7 6888
6 7 6889
6 7 6890
6 7 6891
6 7 6892
6 7 6893
6 7 6894
6 7 6895
6 7 6896
6 7 6897
6 7 6898
6 7 6899
6 7 6900
6 7 6901
6 7 6902
6 7 6903
6 7 6904
6 7 6905
6 7 6906
6 7 6907
6 7 6908
6 7 6909
6 7 6910
6 7 6911
6 7 6912
6 7 6913
6 7 6914
6 7 6915
6 7 6916
6 7 6917
6 7 6918
6 7 6919
6 7 6920
6 7 6921
6 7 6922
6 7 6923
6 7 6924
6 7 6925
6 7 6926
6 7 6927
6 7 6928
6 7 6929
6 7 6930
6 7 6931
6 7 6932
6 7 6933
6 7 6934
6 7 6935
6 7 6936
6 7 6937
6 7 6938
6 7 6939
6 7 6940
6 7 6941
6 7 6942
6 7 6943
6 7 6944
6 7 6945
6 7 6946
6 7 6947
6 7 6948
6 7 6949
6 7 6950
6 7 6951
6 7 6952
6 7 6953
6 7 6954
6 7 6955
6 7 6956
6 7 6957
6 7 6958
6 7 6959
6 7 6960
6 7 6961
6 7 6962
6 7 6963
6 7 6964
6 7 6965
6 7 6966
6 7 6967
6 7 6968
6 7 6969
6 7 6970
6 7 6971
6 7 6972
6 7 6973
6 7 6974
6 7 6975
6 7 6976
6 7 6977
6 7 6978
6 7 6979
6 7 6980
6 7 6981
6 7 6982
6 7 6983
6 7 6984
6 7 6985
6 7 6986
6 7 6987
6 7 6988
6 7 6989
6 7 6990
6 7 6991
6 7 6992
6 7 6993
6 7 6994
6 7 6995
6 7 6996
6 7 6997
6 7 6998
6 7 6999
6 7 7000
6 7 7001
6 7 7002
6 7 7003
6 7 7004
6 7 7005
6 7 7006
6 7 7007
6 7 7008
6 7 7009
6 7 7010
6 7 7011
6 7 7012
6 7 7013
6 7 7014
6 7 7015
6 7 7016
6 7 7017
6 7 7018
6 7 7019
6 7 7020
6 7 7021
6 7 7022
6 7 7023
6 7 7024
6 7 7025
6 7 7026
6 7 7027
6 7 7028
6 7 7029
6 7 7030
6 7 7031
6 7 7032
6 7 7033
6 7 7034
6 7 7035
6 7 7036
6 7 7037
6 7 7038
6 7 7039
6 7 7040
6 7 7041
6 7 7042
6 7 7043
6 7 7044
6 7 7045
6 7 7046
6 7 7047
6 7 7048
6 7 7049
6 7 7050
6 7 7051
6 7 7052
6 7 7053
6 7 7054
6 7 7055
6 7 7056
6 7 7057
6 7 7058
6 7 7059
6 7 7060
6 7 7061
6 7 7062
6 7 7063
6 7 7064
6 7 7065
6 7 7066
6 7 7067
6 7 7068
6 7 7069
6 7 7070
6 7 7071
6 7 7072
6 7 7073
6 7 7074
6 7 7075
6 7 7076
6 7 7077
6 7 7078
6 7 7079
6 7 7080
6 7 7081
6 7 7082
6 7 7083
6 7 7084
6 7 7085
6 7 7086
6 7 7087
6 7 7088
6 7 7089
6 7 7090
6 7 7091
6 7 7092
6 7 7093
6 7 7094
6 7 7095
6 7 7096
6 7 7097
6 7 7098
6 7 7099
6 7 7100
6 7 7101
6 7 7102
6 7 7103
6 7 7104
6 7 7105
6 7 7106
6 7 7107
6 7 7108
6 7 7109
6 7 7110
6 7 7111
6 7 7112
6 7 7113
6 7 7114
6 7 7115
6 7 7116
6 7 7117
6 7 7118
6 7 7119
6 7 7120
6 7 7121
6 7 7122
6 7 7123
6 7 7124
6 7 7125
6 7 7126
6 7 7127
6 7 7128
6 7 7129
6 7 7130
6 7 7131
6 7 7132
6 7 7133
6 7 7134
6 7 7135
6 7 7136
6 7 7137
6 7 7138
6 7 7139
6 7 7140
6 7 7141
6 7 7142
6 7 7143
6 7 7144
6 7 7145
6 7 7146
6 7 7147
6 7 7148
6 7 7149
6 7 7150
6 7 7151
6 7 7152
6 7 7153
6 7 7154
6 7 7155
6 7 7156
6 7 7157
6 7 7158
6 7 7159
6 7 7160
6 7 7161
6 7 7162
6 7 7163
6 7 7164
6 7 7165
6 7 7166
6 7 7167
6 7 7168
6 7 7169
6 7 7170
6 7 7171
6 7 7172
6 7 7173
6 7 7174
6 7 7175
6 7 7176
6 7 7177
6 7 7178
6 7 7179
6 7 7180
6 7 7181
6 7 7182
6 7 7183
6 7 7184
6 7 7185
6 7 7186
6 7 7187
6 7 7188
6 7 7189
6 7 7190
6 7 7191
6 7 7192
6 7 7193
6 7 7194
6 7 7195
6 7 7196
6 7 7197
6 7 7198
6 7 7199
6 7 7200
6 7 7201
6 7 7202
6 7 7203
6 7 7204
6 7 7205
6 7 7206
6 7 7207
6 7 7208
6 7 7209
6 7 7210
6 7 7211
6 7 7212
6 7 7213
6 7 7214
6 7 7215
6 7 7216
6 7 7217
6 7 7218
6 7 7219
6 7 7220
6 7 7221
6 7 7222
6 7 7223
6 7 7224
6 7 7225
6 7 7226
6 7 7227
6 7 7228
6 7 7229
6 7 7230
6 7 7231
6 7 7232
6 7 7233
6 7 7234
6 7 7235
6 7 7236
6 7 7237
6 7 7238
6 7 7239
6 7 7240
6 7 7241
6 7 7242
6 7 7243
6 7 7244
6 7 7245
6 7 7246
6 7 7247
6 7 7248
6 7 7249
6 7 7250
6 7 7251
6 7 7252
6 7 7253
6 7 7254
6 7 7255
6 7 7256
6 7 7257
6 7 7258
6 7 7259
6 7 7260
6 7 7261
6 7 7262
6 7 7263
6 7 7264
6 7 7265
6 7 7266
6 7 7267
6 7 7268
6 7 7269
6 7 7270
6 7 7271
6 7 7272
6 7 7273
6 7 7274
6 7 7275
6 7 7276
6 7 7277
6 7 7278
6 7 7279
6 7 7280
6 7 7281
6 7 7282
6 7 7283
6 7 7284
6 7 7285
6 7 7286
6 7 7287
6 7 7288
6 7 7289
6 7 7290
6 7 7291
6 7 7292
6 7 7293
6 7 7294
6 7 7295
6 7 7296
6 7 7297
6 7 7298
6 7 7299
6 7 7300
6 7 7301
6 7 7302
6 7 7303
6 7 7304
6 7 7305
6 7 7306
6 7 7307
6 7 7308
6 7 7309
6 7 7310
6 7 7311
6 7 7312
6 7 7313
6 7 7314
6 7 7315
6 7 7316
6 7 7317
6 7 7318
6 7 7319
6 7 7320
6 7 7321
6 7 7322
6 7 7323
6 7 7324
6 7 7325
6 7 7326
6 7 7327
6 7 7328
6 7 7329
6 7 7330
6 7 7331
6 7 7332
6 7 7333
6 7 7334
6 7 7335
6 7 7336
6 7 7337
6 7 7338
6 7 7339
6 7 7340
6 7 7341
6 7 7342
6 7 7343
6 7 7344
6 7 7345
6 7 7346
6 7 7347
6 7 7348
6 7 7349
6 7 7350
6 7 7351
6 7 7352
6 7 7353
6 7 7354
6 7 7355
6 7 7356
6 7 7357
6 7 7358
6 7 7359
6 7 7360
6 7 7361
6 7 7362
6 7 7363
6 7 7364
6 7 7365
6 7 7366
6 7 7367
6 7 7368
6 7 7369
6 7 7370
6 7 7371
6 7 7372
6 7 7373
6 7 7374
6 7 7375
6 7 7376
6 7 7377
6 7 7378
6 7 7379
6 7 7380
6 7 7381
6 7 7382
6 7 7383
6 7 7384
6 7 7385
6 7 7386
6 7 7387
6 7 7388
6 7 7389
6 7 7390
6 7 7391
6 7 7392
6 7 7393
6 7 7394
6 7 7395
6 7 7396
6 7 7397
6 7 7398
6 7 7399
6 7 7400
6 7 7401
6 7 7402
6 7 7403
6 7 7404
6 7 7405
6 7 7406
6 7 7407
6 7 7408
6 7 7409
6 7 7410
6 7 7411
6 7 7412
6 7 7413
6 7 7414
6 7 7415
6 7 7416
6 7 7417
6 7 7418
6 7 7419
6 7 7420
6 7 7421
6 7 7422
6 7 7423
6 7 7424
6 7 7425
6 7 7426
6 7 7427
6 7 7428
6 7 7429
6 7 7430
6 7 7431
6 7 7432
6 7 7433
6 7 7434
6 7 7435
6 7 7436
6 7 7437
6 7 7438
6 7 7439
6 7 7440
6 7 7441
6 7 7442
6 7 7443
6 7 7444
6 7 7445
6 7 7446
6 7 7447
6 7 7448
6 7 7449
6 7 7450
6 7 7451
6 7 7452
6 7 7453
6 7 7454
6 7 7455
6 7 7456
6 7 7457
6 7 7458
6 7 7459
6 7 7460
6 7 7461
6 7 7462
6 7 7463
6 7 7464
6 7 7465
6 7 7466
6 7 7467
6 7 7468
6 7 7469
6 7 7470
6 7 7471
6 7 7472
6 7 7473
6 7 7474
6 7 7475
6 7 7476
6 7 7477
6 7 7478
6 7 7479
6 7 7480
6 7 7481
6 7 7482
6 7 7483
6 7 7484
6 7 7485
6 7 7486
6 7 7487
6 7 7488
6 7 7489
6 7 7490
6 7 7491
6 7 7492
6 7 7493
6 7 7494
6 7 7495
6 7 7496
6 7 7497
6 7 7498
6 7 7499
6 7 7500
6 7 7501
6 7 7502
6 7 7503
6 7 7504
6 7 7505
6 7 7506
6 7 7507
6 7 7508
6 7 7509
6 7 7510
6 7 7511
6 7 7512
6 7 7513
6 7 7514
6 7 7515
6 7 7516
6 7 7517
6 7 7518
6 7 7519
6 7 7520
6 7 7521
6 7 7522
6 7 7523
6 7 7524
6 7 7525
6 7 7526
6 7 7527
6 7 7528
6 7 7529
6 7 7530
6 7 7531
6 7 7532
6 7 7533
6 7 7534
6 7 7535
6 7 7536
6 7 7537
6 7 7538
6 7 7539
6 7 7540
6 7 7541
6 7 7542
6 7 7543
6 7 7544
6 7 7545
6 7 7546
6 7 7547
6 7 7548
6 7 7549
6 7 7550
6 7 7551
6 7 7552
6 7 7553
6 7 7554
6 7 7555
6 7 7556
6 7 7557
6 7 7558
6 7 7559
6 7 7560
6 7 7561
6 7 7562
6 7 7563
6 7 7564
6 7 7565
6 7 7566
6 7 7567
6 7 7568
6 7 7569
6 7 7570
6 7 7571
6 7 7572
6 7 7573
6 7 7574
6 7 7575
6 7 7576
6 7 7577
6 7 7578
6 7 7579
6 7 7580
6 7 7581
6 7 7582
6 7 7583
6 7 7584
6 7 7585
6 7 7586
6 7 7587
6 7 7588
6 7 7589
6 7 7590
6 7 7591
6 7 7592
6 7 7593
6 7 7594
6 7 7595
6 7 7596
6 7 7597
6 7 7598
6 7 7599
6 7 7600
6 7 7601
6 7 7602
6 7 7603
6 7 7604
6 7 7605
6 7 7606
6 7 7607
6 7 7608
6 7 7609
6 7 7610
6 7 7611
6 7 7612
6 7 7613
6 7 7614
6 7 7615
6 7 7616
6 7 7617
6 7 7618
6 7 7619
6 7 7620
6 7 7621
6 7 7622
6 7 7623
6 7 7624
6 7 7625
6 7 7626
6 7 7627
6 7 7628
6 7 7629
6 7 7630
6 7 7631
6 7 7632
6 7 7633
6 7 7634
6 7 7635
6 7 7636
6 7 7637
6 7 7638
6 7 7639
6 7 7640
6 7 7641
6 7 7642
6 7 7643
6 7 7644
6 7 7645
6 7 7646
6 7 7647
6 7 7648
6 7 7649
6 7 7650
6 7 7651
6 7 7652
6 7 7653
6 7 7654
6 7 7655
6 7 7656
6 7 7657
6 7 7658
6 7 7659
6 7 7660
6 7 7661
6 7 7662
6 7 7663
6 7 7664
6 7 7665
6 7 7666
6 7 7667
6 7 7668
6 7 7669
6 7 7670
6 7 7671
6 7 7672
6 7 7673
6 7 7674
6 7 7675
6 7 7676
6 7 7677
6 7 7678
6 7 7679
6 7 7680
6 7 7681
6 7 7682
6 7 7683
6 7 7684
6 7 7685
6 7 7686
6 7 7687
6 7 7688
6 7 7689
6 7 7690
6 7 7691
6 7 7692
6 7 7693
6 7 7694
6 7 7695
6 7 7696
6 7 7697
6 7 7698
6 7 7699
6 7 7700
6 7 7701
6 7 7702
6 7 7703
6 7 7704
6 7 7705
6 7 7706
6 7 7707
6 7 7708
6 7 7709
6 7 7710
6 7 7711
6 7 7712
6 7 7713
6 7 7714
6 7 7715
6 7 7716
6 7 7717
6 7 7718
6 7 7719
6 7 7720
6 7 7721
6 7 7722
6 7 7723
6 7 7724
6 7 7725
6 7 7726
6 7 7727
6 7 7728
6 7 7729
6 7 7730
6 7 7731
6 7 7732
6 7 7733
6 7 7734
6 7 7735
6 7 7736
6 7 7737
6 7 7738
6 7 7739
6 7 7740
6 7 7741
6 7 7742
6 7 7743
6 7 7744
6 7 7745
6 7 7746
6 7 7747
6 7 7748
6 7 7749
6 7 7750
6 7 7751
6 7 7752
6 7 7753
6 7 7754
6 7 7755
6 7 7756
6 7 7757
6 7 7758
6 7 7759
6 7 7760
6 7 7761
6 7 7762
6 7 7763
6 7 7764
6 7 7765
6 7 7766
6 7 7767
6 7 7768
6 7 7769
6 7 7770
6 7 7771
6 7 7772
6 7 7773
6 7 7774
6 7 7775
6 7 7776
6 7 7777
6 7 7778
6 7 7779
6 7 7780
6 7 7781
6 7 7782
6 7 7783
6 7 7784
6 7 7785
6 7 7786
6 7 7787
6 7 7788
6 7 7789
6 7 7790
6 7 7791
6 7 7792
6 7 7793
6 7 7794
6 7 7795
6 7 7796
6 7 7797
6 7 7798
6 7 7799
6 7 7800
6 7 7801
6 7 7802
6 7 7803
6 7 7804
6 7 7805
6 7 7806
6 7 7807
6 7 7808
6 7 7809
6 7 7810
6 7 7811
6 7 7812
6 7 7813
6 7 7814
6 7 7815
6 7 7816
6 7 7817
6 7 7818
6 7 7819
6 7 7820
6 7 7821
6 7 7822
6 7 7823
6 7 7824
6 7 7825
6 7 7826
6 7 7827
6 7 7828
6 7 7829
6 7 7830
6 7 7831
6 7 7832
6 7 7833
6 7 7834
6 7 7835
6 7 7836
6 7 7837
6 7 7838
6 7 7839
6 7 7840
6 7 7841
6 7 7842
6 7 7843
6 7 7844
6 7 7845
6 7 7846
6 7 7847
6 7 7848
6 7 7849
6 7 7850
6 7 7851
6 7 7852
6 7 7853
6 7 7854
6 7 7855
6 7 7856
6 7 7857
6 7 7858
6 7 7859
6 7 7860
6 7 7861
6 7 7862
6 7 7863
6 7 7864
6 7 7865
6 7 7866
6 7 7867
6 7 7868
6 7 7869
6 7 7870
6 7 7871
6 7 7872
6 7 7873
6 7 7874
6 7 7875
6 7 7876
6 7 7877
6 7 7878
6 7 7879
6 7 7880
6 7 7881
6 7 7882
6 7 7883
6 7 7884
6 7 7885
6 7 7886
6 7 7887
6 7 7888
6 7 7889
6 7 7890
6 7 7891
6 7 7892
6 7 7893
6 7 7894
6 7 7895
6 7 7896
6 7 7897
6 7 7898
6 7 7899
6 7 7900
6 7 7901
6 7 7902
6 7 7903
6 7 7904
6 7 7905
6 7 7906
6 7 7907
6 7 7908
6 7 7909
6 7 7910
6 7 7911
6 7 7912
6 7 7913
6 7 7914
6 7 7915
6 7 7916
6 7 7917
6 7 7918
6 7 7919
6 7 7920
6 7 7921
6 7 7922
6 7 7923
6 7 7924
6 7 7925
6 7 7926
6 7 7927
6 7 7928
6 7 7929
6 7 7930
6 7 7931
6 7 7932
6 7 7933
6 7 7934
6 7 7935
6 7 7936
6 7 7937
6 7 7938
6 7 7939
6 7 7940
6 7 7941
6 7 7942
6 7 7943
6 7 7944
6 7 7945
6 7 7946
6 7 7947
6 7 7948
6 7 7949
6 7 7950
6 7 7951
6 7 7952
6 7 7953
6 7 7954
6 7 7955
6 7 7956
6 7 7957
6 7 7958
6 7 7959
6 7 7960
6 7 7961
6 7 7962
6 7 7963
6 7 7964
6 7 7965
6 7 7966
6 7 7967
6 7 7968
6 7 7969
6 7 7970
6 7 7971
6 7 7972
6 7 7973
6 7 7974
6 7 7975
6 7 7976
6 7 7977
6 7 7978
6 7 7979
6 7 7980
6 7 7981
6 7 7982
6 7 7983
6 7 7984
6 7 7985
6 7 7986
6 7 7987
6 7 7988
6 7 7989
6 7 7990
6 7 7991
6 7 7992
6 7 7993
6 7 7994
6 7 7995
6 7 7996
6 7 7997
6 7 7998
6 7 7999
6 7 8000
6 7 8001
6 7 8002
6 7 8003
6 7 8004
6 7 8005
6 7 8006
6 7 8007
6 7 8008
6 7 8009
6 7 8010
6 7 8011
6 7 8012
6 7 8013
6 7 8014
6 7 8015
6 7 8016
6 7 8017
6 7 8018
6 7 8019
6 7 8020
6 7 8021
6 7 8022
6 7 8023
6 7 8024
6 7 8025
6 7 8026
6 7 8027
6 7 8028
6 7 8029
6 7 8030
6 7 8031
6 7 8032
6 7 8033
6 7 8034
6 7 8035
6 7 8036
6 7 8037
6 7 8038
6 7 8039
6 7 8040
6 7 8041
6 7 8042
6 7 8043
6 7 8044
6 7 8045
6 7 8046
6 7 8047
6 7 8048
6 7 8049
6 7 8050
6 7 8051
6 7 8052
6 7 8053
6 7 8054
6 7 8055
6 7 8056
6 7 8057
6 7 8058
6 7 8059
6 7 8060
6 7 8061
6 7 8062
6 7 8063
6 7 8064
6 7 8065
6 7 8066
6 7 8067
6 7 8068
6 7 8069
6 7 8070
6 7 8071
6 7 8072
6 7 8073
6 7 8074
6 7 8075
6 7 8076
6 7 8077
6 7 8078
6 7 8079
6 7 8080
6 7 8081
6 7 8082
6 7 8083
6 7 8084
6 7 8085
6 7 8086
6 7 8087
6 7 8088
6 7 8089
6 7 8090
6 7 8091
6 7 8092
6 7 8093
6 7 8094
6 7 8095
6 7 8096
6 7 8097
6 7 8098
6 7 8099
6 7 8100
6 7 8101
6 7 8102
6 7 8103
6 7 8104
6 7 8105
6 7 8106
6 7 8107
6 7 8108
6 7 8109
6 7 8110
6 7 8111
6 7 8112
6 7 8113
6 7 8114
6 7 8115
6 7 8116
6 7 8117
6 7 8118
6 7 8119
6 7 8120
6 7 8121
6 7 8122
6 7 8123
6 7 8124
6 7 8125
6 7 8126
6 7 8127
6 7 8128
6 7 8129
6 7 8130
6 7 8131
6 7 8132
6 7 8133
6 7 8134
6 7 8135
6 7 8136
6 7 8137
6 7 8138
6 7 8139
6 7 8140
6 7 8141
6 7 8142
6 7 8143
6 7 8144
6 7 8145
6 7 8146
6 7 8147
6 7 8148
6 7 8149
6 7 8150
6 7 8151
6 7 8152
6 7 8153
6 7 8154
6 7 8155
6 7 8156
6 7 8157
6 7 8158
6 7 8159
6 7 8160
6 7 8161
6 7 8162
6 7 8163
6 7 8164
6 7 8165
6 7 8166
6 7 8167
6 7 8168
6 7 8169
6 7 8170
6 7 8171
6 7 8172
6 7 8173
6 7 8174
6 7 8175
6 7 8176
6 7 8177
6 7 8178
6 7 8179
6 7 8180
6 7 8181
6 7 8182
6 7 8183
6 7 8184
6 7 8185
6 7 8186
6 7 8187
6 7 8188
6 7 8189
6 7 8190
6 7 8191
6 7 8192
6 7 8193
6 7 8194
6 7 8195
6 7 8196
6 7 8197
6 7 8198
6 7 8199
6 7 8200
6 7 8201
6 7 8202
6 7 8203
6 7 8204
6 7 8205
6 7 8206
6 7 8207
6 7 8208
6 7 8209
6 7 8210
6 7 8211
6 7 8212
6 7 8213
6 7 8214
6 7 8215
6 7 8216
6 7 8217
6 7 8218
6 7 8219
6 7 8220
6 7 8221
6 7 8222
6 7 8223
6 7 8224
6 7 8225
6 7 8226
6 7 8227
6 7 8228
6 7 8229
6 7 8230
6 7 8231
6 7 8232
6 7 8233
6 7 8234
6 7 8235
6 7 8236
6 7 8237
6 7 8238
6 7 8239
6 7 8240
6 7 8241
6 7 8242
6 7 8243
6 7 8244
6 7 8245
6 7 8246
6 7 8247
6 7 8248
6 7 8249
6 7 8250
6 7 8251
6 7 8252
6 7 8253
6 7 8254
6 7 8255
6 7 8256
6 7 8257
6 7 8258
6 7 8259
6 7 8260
6 7 8261
6 7 8262
6 7 8263
6 7 8264
6 7 8265
6 7 8266
6 7 8267
6 7 8268
6 7 8269
6 7 8270
6 7 8271
6 7 8272
6 7 8273
6 7 8274
6 7 8275
6 7 8276
6 7 8277
6 7 8278
6 7 8279
6 7 8280
6 7 8281
6 7 8282
6 7 8283
6 7 8284
6 7 8285
6 7 8286
6 7 8287
6 7 8288
6 7 8289
6 7 8290
6 7 8291
6 7 8292
6 7 8293
6 7 8294
6 7 8295
6 7 8296
6 7 8297
6 7 8298
6 7 8299
6 7 8300
6 7 8301
6 7 8302
6 7 8303
6 7 8304
6 7 8305
6 7 8306
6 7 8307
6 7 8308
6 7 8309
6 7 8310
6 7 8311
6 7 8312
6 7 8313
6 7 8314
6 7 8315
6 7 8316
6 7 8317
6 7 8318
6 7 8319
6 7 8320
6 7 8321
6 7 8322
6 7 8323
6 7 8324
6 7 8325
6 7 8326
6 7 8327
6 7 8328
6 7 8329
6 7 8330
6 7 8331
6 7 8332
6 7 8333
6 7 8334
6 7 8335
6 7 8336
6 7 8337
6 7 8338
6 7 8339
6 7 8340
6 7 8341
6 7 8342
6 7 8343
6 7 8344
6 7 8345
6 7 8346
6 7 8347
6 7 8348
6 7 8349
6 7 8350
6 7 8351
6 7 8352
6 7 8353
6 7 8354
6 7 8355
6 7 8356
6 7 8357
6 7 8358
6 7 8359
6 7 8360
6 7 8361
6 7 8362
6 7 8363
6 7 8364
6 7 8365
6 7 8366
6 7 8367
6 7 8368
6 7 8369
6 7 8370
6 7 8371
6 7 8372
6 7 8373
6 7 8374
6 7 8375
6 7 8376
6 7 8377
6 7 8378
6 7 8379
6 7 8380
6 7 8381
6 7 8382
6 7 8383
6 7 8384
6 7 8385
6 7 8386
6 7 8387
6 7 8388
6 7 8389
6 7 8390
6 7 8391
6 7 8392
6 7 8393
6 7 8394
6 7 8395
6 7 8396
6 7 8397
6 7 8398
6 7 8399
6 7 8400
6 7 8401
6 7 8402
6 7 8403
6 7 8404
6 7 8405
6 7 8406
6 7 8407
6 7 8408
6 7 8409
6 7 8410
6 7 8411
6 7 8412
6 7 8413
6 7 8414
6 7 8415
6 7 8416
6 7 8417
6 7 8418
6 7 8419
6 7 8420
6 7 8421
6 7 8422
6 7 8423
6 7 8424
6 7 8425
6 7 8426
6 7 8427
6 7 8428
6 7 8429
6 7 8430
6 7 8431
6 7 8432
6 7 8433
6 7 8434
6 7 8435
6 7 8436
6 7 8437
6 7 8438
6 7 8439
6 7 8440
6 7 8441
6 7 8442
6 7 8443
6 7 8444
6 7 8445
6 7 8446
6 7 8447
6 7 8448
6 7 8449
6 7 8450
6 7 8451
6 7 8452
6 7 8453
6 7 8454
6 7 8455
6 7 8456
6 7 8457
6 7 8458
6 7 8459
6 7 8460
6 7 8461
6 7 8462
6 7 8463
6 7 8464
6 7 8465
6 7 8466
6 7 8467
6 7 8468
6 7 8469
6 7 8470
6 7 8471
6 7 8472
6 7 8473
6 7 8474
6 7 8475
6 7 8476
6 7 8477
6 7 8478
6 7 8479
6 7 8480
6 7 8481
6 7 8482
6 7 8483
6 7 8484
6 7 8485
6 7 8486
6 7 8487
6 7 8488
6 7 8489
6 7 8490
6 7 8491
6 7 8492
6 7 8493
6 7 8494
6 7 8495
6 7 8496
6 7 8497
6 7 8498
6 7 8499
6 7 8500
6 7 8501
6 7 8502
6 7 8503
6 7 8504
6 7 8505
6 7 8506
6 7 8507
6 7 8508
6 7 8509
6 7 8510
6 7 8511
6 7 8512
6 7 8513
6 7 8514
6 7 8515
6 7 8516
6 7 8517
6 7 8518
6 7 8519
6 7 8520
6 7 8521
6 7 8522
6 7 8523
6 7 8524
6 7 8525
6 7 8526
6 7 8527
6 7 8528
6 7 8529
6 7 8530
6 7 8531
6 7 8532
6 7 8533
6 7 8534
6 7 8535
6 7 8536
6 7 8537
6 7 8538
6 7 8539
6 7 8540
6 7 8541
6 7 8542
6 7 8543
6 7 8544
6 7 8545
6 7 8546
6 7 8547
6 7 8548
6 7 8549
6 7 8550
6 7 8551
6 7 8552
6 7 8553
6 7 8554
6 7 8555
6 7 8556
6 7 8557
6 7 8558
6 7 8559
6 7 8560
6 7 8561
6 7 8562
6 7 8563
6 7 8564
6 7 8565
6 7 8566
6 7 8567
6 7 8568
6 7 8569
6 7 8570
6 7 8571
6 7 8572
6 7 8573
6 7 8574
6 7 8575
6 7 8576
6 7 8577
6 7 8578
6 7 8579
6 7 8580
6 7 8581
6 7 8582
6 7 8583
6 7 8584
6 7 8585
6 7 8586
6 7 8587
6 7 8588
6 7 8589
6 7 8590
6 7 8591
6 7 8592
6 7 8593
6 7 8594
6 7 8595
6 7 8596
6 7 8597
6 7 8598
6 7 8599
6 7 8600
6 7 8601
6 7 8602
6 7 8603
6 7 8604
6 7 8605
6 7 8606
6 7 8607
6 7 8608
6 7 8609
6 7 8610
6 7 8611
6 7 8612
6 7 8613
6 7 8614
6 7 8615
6 7 8616
6 7 8617
6 7 8618
6 7 8619
6 7 8620
6 7 8621
6 7 8622
6 7 8623
6 7 8624
6 7 8625
6 7 8626
6 7 8627
6 7 8628
6 7 8629
6 7 8630
6 7 8631
6 7 8632
6 7 8633
6 7 8634
6 7 8635
6 7 8636
6 7 8637
6 7 8638
6 7 8639
6 7 8640
6 7 8641
6 7 8642
6 7 8643
6 7 8644
6 7 8645
6 7 8646
6 7 8647
6 7 8648
6 7 8649
6 7 8650
6 7 8651
6 7 8652
6 7 8653
6 7 8654
6 7 8655
6 7 8656
6 7 8657
6 7 8658
6 7 8659
6 7 8660
6 7 8661
6 7 8662
6 7 8663
6 7 8664
6 7 8665
6 7 8666
6 7 8667
6 7 8668
6 7 8669
6 7 8670
6 7 8671
6 7 8672
6 7 8673
6 7 8674
6 7 8675
6 7 8676
6 7 8677
6 7 8678
6 7 8679
6 7 8680
6 7 8681
6 7 8682
6 7 8683
6 7 8684
6 7 8685
6 7 8686
6 7 8687
6 7 8688
6 7 8689
6 7 8690
6 7 8691
6 7 8692
6 7 8693
6 7 8694
6 7 8695
6 7 8696
6 7 8697
6 7 8698
6 7 8699
6 7 8700
6 7 8701
6 7 8702
6 7 8703
6 7 8704
6 7 8705
6 7 8706
6 7 8707
6 7 8708
6 7 8709
6 7 8710
6 7 8711
6 7 8712
6 7 8713
6 7 8714
6 7 8715
6 7 8716
6 7 8717
6 7 8718
6 7 8719
6 7 8720
6 7 8721
6 7 8722
6 7 8723
6 7 8724
6 7 8725
6 7 8726
6 7 8727
6 7 8728
6 7 8729
6 7 8730
6 7 8731
6 7 8732
6 7 8733
6 7 8734
6 7 8735
6 7 8736
6 7 8737
6 7 8738
6 7 8739
6 7 8740
6 7 8741
6 7 8742
6 7 8743
6 7 8744
6 7 8745
6 7 8746
6 7 8747
6 7 8748
6 7 8749
6 7 8750
6 7 8751
6 7 8752
6 7 8753
6 7 8754
6 7 8755
6 7 8756
6 7 8757
6 7 8758
6 7 8759
6 7 8760
6 7 8761
6 7 8762
6 7 8763
6 7 8764
6 7 8765
6 7 8766
6 7 8767
6 7 8768
6 7 8769
6 7 8770
6 7 8771
6 7 8772
6 7 8773
6 7 8774
6 7 8775
6 7 8776
6 7 8777
6 7 8778
6 7 8779
6 7 8780
6 7 8781
6 7 8782
6 7 8783
6 7 8784
6 7 8785
6 7 8786
6 7 8787
6 7 8788
6 7 8789
6 7 8790
6 7 8791
6 7 8792
6 7 8793
6 7 8794
6 7 8795
6 7 8796
6 7 8797
6 7 8798
6 7 8799
6 7 8800
6 7 8801
6 7 8802
6 7 8803
6 7 8804
6 7 8805
6 7 8806
6 7 8807
6 7 8808
6 7 8809
6 7 8810
6 7 8811
6 7 8812
6 7 8813
6 7 8814
6 7 8815
6 7 8816
6 7 8817
6 7 8818
6 7 8819
6 7 8820
6 7 8821
6 7 8822
6 7 8823
6 7 8824
6 7 8825
6 7 8826
6 7 8827
6 7 8828
6 7 8829
6 7 8830
6 7 8831
6 7 8832
6 7 8833
6 7 8834
6 7 8835
6 7 8836
6 7 8837
6 7 8838
6 7 8839
6 7 8840
6 7 8841
6 7 8842
6 7 8843
6 7 8844
6 7 8845
6 7 8846
6 7 8847
6 7 8848
6 7 8849
6 7 8850
6 7 8851
6 7 8852
6 7 8853
6 7 8854
6 7 8855
6 7 8856
6 7 8857
6 7 8858
6 7 8859
6 7 8860
6 7 8861
6 7 8862
6 7 8863
6 7 8864
6 7 8865
6 7 8866
6 7 8867
6 7 8868
6 7 8869
6 7 8870
6 7 8871
6 7 8872
6 7 8873
6 7 8874
6 7 8875
6 7 8876
6 7 8877
6 7 8878
6 7 8879
6 7 8880
6 7 8881
6 7 8882
6 7 8883
6 7 8884
6 7 8885
6 7 8886
6 7 8887
6 7 8888
6 7 8889
6 7 8890
6 7 8891
6 7 8892
6 7 8893
6 7 8894
6 7 8895
6 7 8896
6 7 8897
6 7 8898
6 7 8899
6 7 8900
6 7 8901
6 7 8902
6 7 8903
6 7 8904
6 7 8905
6 7 8906
6 7 8907
6 7 8908
6 7 8909
6 7 8910
6 7 8911
6 7 8912
6 7 8913
6 7 8914
6 7 8915
6 7 8916
6 7 8917
6 7 8918
6 7 8919
6 7 8920
6 7 8921
6 7 8922
6 7 8923
6 7 8924
6 7 8925
6 7 8926
6 7 8927
6 7 8928
6 7 8929
6 7 8930
6 7 8931
6 7 8932
6 7 8933
6 7 8934
6 7 8935
6 7 8936
6 7 8937
6 7 8938
6 7 8939
6 7 8940
6 7 8941
6 7 8942
6 7 8943
6 7 8944
6 7 8945
6 7 8946
6 7 8947
6 7 8948
6 7 8949
6 7 8950
6 7 8951
6 7 8952
6 7 8953
6 7 8954
6 7 8955
6 7 8956
6 7 8957
6 7 8958
6 7 8959
6 7 8960
6 7 8961
6 7 8962
6 7 8963
6 7 8964
6 7 8965
6 7 8966
6 7 8967
6 7 8968
6 7 8969
6 7 8970
6 7 8971
6 7 8972
6 7 8973
6 7 8974
6 7 8975
6 7 8976
6 7 8977
6 7 8978
6 7 8979
6 7 8980
6 7 8981
6 7 8982
6 7 8983
6 7 8984
6 7 8985
6 7 8986
6 7 8987
6 7 8988
6 7 8989
6 7 8990
6 7 8991
6 7 8992
6 7 8993
6 7 8994
6 7 8995
6 7 8996
6 7 8997
6 7 8998
6 7 8999
6 7 9000
6 7 9001
6 7 9002
6 7 9003
6 7 9004
6 7 9005
6 7 9006
6 7 9007
6 7 9008
6 7 9009
6 7 9010
6 7 9011
6 7 9012
6 7 9013
6 7 9014
6 7 9015
6 7 9016
6 7 9017
6 7 9018
6 7 9019
6 7 9020
6 7 9021
6 7 9022
6 7 9023
6 7 9024
6 7 9025
6 7 9026
6 7 9027
6 7 9028
6 7 9029
6 7 9030
6 7 9031
6 7 9032
6 7 9033
6 7 9034
6 7 9035
6 7 9036
6 7 9037
6 7 9038
6 7 9039
6 7 9040
6 7 9041
6 7 9042
6 7 9043
6 7 9044
6 7 9045
6 7 9046
6 7 9047
6 7 9048
6 7 9049
6 7 9050
6 7 9051
6 7 9052
6 7 9053
6 7 9054
6 7 9055
6 7 9056
6 7 9057
6 7 9058
6 7 9059
6 7 9060
6 7 9061
6 7 9062
6 7 9063
6 7 9064
6 7 9065
6 7 9066
6 7 9067
6 7 9068
6 7 9069
6 7 9070
6 7 9071
6 7 9072
6 7 9073
6 7 9074
6 7 9075
6 7 9076
6 7 9077
6 7 9078
6 7 9079
6 7 9080
6 7 9081
6 7 9082
6 7 9083
6 7 9084
6 7 9085
6 7 9086
6 7 9087
6 7 9088
6 7 9089
6 7 9090
6 7 9091
6 7 9092
6 7 9093
6 7 9094
6 7 9095
6 7 9096
6 7 9097
6 7 9098
6 7 9099
6 7 9100
6 7 9101
6 7 9102
6 7 9103
6 7 9104
6 7 9105
6 7 9106
6 7 9107
6 7 9108
6 7 9109
6 7 9110
6 7 9111
6 7 9112
6 7 9113
6 7 9114
6 7 9115
6 7 9116
6 7 9117
6 7 9118
6 7 9119
6 7 9120
6 7 9121
6 7 9122
6 7 9123
6 7 9124
6 7 9125
6 7 9126
6 7 9127
6 7 9128
6 7 9129
6 7 9130
6 7 9131
6 7 9132
6 7 9133
6 7 9134
6 7 9135
6 7 9136
6 7 9137
6 7 9138
6 7 9139
6 7 9140
6 7 9141
6 7 9142
6 7 9143
6 7 9144
6 7 9145
6 7 9146
6 7 9147
6 7 9148
6 7 9149
6 7 9150
6 7 9151
6 7 9152
6 7 9153
6 7 9154
6 7 9155
6 7 9156
6 7 9157
6 7 9158
6 7 9159
6 7 9160
6 7 9161
6 7 9162
6 7 9163
6 7 9164
6 7 9165
6 7 9166
6 7 9167
6 7 9168
6 7 9169
6 7 9170
6 7 9171
6 7 9172
6 7 9173
6 7 9174
6 7 9175
6 7 9176
6 7 9177
6 7 9178
6 7 9179
6 7 9180
6 7 9181
6 7 9182
6 7 9183
6 7 9184
6 7 9185
6 7 9186
6 7 9187
6 7 9188
6 7 9189
6 7 9190
6 7 9191
6 7 9192
6 7 9193
6 7 9194
6 7 9195
6 7 9196
6 7 9197
6 7 9198
6 7 9199
6 7 9200
6 7 9201
6 7 9202
6 7 9203
6 7 9204
6 7 9205
6 7 9206
6 7 9207
6 7 9208
6 7 9209
6 7 9210
6 7 9211
6 7 9212
6 7 9213
6 7 9214
6 7 9215
6 7 9216
6 7 9217
6 7 9218
6 7 9219
6 7 9220
6 7 9221
6 7 9222
6 7 9223
6 7 9224
6 7 9225
6 7 9226
6 7 9227
6 7 9228
6 7 9229
6 7 9230
6 7 9231
6 7 9232
6 7 9233
6 7 9234
6 7 9235
6 7 9236
6 7 9237
6 7 9238
6 7 9239
6 7 9240
6 7 9241
6 7 9242
6 7 9243
6 7 9244
6 7 9245
6 7 9246
6 7 9247
6 7 9248
6 7 9249
6 7 9250
6 7 9251
6 7 9252
6 7 9253
6 7 9254
6 7 9255
6 7 9256
6 7 9257
6 7 9258
6 7 9259
6 7 9260
6 7 9261
6 7 9262
6 7 9263
6 7 9264
6 7 9265
6 7 9266
6 7 9267
6 7 9268
6 7 9269
6 7 9270
6 7 9271
6 7 9272
6 7 9273
6 7 9274
6 7 9275
6 7 9276
6 7 9277
6 7 9278
6 7 9279
6 7 9280
6 7 9281
6 7 9282
6 7 9283
6 7 9284
6 7 9285
6 7 9286
6 7 9287
6 7 9288
6 7 9289
6 7 9290
6 7 9291
6 7 9292
6 7 9293
6 7 9294
6 7 9295
6 7 9296
6 7 9297
6 7 9298
6 7 9299
6 7 9300
6 7 9301
6 7 9302
6 7 9303
6 7 9304
6 7 9305
6 7 9306
6 7 9307
6 7 9308
6 7 9309
6 7 9310
6 7 9311
6 7 9312
6 7 9313
6 7 9314
6 7 9315
6 7 9316
6 7 9317
6 7 9318
6 7 9319
6 7 9320
6 7 9321
6 7 9322
6 7 9323
6 7 9324
6 7 9325
6 7 9326
6 7 9327
6 7 9328
6 7 9329
6 7 9330
6 7 9331
6 7 9332
6 7 9333
6 7 9334
6 7 9335
6 7 9336
6 7 9337
6 7 9338
6 7 9339
6 7 9340
6 7 9341
6 7 9342
6 7 9343
6 7 9344
6 7 9345
6 7 9346
6 7 9347
6 7 9348
6 7 9349
6 7 9350
6 7 9351
6 7 9352
6 7 9353
6 7 9354
6 7 9355
6 7 9356
6 7 9357
6 7 9358
6 7 9359
6 7 9360
6 7 9361
6 7 9362
6 7 9363
6 7 9364
6 7 9365
6 7 9366
6 7 9367
6 7 9368
6 7 9369
6 7 9370
6 7 9371
6 7 9372
6 7 9373
6 7 9374
6 7 9375
6 7 9376
6 7 9377
6 7 9378
6 7 9379
6 7 9380
6 7 9381
6 7 9382
6 7 9383
6 7 9384
6 7 9385
6 7 9386
6 7 9387
6 7 9388
6 7 9389
6 7 9390
6 7 9391
6 7 9392
6 7 9393
6 7 9394
6 7 9395
6 7 9396
6 7 9397
6 7 9398
6 7 9399
6 7 9400
6 7 9401
6 7 9402
6 7 9403
6 7 9404
6 7 9405
6 7 9406
6 7 9407
6 7 9408
6 7 9409
6 7 9410
6 7 9411
6 7 9412
6 7 9413
6 7 9414
6 7 9415
6 7 9416
6 7 9417
6 7 9418
6 7 9419
6 7 9420
6 7 9421
6 7 9422
6 7 9423
6 7 9424
6 7 9425
6 7 9426
6 7 9427
6 7 9428
6 7 9429
6 7 9430
6 7 9431
6 7 9432
6 7 9433
6 7 9434
6 7 9435
6 7 9436
6 7 9437
6 7 9438
6 7 9439
6 7 9440
6 7 9441
6 7 9442
6 7 9443
6 7 9444
6 7 9445
6 7 9446
6 7 9447
6 7 9448
6 7 9449
6 7 9450
6 7 9451
6 7 9452
6 7 9453
6 7 9454
6 7 9455
6 7 9456
6 7 9457
6 7 9458
6 7 9459
6 7 9460
6 7 9461
6 7 9462
6 7 9463
6 7 9464
6 7 9465
6 7 9466
6 7 9467
6 7 9468
6 7 9469
6 7 9470
6 7 9471
6 7 9472
6 7 9473
6 7 9474
6 7 9475
6 7 9476
6 7 9477
6 7 9478
6 7 9479
6 7 9480
6 7 9481
6 7 9482
6 7 9483
6 7 9484
6 7 9485
6 7 9486
6 7 9487
6 7 9488
6 7 9489
6 7 9490
6 7 9491
6 7 9492
6 7 9493
6 7 9494
6 7 9495
6 7 9496
6 7 9497
6 7 9498
6 7 9499
6 7 9500
6 7 9501
6 7 9502
6 7 9503
6 7 9504
6 7 9505
6 7 9506
6 7 9507
6 7 9508
6 7 9509
6 7 9510
6 7 9511
6 7 9512
6 7 9513
6 7 9514
6 7 9515
6 7 9516
6 7 9517
6 7 9518
6 7 9519
6 7 9520
6 7 9521
6 7 9522
6 7 9523
6 7 9524
6 7 9525
6 7 9526
6 7 9527
6 7 9528
6 7 9529
6 7 9530
6 7 9531
6 7 9532
6 7 9533
6 7 9534
6 7 9535
6 7 9536
6 7 9537
6 7 9538
6 7 9539
6 7 9540
6 7 9541
6 7 9542
6 7 9543
6 7 9544
6 7 9545
6 7 9546
6 7 9547
6 7 9548
6 7 9549
6 7 9550
6 7 9551
6 7 9552
6 7 9553
6 7 9554
6 7 9555
6 7 9556
6 7 9557
6 7 9558
6 7 9559
6 7 9560
6 7 9561
6 7 9562
6 7 9563
6 7 9564
6 7 9565
6 7 9566
6 7 9567
6 7 9568
6 7 9569
6 7 9570
6 7 9571
6 7 9572
6 7 9573
6 7 9574
6 7 9575
6 7 9576
6 7 9577
6 7 9578
6 7 9579
6 7 9580
6 7 9581
6 7 9582
6 7 9583
6 7 9584
6 7 9585
6 7 9586
6 7 9587
6 7 9588
6 7 9589
6 7 9590
6 7 9591
6 7 9592
6 7 9593
6 7 9594
6 7 9595
6 7 9596
6 7 9597
6 7 9598
6 7 9599
6 7 9600
6 7 9601
6 7 9602
6 7 9603
6 7 9604
6 7 9605
6 7 9606
6 7 9607
6 7 9608
6 7 9609
6 7 9610
6 7 9611
6 7 9612
6 7 9613
6 7 9614
6 7 9615
6 7 9616
6 7 9617
6 7 9618
6 7 9619
6 7 9620
6 7 9621
6 7 9622
6 7 9623
6 7 9624
6 7 9625
6 7 9626
6 7 9627
6 7 9628
6 7 9629
6 7 9630
6 7 9631
6 7 9632
6 7 9633
6 7 9634
6 7 9635
6 7 9636
6 7 9637
6 7 9638
6 7 9639
6 7 9640
6 7 9641
6 7 9642
6 7 9643
6 7 9644
6 7 9645
6 7 9646
6 7 9647
6 7 9648
6 7 9649
6 7 9650
6 7 9651
6 7 9652
6 7 9653
6 7 9654
6 7 9655
6 7 9656
6 7 9657
6 7 9658
6 7 9659
6 7 9660
6 7 9661
6 7 9662
6 7 9663
6 7 9664
6 7 9665
6 7 9666
6 7 9667
6 7 9668
6 7 9669
6 7 9670
6 7 9671
6 7 9672
6 7 9673
6 7 9674
6 7 9675
6 7 9676
6 7 9677
6 7 9678
6 7 9679
6 7 9680
6 7 9681
6 7 9682
6 7 9683
6 7 9684
6 7 9685
6 7 9686
6 7 9687
6 7 9688
6 7 9689
6 7 9690
6 7 9691
6 7 9692
6 7 9693
6 7 9694
6 7 9695
6 7 9696
6 7 9697
6 7 9698
6 7 9699
6 7 9700
6 7 9701
6 7 9702
6 7 9703
6 7 9704
6 7 9705
6 7 9706
6 7 9707
6 7 9708
6 7 9709
6 7 9710
6 7 9711
6 7 9712
6 7 9713
6 7 9714
6 7 9715
6 7 9716
6 7 9717
6 7 9718
6 7 9719
6 7 9720
6 7 9721
6 7 9722
6 7 9723
6 7 9724
6 7 9725
6 7 9726
6 7 9727
6 7 9728
6 7 9729
6 7 9730
6 7 9731
6 7 9732
6 7 9733
6 7 9734
6 7 9735
6 7 9736
6 7 9737
6 7 9738
6 7 9739
6 7 9740
6 7 9741
6 7 9742
6 7 9743
6 7 9744
6 7 9745
6 7 9746
6 7 9747
6 7 9748
6 7 9749
6 7 9750
6 7 9751
6 7 9752
6 7 9753
6 7 9754
6 7 9755
6 7 9756
6 7 9757
6 7 9758
6 7 9759
6 7 9760
6 7 9761
6 7 9762
6 7 9763
6 7 9764
6 7 9765
6 7 9766
6 7 9767
6 7 9768
6 7 9769
6 7 9770
6 7 9771
6 7 9772
6 7 9773
6 7 9774
6 7 9775
6 7 9776
6 7 9777
6 7 9778
6 7 9779
6 7 9780
6 7 9781
6 7 9782
6 7 9783
6 7 9784
6 7 9785
6 7 9786
6 7 9787
6 7 9788
6 7 9789
6 7 9790
6 7 9791
6 7 9792
6 7 9793
6 7 9794
6 7 9795
6 7 9796
6 7 9797
6 7 9798
6 7 9799
6 7 9800
6 7 9801
6 7 9802
6 7 9803
6 7 9804
6 7 9805
6 7 9806
6 7 9807
6 7 9808
6 7 9809
6 7 9810
6 7 9811
6 7 9812
6 7 9813
6 7 9814
6 7 9815
6 7 9816
6 7 9817
6 7 9818
6 7 9819
6 7 9820
6 7 9821
6 7 9822
6 7 9823
6 7 9824
6 7 9825
6 7 9826
6 7 9827
6 7 9828
6 7 9829
6 7 9830
