11 18 1
11 18 2
11 18 3
11 18 4
11 18 5
11 18 6
11 18 7
11 18 8
11 18 9
11 18 10
11 18 11
11 18 12
11 18 13
11 18 14
11 18 15
11 18 16
11 18 17
11 18 18
11 18 19
11 18 20
11 18 21
11 18 22
11 18 23
11 18 24
11 18 25
11 18 26
11 18 27
11 18 28
11 18 29
11 18 30
11 18 31
11 18 32
11 18 33
11 18 34
11 18 35
11 18 36
11 18 37
11 18 38
11 18 39
11 18 40
11 18 41
11 18 42
11 18 43
11 18 44
11 18 45
11 18 46
11 18 47
11 18 48
11 18 49
11 18 50
11 18 51
11 18 52
11 18 53
11 18 54
11 18 55
11 18 56
11 18 57
11 18 58
11 18 59
11 18 60
11 18 61
11 18 62
11 18 63
11 18 64
11 18 65
11 18 66
11 18 67
11 18 68
11 18 69
11 18 70
11 18 71
11 18 72
11 18 73
11 18 74
11 18 75
11 18 76
11 18 77
11 18 78
11 18 79
11 18 80
11 18 81
11 18 82
11 18 83
11 18 84
11 18 85
11 18 86
11 18 87
11 18 88
11 18 89
11 18 90
11 18 91
11 18 92
11 18 93
11 18 94
11 18 95
11 18 96
11 18 97
11 18 98
11 18 99
11 18 100
11 18 101
11 18 102
11 18 103
11 18 104
11 18 105
11 18 106
11 18 107
11 18 108
11 18 109
11 18 110
11 18 111
11 18 112
11 18 113
11 18 114
11 18 115
11 18 116
11 18 117
11 18 118
11 18 119
11 18 120
11 18 121
11 18 122
11 18 123
11 18 124
11 18 125
11 18 126
11 18 127
11 18 128
11 18 129
11 18 130
11 18 131
11 18 132
11 18 133
11 18 134
11 18 135
11 18 136
11 18 137
11 18 138
11 18 139
11 18 140
11 18 141
11 18 142
11 18 143
11 18 144
11 18 145
11 18 146
11 18 147
11 18 148
11 18 149
11 18 150
11 18 151
11 18 152
11 18 153
11 18 154
11 18 155
11 18 156
11 18 157
11 18 158
11 18 159
11 18 160
11 18 161
11 18 162
11 18 163
11 18 164
11 18 165
11 18 166
11 18 167
11 18 168
11 18 169
11 18 170
11 18 171
11 18 172
11 18 173
11 18 174
11 18 175
11 18 176
11 18 177
11 18 178
11 18 179
11 18 180
11 18 181
11 18 182
11 18 183
11 18 184
11 18 185
11 18 186
11 18 187
11 18 188
11 18 189
11 18 190
11 18 191
11 18 192
11 18 193
11 18 194
11 18 195
11 18 196
11 18 197
11 18 198
11 18 199
11 18 200
11 18 201
11 18 202
11 18 203
11 18 204
11 18 205
11 18 206
11 18 207
11 18 208
11 18 209
11 18 210
11 18 211
11 18 212
11 18 213
11 18 214
11 18 215
11 18 216
11 18 217
11 18 218
11 18 219
11 18 220
11 18 221
11 18 222
11 18 223
11 18 224
11 18 225
11 18 226
11 18 227
11 18 228
11 18 229
11 18 230
11 18 231
11 18 232
11 18 233
11 18 234
11 18 235
11 18 236
11 18 237
11 18 238
11 18 239
11 18 240
11 18 241
11 18 242
11 18 243
11 18 244
11 18 245
11 18 246
11 18 247
11 18 248
11 18 249
11 18 250
11 18 251
11 18 252
11 18 253
11 18 254
11 18 255
11 18 256
11 18 257
11 18 258
11 18 259
11 18 260
11 18 261
11 18 262
11 18 263
11 18 264
11 18 265
11 18 266
11 18 267
11 18 268
11 18 269
11 18 270
11 18 271
11 18 272
11 18 273
11 18 274
11 18 275
11 18 276
11 18 277
11 18 278
11 18 279
11 18 280
11 18 281
11 18 282
11 18 283
11 18 284
11 18 285
11 18 286
11 18 287
11 18 288
11 18 289
11 18 290
11 18 291
11 18 292
11 18 293
11 18 294
11 18 295
11 18 296
11 18 297
11 18 298
11 18 299
11 18 300
11 18 301
11 18 302
11 18 303
11 18 304
11 18 305
11 18 306
11 18 307
11 18 308
11 18 309
11 18 310
11 18 311
11 18 312
11 18 313
11 18 314
11 18 315
11 18 316
11 18 317
11 18 318
11 18 319
11 18 320
11 18 321
11 18 322
11 18 323
11 18 324
11 18 325
11 18 326
11 18 327
11 18 328
11 18 329
11 18 330
11 18 331
11 18 332
11 18 333
11 18 334
11 18 335
11 18 336
11 18 337
11 18 338
11 18 339
11 18 340
11 18 341
11 18 342
11 18 343
11 18 344
11 18 345
11 18 346
11 18 347
11 18 348
11 18 349
11 18 350
11 18 351
11 18 352
11 18 353
11 18 354
11 18 355
11 18 356
11 18 357
11 18 358
11 18 359
11 18 360
11 18 361
11 18 362
11 18 363
11 18 364
11 18 365
11 18 366
11 18 367
11 18 368
11 18 369
11 18 370
11 18 371
11 18 372
11 18 373
11 18 374
11 18 375
11 18 376
11 18 377
11 18 378
11 18 379
11 18 380
11 18 381
11 18 382
11 18 383
11 18 384
11 18 385
11 18 386
11 18 387
11 18 388
11 18 389
11 18 390
11 18 391
11 18 392
11 18 393
11 18 394
11 18 395
11 18 396
11 18 397
11 18 398
11 18 399
11 18 400
11 18 401
11 18 402
11 18 403
11 18 404
11 18 405
11 18 406
11 18 407
11 18 408
11 18 409
11 18 410
11 18 411
11 18 412
11 18 413
11 18 414
11 18 415
11 18 416
11 18 417
11 18 418
11 18 419
11 18 420
11 18 421
11 18 422
11 18 423
11 18 424
11 18 425
11 18 426
11 18 427
11 18 428
11 18 429
11 18 430
11 18 431
11 18 432
11 18 433
11 18 434
11 18 435
11 18 436
11 18 437
11 18 438
11 18 439
11 18 440
11 18 441
11 18 442
11 18 443
11 18 444
11 18 445
11 18 446
11 18 447
11 18 448
11 18 449
11 18 450
11 18 451
11 18 452
11 18 453
11 18 454
11 18 455
11 18 456
11 18 457
11 18 458
11 18 459
11 18 460
11 18 461
11 18 462
11 18 463
11 18 464
11 18 465
11 18 466
11 18 467
11 18 468
11 18 469
11 18 470
11 18 471
11 18 472
11 18 473
11 18 474
11 18 475
11 18 476
11 18 477
11 18 478
11 18 479
11 18 480
11 18 481
11 18 482
11 18 483
11 18 484
11 18 485
11 18 486
11 18 487
11 18 488
11 18 489
11 18 490
11 18 491
11 18 492
11 18 493
11 18 494
11 18 495
11 18 496
11 18 497
11 18 498
11 18 499
11 18 500
11 18 501
11 18 502
11 18 503
11 18 504
11 18 505
11 18 506
11 18 507
11 18 508
11 18 509
11 18 510
11 18 511
11 18 512
11 18 513
11 18 514
11 18 515
11 18 516
11 18 517
11 18 518
11 18 519
11 18 520
11 18 521
11 18 522
11 18 523
11 18 524
11 18 525
11 18 526
11 18 527
11 18 528
11 18 529
11 18 530
11 18 531
11 18 532
11 18 533
11 18 534
11 18 535
11 18 536
11 18 537
11 18 538
11 18 539
11 18 540
11 18 541
11 18 542
11 18 543
11 18 544
11 18 545
11 18 546
11 18 547
11 18 548
11 18 549
11 18 550
11 18 551
11 18 552
11 18 553
11 18 554
11 18 555
11 18 556
11 18 557
11 18 558
11 18 559
11 18 560
11 18 561
11 18 562
11 18 563
11 18 564
11 18 565
11 18 566
11 18 567
11 18 568
11 18 569
11 18 570
11 18 571
11 18 572
11 18 573
11 18 574
11 18 575
11 18 576
11 18 577
11 18 578
11 18 579
11 18 580
11 18 581
11 18 582
11 18 583
11 18 584
11 18 585
11 18 586
11 18 587
11 18 588
11 18 589
11 18 590
11 18 591
11 18 592
11 18 593
11 18 594
11 18 595
11 18 596
11 18 597
11 18 598
11 18 599
11 18 600
11 18 601
11 18 602
11 18 603
11 18 604
11 18 605
11 18 606
11 18 607
11 18 608
11 18 609
11 18 610
11 18 611
11 18 612
11 18 613
11 18 614
11 18 615
11 18 616
11 18 617
11 18 618
11 18 619
11 18 620
11 18 621
11 18 622
11 18 623
11 18 624
11 18 625
11 18 626
11 18 627
11 18 628
11 18 629
11 18 630
11 18 631
11 18 632
11 18 633
11 18 634
11 18 635
11 18 636
11 18 637
11 18 638
11 18 639
11 18 640
11 18 641
11 18 642
11 18 643
11 18 644
11 18 645
11 18 646
11 18 647
11 18 648
11 18 649
11 18 650
11 18 651
11 18 652
11 18 653
11 18 654
11 18 655
11 18 656
11 18 657
11 18 658
11 18 659
11 18 660
11 18 661
11 18 662
11 18 663
11 18 664
11 18 665
11 18 666
11 18 667
11 18 668
11 18 669
11 18 670
11 18 671
11 18 672
11 18 673
11 18 674
11 18 675
11 18 676
11 18 677
11 18 678
11 18 679
11 18 680
11 18 681
11 18 682
11 18 683
11 18 684
11 18 685
11 18 686
11 18 687
11 18 688
11 18 689
11 18 690
11 18 691
11 18 692
11 18 693
11 18 694
11 18 695
11 18 696
11 18 697
11 18 698
11 18 699
11 18 700
11 18 701
11 18 702
11 18 703
11 18 704
11 18 705
11 18 706
11 18 707
11 18 708
11 18 709
11 18 710
11 18 711
11 18 712
11 18 713
11 18 714
11 18 715
11 18 716
11 18 717
11 18 718
11 18 719
11 18 720
11 18 721
11 18 722
11 18 723
11 18 724
11 18 725
11 18 726
11 18 727
11 18 728
11 18 729
11 18 730
11 18 731
11 18 732
11 18 733
11 18 734
11 18 735
11 18 736
11 18 737
11 18 738
11 18 739
11 18 740
11 18 741
11 18 742
11 18 743
11 18 744
11 18 745
11 18 746
11 18 747
11 18 748
11 18 749
11 18 750
11 18 751
11 18 752
11 18 753
11 18 754
11 18 755
11 18 756
11 18 757
11 18 758
11 18 759
11 18 760
11 18 761
11 18 762
11 18 763
11 18 764
11 18 765
11 18 766
11 18 767
11 18 768
11 18 769
11 18 770
11 18 771
11 18 772
11 18 773
11 18 774
11 18 775
11 18 776
11 18 777
11 18 778
11 18 779
11 18 780
11 18 781
11 18 782
11 18 783
11 18 784
11 18 785
11 18 786
11 18 787
11 18 788
11 18 789
11 18 790
11 18 791
11 18 792
11 18 793
11 18 794
11 18 795
11 18 796
11 18 797
11 18 798
11 18 799
11 18 800
11 18 801
11 18 802
11 18 803
11 18 804
11 18 805
11 18 806
11 18 807
11 18 808
11 18 809
11 18 810
11 18 811
11 18 812
11 18 813
11 18 814
11 18 815
11 18 816
11 18 817
11 18 818
11 18 819
11 18 820
11 18 821
11 18 822
11 18 823
11 18 824
11 18 825
11 18 826
11 18 827
11 18 828
11 18 829
11 18 830
11 18 831
11 18 832
11 18 833
11 18 834
11 18 835
11 18 836
11 18 837
11 18 838
11 18 839
11 18 840
11 18 841
11 18 842
11 18 843
11 18 844
11 18 845
11 18 846
11 18 847
11 18 848
11 18 849
11 18 850
11 18 851
11 18 852
11 18 853
11 18 854
11 18 855
11 18 856
11 18 857
11 18 858
11 18 859
11 18 860
11 18 861
11 18 862
11 18 863
11 18 864
11 18 865
11 18 866
11 18 867
11 18 868
11 18 869
11 18 870
11 18 871
11 18 872
11 18 873
11 18 874
11 18 875
11 18 876
11 18 877
11 18 878
11 18 879
11 18 880
11 18 881
11 18 882
11 18 883
11 18 884
11 18 885
11 18 886
11 18 887
11 18 888
11 18 889
11 18 890
11 18 891
11 18 892
11 18 893
11 18 894
11 18 895
11 18 896
11 18 897
11 18 898
11 18 899
11 18 900
11 18 901
11 18 902
11 18 903
11 18 904
11 18 905
11 18 906
11 18 907
11 18 908
11 18 909
11 18 910
11 18 911
11 18 912
11 18 913
11 18 914
11 18 915
11 18 916
11 18 917
11 18 918
11 18 919
11 18 920
11 18 921
11 18 922
11 18 923
11 18 924
11 18 925
11 18 926
11 18 927
11 18 928
11 18 929
11 18 930
11 18 931
11 18 932
11 18 933
11 18 934
11 18 935
11 18 936
11 18 937
11 18 938
11 18 939
11 18 940
11 18 941
11 18 942
11 18 943
11 18 944
11 18 945
11 18 946
11 18 947
11 18 948
11 18 949
11 18 950
11 18 951
11 18 952
11 18 953
11 18 954
11 18 955
11 18 956
11 18 957
11 18 958
11 18 959
11 18 960
11 18 961
11 18 962
11 18 963
11 18 964
11 18 965
11 18 966
11 18 967
11 18 968
11 18 969
11 18 970
11 18 971
11 18 972
11 18 973
11 18 974
11 18 975
11 18 976
11 18 977
11 18 978
11 18 979
11 18 980
11 18 981
11 18 982
11 18 983
11 18 984
11 18 985
11 18 986
11 18 987
11 18 988
11 18 989
11 18 990
11 18 991
11 18 992
11 18 993
11 18 994
11 18 995
11 18 996
11 18 997
11 18 998
11 18 999
11 18 1000
11 18 1001
11 18 1002
11 18 1003
11 18 1004
11 18 1005
11 18 1006
11 18 1007
11 18 1008
11 18 1009
11 18 1010
11 18 1011
11 18 1012
11 18 1013
11 18 1014
11 18 1015
11 18 1016
11 18 1017
11 18 1018
11 18 1019
11 18 1020
11 18 1021
11 18 1022
11 18 1023
11 18 1024
11 18 1025
11 18 1026
11 18 1027
11 18 1028
11 18 1029
11 18 1030
11 18 1031
11 18 1032
11 18 1033
11 18 1034
11 18 1035
11 18 1036
11 18 1037
11 18 1038
11 18 1039
11 18 1040
11 18 1041
11 18 1042
11 18 1043
11 18 1044
11 18 1045
11 18 1046
11 18 1047
11 18 1048
11 18 1049
11 18 1050
11 18 1051
11 18 1052
11 18 1053
11 18 1054
11 18 1055
11 18 1056
11 18 1057
11 18 1058
11 18 1059
11 18 1060
11 18 1061
11 18 1062
11 18 1063
11 18 1064
11 18 1065
11 18 1066
11 18 1067
11 18 1068
11 18 1069
11 18 1070
11 18 1071
11 18 1072
11 18 1073
11 18 1074
11 18 1075
11 18 1076
11 18 1077
11 18 1078
11 18 1079
11 18 1080
11 18 1081
11 18 1082
11 18 1083
11 18 1084
11 18 1085
11 18 1086
11 18 1087
11 18 1088
11 18 1089
11 18 1090
11 18 1091
11 18 1092
11 18 1093
11 18 1094
11 18 1095
11 18 1096
11 18 1097
11 18 1098
11 18 1099
11 18 1100
11 18 1101
11 18 1102
11 18 1103
11 18 1104
11 18 1105
11 18 1106
11 18 1107
11 18 1108
11 18 1109
11 18 1110
11 18 1111
11 18 1112
11 18 1113
11 18 1114
11 18 1115
11 18 1116
11 18 1117
11 18 1118
11 18 1119
11 18 1120
11 18 1121
11 18 1122
11 18 1123
11 18 1124
11 18 1125
11 18 1126
11 18 1127
11 18 1128
11 18 1129
11 18 1130
11 18 1131
11 18 1132
11 18 1133
11 18 1134
11 18 1135
11 18 1136
11 18 1137
11 18 1138
11 18 1139
11 18 1140
11 18 1141
11 18 1142
11 18 1143
11 18 1144
11 18 1145
11 18 1146
11 18 1147
11 18 1148
11 18 1149
11 18 1150
11 18 1151
11 18 1152
11 18 1153
11 18 1154
11 18 1155
11 18 1156
11 18 1157
11 18 1158
11 18 1159
11 18 1160
11 18 1161
11 18 1162
11 18 1163
11 18 1164
11 18 1165
11 18 1166
11 18 1167
11 18 1168
11 18 1169
11 18 1170
11 18 1171
11 18 1172
11 18 1173
11 18 1174
11 18 1175
11 18 1176
11 18 1177
11 18 1178
11 18 1179
11 18 1180
11 18 1181
11 18 1182
11 18 1183
11 18 1184
11 18 1185
11 18 1186
11 18 1187
11 18 1188
11 18 1189
11 18 1190
11 18 1191
11 18 1192
11 18 1193
11 18 1194
11 18 1195
11 18 1196
11 18 1197
11 18 1198
11 18 1199
11 18 1200
11 18 1201
11 18 1202
11 18 1203
11 18 1204
11 18 1205
11 18 1206
11 18 1207
11 18 1208
11 18 1209
11 18 1210
11 18 1211
11 18 1212
11 18 1213
11 18 1214
11 18 1215
11 18 1216
11 18 1217
11 18 1218
11 18 1219
11 18 1220
11 18 1221
11 18 1222
11 18 1223
11 18 1224
11 18 1225
11 18 1226
11 18 1227
11 18 1228
11 18 1229
11 18 1230
11 18 1231
11 18 1232
11 18 1233
11 18 1234
11 18 1235
11 18 1236
11 18 1237
11 18 1238
11 18 1239
11 18 1240
11 18 1241
11 18 1242
11 18 1243
11 18 1244
11 18 1245
11 18 1246
11 18 1247
11 18 1248
11 18 1249
11 18 1250
11 18 1251
11 18 1252
11 18 1253
11 18 1254
11 18 1255
11 18 1256
11 18 1257
11 18 1258
11 18 1259
11 18 1260
11 18 1261
11 18 1262
11 18 1263
11 18 1264
11 18 1265
11 18 1266
11 18 1267
11 18 1268
11 18 1269
11 18 1270
11 18 1271
11 18 1272
11 18 1273
11 18 1274
11 18 1275
11 18 1276
11 18 1277
11 18 1278
11 18 1279
11 18 1280
11 18 1281
11 18 1282
11 18 1283
11 18 1284
11 18 1285
11 18 1286
11 18 1287
11 18 1288
11 18 1289
11 18 1290
11 18 1291
11 18 1292
11 18 1293
11 18 1294
11 18 1295
11 18 1296
11 18 1297
11 18 1298
11 18 1299
11 18 1300
11 18 1301
11 18 1302
11 18 1303
11 18 1304
11 18 1305
11 18 1306
11 18 1307
11 18 1308
11 18 1309
11 18 1310
11 18 1311
11 18 1312
11 18 1313
11 18 1314
11 18 1315
11 18 1316
11 18 1317
11 18 1318
11 18 1319
11 18 1320
11 18 1321
11 18 1322
11 18 1323
11 18 1324
11 18 1325
11 18 1326
11 18 1327
11 18 1328
11 18 1329
11 18 1330
11 18 1331
11 18 1332
11 18 1333
11 18 1334
11 18 1335
11 18 1336
11 18 1337
11 18 1338
11 18 1339
11 18 1340
11 18 1341
11 18 1342
11 18 1343
11 18 1344
11 18 1345
11 18 1346
11 18 1347
11 18 1348
11 18 1349
11 18 1350
11 18 1351
11 18 1352
11 18 1353
11 18 1354
11 18 1355
11 18 1356
11 18 1357
11 18 1358
11 18 1359
11 18 1360
11 18 1361
11 18 1362
11 18 1363
11 18 1364
11 18 1365
11 18 1366
11 18 1367
11 18 1368
11 18 1369
11 18 1370
11 18 1371
11 18 1372
11 18 1373
11 18 1374
11 18 1375
11 18 1376
11 18 1377
11 18 1378
11 18 1379
11 18 1380
11 18 1381
11 18 1382
11 18 1383
11 18 1384
11 18 1385
11 18 1386
11 18 1387
11 18 1388
11 18 1389
11 18 1390
11 18 1391
11 18 1392
11 18 1393
11 18 1394
11 18 1395
11 18 1396
11 18 1397
11 18 1398
11 18 1399
11 18 1400
11 18 1401
11 18 1402
11 18 1403
11 18 1404
11 18 1405
11 18 1406
11 18 1407
11 18 1408
11 18 1409
11 18 1410
11 18 1411
11 18 1412
11 18 1413
11 18 1414
11 18 1415
11 18 1416
11 18 1417
11 18 1418
11 18 1419
11 18 1420
11 18 1421
11 18 1422
11 18 1423
11 18 1424
11 18 1425
11 18 1426
11 18 1427
11 18 1428
11 18 1429
11 18 1430
11 18 1431
11 18 1432
11 18 1433
11 18 1434
11 18 1435
11 18 1436
11 18 1437
11 18 1438
11 18 1439
11 18 1440
11 18 1441
11 18 1442
11 18 1443
11 18 1444
11 18 1445
11 18 1446
11 18 1447
11 18 1448
11 18 1449
11 18 1450
11 18 1451
11 18 1452
11 18 1453
11 18 1454
11 18 1455
11 18 1456
11 18 1457
11 18 1458
11 18 1459
11 18 1460
11 18 1461
11 18 1462
11 18 1463
11 18 1464
11 18 1465
11 18 1466
11 18 1467
11 18 1468
11 18 1469
11 18 1470
11 18 1471
11 18 1472
11 18 1473
11 18 1474
11 18 1475
11 18 1476
11 18 1477
11 18 1478
11 18 1479
11 18 1480
11 18 1481
11 18 1482
11 18 1483
11 18 1484
11 18 1485
11 18 1486
11 18 1487
11 18 1488
11 18 1489
11 18 1490
11 18 1491
11 18 1492
11 18 1493
11 18 1494
11 18 1495
11 18 1496
11 18 1497
11 18 1498
11 18 1499
11 18 1500
11 18 1501
11 18 1502
11 18 1503
11 18 1504
11 18 1505
11 18 1506
11 18 1507
11 18 1508
11 18 1509
11 18 1510
11 18 1511
11 18 1512
11 18 1513
11 18 1514
11 18 1515
11 18 1516
11 18 1517
11 18 1518
11 18 1519
11 18 1520
11 18 1521
11 18 1522
11 18 1523
11 18 1524
11 18 1525
11 18 1526
11 18 1527
11 18 1528
11 18 1529
11 18 1530
11 18 1531
11 18 1532
11 18 1533
11 18 1534
11 18 1535
11 18 1536
11 18 1537
11 18 1538
11 18 1539
11 18 1540
11 18 1541
11 18 1542
11 18 1543
11 18 1544
11 18 1545
11 18 1546
11 18 1547
11 18 1548
11 18 1549
11 18 1550
11 18 1551
11 18 1552
11 18 1553
11 18 1554
11 18 1555
11 18 1556
11 18 1557
11 18 1558
11 18 1559
11 18 1560
11 18 1561
11 18 1562
11 18 1563
11 18 1564
11 18 1565
11 18 1566
11 18 1567
11 18 1568
11 18 1569
11 18 1570
11 18 1571
11 18 1572
11 18 1573
11 18 1574
11 18 1575
11 18 1576
11 18 1577
11 18 1578
11 18 1579
11 18 1580
11 18 1581
11 18 1582
11 18 1583
11 18 1584
11 18 1585
11 18 1586
11 18 1587
11 18 1588
11 18 1589
11 18 1590
11 18 1591
11 18 1592
11 18 1593
11 18 1594
11 18 1595
11 18 1596
11 18 1597
11 18 1598
11 18 1599
11 18 1600
11 18 1601
11 18 1602
11 18 1603
11 18 1604
11 18 1605
11 18 1606
11 18 1607
11 18 1608
11 18 1609
11 18 1610
11 18 1611
11 18 1612
11 18 1613
11 18 1614
11 18 1615
11 18 1616
11 18 1617
11 18 1618
11 18 1619
11 18 1620
11 18 1621
11 18 1622
11 18 1623
11 18 1624
11 18 1625
11 18 1626
11 18 1627
11 18 1628
11 18 1629
11 18 1630
11 18 1631
11 18 1632
11 18 1633
11 18 1634
11 18 1635
11 18 1636
11 18 1637
11 18 1638
11 18 1639
11 18 1640
11 18 1641
11 18 1642
11 18 1643
11 18 1644
11 18 1645
11 18 1646
11 18 1647
11 18 1648
11 18 1649
11 18 1650
11 18 1651
11 18 1652
11 18 1653
11 18 1654
11 18 1655
11 18 1656
11 18 1657
11 18 1658
11 18 1659
11 18 1660
11 18 1661
11 18 1662
11 18 1663
11 18 1664
11 18 1665
11 18 1666
11 18 1667
11 18 1668
11 18 1669
11 18 1670
11 18 1671
11 18 1672
11 18 1673
11 18 1674
11 18 1675
11 18 1676
11 18 1677
11 18 1678
11 18 1679
11 18 1680
11 18 1681
11 18 1682
11 18 1683
11 18 1684
11 18 1685
11 18 1686
11 18 1687
11 18 1688
11 18 1689
11 18 1690
11 18 1691
11 18 1692
11 18 1693
11 18 1694
11 18 1695
11 18 1696
11 18 1697
11 18 1698
11 18 1699
11 18 1700
11 18 1701
11 18 1702
11 18 1703
11 18 1704
11 18 1705
11 18 1706
11 18 1707
11 18 1708
11 18 1709
11 18 1710
11 18 1711
11 18 1712
11 18 1713
11 18 1714
11 18 1715
11 18 1716
11 18 1717
11 18 1718
11 18 1719
11 18 1720
11 18 1721
11 18 1722
11 18 1723
11 18 1724
11 18 1725
11 18 1726
11 18 1727
11 18 1728
11 18 1729
11 18 1730
11 18 1731
11 18 1732
11 18 1733
11 18 1734
11 18 1735
11 18 1736
11 18 1737
11 18 1738
11 18 1739
11 18 1740
11 18 1741
11 18 1742
11 18 1743
11 18 1744
11 18 1745
11 18 1746
11 18 1747
11 18 1748
11 18 1749
11 18 1750
11 18 1751
11 18 1752
11 18 1753
11 18 1754
11 18 1755
11 18 1756
11 18 1757
11 18 1758
11 18 1759
11 18 1760
11 18 1761
11 18 1762
11 18 1763
11 18 1764
11 18 1765
11 18 1766
11 18 1767
11 18 1768
11 18 1769
11 18 1770
11 18 1771
11 18 1772
11 18 1773
11 18 1774
11 18 1775
11 18 1776
11 18 1777
11 18 1778
11 18 1779
11 18 1780
11 18 1781
11 18 1782
11 18 1783
11 18 1784
11 18 1785
11 18 1786
11 18 1787
11 18 1788
11 18 1789
11 18 1790
11 18 1791
11 18 1792
11 18 1793
11 18 1794
11 18 1795
11 18 1796
11 18 1797
11 18 1798
11 18 1799
11 18 1800
11 18 1801
11 18 1802
11 18 1803
11 18 1804
11 18 1805
11 18 1806
11 18 1807
11 18 1808
11 18 1809
11 18 1810
11 18 1811
11 18 1812
11 18 1813
11 18 1814
11 18 1815
11 18 1816
11 18 1817
11 18 1818
11 18 1819
11 18 1820
11 18 1821
11 18 1822
11 18 1823
11 18 1824
11 18 1825
11 18 1826
11 18 1827
11 18 1828
11 18 1829
11 18 1830
11 18 1831
11 18 1832
11 18 1833
11 18 1834
11 18 1835
11 18 1836
11 18 1837
11 18 1838
11 18 1839
11 18 1840
11 18 1841
11 18 1842
11 18 1843
11 18 1844
11 18 1845
11 18 1846
11 18 1847
11 18 1848
11 18 1849
11 18 1850
11 18 1851
11 18 1852
11 18 1853
11 18 1854
11 18 1855
11 18 1856
11 18 1857
11 18 1858
11 18 1859
11 18 1860
11 18 1861
11 18 1862
11 18 1863
11 18 1864
11 18 1865
11 18 1866
11 18 1867
11 18 1868
11 18 1869
11 18 1870
11 18 1871
11 18 1872
11 18 1873
11 18 1874
11 18 1875
11 18 1876
11 18 1877
11 18 1878
11 18 1879
11 18 1880
11 18 1881
11 18 1882
11 18 1883
11 18 1884
11 18 1885
11 18 1886
11 18 1887
11 18 1888
11 18 1889
11 18 1890
11 18 1891
11 18 1892
11 18 1893
11 18 1894
11 18 1895
11 18 1896
11 18 1897
11 18 1898
11 18 1899
11 18 1900
11 18 1901
11 18 1902
11 18 1903
11 18 1904
11 18 1905
11 18 1906
11 18 1907
11 18 1908
11 18 1909
11 18 1910
11 18 1911
11 18 1912
11 18 1913
11 18 1914
11 18 1915
11 18 1916
11 18 1917
11 18 1918
11 18 1919
11 18 1920
11 18 1921
11 18 1922
11 18 1923
11 18 1924
11 18 1925
11 18 1926
11 18 1927
11 18 1928
11 18 1929
11 18 1930
11 18 1931
11 18 1932
11 18 1933
11 18 1934
11 18 1935
11 18 1936
11 18 1937
11 18 1938
11 18 1939
11 18 1940
11 18 1941
11 18 1942
11 18 1943
11 18 1944
11 18 1945
11 18 1946
11 18 1947
11 18 1948
11 18 1949
11 18 1950
11 18 1951
11 18 1952
11 18 1953
11 18 1954
11 18 1955
11 18 1956
11 18 1957
11 18 1958
11 18 1959
11 18 1960
11 18 1961
11 18 1962
11 18 1963
11 18 1964
11 18 1965
11 18 1966
11 18 1967
11 18 1968
11 18 1969
11 18 1970
11 18 1971
11 18 1972
11 18 1973
11 18 1974
11 18 1975
11 18 1976
11 18 1977
11 18 1978
11 18 1979
11 18 1980
11 18 1981
11 18 1982
11 18 1983
11 18 1984
11 18 1985
11 18 1986
11 18 1987
11 18 1988
11 18 1989
11 18 1990
11 18 1991
11 18 1992
11 18 1993
11 18 1994
11 18 1995
11 18 1996
11 18 1997
11 18 1998
11 18 1999
11 18 2000
11 18 2001
11 18 2002
11 18 2003
11 18 2004
11 18 2005
11 18 2006
11 18 2007
11 18 2008
11 18 2009
11 18 2010
11 18 2011
11 18 2012
11 18 2013
11 18 2014
11 18 2015
11 18 2016
11 18 2017
11 18 2018
11 18 2019
11 18 2020
11 18 2021
11 18 2022
11 18 2023
11 18 2024
11 18 2025
11 18 2026
11 18 2027
11 18 2028
11 18 2029
11 18 2030
11 18 2031
11 18 2032
11 18 2033
11 18 2034
11 18 2035
11 18 2036
11 18 2037
11 18 2038
11 18 2039
11 18 2040
11 18 2041
11 18 2042
11 18 2043
11 18 2044
11 18 2045
11 18 2046
11 18 2047
11 18 2048
11 18 2049
11 18 2050
11 18 2051
11 18 2052
11 18 2053
11 18 2054
11 18 2055
11 18 2056
11 18 2057
11 18 2058
11 18 2059
11 18 2060
11 18 2061
11 18 2062
11 18 2063
11 18 2064
11 18 2065
11 18 2066
11 18 2067
11 18 2068
11 18 2069
11 18 2070
11 18 2071
11 18 2072
11 18 2073
11 18 2074
11 18 2075
11 18 2076
11 18 2077
11 18 2078
11 18 2079
11 18 2080
11 18 2081
11 18 2082
11 18 2083
11 18 2084
11 18 2085
11 18 2086
11 18 2087
11 18 2088
11 18 2089
11 18 2090
11 18 2091
11 18 2092
11 18 2093
11 18 2094
11 18 2095
11 18 2096
11 18 2097
11 18 2098
11 18 2099
11 18 2100
11 18 2101
11 18 2102
11 18 2103
11 18 2104
11 18 2105
11 18 2106
11 18 2107
11 18 2108
11 18 2109
11 18 2110
11 18 2111
11 18 2112
11 18 2113
11 18 2114
11 18 2115
11 18 2116
11 18 2117
11 18 2118
11 18 2119
11 18 2120
11 18 2121
11 18 2122
11 18 2123
11 18 2124
11 18 2125
11 18 2126
11 18 2127
11 18 2128
11 18 2129
11 18 2130
11 18 2131
11 18 2132
11 18 2133
11 18 2134
11 18 2135
11 18 2136
11 18 2137
11 18 2138
11 18 2139
11 18 2140
11 18 2141
11 18 2142
11 18 2143
11 18 2144
11 18 2145
11 18 2146
11 18 2147
11 18 2148
11 18 2149
11 18 2150
11 18 2151
11 18 2152
11 18 2153
11 18 2154
11 18 2155
11 18 2156
11 18 2157
11 18 2158
11 18 2159
11 18 2160
11 18 2161
11 18 2162
11 18 2163
11 18 2164
11 18 2165
11 18 2166
11 18 2167
11 18 2168
11 18 2169
11 18 2170
11 18 2171
11 18 2172
11 18 2173
11 18 2174
11 18 2175
11 18 2176
11 18 2177
11 18 2178
11 18 2179
11 18 2180
11 18 2181
11 18 2182
11 18 2183
11 18 2184
11 18 2185
11 18 2186
11 18 2187
11 18 2188
11 18 2189
11 18 2190
11 18 2191
11 18 2192
11 18 2193
11 18 2194
11 18 2195
11 18 2196
11 18 2197
11 18 2198
11 18 2199
11 18 2200
11 18 2201
11 18 2202
11 18 2203
11 18 2204
11 18 2205
11 18 2206
11 18 2207
11 18 2208
11 18 2209
11 18 2210
11 18 2211
11 18 2212
11 18 2213
11 18 2214
11 18 2215
11 18 2216
11 18 2217
11 18 2218
11 18 2219
11 18 2220
11 18 2221
11 18 2222
11 18 2223
11 18 2224
11 18 2225
11 18 2226
11 18 2227
11 18 2228
11 18 2229
11 18 2230
11 18 2231
11 18 2232
11 18 2233
11 18 2234
11 18 2235
11 18 2236
11 18 2237
11 18 2238
11 18 2239
11 18 2240
11 18 2241
11 18 2242
11 18 2243
11 18 2244
11 18 2245
11 18 2246
11 18 2247
11 18 2248
11 18 2249
11 18 2250
11 18 2251
11 18 2252
11 18 2253
11 18 2254
11 18 2255
11 18 2256
11 18 2257
11 18 2258
11 18 2259
11 18 2260
11 18 2261
11 18 2262
11 18 2263
11 18 2264
11 18 2265
11 18 2266
11 18 2267
11 18 2268
11 18 2269
11 18 2270
11 18 2271
11 18 2272
11 18 2273
11 18 2274
11 18 2275
11 18 2276
11 18 2277
11 18 2278
11 18 2279
11 18 2280
11 18 2281
11 18 2282
11 18 2283
11 18 2284
11 18 2285
11 18 2286
11 18 2287
11 18 2288
11 18 2289
11 18 2290
11 18 2291
11 18 2292
11 18 2293
11 18 2294
11 18 2295
11 18 2296
11 18 2297
11 18 2298
11 18 2299
11 18 2300
11 18 2301
11 18 2302
11 18 2303
11 18 2304
11 18 2305
11 18 2306
11 18 2307
11 18 2308
11 18 2309
11 18 2310
11 18 2311
11 18 2312
11 18 2313
11 18 2314
11 18 2315
11 18 2316
11 18 2317
11 18 2318
11 18 2319
11 18 2320
11 18 2321
11 18 2322
11 18 2323
11 18 2324
11 18 2325
11 18 2326
11 18 2327
11 18 2328
11 18 2329
11 18 2330
11 18 2331
11 18 2332
11 18 2333
11 18 2334
11 18 2335
11 18 2336
11 18 2337
11 18 2338
11 18 2339
11 18 2340
11 18 2341
11 18 2342
11 18 2343
11 18 2344
11 18 2345
11 18 2346
11 18 2347
11 18 2348
11 18 2349
11 18 2350
11 18 2351
11 18 2352
11 18 2353
11 18 2354
11 18 2355
11 18 2356
11 18 2357
11 18 2358
11 18 2359
11 18 2360
11 18 2361
11 18 2362
11 18 2363
11 18 2364
11 18 2365
11 18 2366
11 18 2367
11 18 2368
11 18 2369
11 18 2370
11 18 2371
11 18 2372
11 18 2373
11 18 2374
11 18 2375
11 18 2376
11 18 2377
11 18 2378
11 18 2379
11 18 2380
11 18 2381
11 18 2382
11 18 2383
11 18 2384
11 18 2385
11 18 2386
11 18 2387
11 18 2388
11 18 2389
11 18 2390
11 18 2391
11 18 2392
11 18 2393
11 18 2394
11 18 2395
11 18 2396
11 18 2397
11 18 2398
11 18 2399
11 18 2400
11 18 2401
11 18 2402
11 18 2403
11 18 2404
11 18 2405
11 18 2406
11 18 2407
11 18 2408
11 18 2409
11 18 2410
11 18 2411
11 18 2412
11 18 2413
11 18 2414
11 18 2415
11 18 2416
11 18 2417
11 18 2418
11 18 2419
11 18 2420
11 18 2421
11 18 2422
11 18 2423
11 18 2424
11 18 2425
11 18 2426
11 18 2427
11 18 2428
11 18 2429
11 18 2430
11 18 2431
11 18 2432
11 18 2433
11 18 2434
11 18 2435
11 18 2436
11 18 2437
11 18 2438
11 18 2439
11 18 2440
11 18 2441
11 18 2442
11 18 2443
11 18 2444
11 18 2445
11 18 2446
11 18 2447
11 18 2448
11 18 2449
11 18 2450
11 18 2451
11 18 2452
11 18 2453
11 18 2454
11 18 2455
11 18 2456
11 18 2457
