20 16 1
20 16 2
20 16 3
20 16 4
20 16 5
20 16 6
20 16 7
20 16 8
20 16 9
20 16 10
20 16 11
20 16 12
20 16 13
20 16 14
20 16 15
20 16 16
20 16 17
20 16 18
20 16 19
20 16 20
20 16 21
20 16 22
20 16 23
20 16 24
20 16 25
20 16 26
20 16 27
20 16 28
20 16 29
20 16 30
20 16 31
20 16 32
20 16 33
20 16 34
20 16 35
20 16 36
20 16 37
20 16 38
20 16 39
20 16 40
20 16 41
20 16 42
20 16 43
20 16 44
20 16 45
20 16 46
20 16 47
20 16 48
20 16 49
20 16 50
20 16 51
20 16 52
20 16 53
20 16 54
20 16 55
20 16 56
20 16 57
20 16 58
20 16 59
20 16 60
20 16 61
20 16 62
20 16 63
20 16 64
20 16 65
20 16 66
20 16 67
20 16 68
20 16 69
20 16 70
20 16 71
20 16 72
20 16 73
20 16 74
20 16 75
20 16 76
20 16 77
20 16 78
20 16 79
20 16 80
20 16 81
20 16 82
20 16 83
20 16 84
20 16 85
20 16 86
20 16 87
20 16 88
20 16 89
20 16 90
20 16 91
20 16 92
20 16 93
20 16 94
20 16 95
20 16 96
20 16 97
20 16 98
20 16 99
20 16 100
20 16 101
20 16 102
20 16 103
20 16 104
20 16 105
20 16 106
20 16 107
20 16 108
20 16 109
20 16 110
20 16 111
20 16 112
20 16 113
20 16 114
20 16 115
20 16 116
20 16 117
20 16 118
20 16 119
20 16 120
20 16 121
20 16 122
20 16 123
20 16 124
20 16 125
20 16 126
20 16 127
20 16 128
20 16 129
20 16 130
20 16 131
20 16 132
20 16 133
20 16 134
20 16 135
20 16 136
20 16 137
20 16 138
20 16 139
20 16 140
20 16 141
20 16 142
20 16 143
20 16 144
20 16 145
20 16 146
20 16 147
20 16 148
20 16 149
20 16 150
20 16 151
20 16 152
20 16 153
20 16 154
20 16 155
20 16 156
20 16 157
20 16 158
20 16 159
20 16 160
20 16 161
20 16 162
20 16 163
20 16 164
20 16 165
20 16 166
20 16 167
20 16 168
20 16 169
20 16 170
20 16 171
20 16 172
20 16 173
20 16 174
20 16 175
20 16 176
20 16 177
20 16 178
20 16 179
20 16 180
20 16 181
20 16 182
20 16 183
20 16 184
20 16 185
20 16 186
20 16 187
20 16 188
20 16 189
20 16 190
20 16 191
20 16 192
20 16 193
20 16 194
20 16 195
20 16 196
20 16 197
20 16 198
20 16 199
20 16 200
20 16 201
20 16 202
20 16 203
20 16 204
20 16 205
20 16 206
20 16 207
20 16 208
20 16 209
20 16 210
20 16 211
20 16 212
20 16 213
20 16 214
20 16 215
20 16 216
20 16 217
20 16 218
20 16 219
20 16 220
20 16 221
20 16 222
20 16 223
20 16 224
20 16 225
20 16 226
20 16 227
20 16 228
20 16 229
20 16 230
20 16 231
20 16 232
20 16 233
20 16 234
20 16 235
20 16 236
20 16 237
20 16 238
20 16 239
20 16 240
20 16 241
20 16 242
20 16 243
20 16 244
20 16 245
20 16 246
20 16 247
20 16 248
20 16 249
20 16 250
20 16 251
20 16 252
20 16 253
20 16 254
20 16 255
20 16 256
20 16 257
20 16 258
20 16 259
20 16 260
20 16 261
20 16 262
20 16 263
20 16 264
20 16 265
20 16 266
20 16 267
20 16 268
20 16 269
20 16 270
20 16 271
20 16 272
20 16 273
20 16 274
20 16 275
20 16 276
20 16 277
20 16 278
20 16 279
20 16 280
20 16 281
20 16 282
20 16 283
20 16 284
20 16 285
20 16 286
20 16 287
20 16 288
20 16 289
20 16 290
20 16 291
20 16 292
20 16 293
20 16 294
20 16 295
20 16 296
20 16 297
20 16 298
20 16 299
20 16 300
20 16 301
20 16 302
20 16 303
20 16 304
20 16 305
20 16 306
20 16 307
20 16 308
20 16 309
20 16 310
20 16 311
20 16 312
20 16 313
20 16 314
20 16 315
20 16 316
20 16 317
20 16 318
20 16 319
20 16 320
20 16 321
20 16 322
20 16 323
20 16 324
20 16 325
20 16 326
20 16 327
20 16 328
20 16 329
20 16 330
20 16 331
20 16 332
20 16 333
20 16 334
20 16 335
20 16 336
20 16 337
20 16 338
20 16 339
20 16 340
20 16 341
20 16 342
20 16 343
20 16 344
20 16 345
20 16 346
20 16 347
20 16 348
20 16 349
20 16 350
20 16 351
20 16 352
20 16 353
20 16 354
20 16 355
20 16 356
20 16 357
20 16 358
20 16 359
20 16 360
20 16 361
20 16 362
20 16 363
20 16 364
20 16 365
20 16 366
20 16 367
20 16 368
20 16 369
20 16 370
20 16 371
20 16 372
20 16 373
20 16 374
20 16 375
20 16 376
20 16 377
20 16 378
20 16 379
20 16 380
20 16 381
20 16 382
20 16 383
20 16 384
20 16 385
20 16 386
20 16 387
20 16 388
20 16 389
20 16 390
20 16 391
20 16 392
20 16 393
20 16 394
20 16 395
20 16 396
20 16 397
20 16 398
20 16 399
20 16 400
20 16 401
20 16 402
20 16 403
20 16 404
20 16 405
20 16 406
20 16 407
20 16 408
20 16 409
20 16 410
20 16 411
20 16 412
20 16 413
20 16 414
20 16 415
20 16 416
20 16 417
20 16 418
20 16 419
20 16 420
20 16 421
20 16 422
20 16 423
20 16 424
20 16 425
20 16 426
20 16 427
20 16 428
20 16 429
20 16 430
20 16 431
20 16 432
20 16 433
20 16 434
20 16 435
20 16 436
20 16 437
20 16 438
20 16 439
20 16 440
20 16 441
20 16 442
20 16 443
20 16 444
20 16 445
20 16 446
20 16 447
20 16 448
20 16 449
20 16 450
20 16 451
20 16 452
20 16 453
20 16 454
20 16 455
20 16 456
20 16 457
20 16 458
20 16 459
20 16 460
20 16 461
20 16 462
20 16 463
20 16 464
20 16 465
20 16 466
20 16 467
20 16 468
20 16 469
20 16 470
20 16 471
20 16 472
20 16 473
20 16 474
20 16 475
20 16 476
20 16 477
20 16 478
20 16 479
20 16 480
20 16 481
20 16 482
20 16 483
20 16 484
20 16 485
20 16 486
20 16 487
20 16 488
20 16 489
20 16 490
20 16 491
20 16 492
20 16 493
20 16 494
20 16 495
20 16 496
20 16 497
20 16 498
20 16 499
20 16 500
20 16 501
20 16 502
20 16 503
20 16 504
20 16 505
20 16 506
20 16 507
20 16 508
20 16 509
20 16 510
20 16 511
20 16 512
20 16 513
20 16 514
20 16 515
20 16 516
20 16 517
20 16 518
20 16 519
20 16 520
20 16 521
20 16 522
20 16 523
20 16 524
20 16 525
20 16 526
20 16 527
20 16 528
20 16 529
20 16 530
20 16 531
20 16 532
20 16 533
20 16 534
20 16 535
20 16 536
20 16 537
20 16 538
20 16 539
20 16 540
20 16 541
20 16 542
20 16 543
20 16 544
20 16 545
20 16 546
20 16 547
20 16 548
20 16 549
20 16 550
20 16 551
20 16 552
20 16 553
20 16 554
20 16 555
20 16 556
20 16 557
20 16 558
20 16 559
20 16 560
20 16 561
20 16 562
20 16 563
20 16 564
20 16 565
20 16 566
20 16 567
20 16 568
20 16 569
20 16 570
20 16 571
20 16 572
20 16 573
20 16 574
20 16 575
20 16 576
20 16 577
20 16 578
20 16 579
20 16 580
20 16 581
20 16 582
20 16 583
20 16 584
20 16 585
20 16 586
20 16 587
20 16 588
20 16 589
20 16 590
20 16 591
20 16 592
20 16 593
20 16 594
20 16 595
20 16 596
20 16 597
20 16 598
20 16 599
20 16 600
20 16 601
20 16 602
20 16 603
20 16 604
20 16 605
20 16 606
20 16 607
20 16 608
20 16 609
20 16 610
20 16 611
20 16 612
20 16 613
20 16 614
20 16 615
20 16 616
20 16 617
20 16 618
20 16 619
20 16 620
20 16 621
20 16 622
20 16 623
20 16 624
20 16 625
20 16 626
20 16 627
20 16 628
20 16 629
20 16 630
20 16 631
20 16 632
20 16 633
20 16 634
20 16 635
20 16 636
20 16 637
20 16 638
20 16 639
20 16 640
20 16 641
20 16 642
20 16 643
20 16 644
20 16 645
20 16 646
20 16 647
20 16 648
20 16 649
20 16 650
20 16 651
20 16 652
20 16 653
20 16 654
20 16 655
20 16 656
20 16 657
20 16 658
20 16 659
20 16 660
20 16 661
20 16 662
20 16 663
20 16 664
20 16 665
20 16 666
20 16 667
20 16 668
20 16 669
20 16 670
20 16 671
20 16 672
20 16 673
20 16 674
20 16 675
20 16 676
20 16 677
20 16 678
20 16 679
20 16 680
20 16 681
20 16 682
20 16 683
20 16 684
20 16 685
20 16 686
20 16 687
20 16 688
20 16 689
20 16 690
20 16 691
20 16 692
20 16 693
20 16 694
20 16 695
20 16 696
20 16 697
20 16 698
20 16 699
20 16 700
20 16 701
20 16 702
20 16 703
20 16 704
20 16 705
20 16 706
20 16 707
20 16 708
20 16 709
20 16 710
20 16 711
20 16 712
20 16 713
20 16 714
20 16 715
20 16 716
20 16 717
20 16 718
20 16 719
20 16 720
20 16 721
20 16 722
20 16 723
20 16 724
20 16 725
20 16 726
20 16 727
20 16 728
20 16 729
20 16 730
20 16 731
20 16 732
20 16 733
20 16 734
20 16 735
20 16 736
20 16 737
20 16 738
20 16 739
20 16 740
20 16 741
20 16 742
20 16 743
20 16 744
20 16 745
20 16 746
20 16 747
20 16 748
20 16 749
20 16 750
20 16 751
20 16 752
20 16 753
20 16 754
20 16 755
20 16 756
20 16 757
20 16 758
20 16 759
20 16 760
20 16 761
20 16 762
20 16 763
20 16 764
20 16 765
20 16 766
20 16 767
20 16 768
20 16 769
20 16 770
20 16 771
20 16 772
20 16 773
20 16 774
20 16 775
20 16 776
20 16 777
20 16 778
20 16 779
20 16 780
20 16 781
20 16 782
20 16 783
20 16 784
20 16 785
20 16 786
20 16 787
20 16 788
20 16 789
20 16 790
20 16 791
20 16 792
20 16 793
20 16 794
20 16 795
20 16 796
20 16 797
20 16 798
20 16 799
20 16 800
20 16 801
20 16 802
20 16 803
20 16 804
20 16 805
20 16 806
20 16 807
20 16 808
20 16 809
20 16 810
20 16 811
20 16 812
20 16 813
20 16 814
20 16 815
20 16 816
20 16 817
20 16 818
20 16 819
20 16 820
20 16 821
20 16 822
20 16 823
20 16 824
20 16 825
20 16 826
20 16 827
20 16 828
20 16 829
20 16 830
20 16 831
20 16 832
20 16 833
20 16 834
20 16 835
20 16 836
20 16 837
20 16 838
20 16 839
20 16 840
20 16 841
20 16 842
20 16 843
20 16 844
20 16 845
20 16 846
20 16 847
20 16 848
20 16 849
20 16 850
20 16 851
20 16 852
20 16 853
20 16 854
20 16 855
20 16 856
20 16 857
20 16 858
20 16 859
20 16 860
20 16 861
20 16 862
20 16 863
20 16 864
20 16 865
20 16 866
20 16 867
20 16 868
20 16 869
20 16 870
20 16 871
20 16 872
20 16 873
20 16 874
20 16 875
20 16 876
20 16 877
20 16 878
20 16 879
20 16 880
20 16 881
20 16 882
20 16 883
20 16 884
20 16 885
20 16 886
20 16 887
20 16 888
20 16 889
20 16 890
20 16 891
20 16 892
20 16 893
20 16 894
20 16 895
20 16 896
20 16 897
20 16 898
20 16 899
20 16 900
20 16 901
20 16 902
20 16 903
20 16 904
20 16 905
20 16 906
20 16 907
20 16 908
20 16 909
20 16 910
20 16 911
20 16 912
20 16 913
20 16 914
20 16 915
20 16 916
20 16 917
20 16 918
20 16 919
20 16 920
20 16 921
20 16 922
20 16 923
20 16 924
20 16 925
20 16 926
20 16 927
20 16 928
20 16 929
20 16 930
20 16 931
20 16 932
20 16 933
20 16 934
20 16 935
20 16 936
20 16 937
20 16 938
20 16 939
20 16 940
20 16 941
20 16 942
20 16 943
20 16 944
20 16 945
20 16 946
20 16 947
20 16 948
20 16 949
20 16 950
20 16 951
20 16 952
20 16 953
20 16 954
20 16 955
20 16 956
20 16 957
20 16 958
20 16 959
20 16 960
20 16 961
20 16 962
20 16 963
20 16 964
20 16 965
20 16 966
20 16 967
20 16 968
20 16 969
20 16 970
20 16 971
20 16 972
20 16 973
20 16 974
20 16 975
20 16 976
20 16 977
20 16 978
20 16 979
20 16 980
20 16 981
20 16 982
20 16 983
20 16 984
20 16 985
20 16 986
20 16 987
20 16 988
20 16 989
20 16 990
20 16 991
20 16 992
20 16 993
20 16 994
20 16 995
20 16 996
20 16 997
20 16 998
20 16 999
20 16 1000
20 16 1001
20 16 1002
20 16 1003
20 16 1004
20 16 1005
20 16 1006
20 16 1007
20 16 1008
20 16 1009
20 16 1010
20 16 1011
20 16 1012
20 16 1013
20 16 1014
20 16 1015
20 16 1016
20 16 1017
20 16 1018
20 16 1019
20 16 1020
20 16 1021
20 16 1022
20 16 1023
20 16 1024
20 16 1025
20 16 1026
20 16 1027
20 16 1028
20 16 1029
20 16 1030
20 16 1031
20 16 1032
20 16 1033
20 16 1034
20 16 1035
20 16 1036
20 16 1037
20 16 1038
20 16 1039
20 16 1040
20 16 1041
20 16 1042
20 16 1043
20 16 1044
20 16 1045
20 16 1046
20 16 1047
20 16 1048
20 16 1049
20 16 1050
20 16 1051
20 16 1052
20 16 1053
20 16 1054
20 16 1055
20 16 1056
20 16 1057
20 16 1058
20 16 1059
20 16 1060
20 16 1061
20 16 1062
20 16 1063
20 16 1064
20 16 1065
20 16 1066
20 16 1067
20 16 1068
20 16 1069
20 16 1070
20 16 1071
20 16 1072
20 16 1073
20 16 1074
20 16 1075
20 16 1076
20 16 1077
20 16 1078
20 16 1079
20 16 1080
20 16 1081
20 16 1082
20 16 1083
20 16 1084
20 16 1085
20 16 1086
20 16 1087
20 16 1088
20 16 1089
20 16 1090
20 16 1091
20 16 1092
20 16 1093
20 16 1094
20 16 1095
20 16 1096
20 16 1097
20 16 1098
20 16 1099
20 16 1100
20 16 1101
20 16 1102
20 16 1103
20 16 1104
20 16 1105
20 16 1106
20 16 1107
20 16 1108
20 16 1109
20 16 1110
20 16 1111
20 16 1112
20 16 1113
20 16 1114
20 16 1115
20 16 1116
20 16 1117
20 16 1118
20 16 1119
20 16 1120
20 16 1121
20 16 1122
20 16 1123
20 16 1124
20 16 1125
20 16 1126
20 16 1127
20 16 1128
20 16 1129
20 16 1130
20 16 1131
20 16 1132
20 16 1133
20 16 1134
20 16 1135
20 16 1136
20 16 1137
20 16 1138
20 16 1139
20 16 1140
20 16 1141
20 16 1142
20 16 1143
20 16 1144
20 16 1145
20 16 1146
20 16 1147
20 16 1148
20 16 1149
20 16 1150
20 16 1151
20 16 1152
20 16 1153
20 16 1154
20 16 1155
20 16 1156
20 16 1157
20 16 1158
20 16 1159
20 16 1160
20 16 1161
20 16 1162
20 16 1163
20 16 1164
20 16 1165
20 16 1166
20 16 1167
20 16 1168
20 16 1169
20 16 1170
20 16 1171
20 16 1172
20 16 1173
20 16 1174
20 16 1175
20 16 1176
20 16 1177
20 16 1178
20 16 1179
20 16 1180
20 16 1181
20 16 1182
20 16 1183
20 16 1184
20 16 1185
20 16 1186
20 16 1187
20 16 1188
20 16 1189
20 16 1190
20 16 1191
20 16 1192
20 16 1193
20 16 1194
20 16 1195
20 16 1196
20 16 1197
20 16 1198
20 16 1199
20 16 1200
20 16 1201
20 16 1202
20 16 1203
20 16 1204
20 16 1205
20 16 1206
20 16 1207
20 16 1208
20 16 1209
20 16 1210
20 16 1211
20 16 1212
20 16 1213
20 16 1214
20 16 1215
20 16 1216
20 16 1217
20 16 1218
20 16 1219
20 16 1220
20 16 1221
20 16 1222
20 16 1223
20 16 1224
20 16 1225
20 16 1226
20 16 1227
20 16 1228
20 16 1229
20 16 1230
20 16 1231
20 16 1232
20 16 1233
20 16 1234
20 16 1235
20 16 1236
20 16 1237
20 16 1238
20 16 1239
20 16 1240
20 16 1241
20 16 1242
20 16 1243
20 16 1244
20 16 1245
20 16 1246
20 16 1247
20 16 1248
20 16 1249
20 16 1250
20 16 1251
20 16 1252
20 16 1253
20 16 1254
20 16 1255
20 16 1256
20 16 1257
20 16 1258
20 16 1259
20 16 1260
20 16 1261
20 16 1262
20 16 1263
20 16 1264
20 16 1265
20 16 1266
20 16 1267
20 16 1268
20 16 1269
20 16 1270
20 16 1271
20 16 1272
20 16 1273
20 16 1274
20 16 1275
20 16 1276
20 16 1277
20 16 1278
20 16 1279
20 16 1280
20 16 1281
20 16 1282
20 16 1283
20 16 1284
20 16 1285
20 16 1286
20 16 1287
20 16 1288
20 16 1289
20 16 1290
20 16 1291
20 16 1292
20 16 1293
20 16 1294
20 16 1295
20 16 1296
20 16 1297
20 16 1298
20 16 1299
20 16 1300
20 16 1301
20 16 1302
20 16 1303
20 16 1304
20 16 1305
20 16 1306
20 16 1307
20 16 1308
20 16 1309
20 16 1310
20 16 1311
20 16 1312
20 16 1313
20 16 1314
20 16 1315
20 16 1316
20 16 1317
20 16 1318
20 16 1319
20 16 1320
20 16 1321
20 16 1322
20 16 1323
20 16 1324
20 16 1325
20 16 1326
20 16 1327
20 16 1328
20 16 1329
20 16 1330
20 16 1331
20 16 1332
20 16 1333
20 16 1334
20 16 1335
20 16 1336
20 16 1337
20 16 1338
20 16 1339
20 16 1340
20 16 1341
20 16 1342
20 16 1343
20 16 1344
20 16 1345
20 16 1346
20 16 1347
20 16 1348
20 16 1349
20 16 1350
20 16 1351
20 16 1352
20 16 1353
20 16 1354
20 16 1355
20 16 1356
20 16 1357
20 16 1358
20 16 1359
20 16 1360
20 16 1361
20 16 1362
20 16 1363
20 16 1364
20 16 1365
20 16 1366
20 16 1367
20 16 1368
20 16 1369
20 16 1370
20 16 1371
20 16 1372
20 16 1373
20 16 1374
20 16 1375
20 16 1376
20 16 1377
20 16 1378
20 16 1379
20 16 1380
20 16 1381
20 16 1382
20 16 1383
20 16 1384
20 16 1385
20 16 1386
20 16 1387
20 16 1388
20 16 1389
20 16 1390
20 16 1391
20 16 1392
20 16 1393
20 16 1394
20 16 1395
20 16 1396
20 16 1397
20 16 1398
20 16 1399
20 16 1400
20 16 1401
20 16 1402
20 16 1403
20 16 1404
20 16 1405
20 16 1406
20 16 1407
20 16 1408
20 16 1409
20 16 1410
20 16 1411
20 16 1412
20 16 1413
20 16 1414
20 16 1415
20 16 1416
20 16 1417
20 16 1418
20 16 1419
20 16 1420
20 16 1421
20 16 1422
20 16 1423
20 16 1424
20 16 1425
20 16 1426
20 16 1427
20 16 1428
20 16 1429
20 16 1430
20 16 1431
20 16 1432
20 16 1433
20 16 1434
20 16 1435
20 16 1436
20 16 1437
20 16 1438
20 16 1439
20 16 1440
20 16 1441
20 16 1442
20 16 1443
20 16 1444
20 16 1445
20 16 1446
20 16 1447
20 16 1448
20 16 1449
20 16 1450
20 16 1451
20 16 1452
20 16 1453
20 16 1454
20 16 1455
20 16 1456
20 16 1457
20 16 1458
20 16 1459
20 16 1460
20 16 1461
20 16 1462
20 16 1463
20 16 1464
20 16 1465
20 16 1466
20 16 1467
20 16 1468
20 16 1469
20 16 1470
20 16 1471
20 16 1472
20 16 1473
20 16 1474
20 16 1475
20 16 1476
20 16 1477
20 16 1478
20 16 1479
20 16 1480
20 16 1481
20 16 1482
20 16 1483
20 16 1484
20 16 1485
20 16 1486
20 16 1487
20 16 1488
20 16 1489
20 16 1490
20 16 1491
20 16 1492
20 16 1493
20 16 1494
20 16 1495
20 16 1496
20 16 1497
20 16 1498
20 16 1499
20 16 1500
20 16 1501
20 16 1502
20 16 1503
20 16 1504
20 16 1505
20 16 1506
20 16 1507
20 16 1508
20 16 1509
20 16 1510
20 16 1511
20 16 1512
20 16 1513
20 16 1514
20 16 1515
20 16 1516
20 16 1517
20 16 1518
20 16 1519
20 16 1520
20 16 1521
20 16 1522
20 16 1523
20 16 1524
20 16 1525
20 16 1526
20 16 1527
20 16 1528
20 16 1529
20 16 1530
20 16 1531
20 16 1532
20 16 1533
20 16 1534
20 16 1535
20 16 1536
20 16 1537
20 16 1538
20 16 1539
20 16 1540
20 16 1541
20 16 1542
20 16 1543
20 16 1544
20 16 1545
20 16 1546
20 16 1547
20 16 1548
20 16 1549
20 16 1550
20 16 1551
20 16 1552
20 16 1553
20 16 1554
20 16 1555
20 16 1556
20 16 1557
20 16 1558
20 16 1559
20 16 1560
20 16 1561
20 16 1562
20 16 1563
20 16 1564
20 16 1565
20 16 1566
20 16 1567
20 16 1568
20 16 1569
20 16 1570
20 16 1571
20 16 1572
20 16 1573
20 16 1574
20 16 1575
20 16 1576
20 16 1577
20 16 1578
20 16 1579
20 16 1580
20 16 1581
20 16 1582
20 16 1583
20 16 1584
20 16 1585
20 16 1586
20 16 1587
20 16 1588
20 16 1589
20 16 1590
20 16 1591
20 16 1592
20 16 1593
20 16 1594
20 16 1595
20 16 1596
20 16 1597
20 16 1598
20 16 1599
20 16 1600
20 16 1601
20 16 1602
20 16 1603
20 16 1604
20 16 1605
20 16 1606
20 16 1607
20 16 1608
20 16 1609
20 16 1610
20 16 1611
20 16 1612
20 16 1613
20 16 1614
20 16 1615
20 16 1616
20 16 1617
20 16 1618
20 16 1619
20 16 1620
20 16 1621
20 16 1622
20 16 1623
20 16 1624
20 16 1625
20 16 1626
20 16 1627
20 16 1628
20 16 1629
20 16 1630
20 16 1631
20 16 1632
20 16 1633
20 16 1634
20 16 1635
20 16 1636
20 16 1637
20 16 1638
20 16 1639
20 16 1640
20 16 1641
20 16 1642
20 16 1643
20 16 1644
20 16 1645
20 16 1646
20 16 1647
20 16 1648
20 16 1649
20 16 1650
20 16 1651
20 16 1652
20 16 1653
20 16 1654
20 16 1655
20 16 1656
20 16 1657
20 16 1658
20 16 1659
20 16 1660
20 16 1661
20 16 1662
20 16 1663
20 16 1664
20 16 1665
20 16 1666
20 16 1667
20 16 1668
20 16 1669
20 16 1670
20 16 1671
20 16 1672
20 16 1673
20 16 1674
20 16 1675
20 16 1676
20 16 1677
20 16 1678
20 16 1679
20 16 1680
20 16 1681
20 16 1682
20 16 1683
20 16 1684
20 16 1685
20 16 1686
20 16 1687
20 16 1688
20 16 1689
20 16 1690
20 16 1691
20 16 1692
20 16 1693
20 16 1694
20 16 1695
20 16 1696
20 16 1697
20 16 1698
20 16 1699
20 16 1700
20 16 1701
20 16 1702
20 16 1703
20 16 1704
20 16 1705
20 16 1706
20 16 1707
20 16 1708
20 16 1709
20 16 1710
20 16 1711
20 16 1712
20 16 1713
20 16 1714
20 16 1715
20 16 1716
20 16 1717
20 16 1718
20 16 1719
20 16 1720
20 16 1721
20 16 1722
20 16 1723
20 16 1724
20 16 1725
20 16 1726
20 16 1727
20 16 1728
20 16 1729
20 16 1730
20 16 1731
20 16 1732
20 16 1733
20 16 1734
20 16 1735
20 16 1736
20 16 1737
20 16 1738
20 16 1739
20 16 1740
20 16 1741
20 16 1742
20 16 1743
20 16 1744
20 16 1745
20 16 1746
20 16 1747
20 16 1748
20 16 1749
20 16 1750
20 16 1751
20 16 1752
20 16 1753
20 16 1754
20 16 1755
20 16 1756
20 16 1757
20 16 1758
20 16 1759
20 16 1760
20 16 1761
20 16 1762
20 16 1763
20 16 1764
20 16 1765
20 16 1766
20 16 1767
20 16 1768
20 16 1769
20 16 1770
20 16 1771
20 16 1772
20 16 1773
20 16 1774
20 16 1775
20 16 1776
20 16 1777
20 16 1778
20 16 1779
20 16 1780
20 16 1781
20 16 1782
20 16 1783
20 16 1784
20 16 1785
20 16 1786
20 16 1787
20 16 1788
20 16 1789
20 16 1790
20 16 1791
20 16 1792
20 16 1793
20 16 1794
20 16 1795
20 16 1796
20 16 1797
20 16 1798
20 16 1799
20 16 1800
20 16 1801
20 16 1802
20 16 1803
20 16 1804
20 16 1805
20 16 1806
20 16 1807
20 16 1808
20 16 1809
20 16 1810
20 16 1811
20 16 1812
20 16 1813
20 16 1814
20 16 1815
20 16 1816
20 16 1817
20 16 1818
20 16 1819
20 16 1820
20 16 1821
20 16 1822
20 16 1823
20 16 1824
20 16 1825
20 16 1826
20 16 1827
20 16 1828
20 16 1829
20 16 1830
20 16 1831
20 16 1832
20 16 1833
20 16 1834
20 16 1835
20 16 1836
20 16 1837
20 16 1838
20 16 1839
20 16 1840
20 16 1841
20 16 1842
20 16 1843
20 16 1844
20 16 1845
20 16 1846
20 16 1847
20 16 1848
20 16 1849
20 16 1850
20 16 1851
20 16 1852
20 16 1853
20 16 1854
20 16 1855
20 16 1856
20 16 1857
20 16 1858
20 16 1859
20 16 1860
20 16 1861
20 16 1862
20 16 1863
20 16 1864
20 16 1865
20 16 1866
20 16 1867
20 16 1868
20 16 1869
20 16 1870
20 16 1871
20 16 1872
20 16 1873
20 16 1874
20 16 1875
20 16 1876
20 16 1877
20 16 1878
20 16 1879
20 16 1880
20 16 1881
20 16 1882
20 16 1883
20 16 1884
20 16 1885
20 16 1886
20 16 1887
20 16 1888
20 16 1889
20 16 1890
20 16 1891
20 16 1892
20 16 1893
20 16 1894
20 16 1895
20 16 1896
20 16 1897
20 16 1898
20 16 1899
20 16 1900
20 16 1901
20 16 1902
20 16 1903
20 16 1904
20 16 1905
20 16 1906
20 16 1907
20 16 1908
20 16 1909
20 16 1910
20 16 1911
20 16 1912
20 16 1913
20 16 1914
20 16 1915
20 16 1916
20 16 1917
20 16 1918
20 16 1919
20 16 1920
20 16 1921
20 16 1922
20 16 1923
20 16 1924
20 16 1925
20 16 1926
20 16 1927
20 16 1928
20 16 1929
20 16 1930
20 16 1931
20 16 1932
20 16 1933
20 16 1934
20 16 1935
20 16 1936
20 16 1937
20 16 1938
20 16 1939
20 16 1940
20 16 1941
20 16 1942
20 16 1943
20 16 1944
20 16 1945
20 16 1946
20 16 1947
20 16 1948
20 16 1949
20 16 1950
20 16 1951
20 16 1952
20 16 1953
20 16 1954
20 16 1955
20 16 1956
20 16 1957
20 16 1958
20 16 1959
20 16 1960
20 16 1961
20 16 1962
20 16 1963
20 16 1964
20 16 1965
20 16 1966
20 16 1967
20 16 1968
20 16 1969
20 16 1970
20 16 1971
20 16 1972
20 16 1973
20 16 1974
20 16 1975
20 16 1976
20 16 1977
20 16 1978
20 16 1979
20 16 1980
20 16 1981
20 16 1982
20 16 1983
20 16 1984
20 16 1985
20 16 1986
20 16 1987
20 16 1988
20 16 1989
20 16 1990
20 16 1991
20 16 1992
20 16 1993
20 16 1994
20 16 1995
20 16 1996
20 16 1997
20 16 1998
20 16 1999
20 16 2000
20 16 2001
20 16 2002
20 16 2003
20 16 2004
20 16 2005
20 16 2006
20 16 2007
20 16 2008
20 16 2009
20 16 2010
20 16 2011
20 16 2012
20 16 2013
20 16 2014
20 16 2015
20 16 2016
20 16 2017
20 16 2018
20 16 2019
20 16 2020
20 16 2021
20 16 2022
20 16 2023
20 16 2024
20 16 2025
20 16 2026
20 16 2027
20 16 2028
20 16 2029
20 16 2030
20 16 2031
20 16 2032
20 16 2033
20 16 2034
20 16 2035
20 16 2036
20 16 2037
20 16 2038
20 16 2039
20 16 2040
20 16 2041
20 16 2042
20 16 2043
20 16 2044
20 16 2045
20 16 2046
20 16 2047
20 16 2048
20 16 2049
20 16 2050
20 16 2051
20 16 2052
20 16 2053
20 16 2054
20 16 2055
20 16 2056
20 16 2057
20 16 2058
20 16 2059
20 16 2060
20 16 2061
20 16 2062
20 16 2063
20 16 2064
20 16 2065
20 16 2066
20 16 2067
20 16 2068
20 16 2069
20 16 2070
20 16 2071
20 16 2072
20 16 2073
20 16 2074
20 16 2075
20 16 2076
20 16 2077
20 16 2078
20 16 2079
20 16 2080
20 16 2081
20 16 2082
20 16 2083
20 16 2084
20 16 2085
20 16 2086
20 16 2087
20 16 2088
20 16 2089
20 16 2090
20 16 2091
20 16 2092
20 16 2093
20 16 2094
20 16 2095
20 16 2096
20 16 2097
20 16 2098
20 16 2099
20 16 2100
20 16 2101
20 16 2102
20 16 2103
20 16 2104
20 16 2105
20 16 2106
20 16 2107
20 16 2108
20 16 2109
20 16 2110
20 16 2111
20 16 2112
20 16 2113
20 16 2114
20 16 2115
20 16 2116
20 16 2117
20 16 2118
20 16 2119
20 16 2120
20 16 2121
20 16 2122
20 16 2123
20 16 2124
20 16 2125
20 16 2126
20 16 2127
20 16 2128
20 16 2129
20 16 2130
20 16 2131
20 16 2132
20 16 2133
20 16 2134
20 16 2135
20 16 2136
20 16 2137
20 16 2138
20 16 2139
20 16 2140
20 16 2141
20 16 2142
20 16 2143
20 16 2144
20 16 2145
20 16 2146
20 16 2147
20 16 2148
20 16 2149
20 16 2150
20 16 2151
20 16 2152
20 16 2153
20 16 2154
20 16 2155
20 16 2156
20 16 2157
20 16 2158
20 16 2159
20 16 2160
20 16 2161
20 16 2162
20 16 2163
20 16 2164
20 16 2165
20 16 2166
20 16 2167
20 16 2168
20 16 2169
20 16 2170
20 16 2171
20 16 2172
20 16 2173
20 16 2174
20 16 2175
20 16 2176
20 16 2177
20 16 2178
20 16 2179
20 16 2180
20 16 2181
20 16 2182
20 16 2183
20 16 2184
20 16 2185
20 16 2186
20 16 2187
20 16 2188
20 16 2189
20 16 2190
20 16 2191
20 16 2192
20 16 2193
20 16 2194
20 16 2195
20 16 2196
20 16 2197
20 16 2198
20 16 2199
20 16 2200
20 16 2201
20 16 2202
20 16 2203
20 16 2204
20 16 2205
20 16 2206
20 16 2207
20 16 2208
20 16 2209
20 16 2210
20 16 2211
20 16 2212
20 16 2213
20 16 2214
20 16 2215
20 16 2216
20 16 2217
20 16 2218
20 16 2219
20 16 2220
20 16 2221
20 16 2222
20 16 2223
20 16 2224
20 16 2225
20 16 2226
20 16 2227
20 16 2228
20 16 2229
20 16 2230
20 16 2231
20 16 2232
20 16 2233
20 16 2234
20 16 2235
20 16 2236
20 16 2237
20 16 2238
20 16 2239
20 16 2240
20 16 2241
20 16 2242
20 16 2243
20 16 2244
20 16 2245
20 16 2246
20 16 2247
20 16 2248
20 16 2249
20 16 2250
20 16 2251
20 16 2252
20 16 2253
20 16 2254
20 16 2255
20 16 2256
20 16 2257
20 16 2258
20 16 2259
20 16 2260
20 16 2261
20 16 2262
20 16 2263
20 16 2264
20 16 2265
20 16 2266
20 16 2267
20 16 2268
20 16 2269
20 16 2270
20 16 2271
20 16 2272
20 16 2273
20 16 2274
20 16 2275
20 16 2276
20 16 2277
20 16 2278
20 16 2279
20 16 2280
20 16 2281
20 16 2282
20 16 2283
20 16 2284
20 16 2285
20 16 2286
20 16 2287
20 16 2288
20 16 2289
20 16 2290
20 16 2291
20 16 2292
20 16 2293
20 16 2294
20 16 2295
20 16 2296
20 16 2297
20 16 2298
20 16 2299
20 16 2300
20 16 2301
20 16 2302
20 16 2303
20 16 2304
20 16 2305
20 16 2306
20 16 2307
20 16 2308
20 16 2309
20 16 2310
20 16 2311
20 16 2312
20 16 2313
20 16 2314
20 16 2315
20 16 2316
20 16 2317
20 16 2318
20 16 2319
20 16 2320
20 16 2321
20 16 2322
20 16 2323
20 16 2324
20 16 2325
20 16 2326
20 16 2327
20 16 2328
20 16 2329
20 16 2330
20 16 2331
20 16 2332
20 16 2333
20 16 2334
20 16 2335
20 16 2336
20 16 2337
20 16 2338
20 16 2339
20 16 2340
20 16 2341
20 16 2342
20 16 2343
20 16 2344
20 16 2345
20 16 2346
20 16 2347
20 16 2348
20 16 2349
20 16 2350
20 16 2351
20 16 2352
20 16 2353
20 16 2354
20 16 2355
20 16 2356
20 16 2357
20 16 2358
20 16 2359
20 16 2360
20 16 2361
20 16 2362
20 16 2363
20 16 2364
20 16 2365
20 16 2366
20 16 2367
20 16 2368
20 16 2369
20 16 2370
20 16 2371
20 16 2372
20 16 2373
20 16 2374
20 16 2375
20 16 2376
20 16 2377
20 16 2378
20 16 2379
20 16 2380
20 16 2381
20 16 2382
20 16 2383
20 16 2384
20 16 2385
20 16 2386
20 16 2387
20 16 2388
20 16 2389
20 16 2390
20 16 2391
20 16 2392
20 16 2393
20 16 2394
20 16 2395
20 16 2396
20 16 2397
20 16 2398
20 16 2399
20 16 2400
20 16 2401
20 16 2402
20 16 2403
20 16 2404
20 16 2405
20 16 2406
20 16 2407
20 16 2408
20 16 2409
20 16 2410
20 16 2411
20 16 2412
20 16 2413
20 16 2414
20 16 2415
20 16 2416
20 16 2417
20 16 2418
20 16 2419
20 16 2420
20 16 2421
20 16 2422
20 16 2423
20 16 2424
20 16 2425
20 16 2426
20 16 2427
20 16 2428
20 16 2429
20 16 2430
20 16 2431
20 16 2432
20 16 2433
20 16 2434
20 16 2435
20 16 2436
20 16 2437
20 16 2438
20 16 2439
20 16 2440
20 16 2441
20 16 2442
20 16 2443
20 16 2444
20 16 2445
20 16 2446
20 16 2447
20 16 2448
20 16 2449
20 16 2450
20 16 2451
20 16 2452
20 16 2453
20 16 2454
20 16 2455
20 16 2456
20 16 2457
