20 13 1
20 13 2
20 13 3
20 13 4
20 13 5
20 13 6
20 13 7
20 13 8
20 13 9
20 13 10
20 13 11
20 13 12
20 13 13
20 13 14
20 13 15
20 13 16
20 13 17
20 13 18
20 13 19
20 13 20
20 13 21
20 13 22
20 13 23
20 13 24
20 13 25
20 13 26
20 13 27
20 13 28
20 13 29
20 13 30
20 13 31
20 13 32
20 13 33
20 13 34
20 13 35
20 13 36
20 13 37
20 13 38
20 13 39
20 13 40
20 13 41
20 13 42
20 13 43
20 13 44
20 13 45
20 13 46
20 13 47
20 13 48
20 13 49
20 13 50
20 13 51
20 13 52
20 13 53
20 13 54
20 13 55
20 13 56
20 13 57
20 13 58
20 13 59
20 13 60
20 13 61
20 13 62
20 13 63
20 13 64
20 13 65
20 13 66
20 13 67
20 13 68
20 13 69
20 13 70
20 13 71
20 13 72
20 13 73
20 13 74
20 13 75
20 13 76
20 13 77
20 13 78
20 13 79
20 13 80
20 13 81
20 13 82
20 13 83
20 13 84
20 13 85
20 13 86
20 13 87
20 13 88
20 13 89
20 13 90
20 13 91
20 13 92
20 13 93
20 13 94
20 13 95
20 13 96
20 13 97
20 13 98
20 13 99
20 13 100
20 13 101
20 13 102
20 13 103
20 13 104
20 13 105
20 13 106
20 13 107
20 13 108
20 13 109
20 13 110
20 13 111
20 13 112
20 13 113
20 13 114
20 13 115
20 13 116
20 13 117
20 13 118
20 13 119
20 13 120
20 13 121
20 13 122
20 13 123
20 13 124
20 13 125
20 13 126
20 13 127
20 13 128
20 13 129
20 13 130
20 13 131
20 13 132
20 13 133
20 13 134
20 13 135
20 13 136
20 13 137
20 13 138
20 13 139
20 13 140
20 13 141
20 13 142
20 13 143
20 13 144
20 13 145
20 13 146
20 13 147
20 13 148
20 13 149
20 13 150
20 13 151
20 13 152
20 13 153
20 13 154
20 13 155
20 13 156
20 13 157
20 13 158
20 13 159
20 13 160
20 13 161
20 13 162
20 13 163
20 13 164
20 13 165
20 13 166
20 13 167
20 13 168
20 13 169
20 13 170
20 13 171
20 13 172
20 13 173
20 13 174
20 13 175
20 13 176
20 13 177
20 13 178
20 13 179
20 13 180
20 13 181
20 13 182
20 13 183
20 13 184
20 13 185
20 13 186
20 13 187
20 13 188
20 13 189
20 13 190
20 13 191
20 13 192
20 13 193
20 13 194
20 13 195
20 13 196
20 13 197
20 13 198
20 13 199
20 13 200
20 13 201
20 13 202
20 13 203
20 13 204
20 13 205
20 13 206
20 13 207
20 13 208
20 13 209
20 13 210
20 13 211
20 13 212
20 13 213
20 13 214
20 13 215
20 13 216
20 13 217
20 13 218
20 13 219
20 13 220
20 13 221
20 13 222
20 13 223
20 13 224
20 13 225
20 13 226
20 13 227
20 13 228
20 13 229
20 13 230
20 13 231
20 13 232
20 13 233
20 13 234
20 13 235
20 13 236
20 13 237
20 13 238
20 13 239
20 13 240
20 13 241
20 13 242
20 13 243
20 13 244
20 13 245
20 13 246
20 13 247
20 13 248
20 13 249
20 13 250
20 13 251
20 13 252
20 13 253
20 13 254
20 13 255
20 13 256
20 13 257
20 13 258
20 13 259
20 13 260
20 13 261
20 13 262
20 13 263
20 13 264
20 13 265
20 13 266
20 13 267
20 13 268
20 13 269
20 13 270
20 13 271
20 13 272
20 13 273
20 13 274
20 13 275
20 13 276
20 13 277
20 13 278
20 13 279
20 13 280
20 13 281
20 13 282
20 13 283
20 13 284
20 13 285
20 13 286
20 13 287
20 13 288
20 13 289
20 13 290
20 13 291
20 13 292
20 13 293
20 13 294
20 13 295
20 13 296
20 13 297
20 13 298
20 13 299
20 13 300
20 13 301
20 13 302
20 13 303
20 13 304
20 13 305
20 13 306
20 13 307
20 13 308
20 13 309
20 13 310
20 13 311
20 13 312
20 13 313
20 13 314
20 13 315
20 13 316
20 13 317
20 13 318
20 13 319
20 13 320
20 13 321
20 13 322
20 13 323
20 13 324
20 13 325
20 13 326
20 13 327
20 13 328
20 13 329
20 13 330
20 13 331
20 13 332
20 13 333
20 13 334
20 13 335
20 13 336
20 13 337
20 13 338
20 13 339
20 13 340
20 13 341
20 13 342
20 13 343
20 13 344
20 13 345
20 13 346
20 13 347
20 13 348
20 13 349
20 13 350
20 13 351
20 13 352
20 13 353
20 13 354
20 13 355
20 13 356
20 13 357
20 13 358
20 13 359
20 13 360
20 13 361
20 13 362
20 13 363
20 13 364
20 13 365
20 13 366
20 13 367
20 13 368
20 13 369
20 13 370
20 13 371
20 13 372
20 13 373
20 13 374
20 13 375
20 13 376
20 13 377
20 13 378
20 13 379
20 13 380
20 13 381
20 13 382
20 13 383
20 13 384
20 13 385
20 13 386
20 13 387
20 13 388
20 13 389
20 13 390
20 13 391
20 13 392
20 13 393
20 13 394
20 13 395
20 13 396
20 13 397
20 13 398
20 13 399
20 13 400
20 13 401
20 13 402
20 13 403
20 13 404
20 13 405
20 13 406
20 13 407
20 13 408
20 13 409
20 13 410
20 13 411
20 13 412
20 13 413
20 13 414
20 13 415
20 13 416
20 13 417
20 13 418
20 13 419
20 13 420
20 13 421
20 13 422
20 13 423
20 13 424
20 13 425
20 13 426
20 13 427
20 13 428
20 13 429
20 13 430
20 13 431
20 13 432
20 13 433
20 13 434
20 13 435
20 13 436
20 13 437
20 13 438
20 13 439
20 13 440
20 13 441
20 13 442
20 13 443
20 13 444
20 13 445
20 13 446
20 13 447
20 13 448
20 13 449
20 13 450
20 13 451
20 13 452
20 13 453
20 13 454
20 13 455
20 13 456
20 13 457
20 13 458
20 13 459
20 13 460
20 13 461
20 13 462
20 13 463
20 13 464
20 13 465
20 13 466
20 13 467
20 13 468
20 13 469
20 13 470
20 13 471
20 13 472
20 13 473
20 13 474
20 13 475
20 13 476
20 13 477
20 13 478
20 13 479
20 13 480
20 13 481
20 13 482
20 13 483
20 13 484
20 13 485
20 13 486
20 13 487
20 13 488
20 13 489
20 13 490
20 13 491
20 13 492
20 13 493
20 13 494
20 13 495
20 13 496
20 13 497
20 13 498
20 13 499
20 13 500
20 13 501
20 13 502
20 13 503
20 13 504
20 13 505
20 13 506
20 13 507
20 13 508
20 13 509
20 13 510
20 13 511
20 13 512
20 13 513
20 13 514
20 13 515
20 13 516
20 13 517
20 13 518
20 13 519
20 13 520
20 13 521
20 13 522
20 13 523
20 13 524
20 13 525
20 13 526
20 13 527
20 13 528
20 13 529
20 13 530
20 13 531
20 13 532
20 13 533
20 13 534
20 13 535
20 13 536
20 13 537
20 13 538
20 13 539
20 13 540
20 13 541
20 13 542
20 13 543
20 13 544
20 13 545
20 13 546
20 13 547
20 13 548
20 13 549
20 13 550
20 13 551
20 13 552
20 13 553
20 13 554
20 13 555
20 13 556
20 13 557
20 13 558
20 13 559
20 13 560
20 13 561
20 13 562
20 13 563
20 13 564
20 13 565
20 13 566
20 13 567
20 13 568
20 13 569
20 13 570
20 13 571
20 13 572
20 13 573
20 13 574
20 13 575
20 13 576
20 13 577
20 13 578
20 13 579
20 13 580
20 13 581
20 13 582
20 13 583
20 13 584
20 13 585
20 13 586
20 13 587
20 13 588
20 13 589
20 13 590
20 13 591
20 13 592
20 13 593
20 13 594
20 13 595
20 13 596
20 13 597
20 13 598
20 13 599
20 13 600
20 13 601
20 13 602
20 13 603
20 13 604
20 13 605
20 13 606
20 13 607
20 13 608
20 13 609
20 13 610
20 13 611
20 13 612
20 13 613
20 13 614
20 13 615
20 13 616
20 13 617
20 13 618
20 13 619
20 13 620
20 13 621
20 13 622
20 13 623
20 13 624
20 13 625
20 13 626
20 13 627
20 13 628
20 13 629
20 13 630
20 13 631
20 13 632
20 13 633
20 13 634
20 13 635
20 13 636
20 13 637
20 13 638
20 13 639
20 13 640
20 13 641
20 13 642
20 13 643
20 13 644
20 13 645
20 13 646
20 13 647
20 13 648
20 13 649
20 13 650
20 13 651
20 13 652
20 13 653
20 13 654
20 13 655
20 13 656
20 13 657
20 13 658
20 13 659
20 13 660
20 13 661
20 13 662
20 13 663
20 13 664
20 13 665
20 13 666
20 13 667
20 13 668
20 13 669
20 13 670
20 13 671
20 13 672
20 13 673
20 13 674
20 13 675
20 13 676
20 13 677
20 13 678
20 13 679
20 13 680
20 13 681
20 13 682
20 13 683
20 13 684
20 13 685
20 13 686
20 13 687
20 13 688
20 13 689
20 13 690
20 13 691
20 13 692
20 13 693
20 13 694
20 13 695
20 13 696
20 13 697
20 13 698
20 13 699
20 13 700
20 13 701
20 13 702
20 13 703
20 13 704
20 13 705
20 13 706
20 13 707
20 13 708
20 13 709
20 13 710
20 13 711
20 13 712
20 13 713
20 13 714
20 13 715
20 13 716
20 13 717
20 13 718
20 13 719
20 13 720
20 13 721
20 13 722
20 13 723
20 13 724
20 13 725
20 13 726
20 13 727
20 13 728
20 13 729
20 13 730
20 13 731
20 13 732
20 13 733
20 13 734
20 13 735
20 13 736
20 13 737
20 13 738
20 13 739
20 13 740
20 13 741
20 13 742
20 13 743
20 13 744
20 13 745
20 13 746
20 13 747
20 13 748
20 13 749
20 13 750
20 13 751
20 13 752
20 13 753
20 13 754
20 13 755
20 13 756
20 13 757
20 13 758
20 13 759
20 13 760
20 13 761
20 13 762
20 13 763
20 13 764
20 13 765
20 13 766
20 13 767
20 13 768
20 13 769
20 13 770
20 13 771
20 13 772
20 13 773
20 13 774
20 13 775
20 13 776
20 13 777
20 13 778
20 13 779
20 13 780
20 13 781
20 13 782
20 13 783
20 13 784
20 13 785
20 13 786
20 13 787
20 13 788
20 13 789
20 13 790
20 13 791
20 13 792
20 13 793
20 13 794
20 13 795
20 13 796
20 13 797
20 13 798
20 13 799
20 13 800
20 13 801
20 13 802
20 13 803
20 13 804
20 13 805
20 13 806
20 13 807
20 13 808
20 13 809
20 13 810
20 13 811
20 13 812
20 13 813
20 13 814
20 13 815
20 13 816
20 13 817
20 13 818
20 13 819
20 13 820
20 13 821
20 13 822
20 13 823
20 13 824
20 13 825
20 13 826
20 13 827
20 13 828
20 13 829
20 13 830
20 13 831
20 13 832
20 13 833
20 13 834
20 13 835
20 13 836
20 13 837
20 13 838
20 13 839
20 13 840
20 13 841
20 13 842
20 13 843
20 13 844
20 13 845
20 13 846
20 13 847
20 13 848
20 13 849
20 13 850
20 13 851
20 13 852
20 13 853
20 13 854
20 13 855
20 13 856
20 13 857
20 13 858
20 13 859
20 13 860
20 13 861
20 13 862
20 13 863
20 13 864
20 13 865
20 13 866
20 13 867
20 13 868
20 13 869
20 13 870
20 13 871
20 13 872
20 13 873
20 13 874
20 13 875
20 13 876
20 13 877
20 13 878
20 13 879
20 13 880
20 13 881
20 13 882
20 13 883
20 13 884
20 13 885
20 13 886
20 13 887
20 13 888
20 13 889
20 13 890
20 13 891
20 13 892
20 13 893
20 13 894
20 13 895
20 13 896
20 13 897
20 13 898
20 13 899
20 13 900
20 13 901
20 13 902
20 13 903
20 13 904
20 13 905
20 13 906
20 13 907
20 13 908
20 13 909
20 13 910
20 13 911
20 13 912
20 13 913
20 13 914
20 13 915
20 13 916
20 13 917
20 13 918
20 13 919
20 13 920
20 13 921
20 13 922
20 13 923
20 13 924
20 13 925
20 13 926
20 13 927
20 13 928
20 13 929
20 13 930
20 13 931
20 13 932
20 13 933
20 13 934
20 13 935
20 13 936
20 13 937
20 13 938
20 13 939
20 13 940
20 13 941
20 13 942
20 13 943
20 13 944
20 13 945
20 13 946
20 13 947
20 13 948
20 13 949
20 13 950
20 13 951
20 13 952
20 13 953
20 13 954
20 13 955
20 13 956
20 13 957
20 13 958
20 13 959
20 13 960
20 13 961
20 13 962
20 13 963
20 13 964
20 13 965
20 13 966
20 13 967
20 13 968
20 13 969
20 13 970
20 13 971
20 13 972
20 13 973
20 13 974
20 13 975
20 13 976
20 13 977
20 13 978
20 13 979
20 13 980
20 13 981
20 13 982
20 13 983
20 13 984
20 13 985
20 13 986
20 13 987
20 13 988
20 13 989
20 13 990
20 13 991
20 13 992
20 13 993
20 13 994
20 13 995
20 13 996
20 13 997
20 13 998
20 13 999
20 13 1000
20 13 1001
20 13 1002
20 13 1003
20 13 1004
20 13 1005
20 13 1006
20 13 1007
20 13 1008
20 13 1009
20 13 1010
20 13 1011
20 13 1012
20 13 1013
20 13 1014
20 13 1015
20 13 1016
20 13 1017
20 13 1018
20 13 1019
20 13 1020
20 13 1021
20 13 1022
20 13 1023
20 13 1024
20 13 1025
20 13 1026
20 13 1027
20 13 1028
20 13 1029
20 13 1030
20 13 1031
20 13 1032
20 13 1033
20 13 1034
20 13 1035
20 13 1036
20 13 1037
20 13 1038
20 13 1039
20 13 1040
20 13 1041
20 13 1042
20 13 1043
20 13 1044
20 13 1045
20 13 1046
20 13 1047
20 13 1048
20 13 1049
20 13 1050
20 13 1051
20 13 1052
20 13 1053
20 13 1054
20 13 1055
20 13 1056
20 13 1057
20 13 1058
20 13 1059
20 13 1060
20 13 1061
20 13 1062
20 13 1063
20 13 1064
20 13 1065
20 13 1066
20 13 1067
20 13 1068
20 13 1069
20 13 1070
20 13 1071
20 13 1072
20 13 1073
20 13 1074
20 13 1075
20 13 1076
20 13 1077
20 13 1078
20 13 1079
20 13 1080
20 13 1081
20 13 1082
20 13 1083
20 13 1084
20 13 1085
20 13 1086
20 13 1087
20 13 1088
20 13 1089
20 13 1090
20 13 1091
20 13 1092
20 13 1093
20 13 1094
20 13 1095
20 13 1096
20 13 1097
20 13 1098
20 13 1099
20 13 1100
20 13 1101
20 13 1102
20 13 1103
20 13 1104
20 13 1105
20 13 1106
20 13 1107
20 13 1108
20 13 1109
20 13 1110
20 13 1111
20 13 1112
20 13 1113
20 13 1114
20 13 1115
20 13 1116
20 13 1117
20 13 1118
20 13 1119
20 13 1120
20 13 1121
20 13 1122
20 13 1123
20 13 1124
20 13 1125
20 13 1126
20 13 1127
20 13 1128
20 13 1129
20 13 1130
20 13 1131
20 13 1132
20 13 1133
20 13 1134
20 13 1135
20 13 1136
20 13 1137
20 13 1138
20 13 1139
20 13 1140
20 13 1141
20 13 1142
20 13 1143
20 13 1144
20 13 1145
20 13 1146
20 13 1147
20 13 1148
20 13 1149
20 13 1150
20 13 1151
20 13 1152
20 13 1153
20 13 1154
20 13 1155
20 13 1156
20 13 1157
20 13 1158
20 13 1159
20 13 1160
20 13 1161
20 13 1162
20 13 1163
20 13 1164
20 13 1165
20 13 1166
20 13 1167
20 13 1168
20 13 1169
20 13 1170
20 13 1171
20 13 1172
20 13 1173
20 13 1174
20 13 1175
20 13 1176
20 13 1177
20 13 1178
20 13 1179
20 13 1180
20 13 1181
20 13 1182
20 13 1183
20 13 1184
20 13 1185
20 13 1186
20 13 1187
20 13 1188
20 13 1189
20 13 1190
20 13 1191
20 13 1192
20 13 1193
20 13 1194
20 13 1195
20 13 1196
20 13 1197
20 13 1198
20 13 1199
20 13 1200
20 13 1201
20 13 1202
20 13 1203
20 13 1204
20 13 1205
20 13 1206
20 13 1207
20 13 1208
20 13 1209
20 13 1210
20 13 1211
20 13 1212
20 13 1213
20 13 1214
20 13 1215
20 13 1216
20 13 1217
20 13 1218
20 13 1219
20 13 1220
20 13 1221
20 13 1222
20 13 1223
20 13 1224
20 13 1225
20 13 1226
20 13 1227
20 13 1228
20 13 1229
20 13 1230
20 13 1231
20 13 1232
20 13 1233
20 13 1234
20 13 1235
20 13 1236
20 13 1237
20 13 1238
20 13 1239
20 13 1240
20 13 1241
20 13 1242
20 13 1243
20 13 1244
20 13 1245
20 13 1246
20 13 1247
20 13 1248
20 13 1249
20 13 1250
20 13 1251
20 13 1252
20 13 1253
20 13 1254
20 13 1255
20 13 1256
20 13 1257
20 13 1258
20 13 1259
20 13 1260
20 13 1261
20 13 1262
20 13 1263
20 13 1264
20 13 1265
20 13 1266
20 13 1267
20 13 1268
20 13 1269
20 13 1270
20 13 1271
20 13 1272
20 13 1273
20 13 1274
20 13 1275
20 13 1276
20 13 1277
20 13 1278
20 13 1279
20 13 1280
20 13 1281
20 13 1282
20 13 1283
20 13 1284
20 13 1285
20 13 1286
20 13 1287
20 13 1288
20 13 1289
20 13 1290
20 13 1291
20 13 1292
20 13 1293
20 13 1294
20 13 1295
20 13 1296
20 13 1297
20 13 1298
20 13 1299
20 13 1300
20 13 1301
20 13 1302
20 13 1303
20 13 1304
20 13 1305
20 13 1306
20 13 1307
20 13 1308
20 13 1309
20 13 1310
20 13 1311
20 13 1312
20 13 1313
20 13 1314
20 13 1315
20 13 1316
20 13 1317
20 13 1318
20 13 1319
20 13 1320
20 13 1321
20 13 1322
20 13 1323
20 13 1324
20 13 1325
20 13 1326
20 13 1327
20 13 1328
20 13 1329
20 13 1330
20 13 1331
20 13 1332
20 13 1333
20 13 1334
20 13 1335
20 13 1336
20 13 1337
20 13 1338
20 13 1339
20 13 1340
20 13 1341
20 13 1342
20 13 1343
20 13 1344
20 13 1345
20 13 1346
20 13 1347
20 13 1348
20 13 1349
20 13 1350
20 13 1351
20 13 1352
20 13 1353
20 13 1354
20 13 1355
20 13 1356
20 13 1357
20 13 1358
20 13 1359
20 13 1360
20 13 1361
20 13 1362
20 13 1363
20 13 1364
20 13 1365
20 13 1366
20 13 1367
20 13 1368
20 13 1369
20 13 1370
20 13 1371
20 13 1372
20 13 1373
20 13 1374
20 13 1375
20 13 1376
20 13 1377
20 13 1378
20 13 1379
20 13 1380
20 13 1381
20 13 1382
20 13 1383
20 13 1384
20 13 1385
20 13 1386
20 13 1387
20 13 1388
20 13 1389
20 13 1390
20 13 1391
20 13 1392
20 13 1393
20 13 1394
20 13 1395
20 13 1396
20 13 1397
20 13 1398
20 13 1399
20 13 1400
20 13 1401
20 13 1402
20 13 1403
20 13 1404
20 13 1405
20 13 1406
20 13 1407
20 13 1408
20 13 1409
20 13 1410
20 13 1411
20 13 1412
20 13 1413
20 13 1414
20 13 1415
20 13 1416
20 13 1417
20 13 1418
20 13 1419
20 13 1420
20 13 1421
20 13 1422
20 13 1423
20 13 1424
20 13 1425
20 13 1426
20 13 1427
20 13 1428
20 13 1429
20 13 1430
20 13 1431
20 13 1432
20 13 1433
20 13 1434
20 13 1435
20 13 1436
20 13 1437
20 13 1438
20 13 1439
20 13 1440
20 13 1441
20 13 1442
20 13 1443
20 13 1444
20 13 1445
20 13 1446
20 13 1447
20 13 1448
20 13 1449
20 13 1450
20 13 1451
20 13 1452
20 13 1453
20 13 1454
20 13 1455
20 13 1456
20 13 1457
20 13 1458
20 13 1459
20 13 1460
20 13 1461
20 13 1462
20 13 1463
20 13 1464
20 13 1465
20 13 1466
20 13 1467
20 13 1468
20 13 1469
20 13 1470
20 13 1471
20 13 1472
20 13 1473
20 13 1474
20 13 1475
20 13 1476
20 13 1477
20 13 1478
20 13 1479
20 13 1480
20 13 1481
20 13 1482
20 13 1483
20 13 1484
20 13 1485
20 13 1486
20 13 1487
20 13 1488
20 13 1489
20 13 1490
20 13 1491
20 13 1492
20 13 1493
20 13 1494
20 13 1495
20 13 1496
20 13 1497
20 13 1498
20 13 1499
20 13 1500
20 13 1501
20 13 1502
20 13 1503
20 13 1504
20 13 1505
20 13 1506
20 13 1507
20 13 1508
20 13 1509
20 13 1510
20 13 1511
20 13 1512
20 13 1513
20 13 1514
20 13 1515
20 13 1516
20 13 1517
20 13 1518
20 13 1519
20 13 1520
20 13 1521
20 13 1522
20 13 1523
20 13 1524
20 13 1525
20 13 1526
20 13 1527
20 13 1528
20 13 1529
20 13 1530
20 13 1531
20 13 1532
20 13 1533
20 13 1534
20 13 1535
20 13 1536
20 13 1537
20 13 1538
20 13 1539
20 13 1540
20 13 1541
20 13 1542
20 13 1543
20 13 1544
20 13 1545
20 13 1546
20 13 1547
20 13 1548
20 13 1549
20 13 1550
20 13 1551
20 13 1552
20 13 1553
20 13 1554
20 13 1555
20 13 1556
20 13 1557
20 13 1558
20 13 1559
20 13 1560
20 13 1561
20 13 1562
20 13 1563
20 13 1564
20 13 1565
20 13 1566
20 13 1567
20 13 1568
20 13 1569
20 13 1570
20 13 1571
20 13 1572
20 13 1573
20 13 1574
20 13 1575
20 13 1576
20 13 1577
20 13 1578
20 13 1579
20 13 1580
20 13 1581
20 13 1582
20 13 1583
20 13 1584
20 13 1585
20 13 1586
20 13 1587
20 13 1588
20 13 1589
20 13 1590
20 13 1591
20 13 1592
20 13 1593
20 13 1594
20 13 1595
20 13 1596
20 13 1597
20 13 1598
20 13 1599
20 13 1600
20 13 1601
20 13 1602
20 13 1603
20 13 1604
20 13 1605
20 13 1606
20 13 1607
20 13 1608
20 13 1609
20 13 1610
20 13 1611
20 13 1612
20 13 1613
20 13 1614
20 13 1615
20 13 1616
20 13 1617
20 13 1618
20 13 1619
20 13 1620
20 13 1621
20 13 1622
20 13 1623
20 13 1624
20 13 1625
20 13 1626
20 13 1627
20 13 1628
20 13 1629
20 13 1630
20 13 1631
20 13 1632
20 13 1633
20 13 1634
20 13 1635
20 13 1636
20 13 1637
20 13 1638
20 13 1639
20 13 1640
20 13 1641
20 13 1642
20 13 1643
20 13 1644
20 13 1645
20 13 1646
20 13 1647
20 13 1648
20 13 1649
20 13 1650
20 13 1651
20 13 1652
20 13 1653
20 13 1654
20 13 1655
20 13 1656
20 13 1657
20 13 1658
20 13 1659
20 13 1660
20 13 1661
20 13 1662
20 13 1663
20 13 1664
20 13 1665
20 13 1666
20 13 1667
20 13 1668
20 13 1669
20 13 1670
20 13 1671
20 13 1672
20 13 1673
20 13 1674
20 13 1675
20 13 1676
20 13 1677
20 13 1678
20 13 1679
20 13 1680
20 13 1681
20 13 1682
20 13 1683
20 13 1684
20 13 1685
20 13 1686
20 13 1687
20 13 1688
20 13 1689
20 13 1690
20 13 1691
20 13 1692
20 13 1693
20 13 1694
20 13 1695
20 13 1696
20 13 1697
20 13 1698
20 13 1699
20 13 1700
20 13 1701
20 13 1702
20 13 1703
20 13 1704
20 13 1705
20 13 1706
20 13 1707
20 13 1708
20 13 1709
20 13 1710
20 13 1711
20 13 1712
20 13 1713
20 13 1714
20 13 1715
20 13 1716
20 13 1717
20 13 1718
20 13 1719
20 13 1720
20 13 1721
20 13 1722
20 13 1723
20 13 1724
20 13 1725
20 13 1726
20 13 1727
20 13 1728
20 13 1729
20 13 1730
20 13 1731
20 13 1732
20 13 1733
20 13 1734
20 13 1735
20 13 1736
20 13 1737
20 13 1738
20 13 1739
20 13 1740
20 13 1741
20 13 1742
20 13 1743
20 13 1744
20 13 1745
20 13 1746
20 13 1747
20 13 1748
20 13 1749
20 13 1750
20 13 1751
20 13 1752
20 13 1753
20 13 1754
20 13 1755
20 13 1756
20 13 1757
20 13 1758
20 13 1759
20 13 1760
20 13 1761
20 13 1762
20 13 1763
20 13 1764
20 13 1765
20 13 1766
20 13 1767
20 13 1768
20 13 1769
20 13 1770
20 13 1771
20 13 1772
20 13 1773
20 13 1774
20 13 1775
20 13 1776
20 13 1777
20 13 1778
20 13 1779
20 13 1780
20 13 1781
20 13 1782
20 13 1783
20 13 1784
20 13 1785
20 13 1786
20 13 1787
20 13 1788
20 13 1789
20 13 1790
20 13 1791
20 13 1792
20 13 1793
20 13 1794
20 13 1795
20 13 1796
20 13 1797
20 13 1798
20 13 1799
20 13 1800
20 13 1801
20 13 1802
20 13 1803
20 13 1804
20 13 1805
20 13 1806
20 13 1807
20 13 1808
20 13 1809
20 13 1810
20 13 1811
20 13 1812
20 13 1813
20 13 1814
20 13 1815
20 13 1816
20 13 1817
20 13 1818
20 13 1819
20 13 1820
20 13 1821
20 13 1822
20 13 1823
20 13 1824
20 13 1825
20 13 1826
20 13 1827
20 13 1828
20 13 1829
20 13 1830
20 13 1831
20 13 1832
20 13 1833
20 13 1834
20 13 1835
20 13 1836
20 13 1837
20 13 1838
20 13 1839
20 13 1840
20 13 1841
20 13 1842
20 13 1843
20 13 1844
20 13 1845
20 13 1846
20 13 1847
20 13 1848
20 13 1849
20 13 1850
20 13 1851
20 13 1852
20 13 1853
20 13 1854
20 13 1855
20 13 1856
20 13 1857
20 13 1858
20 13 1859
20 13 1860
20 13 1861
20 13 1862
20 13 1863
20 13 1864
20 13 1865
20 13 1866
20 13 1867
20 13 1868
20 13 1869
20 13 1870
20 13 1871
20 13 1872
20 13 1873
20 13 1874
20 13 1875
20 13 1876
20 13 1877
20 13 1878
20 13 1879
20 13 1880
20 13 1881
20 13 1882
20 13 1883
20 13 1884
20 13 1885
20 13 1886
20 13 1887
20 13 1888
20 13 1889
20 13 1890
20 13 1891
20 13 1892
20 13 1893
20 13 1894
20 13 1895
20 13 1896
20 13 1897
20 13 1898
20 13 1899
20 13 1900
20 13 1901
20 13 1902
20 13 1903
20 13 1904
20 13 1905
20 13 1906
20 13 1907
20 13 1908
20 13 1909
20 13 1910
20 13 1911
20 13 1912
20 13 1913
20 13 1914
20 13 1915
20 13 1916
20 13 1917
20 13 1918
20 13 1919
20 13 1920
20 13 1921
20 13 1922
20 13 1923
20 13 1924
20 13 1925
20 13 1926
20 13 1927
20 13 1928
20 13 1929
20 13 1930
20 13 1931
20 13 1932
20 13 1933
20 13 1934
20 13 1935
20 13 1936
20 13 1937
20 13 1938
20 13 1939
20 13 1940
20 13 1941
20 13 1942
20 13 1943
20 13 1944
20 13 1945
20 13 1946
20 13 1947
20 13 1948
20 13 1949
20 13 1950
20 13 1951
20 13 1952
20 13 1953
20 13 1954
20 13 1955
20 13 1956
20 13 1957
20 13 1958
20 13 1959
20 13 1960
20 13 1961
20 13 1962
20 13 1963
20 13 1964
20 13 1965
20 13 1966
20 13 1967
20 13 1968
20 13 1969
20 13 1970
20 13 1971
20 13 1972
20 13 1973
20 13 1974
20 13 1975
20 13 1976
20 13 1977
20 13 1978
20 13 1979
20 13 1980
20 13 1981
20 13 1982
20 13 1983
20 13 1984
20 13 1985
20 13 1986
20 13 1987
20 13 1988
20 13 1989
20 13 1990
20 13 1991
20 13 1992
20 13 1993
20 13 1994
20 13 1995
20 13 1996
20 13 1997
20 13 1998
20 13 1999
20 13 2000
20 13 2001
20 13 2002
20 13 2003
20 13 2004
20 13 2005
20 13 2006
20 13 2007
20 13 2008
20 13 2009
20 13 2010
20 13 2011
20 13 2012
20 13 2013
20 13 2014
20 13 2015
20 13 2016
20 13 2017
20 13 2018
20 13 2019
20 13 2020
20 13 2021
20 13 2022
20 13 2023
20 13 2024
20 13 2025
20 13 2026
20 13 2027
20 13 2028
20 13 2029
20 13 2030
20 13 2031
20 13 2032
20 13 2033
20 13 2034
20 13 2035
20 13 2036
20 13 2037
20 13 2038
20 13 2039
20 13 2040
20 13 2041
20 13 2042
20 13 2043
20 13 2044
20 13 2045
20 13 2046
20 13 2047
20 13 2048
20 13 2049
20 13 2050
20 13 2051
20 13 2052
20 13 2053
20 13 2054
20 13 2055
20 13 2056
20 13 2057
20 13 2058
20 13 2059
20 13 2060
20 13 2061
20 13 2062
20 13 2063
20 13 2064
20 13 2065
20 13 2066
20 13 2067
20 13 2068
20 13 2069
20 13 2070
20 13 2071
20 13 2072
20 13 2073
20 13 2074
20 13 2075
20 13 2076
20 13 2077
20 13 2078
20 13 2079
20 13 2080
20 13 2081
20 13 2082
20 13 2083
20 13 2084
20 13 2085
20 13 2086
20 13 2087
20 13 2088
20 13 2089
20 13 2090
20 13 2091
20 13 2092
20 13 2093
20 13 2094
20 13 2095
20 13 2096
20 13 2097
20 13 2098
20 13 2099
20 13 2100
20 13 2101
20 13 2102
20 13 2103
20 13 2104
20 13 2105
20 13 2106
20 13 2107
20 13 2108
20 13 2109
20 13 2110
20 13 2111
20 13 2112
20 13 2113
20 13 2114
20 13 2115
20 13 2116
20 13 2117
20 13 2118
20 13 2119
20 13 2120
20 13 2121
20 13 2122
20 13 2123
20 13 2124
20 13 2125
20 13 2126
20 13 2127
20 13 2128
20 13 2129
20 13 2130
20 13 2131
20 13 2132
20 13 2133
20 13 2134
20 13 2135
20 13 2136
20 13 2137
20 13 2138
20 13 2139
20 13 2140
20 13 2141
20 13 2142
20 13 2143
20 13 2144
20 13 2145
20 13 2146
20 13 2147
20 13 2148
20 13 2149
20 13 2150
20 13 2151
20 13 2152
20 13 2153
20 13 2154
20 13 2155
20 13 2156
20 13 2157
20 13 2158
20 13 2159
20 13 2160
20 13 2161
20 13 2162
20 13 2163
20 13 2164
20 13 2165
20 13 2166
20 13 2167
20 13 2168
20 13 2169
20 13 2170
20 13 2171
20 13 2172
20 13 2173
20 13 2174
20 13 2175
20 13 2176
20 13 2177
20 13 2178
20 13 2179
20 13 2180
20 13 2181
20 13 2182
20 13 2183
20 13 2184
20 13 2185
20 13 2186
20 13 2187
20 13 2188
20 13 2189
20 13 2190
20 13 2191
20 13 2192
20 13 2193
20 13 2194
20 13 2195
20 13 2196
20 13 2197
20 13 2198
20 13 2199
20 13 2200
20 13 2201
20 13 2202
20 13 2203
20 13 2204
20 13 2205
20 13 2206
20 13 2207
20 13 2208
20 13 2209
20 13 2210
20 13 2211
20 13 2212
20 13 2213
20 13 2214
20 13 2215
20 13 2216
20 13 2217
20 13 2218
20 13 2219
20 13 2220
20 13 2221
20 13 2222
20 13 2223
20 13 2224
20 13 2225
20 13 2226
20 13 2227
20 13 2228
20 13 2229
20 13 2230
20 13 2231
20 13 2232
20 13 2233
20 13 2234
20 13 2235
20 13 2236
20 13 2237
20 13 2238
20 13 2239
20 13 2240
20 13 2241
20 13 2242
20 13 2243
20 13 2244
20 13 2245
20 13 2246
20 13 2247
20 13 2248
20 13 2249
20 13 2250
20 13 2251
20 13 2252
20 13 2253
20 13 2254
20 13 2255
20 13 2256
20 13 2257
20 13 2258
20 13 2259
20 13 2260
20 13 2261
20 13 2262
20 13 2263
20 13 2264
20 13 2265
20 13 2266
20 13 2267
20 13 2268
20 13 2269
20 13 2270
20 13 2271
20 13 2272
20 13 2273
20 13 2274
20 13 2275
20 13 2276
20 13 2277
20 13 2278
20 13 2279
20 13 2280
20 13 2281
20 13 2282
20 13 2283
20 13 2284
20 13 2285
20 13 2286
20 13 2287
20 13 2288
20 13 2289
20 13 2290
20 13 2291
20 13 2292
20 13 2293
20 13 2294
20 13 2295
20 13 2296
20 13 2297
20 13 2298
20 13 2299
20 13 2300
20 13 2301
20 13 2302
20 13 2303
20 13 2304
20 13 2305
20 13 2306
20 13 2307
20 13 2308
20 13 2309
20 13 2310
20 13 2311
20 13 2312
20 13 2313
20 13 2314
20 13 2315
20 13 2316
20 13 2317
20 13 2318
20 13 2319
20 13 2320
20 13 2321
20 13 2322
20 13 2323
20 13 2324
20 13 2325
20 13 2326
20 13 2327
20 13 2328
20 13 2329
20 13 2330
20 13 2331
20 13 2332
20 13 2333
20 13 2334
20 13 2335
20 13 2336
20 13 2337
20 13 2338
20 13 2339
20 13 2340
20 13 2341
20 13 2342
20 13 2343
20 13 2344
20 13 2345
20 13 2346
20 13 2347
20 13 2348
20 13 2349
20 13 2350
20 13 2351
20 13 2352
20 13 2353
20 13 2354
20 13 2355
20 13 2356
20 13 2357
20 13 2358
20 13 2359
20 13 2360
20 13 2361
20 13 2362
20 13 2363
20 13 2364
20 13 2365
20 13 2366
20 13 2367
20 13 2368
20 13 2369
20 13 2370
20 13 2371
20 13 2372
20 13 2373
20 13 2374
20 13 2375
20 13 2376
20 13 2377
20 13 2378
20 13 2379
20 13 2380
20 13 2381
20 13 2382
20 13 2383
20 13 2384
20 13 2385
20 13 2386
20 13 2387
20 13 2388
20 13 2389
20 13 2390
20 13 2391
20 13 2392
20 13 2393
20 13 2394
20 13 2395
20 13 2396
20 13 2397
20 13 2398
20 13 2399
20 13 2400
20 13 2401
20 13 2402
20 13 2403
20 13 2404
20 13 2405
20 13 2406
20 13 2407
20 13 2408
20 13 2409
20 13 2410
20 13 2411
20 13 2412
20 13 2413
20 13 2414
20 13 2415
20 13 2416
20 13 2417
20 13 2418
20 13 2419
20 13 2420
20 13 2421
20 13 2422
20 13 2423
20 13 2424
20 13 2425
20 13 2426
20 13 2427
20 13 2428
20 13 2429
20 13 2430
20 13 2431
20 13 2432
20 13 2433
20 13 2434
20 13 2435
20 13 2436
20 13 2437
20 13 2438
20 13 2439
20 13 2440
20 13 2441
20 13 2442
20 13 2443
20 13 2444
20 13 2445
20 13 2446
20 13 2447
20 13 2448
20 13 2449
20 13 2450
20 13 2451
20 13 2452
20 13 2453
20 13 2454
20 13 2455
20 13 2456
20 13 2457
