18 14 1
18 14 2
18 14 3
18 14 4
18 14 5
18 14 6
18 14 7
18 14 8
18 14 9
18 14 10
18 14 11
18 14 12
18 14 13
18 14 14
18 14 15
18 14 16
18 14 17
18 14 18
18 14 19
18 14 20
18 14 21
18 14 22
18 14 23
18 14 24
18 14 25
18 14 26
18 14 27
18 14 28
18 14 29
18 14 30
18 14 31
18 14 32
18 14 33
18 14 34
18 14 35
18 14 36
18 14 37
18 14 38
18 14 39
18 14 40
18 14 41
18 14 42
18 14 43
18 14 44
18 14 45
18 14 46
18 14 47
18 14 48
18 14 49
18 14 50
18 14 51
18 14 52
18 14 53
18 14 54
18 14 55
18 14 56
18 14 57
18 14 58
18 14 59
18 14 60
18 14 61
18 14 62
18 14 63
18 14 64
18 14 65
18 14 66
18 14 67
18 14 68
18 14 69
18 14 70
18 14 71
18 14 72
18 14 73
18 14 74
18 14 75
18 14 76
18 14 77
18 14 78
18 14 79
18 14 80
18 14 81
18 14 82
18 14 83
18 14 84
18 14 85
18 14 86
18 14 87
18 14 88
18 14 89
18 14 90
18 14 91
18 14 92
18 14 93
18 14 94
18 14 95
18 14 96
18 14 97
18 14 98
18 14 99
18 14 100
18 14 101
18 14 102
18 14 103
18 14 104
18 14 105
18 14 106
18 14 107
18 14 108
18 14 109
18 14 110
18 14 111
18 14 112
18 14 113
18 14 114
18 14 115
18 14 116
18 14 117
18 14 118
18 14 119
18 14 120
18 14 121
18 14 122
18 14 123
18 14 124
18 14 125
18 14 126
18 14 127
18 14 128
18 14 129
18 14 130
18 14 131
18 14 132
18 14 133
18 14 134
18 14 135
18 14 136
18 14 137
18 14 138
18 14 139
18 14 140
18 14 141
18 14 142
18 14 143
18 14 144
18 14 145
18 14 146
18 14 147
18 14 148
18 14 149
18 14 150
18 14 151
18 14 152
18 14 153
18 14 154
18 14 155
18 14 156
18 14 157
18 14 158
18 14 159
18 14 160
18 14 161
18 14 162
18 14 163
18 14 164
18 14 165
18 14 166
18 14 167
18 14 168
18 14 169
18 14 170
18 14 171
18 14 172
18 14 173
18 14 174
18 14 175
18 14 176
18 14 177
18 14 178
18 14 179
18 14 180
18 14 181
18 14 182
18 14 183
18 14 184
18 14 185
18 14 186
18 14 187
18 14 188
18 14 189
18 14 190
18 14 191
18 14 192
18 14 193
18 14 194
18 14 195
18 14 196
18 14 197
18 14 198
18 14 199
18 14 200
18 14 201
18 14 202
18 14 203
18 14 204
18 14 205
18 14 206
18 14 207
18 14 208
18 14 209
18 14 210
18 14 211
18 14 212
18 14 213
18 14 214
18 14 215
18 14 216
18 14 217
18 14 218
18 14 219
18 14 220
18 14 221
18 14 222
18 14 223
18 14 224
18 14 225
18 14 226
18 14 227
18 14 228
18 14 229
18 14 230
18 14 231
18 14 232
18 14 233
18 14 234
18 14 235
18 14 236
18 14 237
18 14 238
18 14 239
18 14 240
18 14 241
18 14 242
18 14 243
18 14 244
18 14 245
18 14 246
18 14 247
18 14 248
18 14 249
18 14 250
18 14 251
18 14 252
18 14 253
18 14 254
18 14 255
18 14 256
18 14 257
18 14 258
18 14 259
18 14 260
18 14 261
18 14 262
18 14 263
18 14 264
18 14 265
18 14 266
18 14 267
18 14 268
18 14 269
18 14 270
18 14 271
18 14 272
18 14 273
18 14 274
18 14 275
18 14 276
18 14 277
18 14 278
18 14 279
18 14 280
18 14 281
18 14 282
18 14 283
18 14 284
18 14 285
18 14 286
18 14 287
18 14 288
18 14 289
18 14 290
18 14 291
18 14 292
18 14 293
18 14 294
18 14 295
18 14 296
18 14 297
18 14 298
18 14 299
18 14 300
18 14 301
18 14 302
18 14 303
18 14 304
18 14 305
18 14 306
18 14 307
18 14 308
18 14 309
18 14 310
18 14 311
18 14 312
18 14 313
18 14 314
18 14 315
18 14 316
18 14 317
18 14 318
18 14 319
18 14 320
18 14 321
18 14 322
18 14 323
18 14 324
18 14 325
18 14 326
18 14 327
18 14 328
18 14 329
18 14 330
18 14 331
18 14 332
18 14 333
18 14 334
18 14 335
18 14 336
18 14 337
18 14 338
18 14 339
18 14 340
18 14 341
18 14 342
18 14 343
18 14 344
18 14 345
18 14 346
18 14 347
18 14 348
18 14 349
18 14 350
18 14 351
18 14 352
18 14 353
18 14 354
18 14 355
18 14 356
18 14 357
18 14 358
18 14 359
18 14 360
18 14 361
18 14 362
18 14 363
18 14 364
18 14 365
18 14 366
18 14 367
18 14 368
18 14 369
18 14 370
18 14 371
18 14 372
18 14 373
18 14 374
18 14 375
18 14 376
18 14 377
18 14 378
18 14 379
18 14 380
18 14 381
18 14 382
18 14 383
18 14 384
18 14 385
18 14 386
18 14 387
18 14 388
18 14 389
18 14 390
18 14 391
18 14 392
18 14 393
18 14 394
18 14 395
18 14 396
18 14 397
18 14 398
18 14 399
18 14 400
18 14 401
18 14 402
18 14 403
18 14 404
18 14 405
18 14 406
18 14 407
18 14 408
18 14 409
18 14 410
18 14 411
18 14 412
18 14 413
18 14 414
18 14 415
18 14 416
18 14 417
18 14 418
18 14 419
18 14 420
18 14 421
18 14 422
18 14 423
18 14 424
18 14 425
18 14 426
18 14 427
18 14 428
18 14 429
18 14 430
18 14 431
18 14 432
18 14 433
18 14 434
18 14 435
18 14 436
18 14 437
18 14 438
18 14 439
18 14 440
18 14 441
18 14 442
18 14 443
18 14 444
18 14 445
18 14 446
18 14 447
18 14 448
18 14 449
18 14 450
18 14 451
18 14 452
18 14 453
18 14 454
18 14 455
18 14 456
18 14 457
18 14 458
18 14 459
18 14 460
18 14 461
18 14 462
18 14 463
18 14 464
18 14 465
18 14 466
18 14 467
18 14 468
18 14 469
18 14 470
18 14 471
18 14 472
18 14 473
18 14 474
18 14 475
18 14 476
18 14 477
18 14 478
18 14 479
18 14 480
18 14 481
18 14 482
18 14 483
18 14 484
18 14 485
18 14 486
18 14 487
18 14 488
18 14 489
18 14 490
18 14 491
18 14 492
18 14 493
18 14 494
18 14 495
18 14 496
18 14 497
18 14 498
18 14 499
18 14 500
18 14 501
18 14 502
18 14 503
18 14 504
18 14 505
18 14 506
18 14 507
18 14 508
18 14 509
18 14 510
18 14 511
18 14 512
18 14 513
18 14 514
18 14 515
18 14 516
18 14 517
18 14 518
18 14 519
18 14 520
18 14 521
18 14 522
18 14 523
18 14 524
18 14 525
18 14 526
18 14 527
18 14 528
18 14 529
18 14 530
18 14 531
18 14 532
18 14 533
18 14 534
18 14 535
18 14 536
18 14 537
18 14 538
18 14 539
18 14 540
18 14 541
18 14 542
18 14 543
18 14 544
18 14 545
18 14 546
18 14 547
18 14 548
18 14 549
18 14 550
18 14 551
18 14 552
18 14 553
18 14 554
18 14 555
18 14 556
18 14 557
18 14 558
18 14 559
18 14 560
18 14 561
18 14 562
18 14 563
18 14 564
18 14 565
18 14 566
18 14 567
18 14 568
18 14 569
18 14 570
18 14 571
18 14 572
18 14 573
18 14 574
18 14 575
18 14 576
18 14 577
18 14 578
18 14 579
18 14 580
18 14 581
18 14 582
18 14 583
18 14 584
18 14 585
18 14 586
18 14 587
18 14 588
18 14 589
18 14 590
18 14 591
18 14 592
18 14 593
18 14 594
18 14 595
18 14 596
18 14 597
18 14 598
18 14 599
18 14 600
18 14 601
18 14 602
18 14 603
18 14 604
18 14 605
18 14 606
18 14 607
18 14 608
18 14 609
18 14 610
18 14 611
18 14 612
18 14 613
18 14 614
18 14 615
18 14 616
18 14 617
18 14 618
18 14 619
18 14 620
18 14 621
18 14 622
18 14 623
18 14 624
18 14 625
18 14 626
18 14 627
18 14 628
18 14 629
18 14 630
18 14 631
18 14 632
18 14 633
18 14 634
18 14 635
18 14 636
18 14 637
18 14 638
18 14 639
18 14 640
18 14 641
18 14 642
18 14 643
18 14 644
18 14 645
18 14 646
18 14 647
18 14 648
18 14 649
18 14 650
18 14 651
18 14 652
18 14 653
18 14 654
18 14 655
18 14 656
18 14 657
18 14 658
18 14 659
18 14 660
18 14 661
18 14 662
18 14 663
18 14 664
18 14 665
18 14 666
18 14 667
18 14 668
18 14 669
18 14 670
18 14 671
18 14 672
18 14 673
18 14 674
18 14 675
18 14 676
18 14 677
18 14 678
18 14 679
18 14 680
18 14 681
18 14 682
18 14 683
18 14 684
18 14 685
18 14 686
18 14 687
18 14 688
18 14 689
18 14 690
18 14 691
18 14 692
18 14 693
18 14 694
18 14 695
18 14 696
18 14 697
18 14 698
18 14 699
18 14 700
18 14 701
18 14 702
18 14 703
18 14 704
18 14 705
18 14 706
18 14 707
18 14 708
18 14 709
18 14 710
18 14 711
18 14 712
18 14 713
18 14 714
18 14 715
18 14 716
18 14 717
18 14 718
18 14 719
18 14 720
18 14 721
18 14 722
18 14 723
18 14 724
18 14 725
18 14 726
18 14 727
18 14 728
18 14 729
18 14 730
18 14 731
18 14 732
18 14 733
18 14 734
18 14 735
18 14 736
18 14 737
18 14 738
18 14 739
18 14 740
18 14 741
18 14 742
18 14 743
18 14 744
18 14 745
18 14 746
18 14 747
18 14 748
18 14 749
18 14 750
18 14 751
18 14 752
18 14 753
18 14 754
18 14 755
18 14 756
18 14 757
18 14 758
18 14 759
18 14 760
18 14 761
18 14 762
18 14 763
18 14 764
18 14 765
18 14 766
18 14 767
18 14 768
18 14 769
18 14 770
18 14 771
18 14 772
18 14 773
18 14 774
18 14 775
18 14 776
18 14 777
18 14 778
18 14 779
18 14 780
18 14 781
18 14 782
18 14 783
18 14 784
18 14 785
18 14 786
18 14 787
18 14 788
18 14 789
18 14 790
18 14 791
18 14 792
18 14 793
18 14 794
18 14 795
18 14 796
18 14 797
18 14 798
18 14 799
18 14 800
18 14 801
18 14 802
18 14 803
18 14 804
18 14 805
18 14 806
18 14 807
18 14 808
18 14 809
18 14 810
18 14 811
18 14 812
18 14 813
18 14 814
18 14 815
18 14 816
18 14 817
18 14 818
18 14 819
18 14 820
18 14 821
18 14 822
18 14 823
18 14 824
18 14 825
18 14 826
18 14 827
18 14 828
18 14 829
18 14 830
18 14 831
18 14 832
18 14 833
18 14 834
18 14 835
18 14 836
18 14 837
18 14 838
18 14 839
18 14 840
18 14 841
18 14 842
18 14 843
18 14 844
18 14 845
18 14 846
18 14 847
18 14 848
18 14 849
18 14 850
18 14 851
18 14 852
18 14 853
18 14 854
18 14 855
18 14 856
18 14 857
18 14 858
18 14 859
18 14 860
18 14 861
18 14 862
18 14 863
18 14 864
18 14 865
18 14 866
18 14 867
18 14 868
18 14 869
18 14 870
18 14 871
18 14 872
18 14 873
18 14 874
18 14 875
18 14 876
18 14 877
18 14 878
18 14 879
18 14 880
18 14 881
18 14 882
18 14 883
18 14 884
18 14 885
18 14 886
18 14 887
18 14 888
18 14 889
18 14 890
18 14 891
18 14 892
18 14 893
18 14 894
18 14 895
18 14 896
18 14 897
18 14 898
18 14 899
18 14 900
18 14 901
18 14 902
18 14 903
18 14 904
18 14 905
18 14 906
18 14 907
18 14 908
18 14 909
18 14 910
18 14 911
18 14 912
18 14 913
18 14 914
18 14 915
18 14 916
18 14 917
18 14 918
18 14 919
18 14 920
18 14 921
18 14 922
18 14 923
18 14 924
18 14 925
18 14 926
18 14 927
18 14 928
18 14 929
18 14 930
18 14 931
18 14 932
18 14 933
18 14 934
18 14 935
18 14 936
18 14 937
18 14 938
18 14 939
18 14 940
18 14 941
18 14 942
18 14 943
18 14 944
18 14 945
18 14 946
18 14 947
18 14 948
18 14 949
18 14 950
18 14 951
18 14 952
18 14 953
18 14 954
18 14 955
18 14 956
18 14 957
18 14 958
18 14 959
18 14 960
18 14 961
18 14 962
18 14 963
18 14 964
18 14 965
18 14 966
18 14 967
18 14 968
18 14 969
18 14 970
18 14 971
18 14 972
18 14 973
18 14 974
18 14 975
18 14 976
18 14 977
18 14 978
18 14 979
18 14 980
18 14 981
18 14 982
18 14 983
18 14 984
18 14 985
18 14 986
18 14 987
18 14 988
18 14 989
18 14 990
18 14 991
18 14 992
18 14 993
18 14 994
18 14 995
18 14 996
18 14 997
18 14 998
18 14 999
18 14 1000
18 14 1001
18 14 1002
18 14 1003
18 14 1004
18 14 1005
18 14 1006
18 14 1007
18 14 1008
18 14 1009
18 14 1010
18 14 1011
18 14 1012
18 14 1013
18 14 1014
18 14 1015
18 14 1016
18 14 1017
18 14 1018
18 14 1019
18 14 1020
18 14 1021
18 14 1022
18 14 1023
18 14 1024
18 14 1025
18 14 1026
18 14 1027
18 14 1028
18 14 1029
18 14 1030
18 14 1031
18 14 1032
18 14 1033
18 14 1034
18 14 1035
18 14 1036
18 14 1037
18 14 1038
18 14 1039
18 14 1040
18 14 1041
18 14 1042
18 14 1043
18 14 1044
18 14 1045
18 14 1046
18 14 1047
18 14 1048
18 14 1049
18 14 1050
18 14 1051
18 14 1052
18 14 1053
18 14 1054
18 14 1055
18 14 1056
18 14 1057
18 14 1058
18 14 1059
18 14 1060
18 14 1061
18 14 1062
18 14 1063
18 14 1064
18 14 1065
18 14 1066
18 14 1067
18 14 1068
18 14 1069
18 14 1070
18 14 1071
18 14 1072
18 14 1073
18 14 1074
18 14 1075
18 14 1076
18 14 1077
18 14 1078
18 14 1079
18 14 1080
18 14 1081
18 14 1082
18 14 1083
18 14 1084
18 14 1085
18 14 1086
18 14 1087
18 14 1088
18 14 1089
18 14 1090
18 14 1091
18 14 1092
18 14 1093
18 14 1094
18 14 1095
18 14 1096
18 14 1097
18 14 1098
18 14 1099
18 14 1100
18 14 1101
18 14 1102
18 14 1103
18 14 1104
18 14 1105
18 14 1106
18 14 1107
18 14 1108
18 14 1109
18 14 1110
18 14 1111
18 14 1112
18 14 1113
18 14 1114
18 14 1115
18 14 1116
18 14 1117
18 14 1118
18 14 1119
18 14 1120
18 14 1121
18 14 1122
18 14 1123
18 14 1124
18 14 1125
18 14 1126
18 14 1127
18 14 1128
18 14 1129
18 14 1130
18 14 1131
18 14 1132
18 14 1133
18 14 1134
18 14 1135
18 14 1136
18 14 1137
18 14 1138
18 14 1139
18 14 1140
18 14 1141
18 14 1142
18 14 1143
18 14 1144
18 14 1145
18 14 1146
18 14 1147
18 14 1148
18 14 1149
18 14 1150
18 14 1151
18 14 1152
18 14 1153
18 14 1154
18 14 1155
18 14 1156
18 14 1157
18 14 1158
18 14 1159
18 14 1160
18 14 1161
18 14 1162
18 14 1163
18 14 1164
18 14 1165
18 14 1166
18 14 1167
18 14 1168
18 14 1169
18 14 1170
18 14 1171
18 14 1172
18 14 1173
18 14 1174
18 14 1175
18 14 1176
18 14 1177
18 14 1178
18 14 1179
18 14 1180
18 14 1181
18 14 1182
18 14 1183
18 14 1184
18 14 1185
18 14 1186
18 14 1187
18 14 1188
18 14 1189
18 14 1190
18 14 1191
18 14 1192
18 14 1193
18 14 1194
18 14 1195
18 14 1196
18 14 1197
18 14 1198
18 14 1199
18 14 1200
18 14 1201
18 14 1202
18 14 1203
18 14 1204
18 14 1205
18 14 1206
18 14 1207
18 14 1208
18 14 1209
18 14 1210
18 14 1211
18 14 1212
18 14 1213
18 14 1214
18 14 1215
18 14 1216
18 14 1217
18 14 1218
18 14 1219
18 14 1220
18 14 1221
18 14 1222
18 14 1223
18 14 1224
18 14 1225
18 14 1226
18 14 1227
18 14 1228
18 14 1229
18 14 1230
18 14 1231
18 14 1232
18 14 1233
18 14 1234
18 14 1235
18 14 1236
18 14 1237
18 14 1238
18 14 1239
18 14 1240
18 14 1241
18 14 1242
18 14 1243
18 14 1244
18 14 1245
18 14 1246
18 14 1247
18 14 1248
18 14 1249
18 14 1250
18 14 1251
18 14 1252
18 14 1253
18 14 1254
18 14 1255
18 14 1256
18 14 1257
18 14 1258
18 14 1259
18 14 1260
18 14 1261
18 14 1262
18 14 1263
18 14 1264
18 14 1265
18 14 1266
18 14 1267
18 14 1268
18 14 1269
18 14 1270
18 14 1271
18 14 1272
18 14 1273
18 14 1274
18 14 1275
18 14 1276
18 14 1277
18 14 1278
18 14 1279
18 14 1280
18 14 1281
18 14 1282
18 14 1283
18 14 1284
18 14 1285
18 14 1286
18 14 1287
18 14 1288
18 14 1289
18 14 1290
18 14 1291
18 14 1292
18 14 1293
18 14 1294
18 14 1295
18 14 1296
18 14 1297
18 14 1298
18 14 1299
18 14 1300
18 14 1301
18 14 1302
18 14 1303
18 14 1304
18 14 1305
18 14 1306
18 14 1307
18 14 1308
18 14 1309
18 14 1310
18 14 1311
18 14 1312
18 14 1313
18 14 1314
18 14 1315
18 14 1316
18 14 1317
18 14 1318
18 14 1319
18 14 1320
18 14 1321
18 14 1322
18 14 1323
18 14 1324
18 14 1325
18 14 1326
18 14 1327
18 14 1328
18 14 1329
18 14 1330
18 14 1331
18 14 1332
18 14 1333
18 14 1334
18 14 1335
18 14 1336
18 14 1337
18 14 1338
18 14 1339
18 14 1340
18 14 1341
18 14 1342
18 14 1343
18 14 1344
18 14 1345
18 14 1346
18 14 1347
18 14 1348
18 14 1349
18 14 1350
18 14 1351
18 14 1352
18 14 1353
18 14 1354
18 14 1355
18 14 1356
18 14 1357
18 14 1358
18 14 1359
18 14 1360
18 14 1361
18 14 1362
18 14 1363
18 14 1364
18 14 1365
18 14 1366
18 14 1367
18 14 1368
18 14 1369
18 14 1370
18 14 1371
18 14 1372
18 14 1373
18 14 1374
18 14 1375
18 14 1376
18 14 1377
18 14 1378
18 14 1379
18 14 1380
18 14 1381
18 14 1382
18 14 1383
18 14 1384
18 14 1385
18 14 1386
18 14 1387
18 14 1388
18 14 1389
18 14 1390
18 14 1391
18 14 1392
18 14 1393
18 14 1394
18 14 1395
18 14 1396
18 14 1397
18 14 1398
18 14 1399
18 14 1400
18 14 1401
18 14 1402
18 14 1403
18 14 1404
18 14 1405
18 14 1406
18 14 1407
18 14 1408
18 14 1409
18 14 1410
18 14 1411
18 14 1412
18 14 1413
18 14 1414
18 14 1415
18 14 1416
18 14 1417
18 14 1418
18 14 1419
18 14 1420
18 14 1421
18 14 1422
18 14 1423
18 14 1424
18 14 1425
18 14 1426
18 14 1427
18 14 1428
18 14 1429
18 14 1430
18 14 1431
18 14 1432
18 14 1433
18 14 1434
18 14 1435
18 14 1436
18 14 1437
18 14 1438
18 14 1439
18 14 1440
18 14 1441
18 14 1442
18 14 1443
18 14 1444
18 14 1445
18 14 1446
18 14 1447
18 14 1448
18 14 1449
18 14 1450
18 14 1451
18 14 1452
18 14 1453
18 14 1454
18 14 1455
18 14 1456
18 14 1457
18 14 1458
18 14 1459
18 14 1460
18 14 1461
18 14 1462
18 14 1463
18 14 1464
18 14 1465
18 14 1466
18 14 1467
18 14 1468
18 14 1469
18 14 1470
18 14 1471
18 14 1472
18 14 1473
18 14 1474
18 14 1475
18 14 1476
18 14 1477
18 14 1478
18 14 1479
18 14 1480
18 14 1481
18 14 1482
18 14 1483
18 14 1484
18 14 1485
18 14 1486
18 14 1487
18 14 1488
18 14 1489
18 14 1490
18 14 1491
18 14 1492
18 14 1493
18 14 1494
18 14 1495
18 14 1496
18 14 1497
18 14 1498
18 14 1499
18 14 1500
18 14 1501
18 14 1502
18 14 1503
18 14 1504
18 14 1505
18 14 1506
18 14 1507
18 14 1508
18 14 1509
18 14 1510
18 14 1511
18 14 1512
18 14 1513
18 14 1514
18 14 1515
18 14 1516
18 14 1517
18 14 1518
18 14 1519
18 14 1520
18 14 1521
18 14 1522
18 14 1523
18 14 1524
18 14 1525
18 14 1526
18 14 1527
18 14 1528
18 14 1529
18 14 1530
18 14 1531
18 14 1532
18 14 1533
18 14 1534
18 14 1535
18 14 1536
18 14 1537
18 14 1538
18 14 1539
18 14 1540
18 14 1541
18 14 1542
18 14 1543
18 14 1544
18 14 1545
18 14 1546
18 14 1547
18 14 1548
18 14 1549
18 14 1550
18 14 1551
18 14 1552
18 14 1553
18 14 1554
18 14 1555
18 14 1556
18 14 1557
18 14 1558
18 14 1559
18 14 1560
18 14 1561
18 14 1562
18 14 1563
18 14 1564
18 14 1565
18 14 1566
18 14 1567
18 14 1568
18 14 1569
18 14 1570
18 14 1571
18 14 1572
18 14 1573
18 14 1574
18 14 1575
18 14 1576
18 14 1577
18 14 1578
18 14 1579
18 14 1580
18 14 1581
18 14 1582
18 14 1583
18 14 1584
18 14 1585
18 14 1586
18 14 1587
18 14 1588
18 14 1589
18 14 1590
18 14 1591
18 14 1592
18 14 1593
18 14 1594
18 14 1595
18 14 1596
18 14 1597
18 14 1598
18 14 1599
18 14 1600
18 14 1601
18 14 1602
18 14 1603
18 14 1604
18 14 1605
18 14 1606
18 14 1607
18 14 1608
18 14 1609
18 14 1610
18 14 1611
18 14 1612
18 14 1613
18 14 1614
18 14 1615
18 14 1616
18 14 1617
18 14 1618
18 14 1619
18 14 1620
18 14 1621
18 14 1622
18 14 1623
18 14 1624
18 14 1625
18 14 1626
18 14 1627
18 14 1628
18 14 1629
18 14 1630
18 14 1631
18 14 1632
18 14 1633
18 14 1634
18 14 1635
18 14 1636
18 14 1637
18 14 1638
18 14 1639
18 14 1640
18 14 1641
18 14 1642
18 14 1643
18 14 1644
18 14 1645
18 14 1646
18 14 1647
18 14 1648
18 14 1649
18 14 1650
18 14 1651
18 14 1652
18 14 1653
18 14 1654
18 14 1655
18 14 1656
18 14 1657
18 14 1658
18 14 1659
18 14 1660
18 14 1661
18 14 1662
18 14 1663
18 14 1664
18 14 1665
18 14 1666
18 14 1667
18 14 1668
18 14 1669
18 14 1670
18 14 1671
18 14 1672
18 14 1673
18 14 1674
18 14 1675
18 14 1676
18 14 1677
18 14 1678
18 14 1679
18 14 1680
18 14 1681
18 14 1682
18 14 1683
18 14 1684
18 14 1685
18 14 1686
18 14 1687
18 14 1688
18 14 1689
18 14 1690
18 14 1691
18 14 1692
18 14 1693
18 14 1694
18 14 1695
18 14 1696
18 14 1697
18 14 1698
18 14 1699
18 14 1700
18 14 1701
18 14 1702
18 14 1703
18 14 1704
18 14 1705
18 14 1706
18 14 1707
18 14 1708
18 14 1709
18 14 1710
18 14 1711
18 14 1712
18 14 1713
18 14 1714
18 14 1715
18 14 1716
18 14 1717
18 14 1718
18 14 1719
18 14 1720
18 14 1721
18 14 1722
18 14 1723
18 14 1724
18 14 1725
18 14 1726
18 14 1727
18 14 1728
18 14 1729
18 14 1730
18 14 1731
18 14 1732
18 14 1733
18 14 1734
18 14 1735
18 14 1736
18 14 1737
18 14 1738
18 14 1739
18 14 1740
18 14 1741
18 14 1742
18 14 1743
18 14 1744
18 14 1745
18 14 1746
18 14 1747
18 14 1748
18 14 1749
18 14 1750
18 14 1751
18 14 1752
18 14 1753
18 14 1754
18 14 1755
18 14 1756
18 14 1757
18 14 1758
18 14 1759
18 14 1760
18 14 1761
18 14 1762
18 14 1763
18 14 1764
18 14 1765
18 14 1766
18 14 1767
18 14 1768
18 14 1769
18 14 1770
18 14 1771
18 14 1772
18 14 1773
18 14 1774
18 14 1775
18 14 1776
18 14 1777
18 14 1778
18 14 1779
18 14 1780
18 14 1781
18 14 1782
18 14 1783
18 14 1784
18 14 1785
18 14 1786
18 14 1787
18 14 1788
18 14 1789
18 14 1790
18 14 1791
18 14 1792
18 14 1793
18 14 1794
18 14 1795
18 14 1796
18 14 1797
18 14 1798
18 14 1799
18 14 1800
18 14 1801
18 14 1802
18 14 1803
18 14 1804
18 14 1805
18 14 1806
18 14 1807
18 14 1808
18 14 1809
18 14 1810
18 14 1811
18 14 1812
18 14 1813
18 14 1814
18 14 1815
18 14 1816
18 14 1817
18 14 1818
18 14 1819
18 14 1820
18 14 1821
18 14 1822
18 14 1823
18 14 1824
18 14 1825
18 14 1826
18 14 1827
18 14 1828
18 14 1829
18 14 1830
18 14 1831
18 14 1832
18 14 1833
18 14 1834
18 14 1835
18 14 1836
18 14 1837
18 14 1838
18 14 1839
18 14 1840
18 14 1841
18 14 1842
18 14 1843
18 14 1844
18 14 1845
18 14 1846
18 14 1847
18 14 1848
18 14 1849
18 14 1850
18 14 1851
18 14 1852
18 14 1853
18 14 1854
18 14 1855
18 14 1856
18 14 1857
18 14 1858
18 14 1859
18 14 1860
18 14 1861
18 14 1862
18 14 1863
18 14 1864
18 14 1865
18 14 1866
18 14 1867
18 14 1868
18 14 1869
18 14 1870
18 14 1871
18 14 1872
18 14 1873
18 14 1874
18 14 1875
18 14 1876
18 14 1877
18 14 1878
18 14 1879
18 14 1880
18 14 1881
18 14 1882
18 14 1883
18 14 1884
18 14 1885
18 14 1886
18 14 1887
18 14 1888
18 14 1889
18 14 1890
18 14 1891
18 14 1892
18 14 1893
18 14 1894
18 14 1895
18 14 1896
18 14 1897
18 14 1898
18 14 1899
18 14 1900
18 14 1901
18 14 1902
18 14 1903
18 14 1904
18 14 1905
18 14 1906
18 14 1907
18 14 1908
18 14 1909
18 14 1910
18 14 1911
18 14 1912
18 14 1913
18 14 1914
18 14 1915
18 14 1916
18 14 1917
18 14 1918
18 14 1919
18 14 1920
18 14 1921
18 14 1922
18 14 1923
18 14 1924
18 14 1925
18 14 1926
18 14 1927
18 14 1928
18 14 1929
18 14 1930
18 14 1931
18 14 1932
18 14 1933
18 14 1934
18 14 1935
18 14 1936
18 14 1937
18 14 1938
18 14 1939
18 14 1940
18 14 1941
18 14 1942
18 14 1943
18 14 1944
18 14 1945
18 14 1946
18 14 1947
18 14 1948
18 14 1949
18 14 1950
18 14 1951
18 14 1952
18 14 1953
18 14 1954
18 14 1955
18 14 1956
18 14 1957
18 14 1958
18 14 1959
18 14 1960
18 14 1961
18 14 1962
18 14 1963
18 14 1964
18 14 1965
18 14 1966
18 14 1967
18 14 1968
18 14 1969
18 14 1970
18 14 1971
18 14 1972
18 14 1973
18 14 1974
18 14 1975
18 14 1976
18 14 1977
18 14 1978
18 14 1979
18 14 1980
18 14 1981
18 14 1982
18 14 1983
18 14 1984
18 14 1985
18 14 1986
18 14 1987
18 14 1988
18 14 1989
18 14 1990
18 14 1991
18 14 1992
18 14 1993
18 14 1994
18 14 1995
18 14 1996
18 14 1997
18 14 1998
18 14 1999
18 14 2000
18 14 2001
18 14 2002
18 14 2003
18 14 2004
18 14 2005
18 14 2006
18 14 2007
18 14 2008
18 14 2009
18 14 2010
18 14 2011
18 14 2012
18 14 2013
18 14 2014
18 14 2015
18 14 2016
18 14 2017
18 14 2018
18 14 2019
18 14 2020
18 14 2021
18 14 2022
18 14 2023
18 14 2024
18 14 2025
18 14 2026
18 14 2027
18 14 2028
18 14 2029
18 14 2030
18 14 2031
18 14 2032
18 14 2033
18 14 2034
18 14 2035
18 14 2036
18 14 2037
18 14 2038
18 14 2039
18 14 2040
18 14 2041
18 14 2042
18 14 2043
18 14 2044
18 14 2045
18 14 2046
18 14 2047
18 14 2048
18 14 2049
18 14 2050
18 14 2051
18 14 2052
18 14 2053
18 14 2054
18 14 2055
18 14 2056
18 14 2057
18 14 2058
18 14 2059
18 14 2060
18 14 2061
18 14 2062
18 14 2063
18 14 2064
18 14 2065
18 14 2066
18 14 2067
18 14 2068
18 14 2069
18 14 2070
18 14 2071
18 14 2072
18 14 2073
18 14 2074
18 14 2075
18 14 2076
18 14 2077
18 14 2078
18 14 2079
18 14 2080
18 14 2081
18 14 2082
18 14 2083
18 14 2084
18 14 2085
18 14 2086
18 14 2087
18 14 2088
18 14 2089
18 14 2090
18 14 2091
18 14 2092
18 14 2093
18 14 2094
18 14 2095
18 14 2096
18 14 2097
18 14 2098
18 14 2099
18 14 2100
18 14 2101
18 14 2102
18 14 2103
18 14 2104
18 14 2105
18 14 2106
18 14 2107
18 14 2108
18 14 2109
18 14 2110
18 14 2111
18 14 2112
18 14 2113
18 14 2114
18 14 2115
18 14 2116
18 14 2117
18 14 2118
18 14 2119
18 14 2120
18 14 2121
18 14 2122
18 14 2123
18 14 2124
18 14 2125
18 14 2126
18 14 2127
18 14 2128
18 14 2129
18 14 2130
18 14 2131
18 14 2132
18 14 2133
18 14 2134
18 14 2135
18 14 2136
18 14 2137
18 14 2138
18 14 2139
18 14 2140
18 14 2141
18 14 2142
18 14 2143
18 14 2144
18 14 2145
18 14 2146
18 14 2147
18 14 2148
18 14 2149
18 14 2150
18 14 2151
18 14 2152
18 14 2153
18 14 2154
18 14 2155
18 14 2156
18 14 2157
18 14 2158
18 14 2159
18 14 2160
18 14 2161
18 14 2162
18 14 2163
18 14 2164
18 14 2165
18 14 2166
18 14 2167
18 14 2168
18 14 2169
18 14 2170
18 14 2171
18 14 2172
18 14 2173
18 14 2174
18 14 2175
18 14 2176
18 14 2177
18 14 2178
18 14 2179
18 14 2180
18 14 2181
18 14 2182
18 14 2183
18 14 2184
18 14 2185
18 14 2186
18 14 2187
18 14 2188
18 14 2189
18 14 2190
18 14 2191
18 14 2192
18 14 2193
18 14 2194
18 14 2195
18 14 2196
18 14 2197
18 14 2198
18 14 2199
18 14 2200
18 14 2201
18 14 2202
18 14 2203
18 14 2204
18 14 2205
18 14 2206
18 14 2207
18 14 2208
18 14 2209
18 14 2210
18 14 2211
18 14 2212
18 14 2213
18 14 2214
18 14 2215
18 14 2216
18 14 2217
18 14 2218
18 14 2219
18 14 2220
18 14 2221
18 14 2222
18 14 2223
18 14 2224
18 14 2225
18 14 2226
18 14 2227
18 14 2228
18 14 2229
18 14 2230
18 14 2231
18 14 2232
18 14 2233
18 14 2234
18 14 2235
18 14 2236
18 14 2237
18 14 2238
18 14 2239
18 14 2240
18 14 2241
18 14 2242
18 14 2243
18 14 2244
18 14 2245
18 14 2246
18 14 2247
18 14 2248
18 14 2249
18 14 2250
18 14 2251
18 14 2252
18 14 2253
18 14 2254
18 14 2255
18 14 2256
18 14 2257
18 14 2258
18 14 2259
18 14 2260
18 14 2261
18 14 2262
18 14 2263
18 14 2264
18 14 2265
18 14 2266
18 14 2267
18 14 2268
18 14 2269
18 14 2270
18 14 2271
18 14 2272
18 14 2273
18 14 2274
18 14 2275
18 14 2276
18 14 2277
18 14 2278
18 14 2279
18 14 2280
18 14 2281
18 14 2282
18 14 2283
18 14 2284
18 14 2285
18 14 2286
18 14 2287
18 14 2288
18 14 2289
18 14 2290
18 14 2291
18 14 2292
18 14 2293
18 14 2294
18 14 2295
18 14 2296
18 14 2297
18 14 2298
18 14 2299
18 14 2300
18 14 2301
18 14 2302
18 14 2303
18 14 2304
18 14 2305
18 14 2306
18 14 2307
18 14 2308
18 14 2309
18 14 2310
18 14 2311
18 14 2312
18 14 2313
18 14 2314
18 14 2315
18 14 2316
18 14 2317
18 14 2318
18 14 2319
18 14 2320
18 14 2321
18 14 2322
18 14 2323
18 14 2324
18 14 2325
18 14 2326
18 14 2327
18 14 2328
18 14 2329
18 14 2330
18 14 2331
18 14 2332
18 14 2333
18 14 2334
18 14 2335
18 14 2336
18 14 2337
18 14 2338
18 14 2339
18 14 2340
18 14 2341
18 14 2342
18 14 2343
18 14 2344
18 14 2345
18 14 2346
18 14 2347
18 14 2348
18 14 2349
18 14 2350
18 14 2351
18 14 2352
18 14 2353
18 14 2354
18 14 2355
18 14 2356
18 14 2357
18 14 2358
18 14 2359
18 14 2360
18 14 2361
18 14 2362
18 14 2363
18 14 2364
18 14 2365
18 14 2366
18 14 2367
18 14 2368
18 14 2369
18 14 2370
18 14 2371
18 14 2372
18 14 2373
18 14 2374
18 14 2375
18 14 2376
18 14 2377
18 14 2378
18 14 2379
18 14 2380
18 14 2381
18 14 2382
18 14 2383
18 14 2384
18 14 2385
18 14 2386
18 14 2387
18 14 2388
18 14 2389
18 14 2390
18 14 2391
18 14 2392
18 14 2393
18 14 2394
18 14 2395
18 14 2396
18 14 2397
18 14 2398
18 14 2399
18 14 2400
18 14 2401
18 14 2402
18 14 2403
18 14 2404
18 14 2405
18 14 2406
18 14 2407
18 14 2408
18 14 2409
18 14 2410
18 14 2411
18 14 2412
18 14 2413
18 14 2414
18 14 2415
18 14 2416
18 14 2417
18 14 2418
18 14 2419
18 14 2420
18 14 2421
18 14 2422
18 14 2423
18 14 2424
18 14 2425
18 14 2426
18 14 2427
18 14 2428
18 14 2429
18 14 2430
18 14 2431
18 14 2432
18 14 2433
18 14 2434
18 14 2435
18 14 2436
18 14 2437
18 14 2438
18 14 2439
18 14 2440
18 14 2441
18 14 2442
18 14 2443
18 14 2444
18 14 2445
18 14 2446
18 14 2447
18 14 2448
18 14 2449
18 14 2450
18 14 2451
18 14 2452
18 14 2453
18 14 2454
18 14 2455
18 14 2456
18 14 2457
