18 5 1
18 5 2
18 5 3
18 5 4
18 5 5
18 5 6
18 5 7
18 5 8
18 5 9
18 5 10
18 5 11
18 5 12
18 5 13
18 5 14
18 5 15
18 5 16
18 5 17
18 5 18
18 5 19
18 5 20
18 5 21
18 5 22
18 5 23
18 5 24
18 5 25
18 5 26
18 5 27
18 5 28
18 5 29
18 5 30
18 5 31
18 5 32
18 5 33
18 5 34
18 5 35
18 5 36
18 5 37
18 5 38
18 5 39
18 5 40
18 5 41
18 5 42
18 5 43
18 5 44
18 5 45
18 5 46
18 5 47
18 5 48
18 5 49
18 5 50
18 5 51
18 5 52
18 5 53
18 5 54
18 5 55
18 5 56
18 5 57
18 5 58
18 5 59
18 5 60
18 5 61
18 5 62
18 5 63
18 5 64
18 5 65
18 5 66
18 5 67
18 5 68
18 5 69
18 5 70
18 5 71
18 5 72
18 5 73
18 5 74
18 5 75
18 5 76
18 5 77
18 5 78
18 5 79
18 5 80
18 5 81
18 5 82
18 5 83
18 5 84
18 5 85
18 5 86
18 5 87
18 5 88
18 5 89
18 5 90
18 5 91
18 5 92
18 5 93
18 5 94
18 5 95
18 5 96
18 5 97
18 5 98
18 5 99
18 5 100
18 5 101
18 5 102
18 5 103
18 5 104
18 5 105
18 5 106
18 5 107
18 5 108
18 5 109
18 5 110
18 5 111
18 5 112
18 5 113
18 5 114
18 5 115
18 5 116
18 5 117
18 5 118
18 5 119
18 5 120
18 5 121
18 5 122
18 5 123
18 5 124
18 5 125
18 5 126
18 5 127
18 5 128
18 5 129
18 5 130
18 5 131
18 5 132
18 5 133
18 5 134
18 5 135
18 5 136
18 5 137
18 5 138
18 5 139
18 5 140
18 5 141
18 5 142
18 5 143
18 5 144
18 5 145
18 5 146
18 5 147
18 5 148
18 5 149
18 5 150
18 5 151
18 5 152
18 5 153
18 5 154
18 5 155
18 5 156
18 5 157
18 5 158
18 5 159
18 5 160
18 5 161
18 5 162
18 5 163
18 5 164
18 5 165
18 5 166
18 5 167
18 5 168
18 5 169
18 5 170
18 5 171
18 5 172
18 5 173
18 5 174
18 5 175
18 5 176
18 5 177
18 5 178
18 5 179
18 5 180
18 5 181
18 5 182
18 5 183
18 5 184
18 5 185
18 5 186
18 5 187
18 5 188
18 5 189
18 5 190
18 5 191
18 5 192
18 5 193
18 5 194
18 5 195
18 5 196
18 5 197
18 5 198
18 5 199
18 5 200
18 5 201
18 5 202
18 5 203
18 5 204
18 5 205
18 5 206
18 5 207
18 5 208
18 5 209
18 5 210
18 5 211
18 5 212
18 5 213
18 5 214
18 5 215
18 5 216
18 5 217
18 5 218
18 5 219
18 5 220
18 5 221
18 5 222
18 5 223
18 5 224
18 5 225
18 5 226
18 5 227
18 5 228
18 5 229
18 5 230
18 5 231
18 5 232
18 5 233
18 5 234
18 5 235
18 5 236
18 5 237
18 5 238
18 5 239
18 5 240
18 5 241
18 5 242
18 5 243
18 5 244
18 5 245
18 5 246
18 5 247
18 5 248
18 5 249
18 5 250
18 5 251
18 5 252
18 5 253
18 5 254
18 5 255
18 5 256
18 5 257
18 5 258
18 5 259
18 5 260
18 5 261
18 5 262
18 5 263
18 5 264
18 5 265
18 5 266
18 5 267
18 5 268
18 5 269
18 5 270
18 5 271
18 5 272
18 5 273
18 5 274
18 5 275
18 5 276
18 5 277
18 5 278
18 5 279
18 5 280
18 5 281
18 5 282
18 5 283
18 5 284
18 5 285
18 5 286
18 5 287
18 5 288
18 5 289
18 5 290
18 5 291
18 5 292
18 5 293
18 5 294
18 5 295
18 5 296
18 5 297
18 5 298
18 5 299
18 5 300
18 5 301
18 5 302
18 5 303
18 5 304
18 5 305
18 5 306
18 5 307
18 5 308
18 5 309
18 5 310
18 5 311
18 5 312
18 5 313
18 5 314
18 5 315
18 5 316
18 5 317
18 5 318
18 5 319
18 5 320
18 5 321
18 5 322
18 5 323
18 5 324
18 5 325
18 5 326
18 5 327
18 5 328
18 5 329
18 5 330
18 5 331
18 5 332
18 5 333
18 5 334
18 5 335
18 5 336
18 5 337
18 5 338
18 5 339
18 5 340
18 5 341
18 5 342
18 5 343
18 5 344
18 5 345
18 5 346
18 5 347
18 5 348
18 5 349
18 5 350
18 5 351
18 5 352
18 5 353
18 5 354
18 5 355
18 5 356
18 5 357
18 5 358
18 5 359
18 5 360
18 5 361
18 5 362
18 5 363
18 5 364
18 5 365
18 5 366
18 5 367
18 5 368
18 5 369
18 5 370
18 5 371
18 5 372
18 5 373
18 5 374
18 5 375
18 5 376
18 5 377
18 5 378
18 5 379
18 5 380
18 5 381
18 5 382
18 5 383
18 5 384
18 5 385
18 5 386
18 5 387
18 5 388
18 5 389
18 5 390
18 5 391
18 5 392
18 5 393
18 5 394
18 5 395
18 5 396
18 5 397
18 5 398
18 5 399
18 5 400
18 5 401
18 5 402
18 5 403
18 5 404
18 5 405
18 5 406
18 5 407
18 5 408
18 5 409
18 5 410
18 5 411
18 5 412
18 5 413
18 5 414
18 5 415
18 5 416
18 5 417
18 5 418
18 5 419
18 5 420
18 5 421
18 5 422
18 5 423
18 5 424
18 5 425
18 5 426
18 5 427
18 5 428
18 5 429
18 5 430
18 5 431
18 5 432
18 5 433
18 5 434
18 5 435
18 5 436
18 5 437
18 5 438
18 5 439
18 5 440
18 5 441
18 5 442
18 5 443
18 5 444
18 5 445
18 5 446
18 5 447
18 5 448
18 5 449
18 5 450
18 5 451
18 5 452
18 5 453
18 5 454
18 5 455
18 5 456
18 5 457
18 5 458
18 5 459
18 5 460
18 5 461
18 5 462
18 5 463
18 5 464
18 5 465
18 5 466
18 5 467
18 5 468
18 5 469
18 5 470
18 5 471
18 5 472
18 5 473
18 5 474
18 5 475
18 5 476
18 5 477
18 5 478
18 5 479
18 5 480
18 5 481
18 5 482
18 5 483
18 5 484
18 5 485
18 5 486
18 5 487
18 5 488
18 5 489
18 5 490
18 5 491
18 5 492
18 5 493
18 5 494
18 5 495
18 5 496
18 5 497
18 5 498
18 5 499
18 5 500
18 5 501
18 5 502
18 5 503
18 5 504
18 5 505
18 5 506
18 5 507
18 5 508
18 5 509
18 5 510
18 5 511
18 5 512
18 5 513
18 5 514
18 5 515
18 5 516
18 5 517
18 5 518
18 5 519
18 5 520
18 5 521
18 5 522
18 5 523
18 5 524
18 5 525
18 5 526
18 5 527
18 5 528
18 5 529
18 5 530
18 5 531
18 5 532
18 5 533
18 5 534
18 5 535
18 5 536
18 5 537
18 5 538
18 5 539
18 5 540
18 5 541
18 5 542
18 5 543
18 5 544
18 5 545
18 5 546
18 5 547
18 5 548
18 5 549
18 5 550
18 5 551
18 5 552
18 5 553
18 5 554
18 5 555
18 5 556
18 5 557
18 5 558
18 5 559
18 5 560
18 5 561
18 5 562
18 5 563
18 5 564
18 5 565
18 5 566
18 5 567
18 5 568
18 5 569
18 5 570
18 5 571
18 5 572
18 5 573
18 5 574
18 5 575
18 5 576
18 5 577
18 5 578
18 5 579
18 5 580
18 5 581
18 5 582
18 5 583
18 5 584
18 5 585
18 5 586
18 5 587
18 5 588
18 5 589
18 5 590
18 5 591
18 5 592
18 5 593
18 5 594
18 5 595
18 5 596
18 5 597
18 5 598
18 5 599
18 5 600
18 5 601
18 5 602
18 5 603
18 5 604
18 5 605
18 5 606
18 5 607
18 5 608
18 5 609
18 5 610
18 5 611
18 5 612
18 5 613
18 5 614
18 5 615
18 5 616
18 5 617
18 5 618
18 5 619
18 5 620
18 5 621
18 5 622
18 5 623
18 5 624
18 5 625
18 5 626
18 5 627
18 5 628
18 5 629
18 5 630
18 5 631
18 5 632
18 5 633
18 5 634
18 5 635
18 5 636
18 5 637
18 5 638
18 5 639
18 5 640
18 5 641
18 5 642
18 5 643
18 5 644
18 5 645
18 5 646
18 5 647
18 5 648
18 5 649
18 5 650
18 5 651
18 5 652
18 5 653
18 5 654
18 5 655
18 5 656
18 5 657
18 5 658
18 5 659
18 5 660
18 5 661
18 5 662
18 5 663
18 5 664
18 5 665
18 5 666
18 5 667
18 5 668
18 5 669
18 5 670
18 5 671
18 5 672
18 5 673
18 5 674
18 5 675
18 5 676
18 5 677
18 5 678
18 5 679
18 5 680
18 5 681
18 5 682
18 5 683
18 5 684
18 5 685
18 5 686
18 5 687
18 5 688
18 5 689
18 5 690
18 5 691
18 5 692
18 5 693
18 5 694
18 5 695
18 5 696
18 5 697
18 5 698
18 5 699
18 5 700
18 5 701
18 5 702
18 5 703
18 5 704
18 5 705
18 5 706
18 5 707
18 5 708
18 5 709
18 5 710
18 5 711
18 5 712
18 5 713
18 5 714
18 5 715
18 5 716
18 5 717
18 5 718
18 5 719
18 5 720
18 5 721
18 5 722
18 5 723
18 5 724
18 5 725
18 5 726
18 5 727
18 5 728
18 5 729
18 5 730
18 5 731
18 5 732
18 5 733
18 5 734
18 5 735
18 5 736
18 5 737
18 5 738
18 5 739
18 5 740
18 5 741
18 5 742
18 5 743
18 5 744
18 5 745
18 5 746
18 5 747
18 5 748
18 5 749
18 5 750
18 5 751
18 5 752
18 5 753
18 5 754
18 5 755
18 5 756
18 5 757
18 5 758
18 5 759
18 5 760
18 5 761
18 5 762
18 5 763
18 5 764
18 5 765
18 5 766
18 5 767
18 5 768
18 5 769
18 5 770
18 5 771
18 5 772
18 5 773
18 5 774
18 5 775
18 5 776
18 5 777
18 5 778
18 5 779
18 5 780
18 5 781
18 5 782
18 5 783
18 5 784
18 5 785
18 5 786
18 5 787
18 5 788
18 5 789
18 5 790
18 5 791
18 5 792
18 5 793
18 5 794
18 5 795
18 5 796
18 5 797
18 5 798
18 5 799
18 5 800
18 5 801
18 5 802
18 5 803
18 5 804
18 5 805
18 5 806
18 5 807
18 5 808
18 5 809
18 5 810
18 5 811
18 5 812
18 5 813
18 5 814
18 5 815
18 5 816
18 5 817
18 5 818
18 5 819
18 5 820
18 5 821
18 5 822
18 5 823
18 5 824
18 5 825
18 5 826
18 5 827
18 5 828
18 5 829
18 5 830
18 5 831
18 5 832
18 5 833
18 5 834
18 5 835
18 5 836
18 5 837
18 5 838
18 5 839
18 5 840
18 5 841
18 5 842
18 5 843
18 5 844
18 5 845
18 5 846
18 5 847
18 5 848
18 5 849
18 5 850
18 5 851
18 5 852
18 5 853
18 5 854
18 5 855
18 5 856
18 5 857
18 5 858
18 5 859
18 5 860
18 5 861
18 5 862
18 5 863
18 5 864
18 5 865
18 5 866
18 5 867
18 5 868
18 5 869
18 5 870
18 5 871
18 5 872
18 5 873
18 5 874
18 5 875
18 5 876
18 5 877
18 5 878
18 5 879
18 5 880
18 5 881
18 5 882
18 5 883
18 5 884
18 5 885
18 5 886
18 5 887
18 5 888
18 5 889
18 5 890
18 5 891
18 5 892
18 5 893
18 5 894
18 5 895
18 5 896
18 5 897
18 5 898
18 5 899
18 5 900
18 5 901
18 5 902
18 5 903
18 5 904
18 5 905
18 5 906
18 5 907
18 5 908
18 5 909
18 5 910
18 5 911
18 5 912
18 5 913
18 5 914
18 5 915
18 5 916
18 5 917
18 5 918
18 5 919
18 5 920
18 5 921
18 5 922
18 5 923
18 5 924
18 5 925
18 5 926
18 5 927
18 5 928
18 5 929
18 5 930
18 5 931
18 5 932
18 5 933
18 5 934
18 5 935
18 5 936
18 5 937
18 5 938
18 5 939
18 5 940
18 5 941
18 5 942
18 5 943
18 5 944
18 5 945
18 5 946
18 5 947
18 5 948
18 5 949
18 5 950
18 5 951
18 5 952
18 5 953
18 5 954
18 5 955
18 5 956
18 5 957
18 5 958
18 5 959
18 5 960
18 5 961
18 5 962
18 5 963
18 5 964
18 5 965
18 5 966
18 5 967
18 5 968
18 5 969
18 5 970
18 5 971
18 5 972
18 5 973
18 5 974
18 5 975
18 5 976
18 5 977
18 5 978
18 5 979
18 5 980
18 5 981
18 5 982
18 5 983
18 5 984
18 5 985
18 5 986
18 5 987
18 5 988
18 5 989
18 5 990
18 5 991
18 5 992
18 5 993
18 5 994
18 5 995
18 5 996
18 5 997
18 5 998
18 5 999
18 5 1000
18 5 1001
18 5 1002
18 5 1003
18 5 1004
18 5 1005
18 5 1006
18 5 1007
18 5 1008
18 5 1009
18 5 1010
18 5 1011
18 5 1012
18 5 1013
18 5 1014
18 5 1015
18 5 1016
18 5 1017
18 5 1018
18 5 1019
18 5 1020
18 5 1021
18 5 1022
18 5 1023
18 5 1024
18 5 1025
18 5 1026
18 5 1027
18 5 1028
18 5 1029
18 5 1030
18 5 1031
18 5 1032
18 5 1033
18 5 1034
18 5 1035
18 5 1036
18 5 1037
18 5 1038
18 5 1039
18 5 1040
18 5 1041
18 5 1042
18 5 1043
18 5 1044
18 5 1045
18 5 1046
18 5 1047
18 5 1048
18 5 1049
18 5 1050
18 5 1051
18 5 1052
18 5 1053
18 5 1054
18 5 1055
18 5 1056
18 5 1057
18 5 1058
18 5 1059
18 5 1060
18 5 1061
18 5 1062
18 5 1063
18 5 1064
18 5 1065
18 5 1066
18 5 1067
18 5 1068
18 5 1069
18 5 1070
18 5 1071
18 5 1072
18 5 1073
18 5 1074
18 5 1075
18 5 1076
18 5 1077
18 5 1078
18 5 1079
18 5 1080
18 5 1081
18 5 1082
18 5 1083
18 5 1084
18 5 1085
18 5 1086
18 5 1087
18 5 1088
18 5 1089
18 5 1090
18 5 1091
18 5 1092
18 5 1093
18 5 1094
18 5 1095
18 5 1096
18 5 1097
18 5 1098
18 5 1099
18 5 1100
18 5 1101
18 5 1102
18 5 1103
18 5 1104
18 5 1105
18 5 1106
18 5 1107
18 5 1108
18 5 1109
18 5 1110
18 5 1111
18 5 1112
18 5 1113
18 5 1114
18 5 1115
18 5 1116
18 5 1117
18 5 1118
18 5 1119
18 5 1120
18 5 1121
18 5 1122
18 5 1123
18 5 1124
18 5 1125
18 5 1126
18 5 1127
18 5 1128
18 5 1129
18 5 1130
18 5 1131
18 5 1132
18 5 1133
18 5 1134
18 5 1135
18 5 1136
18 5 1137
18 5 1138
18 5 1139
18 5 1140
18 5 1141
18 5 1142
18 5 1143
18 5 1144
18 5 1145
18 5 1146
18 5 1147
18 5 1148
18 5 1149
18 5 1150
18 5 1151
18 5 1152
18 5 1153
18 5 1154
18 5 1155
18 5 1156
18 5 1157
18 5 1158
18 5 1159
18 5 1160
18 5 1161
18 5 1162
18 5 1163
18 5 1164
18 5 1165
18 5 1166
18 5 1167
18 5 1168
18 5 1169
18 5 1170
18 5 1171
18 5 1172
18 5 1173
18 5 1174
18 5 1175
18 5 1176
18 5 1177
18 5 1178
18 5 1179
18 5 1180
18 5 1181
18 5 1182
18 5 1183
18 5 1184
18 5 1185
18 5 1186
18 5 1187
18 5 1188
18 5 1189
18 5 1190
18 5 1191
18 5 1192
18 5 1193
18 5 1194
18 5 1195
18 5 1196
18 5 1197
18 5 1198
18 5 1199
18 5 1200
18 5 1201
18 5 1202
18 5 1203
18 5 1204
18 5 1205
18 5 1206
18 5 1207
18 5 1208
18 5 1209
18 5 1210
18 5 1211
18 5 1212
18 5 1213
18 5 1214
18 5 1215
18 5 1216
18 5 1217
18 5 1218
18 5 1219
18 5 1220
18 5 1221
18 5 1222
18 5 1223
18 5 1224
18 5 1225
18 5 1226
18 5 1227
18 5 1228
18 5 1229
18 5 1230
18 5 1231
18 5 1232
18 5 1233
18 5 1234
18 5 1235
18 5 1236
18 5 1237
18 5 1238
18 5 1239
18 5 1240
18 5 1241
18 5 1242
18 5 1243
18 5 1244
18 5 1245
18 5 1246
18 5 1247
18 5 1248
18 5 1249
18 5 1250
18 5 1251
18 5 1252
18 5 1253
18 5 1254
18 5 1255
18 5 1256
18 5 1257
18 5 1258
18 5 1259
18 5 1260
18 5 1261
18 5 1262
18 5 1263
18 5 1264
18 5 1265
18 5 1266
18 5 1267
18 5 1268
18 5 1269
18 5 1270
18 5 1271
18 5 1272
18 5 1273
18 5 1274
18 5 1275
18 5 1276
18 5 1277
18 5 1278
18 5 1279
18 5 1280
18 5 1281
18 5 1282
18 5 1283
18 5 1284
18 5 1285
18 5 1286
18 5 1287
18 5 1288
18 5 1289
18 5 1290
18 5 1291
18 5 1292
18 5 1293
18 5 1294
18 5 1295
18 5 1296
18 5 1297
18 5 1298
18 5 1299
18 5 1300
18 5 1301
18 5 1302
18 5 1303
18 5 1304
18 5 1305
18 5 1306
18 5 1307
18 5 1308
18 5 1309
18 5 1310
18 5 1311
18 5 1312
18 5 1313
18 5 1314
18 5 1315
18 5 1316
18 5 1317
18 5 1318
18 5 1319
18 5 1320
18 5 1321
18 5 1322
18 5 1323
18 5 1324
18 5 1325
18 5 1326
18 5 1327
18 5 1328
18 5 1329
18 5 1330
18 5 1331
18 5 1332
18 5 1333
18 5 1334
18 5 1335
18 5 1336
18 5 1337
18 5 1338
18 5 1339
18 5 1340
18 5 1341
18 5 1342
18 5 1343
18 5 1344
18 5 1345
18 5 1346
18 5 1347
18 5 1348
18 5 1349
18 5 1350
18 5 1351
18 5 1352
18 5 1353
18 5 1354
18 5 1355
18 5 1356
18 5 1357
18 5 1358
18 5 1359
18 5 1360
18 5 1361
18 5 1362
18 5 1363
18 5 1364
18 5 1365
18 5 1366
18 5 1367
18 5 1368
18 5 1369
18 5 1370
18 5 1371
18 5 1372
18 5 1373
18 5 1374
18 5 1375
18 5 1376
18 5 1377
18 5 1378
18 5 1379
18 5 1380
18 5 1381
18 5 1382
18 5 1383
18 5 1384
18 5 1385
18 5 1386
18 5 1387
18 5 1388
18 5 1389
18 5 1390
18 5 1391
18 5 1392
18 5 1393
18 5 1394
18 5 1395
18 5 1396
18 5 1397
18 5 1398
18 5 1399
18 5 1400
18 5 1401
18 5 1402
18 5 1403
18 5 1404
18 5 1405
18 5 1406
18 5 1407
18 5 1408
18 5 1409
18 5 1410
18 5 1411
18 5 1412
18 5 1413
18 5 1414
18 5 1415
18 5 1416
18 5 1417
18 5 1418
18 5 1419
18 5 1420
18 5 1421
18 5 1422
18 5 1423
18 5 1424
18 5 1425
18 5 1426
18 5 1427
18 5 1428
18 5 1429
18 5 1430
18 5 1431
18 5 1432
18 5 1433
18 5 1434
18 5 1435
18 5 1436
18 5 1437
18 5 1438
18 5 1439
18 5 1440
18 5 1441
18 5 1442
18 5 1443
18 5 1444
18 5 1445
18 5 1446
18 5 1447
18 5 1448
18 5 1449
18 5 1450
18 5 1451
18 5 1452
18 5 1453
18 5 1454
18 5 1455
18 5 1456
18 5 1457
18 5 1458
18 5 1459
18 5 1460
18 5 1461
18 5 1462
18 5 1463
18 5 1464
18 5 1465
18 5 1466
18 5 1467
18 5 1468
18 5 1469
18 5 1470
18 5 1471
18 5 1472
18 5 1473
18 5 1474
18 5 1475
18 5 1476
18 5 1477
18 5 1478
18 5 1479
18 5 1480
18 5 1481
18 5 1482
18 5 1483
18 5 1484
18 5 1485
18 5 1486
18 5 1487
18 5 1488
18 5 1489
18 5 1490
18 5 1491
18 5 1492
18 5 1493
18 5 1494
18 5 1495
18 5 1496
18 5 1497
18 5 1498
18 5 1499
18 5 1500
18 5 1501
18 5 1502
18 5 1503
18 5 1504
18 5 1505
18 5 1506
18 5 1507
18 5 1508
18 5 1509
18 5 1510
18 5 1511
18 5 1512
18 5 1513
18 5 1514
18 5 1515
18 5 1516
18 5 1517
18 5 1518
18 5 1519
18 5 1520
18 5 1521
18 5 1522
18 5 1523
18 5 1524
18 5 1525
18 5 1526
18 5 1527
18 5 1528
18 5 1529
18 5 1530
18 5 1531
18 5 1532
18 5 1533
18 5 1534
18 5 1535
18 5 1536
18 5 1537
18 5 1538
18 5 1539
18 5 1540
18 5 1541
18 5 1542
18 5 1543
18 5 1544
18 5 1545
18 5 1546
18 5 1547
18 5 1548
18 5 1549
18 5 1550
18 5 1551
18 5 1552
18 5 1553
18 5 1554
18 5 1555
18 5 1556
18 5 1557
18 5 1558
18 5 1559
18 5 1560
18 5 1561
18 5 1562
18 5 1563
18 5 1564
18 5 1565
18 5 1566
18 5 1567
18 5 1568
18 5 1569
18 5 1570
18 5 1571
18 5 1572
18 5 1573
18 5 1574
18 5 1575
18 5 1576
18 5 1577
18 5 1578
18 5 1579
18 5 1580
18 5 1581
18 5 1582
18 5 1583
18 5 1584
18 5 1585
18 5 1586
18 5 1587
18 5 1588
18 5 1589
18 5 1590
18 5 1591
18 5 1592
18 5 1593
18 5 1594
18 5 1595
18 5 1596
18 5 1597
18 5 1598
18 5 1599
18 5 1600
18 5 1601
18 5 1602
18 5 1603
18 5 1604
18 5 1605
18 5 1606
18 5 1607
18 5 1608
18 5 1609
18 5 1610
18 5 1611
18 5 1612
18 5 1613
18 5 1614
18 5 1615
18 5 1616
18 5 1617
18 5 1618
18 5 1619
18 5 1620
18 5 1621
18 5 1622
18 5 1623
18 5 1624
18 5 1625
18 5 1626
18 5 1627
18 5 1628
18 5 1629
18 5 1630
18 5 1631
18 5 1632
18 5 1633
18 5 1634
18 5 1635
18 5 1636
18 5 1637
18 5 1638
18 5 1639
18 5 1640
18 5 1641
18 5 1642
18 5 1643
18 5 1644
18 5 1645
18 5 1646
18 5 1647
18 5 1648
18 5 1649
18 5 1650
18 5 1651
18 5 1652
18 5 1653
18 5 1654
18 5 1655
18 5 1656
18 5 1657
18 5 1658
18 5 1659
18 5 1660
18 5 1661
18 5 1662
18 5 1663
18 5 1664
18 5 1665
18 5 1666
18 5 1667
18 5 1668
18 5 1669
18 5 1670
18 5 1671
18 5 1672
18 5 1673
18 5 1674
18 5 1675
18 5 1676
18 5 1677
18 5 1678
18 5 1679
18 5 1680
18 5 1681
18 5 1682
18 5 1683
18 5 1684
18 5 1685
18 5 1686
18 5 1687
18 5 1688
18 5 1689
18 5 1690
18 5 1691
18 5 1692
18 5 1693
18 5 1694
18 5 1695
18 5 1696
18 5 1697
18 5 1698
18 5 1699
18 5 1700
18 5 1701
18 5 1702
18 5 1703
18 5 1704
18 5 1705
18 5 1706
18 5 1707
18 5 1708
18 5 1709
18 5 1710
18 5 1711
18 5 1712
18 5 1713
18 5 1714
18 5 1715
18 5 1716
18 5 1717
18 5 1718
18 5 1719
18 5 1720
18 5 1721
18 5 1722
18 5 1723
18 5 1724
18 5 1725
18 5 1726
18 5 1727
18 5 1728
18 5 1729
18 5 1730
18 5 1731
18 5 1732
18 5 1733
18 5 1734
18 5 1735
18 5 1736
18 5 1737
18 5 1738
18 5 1739
18 5 1740
18 5 1741
18 5 1742
18 5 1743
18 5 1744
18 5 1745
18 5 1746
18 5 1747
18 5 1748
18 5 1749
18 5 1750
18 5 1751
18 5 1752
18 5 1753
18 5 1754
18 5 1755
18 5 1756
18 5 1757
18 5 1758
18 5 1759
18 5 1760
18 5 1761
18 5 1762
18 5 1763
18 5 1764
18 5 1765
18 5 1766
18 5 1767
18 5 1768
18 5 1769
18 5 1770
18 5 1771
18 5 1772
18 5 1773
18 5 1774
18 5 1775
18 5 1776
18 5 1777
18 5 1778
18 5 1779
18 5 1780
18 5 1781
18 5 1782
18 5 1783
18 5 1784
18 5 1785
18 5 1786
18 5 1787
18 5 1788
18 5 1789
18 5 1790
18 5 1791
18 5 1792
18 5 1793
18 5 1794
18 5 1795
18 5 1796
18 5 1797
18 5 1798
18 5 1799
18 5 1800
18 5 1801
18 5 1802
18 5 1803
18 5 1804
18 5 1805
18 5 1806
18 5 1807
18 5 1808
18 5 1809
18 5 1810
18 5 1811
18 5 1812
18 5 1813
18 5 1814
18 5 1815
18 5 1816
18 5 1817
18 5 1818
18 5 1819
18 5 1820
18 5 1821
18 5 1822
18 5 1823
18 5 1824
18 5 1825
18 5 1826
18 5 1827
18 5 1828
18 5 1829
18 5 1830
18 5 1831
18 5 1832
18 5 1833
18 5 1834
18 5 1835
18 5 1836
18 5 1837
18 5 1838
18 5 1839
18 5 1840
18 5 1841
18 5 1842
18 5 1843
18 5 1844
18 5 1845
18 5 1846
18 5 1847
18 5 1848
18 5 1849
18 5 1850
18 5 1851
18 5 1852
18 5 1853
18 5 1854
18 5 1855
18 5 1856
18 5 1857
18 5 1858
18 5 1859
18 5 1860
18 5 1861
18 5 1862
18 5 1863
18 5 1864
18 5 1865
18 5 1866
18 5 1867
18 5 1868
18 5 1869
18 5 1870
18 5 1871
18 5 1872
18 5 1873
18 5 1874
18 5 1875
18 5 1876
18 5 1877
18 5 1878
18 5 1879
18 5 1880
18 5 1881
18 5 1882
18 5 1883
18 5 1884
18 5 1885
18 5 1886
18 5 1887
18 5 1888
18 5 1889
18 5 1890
18 5 1891
18 5 1892
18 5 1893
18 5 1894
18 5 1895
18 5 1896
18 5 1897
18 5 1898
18 5 1899
18 5 1900
18 5 1901
18 5 1902
18 5 1903
18 5 1904
18 5 1905
18 5 1906
18 5 1907
18 5 1908
18 5 1909
18 5 1910
18 5 1911
18 5 1912
18 5 1913
18 5 1914
18 5 1915
18 5 1916
18 5 1917
18 5 1918
18 5 1919
18 5 1920
18 5 1921
18 5 1922
18 5 1923
18 5 1924
18 5 1925
18 5 1926
18 5 1927
18 5 1928
18 5 1929
18 5 1930
18 5 1931
18 5 1932
18 5 1933
18 5 1934
18 5 1935
18 5 1936
18 5 1937
18 5 1938
18 5 1939
18 5 1940
18 5 1941
18 5 1942
18 5 1943
18 5 1944
18 5 1945
18 5 1946
18 5 1947
18 5 1948
18 5 1949
18 5 1950
18 5 1951
18 5 1952
18 5 1953
18 5 1954
18 5 1955
18 5 1956
18 5 1957
18 5 1958
18 5 1959
18 5 1960
18 5 1961
18 5 1962
18 5 1963
18 5 1964
18 5 1965
18 5 1966
18 5 1967
18 5 1968
18 5 1969
18 5 1970
18 5 1971
18 5 1972
18 5 1973
18 5 1974
18 5 1975
18 5 1976
18 5 1977
18 5 1978
18 5 1979
18 5 1980
18 5 1981
18 5 1982
18 5 1983
18 5 1984
18 5 1985
18 5 1986
18 5 1987
18 5 1988
18 5 1989
18 5 1990
18 5 1991
18 5 1992
18 5 1993
18 5 1994
18 5 1995
18 5 1996
18 5 1997
18 5 1998
18 5 1999
18 5 2000
18 5 2001
18 5 2002
18 5 2003
18 5 2004
18 5 2005
18 5 2006
18 5 2007
18 5 2008
18 5 2009
18 5 2010
18 5 2011
18 5 2012
18 5 2013
18 5 2014
18 5 2015
18 5 2016
18 5 2017
18 5 2018
18 5 2019
18 5 2020
18 5 2021
18 5 2022
18 5 2023
18 5 2024
18 5 2025
18 5 2026
18 5 2027
18 5 2028
18 5 2029
18 5 2030
18 5 2031
18 5 2032
18 5 2033
18 5 2034
18 5 2035
18 5 2036
18 5 2037
18 5 2038
18 5 2039
18 5 2040
18 5 2041
18 5 2042
18 5 2043
18 5 2044
18 5 2045
18 5 2046
18 5 2047
18 5 2048
18 5 2049
18 5 2050
18 5 2051
18 5 2052
18 5 2053
18 5 2054
18 5 2055
18 5 2056
18 5 2057
18 5 2058
18 5 2059
18 5 2060
18 5 2061
18 5 2062
18 5 2063
18 5 2064
18 5 2065
18 5 2066
18 5 2067
18 5 2068
18 5 2069
18 5 2070
18 5 2071
18 5 2072
18 5 2073
18 5 2074
18 5 2075
18 5 2076
18 5 2077
18 5 2078
18 5 2079
18 5 2080
18 5 2081
18 5 2082
18 5 2083
18 5 2084
18 5 2085
18 5 2086
18 5 2087
18 5 2088
18 5 2089
18 5 2090
18 5 2091
18 5 2092
18 5 2093
18 5 2094
18 5 2095
18 5 2096
18 5 2097
18 5 2098
18 5 2099
18 5 2100
18 5 2101
18 5 2102
18 5 2103
18 5 2104
18 5 2105
18 5 2106
18 5 2107
18 5 2108
18 5 2109
18 5 2110
18 5 2111
18 5 2112
18 5 2113
18 5 2114
18 5 2115
18 5 2116
18 5 2117
18 5 2118
18 5 2119
18 5 2120
18 5 2121
18 5 2122
18 5 2123
18 5 2124
18 5 2125
18 5 2126
18 5 2127
18 5 2128
18 5 2129
18 5 2130
18 5 2131
18 5 2132
18 5 2133
18 5 2134
18 5 2135
18 5 2136
18 5 2137
18 5 2138
18 5 2139
18 5 2140
18 5 2141
18 5 2142
18 5 2143
18 5 2144
18 5 2145
18 5 2146
18 5 2147
18 5 2148
18 5 2149
18 5 2150
18 5 2151
18 5 2152
18 5 2153
18 5 2154
18 5 2155
18 5 2156
18 5 2157
18 5 2158
18 5 2159
18 5 2160
18 5 2161
18 5 2162
18 5 2163
18 5 2164
18 5 2165
18 5 2166
18 5 2167
18 5 2168
18 5 2169
18 5 2170
18 5 2171
18 5 2172
18 5 2173
18 5 2174
18 5 2175
18 5 2176
18 5 2177
18 5 2178
18 5 2179
18 5 2180
18 5 2181
18 5 2182
18 5 2183
18 5 2184
18 5 2185
18 5 2186
18 5 2187
18 5 2188
18 5 2189
18 5 2190
18 5 2191
18 5 2192
18 5 2193
18 5 2194
18 5 2195
18 5 2196
18 5 2197
18 5 2198
18 5 2199
18 5 2200
18 5 2201
18 5 2202
18 5 2203
18 5 2204
18 5 2205
18 5 2206
18 5 2207
18 5 2208
18 5 2209
18 5 2210
18 5 2211
18 5 2212
18 5 2213
18 5 2214
18 5 2215
18 5 2216
18 5 2217
18 5 2218
18 5 2219
18 5 2220
18 5 2221
18 5 2222
18 5 2223
18 5 2224
18 5 2225
18 5 2226
18 5 2227
18 5 2228
18 5 2229
18 5 2230
18 5 2231
18 5 2232
18 5 2233
18 5 2234
18 5 2235
18 5 2236
18 5 2237
18 5 2238
18 5 2239
18 5 2240
18 5 2241
18 5 2242
18 5 2243
18 5 2244
18 5 2245
18 5 2246
18 5 2247
18 5 2248
18 5 2249
18 5 2250
18 5 2251
18 5 2252
18 5 2253
18 5 2254
18 5 2255
18 5 2256
18 5 2257
18 5 2258
18 5 2259
18 5 2260
18 5 2261
18 5 2262
18 5 2263
18 5 2264
18 5 2265
18 5 2266
18 5 2267
18 5 2268
18 5 2269
18 5 2270
18 5 2271
18 5 2272
18 5 2273
18 5 2274
18 5 2275
18 5 2276
18 5 2277
18 5 2278
18 5 2279
18 5 2280
18 5 2281
18 5 2282
18 5 2283
18 5 2284
18 5 2285
18 5 2286
18 5 2287
18 5 2288
18 5 2289
18 5 2290
18 5 2291
18 5 2292
18 5 2293
18 5 2294
18 5 2295
18 5 2296
18 5 2297
18 5 2298
18 5 2299
18 5 2300
18 5 2301
18 5 2302
18 5 2303
18 5 2304
18 5 2305
18 5 2306
18 5 2307
18 5 2308
18 5 2309
18 5 2310
18 5 2311
18 5 2312
18 5 2313
18 5 2314
18 5 2315
18 5 2316
18 5 2317
18 5 2318
18 5 2319
18 5 2320
18 5 2321
18 5 2322
18 5 2323
18 5 2324
18 5 2325
18 5 2326
18 5 2327
18 5 2328
18 5 2329
18 5 2330
18 5 2331
18 5 2332
18 5 2333
18 5 2334
18 5 2335
18 5 2336
18 5 2337
18 5 2338
18 5 2339
18 5 2340
18 5 2341
18 5 2342
18 5 2343
18 5 2344
18 5 2345
18 5 2346
18 5 2347
18 5 2348
18 5 2349
18 5 2350
18 5 2351
18 5 2352
18 5 2353
18 5 2354
18 5 2355
18 5 2356
18 5 2357
18 5 2358
18 5 2359
18 5 2360
18 5 2361
18 5 2362
18 5 2363
18 5 2364
18 5 2365
18 5 2366
18 5 2367
18 5 2368
18 5 2369
18 5 2370
18 5 2371
18 5 2372
18 5 2373
18 5 2374
18 5 2375
18 5 2376
18 5 2377
18 5 2378
18 5 2379
18 5 2380
18 5 2381
18 5 2382
18 5 2383
18 5 2384
18 5 2385
18 5 2386
18 5 2387
18 5 2388
18 5 2389
18 5 2390
18 5 2391
18 5 2392
18 5 2393
18 5 2394
18 5 2395
18 5 2396
18 5 2397
18 5 2398
18 5 2399
18 5 2400
18 5 2401
18 5 2402
18 5 2403
18 5 2404
18 5 2405
18 5 2406
18 5 2407
18 5 2408
18 5 2409
18 5 2410
18 5 2411
18 5 2412
18 5 2413
18 5 2414
18 5 2415
18 5 2416
18 5 2417
18 5 2418
18 5 2419
18 5 2420
18 5 2421
18 5 2422
18 5 2423
18 5 2424
18 5 2425
18 5 2426
18 5 2427
18 5 2428
18 5 2429
18 5 2430
18 5 2431
18 5 2432
18 5 2433
18 5 2434
18 5 2435
18 5 2436
18 5 2437
18 5 2438
18 5 2439
18 5 2440
18 5 2441
18 5 2442
18 5 2443
18 5 2444
18 5 2445
18 5 2446
18 5 2447
18 5 2448
18 5 2449
18 5 2450
18 5 2451
18 5 2452
18 5 2453
18 5 2454
18 5 2455
18 5 2456
18 5 2457
