20 6 1
20 6 2
20 6 3
20 6 4
20 6 5
20 6 6
20 6 7
20 6 8
20 6 9
20 6 10
20 6 11
20 6 12
20 6 13
20 6 14
20 6 15
20 6 16
20 6 17
20 6 18
20 6 19
20 6 20
20 6 21
20 6 22
20 6 23
20 6 24
20 6 25
20 6 26
20 6 27
20 6 28
20 6 29
20 6 30
20 6 31
20 6 32
20 6 33
20 6 34
20 6 35
20 6 36
20 6 37
20 6 38
20 6 39
20 6 40
20 6 41
20 6 42
20 6 43
20 6 44
20 6 45
20 6 46
20 6 47
20 6 48
20 6 49
20 6 50
20 6 51
20 6 52
20 6 53
20 6 54
20 6 55
20 6 56
20 6 57
20 6 58
20 6 59
20 6 60
20 6 61
20 6 62
20 6 63
20 6 64
20 6 65
20 6 66
20 6 67
20 6 68
20 6 69
20 6 70
20 6 71
20 6 72
20 6 73
20 6 74
20 6 75
20 6 76
20 6 77
20 6 78
20 6 79
20 6 80
20 6 81
20 6 82
20 6 83
20 6 84
20 6 85
20 6 86
20 6 87
20 6 88
20 6 89
20 6 90
20 6 91
20 6 92
20 6 93
20 6 94
20 6 95
20 6 96
20 6 97
20 6 98
20 6 99
20 6 100
20 6 101
20 6 102
20 6 103
20 6 104
20 6 105
20 6 106
20 6 107
20 6 108
20 6 109
20 6 110
20 6 111
20 6 112
20 6 113
20 6 114
20 6 115
20 6 116
20 6 117
20 6 118
20 6 119
20 6 120
20 6 121
20 6 122
20 6 123
20 6 124
20 6 125
20 6 126
20 6 127
20 6 128
20 6 129
20 6 130
20 6 131
20 6 132
20 6 133
20 6 134
20 6 135
20 6 136
20 6 137
20 6 138
20 6 139
20 6 140
20 6 141
20 6 142
20 6 143
20 6 144
20 6 145
20 6 146
20 6 147
20 6 148
20 6 149
20 6 150
20 6 151
20 6 152
20 6 153
20 6 154
20 6 155
20 6 156
20 6 157
20 6 158
20 6 159
20 6 160
20 6 161
20 6 162
20 6 163
20 6 164
20 6 165
20 6 166
20 6 167
20 6 168
20 6 169
20 6 170
20 6 171
20 6 172
20 6 173
20 6 174
20 6 175
20 6 176
20 6 177
20 6 178
20 6 179
20 6 180
20 6 181
20 6 182
20 6 183
20 6 184
20 6 185
20 6 186
20 6 187
20 6 188
20 6 189
20 6 190
20 6 191
20 6 192
20 6 193
20 6 194
20 6 195
20 6 196
20 6 197
20 6 198
20 6 199
20 6 200
20 6 201
20 6 202
20 6 203
20 6 204
20 6 205
20 6 206
20 6 207
20 6 208
20 6 209
20 6 210
20 6 211
20 6 212
20 6 213
20 6 214
20 6 215
20 6 216
20 6 217
20 6 218
20 6 219
20 6 220
20 6 221
20 6 222
20 6 223
20 6 224
20 6 225
20 6 226
20 6 227
20 6 228
20 6 229
20 6 230
20 6 231
20 6 232
20 6 233
20 6 234
20 6 235
20 6 236
20 6 237
20 6 238
20 6 239
20 6 240
20 6 241
20 6 242
20 6 243
20 6 244
20 6 245
20 6 246
20 6 247
20 6 248
20 6 249
20 6 250
20 6 251
20 6 252
20 6 253
20 6 254
20 6 255
20 6 256
20 6 257
20 6 258
20 6 259
20 6 260
20 6 261
20 6 262
20 6 263
20 6 264
20 6 265
20 6 266
20 6 267
20 6 268
20 6 269
20 6 270
20 6 271
20 6 272
20 6 273
20 6 274
20 6 275
20 6 276
20 6 277
20 6 278
20 6 279
20 6 280
20 6 281
20 6 282
20 6 283
20 6 284
20 6 285
20 6 286
20 6 287
20 6 288
20 6 289
20 6 290
20 6 291
20 6 292
20 6 293
20 6 294
20 6 295
20 6 296
20 6 297
20 6 298
20 6 299
20 6 300
20 6 301
20 6 302
20 6 303
20 6 304
20 6 305
20 6 306
20 6 307
20 6 308
20 6 309
20 6 310
20 6 311
20 6 312
20 6 313
20 6 314
20 6 315
20 6 316
20 6 317
20 6 318
20 6 319
20 6 320
20 6 321
20 6 322
20 6 323
20 6 324
20 6 325
20 6 326
20 6 327
20 6 328
20 6 329
20 6 330
20 6 331
20 6 332
20 6 333
20 6 334
20 6 335
20 6 336
20 6 337
20 6 338
20 6 339
20 6 340
20 6 341
20 6 342
20 6 343
20 6 344
20 6 345
20 6 346
20 6 347
20 6 348
20 6 349
20 6 350
20 6 351
20 6 352
20 6 353
20 6 354
20 6 355
20 6 356
20 6 357
20 6 358
20 6 359
20 6 360
20 6 361
20 6 362
20 6 363
20 6 364
20 6 365
20 6 366
20 6 367
20 6 368
20 6 369
20 6 370
20 6 371
20 6 372
20 6 373
20 6 374
20 6 375
20 6 376
20 6 377
20 6 378
20 6 379
20 6 380
20 6 381
20 6 382
20 6 383
20 6 384
20 6 385
20 6 386
20 6 387
20 6 388
20 6 389
20 6 390
20 6 391
20 6 392
20 6 393
20 6 394
20 6 395
20 6 396
20 6 397
20 6 398
20 6 399
20 6 400
20 6 401
20 6 402
20 6 403
20 6 404
20 6 405
20 6 406
20 6 407
20 6 408
20 6 409
20 6 410
20 6 411
20 6 412
20 6 413
20 6 414
20 6 415
20 6 416
20 6 417
20 6 418
20 6 419
20 6 420
20 6 421
20 6 422
20 6 423
20 6 424
20 6 425
20 6 426
20 6 427
20 6 428
20 6 429
20 6 430
20 6 431
20 6 432
20 6 433
20 6 434
20 6 435
20 6 436
20 6 437
20 6 438
20 6 439
20 6 440
20 6 441
20 6 442
20 6 443
20 6 444
20 6 445
20 6 446
20 6 447
20 6 448
20 6 449
20 6 450
20 6 451
20 6 452
20 6 453
20 6 454
20 6 455
20 6 456
20 6 457
20 6 458
20 6 459
20 6 460
20 6 461
20 6 462
20 6 463
20 6 464
20 6 465
20 6 466
20 6 467
20 6 468
20 6 469
20 6 470
20 6 471
20 6 472
20 6 473
20 6 474
20 6 475
20 6 476
20 6 477
20 6 478
20 6 479
20 6 480
20 6 481
20 6 482
20 6 483
20 6 484
20 6 485
20 6 486
20 6 487
20 6 488
20 6 489
20 6 490
20 6 491
20 6 492
20 6 493
20 6 494
20 6 495
20 6 496
20 6 497
20 6 498
20 6 499
20 6 500
20 6 501
20 6 502
20 6 503
20 6 504
20 6 505
20 6 506
20 6 507
20 6 508
20 6 509
20 6 510
20 6 511
20 6 512
20 6 513
20 6 514
20 6 515
20 6 516
20 6 517
20 6 518
20 6 519
20 6 520
20 6 521
20 6 522
20 6 523
20 6 524
20 6 525
20 6 526
20 6 527
20 6 528
20 6 529
20 6 530
20 6 531
20 6 532
20 6 533
20 6 534
20 6 535
20 6 536
20 6 537
20 6 538
20 6 539
20 6 540
20 6 541
20 6 542
20 6 543
20 6 544
20 6 545
20 6 546
20 6 547
20 6 548
20 6 549
20 6 550
20 6 551
20 6 552
20 6 553
20 6 554
20 6 555
20 6 556
20 6 557
20 6 558
20 6 559
20 6 560
20 6 561
20 6 562
20 6 563
20 6 564
20 6 565
20 6 566
20 6 567
20 6 568
20 6 569
20 6 570
20 6 571
20 6 572
20 6 573
20 6 574
20 6 575
20 6 576
20 6 577
20 6 578
20 6 579
20 6 580
20 6 581
20 6 582
20 6 583
20 6 584
20 6 585
20 6 586
20 6 587
20 6 588
20 6 589
20 6 590
20 6 591
20 6 592
20 6 593
20 6 594
20 6 595
20 6 596
20 6 597
20 6 598
20 6 599
20 6 600
20 6 601
20 6 602
20 6 603
20 6 604
20 6 605
20 6 606
20 6 607
20 6 608
20 6 609
20 6 610
20 6 611
20 6 612
20 6 613
20 6 614
20 6 615
20 6 616
20 6 617
20 6 618
20 6 619
20 6 620
20 6 621
20 6 622
20 6 623
20 6 624
20 6 625
20 6 626
20 6 627
20 6 628
20 6 629
20 6 630
20 6 631
20 6 632
20 6 633
20 6 634
20 6 635
20 6 636
20 6 637
20 6 638
20 6 639
20 6 640
20 6 641
20 6 642
20 6 643
20 6 644
20 6 645
20 6 646
20 6 647
20 6 648
20 6 649
20 6 650
20 6 651
20 6 652
20 6 653
20 6 654
20 6 655
20 6 656
20 6 657
20 6 658
20 6 659
20 6 660
20 6 661
20 6 662
20 6 663
20 6 664
20 6 665
20 6 666
20 6 667
20 6 668
20 6 669
20 6 670
20 6 671
20 6 672
20 6 673
20 6 674
20 6 675
20 6 676
20 6 677
20 6 678
20 6 679
20 6 680
20 6 681
20 6 682
20 6 683
20 6 684
20 6 685
20 6 686
20 6 687
20 6 688
20 6 689
20 6 690
20 6 691
20 6 692
20 6 693
20 6 694
20 6 695
20 6 696
20 6 697
20 6 698
20 6 699
20 6 700
20 6 701
20 6 702
20 6 703
20 6 704
20 6 705
20 6 706
20 6 707
20 6 708
20 6 709
20 6 710
20 6 711
20 6 712
20 6 713
20 6 714
20 6 715
20 6 716
20 6 717
20 6 718
20 6 719
20 6 720
20 6 721
20 6 722
20 6 723
20 6 724
20 6 725
20 6 726
20 6 727
20 6 728
20 6 729
20 6 730
20 6 731
20 6 732
20 6 733
20 6 734
20 6 735
20 6 736
20 6 737
20 6 738
20 6 739
20 6 740
20 6 741
20 6 742
20 6 743
20 6 744
20 6 745
20 6 746
20 6 747
20 6 748
20 6 749
20 6 750
20 6 751
20 6 752
20 6 753
20 6 754
20 6 755
20 6 756
20 6 757
20 6 758
20 6 759
20 6 760
20 6 761
20 6 762
20 6 763
20 6 764
20 6 765
20 6 766
20 6 767
20 6 768
20 6 769
20 6 770
20 6 771
20 6 772
20 6 773
20 6 774
20 6 775
20 6 776
20 6 777
20 6 778
20 6 779
20 6 780
20 6 781
20 6 782
20 6 783
20 6 784
20 6 785
20 6 786
20 6 787
20 6 788
20 6 789
20 6 790
20 6 791
20 6 792
20 6 793
20 6 794
20 6 795
20 6 796
20 6 797
20 6 798
20 6 799
20 6 800
20 6 801
20 6 802
20 6 803
20 6 804
20 6 805
20 6 806
20 6 807
20 6 808
20 6 809
20 6 810
20 6 811
20 6 812
20 6 813
20 6 814
20 6 815
20 6 816
20 6 817
20 6 818
20 6 819
20 6 820
20 6 821
20 6 822
20 6 823
20 6 824
20 6 825
20 6 826
20 6 827
20 6 828
20 6 829
20 6 830
20 6 831
20 6 832
20 6 833
20 6 834
20 6 835
20 6 836
20 6 837
20 6 838
20 6 839
20 6 840
20 6 841
20 6 842
20 6 843
20 6 844
20 6 845
20 6 846
20 6 847
20 6 848
20 6 849
20 6 850
20 6 851
20 6 852
20 6 853
20 6 854
20 6 855
20 6 856
20 6 857
20 6 858
20 6 859
20 6 860
20 6 861
20 6 862
20 6 863
20 6 864
20 6 865
20 6 866
20 6 867
20 6 868
20 6 869
20 6 870
20 6 871
20 6 872
20 6 873
20 6 874
20 6 875
20 6 876
20 6 877
20 6 878
20 6 879
20 6 880
20 6 881
20 6 882
20 6 883
20 6 884
20 6 885
20 6 886
20 6 887
20 6 888
20 6 889
20 6 890
20 6 891
20 6 892
20 6 893
20 6 894
20 6 895
20 6 896
20 6 897
20 6 898
20 6 899
20 6 900
20 6 901
20 6 902
20 6 903
20 6 904
20 6 905
20 6 906
20 6 907
20 6 908
20 6 909
20 6 910
20 6 911
20 6 912
20 6 913
20 6 914
20 6 915
20 6 916
20 6 917
20 6 918
20 6 919
20 6 920
20 6 921
20 6 922
20 6 923
20 6 924
20 6 925
20 6 926
20 6 927
20 6 928
20 6 929
20 6 930
20 6 931
20 6 932
20 6 933
20 6 934
20 6 935
20 6 936
20 6 937
20 6 938
20 6 939
20 6 940
20 6 941
20 6 942
20 6 943
20 6 944
20 6 945
20 6 946
20 6 947
20 6 948
20 6 949
20 6 950
20 6 951
20 6 952
20 6 953
20 6 954
20 6 955
20 6 956
20 6 957
20 6 958
20 6 959
20 6 960
20 6 961
20 6 962
20 6 963
20 6 964
20 6 965
20 6 966
20 6 967
20 6 968
20 6 969
20 6 970
20 6 971
20 6 972
20 6 973
20 6 974
20 6 975
20 6 976
20 6 977
20 6 978
20 6 979
20 6 980
20 6 981
20 6 982
20 6 983
20 6 984
20 6 985
20 6 986
20 6 987
20 6 988
20 6 989
20 6 990
20 6 991
20 6 992
20 6 993
20 6 994
20 6 995
20 6 996
20 6 997
20 6 998
20 6 999
20 6 1000
20 6 1001
20 6 1002
20 6 1003
20 6 1004
20 6 1005
20 6 1006
20 6 1007
20 6 1008
20 6 1009
20 6 1010
20 6 1011
20 6 1012
20 6 1013
20 6 1014
20 6 1015
20 6 1016
20 6 1017
20 6 1018
20 6 1019
20 6 1020
20 6 1021
20 6 1022
20 6 1023
20 6 1024
20 6 1025
20 6 1026
20 6 1027
20 6 1028
20 6 1029
20 6 1030
20 6 1031
20 6 1032
20 6 1033
20 6 1034
20 6 1035
20 6 1036
20 6 1037
20 6 1038
20 6 1039
20 6 1040
20 6 1041
20 6 1042
20 6 1043
20 6 1044
20 6 1045
20 6 1046
20 6 1047
20 6 1048
20 6 1049
20 6 1050
20 6 1051
20 6 1052
20 6 1053
20 6 1054
20 6 1055
20 6 1056
20 6 1057
20 6 1058
20 6 1059
20 6 1060
20 6 1061
20 6 1062
20 6 1063
20 6 1064
20 6 1065
20 6 1066
20 6 1067
20 6 1068
20 6 1069
20 6 1070
20 6 1071
20 6 1072
20 6 1073
20 6 1074
20 6 1075
20 6 1076
20 6 1077
20 6 1078
20 6 1079
20 6 1080
20 6 1081
20 6 1082
20 6 1083
20 6 1084
20 6 1085
20 6 1086
20 6 1087
20 6 1088
20 6 1089
20 6 1090
20 6 1091
20 6 1092
20 6 1093
20 6 1094
20 6 1095
20 6 1096
20 6 1097
20 6 1098
20 6 1099
20 6 1100
20 6 1101
20 6 1102
20 6 1103
20 6 1104
20 6 1105
20 6 1106
20 6 1107
20 6 1108
20 6 1109
20 6 1110
20 6 1111
20 6 1112
20 6 1113
20 6 1114
20 6 1115
20 6 1116
20 6 1117
20 6 1118
20 6 1119
20 6 1120
20 6 1121
20 6 1122
20 6 1123
20 6 1124
20 6 1125
20 6 1126
20 6 1127
20 6 1128
20 6 1129
20 6 1130
20 6 1131
20 6 1132
20 6 1133
20 6 1134
20 6 1135
20 6 1136
20 6 1137
20 6 1138
20 6 1139
20 6 1140
20 6 1141
20 6 1142
20 6 1143
20 6 1144
20 6 1145
20 6 1146
20 6 1147
20 6 1148
20 6 1149
20 6 1150
20 6 1151
20 6 1152
20 6 1153
20 6 1154
20 6 1155
20 6 1156
20 6 1157
20 6 1158
20 6 1159
20 6 1160
20 6 1161
20 6 1162
20 6 1163
20 6 1164
20 6 1165
20 6 1166
20 6 1167
20 6 1168
20 6 1169
20 6 1170
20 6 1171
20 6 1172
20 6 1173
20 6 1174
20 6 1175
20 6 1176
20 6 1177
20 6 1178
20 6 1179
20 6 1180
20 6 1181
20 6 1182
20 6 1183
20 6 1184
20 6 1185
20 6 1186
20 6 1187
20 6 1188
20 6 1189
20 6 1190
20 6 1191
20 6 1192
20 6 1193
20 6 1194
20 6 1195
20 6 1196
20 6 1197
20 6 1198
20 6 1199
20 6 1200
20 6 1201
20 6 1202
20 6 1203
20 6 1204
20 6 1205
20 6 1206
20 6 1207
20 6 1208
20 6 1209
20 6 1210
20 6 1211
20 6 1212
20 6 1213
20 6 1214
20 6 1215
20 6 1216
20 6 1217
20 6 1218
20 6 1219
20 6 1220
20 6 1221
20 6 1222
20 6 1223
20 6 1224
20 6 1225
20 6 1226
20 6 1227
20 6 1228
20 6 1229
20 6 1230
20 6 1231
20 6 1232
20 6 1233
20 6 1234
20 6 1235
20 6 1236
20 6 1237
20 6 1238
20 6 1239
20 6 1240
20 6 1241
20 6 1242
20 6 1243
20 6 1244
20 6 1245
20 6 1246
20 6 1247
20 6 1248
20 6 1249
20 6 1250
20 6 1251
20 6 1252
20 6 1253
20 6 1254
20 6 1255
20 6 1256
20 6 1257
20 6 1258
20 6 1259
20 6 1260
20 6 1261
20 6 1262
20 6 1263
20 6 1264
20 6 1265
20 6 1266
20 6 1267
20 6 1268
20 6 1269
20 6 1270
20 6 1271
20 6 1272
20 6 1273
20 6 1274
20 6 1275
20 6 1276
20 6 1277
20 6 1278
20 6 1279
20 6 1280
20 6 1281
20 6 1282
20 6 1283
20 6 1284
20 6 1285
20 6 1286
20 6 1287
20 6 1288
20 6 1289
20 6 1290
20 6 1291
20 6 1292
20 6 1293
20 6 1294
20 6 1295
20 6 1296
20 6 1297
20 6 1298
20 6 1299
20 6 1300
20 6 1301
20 6 1302
20 6 1303
20 6 1304
20 6 1305
20 6 1306
20 6 1307
20 6 1308
20 6 1309
20 6 1310
20 6 1311
20 6 1312
20 6 1313
20 6 1314
20 6 1315
20 6 1316
20 6 1317
20 6 1318
20 6 1319
20 6 1320
20 6 1321
20 6 1322
20 6 1323
20 6 1324
20 6 1325
20 6 1326
20 6 1327
20 6 1328
20 6 1329
20 6 1330
20 6 1331
20 6 1332
20 6 1333
20 6 1334
20 6 1335
20 6 1336
20 6 1337
20 6 1338
20 6 1339
20 6 1340
20 6 1341
20 6 1342
20 6 1343
20 6 1344
20 6 1345
20 6 1346
20 6 1347
20 6 1348
20 6 1349
20 6 1350
20 6 1351
20 6 1352
20 6 1353
20 6 1354
20 6 1355
20 6 1356
20 6 1357
20 6 1358
20 6 1359
20 6 1360
20 6 1361
20 6 1362
20 6 1363
20 6 1364
20 6 1365
20 6 1366
20 6 1367
20 6 1368
20 6 1369
20 6 1370
20 6 1371
20 6 1372
20 6 1373
20 6 1374
20 6 1375
20 6 1376
20 6 1377
20 6 1378
20 6 1379
20 6 1380
20 6 1381
20 6 1382
20 6 1383
20 6 1384
20 6 1385
20 6 1386
20 6 1387
20 6 1388
20 6 1389
20 6 1390
20 6 1391
20 6 1392
20 6 1393
20 6 1394
20 6 1395
20 6 1396
20 6 1397
20 6 1398
20 6 1399
20 6 1400
20 6 1401
20 6 1402
20 6 1403
20 6 1404
20 6 1405
20 6 1406
20 6 1407
20 6 1408
20 6 1409
20 6 1410
20 6 1411
20 6 1412
20 6 1413
20 6 1414
20 6 1415
20 6 1416
20 6 1417
20 6 1418
20 6 1419
20 6 1420
20 6 1421
20 6 1422
20 6 1423
20 6 1424
20 6 1425
20 6 1426
20 6 1427
20 6 1428
20 6 1429
20 6 1430
20 6 1431
20 6 1432
20 6 1433
20 6 1434
20 6 1435
20 6 1436
20 6 1437
20 6 1438
20 6 1439
20 6 1440
20 6 1441
20 6 1442
20 6 1443
20 6 1444
20 6 1445
20 6 1446
20 6 1447
20 6 1448
20 6 1449
20 6 1450
20 6 1451
20 6 1452
20 6 1453
20 6 1454
20 6 1455
20 6 1456
20 6 1457
20 6 1458
20 6 1459
20 6 1460
20 6 1461
20 6 1462
20 6 1463
20 6 1464
20 6 1465
20 6 1466
20 6 1467
20 6 1468
20 6 1469
20 6 1470
20 6 1471
20 6 1472
20 6 1473
20 6 1474
20 6 1475
20 6 1476
20 6 1477
20 6 1478
20 6 1479
20 6 1480
20 6 1481
20 6 1482
20 6 1483
20 6 1484
20 6 1485
20 6 1486
20 6 1487
20 6 1488
20 6 1489
20 6 1490
20 6 1491
20 6 1492
20 6 1493
20 6 1494
20 6 1495
20 6 1496
20 6 1497
20 6 1498
20 6 1499
20 6 1500
20 6 1501
20 6 1502
20 6 1503
20 6 1504
20 6 1505
20 6 1506
20 6 1507
20 6 1508
20 6 1509
20 6 1510
20 6 1511
20 6 1512
20 6 1513
20 6 1514
20 6 1515
20 6 1516
20 6 1517
20 6 1518
20 6 1519
20 6 1520
20 6 1521
20 6 1522
20 6 1523
20 6 1524
20 6 1525
20 6 1526
20 6 1527
20 6 1528
20 6 1529
20 6 1530
20 6 1531
20 6 1532
20 6 1533
20 6 1534
20 6 1535
20 6 1536
20 6 1537
20 6 1538
20 6 1539
20 6 1540
20 6 1541
20 6 1542
20 6 1543
20 6 1544
20 6 1545
20 6 1546
20 6 1547
20 6 1548
20 6 1549
20 6 1550
20 6 1551
20 6 1552
20 6 1553
20 6 1554
20 6 1555
20 6 1556
20 6 1557
20 6 1558
20 6 1559
20 6 1560
20 6 1561
20 6 1562
20 6 1563
20 6 1564
20 6 1565
20 6 1566
20 6 1567
20 6 1568
20 6 1569
20 6 1570
20 6 1571
20 6 1572
20 6 1573
20 6 1574
20 6 1575
20 6 1576
20 6 1577
20 6 1578
20 6 1579
20 6 1580
20 6 1581
20 6 1582
20 6 1583
20 6 1584
20 6 1585
20 6 1586
20 6 1587
20 6 1588
20 6 1589
20 6 1590
20 6 1591
20 6 1592
20 6 1593
20 6 1594
20 6 1595
20 6 1596
20 6 1597
20 6 1598
20 6 1599
20 6 1600
20 6 1601
20 6 1602
20 6 1603
20 6 1604
20 6 1605
20 6 1606
20 6 1607
20 6 1608
20 6 1609
20 6 1610
20 6 1611
20 6 1612
20 6 1613
20 6 1614
20 6 1615
20 6 1616
20 6 1617
20 6 1618
20 6 1619
20 6 1620
20 6 1621
20 6 1622
20 6 1623
20 6 1624
20 6 1625
20 6 1626
20 6 1627
20 6 1628
20 6 1629
20 6 1630
20 6 1631
20 6 1632
20 6 1633
20 6 1634
20 6 1635
20 6 1636
20 6 1637
20 6 1638
20 6 1639
20 6 1640
20 6 1641
20 6 1642
20 6 1643
20 6 1644
20 6 1645
20 6 1646
20 6 1647
20 6 1648
20 6 1649
20 6 1650
20 6 1651
20 6 1652
20 6 1653
20 6 1654
20 6 1655
20 6 1656
20 6 1657
20 6 1658
20 6 1659
20 6 1660
20 6 1661
20 6 1662
20 6 1663
20 6 1664
20 6 1665
20 6 1666
20 6 1667
20 6 1668
20 6 1669
20 6 1670
20 6 1671
20 6 1672
20 6 1673
20 6 1674
20 6 1675
20 6 1676
20 6 1677
20 6 1678
20 6 1679
20 6 1680
20 6 1681
20 6 1682
20 6 1683
20 6 1684
20 6 1685
20 6 1686
20 6 1687
20 6 1688
20 6 1689
20 6 1690
20 6 1691
20 6 1692
20 6 1693
20 6 1694
20 6 1695
20 6 1696
20 6 1697
20 6 1698
20 6 1699
20 6 1700
20 6 1701
20 6 1702
20 6 1703
20 6 1704
20 6 1705
20 6 1706
20 6 1707
20 6 1708
20 6 1709
20 6 1710
20 6 1711
20 6 1712
20 6 1713
20 6 1714
20 6 1715
20 6 1716
20 6 1717
20 6 1718
20 6 1719
20 6 1720
20 6 1721
20 6 1722
20 6 1723
20 6 1724
20 6 1725
20 6 1726
20 6 1727
20 6 1728
20 6 1729
20 6 1730
20 6 1731
20 6 1732
20 6 1733
20 6 1734
20 6 1735
20 6 1736
20 6 1737
20 6 1738
20 6 1739
20 6 1740
20 6 1741
20 6 1742
20 6 1743
20 6 1744
20 6 1745
20 6 1746
20 6 1747
20 6 1748
20 6 1749
20 6 1750
20 6 1751
20 6 1752
20 6 1753
20 6 1754
20 6 1755
20 6 1756
20 6 1757
20 6 1758
20 6 1759
20 6 1760
20 6 1761
20 6 1762
20 6 1763
20 6 1764
20 6 1765
20 6 1766
20 6 1767
20 6 1768
20 6 1769
20 6 1770
20 6 1771
20 6 1772
20 6 1773
20 6 1774
20 6 1775
20 6 1776
20 6 1777
20 6 1778
20 6 1779
20 6 1780
20 6 1781
20 6 1782
20 6 1783
20 6 1784
20 6 1785
20 6 1786
20 6 1787
20 6 1788
20 6 1789
20 6 1790
20 6 1791
20 6 1792
20 6 1793
20 6 1794
20 6 1795
20 6 1796
20 6 1797
20 6 1798
20 6 1799
20 6 1800
20 6 1801
20 6 1802
20 6 1803
20 6 1804
20 6 1805
20 6 1806
20 6 1807
20 6 1808
20 6 1809
20 6 1810
20 6 1811
20 6 1812
20 6 1813
20 6 1814
20 6 1815
20 6 1816
20 6 1817
20 6 1818
20 6 1819
20 6 1820
20 6 1821
20 6 1822
20 6 1823
20 6 1824
20 6 1825
20 6 1826
20 6 1827
20 6 1828
20 6 1829
20 6 1830
20 6 1831
20 6 1832
20 6 1833
20 6 1834
20 6 1835
20 6 1836
20 6 1837
20 6 1838
20 6 1839
20 6 1840
20 6 1841
20 6 1842
20 6 1843
20 6 1844
20 6 1845
20 6 1846
20 6 1847
20 6 1848
20 6 1849
20 6 1850
20 6 1851
20 6 1852
20 6 1853
20 6 1854
20 6 1855
20 6 1856
20 6 1857
20 6 1858
20 6 1859
20 6 1860
20 6 1861
20 6 1862
20 6 1863
20 6 1864
20 6 1865
20 6 1866
20 6 1867
20 6 1868
20 6 1869
20 6 1870
20 6 1871
20 6 1872
20 6 1873
20 6 1874
20 6 1875
20 6 1876
20 6 1877
20 6 1878
20 6 1879
20 6 1880
20 6 1881
20 6 1882
20 6 1883
20 6 1884
20 6 1885
20 6 1886
20 6 1887
20 6 1888
20 6 1889
20 6 1890
20 6 1891
20 6 1892
20 6 1893
20 6 1894
20 6 1895
20 6 1896
20 6 1897
20 6 1898
20 6 1899
20 6 1900
20 6 1901
20 6 1902
20 6 1903
20 6 1904
20 6 1905
20 6 1906
20 6 1907
20 6 1908
20 6 1909
20 6 1910
20 6 1911
20 6 1912
20 6 1913
20 6 1914
20 6 1915
20 6 1916
20 6 1917
20 6 1918
20 6 1919
20 6 1920
20 6 1921
20 6 1922
20 6 1923
20 6 1924
20 6 1925
20 6 1926
20 6 1927
20 6 1928
20 6 1929
20 6 1930
20 6 1931
20 6 1932
20 6 1933
20 6 1934
20 6 1935
20 6 1936
20 6 1937
20 6 1938
20 6 1939
20 6 1940
20 6 1941
20 6 1942
20 6 1943
20 6 1944
20 6 1945
20 6 1946
20 6 1947
20 6 1948
20 6 1949
20 6 1950
20 6 1951
20 6 1952
20 6 1953
20 6 1954
20 6 1955
20 6 1956
20 6 1957
20 6 1958
20 6 1959
20 6 1960
20 6 1961
20 6 1962
20 6 1963
20 6 1964
20 6 1965
20 6 1966
20 6 1967
20 6 1968
20 6 1969
20 6 1970
20 6 1971
20 6 1972
20 6 1973
20 6 1974
20 6 1975
20 6 1976
20 6 1977
20 6 1978
20 6 1979
20 6 1980
20 6 1981
20 6 1982
20 6 1983
20 6 1984
20 6 1985
20 6 1986
20 6 1987
20 6 1988
20 6 1989
20 6 1990
20 6 1991
20 6 1992
20 6 1993
20 6 1994
20 6 1995
20 6 1996
20 6 1997
20 6 1998
20 6 1999
20 6 2000
20 6 2001
20 6 2002
20 6 2003
20 6 2004
20 6 2005
20 6 2006
20 6 2007
20 6 2008
20 6 2009
20 6 2010
20 6 2011
20 6 2012
20 6 2013
20 6 2014
20 6 2015
20 6 2016
20 6 2017
20 6 2018
20 6 2019
20 6 2020
20 6 2021
20 6 2022
20 6 2023
20 6 2024
20 6 2025
20 6 2026
20 6 2027
20 6 2028
20 6 2029
20 6 2030
20 6 2031
20 6 2032
20 6 2033
20 6 2034
20 6 2035
20 6 2036
20 6 2037
20 6 2038
20 6 2039
20 6 2040
20 6 2041
20 6 2042
20 6 2043
20 6 2044
20 6 2045
20 6 2046
20 6 2047
20 6 2048
20 6 2049
20 6 2050
20 6 2051
20 6 2052
20 6 2053
20 6 2054
20 6 2055
20 6 2056
20 6 2057
20 6 2058
20 6 2059
20 6 2060
20 6 2061
20 6 2062
20 6 2063
20 6 2064
20 6 2065
20 6 2066
20 6 2067
20 6 2068
20 6 2069
20 6 2070
20 6 2071
20 6 2072
20 6 2073
20 6 2074
20 6 2075
20 6 2076
20 6 2077
20 6 2078
20 6 2079
20 6 2080
20 6 2081
20 6 2082
20 6 2083
20 6 2084
20 6 2085
20 6 2086
20 6 2087
20 6 2088
20 6 2089
20 6 2090
20 6 2091
20 6 2092
20 6 2093
20 6 2094
20 6 2095
20 6 2096
20 6 2097
20 6 2098
20 6 2099
20 6 2100
20 6 2101
20 6 2102
20 6 2103
20 6 2104
20 6 2105
20 6 2106
20 6 2107
20 6 2108
20 6 2109
20 6 2110
20 6 2111
20 6 2112
20 6 2113
20 6 2114
20 6 2115
20 6 2116
20 6 2117
20 6 2118
20 6 2119
20 6 2120
20 6 2121
20 6 2122
20 6 2123
20 6 2124
20 6 2125
20 6 2126
20 6 2127
20 6 2128
20 6 2129
20 6 2130
20 6 2131
20 6 2132
20 6 2133
20 6 2134
20 6 2135
20 6 2136
20 6 2137
20 6 2138
20 6 2139
20 6 2140
20 6 2141
20 6 2142
20 6 2143
20 6 2144
20 6 2145
20 6 2146
20 6 2147
20 6 2148
20 6 2149
20 6 2150
20 6 2151
20 6 2152
20 6 2153
20 6 2154
20 6 2155
20 6 2156
20 6 2157
20 6 2158
20 6 2159
20 6 2160
20 6 2161
20 6 2162
20 6 2163
20 6 2164
20 6 2165
20 6 2166
20 6 2167
20 6 2168
20 6 2169
20 6 2170
20 6 2171
20 6 2172
20 6 2173
20 6 2174
20 6 2175
20 6 2176
20 6 2177
20 6 2178
20 6 2179
20 6 2180
20 6 2181
20 6 2182
20 6 2183
20 6 2184
20 6 2185
20 6 2186
20 6 2187
20 6 2188
20 6 2189
20 6 2190
20 6 2191
20 6 2192
20 6 2193
20 6 2194
20 6 2195
20 6 2196
20 6 2197
20 6 2198
20 6 2199
20 6 2200
20 6 2201
20 6 2202
20 6 2203
20 6 2204
20 6 2205
20 6 2206
20 6 2207
20 6 2208
20 6 2209
20 6 2210
20 6 2211
20 6 2212
20 6 2213
20 6 2214
20 6 2215
20 6 2216
20 6 2217
20 6 2218
20 6 2219
20 6 2220
20 6 2221
20 6 2222
20 6 2223
20 6 2224
20 6 2225
20 6 2226
20 6 2227
20 6 2228
20 6 2229
20 6 2230
20 6 2231
20 6 2232
20 6 2233
20 6 2234
20 6 2235
20 6 2236
20 6 2237
20 6 2238
20 6 2239
20 6 2240
20 6 2241
20 6 2242
20 6 2243
20 6 2244
20 6 2245
20 6 2246
20 6 2247
20 6 2248
20 6 2249
20 6 2250
20 6 2251
20 6 2252
20 6 2253
20 6 2254
20 6 2255
20 6 2256
20 6 2257
20 6 2258
20 6 2259
20 6 2260
20 6 2261
20 6 2262
20 6 2263
20 6 2264
20 6 2265
20 6 2266
20 6 2267
20 6 2268
20 6 2269
20 6 2270
20 6 2271
20 6 2272
20 6 2273
20 6 2274
20 6 2275
20 6 2276
20 6 2277
20 6 2278
20 6 2279
20 6 2280
20 6 2281
20 6 2282
20 6 2283
20 6 2284
20 6 2285
20 6 2286
20 6 2287
20 6 2288
20 6 2289
20 6 2290
20 6 2291
20 6 2292
20 6 2293
20 6 2294
20 6 2295
20 6 2296
20 6 2297
20 6 2298
20 6 2299
20 6 2300
20 6 2301
20 6 2302
20 6 2303
20 6 2304
20 6 2305
20 6 2306
20 6 2307
20 6 2308
20 6 2309
20 6 2310
20 6 2311
20 6 2312
20 6 2313
20 6 2314
20 6 2315
20 6 2316
20 6 2317
20 6 2318
20 6 2319
20 6 2320
20 6 2321
20 6 2322
20 6 2323
20 6 2324
20 6 2325
20 6 2326
20 6 2327
20 6 2328
20 6 2329
20 6 2330
20 6 2331
20 6 2332
20 6 2333
20 6 2334
20 6 2335
20 6 2336
20 6 2337
20 6 2338
20 6 2339
20 6 2340
20 6 2341
20 6 2342
20 6 2343
20 6 2344
20 6 2345
20 6 2346
20 6 2347
20 6 2348
20 6 2349
20 6 2350
20 6 2351
20 6 2352
20 6 2353
20 6 2354
20 6 2355
20 6 2356
20 6 2357
20 6 2358
20 6 2359
20 6 2360
20 6 2361
20 6 2362
20 6 2363
20 6 2364
20 6 2365
20 6 2366
20 6 2367
20 6 2368
20 6 2369
20 6 2370
20 6 2371
20 6 2372
20 6 2373
20 6 2374
20 6 2375
20 6 2376
20 6 2377
20 6 2378
20 6 2379
20 6 2380
20 6 2381
20 6 2382
20 6 2383
20 6 2384
20 6 2385
20 6 2386
20 6 2387
20 6 2388
20 6 2389
20 6 2390
20 6 2391
20 6 2392
20 6 2393
20 6 2394
20 6 2395
20 6 2396
20 6 2397
20 6 2398
20 6 2399
20 6 2400
20 6 2401
20 6 2402
20 6 2403
20 6 2404
20 6 2405
20 6 2406
20 6 2407
20 6 2408
20 6 2409
20 6 2410
20 6 2411
20 6 2412
20 6 2413
20 6 2414
20 6 2415
20 6 2416
20 6 2417
20 6 2418
20 6 2419
20 6 2420
20 6 2421
20 6 2422
20 6 2423
20 6 2424
20 6 2425
20 6 2426
20 6 2427
20 6 2428
20 6 2429
20 6 2430
20 6 2431
20 6 2432
20 6 2433
20 6 2434
20 6 2435
20 6 2436
20 6 2437
20 6 2438
20 6 2439
20 6 2440
20 6 2441
20 6 2442
20 6 2443
20 6 2444
20 6 2445
20 6 2446
20 6 2447
20 6 2448
20 6 2449
20 6 2450
20 6 2451
20 6 2452
20 6 2453
20 6 2454
20 6 2455
20 6 2456
20 6 2457
