15 20 1
15 20 2
15 20 3
15 20 4
15 20 5
15 20 6
15 20 7
15 20 8
15 20 9
15 20 10
15 20 11
15 20 12
15 20 13
15 20 14
15 20 15
15 20 16
15 20 17
15 20 18
15 20 19
15 20 20
15 20 21
15 20 22
15 20 23
15 20 24
15 20 25
15 20 26
15 20 27
15 20 28
15 20 29
15 20 30
15 20 31
15 20 32
15 20 33
15 20 34
15 20 35
15 20 36
15 20 37
15 20 38
15 20 39
15 20 40
15 20 41
15 20 42
15 20 43
15 20 44
15 20 45
15 20 46
15 20 47
15 20 48
15 20 49
15 20 50
15 20 51
15 20 52
15 20 53
15 20 54
15 20 55
15 20 56
15 20 57
15 20 58
15 20 59
15 20 60
15 20 61
15 20 62
15 20 63
15 20 64
15 20 65
15 20 66
15 20 67
15 20 68
15 20 69
15 20 70
15 20 71
15 20 72
15 20 73
15 20 74
15 20 75
15 20 76
15 20 77
15 20 78
15 20 79
15 20 80
15 20 81
15 20 82
15 20 83
15 20 84
15 20 85
15 20 86
15 20 87
15 20 88
15 20 89
15 20 90
15 20 91
15 20 92
15 20 93
15 20 94
15 20 95
15 20 96
15 20 97
15 20 98
15 20 99
15 20 100
15 20 101
15 20 102
15 20 103
15 20 104
15 20 105
15 20 106
15 20 107
15 20 108
15 20 109
15 20 110
15 20 111
15 20 112
15 20 113
15 20 114
15 20 115
15 20 116
15 20 117
15 20 118
15 20 119
15 20 120
15 20 121
15 20 122
15 20 123
15 20 124
15 20 125
15 20 126
15 20 127
15 20 128
15 20 129
15 20 130
15 20 131
15 20 132
15 20 133
15 20 134
15 20 135
15 20 136
15 20 137
15 20 138
15 20 139
15 20 140
15 20 141
15 20 142
15 20 143
15 20 144
15 20 145
15 20 146
15 20 147
15 20 148
15 20 149
15 20 150
15 20 151
15 20 152
15 20 153
15 20 154
15 20 155
15 20 156
15 20 157
15 20 158
15 20 159
15 20 160
15 20 161
15 20 162
15 20 163
15 20 164
15 20 165
15 20 166
15 20 167
15 20 168
15 20 169
15 20 170
15 20 171
15 20 172
15 20 173
15 20 174
15 20 175
15 20 176
15 20 177
15 20 178
15 20 179
15 20 180
15 20 181
15 20 182
15 20 183
15 20 184
15 20 185
15 20 186
15 20 187
15 20 188
15 20 189
15 20 190
15 20 191
15 20 192
15 20 193
15 20 194
15 20 195
15 20 196
15 20 197
15 20 198
15 20 199
15 20 200
15 20 201
15 20 202
15 20 203
15 20 204
