10 18 1
10 18 2
10 18 3
10 18 4
10 18 5
10 18 6
10 18 7
10 18 8
10 18 9
10 18 10
10 18 11
10 18 12
10 18 13
10 18 14
10 18 15
10 18 16
10 18 17
10 18 18
10 18 19
10 18 20
10 18 21
10 18 22
10 18 23
10 18 24
10 18 25
10 18 26
10 18 27
10 18 28
10 18 29
10 18 30
10 18 31
10 18 32
10 18 33
10 18 34
10 18 35
10 18 36
10 18 37
10 18 38
10 18 39
10 18 40
10 18 41
10 18 42
10 18 43
10 18 44
10 18 45
10 18 46
10 18 47
10 18 48
10 18 49
10 18 50
10 18 51
10 18 52
10 18 53
10 18 54
10 18 55
10 18 56
10 18 57
10 18 58
10 18 59
10 18 60
10 18 61
10 18 62
10 18 63
10 18 64
10 18 65
10 18 66
10 18 67
10 18 68
10 18 69
10 18 70
10 18 71
10 18 72
10 18 73
10 18 74
10 18 75
10 18 76
10 18 77
10 18 78
10 18 79
10 18 80
10 18 81
10 18 82
10 18 83
10 18 84
10 18 85
10 18 86
10 18 87
10 18 88
10 18 89
10 18 90
10 18 91
10 18 92
10 18 93
10 18 94
10 18 95
10 18 96
10 18 97
10 18 98
10 18 99
10 18 100
10 18 101
10 18 102
10 18 103
10 18 104
10 18 105
10 18 106
10 18 107
10 18 108
10 18 109
10 18 110
10 18 111
10 18 112
10 18 113
10 18 114
10 18 115
10 18 116
10 18 117
10 18 118
10 18 119
10 18 120
10 18 121
10 18 122
10 18 123
10 18 124
10 18 125
10 18 126
10 18 127
10 18 128
10 18 129
10 18 130
10 18 131
10 18 132
10 18 133
10 18 134
10 18 135
10 18 136
10 18 137
10 18 138
10 18 139
10 18 140
10 18 141
10 18 142
10 18 143
10 18 144
10 18 145
10 18 146
10 18 147
10 18 148
10 18 149
10 18 150
10 18 151
10 18 152
10 18 153
10 18 154
10 18 155
10 18 156
10 18 157
10 18 158
10 18 159
10 18 160
10 18 161
10 18 162
10 18 163
10 18 164
10 18 165
10 18 166
10 18 167
10 18 168
10 18 169
10 18 170
10 18 171
10 18 172
10 18 173
10 18 174
10 18 175
10 18 176
10 18 177
10 18 178
10 18 179
10 18 180
10 18 181
10 18 182
10 18 183
10 18 184
10 18 185
10 18 186
10 18 187
10 18 188
10 18 189
10 18 190
10 18 191
10 18 192
10 18 193
10 18 194
10 18 195
10 18 196
10 18 197
10 18 198
10 18 199
10 18 200
10 18 201
10 18 202
10 18 203
10 18 204
10 18 205
10 18 206
10 18 207
10 18 208
10 18 209
10 18 210
10 18 211
10 18 212
10 18 213
10 18 214
10 18 215
10 18 216
10 18 217
10 18 218
10 18 219
10 18 220
10 18 221
10 18 222
10 18 223
10 18 224
10 18 225
10 18 226
10 18 227
10 18 228
10 18 229
10 18 230
10 18 231
10 18 232
10 18 233
10 18 234
10 18 235
10 18 236
10 18 237
10 18 238
10 18 239
10 18 240
10 18 241
10 18 242
10 18 243
10 18 244
10 18 245
10 18 246
10 18 247
10 18 248
10 18 249
10 18 250
10 18 251
10 18 252
10 18 253
10 18 254
10 18 255
10 18 256
10 18 257
10 18 258
10 18 259
10 18 260
10 18 261
10 18 262
10 18 263
10 18 264
10 18 265
10 18 266
10 18 267
10 18 268
10 18 269
10 18 270
10 18 271
10 18 272
10 18 273
10 18 274
10 18 275
10 18 276
10 18 277
10 18 278
10 18 279
10 18 280
10 18 281
10 18 282
10 18 283
10 18 284
10 18 285
10 18 286
10 18 287
10 18 288
10 18 289
10 18 290
10 18 291
10 18 292
10 18 293
10 18 294
10 18 295
10 18 296
10 18 297
10 18 298
10 18 299
10 18 300
10 18 301
10 18 302
10 18 303
10 18 304
10 18 305
10 18 306
10 18 307
10 18 308
10 18 309
10 18 310
10 18 311
10 18 312
10 18 313
10 18 314
10 18 315
10 18 316
10 18 317
10 18 318
10 18 319
10 18 320
10 18 321
10 18 322
10 18 323
10 18 324
10 18 325
10 18 326
10 18 327
10 18 328
10 18 329
10 18 330
10 18 331
10 18 332
10 18 333
10 18 334
10 18 335
10 18 336
10 18 337
10 18 338
10 18 339
10 18 340
10 18 341
10 18 342
10 18 343
10 18 344
10 18 345
10 18 346
10 18 347
10 18 348
10 18 349
10 18 350
10 18 351
10 18 352
10 18 353
10 18 354
10 18 355
10 18 356
10 18 357
10 18 358
10 18 359
10 18 360
10 18 361
10 18 362
10 18 363
10 18 364
10 18 365
10 18 366
10 18 367
10 18 368
10 18 369
10 18 370
10 18 371
10 18 372
10 18 373
10 18 374
10 18 375
10 18 376
10 18 377
10 18 378
10 18 379
10 18 380
10 18 381
10 18 382
10 18 383
10 18 384
10 18 385
10 18 386
10 18 387
10 18 388
10 18 389
10 18 390
10 18 391
10 18 392
10 18 393
10 18 394
10 18 395
10 18 396
10 18 397
10 18 398
10 18 399
10 18 400
10 18 401
10 18 402
10 18 403
10 18 404
10 18 405
10 18 406
10 18 407
10 18 408
10 18 409
10 18 410
10 18 411
10 18 412
10 18 413
10 18 414
10 18 415
10 18 416
10 18 417
10 18 418
10 18 419
10 18 420
10 18 421
10 18 422
10 18 423
10 18 424
10 18 425
10 18 426
10 18 427
10 18 428
10 18 429
10 18 430
10 18 431
10 18 432
10 18 433
10 18 434
10 18 435
10 18 436
10 18 437
10 18 438
10 18 439
10 18 440
10 18 441
10 18 442
10 18 443
10 18 444
10 18 445
10 18 446
10 18 447
10 18 448
10 18 449
10 18 450
10 18 451
10 18 452
10 18 453
10 18 454
10 18 455
10 18 456
10 18 457
10 18 458
10 18 459
10 18 460
10 18 461
10 18 462
10 18 463
10 18 464
10 18 465
10 18 466
10 18 467
10 18 468
10 18 469
10 18 470
10 18 471
10 18 472
10 18 473
10 18 474
10 18 475
10 18 476
10 18 477
10 18 478
10 18 479
10 18 480
10 18 481
10 18 482
10 18 483
10 18 484
10 18 485
10 18 486
10 18 487
10 18 488
10 18 489
10 18 490
10 18 491
10 18 492
10 18 493
10 18 494
10 18 495
10 18 496
10 18 497
10 18 498
10 18 499
10 18 500
10 18 501
10 18 502
10 18 503
10 18 504
10 18 505
10 18 506
10 18 507
10 18 508
10 18 509
10 18 510
10 18 511
10 18 512
10 18 513
10 18 514
10 18 515
10 18 516
10 18 517
10 18 518
10 18 519
10 18 520
10 18 521
10 18 522
10 18 523
10 18 524
10 18 525
10 18 526
10 18 527
10 18 528
10 18 529
10 18 530
10 18 531
10 18 532
10 18 533
10 18 534
10 18 535
10 18 536
10 18 537
10 18 538
10 18 539
10 18 540
10 18 541
10 18 542
10 18 543
10 18 544
10 18 545
10 18 546
10 18 547
10 18 548
10 18 549
10 18 550
10 18 551
10 18 552
10 18 553
10 18 554
10 18 555
10 18 556
10 18 557
10 18 558
10 18 559
10 18 560
10 18 561
10 18 562
10 18 563
10 18 564
10 18 565
10 18 566
10 18 567
10 18 568
10 18 569
10 18 570
10 18 571
10 18 572
10 18 573
10 18 574
10 18 575
10 18 576
10 18 577
10 18 578
10 18 579
10 18 580
10 18 581
10 18 582
10 18 583
10 18 584
10 18 585
10 18 586
10 18 587
10 18 588
10 18 589
10 18 590
10 18 591
10 18 592
10 18 593
10 18 594
10 18 595
10 18 596
10 18 597
10 18 598
10 18 599
10 18 600
10 18 601
10 18 602
10 18 603
10 18 604
10 18 605
10 18 606
10 18 607
10 18 608
10 18 609
10 18 610
10 18 611
10 18 612
10 18 613
10 18 614
10 18 615
10 18 616
10 18 617
10 18 618
10 18 619
10 18 620
10 18 621
10 18 622
10 18 623
10 18 624
10 18 625
10 18 626
10 18 627
10 18 628
10 18 629
10 18 630
10 18 631
10 18 632
10 18 633
10 18 634
10 18 635
10 18 636
10 18 637
10 18 638
10 18 639
10 18 640
10 18 641
10 18 642
10 18 643
10 18 644
10 18 645
10 18 646
10 18 647
10 18 648
10 18 649
10 18 650
10 18 651
10 18 652
10 18 653
10 18 654
10 18 655
10 18 656
10 18 657
10 18 658
10 18 659
10 18 660
10 18 661
10 18 662
10 18 663
10 18 664
10 18 665
10 18 666
10 18 667
10 18 668
10 18 669
10 18 670
10 18 671
10 18 672
10 18 673
10 18 674
10 18 675
10 18 676
10 18 677
10 18 678
10 18 679
10 18 680
10 18 681
10 18 682
10 18 683
10 18 684
10 18 685
10 18 686
10 18 687
10 18 688
10 18 689
10 18 690
10 18 691
10 18 692
10 18 693
10 18 694
10 18 695
10 18 696
10 18 697
10 18 698
10 18 699
10 18 700
10 18 701
10 18 702
10 18 703
10 18 704
10 18 705
10 18 706
10 18 707
10 18 708
10 18 709
10 18 710
10 18 711
10 18 712
10 18 713
10 18 714
10 18 715
10 18 716
10 18 717
10 18 718
10 18 719
10 18 720
10 18 721
10 18 722
10 18 723
10 18 724
10 18 725
10 18 726
10 18 727
10 18 728
10 18 729
10 18 730
10 18 731
10 18 732
10 18 733
10 18 734
10 18 735
10 18 736
10 18 737
10 18 738
10 18 739
10 18 740
10 18 741
10 18 742
10 18 743
10 18 744
10 18 745
10 18 746
10 18 747
10 18 748
10 18 749
10 18 750
10 18 751
10 18 752
10 18 753
10 18 754
10 18 755
10 18 756
10 18 757
10 18 758
10 18 759
10 18 760
10 18 761
10 18 762
10 18 763
10 18 764
10 18 765
10 18 766
10 18 767
10 18 768
10 18 769
10 18 770
10 18 771
10 18 772
10 18 773
10 18 774
10 18 775
10 18 776
10 18 777
10 18 778
10 18 779
10 18 780
10 18 781
10 18 782
10 18 783
10 18 784
10 18 785
10 18 786
10 18 787
10 18 788
10 18 789
10 18 790
10 18 791
10 18 792
10 18 793
10 18 794
10 18 795
10 18 796
10 18 797
10 18 798
10 18 799
10 18 800
10 18 801
10 18 802
10 18 803
10 18 804
10 18 805
10 18 806
10 18 807
10 18 808
10 18 809
10 18 810
10 18 811
10 18 812
10 18 813
10 18 814
10 18 815
10 18 816
10 18 817
10 18 818
10 18 819
10 18 820
10 18 821
10 18 822
10 18 823
10 18 824
10 18 825
10 18 826
10 18 827
10 18 828
10 18 829
10 18 830
10 18 831
10 18 832
10 18 833
10 18 834
10 18 835
10 18 836
10 18 837
10 18 838
10 18 839
10 18 840
10 18 841
10 18 842
10 18 843
10 18 844
10 18 845
10 18 846
10 18 847
10 18 848
10 18 849
10 18 850
10 18 851
10 18 852
10 18 853
10 18 854
10 18 855
10 18 856
10 18 857
10 18 858
10 18 859
10 18 860
10 18 861
10 18 862
10 18 863
10 18 864
10 18 865
10 18 866
10 18 867
10 18 868
10 18 869
10 18 870
10 18 871
10 18 872
10 18 873
10 18 874
10 18 875
10 18 876
10 18 877
10 18 878
10 18 879
10 18 880
10 18 881
10 18 882
10 18 883
10 18 884
10 18 885
10 18 886
10 18 887
10 18 888
10 18 889
10 18 890
10 18 891
10 18 892
10 18 893
10 18 894
10 18 895
10 18 896
10 18 897
10 18 898
10 18 899
10 18 900
10 18 901
10 18 902
10 18 903
10 18 904
10 18 905
10 18 906
10 18 907
10 18 908
10 18 909
10 18 910
10 18 911
10 18 912
10 18 913
10 18 914
10 18 915
10 18 916
10 18 917
10 18 918
10 18 919
10 18 920
10 18 921
10 18 922
10 18 923
10 18 924
10 18 925
10 18 926
10 18 927
10 18 928
10 18 929
10 18 930
10 18 931
10 18 932
10 18 933
10 18 934
10 18 935
10 18 936
10 18 937
10 18 938
10 18 939
10 18 940
10 18 941
10 18 942
10 18 943
10 18 944
10 18 945
10 18 946
10 18 947
10 18 948
10 18 949
10 18 950
10 18 951
10 18 952
10 18 953
10 18 954
10 18 955
10 18 956
10 18 957
10 18 958
10 18 959
10 18 960
10 18 961
10 18 962
10 18 963
10 18 964
10 18 965
10 18 966
10 18 967
10 18 968
10 18 969
10 18 970
10 18 971
10 18 972
10 18 973
10 18 974
10 18 975
10 18 976
10 18 977
10 18 978
10 18 979
10 18 980
10 18 981
10 18 982
10 18 983
10 18 984
10 18 985
10 18 986
10 18 987
10 18 988
10 18 989
10 18 990
10 18 991
10 18 992
10 18 993
10 18 994
10 18 995
10 18 996
10 18 997
10 18 998
10 18 999
10 18 1000
10 18 1001
10 18 1002
10 18 1003
10 18 1004
10 18 1005
10 18 1006
10 18 1007
10 18 1008
10 18 1009
10 18 1010
10 18 1011
10 18 1012
10 18 1013
10 18 1014
10 18 1015
10 18 1016
10 18 1017
10 18 1018
10 18 1019
10 18 1020
10 18 1021
10 18 1022
10 18 1023
10 18 1024
10 18 1025
10 18 1026
10 18 1027
10 18 1028
10 18 1029
10 18 1030
10 18 1031
10 18 1032
10 18 1033
10 18 1034
10 18 1035
10 18 1036
10 18 1037
10 18 1038
10 18 1039
10 18 1040
10 18 1041
10 18 1042
10 18 1043
10 18 1044
10 18 1045
10 18 1046
10 18 1047
10 18 1048
10 18 1049
10 18 1050
10 18 1051
10 18 1052
10 18 1053
10 18 1054
10 18 1055
10 18 1056
10 18 1057
10 18 1058
10 18 1059
10 18 1060
10 18 1061
10 18 1062
10 18 1063
10 18 1064
10 18 1065
10 18 1066
10 18 1067
10 18 1068
10 18 1069
10 18 1070
10 18 1071
10 18 1072
10 18 1073
10 18 1074
10 18 1075
10 18 1076
10 18 1077
10 18 1078
10 18 1079
10 18 1080
10 18 1081
10 18 1082
10 18 1083
10 18 1084
10 18 1085
10 18 1086
10 18 1087
10 18 1088
10 18 1089
10 18 1090
10 18 1091
10 18 1092
10 18 1093
10 18 1094
10 18 1095
10 18 1096
10 18 1097
10 18 1098
10 18 1099
10 18 1100
10 18 1101
10 18 1102
10 18 1103
10 18 1104
10 18 1105
10 18 1106
10 18 1107
10 18 1108
10 18 1109
10 18 1110
10 18 1111
10 18 1112
10 18 1113
10 18 1114
10 18 1115
10 18 1116
10 18 1117
10 18 1118
10 18 1119
10 18 1120
10 18 1121
10 18 1122
10 18 1123
10 18 1124
10 18 1125
10 18 1126
10 18 1127
10 18 1128
10 18 1129
10 18 1130
10 18 1131
10 18 1132
10 18 1133
10 18 1134
10 18 1135
10 18 1136
10 18 1137
10 18 1138
10 18 1139
10 18 1140
10 18 1141
10 18 1142
10 18 1143
10 18 1144
10 18 1145
10 18 1146
10 18 1147
10 18 1148
10 18 1149
10 18 1150
10 18 1151
10 18 1152
10 18 1153
10 18 1154
10 18 1155
10 18 1156
10 18 1157
10 18 1158
10 18 1159
10 18 1160
10 18 1161
10 18 1162
10 18 1163
10 18 1164
10 18 1165
10 18 1166
10 18 1167
10 18 1168
10 18 1169
10 18 1170
10 18 1171
10 18 1172
10 18 1173
10 18 1174
10 18 1175
10 18 1176
10 18 1177
10 18 1178
10 18 1179
10 18 1180
10 18 1181
10 18 1182
10 18 1183
10 18 1184
10 18 1185
10 18 1186
10 18 1187
10 18 1188
10 18 1189
10 18 1190
10 18 1191
10 18 1192
10 18 1193
10 18 1194
10 18 1195
10 18 1196
10 18 1197
10 18 1198
10 18 1199
10 18 1200
10 18 1201
10 18 1202
10 18 1203
10 18 1204
10 18 1205
10 18 1206
10 18 1207
10 18 1208
10 18 1209
10 18 1210
10 18 1211
10 18 1212
10 18 1213
10 18 1214
10 18 1215
10 18 1216
10 18 1217
10 18 1218
10 18 1219
10 18 1220
10 18 1221
10 18 1222
10 18 1223
10 18 1224
10 18 1225
10 18 1226
10 18 1227
10 18 1228
10 18 1229
10 18 1230
10 18 1231
10 18 1232
10 18 1233
10 18 1234
10 18 1235
10 18 1236
10 18 1237
10 18 1238
10 18 1239
10 18 1240
10 18 1241
10 18 1242
10 18 1243
10 18 1244
10 18 1245
10 18 1246
10 18 1247
10 18 1248
10 18 1249
10 18 1250
10 18 1251
10 18 1252
10 18 1253
10 18 1254
10 18 1255
10 18 1256
10 18 1257
10 18 1258
10 18 1259
10 18 1260
10 18 1261
10 18 1262
10 18 1263
10 18 1264
10 18 1265
10 18 1266
10 18 1267
10 18 1268
10 18 1269
10 18 1270
10 18 1271
10 18 1272
10 18 1273
10 18 1274
10 18 1275
10 18 1276
10 18 1277
10 18 1278
10 18 1279
10 18 1280
10 18 1281
10 18 1282
10 18 1283
10 18 1284
10 18 1285
10 18 1286
10 18 1287
10 18 1288
10 18 1289
10 18 1290
10 18 1291
10 18 1292
10 18 1293
10 18 1294
10 18 1295
10 18 1296
10 18 1297
10 18 1298
10 18 1299
10 18 1300
10 18 1301
10 18 1302
10 18 1303
10 18 1304
10 18 1305
10 18 1306
10 18 1307
10 18 1308
10 18 1309
10 18 1310
10 18 1311
10 18 1312
10 18 1313
10 18 1314
10 18 1315
10 18 1316
10 18 1317
10 18 1318
10 18 1319
10 18 1320
10 18 1321
10 18 1322
10 18 1323
10 18 1324
10 18 1325
10 18 1326
10 18 1327
10 18 1328
10 18 1329
10 18 1330
10 18 1331
10 18 1332
10 18 1333
10 18 1334
10 18 1335
10 18 1336
10 18 1337
10 18 1338
10 18 1339
10 18 1340
10 18 1341
10 18 1342
10 18 1343
10 18 1344
10 18 1345
10 18 1346
10 18 1347
10 18 1348
10 18 1349
10 18 1350
10 18 1351
10 18 1352
10 18 1353
10 18 1354
10 18 1355
10 18 1356
10 18 1357
10 18 1358
10 18 1359
10 18 1360
10 18 1361
10 18 1362
10 18 1363
10 18 1364
10 18 1365
10 18 1366
10 18 1367
10 18 1368
10 18 1369
10 18 1370
10 18 1371
10 18 1372
10 18 1373
10 18 1374
10 18 1375
10 18 1376
10 18 1377
10 18 1378
10 18 1379
10 18 1380
10 18 1381
10 18 1382
10 18 1383
10 18 1384
10 18 1385
10 18 1386
10 18 1387
10 18 1388
10 18 1389
10 18 1390
10 18 1391
10 18 1392
10 18 1393
10 18 1394
10 18 1395
10 18 1396
10 18 1397
10 18 1398
10 18 1399
10 18 1400
10 18 1401
10 18 1402
10 18 1403
10 18 1404
10 18 1405
10 18 1406
10 18 1407
10 18 1408
10 18 1409
10 18 1410
10 18 1411
10 18 1412
10 18 1413
10 18 1414
10 18 1415
10 18 1416
10 18 1417
10 18 1418
10 18 1419
10 18 1420
10 18 1421
10 18 1422
10 18 1423
10 18 1424
10 18 1425
10 18 1426
10 18 1427
10 18 1428
10 18 1429
10 18 1430
10 18 1431
10 18 1432
10 18 1433
10 18 1434
10 18 1435
10 18 1436
10 18 1437
10 18 1438
10 18 1439
10 18 1440
10 18 1441
10 18 1442
10 18 1443
10 18 1444
10 18 1445
10 18 1446
10 18 1447
10 18 1448
10 18 1449
10 18 1450
10 18 1451
10 18 1452
10 18 1453
10 18 1454
10 18 1455
10 18 1456
10 18 1457
10 18 1458
10 18 1459
10 18 1460
10 18 1461
10 18 1462
10 18 1463
10 18 1464
10 18 1465
10 18 1466
10 18 1467
10 18 1468
10 18 1469
10 18 1470
10 18 1471
10 18 1472
10 18 1473
10 18 1474
10 18 1475
10 18 1476
10 18 1477
10 18 1478
10 18 1479
10 18 1480
10 18 1481
10 18 1482
10 18 1483
10 18 1484
10 18 1485
10 18 1486
10 18 1487
10 18 1488
10 18 1489
10 18 1490
10 18 1491
10 18 1492
10 18 1493
10 18 1494
10 18 1495
10 18 1496
10 18 1497
10 18 1498
10 18 1499
10 18 1500
10 18 1501
10 18 1502
10 18 1503
10 18 1504
10 18 1505
10 18 1506
10 18 1507
10 18 1508
10 18 1509
10 18 1510
10 18 1511
10 18 1512
10 18 1513
10 18 1514
10 18 1515
10 18 1516
10 18 1517
10 18 1518
10 18 1519
10 18 1520
10 18 1521
10 18 1522
10 18 1523
10 18 1524
10 18 1525
10 18 1526
10 18 1527
10 18 1528
10 18 1529
10 18 1530
10 18 1531
10 18 1532
10 18 1533
10 18 1534
10 18 1535
10 18 1536
10 18 1537
10 18 1538
10 18 1539
10 18 1540
10 18 1541
10 18 1542
10 18 1543
10 18 1544
10 18 1545
10 18 1546
10 18 1547
10 18 1548
10 18 1549
10 18 1550
10 18 1551
10 18 1552
10 18 1553
10 18 1554
10 18 1555
10 18 1556
10 18 1557
10 18 1558
10 18 1559
10 18 1560
10 18 1561
10 18 1562
10 18 1563
10 18 1564
10 18 1565
10 18 1566
10 18 1567
10 18 1568
10 18 1569
10 18 1570
10 18 1571
10 18 1572
10 18 1573
10 18 1574
10 18 1575
10 18 1576
10 18 1577
10 18 1578
10 18 1579
10 18 1580
10 18 1581
10 18 1582
10 18 1583
10 18 1584
10 18 1585
10 18 1586
10 18 1587
10 18 1588
10 18 1589
10 18 1590
10 18 1591
10 18 1592
10 18 1593
10 18 1594
10 18 1595
10 18 1596
10 18 1597
10 18 1598
10 18 1599
10 18 1600
10 18 1601
10 18 1602
10 18 1603
10 18 1604
10 18 1605
10 18 1606
10 18 1607
10 18 1608
10 18 1609
10 18 1610
10 18 1611
10 18 1612
10 18 1613
10 18 1614
10 18 1615
10 18 1616
10 18 1617
10 18 1618
10 18 1619
10 18 1620
10 18 1621
10 18 1622
10 18 1623
10 18 1624
10 18 1625
10 18 1626
10 18 1627
10 18 1628
10 18 1629
10 18 1630
10 18 1631
10 18 1632
10 18 1633
10 18 1634
10 18 1635
10 18 1636
10 18 1637
10 18 1638
10 18 1639
10 18 1640
10 18 1641
10 18 1642
10 18 1643
10 18 1644
10 18 1645
10 18 1646
10 18 1647
10 18 1648
10 18 1649
10 18 1650
10 18 1651
10 18 1652
10 18 1653
10 18 1654
10 18 1655
10 18 1656
10 18 1657
10 18 1658
10 18 1659
10 18 1660
10 18 1661
10 18 1662
10 18 1663
10 18 1664
10 18 1665
10 18 1666
10 18 1667
10 18 1668
10 18 1669
10 18 1670
10 18 1671
10 18 1672
10 18 1673
10 18 1674
10 18 1675
10 18 1676
10 18 1677
10 18 1678
10 18 1679
10 18 1680
10 18 1681
10 18 1682
10 18 1683
10 18 1684
10 18 1685
10 18 1686
10 18 1687
10 18 1688
10 18 1689
10 18 1690
10 18 1691
10 18 1692
10 18 1693
10 18 1694
10 18 1695
10 18 1696
10 18 1697
10 18 1698
10 18 1699
10 18 1700
10 18 1701
10 18 1702
10 18 1703
10 18 1704
10 18 1705
10 18 1706
10 18 1707
10 18 1708
10 18 1709
10 18 1710
10 18 1711
10 18 1712
10 18 1713
10 18 1714
10 18 1715
10 18 1716
10 18 1717
10 18 1718
10 18 1719
10 18 1720
10 18 1721
10 18 1722
10 18 1723
10 18 1724
10 18 1725
10 18 1726
10 18 1727
10 18 1728
10 18 1729
10 18 1730
10 18 1731
10 18 1732
10 18 1733
10 18 1734
10 18 1735
10 18 1736
10 18 1737
10 18 1738
10 18 1739
10 18 1740
10 18 1741
10 18 1742
10 18 1743
10 18 1744
10 18 1745
10 18 1746
10 18 1747
10 18 1748
10 18 1749
10 18 1750
10 18 1751
10 18 1752
10 18 1753
10 18 1754
10 18 1755
10 18 1756
10 18 1757
10 18 1758
10 18 1759
10 18 1760
10 18 1761
10 18 1762
10 18 1763
10 18 1764
10 18 1765
10 18 1766
10 18 1767
10 18 1768
10 18 1769
10 18 1770
10 18 1771
10 18 1772
10 18 1773
10 18 1774
10 18 1775
10 18 1776
10 18 1777
10 18 1778
10 18 1779
10 18 1780
10 18 1781
10 18 1782
10 18 1783
10 18 1784
10 18 1785
10 18 1786
10 18 1787
10 18 1788
10 18 1789
10 18 1790
10 18 1791
10 18 1792
10 18 1793
10 18 1794
10 18 1795
10 18 1796
10 18 1797
10 18 1798
10 18 1799
10 18 1800
10 18 1801
10 18 1802
10 18 1803
10 18 1804
10 18 1805
10 18 1806
10 18 1807
10 18 1808
10 18 1809
10 18 1810
10 18 1811
10 18 1812
10 18 1813
10 18 1814
10 18 1815
10 18 1816
10 18 1817
10 18 1818
10 18 1819
10 18 1820
10 18 1821
10 18 1822
10 18 1823
10 18 1824
10 18 1825
10 18 1826
10 18 1827
10 18 1828
10 18 1829
10 18 1830
10 18 1831
10 18 1832
10 18 1833
10 18 1834
10 18 1835
10 18 1836
10 18 1837
10 18 1838
10 18 1839
10 18 1840
10 18 1841
10 18 1842
10 18 1843
10 18 1844
10 18 1845
10 18 1846
10 18 1847
10 18 1848
10 18 1849
10 18 1850
10 18 1851
10 18 1852
10 18 1853
10 18 1854
10 18 1855
10 18 1856
10 18 1857
10 18 1858
10 18 1859
10 18 1860
10 18 1861
10 18 1862
10 18 1863
10 18 1864
10 18 1865
10 18 1866
10 18 1867
10 18 1868
10 18 1869
10 18 1870
10 18 1871
10 18 1872
10 18 1873
10 18 1874
10 18 1875
10 18 1876
10 18 1877
10 18 1878
10 18 1879
10 18 1880
10 18 1881
10 18 1882
10 18 1883
10 18 1884
10 18 1885
10 18 1886
10 18 1887
10 18 1888
10 18 1889
10 18 1890
10 18 1891
10 18 1892
10 18 1893
10 18 1894
10 18 1895
10 18 1896
10 18 1897
10 18 1898
10 18 1899
10 18 1900
10 18 1901
10 18 1902
10 18 1903
10 18 1904
10 18 1905
10 18 1906
10 18 1907
10 18 1908
10 18 1909
10 18 1910
10 18 1911
10 18 1912
10 18 1913
10 18 1914
10 18 1915
10 18 1916
10 18 1917
10 18 1918
10 18 1919
10 18 1920
10 18 1921
10 18 1922
10 18 1923
10 18 1924
10 18 1925
10 18 1926
10 18 1927
10 18 1928
10 18 1929
10 18 1930
10 18 1931
10 18 1932
10 18 1933
10 18 1934
10 18 1935
10 18 1936
10 18 1937
10 18 1938
10 18 1939
10 18 1940
10 18 1941
10 18 1942
10 18 1943
10 18 1944
10 18 1945
10 18 1946
10 18 1947
10 18 1948
10 18 1949
10 18 1950
10 18 1951
10 18 1952
10 18 1953
10 18 1954
10 18 1955
10 18 1956
10 18 1957
10 18 1958
10 18 1959
10 18 1960
10 18 1961
10 18 1962
10 18 1963
10 18 1964
10 18 1965
10 18 1966
10 18 1967
10 18 1968
10 18 1969
10 18 1970
10 18 1971
10 18 1972
10 18 1973
10 18 1974
10 18 1975
10 18 1976
10 18 1977
10 18 1978
10 18 1979
10 18 1980
10 18 1981
10 18 1982
10 18 1983
10 18 1984
10 18 1985
10 18 1986
10 18 1987
10 18 1988
10 18 1989
10 18 1990
10 18 1991
10 18 1992
10 18 1993
10 18 1994
10 18 1995
10 18 1996
10 18 1997
10 18 1998
10 18 1999
10 18 2000
10 18 2001
10 18 2002
10 18 2003
10 18 2004
10 18 2005
10 18 2006
10 18 2007
10 18 2008
10 18 2009
10 18 2010
10 18 2011
10 18 2012
10 18 2013
10 18 2014
10 18 2015
10 18 2016
10 18 2017
10 18 2018
10 18 2019
10 18 2020
10 18 2021
10 18 2022
10 18 2023
10 18 2024
10 18 2025
10 18 2026
10 18 2027
10 18 2028
10 18 2029
10 18 2030
10 18 2031
10 18 2032
10 18 2033
10 18 2034
10 18 2035
10 18 2036
10 18 2037
10 18 2038
10 18 2039
10 18 2040
10 18 2041
10 18 2042
10 18 2043
10 18 2044
10 18 2045
10 18 2046
10 18 2047
10 18 2048
10 18 2049
10 18 2050
10 18 2051
10 18 2052
10 18 2053
10 18 2054
10 18 2055
10 18 2056
10 18 2057
10 18 2058
10 18 2059
10 18 2060
10 18 2061
10 18 2062
10 18 2063
10 18 2064
10 18 2065
10 18 2066
10 18 2067
10 18 2068
10 18 2069
10 18 2070
10 18 2071
10 18 2072
10 18 2073
10 18 2074
10 18 2075
10 18 2076
10 18 2077
10 18 2078
10 18 2079
10 18 2080
10 18 2081
10 18 2082
10 18 2083
10 18 2084
10 18 2085
10 18 2086
10 18 2087
10 18 2088
10 18 2089
10 18 2090
10 18 2091
10 18 2092
10 18 2093
10 18 2094
10 18 2095
10 18 2096
10 18 2097
10 18 2098
10 18 2099
10 18 2100
10 18 2101
10 18 2102
10 18 2103
10 18 2104
10 18 2105
10 18 2106
10 18 2107
10 18 2108
10 18 2109
10 18 2110
10 18 2111
10 18 2112
10 18 2113
10 18 2114
10 18 2115
10 18 2116
10 18 2117
10 18 2118
10 18 2119
10 18 2120
10 18 2121
10 18 2122
10 18 2123
10 18 2124
10 18 2125
10 18 2126
10 18 2127
10 18 2128
10 18 2129
10 18 2130
10 18 2131
10 18 2132
10 18 2133
10 18 2134
10 18 2135
10 18 2136
10 18 2137
10 18 2138
10 18 2139
10 18 2140
10 18 2141
10 18 2142
10 18 2143
10 18 2144
10 18 2145
10 18 2146
10 18 2147
10 18 2148
10 18 2149
10 18 2150
10 18 2151
10 18 2152
10 18 2153
10 18 2154
10 18 2155
10 18 2156
10 18 2157
10 18 2158
10 18 2159
10 18 2160
10 18 2161
10 18 2162
10 18 2163
10 18 2164
10 18 2165
10 18 2166
10 18 2167
10 18 2168
10 18 2169
10 18 2170
10 18 2171
10 18 2172
10 18 2173
10 18 2174
10 18 2175
10 18 2176
10 18 2177
10 18 2178
10 18 2179
10 18 2180
10 18 2181
10 18 2182
10 18 2183
10 18 2184
10 18 2185
10 18 2186
10 18 2187
10 18 2188
10 18 2189
10 18 2190
10 18 2191
10 18 2192
10 18 2193
10 18 2194
10 18 2195
10 18 2196
10 18 2197
10 18 2198
10 18 2199
10 18 2200
10 18 2201
10 18 2202
10 18 2203
10 18 2204
10 18 2205
10 18 2206
10 18 2207
10 18 2208
10 18 2209
10 18 2210
10 18 2211
10 18 2212
10 18 2213
10 18 2214
10 18 2215
10 18 2216
10 18 2217
10 18 2218
10 18 2219
10 18 2220
10 18 2221
10 18 2222
10 18 2223
10 18 2224
10 18 2225
10 18 2226
10 18 2227
10 18 2228
10 18 2229
10 18 2230
10 18 2231
10 18 2232
10 18 2233
10 18 2234
10 18 2235
10 18 2236
10 18 2237
10 18 2238
10 18 2239
10 18 2240
10 18 2241
10 18 2242
10 18 2243
10 18 2244
10 18 2245
10 18 2246
10 18 2247
10 18 2248
10 18 2249
10 18 2250
10 18 2251
10 18 2252
10 18 2253
10 18 2254
10 18 2255
10 18 2256
10 18 2257
10 18 2258
10 18 2259
10 18 2260
10 18 2261
10 18 2262
10 18 2263
10 18 2264
10 18 2265
10 18 2266
10 18 2267
10 18 2268
10 18 2269
10 18 2270
10 18 2271
10 18 2272
10 18 2273
10 18 2274
10 18 2275
10 18 2276
10 18 2277
10 18 2278
10 18 2279
10 18 2280
10 18 2281
10 18 2282
10 18 2283
10 18 2284
10 18 2285
10 18 2286
10 18 2287
10 18 2288
10 18 2289
10 18 2290
10 18 2291
10 18 2292
10 18 2293
10 18 2294
10 18 2295
10 18 2296
10 18 2297
10 18 2298
10 18 2299
10 18 2300
10 18 2301
10 18 2302
10 18 2303
10 18 2304
10 18 2305
10 18 2306
10 18 2307
10 18 2308
10 18 2309
10 18 2310
10 18 2311
10 18 2312
10 18 2313
10 18 2314
10 18 2315
10 18 2316
10 18 2317
10 18 2318
10 18 2319
10 18 2320
10 18 2321
10 18 2322
10 18 2323
10 18 2324
10 18 2325
10 18 2326
10 18 2327
10 18 2328
10 18 2329
10 18 2330
10 18 2331
10 18 2332
10 18 2333
10 18 2334
10 18 2335
10 18 2336
10 18 2337
10 18 2338
10 18 2339
10 18 2340
10 18 2341
10 18 2342
10 18 2343
10 18 2344
10 18 2345
10 18 2346
10 18 2347
10 18 2348
10 18 2349
10 18 2350
10 18 2351
10 18 2352
10 18 2353
10 18 2354
10 18 2355
10 18 2356
10 18 2357
10 18 2358
10 18 2359
10 18 2360
10 18 2361
10 18 2362
10 18 2363
10 18 2364
10 18 2365
10 18 2366
10 18 2367
10 18 2368
10 18 2369
10 18 2370
10 18 2371
10 18 2372
10 18 2373
10 18 2374
10 18 2375
10 18 2376
10 18 2377
10 18 2378
10 18 2379
10 18 2380
10 18 2381
10 18 2382
10 18 2383
10 18 2384
10 18 2385
10 18 2386
10 18 2387
10 18 2388
10 18 2389
10 18 2390
10 18 2391
10 18 2392
10 18 2393
10 18 2394
10 18 2395
10 18 2396
10 18 2397
10 18 2398
10 18 2399
10 18 2400
10 18 2401
10 18 2402
10 18 2403
10 18 2404
10 18 2405
10 18 2406
10 18 2407
10 18 2408
10 18 2409
10 18 2410
10 18 2411
10 18 2412
10 18 2413
10 18 2414
10 18 2415
10 18 2416
10 18 2417
10 18 2418
10 18 2419
10 18 2420
10 18 2421
10 18 2422
10 18 2423
10 18 2424
10 18 2425
10 18 2426
10 18 2427
10 18 2428
10 18 2429
10 18 2430
10 18 2431
10 18 2432
10 18 2433
10 18 2434
10 18 2435
10 18 2436
10 18 2437
10 18 2438
10 18 2439
10 18 2440
10 18 2441
10 18 2442
10 18 2443
10 18 2444
10 18 2445
10 18 2446
10 18 2447
10 18 2448
10 18 2449
10 18 2450
10 18 2451
10 18 2452
10 18 2453
10 18 2454
10 18 2455
10 18 2456
10 18 2457
