1 18 1
1 18 2
1 18 3
1 18 4
1 18 5
1 18 6
1 18 7
1 18 8
1 18 9
1 18 10
1 18 11
1 18 12
1 18 13
1 18 14
1 18 15
1 18 16
1 18 17
1 18 18
1 18 19
1 18 20
1 18 21
1 18 22
1 18 23
1 18 24
1 18 25
1 18 26
1 18 27
1 18 28
1 18 29
1 18 30
1 18 31
1 18 32
1 18 33
1 18 34
1 18 35
1 18 36
1 18 37
1 18 38
1 18 39
1 18 40
1 18 41
1 18 42
1 18 43
1 18 44
1 18 45
1 18 46
1 18 47
1 18 48
1 18 49
1 18 50
1 18 51
1 18 52
1 18 53
1 18 54
1 18 55
1 18 56
1 18 57
1 18 58
1 18 59
1 18 60
1 18 61
1 18 62
1 18 63
1 18 64
1 18 65
1 18 66
1 18 67
1 18 68
1 18 69
1 18 70
1 18 71
1 18 72
1 18 73
1 18 74
1 18 75
1 18 76
1 18 77
1 18 78
1 18 79
1 18 80
1 18 81
1 18 82
1 18 83
1 18 84
1 18 85
1 18 86
1 18 87
1 18 88
1 18 89
1 18 90
1 18 91
1 18 92
1 18 93
1 18 94
1 18 95
1 18 96
1 18 97
1 18 98
1 18 99
1 18 100
1 18 101
1 18 102
1 18 103
1 18 104
1 18 105
1 18 106
1 18 107
1 18 108
1 18 109
1 18 110
1 18 111
1 18 112
1 18 113
1 18 114
1 18 115
1 18 116
1 18 117
1 18 118
1 18 119
1 18 120
1 18 121
1 18 122
1 18 123
1 18 124
1 18 125
1 18 126
1 18 127
1 18 128
1 18 129
1 18 130
1 18 131
1 18 132
1 18 133
1 18 134
1 18 135
1 18 136
1 18 137
1 18 138
1 18 139
1 18 140
1 18 141
1 18 142
1 18 143
1 18 144
1 18 145
1 18 146
1 18 147
1 18 148
1 18 149
1 18 150
1 18 151
1 18 152
1 18 153
1 18 154
1 18 155
1 18 156
1 18 157
1 18 158
1 18 159
1 18 160
1 18 161
1 18 162
1 18 163
1 18 164
1 18 165
1 18 166
1 18 167
1 18 168
1 18 169
1 18 170
1 18 171
1 18 172
1 18 173
1 18 174
1 18 175
1 18 176
1 18 177
1 18 178
1 18 179
1 18 180
1 18 181
1 18 182
1 18 183
1 18 184
1 18 185
1 18 186
1 18 187
1 18 188
1 18 189
1 18 190
1 18 191
1 18 192
1 18 193
1 18 194
1 18 195
1 18 196
1 18 197
1 18 198
1 18 199
1 18 200
1 18 201
1 18 202
1 18 203
1 18 204
1 18 205
1 18 206
1 18 207
1 18 208
1 18 209
1 18 210
1 18 211
1 18 212
1 18 213
1 18 214
1 18 215
1 18 216
1 18 217
1 18 218
1 18 219
1 18 220
1 18 221
1 18 222
1 18 223
1 18 224
1 18 225
1 18 226
1 18 227
1 18 228
1 18 229
1 18 230
1 18 231
1 18 232
1 18 233
1 18 234
1 18 235
1 18 236
1 18 237
1 18 238
1 18 239
1 18 240
1 18 241
1 18 242
1 18 243
1 18 244
1 18 245
1 18 246
1 18 247
1 18 248
1 18 249
1 18 250
1 18 251
1 18 252
1 18 253
1 18 254
1 18 255
1 18 256
1 18 257
1 18 258
1 18 259
1 18 260
1 18 261
1 18 262
1 18 263
1 18 264
1 18 265
1 18 266
1 18 267
1 18 268
1 18 269
1 18 270
1 18 271
1 18 272
1 18 273
1 18 274
1 18 275
1 18 276
1 18 277
1 18 278
1 18 279
1 18 280
1 18 281
1 18 282
1 18 283
1 18 284
1 18 285
1 18 286
1 18 287
1 18 288
1 18 289
1 18 290
1 18 291
1 18 292
1 18 293
1 18 294
1 18 295
1 18 296
1 18 297
1 18 298
1 18 299
1 18 300
1 18 301
1 18 302
1 18 303
1 18 304
1 18 305
1 18 306
1 18 307
1 18 308
1 18 309
1 18 310
1 18 311
1 18 312
1 18 313
1 18 314
1 18 315
1 18 316
1 18 317
1 18 318
1 18 319
1 18 320
1 18 321
1 18 322
1 18 323
1 18 324
1 18 325
1 18 326
1 18 327
1 18 328
1 18 329
1 18 330
1 18 331
1 18 332
1 18 333
1 18 334
1 18 335
1 18 336
1 18 337
1 18 338
1 18 339
1 18 340
1 18 341
1 18 342
1 18 343
1 18 344
1 18 345
1 18 346
1 18 347
1 18 348
1 18 349
1 18 350
1 18 351
1 18 352
1 18 353
1 18 354
1 18 355
1 18 356
1 18 357
1 18 358
1 18 359
1 18 360
1 18 361
1 18 362
1 18 363
1 18 364
1 18 365
1 18 366
1 18 367
1 18 368
1 18 369
1 18 370
1 18 371
1 18 372
1 18 373
1 18 374
1 18 375
1 18 376
1 18 377
1 18 378
1 18 379
1 18 380
1 18 381
1 18 382
1 18 383
1 18 384
1 18 385
1 18 386
1 18 387
1 18 388
1 18 389
1 18 390
1 18 391
1 18 392
1 18 393
1 18 394
1 18 395
1 18 396
1 18 397
1 18 398
1 18 399
1 18 400
1 18 401
1 18 402
1 18 403
1 18 404
1 18 405
1 18 406
1 18 407
1 18 408
1 18 409
1 18 410
1 18 411
1 18 412
1 18 413
1 18 414
1 18 415
1 18 416
1 18 417
1 18 418
1 18 419
1 18 420
1 18 421
1 18 422
1 18 423
1 18 424
1 18 425
1 18 426
1 18 427
1 18 428
1 18 429
1 18 430
1 18 431
1 18 432
1 18 433
1 18 434
1 18 435
1 18 436
1 18 437
1 18 438
1 18 439
1 18 440
1 18 441
1 18 442
1 18 443
1 18 444
1 18 445
1 18 446
1 18 447
1 18 448
1 18 449
1 18 450
1 18 451
1 18 452
1 18 453
1 18 454
1 18 455
1 18 456
1 18 457
1 18 458
1 18 459
1 18 460
1 18 461
1 18 462
1 18 463
1 18 464
1 18 465
1 18 466
1 18 467
1 18 468
1 18 469
1 18 470
1 18 471
1 18 472
1 18 473
1 18 474
1 18 475
1 18 476
1 18 477
1 18 478
1 18 479
1 18 480
1 18 481
1 18 482
1 18 483
1 18 484
1 18 485
1 18 486
1 18 487
1 18 488
1 18 489
1 18 490
1 18 491
1 18 492
1 18 493
1 18 494
1 18 495
1 18 496
1 18 497
1 18 498
1 18 499
1 18 500
1 18 501
1 18 502
1 18 503
1 18 504
1 18 505
1 18 506
1 18 507
1 18 508
1 18 509
1 18 510
1 18 511
1 18 512
1 18 513
1 18 514
1 18 515
1 18 516
1 18 517
1 18 518
1 18 519
1 18 520
1 18 521
1 18 522
1 18 523
1 18 524
1 18 525
1 18 526
1 18 527
1 18 528
1 18 529
1 18 530
1 18 531
1 18 532
1 18 533
1 18 534
1 18 535
1 18 536
1 18 537
1 18 538
1 18 539
1 18 540
1 18 541
1 18 542
1 18 543
1 18 544
1 18 545
1 18 546
1 18 547
1 18 548
1 18 549
1 18 550
1 18 551
1 18 552
1 18 553
1 18 554
1 18 555
1 18 556
1 18 557
1 18 558
1 18 559
1 18 560
1 18 561
1 18 562
1 18 563
1 18 564
1 18 565
1 18 566
1 18 567
1 18 568
1 18 569
1 18 570
1 18 571
1 18 572
1 18 573
1 18 574
1 18 575
1 18 576
1 18 577
1 18 578
1 18 579
1 18 580
1 18 581
1 18 582
1 18 583
1 18 584
1 18 585
1 18 586
1 18 587
1 18 588
1 18 589
1 18 590
1 18 591
1 18 592
1 18 593
1 18 594
1 18 595
1 18 596
1 18 597
1 18 598
1 18 599
1 18 600
1 18 601
1 18 602
1 18 603
1 18 604
1 18 605
1 18 606
1 18 607
1 18 608
1 18 609
1 18 610
1 18 611
1 18 612
1 18 613
1 18 614
1 18 615
1 18 616
1 18 617
1 18 618
1 18 619
1 18 620
1 18 621
1 18 622
1 18 623
1 18 624
1 18 625
1 18 626
1 18 627
1 18 628
1 18 629
1 18 630
1 18 631
1 18 632
1 18 633
1 18 634
1 18 635
1 18 636
1 18 637
1 18 638
1 18 639
1 18 640
1 18 641
1 18 642
1 18 643
1 18 644
1 18 645
1 18 646
1 18 647
1 18 648
1 18 649
1 18 650
1 18 651
1 18 652
1 18 653
1 18 654
1 18 655
1 18 656
1 18 657
1 18 658
1 18 659
1 18 660
1 18 661
1 18 662
1 18 663
1 18 664
1 18 665
1 18 666
1 18 667
1 18 668
1 18 669
1 18 670
1 18 671
1 18 672
1 18 673
1 18 674
1 18 675
1 18 676
1 18 677
1 18 678
1 18 679
1 18 680
1 18 681
1 18 682
1 18 683
1 18 684
1 18 685
1 18 686
1 18 687
1 18 688
1 18 689
1 18 690
1 18 691
1 18 692
1 18 693
1 18 694
1 18 695
1 18 696
1 18 697
1 18 698
1 18 699
1 18 700
1 18 701
1 18 702
1 18 703
1 18 704
1 18 705
1 18 706
1 18 707
1 18 708
1 18 709
1 18 710
1 18 711
1 18 712
1 18 713
1 18 714
1 18 715
1 18 716
1 18 717
1 18 718
1 18 719
1 18 720
1 18 721
1 18 722
1 18 723
1 18 724
1 18 725
1 18 726
1 18 727
1 18 728
1 18 729
1 18 730
1 18 731
1 18 732
1 18 733
1 18 734
1 18 735
1 18 736
1 18 737
1 18 738
1 18 739
1 18 740
1 18 741
1 18 742
1 18 743
1 18 744
1 18 745
1 18 746
1 18 747
1 18 748
1 18 749
1 18 750
1 18 751
1 18 752
1 18 753
1 18 754
1 18 755
1 18 756
1 18 757
1 18 758
1 18 759
1 18 760
1 18 761
1 18 762
1 18 763
1 18 764
1 18 765
1 18 766
1 18 767
1 18 768
1 18 769
1 18 770
1 18 771
1 18 772
1 18 773
1 18 774
1 18 775
1 18 776
1 18 777
1 18 778
1 18 779
1 18 780
1 18 781
1 18 782
1 18 783
1 18 784
1 18 785
1 18 786
1 18 787
1 18 788
1 18 789
1 18 790
1 18 791
1 18 792
1 18 793
1 18 794
1 18 795
1 18 796
1 18 797
1 18 798
1 18 799
1 18 800
1 18 801
1 18 802
1 18 803
1 18 804
1 18 805
1 18 806
1 18 807
1 18 808
1 18 809
1 18 810
1 18 811
1 18 812
1 18 813
1 18 814
1 18 815
1 18 816
1 18 817
1 18 818
1 18 819
1 18 820
1 18 821
1 18 822
1 18 823
1 18 824
1 18 825
1 18 826
1 18 827
1 18 828
1 18 829
1 18 830
1 18 831
1 18 832
1 18 833
1 18 834
1 18 835
1 18 836
1 18 837
1 18 838
1 18 839
1 18 840
1 18 841
1 18 842
1 18 843
1 18 844
1 18 845
1 18 846
1 18 847
1 18 848
1 18 849
1 18 850
1 18 851
1 18 852
1 18 853
1 18 854
1 18 855
1 18 856
1 18 857
1 18 858
1 18 859
1 18 860
1 18 861
1 18 862
1 18 863
1 18 864
1 18 865
1 18 866
1 18 867
1 18 868
1 18 869
1 18 870
1 18 871
1 18 872
1 18 873
1 18 874
1 18 875
1 18 876
1 18 877
1 18 878
1 18 879
1 18 880
1 18 881
1 18 882
1 18 883
1 18 884
1 18 885
1 18 886
1 18 887
1 18 888
1 18 889
1 18 890
1 18 891
1 18 892
1 18 893
1 18 894
1 18 895
1 18 896
1 18 897
1 18 898
1 18 899
1 18 900
1 18 901
1 18 902
1 18 903
1 18 904
1 18 905
1 18 906
1 18 907
1 18 908
1 18 909
1 18 910
1 18 911
1 18 912
1 18 913
1 18 914
1 18 915
1 18 916
1 18 917
1 18 918
1 18 919
1 18 920
1 18 921
1 18 922
1 18 923
1 18 924
1 18 925
1 18 926
1 18 927
1 18 928
1 18 929
1 18 930
1 18 931
1 18 932
1 18 933
1 18 934
1 18 935
1 18 936
1 18 937
1 18 938
1 18 939
1 18 940
1 18 941
1 18 942
1 18 943
1 18 944
1 18 945
1 18 946
1 18 947
1 18 948
1 18 949
1 18 950
1 18 951
1 18 952
1 18 953
1 18 954
1 18 955
1 18 956
1 18 957
1 18 958
1 18 959
1 18 960
1 18 961
1 18 962
1 18 963
1 18 964
1 18 965
1 18 966
1 18 967
1 18 968
1 18 969
1 18 970
1 18 971
1 18 972
1 18 973
1 18 974
1 18 975
1 18 976
1 18 977
1 18 978
1 18 979
1 18 980
1 18 981
1 18 982
1 18 983
1 18 984
1 18 985
1 18 986
1 18 987
1 18 988
1 18 989
1 18 990
1 18 991
1 18 992
1 18 993
1 18 994
1 18 995
1 18 996
1 18 997
1 18 998
1 18 999
1 18 1000
1 18 1001
1 18 1002
1 18 1003
1 18 1004
1 18 1005
1 18 1006
1 18 1007
1 18 1008
1 18 1009
1 18 1010
1 18 1011
1 18 1012
1 18 1013
1 18 1014
1 18 1015
1 18 1016
1 18 1017
1 18 1018
1 18 1019
1 18 1020
1 18 1021
1 18 1022
1 18 1023
1 18 1024
1 18 1025
1 18 1026
1 18 1027
1 18 1028
1 18 1029
1 18 1030
1 18 1031
1 18 1032
1 18 1033
1 18 1034
1 18 1035
1 18 1036
1 18 1037
1 18 1038
1 18 1039
1 18 1040
1 18 1041
1 18 1042
1 18 1043
1 18 1044
1 18 1045
1 18 1046
1 18 1047
1 18 1048
1 18 1049
1 18 1050
1 18 1051
1 18 1052
1 18 1053
1 18 1054
1 18 1055
1 18 1056
1 18 1057
1 18 1058
1 18 1059
1 18 1060
1 18 1061
1 18 1062
1 18 1063
1 18 1064
1 18 1065
1 18 1066
1 18 1067
1 18 1068
1 18 1069
1 18 1070
1 18 1071
1 18 1072
1 18 1073
1 18 1074
1 18 1075
1 18 1076
1 18 1077
1 18 1078
1 18 1079
1 18 1080
1 18 1081
1 18 1082
1 18 1083
1 18 1084
1 18 1085
1 18 1086
1 18 1087
1 18 1088
1 18 1089
1 18 1090
1 18 1091
1 18 1092
1 18 1093
1 18 1094
1 18 1095
1 18 1096
1 18 1097
1 18 1098
1 18 1099
1 18 1100
1 18 1101
1 18 1102
1 18 1103
1 18 1104
1 18 1105
1 18 1106
1 18 1107
1 18 1108
1 18 1109
1 18 1110
1 18 1111
1 18 1112
1 18 1113
1 18 1114
1 18 1115
1 18 1116
1 18 1117
1 18 1118
1 18 1119
1 18 1120
1 18 1121
1 18 1122
1 18 1123
1 18 1124
1 18 1125
1 18 1126
1 18 1127
1 18 1128
1 18 1129
1 18 1130
1 18 1131
1 18 1132
1 18 1133
1 18 1134
1 18 1135
1 18 1136
1 18 1137
1 18 1138
1 18 1139
1 18 1140
1 18 1141
1 18 1142
1 18 1143
1 18 1144
1 18 1145
1 18 1146
1 18 1147
1 18 1148
1 18 1149
1 18 1150
1 18 1151
1 18 1152
1 18 1153
1 18 1154
1 18 1155
1 18 1156
1 18 1157
1 18 1158
1 18 1159
1 18 1160
1 18 1161
1 18 1162
1 18 1163
1 18 1164
1 18 1165
1 18 1166
1 18 1167
1 18 1168
1 18 1169
1 18 1170
1 18 1171
1 18 1172
1 18 1173
1 18 1174
1 18 1175
1 18 1176
1 18 1177
1 18 1178
1 18 1179
1 18 1180
1 18 1181
1 18 1182
1 18 1183
1 18 1184
1 18 1185
1 18 1186
1 18 1187
1 18 1188
1 18 1189
1 18 1190
1 18 1191
1 18 1192
1 18 1193
1 18 1194
1 18 1195
1 18 1196
1 18 1197
1 18 1198
1 18 1199
1 18 1200
1 18 1201
1 18 1202
1 18 1203
1 18 1204
1 18 1205
1 18 1206
1 18 1207
1 18 1208
1 18 1209
1 18 1210
1 18 1211
1 18 1212
1 18 1213
1 18 1214
1 18 1215
1 18 1216
1 18 1217
1 18 1218
1 18 1219
1 18 1220
1 18 1221
1 18 1222
1 18 1223
1 18 1224
1 18 1225
1 18 1226
1 18 1227
1 18 1228
1 18 1229
1 18 1230
1 18 1231
1 18 1232
1 18 1233
1 18 1234
1 18 1235
1 18 1236
1 18 1237
1 18 1238
1 18 1239
1 18 1240
1 18 1241
1 18 1242
1 18 1243
1 18 1244
1 18 1245
1 18 1246
1 18 1247
1 18 1248
1 18 1249
1 18 1250
1 18 1251
1 18 1252
1 18 1253
1 18 1254
1 18 1255
1 18 1256
1 18 1257
1 18 1258
1 18 1259
1 18 1260
1 18 1261
1 18 1262
1 18 1263
1 18 1264
1 18 1265
1 18 1266
1 18 1267
1 18 1268
1 18 1269
1 18 1270
1 18 1271
1 18 1272
1 18 1273
1 18 1274
1 18 1275
1 18 1276
1 18 1277
1 18 1278
1 18 1279
1 18 1280
1 18 1281
1 18 1282
1 18 1283
1 18 1284
1 18 1285
1 18 1286
1 18 1287
1 18 1288
1 18 1289
1 18 1290
1 18 1291
1 18 1292
1 18 1293
1 18 1294
1 18 1295
1 18 1296
1 18 1297
1 18 1298
1 18 1299
1 18 1300
1 18 1301
1 18 1302
1 18 1303
1 18 1304
1 18 1305
1 18 1306
1 18 1307
1 18 1308
1 18 1309
1 18 1310
1 18 1311
1 18 1312
1 18 1313
1 18 1314
1 18 1315
1 18 1316
1 18 1317
1 18 1318
1 18 1319
1 18 1320
1 18 1321
1 18 1322
1 18 1323
1 18 1324
1 18 1325
1 18 1326
1 18 1327
1 18 1328
1 18 1329
1 18 1330
1 18 1331
1 18 1332
1 18 1333
1 18 1334
1 18 1335
1 18 1336
1 18 1337
1 18 1338
1 18 1339
1 18 1340
1 18 1341
1 18 1342
1 18 1343
1 18 1344
1 18 1345
1 18 1346
1 18 1347
1 18 1348
1 18 1349
1 18 1350
1 18 1351
1 18 1352
1 18 1353
1 18 1354
1 18 1355
1 18 1356
1 18 1357
1 18 1358
1 18 1359
1 18 1360
1 18 1361
1 18 1362
1 18 1363
1 18 1364
1 18 1365
1 18 1366
1 18 1367
1 18 1368
1 18 1369
1 18 1370
1 18 1371
1 18 1372
1 18 1373
1 18 1374
1 18 1375
1 18 1376
1 18 1377
1 18 1378
1 18 1379
1 18 1380
1 18 1381
1 18 1382
1 18 1383
1 18 1384
1 18 1385
1 18 1386
1 18 1387
1 18 1388
1 18 1389
1 18 1390
1 18 1391
1 18 1392
1 18 1393
1 18 1394
1 18 1395
1 18 1396
1 18 1397
1 18 1398
1 18 1399
1 18 1400
1 18 1401
1 18 1402
1 18 1403
1 18 1404
1 18 1405
1 18 1406
1 18 1407
1 18 1408
1 18 1409
1 18 1410
1 18 1411
1 18 1412
1 18 1413
1 18 1414
1 18 1415
1 18 1416
1 18 1417
1 18 1418
1 18 1419
1 18 1420
1 18 1421
1 18 1422
1 18 1423
1 18 1424
1 18 1425
1 18 1426
1 18 1427
1 18 1428
1 18 1429
1 18 1430
1 18 1431
1 18 1432
1 18 1433
1 18 1434
1 18 1435
1 18 1436
1 18 1437
1 18 1438
1 18 1439
1 18 1440
1 18 1441
1 18 1442
1 18 1443
1 18 1444
1 18 1445
1 18 1446
1 18 1447
1 18 1448
1 18 1449
1 18 1450
1 18 1451
1 18 1452
1 18 1453
1 18 1454
1 18 1455
1 18 1456
1 18 1457
1 18 1458
1 18 1459
1 18 1460
1 18 1461
1 18 1462
1 18 1463
1 18 1464
1 18 1465
1 18 1466
1 18 1467
1 18 1468
1 18 1469
1 18 1470
1 18 1471
1 18 1472
1 18 1473
1 18 1474
1 18 1475
1 18 1476
1 18 1477
1 18 1478
1 18 1479
1 18 1480
1 18 1481
1 18 1482
1 18 1483
1 18 1484
1 18 1485
1 18 1486
1 18 1487
1 18 1488
1 18 1489
1 18 1490
1 18 1491
1 18 1492
1 18 1493
1 18 1494
1 18 1495
1 18 1496
1 18 1497
1 18 1498
1 18 1499
1 18 1500
1 18 1501
1 18 1502
1 18 1503
1 18 1504
1 18 1505
1 18 1506
1 18 1507
1 18 1508
1 18 1509
1 18 1510
1 18 1511
1 18 1512
1 18 1513
1 18 1514
1 18 1515
1 18 1516
1 18 1517
1 18 1518
1 18 1519
1 18 1520
1 18 1521
1 18 1522
1 18 1523
1 18 1524
1 18 1525
1 18 1526
1 18 1527
1 18 1528
1 18 1529
1 18 1530
1 18 1531
1 18 1532
1 18 1533
1 18 1534
1 18 1535
1 18 1536
1 18 1537
1 18 1538
1 18 1539
1 18 1540
1 18 1541
1 18 1542
1 18 1543
1 18 1544
1 18 1545
1 18 1546
1 18 1547
1 18 1548
1 18 1549
1 18 1550
1 18 1551
1 18 1552
1 18 1553
1 18 1554
1 18 1555
1 18 1556
1 18 1557
1 18 1558
1 18 1559
1 18 1560
1 18 1561
1 18 1562
1 18 1563
1 18 1564
1 18 1565
1 18 1566
1 18 1567
1 18 1568
1 18 1569
1 18 1570
1 18 1571
1 18 1572
1 18 1573
1 18 1574
1 18 1575
1 18 1576
1 18 1577
1 18 1578
1 18 1579
1 18 1580
1 18 1581
1 18 1582
1 18 1583
1 18 1584
1 18 1585
1 18 1586
1 18 1587
1 18 1588
1 18 1589
1 18 1590
1 18 1591
1 18 1592
1 18 1593
1 18 1594
1 18 1595
1 18 1596
1 18 1597
1 18 1598
1 18 1599
1 18 1600
1 18 1601
1 18 1602
1 18 1603
1 18 1604
1 18 1605
1 18 1606
1 18 1607
1 18 1608
1 18 1609
1 18 1610
1 18 1611
1 18 1612
1 18 1613
1 18 1614
1 18 1615
1 18 1616
1 18 1617
1 18 1618
1 18 1619
1 18 1620
1 18 1621
1 18 1622
1 18 1623
1 18 1624
1 18 1625
1 18 1626
1 18 1627
1 18 1628
1 18 1629
1 18 1630
1 18 1631
1 18 1632
1 18 1633
1 18 1634
1 18 1635
1 18 1636
1 18 1637
1 18 1638
1 18 1639
1 18 1640
1 18 1641
1 18 1642
1 18 1643
1 18 1644
1 18 1645
1 18 1646
1 18 1647
1 18 1648
1 18 1649
1 18 1650
1 18 1651
1 18 1652
1 18 1653
1 18 1654
1 18 1655
1 18 1656
1 18 1657
1 18 1658
1 18 1659
1 18 1660
1 18 1661
1 18 1662
1 18 1663
1 18 1664
1 18 1665
1 18 1666
1 18 1667
1 18 1668
1 18 1669
1 18 1670
1 18 1671
1 18 1672
1 18 1673
1 18 1674
1 18 1675
1 18 1676
1 18 1677
1 18 1678
1 18 1679
1 18 1680
1 18 1681
1 18 1682
1 18 1683
1 18 1684
1 18 1685
1 18 1686
1 18 1687
1 18 1688
1 18 1689
1 18 1690
1 18 1691
1 18 1692
1 18 1693
1 18 1694
1 18 1695
1 18 1696
1 18 1697
1 18 1698
1 18 1699
1 18 1700
1 18 1701
1 18 1702
1 18 1703
1 18 1704
1 18 1705
1 18 1706
1 18 1707
1 18 1708
1 18 1709
1 18 1710
1 18 1711
1 18 1712
1 18 1713
1 18 1714
1 18 1715
1 18 1716
1 18 1717
1 18 1718
1 18 1719
1 18 1720
1 18 1721
1 18 1722
1 18 1723
1 18 1724
1 18 1725
1 18 1726
1 18 1727
1 18 1728
1 18 1729
1 18 1730
1 18 1731
1 18 1732
1 18 1733
1 18 1734
1 18 1735
1 18 1736
1 18 1737
1 18 1738
1 18 1739
1 18 1740
1 18 1741
1 18 1742
1 18 1743
1 18 1744
1 18 1745
1 18 1746
1 18 1747
1 18 1748
1 18 1749
1 18 1750
1 18 1751
1 18 1752
1 18 1753
1 18 1754
1 18 1755
1 18 1756
1 18 1757
1 18 1758
1 18 1759
1 18 1760
1 18 1761
1 18 1762
1 18 1763
1 18 1764
1 18 1765
1 18 1766
1 18 1767
1 18 1768
1 18 1769
1 18 1770
1 18 1771
1 18 1772
1 18 1773
1 18 1774
1 18 1775
1 18 1776
1 18 1777
1 18 1778
1 18 1779
1 18 1780
1 18 1781
1 18 1782
1 18 1783
1 18 1784
1 18 1785
1 18 1786
1 18 1787
1 18 1788
1 18 1789
1 18 1790
1 18 1791
1 18 1792
1 18 1793
1 18 1794
1 18 1795
1 18 1796
1 18 1797
1 18 1798
1 18 1799
1 18 1800
1 18 1801
1 18 1802
1 18 1803
1 18 1804
1 18 1805
1 18 1806
1 18 1807
1 18 1808
1 18 1809
1 18 1810
1 18 1811
1 18 1812
1 18 1813
1 18 1814
1 18 1815
1 18 1816
1 18 1817
1 18 1818
1 18 1819
1 18 1820
1 18 1821
1 18 1822
1 18 1823
1 18 1824
1 18 1825
1 18 1826
1 18 1827
1 18 1828
1 18 1829
1 18 1830
1 18 1831
1 18 1832
1 18 1833
1 18 1834
1 18 1835
1 18 1836
1 18 1837
1 18 1838
1 18 1839
1 18 1840
1 18 1841
1 18 1842
1 18 1843
1 18 1844
1 18 1845
1 18 1846
1 18 1847
1 18 1848
1 18 1849
1 18 1850
1 18 1851
1 18 1852
1 18 1853
1 18 1854
1 18 1855
1 18 1856
1 18 1857
1 18 1858
1 18 1859
1 18 1860
1 18 1861
1 18 1862
1 18 1863
1 18 1864
1 18 1865
1 18 1866
1 18 1867
1 18 1868
1 18 1869
1 18 1870
1 18 1871
1 18 1872
1 18 1873
1 18 1874
1 18 1875
1 18 1876
1 18 1877
1 18 1878
1 18 1879
1 18 1880
1 18 1881
1 18 1882
1 18 1883
1 18 1884
1 18 1885
1 18 1886
1 18 1887
1 18 1888
1 18 1889
1 18 1890
1 18 1891
1 18 1892
1 18 1893
1 18 1894
1 18 1895
1 18 1896
1 18 1897
1 18 1898
1 18 1899
1 18 1900
1 18 1901
1 18 1902
1 18 1903
1 18 1904
1 18 1905
1 18 1906
1 18 1907
1 18 1908
1 18 1909
1 18 1910
1 18 1911
1 18 1912
1 18 1913
1 18 1914
1 18 1915
1 18 1916
1 18 1917
1 18 1918
1 18 1919
1 18 1920
1 18 1921
1 18 1922
1 18 1923
1 18 1924
1 18 1925
1 18 1926
1 18 1927
1 18 1928
1 18 1929
1 18 1930
1 18 1931
1 18 1932
1 18 1933
1 18 1934
1 18 1935
1 18 1936
1 18 1937
1 18 1938
1 18 1939
1 18 1940
1 18 1941
1 18 1942
1 18 1943
1 18 1944
1 18 1945
1 18 1946
1 18 1947
1 18 1948
1 18 1949
1 18 1950
1 18 1951
1 18 1952
1 18 1953
1 18 1954
1 18 1955
1 18 1956
1 18 1957
1 18 1958
1 18 1959
1 18 1960
1 18 1961
1 18 1962
1 18 1963
1 18 1964
1 18 1965
1 18 1966
1 18 1967
1 18 1968
1 18 1969
1 18 1970
1 18 1971
1 18 1972
1 18 1973
1 18 1974
1 18 1975
1 18 1976
1 18 1977
1 18 1978
1 18 1979
1 18 1980
1 18 1981
1 18 1982
1 18 1983
1 18 1984
1 18 1985
1 18 1986
1 18 1987
1 18 1988
1 18 1989
1 18 1990
1 18 1991
1 18 1992
1 18 1993
1 18 1994
1 18 1995
1 18 1996
1 18 1997
1 18 1998
1 18 1999
1 18 2000
1 18 2001
1 18 2002
1 18 2003
1 18 2004
1 18 2005
1 18 2006
1 18 2007
1 18 2008
1 18 2009
1 18 2010
1 18 2011
1 18 2012
1 18 2013
1 18 2014
1 18 2015
1 18 2016
1 18 2017
1 18 2018
1 18 2019
1 18 2020
1 18 2021
1 18 2022
1 18 2023
1 18 2024
1 18 2025
1 18 2026
1 18 2027
1 18 2028
1 18 2029
1 18 2030
1 18 2031
1 18 2032
1 18 2033
1 18 2034
1 18 2035
1 18 2036
1 18 2037
1 18 2038
1 18 2039
1 18 2040
1 18 2041
1 18 2042
1 18 2043
1 18 2044
1 18 2045
1 18 2046
1 18 2047
1 18 2048
1 18 2049
1 18 2050
1 18 2051
1 18 2052
1 18 2053
1 18 2054
1 18 2055
1 18 2056
1 18 2057
1 18 2058
1 18 2059
1 18 2060
1 18 2061
1 18 2062
1 18 2063
1 18 2064
1 18 2065
1 18 2066
1 18 2067
1 18 2068
1 18 2069
1 18 2070
1 18 2071
1 18 2072
1 18 2073
1 18 2074
1 18 2075
1 18 2076
1 18 2077
1 18 2078
1 18 2079
1 18 2080
1 18 2081
1 18 2082
1 18 2083
1 18 2084
1 18 2085
1 18 2086
1 18 2087
1 18 2088
1 18 2089
1 18 2090
1 18 2091
1 18 2092
1 18 2093
1 18 2094
1 18 2095
1 18 2096
1 18 2097
1 18 2098
1 18 2099
1 18 2100
1 18 2101
1 18 2102
1 18 2103
1 18 2104
1 18 2105
1 18 2106
1 18 2107
1 18 2108
1 18 2109
1 18 2110
1 18 2111
1 18 2112
1 18 2113
1 18 2114
1 18 2115
1 18 2116
1 18 2117
1 18 2118
1 18 2119
1 18 2120
1 18 2121
1 18 2122
1 18 2123
1 18 2124
1 18 2125
1 18 2126
1 18 2127
1 18 2128
1 18 2129
1 18 2130
1 18 2131
1 18 2132
1 18 2133
1 18 2134
1 18 2135
1 18 2136
1 18 2137
1 18 2138
1 18 2139
1 18 2140
1 18 2141
1 18 2142
1 18 2143
1 18 2144
1 18 2145
1 18 2146
1 18 2147
1 18 2148
1 18 2149
1 18 2150
1 18 2151
1 18 2152
1 18 2153
1 18 2154
1 18 2155
1 18 2156
1 18 2157
1 18 2158
1 18 2159
1 18 2160
1 18 2161
1 18 2162
1 18 2163
1 18 2164
1 18 2165
1 18 2166
1 18 2167
1 18 2168
1 18 2169
1 18 2170
1 18 2171
1 18 2172
1 18 2173
1 18 2174
1 18 2175
1 18 2176
1 18 2177
1 18 2178
1 18 2179
1 18 2180
1 18 2181
1 18 2182
1 18 2183
1 18 2184
1 18 2185
1 18 2186
1 18 2187
1 18 2188
1 18 2189
1 18 2190
1 18 2191
1 18 2192
1 18 2193
1 18 2194
1 18 2195
1 18 2196
1 18 2197
1 18 2198
1 18 2199
1 18 2200
1 18 2201
1 18 2202
1 18 2203
1 18 2204
1 18 2205
1 18 2206
1 18 2207
1 18 2208
1 18 2209
1 18 2210
1 18 2211
1 18 2212
1 18 2213
1 18 2214
1 18 2215
1 18 2216
1 18 2217
1 18 2218
1 18 2219
1 18 2220
1 18 2221
1 18 2222
1 18 2223
1 18 2224
1 18 2225
1 18 2226
1 18 2227
1 18 2228
1 18 2229
1 18 2230
1 18 2231
1 18 2232
1 18 2233
1 18 2234
1 18 2235
1 18 2236
1 18 2237
1 18 2238
1 18 2239
1 18 2240
1 18 2241
1 18 2242
1 18 2243
1 18 2244
1 18 2245
1 18 2246
1 18 2247
1 18 2248
1 18 2249
1 18 2250
1 18 2251
1 18 2252
1 18 2253
1 18 2254
1 18 2255
1 18 2256
1 18 2257
1 18 2258
1 18 2259
1 18 2260
1 18 2261
1 18 2262
1 18 2263
1 18 2264
1 18 2265
1 18 2266
1 18 2267
1 18 2268
1 18 2269
1 18 2270
1 18 2271
1 18 2272
1 18 2273
1 18 2274
1 18 2275
1 18 2276
1 18 2277
1 18 2278
1 18 2279
1 18 2280
1 18 2281
1 18 2282
1 18 2283
1 18 2284
1 18 2285
1 18 2286
1 18 2287
1 18 2288
1 18 2289
1 18 2290
1 18 2291
1 18 2292
1 18 2293
1 18 2294
1 18 2295
1 18 2296
1 18 2297
1 18 2298
1 18 2299
1 18 2300
1 18 2301
1 18 2302
1 18 2303
1 18 2304
1 18 2305
1 18 2306
1 18 2307
1 18 2308
1 18 2309
1 18 2310
1 18 2311
1 18 2312
1 18 2313
1 18 2314
1 18 2315
1 18 2316
1 18 2317
1 18 2318
1 18 2319
1 18 2320
1 18 2321
1 18 2322
1 18 2323
1 18 2324
1 18 2325
1 18 2326
1 18 2327
1 18 2328
1 18 2329
1 18 2330
1 18 2331
1 18 2332
1 18 2333
1 18 2334
1 18 2335
1 18 2336
1 18 2337
1 18 2338
1 18 2339
1 18 2340
1 18 2341
1 18 2342
1 18 2343
1 18 2344
1 18 2345
1 18 2346
1 18 2347
1 18 2348
1 18 2349
1 18 2350
1 18 2351
1 18 2352
1 18 2353
1 18 2354
1 18 2355
1 18 2356
1 18 2357
1 18 2358
1 18 2359
1 18 2360
1 18 2361
1 18 2362
1 18 2363
1 18 2364
1 18 2365
1 18 2366
1 18 2367
1 18 2368
1 18 2369
1 18 2370
1 18 2371
1 18 2372
1 18 2373
1 18 2374
1 18 2375
1 18 2376
1 18 2377
1 18 2378
1 18 2379
1 18 2380
1 18 2381
1 18 2382
1 18 2383
1 18 2384
1 18 2385
1 18 2386
1 18 2387
1 18 2388
1 18 2389
1 18 2390
1 18 2391
1 18 2392
1 18 2393
1 18 2394
1 18 2395
1 18 2396
1 18 2397
1 18 2398
1 18 2399
1 18 2400
1 18 2401
1 18 2402
1 18 2403
1 18 2404
1 18 2405
1 18 2406
1 18 2407
1 18 2408
1 18 2409
1 18 2410
1 18 2411
1 18 2412
1 18 2413
1 18 2414
1 18 2415
1 18 2416
1 18 2417
1 18 2418
1 18 2419
1 18 2420
1 18 2421
1 18 2422
1 18 2423
1 18 2424
1 18 2425
1 18 2426
1 18 2427
1 18 2428
1 18 2429
1 18 2430
1 18 2431
1 18 2432
1 18 2433
1 18 2434
1 18 2435
1 18 2436
1 18 2437
1 18 2438
1 18 2439
1 18 2440
1 18 2441
1 18 2442
1 18 2443
1 18 2444
1 18 2445
1 18 2446
1 18 2447
1 18 2448
1 18 2449
1 18 2450
1 18 2451
1 18 2452
1 18 2453
1 18 2454
1 18 2455
1 18 2456
1 18 2457
