20 15 1
20 15 2
20 15 3
20 15 4
20 15 5
20 15 6
20 15 7
20 15 8
20 15 9
20 15 10
20 15 11
20 15 12
20 15 13
20 15 14
20 15 15
20 15 16
20 15 17
20 15 18
20 15 19
20 15 20
20 15 21
20 15 22
20 15 23
20 15 24
20 15 25
20 15 26
20 15 27
20 15 28
20 15 29
20 15 30
20 15 31
20 15 32
20 15 33
20 15 34
20 15 35
20 15 36
20 15 37
20 15 38
20 15 39
20 15 40
20 15 41
20 15 42
20 15 43
20 15 44
20 15 45
20 15 46
20 15 47
20 15 48
20 15 49
20 15 50
20 15 51
20 15 52
20 15 53
20 15 54
20 15 55
20 15 56
20 15 57
20 15 58
20 15 59
20 15 60
20 15 61
20 15 62
20 15 63
20 15 64
20 15 65
20 15 66
20 15 67
20 15 68
20 15 69
20 15 70
20 15 71
20 15 72
20 15 73
20 15 74
20 15 75
20 15 76
20 15 77
20 15 78
20 15 79
20 15 80
20 15 81
20 15 82
20 15 83
20 15 84
20 15 85
20 15 86
20 15 87
20 15 88
20 15 89
20 15 90
20 15 91
20 15 92
20 15 93
20 15 94
20 15 95
20 15 96
20 15 97
20 15 98
20 15 99
20 15 100
20 15 101
20 15 102
20 15 103
20 15 104
20 15 105
20 15 106
20 15 107
20 15 108
20 15 109
20 15 110
20 15 111
20 15 112
20 15 113
20 15 114
20 15 115
20 15 116
20 15 117
20 15 118
20 15 119
20 15 120
20 15 121
20 15 122
20 15 123
20 15 124
20 15 125
20 15 126
20 15 127
20 15 128
20 15 129
20 15 130
20 15 131
20 15 132
20 15 133
20 15 134
20 15 135
20 15 136
20 15 137
20 15 138
20 15 139
20 15 140
20 15 141
20 15 142
20 15 143
20 15 144
20 15 145
20 15 146
20 15 147
20 15 148
20 15 149
20 15 150
20 15 151
20 15 152
20 15 153
20 15 154
20 15 155
20 15 156
20 15 157
20 15 158
20 15 159
20 15 160
20 15 161
20 15 162
20 15 163
20 15 164
20 15 165
20 15 166
20 15 167
20 15 168
20 15 169
20 15 170
20 15 171
20 15 172
20 15 173
20 15 174
20 15 175
20 15 176
20 15 177
20 15 178
20 15 179
20 15 180
20 15 181
20 15 182
20 15 183
20 15 184
20 15 185
20 15 186
20 15 187
20 15 188
20 15 189
20 15 190
20 15 191
20 15 192
20 15 193
20 15 194
20 15 195
20 15 196
20 15 197
20 15 198
20 15 199
20 15 200
20 15 201
20 15 202
20 15 203
20 15 204
20 15 205
20 15 206
20 15 207
20 15 208
20 15 209
20 15 210
20 15 211
20 15 212
20 15 213
20 15 214
20 15 215
20 15 216
20 15 217
20 15 218
20 15 219
20 15 220
20 15 221
20 15 222
20 15 223
20 15 224
20 15 225
20 15 226
20 15 227
20 15 228
20 15 229
20 15 230
20 15 231
20 15 232
20 15 233
20 15 234
20 15 235
20 15 236
20 15 237
20 15 238
20 15 239
20 15 240
20 15 241
20 15 242
20 15 243
20 15 244
20 15 245
20 15 246
20 15 247
20 15 248
20 15 249
20 15 250
20 15 251
20 15 252
20 15 253
20 15 254
20 15 255
20 15 256
20 15 257
20 15 258
20 15 259
20 15 260
20 15 261
20 15 262
20 15 263
20 15 264
20 15 265
20 15 266
20 15 267
20 15 268
20 15 269
20 15 270
20 15 271
20 15 272
20 15 273
20 15 274
20 15 275
20 15 276
20 15 277
20 15 278
20 15 279
20 15 280
20 15 281
20 15 282
20 15 283
20 15 284
20 15 285
20 15 286
20 15 287
20 15 288
20 15 289
20 15 290
20 15 291
20 15 292
20 15 293
20 15 294
20 15 295
20 15 296
20 15 297
20 15 298
20 15 299
20 15 300
20 15 301
20 15 302
20 15 303
20 15 304
20 15 305
20 15 306
20 15 307
20 15 308
20 15 309
20 15 310
20 15 311
20 15 312
20 15 313
20 15 314
20 15 315
20 15 316
20 15 317
20 15 318
20 15 319
20 15 320
20 15 321
20 15 322
20 15 323
20 15 324
20 15 325
20 15 326
20 15 327
20 15 328
20 15 329
20 15 330
20 15 331
20 15 332
20 15 333
20 15 334
20 15 335
20 15 336
20 15 337
20 15 338
20 15 339
20 15 340
20 15 341
20 15 342
20 15 343
20 15 344
20 15 345
20 15 346
20 15 347
20 15 348
20 15 349
20 15 350
20 15 351
20 15 352
20 15 353
20 15 354
20 15 355
20 15 356
20 15 357
20 15 358
20 15 359
20 15 360
20 15 361
20 15 362
20 15 363
20 15 364
20 15 365
20 15 366
20 15 367
20 15 368
20 15 369
20 15 370
20 15 371
20 15 372
20 15 373
20 15 374
20 15 375
20 15 376
20 15 377
20 15 378
20 15 379
20 15 380
20 15 381
20 15 382
20 15 383
20 15 384
20 15 385
20 15 386
20 15 387
20 15 388
20 15 389
20 15 390
20 15 391
20 15 392
20 15 393
20 15 394
20 15 395
20 15 396
20 15 397
20 15 398
20 15 399
20 15 400
20 15 401
20 15 402
20 15 403
20 15 404
20 15 405
20 15 406
20 15 407
20 15 408
20 15 409
20 15 410
20 15 411
20 15 412
20 15 413
20 15 414
20 15 415
20 15 416
20 15 417
20 15 418
20 15 419
20 15 420
20 15 421
20 15 422
20 15 423
20 15 424
20 15 425
20 15 426
20 15 427
20 15 428
20 15 429
20 15 430
20 15 431
20 15 432
20 15 433
20 15 434
20 15 435
20 15 436
20 15 437
20 15 438
20 15 439
20 15 440
20 15 441
20 15 442
20 15 443
20 15 444
20 15 445
20 15 446
20 15 447
20 15 448
20 15 449
20 15 450
20 15 451
20 15 452
20 15 453
20 15 454
20 15 455
20 15 456
20 15 457
20 15 458
20 15 459
20 15 460
20 15 461
20 15 462
20 15 463
20 15 464
20 15 465
20 15 466
20 15 467
20 15 468
20 15 469
20 15 470
20 15 471
20 15 472
20 15 473
20 15 474
20 15 475
20 15 476
20 15 477
20 15 478
20 15 479
20 15 480
20 15 481
20 15 482
20 15 483
20 15 484
20 15 485
20 15 486
20 15 487
20 15 488
20 15 489
20 15 490
20 15 491
20 15 492
20 15 493
20 15 494
20 15 495
20 15 496
20 15 497
20 15 498
20 15 499
20 15 500
20 15 501
20 15 502
20 15 503
20 15 504
20 15 505
20 15 506
20 15 507
20 15 508
20 15 509
20 15 510
20 15 511
20 15 512
20 15 513
20 15 514
20 15 515
20 15 516
20 15 517
20 15 518
20 15 519
20 15 520
20 15 521
20 15 522
20 15 523
20 15 524
20 15 525
20 15 526
20 15 527
20 15 528
20 15 529
20 15 530
20 15 531
20 15 532
20 15 533
20 15 534
20 15 535
20 15 536
20 15 537
20 15 538
20 15 539
20 15 540
20 15 541
20 15 542
20 15 543
20 15 544
20 15 545
20 15 546
20 15 547
20 15 548
20 15 549
20 15 550
20 15 551
20 15 552
20 15 553
20 15 554
20 15 555
20 15 556
20 15 557
20 15 558
20 15 559
20 15 560
20 15 561
20 15 562
20 15 563
20 15 564
20 15 565
20 15 566
20 15 567
20 15 568
20 15 569
20 15 570
20 15 571
20 15 572
20 15 573
20 15 574
20 15 575
20 15 576
20 15 577
20 15 578
20 15 579
20 15 580
20 15 581
20 15 582
20 15 583
20 15 584
20 15 585
20 15 586
20 15 587
20 15 588
20 15 589
20 15 590
20 15 591
20 15 592
20 15 593
20 15 594
20 15 595
20 15 596
20 15 597
20 15 598
20 15 599
20 15 600
20 15 601
20 15 602
20 15 603
20 15 604
20 15 605
20 15 606
20 15 607
20 15 608
20 15 609
20 15 610
20 15 611
20 15 612
20 15 613
20 15 614
20 15 615
20 15 616
20 15 617
20 15 618
20 15 619
20 15 620
20 15 621
20 15 622
20 15 623
20 15 624
20 15 625
20 15 626
20 15 627
20 15 628
20 15 629
20 15 630
20 15 631
20 15 632
20 15 633
20 15 634
20 15 635
20 15 636
20 15 637
20 15 638
20 15 639
20 15 640
20 15 641
20 15 642
20 15 643
20 15 644
20 15 645
20 15 646
20 15 647
20 15 648
20 15 649
20 15 650
20 15 651
20 15 652
20 15 653
20 15 654
20 15 655
20 15 656
20 15 657
20 15 658
20 15 659
20 15 660
20 15 661
20 15 662
20 15 663
20 15 664
20 15 665
20 15 666
20 15 667
20 15 668
20 15 669
20 15 670
20 15 671
20 15 672
20 15 673
20 15 674
20 15 675
20 15 676
20 15 677
20 15 678
20 15 679
20 15 680
20 15 681
20 15 682
20 15 683
20 15 684
20 15 685
20 15 686
20 15 687
20 15 688
20 15 689
20 15 690
20 15 691
20 15 692
20 15 693
20 15 694
20 15 695
20 15 696
20 15 697
20 15 698
20 15 699
20 15 700
20 15 701
20 15 702
20 15 703
20 15 704
20 15 705
20 15 706
20 15 707
20 15 708
20 15 709
20 15 710
20 15 711
20 15 712
20 15 713
20 15 714
20 15 715
20 15 716
20 15 717
20 15 718
20 15 719
20 15 720
20 15 721
20 15 722
20 15 723
20 15 724
20 15 725
20 15 726
20 15 727
20 15 728
20 15 729
20 15 730
20 15 731
20 15 732
20 15 733
20 15 734
20 15 735
20 15 736
20 15 737
20 15 738
20 15 739
20 15 740
20 15 741
20 15 742
20 15 743
20 15 744
20 15 745
20 15 746
20 15 747
20 15 748
20 15 749
20 15 750
20 15 751
20 15 752
20 15 753
20 15 754
20 15 755
20 15 756
20 15 757
20 15 758
20 15 759
20 15 760
20 15 761
20 15 762
20 15 763
20 15 764
20 15 765
20 15 766
20 15 767
20 15 768
20 15 769
20 15 770
20 15 771
20 15 772
20 15 773
20 15 774
20 15 775
20 15 776
20 15 777
20 15 778
20 15 779
20 15 780
20 15 781
20 15 782
20 15 783
20 15 784
20 15 785
20 15 786
20 15 787
20 15 788
20 15 789
20 15 790
20 15 791
20 15 792
20 15 793
20 15 794
20 15 795
20 15 796
20 15 797
20 15 798
20 15 799
20 15 800
20 15 801
20 15 802
20 15 803
20 15 804
20 15 805
20 15 806
20 15 807
20 15 808
20 15 809
20 15 810
20 15 811
20 15 812
20 15 813
20 15 814
20 15 815
20 15 816
20 15 817
20 15 818
20 15 819
20 15 820
20 15 821
20 15 822
20 15 823
20 15 824
20 15 825
20 15 826
20 15 827
20 15 828
20 15 829
20 15 830
20 15 831
20 15 832
20 15 833
20 15 834
20 15 835
20 15 836
20 15 837
20 15 838
20 15 839
20 15 840
20 15 841
20 15 842
20 15 843
20 15 844
20 15 845
20 15 846
20 15 847
20 15 848
20 15 849
20 15 850
20 15 851
20 15 852
20 15 853
20 15 854
20 15 855
20 15 856
20 15 857
20 15 858
20 15 859
20 15 860
20 15 861
20 15 862
20 15 863
20 15 864
20 15 865
20 15 866
20 15 867
20 15 868
20 15 869
20 15 870
20 15 871
20 15 872
20 15 873
20 15 874
20 15 875
20 15 876
20 15 877
20 15 878
20 15 879
20 15 880
20 15 881
20 15 882
20 15 883
20 15 884
20 15 885
20 15 886
20 15 887
20 15 888
20 15 889
20 15 890
20 15 891
20 15 892
20 15 893
20 15 894
20 15 895
20 15 896
20 15 897
20 15 898
20 15 899
20 15 900
20 15 901
20 15 902
20 15 903
20 15 904
20 15 905
20 15 906
20 15 907
20 15 908
20 15 909
20 15 910
20 15 911
20 15 912
20 15 913
20 15 914
20 15 915
20 15 916
20 15 917
20 15 918
20 15 919
20 15 920
20 15 921
20 15 922
20 15 923
20 15 924
20 15 925
20 15 926
20 15 927
20 15 928
20 15 929
20 15 930
20 15 931
20 15 932
20 15 933
20 15 934
20 15 935
20 15 936
20 15 937
20 15 938
20 15 939
20 15 940
20 15 941
20 15 942
20 15 943
20 15 944
20 15 945
20 15 946
20 15 947
20 15 948
20 15 949
20 15 950
20 15 951
20 15 952
20 15 953
20 15 954
20 15 955
20 15 956
20 15 957
20 15 958
20 15 959
20 15 960
20 15 961
20 15 962
20 15 963
20 15 964
20 15 965
20 15 966
20 15 967
20 15 968
20 15 969
20 15 970
20 15 971
20 15 972
20 15 973
20 15 974
20 15 975
20 15 976
20 15 977
20 15 978
20 15 979
20 15 980
20 15 981
20 15 982
20 15 983
20 15 984
20 15 985
20 15 986
20 15 987
20 15 988
20 15 989
20 15 990
20 15 991
20 15 992
20 15 993
20 15 994
20 15 995
20 15 996
20 15 997
20 15 998
20 15 999
20 15 1000
20 15 1001
20 15 1002
20 15 1003
20 15 1004
20 15 1005
20 15 1006
20 15 1007
20 15 1008
20 15 1009
20 15 1010
20 15 1011
20 15 1012
20 15 1013
20 15 1014
20 15 1015
20 15 1016
20 15 1017
20 15 1018
20 15 1019
20 15 1020
20 15 1021
20 15 1022
20 15 1023
20 15 1024
20 15 1025
20 15 1026
20 15 1027
20 15 1028
20 15 1029
20 15 1030
20 15 1031
20 15 1032
20 15 1033
20 15 1034
20 15 1035
20 15 1036
20 15 1037
20 15 1038
20 15 1039
20 15 1040
20 15 1041
20 15 1042
20 15 1043
20 15 1044
20 15 1045
20 15 1046
20 15 1047
20 15 1048
20 15 1049
20 15 1050
20 15 1051
20 15 1052
20 15 1053
20 15 1054
20 15 1055
20 15 1056
20 15 1057
20 15 1058
20 15 1059
20 15 1060
20 15 1061
20 15 1062
20 15 1063
20 15 1064
20 15 1065
20 15 1066
20 15 1067
20 15 1068
20 15 1069
20 15 1070
20 15 1071
20 15 1072
20 15 1073
20 15 1074
20 15 1075
20 15 1076
20 15 1077
20 15 1078
20 15 1079
20 15 1080
20 15 1081
20 15 1082
20 15 1083
20 15 1084
20 15 1085
20 15 1086
20 15 1087
20 15 1088
20 15 1089
20 15 1090
20 15 1091
20 15 1092
20 15 1093
20 15 1094
20 15 1095
20 15 1096
20 15 1097
20 15 1098
20 15 1099
20 15 1100
20 15 1101
20 15 1102
20 15 1103
20 15 1104
20 15 1105
20 15 1106
20 15 1107
20 15 1108
20 15 1109
20 15 1110
20 15 1111
20 15 1112
20 15 1113
20 15 1114
20 15 1115
20 15 1116
20 15 1117
20 15 1118
20 15 1119
20 15 1120
20 15 1121
20 15 1122
20 15 1123
20 15 1124
20 15 1125
20 15 1126
20 15 1127
20 15 1128
20 15 1129
20 15 1130
20 15 1131
20 15 1132
20 15 1133
20 15 1134
20 15 1135
20 15 1136
20 15 1137
20 15 1138
20 15 1139
20 15 1140
20 15 1141
20 15 1142
20 15 1143
20 15 1144
20 15 1145
20 15 1146
20 15 1147
20 15 1148
20 15 1149
20 15 1150
20 15 1151
20 15 1152
20 15 1153
20 15 1154
20 15 1155
20 15 1156
20 15 1157
20 15 1158
20 15 1159
20 15 1160
20 15 1161
20 15 1162
20 15 1163
20 15 1164
20 15 1165
20 15 1166
20 15 1167
20 15 1168
20 15 1169
20 15 1170
20 15 1171
20 15 1172
20 15 1173
20 15 1174
20 15 1175
20 15 1176
20 15 1177
20 15 1178
20 15 1179
20 15 1180
20 15 1181
20 15 1182
20 15 1183
20 15 1184
20 15 1185
20 15 1186
20 15 1187
20 15 1188
20 15 1189
20 15 1190
20 15 1191
20 15 1192
20 15 1193
20 15 1194
20 15 1195
20 15 1196
20 15 1197
20 15 1198
20 15 1199
20 15 1200
20 15 1201
20 15 1202
20 15 1203
20 15 1204
20 15 1205
20 15 1206
20 15 1207
20 15 1208
20 15 1209
20 15 1210
20 15 1211
20 15 1212
20 15 1213
20 15 1214
20 15 1215
20 15 1216
20 15 1217
20 15 1218
20 15 1219
20 15 1220
20 15 1221
20 15 1222
20 15 1223
20 15 1224
20 15 1225
20 15 1226
20 15 1227
20 15 1228
20 15 1229
20 15 1230
20 15 1231
20 15 1232
20 15 1233
20 15 1234
20 15 1235
20 15 1236
20 15 1237
20 15 1238
20 15 1239
20 15 1240
20 15 1241
20 15 1242
20 15 1243
20 15 1244
20 15 1245
20 15 1246
20 15 1247
20 15 1248
20 15 1249
20 15 1250
20 15 1251
20 15 1252
20 15 1253
20 15 1254
20 15 1255
20 15 1256
20 15 1257
20 15 1258
20 15 1259
20 15 1260
20 15 1261
20 15 1262
20 15 1263
20 15 1264
20 15 1265
20 15 1266
20 15 1267
20 15 1268
20 15 1269
20 15 1270
20 15 1271
20 15 1272
20 15 1273
20 15 1274
20 15 1275
20 15 1276
20 15 1277
20 15 1278
20 15 1279
20 15 1280
20 15 1281
20 15 1282
20 15 1283
20 15 1284
20 15 1285
20 15 1286
20 15 1287
20 15 1288
20 15 1289
20 15 1290
20 15 1291
20 15 1292
20 15 1293
20 15 1294
20 15 1295
20 15 1296
20 15 1297
20 15 1298
20 15 1299
20 15 1300
20 15 1301
20 15 1302
20 15 1303
20 15 1304
20 15 1305
20 15 1306
20 15 1307
20 15 1308
20 15 1309
20 15 1310
20 15 1311
20 15 1312
20 15 1313
20 15 1314
20 15 1315
20 15 1316
20 15 1317
20 15 1318
20 15 1319
20 15 1320
20 15 1321
20 15 1322
20 15 1323
20 15 1324
20 15 1325
20 15 1326
20 15 1327
20 15 1328
20 15 1329
20 15 1330
20 15 1331
20 15 1332
20 15 1333
20 15 1334
20 15 1335
20 15 1336
20 15 1337
20 15 1338
20 15 1339
20 15 1340
20 15 1341
20 15 1342
20 15 1343
20 15 1344
20 15 1345
20 15 1346
20 15 1347
20 15 1348
20 15 1349
20 15 1350
20 15 1351
20 15 1352
20 15 1353
20 15 1354
20 15 1355
20 15 1356
20 15 1357
20 15 1358
20 15 1359
20 15 1360
20 15 1361
20 15 1362
20 15 1363
20 15 1364
20 15 1365
20 15 1366
20 15 1367
20 15 1368
20 15 1369
20 15 1370
20 15 1371
20 15 1372
20 15 1373
20 15 1374
20 15 1375
20 15 1376
20 15 1377
20 15 1378
20 15 1379
20 15 1380
20 15 1381
20 15 1382
20 15 1383
20 15 1384
20 15 1385
20 15 1386
20 15 1387
20 15 1388
20 15 1389
20 15 1390
20 15 1391
20 15 1392
20 15 1393
20 15 1394
20 15 1395
20 15 1396
20 15 1397
20 15 1398
20 15 1399
20 15 1400
20 15 1401
20 15 1402
20 15 1403
20 15 1404
20 15 1405
20 15 1406
20 15 1407
20 15 1408
20 15 1409
20 15 1410
20 15 1411
20 15 1412
20 15 1413
20 15 1414
20 15 1415
20 15 1416
20 15 1417
20 15 1418
20 15 1419
20 15 1420
20 15 1421
20 15 1422
20 15 1423
20 15 1424
20 15 1425
20 15 1426
20 15 1427
20 15 1428
20 15 1429
20 15 1430
20 15 1431
20 15 1432
20 15 1433
20 15 1434
20 15 1435
20 15 1436
20 15 1437
20 15 1438
20 15 1439
20 15 1440
20 15 1441
20 15 1442
20 15 1443
20 15 1444
20 15 1445
20 15 1446
20 15 1447
20 15 1448
20 15 1449
20 15 1450
20 15 1451
20 15 1452
20 15 1453
20 15 1454
20 15 1455
20 15 1456
20 15 1457
20 15 1458
20 15 1459
20 15 1460
20 15 1461
20 15 1462
20 15 1463
20 15 1464
20 15 1465
20 15 1466
20 15 1467
20 15 1468
20 15 1469
20 15 1470
20 15 1471
20 15 1472
20 15 1473
20 15 1474
20 15 1475
20 15 1476
20 15 1477
20 15 1478
20 15 1479
20 15 1480
20 15 1481
20 15 1482
20 15 1483
20 15 1484
20 15 1485
20 15 1486
20 15 1487
20 15 1488
20 15 1489
20 15 1490
20 15 1491
20 15 1492
20 15 1493
20 15 1494
20 15 1495
20 15 1496
20 15 1497
20 15 1498
20 15 1499
20 15 1500
20 15 1501
20 15 1502
20 15 1503
20 15 1504
20 15 1505
20 15 1506
20 15 1507
20 15 1508
20 15 1509
20 15 1510
20 15 1511
20 15 1512
20 15 1513
20 15 1514
20 15 1515
20 15 1516
20 15 1517
20 15 1518
20 15 1519
20 15 1520
20 15 1521
20 15 1522
20 15 1523
20 15 1524
20 15 1525
20 15 1526
20 15 1527
20 15 1528
20 15 1529
20 15 1530
20 15 1531
20 15 1532
20 15 1533
20 15 1534
20 15 1535
20 15 1536
20 15 1537
20 15 1538
20 15 1539
20 15 1540
20 15 1541
20 15 1542
20 15 1543
20 15 1544
20 15 1545
20 15 1546
20 15 1547
20 15 1548
20 15 1549
20 15 1550
20 15 1551
20 15 1552
20 15 1553
20 15 1554
20 15 1555
20 15 1556
20 15 1557
20 15 1558
20 15 1559
20 15 1560
20 15 1561
20 15 1562
20 15 1563
20 15 1564
20 15 1565
20 15 1566
20 15 1567
20 15 1568
20 15 1569
20 15 1570
20 15 1571
20 15 1572
20 15 1573
20 15 1574
20 15 1575
20 15 1576
20 15 1577
20 15 1578
20 15 1579
20 15 1580
20 15 1581
20 15 1582
20 15 1583
20 15 1584
20 15 1585
20 15 1586
20 15 1587
20 15 1588
20 15 1589
20 15 1590
20 15 1591
20 15 1592
20 15 1593
20 15 1594
20 15 1595
20 15 1596
20 15 1597
20 15 1598
20 15 1599
20 15 1600
20 15 1601
20 15 1602
20 15 1603
20 15 1604
20 15 1605
20 15 1606
20 15 1607
20 15 1608
20 15 1609
20 15 1610
20 15 1611
20 15 1612
20 15 1613
20 15 1614
20 15 1615
20 15 1616
20 15 1617
20 15 1618
20 15 1619
20 15 1620
20 15 1621
20 15 1622
20 15 1623
20 15 1624
20 15 1625
20 15 1626
20 15 1627
20 15 1628
20 15 1629
20 15 1630
20 15 1631
20 15 1632
20 15 1633
20 15 1634
20 15 1635
20 15 1636
20 15 1637
20 15 1638
20 15 1639
20 15 1640
20 15 1641
20 15 1642
20 15 1643
20 15 1644
20 15 1645
20 15 1646
20 15 1647
20 15 1648
20 15 1649
20 15 1650
20 15 1651
20 15 1652
20 15 1653
20 15 1654
20 15 1655
20 15 1656
20 15 1657
20 15 1658
20 15 1659
20 15 1660
20 15 1661
20 15 1662
20 15 1663
20 15 1664
20 15 1665
20 15 1666
20 15 1667
20 15 1668
20 15 1669
20 15 1670
20 15 1671
20 15 1672
20 15 1673
20 15 1674
20 15 1675
20 15 1676
20 15 1677
20 15 1678
20 15 1679
20 15 1680
20 15 1681
20 15 1682
20 15 1683
20 15 1684
20 15 1685
20 15 1686
20 15 1687
20 15 1688
20 15 1689
20 15 1690
20 15 1691
20 15 1692
20 15 1693
20 15 1694
20 15 1695
20 15 1696
20 15 1697
20 15 1698
20 15 1699
20 15 1700
20 15 1701
20 15 1702
20 15 1703
20 15 1704
20 15 1705
20 15 1706
20 15 1707
20 15 1708
20 15 1709
20 15 1710
20 15 1711
20 15 1712
20 15 1713
20 15 1714
20 15 1715
20 15 1716
20 15 1717
20 15 1718
20 15 1719
20 15 1720
20 15 1721
20 15 1722
20 15 1723
20 15 1724
20 15 1725
20 15 1726
20 15 1727
20 15 1728
20 15 1729
20 15 1730
20 15 1731
20 15 1732
20 15 1733
20 15 1734
20 15 1735
20 15 1736
20 15 1737
20 15 1738
20 15 1739
20 15 1740
20 15 1741
20 15 1742
20 15 1743
20 15 1744
20 15 1745
20 15 1746
20 15 1747
20 15 1748
20 15 1749
20 15 1750
20 15 1751
20 15 1752
20 15 1753
20 15 1754
20 15 1755
20 15 1756
20 15 1757
20 15 1758
20 15 1759
20 15 1760
20 15 1761
20 15 1762
20 15 1763
20 15 1764
20 15 1765
20 15 1766
20 15 1767
20 15 1768
20 15 1769
20 15 1770
20 15 1771
20 15 1772
20 15 1773
20 15 1774
20 15 1775
20 15 1776
20 15 1777
20 15 1778
20 15 1779
20 15 1780
20 15 1781
20 15 1782
20 15 1783
20 15 1784
20 15 1785
20 15 1786
20 15 1787
20 15 1788
20 15 1789
20 15 1790
20 15 1791
20 15 1792
20 15 1793
20 15 1794
20 15 1795
20 15 1796
20 15 1797
20 15 1798
20 15 1799
20 15 1800
20 15 1801
20 15 1802
20 15 1803
20 15 1804
20 15 1805
20 15 1806
20 15 1807
20 15 1808
20 15 1809
20 15 1810
20 15 1811
20 15 1812
20 15 1813
20 15 1814
20 15 1815
20 15 1816
20 15 1817
20 15 1818
20 15 1819
20 15 1820
20 15 1821
20 15 1822
20 15 1823
20 15 1824
20 15 1825
20 15 1826
20 15 1827
20 15 1828
20 15 1829
20 15 1830
20 15 1831
20 15 1832
20 15 1833
20 15 1834
20 15 1835
20 15 1836
20 15 1837
20 15 1838
20 15 1839
20 15 1840
20 15 1841
20 15 1842
20 15 1843
20 15 1844
20 15 1845
20 15 1846
20 15 1847
20 15 1848
20 15 1849
20 15 1850
20 15 1851
20 15 1852
20 15 1853
20 15 1854
20 15 1855
20 15 1856
20 15 1857
20 15 1858
20 15 1859
20 15 1860
20 15 1861
20 15 1862
20 15 1863
20 15 1864
20 15 1865
20 15 1866
20 15 1867
20 15 1868
20 15 1869
20 15 1870
20 15 1871
20 15 1872
20 15 1873
20 15 1874
20 15 1875
20 15 1876
20 15 1877
20 15 1878
20 15 1879
20 15 1880
20 15 1881
20 15 1882
20 15 1883
20 15 1884
20 15 1885
20 15 1886
20 15 1887
20 15 1888
20 15 1889
20 15 1890
20 15 1891
20 15 1892
20 15 1893
20 15 1894
20 15 1895
20 15 1896
20 15 1897
20 15 1898
20 15 1899
20 15 1900
20 15 1901
20 15 1902
20 15 1903
20 15 1904
20 15 1905
20 15 1906
20 15 1907
20 15 1908
20 15 1909
20 15 1910
20 15 1911
20 15 1912
20 15 1913
20 15 1914
20 15 1915
20 15 1916
20 15 1917
20 15 1918
20 15 1919
20 15 1920
20 15 1921
20 15 1922
20 15 1923
20 15 1924
20 15 1925
20 15 1926
20 15 1927
20 15 1928
20 15 1929
20 15 1930
20 15 1931
20 15 1932
20 15 1933
20 15 1934
20 15 1935
20 15 1936
20 15 1937
20 15 1938
20 15 1939
20 15 1940
20 15 1941
20 15 1942
20 15 1943
20 15 1944
20 15 1945
20 15 1946
20 15 1947
20 15 1948
20 15 1949
20 15 1950
20 15 1951
20 15 1952
20 15 1953
20 15 1954
20 15 1955
20 15 1956
20 15 1957
20 15 1958
20 15 1959
20 15 1960
20 15 1961
20 15 1962
20 15 1963
20 15 1964
20 15 1965
20 15 1966
20 15 1967
20 15 1968
20 15 1969
20 15 1970
20 15 1971
20 15 1972
20 15 1973
20 15 1974
20 15 1975
20 15 1976
20 15 1977
20 15 1978
20 15 1979
20 15 1980
20 15 1981
20 15 1982
20 15 1983
20 15 1984
20 15 1985
20 15 1986
20 15 1987
20 15 1988
20 15 1989
20 15 1990
20 15 1991
20 15 1992
20 15 1993
20 15 1994
20 15 1995
20 15 1996
20 15 1997
20 15 1998
20 15 1999
20 15 2000
20 15 2001
20 15 2002
20 15 2003
20 15 2004
20 15 2005
20 15 2006
20 15 2007
20 15 2008
20 15 2009
20 15 2010
20 15 2011
20 15 2012
20 15 2013
20 15 2014
20 15 2015
20 15 2016
20 15 2017
20 15 2018
20 15 2019
20 15 2020
20 15 2021
20 15 2022
20 15 2023
20 15 2024
20 15 2025
20 15 2026
20 15 2027
20 15 2028
20 15 2029
20 15 2030
20 15 2031
20 15 2032
20 15 2033
20 15 2034
20 15 2035
20 15 2036
20 15 2037
20 15 2038
20 15 2039
20 15 2040
20 15 2041
20 15 2042
20 15 2043
20 15 2044
20 15 2045
20 15 2046
20 15 2047
20 15 2048
20 15 2049
20 15 2050
20 15 2051
20 15 2052
20 15 2053
20 15 2054
20 15 2055
20 15 2056
20 15 2057
20 15 2058
20 15 2059
20 15 2060
20 15 2061
20 15 2062
20 15 2063
20 15 2064
20 15 2065
20 15 2066
20 15 2067
20 15 2068
20 15 2069
20 15 2070
20 15 2071
20 15 2072
20 15 2073
20 15 2074
20 15 2075
20 15 2076
20 15 2077
20 15 2078
20 15 2079
20 15 2080
20 15 2081
20 15 2082
20 15 2083
20 15 2084
20 15 2085
20 15 2086
20 15 2087
20 15 2088
20 15 2089
20 15 2090
20 15 2091
20 15 2092
20 15 2093
20 15 2094
20 15 2095
20 15 2096
20 15 2097
20 15 2098
20 15 2099
20 15 2100
20 15 2101
20 15 2102
20 15 2103
20 15 2104
20 15 2105
20 15 2106
20 15 2107
20 15 2108
20 15 2109
20 15 2110
20 15 2111
20 15 2112
20 15 2113
20 15 2114
20 15 2115
20 15 2116
20 15 2117
20 15 2118
20 15 2119
20 15 2120
20 15 2121
20 15 2122
20 15 2123
20 15 2124
20 15 2125
20 15 2126
20 15 2127
20 15 2128
20 15 2129
20 15 2130
20 15 2131
20 15 2132
20 15 2133
20 15 2134
20 15 2135
20 15 2136
20 15 2137
20 15 2138
20 15 2139
20 15 2140
20 15 2141
20 15 2142
20 15 2143
20 15 2144
20 15 2145
20 15 2146
20 15 2147
20 15 2148
20 15 2149
20 15 2150
20 15 2151
20 15 2152
20 15 2153
20 15 2154
20 15 2155
20 15 2156
20 15 2157
20 15 2158
20 15 2159
20 15 2160
20 15 2161
20 15 2162
20 15 2163
20 15 2164
20 15 2165
20 15 2166
20 15 2167
20 15 2168
20 15 2169
20 15 2170
20 15 2171
20 15 2172
20 15 2173
20 15 2174
20 15 2175
20 15 2176
20 15 2177
20 15 2178
20 15 2179
20 15 2180
20 15 2181
20 15 2182
20 15 2183
20 15 2184
20 15 2185
20 15 2186
20 15 2187
20 15 2188
20 15 2189
20 15 2190
20 15 2191
20 15 2192
20 15 2193
20 15 2194
20 15 2195
20 15 2196
20 15 2197
20 15 2198
20 15 2199
20 15 2200
20 15 2201
20 15 2202
20 15 2203
20 15 2204
20 15 2205
20 15 2206
20 15 2207
20 15 2208
20 15 2209
20 15 2210
20 15 2211
20 15 2212
20 15 2213
20 15 2214
20 15 2215
20 15 2216
20 15 2217
20 15 2218
20 15 2219
20 15 2220
20 15 2221
20 15 2222
20 15 2223
20 15 2224
20 15 2225
20 15 2226
20 15 2227
20 15 2228
20 15 2229
20 15 2230
20 15 2231
20 15 2232
20 15 2233
20 15 2234
20 15 2235
20 15 2236
20 15 2237
20 15 2238
20 15 2239
20 15 2240
20 15 2241
20 15 2242
20 15 2243
20 15 2244
20 15 2245
20 15 2246
20 15 2247
20 15 2248
20 15 2249
20 15 2250
20 15 2251
20 15 2252
20 15 2253
20 15 2254
20 15 2255
20 15 2256
20 15 2257
20 15 2258
20 15 2259
20 15 2260
20 15 2261
20 15 2262
20 15 2263
20 15 2264
20 15 2265
20 15 2266
20 15 2267
20 15 2268
20 15 2269
20 15 2270
20 15 2271
20 15 2272
20 15 2273
20 15 2274
20 15 2275
20 15 2276
20 15 2277
20 15 2278
20 15 2279
20 15 2280
20 15 2281
20 15 2282
20 15 2283
20 15 2284
20 15 2285
20 15 2286
20 15 2287
20 15 2288
20 15 2289
20 15 2290
20 15 2291
20 15 2292
20 15 2293
20 15 2294
20 15 2295
20 15 2296
20 15 2297
20 15 2298
20 15 2299
20 15 2300
20 15 2301
20 15 2302
20 15 2303
20 15 2304
20 15 2305
20 15 2306
20 15 2307
20 15 2308
20 15 2309
20 15 2310
20 15 2311
20 15 2312
20 15 2313
20 15 2314
20 15 2315
20 15 2316
20 15 2317
20 15 2318
20 15 2319
20 15 2320
20 15 2321
20 15 2322
20 15 2323
20 15 2324
20 15 2325
20 15 2326
20 15 2327
20 15 2328
20 15 2329
20 15 2330
20 15 2331
20 15 2332
20 15 2333
20 15 2334
20 15 2335
20 15 2336
20 15 2337
20 15 2338
20 15 2339
20 15 2340
20 15 2341
20 15 2342
20 15 2343
20 15 2344
20 15 2345
20 15 2346
20 15 2347
20 15 2348
20 15 2349
20 15 2350
20 15 2351
20 15 2352
20 15 2353
20 15 2354
20 15 2355
20 15 2356
20 15 2357
20 15 2358
20 15 2359
20 15 2360
20 15 2361
20 15 2362
20 15 2363
20 15 2364
20 15 2365
20 15 2366
20 15 2367
20 15 2368
20 15 2369
20 15 2370
20 15 2371
20 15 2372
20 15 2373
20 15 2374
20 15 2375
20 15 2376
20 15 2377
20 15 2378
20 15 2379
20 15 2380
20 15 2381
20 15 2382
20 15 2383
20 15 2384
20 15 2385
20 15 2386
20 15 2387
20 15 2388
20 15 2389
20 15 2390
20 15 2391
20 15 2392
20 15 2393
20 15 2394
20 15 2395
20 15 2396
20 15 2397
20 15 2398
20 15 2399
20 15 2400
20 15 2401
20 15 2402
20 15 2403
20 15 2404
20 15 2405
20 15 2406
20 15 2407
20 15 2408
20 15 2409
20 15 2410
20 15 2411
20 15 2412
20 15 2413
20 15 2414
20 15 2415
20 15 2416
20 15 2417
20 15 2418
20 15 2419
20 15 2420
20 15 2421
20 15 2422
20 15 2423
20 15 2424
20 15 2425
20 15 2426
20 15 2427
20 15 2428
20 15 2429
20 15 2430
20 15 2431
20 15 2432
20 15 2433
20 15 2434
20 15 2435
20 15 2436
20 15 2437
20 15 2438
20 15 2439
20 15 2440
20 15 2441
20 15 2442
20 15 2443
20 15 2444
20 15 2445
20 15 2446
20 15 2447
20 15 2448
20 15 2449
20 15 2450
20 15 2451
20 15 2452
20 15 2453
20 15 2454
20 15 2455
20 15 2456
20 15 2457
