20 12 1
20 12 2
20 12 3
20 12 4
20 12 5
20 12 6
20 12 7
20 12 8
20 12 9
20 12 10
20 12 11
20 12 12
20 12 13
20 12 14
20 12 15
20 12 16
20 12 17
20 12 18
20 12 19
20 12 20
20 12 21
20 12 22
20 12 23
20 12 24
20 12 25
20 12 26
20 12 27
20 12 28
20 12 29
20 12 30
20 12 31
20 12 32
20 12 33
20 12 34
20 12 35
20 12 36
20 12 37
20 12 38
20 12 39
20 12 40
20 12 41
20 12 42
20 12 43
20 12 44
20 12 45
20 12 46
20 12 47
20 12 48
20 12 49
20 12 50
20 12 51
20 12 52
20 12 53
20 12 54
20 12 55
20 12 56
20 12 57
20 12 58
20 12 59
20 12 60
20 12 61
20 12 62
20 12 63
20 12 64
20 12 65
20 12 66
20 12 67
20 12 68
20 12 69
20 12 70
20 12 71
20 12 72
20 12 73
20 12 74
20 12 75
20 12 76
20 12 77
20 12 78
20 12 79
20 12 80
20 12 81
20 12 82
20 12 83
20 12 84
20 12 85
20 12 86
20 12 87
20 12 88
20 12 89
20 12 90
20 12 91
20 12 92
20 12 93
20 12 94
20 12 95
20 12 96
20 12 97
20 12 98
20 12 99
20 12 100
20 12 101
20 12 102
20 12 103
20 12 104
20 12 105
20 12 106
20 12 107
20 12 108
20 12 109
20 12 110
20 12 111
20 12 112
20 12 113
20 12 114
20 12 115
20 12 116
20 12 117
20 12 118
20 12 119
20 12 120
20 12 121
20 12 122
20 12 123
20 12 124
20 12 125
20 12 126
20 12 127
20 12 128
20 12 129
20 12 130
20 12 131
20 12 132
20 12 133
20 12 134
20 12 135
20 12 136
20 12 137
20 12 138
20 12 139
20 12 140
20 12 141
20 12 142
20 12 143
20 12 144
20 12 145
20 12 146
20 12 147
20 12 148
20 12 149
20 12 150
20 12 151
20 12 152
20 12 153
20 12 154
20 12 155
20 12 156
20 12 157
20 12 158
20 12 159
20 12 160
20 12 161
20 12 162
20 12 163
20 12 164
20 12 165
20 12 166
20 12 167
20 12 168
20 12 169
20 12 170
20 12 171
20 12 172
20 12 173
20 12 174
20 12 175
20 12 176
20 12 177
20 12 178
20 12 179
20 12 180
20 12 181
20 12 182
20 12 183
20 12 184
20 12 185
20 12 186
20 12 187
20 12 188
20 12 189
20 12 190
20 12 191
20 12 192
20 12 193
20 12 194
20 12 195
20 12 196
20 12 197
20 12 198
20 12 199
20 12 200
20 12 201
20 12 202
20 12 203
20 12 204
20 12 205
20 12 206
20 12 207
20 12 208
20 12 209
20 12 210
20 12 211
20 12 212
20 12 213
20 12 214
20 12 215
20 12 216
20 12 217
20 12 218
20 12 219
20 12 220
20 12 221
20 12 222
20 12 223
20 12 224
20 12 225
20 12 226
20 12 227
20 12 228
20 12 229
20 12 230
20 12 231
20 12 232
20 12 233
20 12 234
20 12 235
20 12 236
20 12 237
20 12 238
20 12 239
20 12 240
20 12 241
20 12 242
20 12 243
20 12 244
20 12 245
20 12 246
20 12 247
20 12 248
20 12 249
20 12 250
20 12 251
20 12 252
20 12 253
20 12 254
20 12 255
20 12 256
20 12 257
20 12 258
20 12 259
20 12 260
20 12 261
20 12 262
20 12 263
20 12 264
20 12 265
20 12 266
20 12 267
20 12 268
20 12 269
20 12 270
20 12 271
20 12 272
20 12 273
20 12 274
20 12 275
20 12 276
20 12 277
20 12 278
20 12 279
20 12 280
20 12 281
20 12 282
20 12 283
20 12 284
20 12 285
20 12 286
20 12 287
20 12 288
20 12 289
20 12 290
20 12 291
20 12 292
20 12 293
20 12 294
20 12 295
20 12 296
20 12 297
20 12 298
20 12 299
20 12 300
20 12 301
20 12 302
20 12 303
20 12 304
20 12 305
20 12 306
20 12 307
20 12 308
20 12 309
20 12 310
20 12 311
20 12 312
20 12 313
20 12 314
20 12 315
20 12 316
20 12 317
20 12 318
20 12 319
20 12 320
20 12 321
20 12 322
20 12 323
20 12 324
20 12 325
20 12 326
20 12 327
20 12 328
20 12 329
20 12 330
20 12 331
20 12 332
20 12 333
20 12 334
20 12 335
20 12 336
20 12 337
20 12 338
20 12 339
20 12 340
20 12 341
20 12 342
20 12 343
20 12 344
20 12 345
20 12 346
20 12 347
20 12 348
20 12 349
20 12 350
20 12 351
20 12 352
20 12 353
20 12 354
20 12 355
20 12 356
20 12 357
20 12 358
20 12 359
20 12 360
20 12 361
20 12 362
20 12 363
20 12 364
20 12 365
20 12 366
20 12 367
20 12 368
20 12 369
20 12 370
20 12 371
20 12 372
20 12 373
20 12 374
20 12 375
20 12 376
20 12 377
20 12 378
20 12 379
20 12 380
20 12 381
20 12 382
20 12 383
20 12 384
20 12 385
20 12 386
20 12 387
20 12 388
20 12 389
20 12 390
20 12 391
20 12 392
20 12 393
20 12 394
20 12 395
20 12 396
20 12 397
20 12 398
20 12 399
20 12 400
20 12 401
20 12 402
20 12 403
20 12 404
20 12 405
20 12 406
20 12 407
20 12 408
20 12 409
20 12 410
20 12 411
20 12 412
20 12 413
20 12 414
20 12 415
20 12 416
20 12 417
20 12 418
20 12 419
20 12 420
20 12 421
20 12 422
20 12 423
20 12 424
20 12 425
20 12 426
20 12 427
20 12 428
20 12 429
20 12 430
20 12 431
20 12 432
20 12 433
20 12 434
20 12 435
20 12 436
20 12 437
20 12 438
20 12 439
20 12 440
20 12 441
20 12 442
20 12 443
20 12 444
20 12 445
20 12 446
20 12 447
20 12 448
20 12 449
20 12 450
20 12 451
20 12 452
20 12 453
20 12 454
20 12 455
20 12 456
20 12 457
20 12 458
20 12 459
20 12 460
20 12 461
20 12 462
20 12 463
20 12 464
20 12 465
20 12 466
20 12 467
20 12 468
20 12 469
20 12 470
20 12 471
20 12 472
20 12 473
20 12 474
20 12 475
20 12 476
20 12 477
20 12 478
20 12 479
20 12 480
20 12 481
20 12 482
20 12 483
20 12 484
20 12 485
20 12 486
20 12 487
20 12 488
20 12 489
20 12 490
20 12 491
20 12 492
20 12 493
20 12 494
20 12 495
20 12 496
20 12 497
20 12 498
20 12 499
20 12 500
20 12 501
20 12 502
20 12 503
20 12 504
20 12 505
20 12 506
20 12 507
20 12 508
20 12 509
20 12 510
20 12 511
20 12 512
20 12 513
20 12 514
20 12 515
20 12 516
20 12 517
20 12 518
20 12 519
20 12 520
20 12 521
20 12 522
20 12 523
20 12 524
20 12 525
20 12 526
20 12 527
20 12 528
20 12 529
20 12 530
20 12 531
20 12 532
20 12 533
20 12 534
20 12 535
20 12 536
20 12 537
20 12 538
20 12 539
20 12 540
20 12 541
20 12 542
20 12 543
20 12 544
20 12 545
20 12 546
20 12 547
20 12 548
20 12 549
20 12 550
20 12 551
20 12 552
20 12 553
20 12 554
20 12 555
20 12 556
20 12 557
20 12 558
20 12 559
20 12 560
20 12 561
20 12 562
20 12 563
20 12 564
20 12 565
20 12 566
20 12 567
20 12 568
20 12 569
20 12 570
20 12 571
20 12 572
20 12 573
20 12 574
20 12 575
20 12 576
20 12 577
20 12 578
20 12 579
20 12 580
20 12 581
20 12 582
20 12 583
20 12 584
20 12 585
20 12 586
20 12 587
20 12 588
20 12 589
20 12 590
20 12 591
20 12 592
20 12 593
20 12 594
20 12 595
20 12 596
20 12 597
20 12 598
20 12 599
20 12 600
20 12 601
20 12 602
20 12 603
20 12 604
20 12 605
20 12 606
20 12 607
20 12 608
20 12 609
20 12 610
20 12 611
20 12 612
20 12 613
20 12 614
20 12 615
20 12 616
20 12 617
20 12 618
20 12 619
20 12 620
20 12 621
20 12 622
20 12 623
20 12 624
20 12 625
20 12 626
20 12 627
20 12 628
20 12 629
20 12 630
20 12 631
20 12 632
20 12 633
20 12 634
20 12 635
20 12 636
20 12 637
20 12 638
20 12 639
20 12 640
20 12 641
20 12 642
20 12 643
20 12 644
20 12 645
20 12 646
20 12 647
20 12 648
20 12 649
20 12 650
20 12 651
20 12 652
20 12 653
20 12 654
20 12 655
20 12 656
20 12 657
20 12 658
20 12 659
20 12 660
20 12 661
20 12 662
20 12 663
20 12 664
20 12 665
20 12 666
20 12 667
20 12 668
20 12 669
20 12 670
20 12 671
20 12 672
20 12 673
20 12 674
20 12 675
20 12 676
20 12 677
20 12 678
20 12 679
20 12 680
20 12 681
20 12 682
20 12 683
20 12 684
20 12 685
20 12 686
20 12 687
20 12 688
20 12 689
20 12 690
20 12 691
20 12 692
20 12 693
20 12 694
20 12 695
20 12 696
20 12 697
20 12 698
20 12 699
20 12 700
20 12 701
20 12 702
20 12 703
20 12 704
20 12 705
20 12 706
20 12 707
20 12 708
20 12 709
20 12 710
20 12 711
20 12 712
20 12 713
20 12 714
20 12 715
20 12 716
20 12 717
20 12 718
20 12 719
20 12 720
20 12 721
20 12 722
20 12 723
20 12 724
20 12 725
20 12 726
20 12 727
20 12 728
20 12 729
20 12 730
20 12 731
20 12 732
20 12 733
20 12 734
20 12 735
20 12 736
20 12 737
20 12 738
20 12 739
20 12 740
20 12 741
20 12 742
20 12 743
20 12 744
20 12 745
20 12 746
20 12 747
20 12 748
20 12 749
20 12 750
20 12 751
20 12 752
20 12 753
20 12 754
20 12 755
20 12 756
20 12 757
20 12 758
20 12 759
20 12 760
20 12 761
20 12 762
20 12 763
20 12 764
20 12 765
20 12 766
20 12 767
20 12 768
20 12 769
20 12 770
20 12 771
20 12 772
20 12 773
20 12 774
20 12 775
20 12 776
20 12 777
20 12 778
20 12 779
20 12 780
20 12 781
20 12 782
20 12 783
20 12 784
20 12 785
20 12 786
20 12 787
20 12 788
20 12 789
20 12 790
20 12 791
20 12 792
20 12 793
20 12 794
20 12 795
20 12 796
20 12 797
20 12 798
20 12 799
20 12 800
20 12 801
20 12 802
20 12 803
20 12 804
20 12 805
20 12 806
20 12 807
20 12 808
20 12 809
20 12 810
20 12 811
20 12 812
20 12 813
20 12 814
20 12 815
20 12 816
20 12 817
20 12 818
20 12 819
20 12 820
20 12 821
20 12 822
20 12 823
20 12 824
20 12 825
20 12 826
20 12 827
20 12 828
20 12 829
20 12 830
20 12 831
20 12 832
20 12 833
20 12 834
20 12 835
20 12 836
20 12 837
20 12 838
20 12 839
20 12 840
20 12 841
20 12 842
20 12 843
20 12 844
20 12 845
20 12 846
20 12 847
20 12 848
20 12 849
20 12 850
20 12 851
20 12 852
20 12 853
20 12 854
20 12 855
20 12 856
20 12 857
20 12 858
20 12 859
20 12 860
20 12 861
20 12 862
20 12 863
20 12 864
20 12 865
20 12 866
20 12 867
20 12 868
20 12 869
20 12 870
20 12 871
20 12 872
20 12 873
20 12 874
20 12 875
20 12 876
20 12 877
20 12 878
20 12 879
20 12 880
20 12 881
20 12 882
20 12 883
20 12 884
20 12 885
20 12 886
20 12 887
20 12 888
20 12 889
20 12 890
20 12 891
20 12 892
20 12 893
20 12 894
20 12 895
20 12 896
20 12 897
20 12 898
20 12 899
20 12 900
20 12 901
20 12 902
20 12 903
20 12 904
20 12 905
20 12 906
20 12 907
20 12 908
20 12 909
20 12 910
20 12 911
20 12 912
20 12 913
20 12 914
20 12 915
20 12 916
20 12 917
20 12 918
20 12 919
20 12 920
20 12 921
20 12 922
20 12 923
20 12 924
20 12 925
20 12 926
20 12 927
20 12 928
20 12 929
20 12 930
20 12 931
20 12 932
20 12 933
20 12 934
20 12 935
20 12 936
20 12 937
20 12 938
20 12 939
20 12 940
20 12 941
20 12 942
20 12 943
20 12 944
20 12 945
20 12 946
20 12 947
20 12 948
20 12 949
20 12 950
20 12 951
20 12 952
20 12 953
20 12 954
20 12 955
20 12 956
20 12 957
20 12 958
20 12 959
20 12 960
20 12 961
20 12 962
20 12 963
20 12 964
20 12 965
20 12 966
20 12 967
20 12 968
20 12 969
20 12 970
20 12 971
20 12 972
20 12 973
20 12 974
20 12 975
20 12 976
20 12 977
20 12 978
20 12 979
20 12 980
20 12 981
20 12 982
20 12 983
20 12 984
20 12 985
20 12 986
20 12 987
20 12 988
20 12 989
20 12 990
20 12 991
20 12 992
20 12 993
20 12 994
20 12 995
20 12 996
20 12 997
20 12 998
20 12 999
20 12 1000
20 12 1001
20 12 1002
20 12 1003
20 12 1004
20 12 1005
20 12 1006
20 12 1007
20 12 1008
20 12 1009
20 12 1010
20 12 1011
20 12 1012
20 12 1013
20 12 1014
20 12 1015
20 12 1016
20 12 1017
20 12 1018
20 12 1019
20 12 1020
20 12 1021
20 12 1022
20 12 1023
20 12 1024
20 12 1025
20 12 1026
20 12 1027
20 12 1028
20 12 1029
20 12 1030
20 12 1031
20 12 1032
20 12 1033
20 12 1034
20 12 1035
20 12 1036
20 12 1037
20 12 1038
20 12 1039
20 12 1040
20 12 1041
20 12 1042
20 12 1043
20 12 1044
20 12 1045
20 12 1046
20 12 1047
20 12 1048
20 12 1049
20 12 1050
20 12 1051
20 12 1052
20 12 1053
20 12 1054
20 12 1055
20 12 1056
20 12 1057
20 12 1058
20 12 1059
20 12 1060
20 12 1061
20 12 1062
20 12 1063
20 12 1064
20 12 1065
20 12 1066
20 12 1067
20 12 1068
20 12 1069
20 12 1070
20 12 1071
20 12 1072
20 12 1073
20 12 1074
20 12 1075
20 12 1076
20 12 1077
20 12 1078
20 12 1079
20 12 1080
20 12 1081
20 12 1082
20 12 1083
20 12 1084
20 12 1085
20 12 1086
20 12 1087
20 12 1088
20 12 1089
20 12 1090
20 12 1091
20 12 1092
20 12 1093
20 12 1094
20 12 1095
20 12 1096
20 12 1097
20 12 1098
20 12 1099
20 12 1100
20 12 1101
20 12 1102
20 12 1103
20 12 1104
20 12 1105
20 12 1106
20 12 1107
20 12 1108
20 12 1109
20 12 1110
20 12 1111
20 12 1112
20 12 1113
20 12 1114
20 12 1115
20 12 1116
20 12 1117
20 12 1118
20 12 1119
20 12 1120
20 12 1121
20 12 1122
20 12 1123
20 12 1124
20 12 1125
20 12 1126
20 12 1127
20 12 1128
20 12 1129
20 12 1130
20 12 1131
20 12 1132
20 12 1133
20 12 1134
20 12 1135
20 12 1136
20 12 1137
20 12 1138
20 12 1139
20 12 1140
20 12 1141
20 12 1142
20 12 1143
20 12 1144
20 12 1145
20 12 1146
20 12 1147
20 12 1148
20 12 1149
20 12 1150
20 12 1151
20 12 1152
20 12 1153
20 12 1154
20 12 1155
20 12 1156
20 12 1157
20 12 1158
20 12 1159
20 12 1160
20 12 1161
20 12 1162
20 12 1163
20 12 1164
20 12 1165
20 12 1166
20 12 1167
20 12 1168
20 12 1169
20 12 1170
20 12 1171
20 12 1172
20 12 1173
20 12 1174
20 12 1175
20 12 1176
20 12 1177
20 12 1178
20 12 1179
20 12 1180
20 12 1181
20 12 1182
20 12 1183
20 12 1184
20 12 1185
20 12 1186
20 12 1187
20 12 1188
20 12 1189
20 12 1190
20 12 1191
20 12 1192
20 12 1193
20 12 1194
20 12 1195
20 12 1196
20 12 1197
20 12 1198
20 12 1199
20 12 1200
20 12 1201
20 12 1202
20 12 1203
20 12 1204
20 12 1205
20 12 1206
20 12 1207
20 12 1208
20 12 1209
20 12 1210
20 12 1211
20 12 1212
20 12 1213
20 12 1214
20 12 1215
20 12 1216
20 12 1217
20 12 1218
20 12 1219
20 12 1220
20 12 1221
20 12 1222
20 12 1223
20 12 1224
20 12 1225
20 12 1226
20 12 1227
20 12 1228
20 12 1229
20 12 1230
20 12 1231
20 12 1232
20 12 1233
20 12 1234
20 12 1235
20 12 1236
20 12 1237
20 12 1238
20 12 1239
20 12 1240
20 12 1241
20 12 1242
20 12 1243
20 12 1244
20 12 1245
20 12 1246
20 12 1247
20 12 1248
20 12 1249
20 12 1250
20 12 1251
20 12 1252
20 12 1253
20 12 1254
20 12 1255
20 12 1256
20 12 1257
20 12 1258
20 12 1259
20 12 1260
20 12 1261
20 12 1262
20 12 1263
20 12 1264
20 12 1265
20 12 1266
20 12 1267
20 12 1268
20 12 1269
20 12 1270
20 12 1271
20 12 1272
20 12 1273
20 12 1274
20 12 1275
20 12 1276
20 12 1277
20 12 1278
20 12 1279
20 12 1280
20 12 1281
20 12 1282
20 12 1283
20 12 1284
20 12 1285
20 12 1286
20 12 1287
20 12 1288
20 12 1289
20 12 1290
20 12 1291
20 12 1292
20 12 1293
20 12 1294
20 12 1295
20 12 1296
20 12 1297
20 12 1298
20 12 1299
20 12 1300
20 12 1301
20 12 1302
20 12 1303
20 12 1304
20 12 1305
20 12 1306
20 12 1307
20 12 1308
20 12 1309
20 12 1310
20 12 1311
20 12 1312
20 12 1313
20 12 1314
20 12 1315
20 12 1316
20 12 1317
20 12 1318
20 12 1319
20 12 1320
20 12 1321
20 12 1322
20 12 1323
20 12 1324
20 12 1325
20 12 1326
20 12 1327
20 12 1328
20 12 1329
20 12 1330
20 12 1331
20 12 1332
20 12 1333
20 12 1334
20 12 1335
20 12 1336
20 12 1337
20 12 1338
20 12 1339
20 12 1340
20 12 1341
20 12 1342
20 12 1343
20 12 1344
20 12 1345
20 12 1346
20 12 1347
20 12 1348
20 12 1349
20 12 1350
20 12 1351
20 12 1352
20 12 1353
20 12 1354
20 12 1355
20 12 1356
20 12 1357
20 12 1358
20 12 1359
20 12 1360
20 12 1361
20 12 1362
20 12 1363
20 12 1364
20 12 1365
20 12 1366
20 12 1367
20 12 1368
20 12 1369
20 12 1370
20 12 1371
20 12 1372
20 12 1373
20 12 1374
20 12 1375
20 12 1376
20 12 1377
20 12 1378
20 12 1379
20 12 1380
20 12 1381
20 12 1382
20 12 1383
20 12 1384
20 12 1385
20 12 1386
20 12 1387
20 12 1388
20 12 1389
20 12 1390
20 12 1391
20 12 1392
20 12 1393
20 12 1394
20 12 1395
20 12 1396
20 12 1397
20 12 1398
20 12 1399
20 12 1400
20 12 1401
20 12 1402
20 12 1403
20 12 1404
20 12 1405
20 12 1406
20 12 1407
20 12 1408
20 12 1409
20 12 1410
20 12 1411
20 12 1412
20 12 1413
20 12 1414
20 12 1415
20 12 1416
20 12 1417
20 12 1418
20 12 1419
20 12 1420
20 12 1421
20 12 1422
20 12 1423
20 12 1424
20 12 1425
20 12 1426
20 12 1427
20 12 1428
20 12 1429
20 12 1430
20 12 1431
20 12 1432
20 12 1433
20 12 1434
20 12 1435
20 12 1436
20 12 1437
20 12 1438
20 12 1439
20 12 1440
20 12 1441
20 12 1442
20 12 1443
20 12 1444
20 12 1445
20 12 1446
20 12 1447
20 12 1448
20 12 1449
20 12 1450
20 12 1451
20 12 1452
20 12 1453
20 12 1454
20 12 1455
20 12 1456
20 12 1457
20 12 1458
20 12 1459
20 12 1460
20 12 1461
20 12 1462
20 12 1463
20 12 1464
20 12 1465
20 12 1466
20 12 1467
20 12 1468
20 12 1469
20 12 1470
20 12 1471
20 12 1472
20 12 1473
20 12 1474
20 12 1475
20 12 1476
20 12 1477
20 12 1478
20 12 1479
20 12 1480
20 12 1481
20 12 1482
20 12 1483
20 12 1484
20 12 1485
20 12 1486
20 12 1487
20 12 1488
20 12 1489
20 12 1490
20 12 1491
20 12 1492
20 12 1493
20 12 1494
20 12 1495
20 12 1496
20 12 1497
20 12 1498
20 12 1499
20 12 1500
20 12 1501
20 12 1502
20 12 1503
20 12 1504
20 12 1505
20 12 1506
20 12 1507
20 12 1508
20 12 1509
20 12 1510
20 12 1511
20 12 1512
20 12 1513
20 12 1514
20 12 1515
20 12 1516
20 12 1517
20 12 1518
20 12 1519
20 12 1520
20 12 1521
20 12 1522
20 12 1523
20 12 1524
20 12 1525
20 12 1526
20 12 1527
20 12 1528
20 12 1529
20 12 1530
20 12 1531
20 12 1532
20 12 1533
20 12 1534
20 12 1535
20 12 1536
20 12 1537
20 12 1538
20 12 1539
20 12 1540
20 12 1541
20 12 1542
20 12 1543
20 12 1544
20 12 1545
20 12 1546
20 12 1547
20 12 1548
20 12 1549
20 12 1550
20 12 1551
20 12 1552
20 12 1553
20 12 1554
20 12 1555
20 12 1556
20 12 1557
20 12 1558
20 12 1559
20 12 1560
20 12 1561
20 12 1562
20 12 1563
20 12 1564
20 12 1565
20 12 1566
20 12 1567
20 12 1568
20 12 1569
20 12 1570
20 12 1571
20 12 1572
20 12 1573
20 12 1574
20 12 1575
20 12 1576
20 12 1577
20 12 1578
20 12 1579
20 12 1580
20 12 1581
20 12 1582
20 12 1583
20 12 1584
20 12 1585
20 12 1586
20 12 1587
20 12 1588
20 12 1589
20 12 1590
20 12 1591
20 12 1592
20 12 1593
20 12 1594
20 12 1595
20 12 1596
20 12 1597
20 12 1598
20 12 1599
20 12 1600
20 12 1601
20 12 1602
20 12 1603
20 12 1604
20 12 1605
20 12 1606
20 12 1607
20 12 1608
20 12 1609
20 12 1610
20 12 1611
20 12 1612
20 12 1613
20 12 1614
20 12 1615
20 12 1616
20 12 1617
20 12 1618
20 12 1619
20 12 1620
20 12 1621
20 12 1622
20 12 1623
20 12 1624
20 12 1625
20 12 1626
20 12 1627
20 12 1628
20 12 1629
20 12 1630
20 12 1631
20 12 1632
20 12 1633
20 12 1634
20 12 1635
20 12 1636
20 12 1637
20 12 1638
20 12 1639
20 12 1640
20 12 1641
20 12 1642
20 12 1643
20 12 1644
20 12 1645
20 12 1646
20 12 1647
20 12 1648
20 12 1649
20 12 1650
20 12 1651
20 12 1652
20 12 1653
20 12 1654
20 12 1655
20 12 1656
20 12 1657
20 12 1658
20 12 1659
20 12 1660
20 12 1661
20 12 1662
20 12 1663
20 12 1664
20 12 1665
20 12 1666
20 12 1667
20 12 1668
20 12 1669
20 12 1670
20 12 1671
20 12 1672
20 12 1673
20 12 1674
20 12 1675
20 12 1676
20 12 1677
20 12 1678
20 12 1679
20 12 1680
20 12 1681
20 12 1682
20 12 1683
20 12 1684
20 12 1685
20 12 1686
20 12 1687
20 12 1688
20 12 1689
20 12 1690
20 12 1691
20 12 1692
20 12 1693
20 12 1694
20 12 1695
20 12 1696
20 12 1697
20 12 1698
20 12 1699
20 12 1700
20 12 1701
20 12 1702
20 12 1703
20 12 1704
20 12 1705
20 12 1706
20 12 1707
20 12 1708
20 12 1709
20 12 1710
20 12 1711
20 12 1712
20 12 1713
20 12 1714
20 12 1715
20 12 1716
20 12 1717
20 12 1718
20 12 1719
20 12 1720
20 12 1721
20 12 1722
20 12 1723
20 12 1724
20 12 1725
20 12 1726
20 12 1727
20 12 1728
20 12 1729
20 12 1730
20 12 1731
20 12 1732
20 12 1733
20 12 1734
20 12 1735
20 12 1736
20 12 1737
20 12 1738
20 12 1739
20 12 1740
20 12 1741
20 12 1742
20 12 1743
20 12 1744
20 12 1745
20 12 1746
20 12 1747
20 12 1748
20 12 1749
20 12 1750
20 12 1751
20 12 1752
20 12 1753
20 12 1754
20 12 1755
20 12 1756
20 12 1757
20 12 1758
20 12 1759
20 12 1760
20 12 1761
20 12 1762
20 12 1763
20 12 1764
20 12 1765
20 12 1766
20 12 1767
20 12 1768
20 12 1769
20 12 1770
20 12 1771
20 12 1772
20 12 1773
20 12 1774
20 12 1775
20 12 1776
20 12 1777
20 12 1778
20 12 1779
20 12 1780
20 12 1781
20 12 1782
20 12 1783
20 12 1784
20 12 1785
20 12 1786
20 12 1787
20 12 1788
20 12 1789
20 12 1790
20 12 1791
20 12 1792
20 12 1793
20 12 1794
20 12 1795
20 12 1796
20 12 1797
20 12 1798
20 12 1799
20 12 1800
20 12 1801
20 12 1802
20 12 1803
20 12 1804
20 12 1805
20 12 1806
20 12 1807
20 12 1808
20 12 1809
20 12 1810
20 12 1811
20 12 1812
20 12 1813
20 12 1814
20 12 1815
20 12 1816
20 12 1817
20 12 1818
20 12 1819
20 12 1820
20 12 1821
20 12 1822
20 12 1823
20 12 1824
20 12 1825
20 12 1826
20 12 1827
20 12 1828
20 12 1829
20 12 1830
20 12 1831
20 12 1832
20 12 1833
20 12 1834
20 12 1835
20 12 1836
20 12 1837
20 12 1838
20 12 1839
20 12 1840
20 12 1841
20 12 1842
20 12 1843
20 12 1844
20 12 1845
20 12 1846
20 12 1847
20 12 1848
20 12 1849
20 12 1850
20 12 1851
20 12 1852
20 12 1853
20 12 1854
20 12 1855
20 12 1856
20 12 1857
20 12 1858
20 12 1859
20 12 1860
20 12 1861
20 12 1862
20 12 1863
20 12 1864
20 12 1865
20 12 1866
20 12 1867
20 12 1868
20 12 1869
20 12 1870
20 12 1871
20 12 1872
20 12 1873
20 12 1874
20 12 1875
20 12 1876
20 12 1877
20 12 1878
20 12 1879
20 12 1880
20 12 1881
20 12 1882
20 12 1883
20 12 1884
20 12 1885
20 12 1886
20 12 1887
20 12 1888
20 12 1889
20 12 1890
20 12 1891
20 12 1892
20 12 1893
20 12 1894
20 12 1895
20 12 1896
20 12 1897
20 12 1898
20 12 1899
20 12 1900
20 12 1901
20 12 1902
20 12 1903
20 12 1904
20 12 1905
20 12 1906
20 12 1907
20 12 1908
20 12 1909
20 12 1910
20 12 1911
20 12 1912
20 12 1913
20 12 1914
20 12 1915
20 12 1916
20 12 1917
20 12 1918
20 12 1919
20 12 1920
20 12 1921
20 12 1922
20 12 1923
20 12 1924
20 12 1925
20 12 1926
20 12 1927
20 12 1928
20 12 1929
20 12 1930
20 12 1931
20 12 1932
20 12 1933
20 12 1934
20 12 1935
20 12 1936
20 12 1937
20 12 1938
20 12 1939
20 12 1940
20 12 1941
20 12 1942
20 12 1943
20 12 1944
20 12 1945
20 12 1946
20 12 1947
20 12 1948
20 12 1949
20 12 1950
20 12 1951
20 12 1952
20 12 1953
20 12 1954
20 12 1955
20 12 1956
20 12 1957
20 12 1958
20 12 1959
20 12 1960
20 12 1961
20 12 1962
20 12 1963
20 12 1964
20 12 1965
20 12 1966
20 12 1967
20 12 1968
20 12 1969
20 12 1970
20 12 1971
20 12 1972
20 12 1973
20 12 1974
20 12 1975
20 12 1976
20 12 1977
20 12 1978
20 12 1979
20 12 1980
20 12 1981
20 12 1982
20 12 1983
20 12 1984
20 12 1985
20 12 1986
20 12 1987
20 12 1988
20 12 1989
20 12 1990
20 12 1991
20 12 1992
20 12 1993
20 12 1994
20 12 1995
20 12 1996
20 12 1997
20 12 1998
20 12 1999
20 12 2000
20 12 2001
20 12 2002
20 12 2003
20 12 2004
20 12 2005
20 12 2006
20 12 2007
20 12 2008
20 12 2009
20 12 2010
20 12 2011
20 12 2012
20 12 2013
20 12 2014
20 12 2015
20 12 2016
20 12 2017
20 12 2018
20 12 2019
20 12 2020
20 12 2021
20 12 2022
20 12 2023
20 12 2024
20 12 2025
20 12 2026
20 12 2027
20 12 2028
20 12 2029
20 12 2030
20 12 2031
20 12 2032
20 12 2033
20 12 2034
20 12 2035
20 12 2036
20 12 2037
20 12 2038
20 12 2039
20 12 2040
20 12 2041
20 12 2042
20 12 2043
20 12 2044
20 12 2045
20 12 2046
20 12 2047
20 12 2048
20 12 2049
20 12 2050
20 12 2051
20 12 2052
20 12 2053
20 12 2054
20 12 2055
20 12 2056
20 12 2057
20 12 2058
20 12 2059
20 12 2060
20 12 2061
20 12 2062
20 12 2063
20 12 2064
20 12 2065
20 12 2066
20 12 2067
20 12 2068
20 12 2069
20 12 2070
20 12 2071
20 12 2072
20 12 2073
20 12 2074
20 12 2075
20 12 2076
20 12 2077
20 12 2078
20 12 2079
20 12 2080
20 12 2081
20 12 2082
20 12 2083
20 12 2084
20 12 2085
20 12 2086
20 12 2087
20 12 2088
20 12 2089
20 12 2090
20 12 2091
20 12 2092
20 12 2093
20 12 2094
20 12 2095
20 12 2096
20 12 2097
20 12 2098
20 12 2099
20 12 2100
20 12 2101
20 12 2102
20 12 2103
20 12 2104
20 12 2105
20 12 2106
20 12 2107
20 12 2108
20 12 2109
20 12 2110
20 12 2111
20 12 2112
20 12 2113
20 12 2114
20 12 2115
20 12 2116
20 12 2117
20 12 2118
20 12 2119
20 12 2120
20 12 2121
20 12 2122
20 12 2123
20 12 2124
20 12 2125
20 12 2126
20 12 2127
20 12 2128
20 12 2129
20 12 2130
20 12 2131
20 12 2132
20 12 2133
20 12 2134
20 12 2135
20 12 2136
20 12 2137
20 12 2138
20 12 2139
20 12 2140
20 12 2141
20 12 2142
20 12 2143
20 12 2144
20 12 2145
20 12 2146
20 12 2147
20 12 2148
20 12 2149
20 12 2150
20 12 2151
20 12 2152
20 12 2153
20 12 2154
20 12 2155
20 12 2156
20 12 2157
20 12 2158
20 12 2159
20 12 2160
20 12 2161
20 12 2162
20 12 2163
20 12 2164
20 12 2165
20 12 2166
20 12 2167
20 12 2168
20 12 2169
20 12 2170
20 12 2171
20 12 2172
20 12 2173
20 12 2174
20 12 2175
20 12 2176
20 12 2177
20 12 2178
20 12 2179
20 12 2180
20 12 2181
20 12 2182
20 12 2183
20 12 2184
20 12 2185
20 12 2186
20 12 2187
20 12 2188
20 12 2189
20 12 2190
20 12 2191
20 12 2192
20 12 2193
20 12 2194
20 12 2195
20 12 2196
20 12 2197
20 12 2198
20 12 2199
20 12 2200
20 12 2201
20 12 2202
20 12 2203
20 12 2204
20 12 2205
20 12 2206
20 12 2207
20 12 2208
20 12 2209
20 12 2210
20 12 2211
20 12 2212
20 12 2213
20 12 2214
20 12 2215
20 12 2216
20 12 2217
20 12 2218
20 12 2219
20 12 2220
20 12 2221
20 12 2222
20 12 2223
20 12 2224
20 12 2225
20 12 2226
20 12 2227
20 12 2228
20 12 2229
20 12 2230
20 12 2231
20 12 2232
20 12 2233
20 12 2234
20 12 2235
20 12 2236
20 12 2237
20 12 2238
20 12 2239
20 12 2240
20 12 2241
20 12 2242
20 12 2243
20 12 2244
20 12 2245
20 12 2246
20 12 2247
20 12 2248
20 12 2249
20 12 2250
20 12 2251
20 12 2252
20 12 2253
20 12 2254
20 12 2255
20 12 2256
20 12 2257
20 12 2258
20 12 2259
20 12 2260
20 12 2261
20 12 2262
20 12 2263
20 12 2264
20 12 2265
20 12 2266
20 12 2267
20 12 2268
20 12 2269
20 12 2270
20 12 2271
20 12 2272
20 12 2273
20 12 2274
20 12 2275
20 12 2276
20 12 2277
20 12 2278
20 12 2279
20 12 2280
20 12 2281
20 12 2282
20 12 2283
20 12 2284
20 12 2285
20 12 2286
20 12 2287
20 12 2288
20 12 2289
20 12 2290
20 12 2291
20 12 2292
20 12 2293
20 12 2294
20 12 2295
20 12 2296
20 12 2297
20 12 2298
20 12 2299
20 12 2300
20 12 2301
20 12 2302
20 12 2303
20 12 2304
20 12 2305
20 12 2306
20 12 2307
20 12 2308
20 12 2309
20 12 2310
20 12 2311
20 12 2312
20 12 2313
20 12 2314
20 12 2315
20 12 2316
20 12 2317
20 12 2318
20 12 2319
20 12 2320
20 12 2321
20 12 2322
20 12 2323
20 12 2324
20 12 2325
20 12 2326
20 12 2327
20 12 2328
20 12 2329
20 12 2330
20 12 2331
20 12 2332
20 12 2333
20 12 2334
20 12 2335
20 12 2336
20 12 2337
20 12 2338
20 12 2339
20 12 2340
20 12 2341
20 12 2342
20 12 2343
20 12 2344
20 12 2345
20 12 2346
20 12 2347
20 12 2348
20 12 2349
20 12 2350
20 12 2351
20 12 2352
20 12 2353
20 12 2354
20 12 2355
20 12 2356
20 12 2357
20 12 2358
20 12 2359
20 12 2360
20 12 2361
20 12 2362
20 12 2363
20 12 2364
20 12 2365
20 12 2366
20 12 2367
20 12 2368
20 12 2369
20 12 2370
20 12 2371
20 12 2372
20 12 2373
20 12 2374
20 12 2375
20 12 2376
20 12 2377
20 12 2378
20 12 2379
20 12 2380
20 12 2381
20 12 2382
20 12 2383
20 12 2384
20 12 2385
20 12 2386
20 12 2387
20 12 2388
20 12 2389
20 12 2390
20 12 2391
20 12 2392
20 12 2393
20 12 2394
20 12 2395
20 12 2396
20 12 2397
20 12 2398
20 12 2399
20 12 2400
20 12 2401
20 12 2402
20 12 2403
20 12 2404
20 12 2405
20 12 2406
20 12 2407
20 12 2408
20 12 2409
20 12 2410
20 12 2411
20 12 2412
20 12 2413
20 12 2414
20 12 2415
20 12 2416
20 12 2417
20 12 2418
20 12 2419
20 12 2420
20 12 2421
20 12 2422
20 12 2423
20 12 2424
20 12 2425
20 12 2426
20 12 2427
20 12 2428
20 12 2429
20 12 2430
20 12 2431
20 12 2432
20 12 2433
20 12 2434
20 12 2435
20 12 2436
20 12 2437
20 12 2438
20 12 2439
20 12 2440
20 12 2441
20 12 2442
20 12 2443
20 12 2444
20 12 2445
20 12 2446
20 12 2447
20 12 2448
20 12 2449
20 12 2450
20 12 2451
20 12 2452
20 12 2453
20 12 2454
20 12 2455
20 12 2456
20 12 2457
