18 8 1
18 8 2
18 8 3
18 8 4
18 8 5
18 8 6
18 8 7
18 8 8
18 8 9
18 8 10
18 8 11
18 8 12
18 8 13
18 8 14
18 8 15
18 8 16
18 8 17
18 8 18
18 8 19
18 8 20
18 8 21
18 8 22
18 8 23
18 8 24
18 8 25
18 8 26
18 8 27
18 8 28
18 8 29
18 8 30
18 8 31
18 8 32
18 8 33
18 8 34
18 8 35
18 8 36
18 8 37
18 8 38
18 8 39
18 8 40
18 8 41
18 8 42
18 8 43
18 8 44
18 8 45
18 8 46
18 8 47
18 8 48
18 8 49
18 8 50
18 8 51
18 8 52
18 8 53
18 8 54
18 8 55
18 8 56
18 8 57
18 8 58
18 8 59
18 8 60
18 8 61
18 8 62
18 8 63
18 8 64
18 8 65
18 8 66
18 8 67
18 8 68
18 8 69
18 8 70
18 8 71
18 8 72
18 8 73
18 8 74
18 8 75
18 8 76
18 8 77
18 8 78
18 8 79
18 8 80
18 8 81
18 8 82
18 8 83
18 8 84
18 8 85
18 8 86
18 8 87
18 8 88
18 8 89
18 8 90
18 8 91
18 8 92
18 8 93
18 8 94
18 8 95
18 8 96
18 8 97
18 8 98
18 8 99
18 8 100
18 8 101
18 8 102
18 8 103
18 8 104
18 8 105
18 8 106
18 8 107
18 8 108
18 8 109
18 8 110
18 8 111
18 8 112
18 8 113
18 8 114
18 8 115
18 8 116
18 8 117
18 8 118
18 8 119
18 8 120
18 8 121
18 8 122
18 8 123
18 8 124
18 8 125
18 8 126
18 8 127
18 8 128
18 8 129
18 8 130
18 8 131
18 8 132
18 8 133
18 8 134
18 8 135
18 8 136
18 8 137
18 8 138
18 8 139
18 8 140
18 8 141
18 8 142
18 8 143
18 8 144
18 8 145
18 8 146
18 8 147
18 8 148
18 8 149
18 8 150
18 8 151
18 8 152
18 8 153
18 8 154
18 8 155
18 8 156
18 8 157
18 8 158
18 8 159
18 8 160
18 8 161
18 8 162
18 8 163
18 8 164
18 8 165
18 8 166
18 8 167
18 8 168
18 8 169
18 8 170
18 8 171
18 8 172
18 8 173
18 8 174
18 8 175
18 8 176
18 8 177
18 8 178
18 8 179
18 8 180
18 8 181
18 8 182
18 8 183
18 8 184
18 8 185
18 8 186
18 8 187
18 8 188
18 8 189
18 8 190
18 8 191
18 8 192
18 8 193
18 8 194
18 8 195
18 8 196
18 8 197
18 8 198
18 8 199
18 8 200
18 8 201
18 8 202
18 8 203
18 8 204
18 8 205
18 8 206
18 8 207
18 8 208
18 8 209
18 8 210
18 8 211
18 8 212
18 8 213
18 8 214
18 8 215
18 8 216
18 8 217
18 8 218
18 8 219
18 8 220
18 8 221
18 8 222
18 8 223
18 8 224
18 8 225
18 8 226
18 8 227
18 8 228
18 8 229
18 8 230
18 8 231
18 8 232
18 8 233
18 8 234
18 8 235
18 8 236
18 8 237
18 8 238
18 8 239
18 8 240
18 8 241
18 8 242
18 8 243
18 8 244
18 8 245
18 8 246
18 8 247
18 8 248
18 8 249
18 8 250
18 8 251
18 8 252
18 8 253
18 8 254
18 8 255
18 8 256
18 8 257
18 8 258
18 8 259
18 8 260
18 8 261
18 8 262
18 8 263
18 8 264
18 8 265
18 8 266
18 8 267
18 8 268
18 8 269
18 8 270
18 8 271
18 8 272
18 8 273
18 8 274
18 8 275
18 8 276
18 8 277
18 8 278
18 8 279
18 8 280
18 8 281
18 8 282
18 8 283
18 8 284
18 8 285
18 8 286
18 8 287
18 8 288
18 8 289
18 8 290
18 8 291
18 8 292
18 8 293
18 8 294
18 8 295
18 8 296
18 8 297
18 8 298
18 8 299
18 8 300
18 8 301
18 8 302
18 8 303
18 8 304
18 8 305
18 8 306
18 8 307
18 8 308
18 8 309
18 8 310
18 8 311
18 8 312
18 8 313
18 8 314
18 8 315
18 8 316
18 8 317
18 8 318
18 8 319
18 8 320
18 8 321
18 8 322
18 8 323
18 8 324
18 8 325
18 8 326
18 8 327
18 8 328
18 8 329
18 8 330
18 8 331
18 8 332
18 8 333
18 8 334
18 8 335
18 8 336
18 8 337
18 8 338
18 8 339
18 8 340
18 8 341
18 8 342
18 8 343
18 8 344
18 8 345
18 8 346
18 8 347
18 8 348
18 8 349
18 8 350
18 8 351
18 8 352
18 8 353
18 8 354
18 8 355
18 8 356
18 8 357
18 8 358
18 8 359
18 8 360
18 8 361
18 8 362
18 8 363
18 8 364
18 8 365
18 8 366
18 8 367
18 8 368
18 8 369
18 8 370
18 8 371
18 8 372
18 8 373
18 8 374
18 8 375
18 8 376
18 8 377
18 8 378
18 8 379
18 8 380
18 8 381
18 8 382
18 8 383
18 8 384
18 8 385
18 8 386
18 8 387
18 8 388
18 8 389
18 8 390
18 8 391
18 8 392
18 8 393
18 8 394
18 8 395
18 8 396
18 8 397
18 8 398
18 8 399
18 8 400
18 8 401
18 8 402
18 8 403
18 8 404
18 8 405
18 8 406
18 8 407
18 8 408
18 8 409
18 8 410
18 8 411
18 8 412
18 8 413
18 8 414
18 8 415
18 8 416
18 8 417
18 8 418
18 8 419
18 8 420
18 8 421
18 8 422
18 8 423
18 8 424
18 8 425
18 8 426
18 8 427
18 8 428
18 8 429
18 8 430
18 8 431
18 8 432
18 8 433
18 8 434
18 8 435
18 8 436
18 8 437
18 8 438
18 8 439
18 8 440
18 8 441
18 8 442
18 8 443
18 8 444
18 8 445
18 8 446
18 8 447
18 8 448
18 8 449
18 8 450
18 8 451
18 8 452
18 8 453
18 8 454
18 8 455
18 8 456
18 8 457
18 8 458
18 8 459
18 8 460
18 8 461
18 8 462
18 8 463
18 8 464
18 8 465
18 8 466
18 8 467
18 8 468
18 8 469
18 8 470
18 8 471
18 8 472
18 8 473
18 8 474
18 8 475
18 8 476
18 8 477
18 8 478
18 8 479
18 8 480
18 8 481
18 8 482
18 8 483
18 8 484
18 8 485
18 8 486
18 8 487
18 8 488
18 8 489
18 8 490
18 8 491
18 8 492
18 8 493
18 8 494
18 8 495
18 8 496
18 8 497
18 8 498
18 8 499
18 8 500
18 8 501
18 8 502
18 8 503
18 8 504
18 8 505
18 8 506
18 8 507
18 8 508
18 8 509
18 8 510
18 8 511
18 8 512
18 8 513
18 8 514
18 8 515
18 8 516
18 8 517
18 8 518
18 8 519
18 8 520
18 8 521
18 8 522
18 8 523
18 8 524
18 8 525
18 8 526
18 8 527
18 8 528
18 8 529
18 8 530
18 8 531
18 8 532
18 8 533
18 8 534
18 8 535
18 8 536
18 8 537
18 8 538
18 8 539
18 8 540
18 8 541
18 8 542
18 8 543
18 8 544
18 8 545
18 8 546
18 8 547
18 8 548
18 8 549
18 8 550
18 8 551
18 8 552
18 8 553
18 8 554
18 8 555
18 8 556
18 8 557
18 8 558
18 8 559
18 8 560
18 8 561
18 8 562
18 8 563
18 8 564
18 8 565
18 8 566
18 8 567
18 8 568
18 8 569
18 8 570
18 8 571
18 8 572
18 8 573
18 8 574
18 8 575
18 8 576
18 8 577
18 8 578
18 8 579
18 8 580
18 8 581
18 8 582
18 8 583
18 8 584
18 8 585
18 8 586
18 8 587
18 8 588
18 8 589
18 8 590
18 8 591
18 8 592
18 8 593
18 8 594
18 8 595
18 8 596
18 8 597
18 8 598
18 8 599
18 8 600
18 8 601
18 8 602
18 8 603
18 8 604
18 8 605
18 8 606
18 8 607
18 8 608
18 8 609
18 8 610
18 8 611
18 8 612
18 8 613
18 8 614
18 8 615
18 8 616
18 8 617
18 8 618
18 8 619
18 8 620
18 8 621
18 8 622
18 8 623
18 8 624
18 8 625
18 8 626
18 8 627
18 8 628
18 8 629
18 8 630
18 8 631
18 8 632
18 8 633
18 8 634
18 8 635
18 8 636
18 8 637
18 8 638
18 8 639
18 8 640
18 8 641
18 8 642
18 8 643
18 8 644
18 8 645
18 8 646
18 8 647
18 8 648
18 8 649
18 8 650
18 8 651
18 8 652
18 8 653
18 8 654
18 8 655
18 8 656
18 8 657
18 8 658
18 8 659
18 8 660
18 8 661
18 8 662
18 8 663
18 8 664
18 8 665
18 8 666
18 8 667
18 8 668
18 8 669
18 8 670
18 8 671
18 8 672
18 8 673
18 8 674
18 8 675
18 8 676
18 8 677
18 8 678
18 8 679
18 8 680
18 8 681
18 8 682
18 8 683
18 8 684
18 8 685
18 8 686
18 8 687
18 8 688
18 8 689
18 8 690
18 8 691
18 8 692
18 8 693
18 8 694
18 8 695
18 8 696
18 8 697
18 8 698
18 8 699
18 8 700
18 8 701
18 8 702
18 8 703
18 8 704
18 8 705
18 8 706
18 8 707
18 8 708
18 8 709
18 8 710
18 8 711
18 8 712
18 8 713
18 8 714
18 8 715
18 8 716
18 8 717
18 8 718
18 8 719
18 8 720
18 8 721
18 8 722
18 8 723
18 8 724
18 8 725
18 8 726
18 8 727
18 8 728
18 8 729
18 8 730
18 8 731
18 8 732
18 8 733
18 8 734
18 8 735
18 8 736
18 8 737
18 8 738
18 8 739
18 8 740
18 8 741
18 8 742
18 8 743
18 8 744
18 8 745
18 8 746
18 8 747
18 8 748
18 8 749
18 8 750
18 8 751
18 8 752
18 8 753
18 8 754
18 8 755
18 8 756
18 8 757
18 8 758
18 8 759
18 8 760
18 8 761
18 8 762
18 8 763
18 8 764
18 8 765
18 8 766
18 8 767
18 8 768
18 8 769
18 8 770
18 8 771
18 8 772
18 8 773
18 8 774
18 8 775
18 8 776
18 8 777
18 8 778
18 8 779
18 8 780
18 8 781
18 8 782
18 8 783
18 8 784
18 8 785
18 8 786
18 8 787
18 8 788
18 8 789
18 8 790
18 8 791
18 8 792
18 8 793
18 8 794
18 8 795
18 8 796
18 8 797
18 8 798
18 8 799
18 8 800
18 8 801
18 8 802
18 8 803
18 8 804
18 8 805
18 8 806
18 8 807
18 8 808
18 8 809
18 8 810
18 8 811
18 8 812
18 8 813
18 8 814
18 8 815
18 8 816
18 8 817
18 8 818
18 8 819
18 8 820
18 8 821
18 8 822
18 8 823
18 8 824
18 8 825
18 8 826
18 8 827
18 8 828
18 8 829
18 8 830
18 8 831
18 8 832
18 8 833
18 8 834
18 8 835
18 8 836
18 8 837
18 8 838
18 8 839
18 8 840
18 8 841
18 8 842
18 8 843
18 8 844
18 8 845
18 8 846
18 8 847
18 8 848
18 8 849
18 8 850
18 8 851
18 8 852
18 8 853
18 8 854
18 8 855
18 8 856
18 8 857
18 8 858
18 8 859
18 8 860
18 8 861
18 8 862
18 8 863
18 8 864
18 8 865
18 8 866
18 8 867
18 8 868
18 8 869
18 8 870
18 8 871
18 8 872
18 8 873
18 8 874
18 8 875
18 8 876
18 8 877
18 8 878
18 8 879
18 8 880
18 8 881
18 8 882
18 8 883
18 8 884
18 8 885
18 8 886
18 8 887
18 8 888
18 8 889
18 8 890
18 8 891
18 8 892
18 8 893
18 8 894
18 8 895
18 8 896
18 8 897
18 8 898
18 8 899
18 8 900
18 8 901
18 8 902
18 8 903
18 8 904
18 8 905
18 8 906
18 8 907
18 8 908
18 8 909
18 8 910
18 8 911
18 8 912
18 8 913
18 8 914
18 8 915
18 8 916
18 8 917
18 8 918
18 8 919
18 8 920
18 8 921
18 8 922
18 8 923
18 8 924
18 8 925
18 8 926
18 8 927
18 8 928
18 8 929
18 8 930
18 8 931
18 8 932
18 8 933
18 8 934
18 8 935
18 8 936
18 8 937
18 8 938
18 8 939
18 8 940
18 8 941
18 8 942
18 8 943
18 8 944
18 8 945
18 8 946
18 8 947
18 8 948
18 8 949
18 8 950
18 8 951
18 8 952
18 8 953
18 8 954
18 8 955
18 8 956
18 8 957
18 8 958
18 8 959
18 8 960
18 8 961
18 8 962
18 8 963
18 8 964
18 8 965
18 8 966
18 8 967
18 8 968
18 8 969
18 8 970
18 8 971
18 8 972
18 8 973
18 8 974
18 8 975
18 8 976
18 8 977
18 8 978
18 8 979
18 8 980
18 8 981
18 8 982
18 8 983
18 8 984
18 8 985
18 8 986
18 8 987
18 8 988
18 8 989
18 8 990
18 8 991
18 8 992
18 8 993
18 8 994
18 8 995
18 8 996
18 8 997
18 8 998
18 8 999
18 8 1000
18 8 1001
18 8 1002
18 8 1003
18 8 1004
18 8 1005
18 8 1006
18 8 1007
18 8 1008
18 8 1009
18 8 1010
18 8 1011
18 8 1012
18 8 1013
18 8 1014
18 8 1015
18 8 1016
18 8 1017
18 8 1018
18 8 1019
18 8 1020
18 8 1021
18 8 1022
18 8 1023
18 8 1024
18 8 1025
18 8 1026
18 8 1027
18 8 1028
18 8 1029
18 8 1030
18 8 1031
18 8 1032
18 8 1033
18 8 1034
18 8 1035
18 8 1036
18 8 1037
18 8 1038
18 8 1039
18 8 1040
18 8 1041
18 8 1042
18 8 1043
18 8 1044
18 8 1045
18 8 1046
18 8 1047
18 8 1048
18 8 1049
18 8 1050
18 8 1051
18 8 1052
18 8 1053
18 8 1054
18 8 1055
18 8 1056
18 8 1057
18 8 1058
18 8 1059
18 8 1060
18 8 1061
18 8 1062
18 8 1063
18 8 1064
18 8 1065
18 8 1066
18 8 1067
18 8 1068
18 8 1069
18 8 1070
18 8 1071
18 8 1072
18 8 1073
18 8 1074
18 8 1075
18 8 1076
18 8 1077
18 8 1078
18 8 1079
18 8 1080
18 8 1081
18 8 1082
18 8 1083
18 8 1084
18 8 1085
18 8 1086
18 8 1087
18 8 1088
18 8 1089
18 8 1090
18 8 1091
18 8 1092
18 8 1093
18 8 1094
18 8 1095
18 8 1096
18 8 1097
18 8 1098
18 8 1099
18 8 1100
18 8 1101
18 8 1102
18 8 1103
18 8 1104
18 8 1105
18 8 1106
18 8 1107
18 8 1108
18 8 1109
18 8 1110
18 8 1111
18 8 1112
18 8 1113
18 8 1114
18 8 1115
18 8 1116
18 8 1117
18 8 1118
18 8 1119
18 8 1120
18 8 1121
18 8 1122
18 8 1123
18 8 1124
18 8 1125
18 8 1126
18 8 1127
18 8 1128
18 8 1129
18 8 1130
18 8 1131
18 8 1132
18 8 1133
18 8 1134
18 8 1135
18 8 1136
18 8 1137
18 8 1138
18 8 1139
18 8 1140
18 8 1141
18 8 1142
18 8 1143
18 8 1144
18 8 1145
18 8 1146
18 8 1147
18 8 1148
18 8 1149
18 8 1150
18 8 1151
18 8 1152
18 8 1153
18 8 1154
18 8 1155
18 8 1156
18 8 1157
18 8 1158
18 8 1159
18 8 1160
18 8 1161
18 8 1162
18 8 1163
18 8 1164
18 8 1165
18 8 1166
18 8 1167
18 8 1168
18 8 1169
18 8 1170
18 8 1171
18 8 1172
18 8 1173
18 8 1174
18 8 1175
18 8 1176
18 8 1177
18 8 1178
18 8 1179
18 8 1180
18 8 1181
18 8 1182
18 8 1183
18 8 1184
18 8 1185
18 8 1186
18 8 1187
18 8 1188
18 8 1189
18 8 1190
18 8 1191
18 8 1192
18 8 1193
18 8 1194
18 8 1195
18 8 1196
18 8 1197
18 8 1198
18 8 1199
18 8 1200
18 8 1201
18 8 1202
18 8 1203
18 8 1204
18 8 1205
18 8 1206
18 8 1207
18 8 1208
18 8 1209
18 8 1210
18 8 1211
18 8 1212
18 8 1213
18 8 1214
18 8 1215
18 8 1216
18 8 1217
18 8 1218
18 8 1219
18 8 1220
18 8 1221
18 8 1222
18 8 1223
18 8 1224
18 8 1225
18 8 1226
18 8 1227
18 8 1228
18 8 1229
18 8 1230
18 8 1231
18 8 1232
18 8 1233
18 8 1234
18 8 1235
18 8 1236
18 8 1237
18 8 1238
18 8 1239
18 8 1240
18 8 1241
18 8 1242
18 8 1243
18 8 1244
18 8 1245
18 8 1246
18 8 1247
18 8 1248
18 8 1249
18 8 1250
18 8 1251
18 8 1252
18 8 1253
18 8 1254
18 8 1255
18 8 1256
18 8 1257
18 8 1258
18 8 1259
18 8 1260
18 8 1261
18 8 1262
18 8 1263
18 8 1264
18 8 1265
18 8 1266
18 8 1267
18 8 1268
18 8 1269
18 8 1270
18 8 1271
18 8 1272
18 8 1273
18 8 1274
18 8 1275
18 8 1276
18 8 1277
18 8 1278
18 8 1279
18 8 1280
18 8 1281
18 8 1282
18 8 1283
18 8 1284
18 8 1285
18 8 1286
18 8 1287
18 8 1288
18 8 1289
18 8 1290
18 8 1291
18 8 1292
18 8 1293
18 8 1294
18 8 1295
18 8 1296
18 8 1297
18 8 1298
18 8 1299
18 8 1300
18 8 1301
18 8 1302
18 8 1303
18 8 1304
18 8 1305
18 8 1306
18 8 1307
18 8 1308
18 8 1309
18 8 1310
18 8 1311
18 8 1312
18 8 1313
18 8 1314
18 8 1315
18 8 1316
18 8 1317
18 8 1318
18 8 1319
18 8 1320
18 8 1321
18 8 1322
18 8 1323
18 8 1324
18 8 1325
18 8 1326
18 8 1327
18 8 1328
18 8 1329
18 8 1330
18 8 1331
18 8 1332
18 8 1333
18 8 1334
18 8 1335
18 8 1336
18 8 1337
18 8 1338
18 8 1339
18 8 1340
18 8 1341
18 8 1342
18 8 1343
18 8 1344
18 8 1345
18 8 1346
18 8 1347
18 8 1348
18 8 1349
18 8 1350
18 8 1351
18 8 1352
18 8 1353
18 8 1354
18 8 1355
18 8 1356
18 8 1357
18 8 1358
18 8 1359
18 8 1360
18 8 1361
18 8 1362
18 8 1363
18 8 1364
18 8 1365
18 8 1366
18 8 1367
18 8 1368
18 8 1369
18 8 1370
18 8 1371
18 8 1372
18 8 1373
18 8 1374
18 8 1375
18 8 1376
18 8 1377
18 8 1378
18 8 1379
18 8 1380
18 8 1381
18 8 1382
18 8 1383
18 8 1384
18 8 1385
18 8 1386
18 8 1387
18 8 1388
18 8 1389
18 8 1390
18 8 1391
18 8 1392
18 8 1393
18 8 1394
18 8 1395
18 8 1396
18 8 1397
18 8 1398
18 8 1399
18 8 1400
18 8 1401
18 8 1402
18 8 1403
18 8 1404
18 8 1405
18 8 1406
18 8 1407
18 8 1408
18 8 1409
18 8 1410
18 8 1411
18 8 1412
18 8 1413
18 8 1414
18 8 1415
18 8 1416
18 8 1417
18 8 1418
18 8 1419
18 8 1420
18 8 1421
18 8 1422
18 8 1423
18 8 1424
18 8 1425
18 8 1426
18 8 1427
18 8 1428
18 8 1429
18 8 1430
18 8 1431
18 8 1432
18 8 1433
18 8 1434
18 8 1435
18 8 1436
18 8 1437
18 8 1438
18 8 1439
18 8 1440
18 8 1441
18 8 1442
18 8 1443
18 8 1444
18 8 1445
18 8 1446
18 8 1447
18 8 1448
18 8 1449
18 8 1450
18 8 1451
18 8 1452
18 8 1453
18 8 1454
18 8 1455
18 8 1456
18 8 1457
18 8 1458
18 8 1459
18 8 1460
18 8 1461
18 8 1462
18 8 1463
18 8 1464
18 8 1465
18 8 1466
18 8 1467
18 8 1468
18 8 1469
18 8 1470
18 8 1471
18 8 1472
18 8 1473
18 8 1474
18 8 1475
18 8 1476
18 8 1477
18 8 1478
18 8 1479
18 8 1480
18 8 1481
18 8 1482
18 8 1483
18 8 1484
18 8 1485
18 8 1486
18 8 1487
18 8 1488
18 8 1489
18 8 1490
18 8 1491
18 8 1492
18 8 1493
18 8 1494
18 8 1495
18 8 1496
18 8 1497
18 8 1498
18 8 1499
18 8 1500
18 8 1501
18 8 1502
18 8 1503
18 8 1504
18 8 1505
18 8 1506
18 8 1507
18 8 1508
18 8 1509
18 8 1510
18 8 1511
18 8 1512
18 8 1513
18 8 1514
18 8 1515
18 8 1516
18 8 1517
18 8 1518
18 8 1519
18 8 1520
18 8 1521
18 8 1522
18 8 1523
18 8 1524
18 8 1525
18 8 1526
18 8 1527
18 8 1528
18 8 1529
18 8 1530
18 8 1531
18 8 1532
18 8 1533
18 8 1534
18 8 1535
18 8 1536
18 8 1537
18 8 1538
18 8 1539
18 8 1540
18 8 1541
18 8 1542
18 8 1543
18 8 1544
18 8 1545
18 8 1546
18 8 1547
18 8 1548
18 8 1549
18 8 1550
18 8 1551
18 8 1552
18 8 1553
18 8 1554
18 8 1555
18 8 1556
18 8 1557
18 8 1558
18 8 1559
18 8 1560
18 8 1561
18 8 1562
18 8 1563
18 8 1564
18 8 1565
18 8 1566
18 8 1567
18 8 1568
18 8 1569
18 8 1570
18 8 1571
18 8 1572
18 8 1573
18 8 1574
18 8 1575
18 8 1576
18 8 1577
18 8 1578
18 8 1579
18 8 1580
18 8 1581
18 8 1582
18 8 1583
18 8 1584
18 8 1585
18 8 1586
18 8 1587
18 8 1588
18 8 1589
18 8 1590
18 8 1591
18 8 1592
18 8 1593
18 8 1594
18 8 1595
18 8 1596
18 8 1597
18 8 1598
18 8 1599
18 8 1600
18 8 1601
18 8 1602
18 8 1603
18 8 1604
18 8 1605
18 8 1606
18 8 1607
18 8 1608
18 8 1609
18 8 1610
18 8 1611
18 8 1612
18 8 1613
18 8 1614
18 8 1615
18 8 1616
18 8 1617
18 8 1618
18 8 1619
18 8 1620
18 8 1621
18 8 1622
18 8 1623
18 8 1624
18 8 1625
18 8 1626
18 8 1627
18 8 1628
18 8 1629
18 8 1630
18 8 1631
18 8 1632
18 8 1633
18 8 1634
18 8 1635
18 8 1636
18 8 1637
18 8 1638
18 8 1639
18 8 1640
18 8 1641
18 8 1642
18 8 1643
18 8 1644
18 8 1645
18 8 1646
18 8 1647
18 8 1648
18 8 1649
18 8 1650
18 8 1651
18 8 1652
18 8 1653
18 8 1654
18 8 1655
18 8 1656
18 8 1657
18 8 1658
18 8 1659
18 8 1660
18 8 1661
18 8 1662
18 8 1663
18 8 1664
18 8 1665
18 8 1666
18 8 1667
18 8 1668
18 8 1669
18 8 1670
18 8 1671
18 8 1672
18 8 1673
18 8 1674
18 8 1675
18 8 1676
18 8 1677
18 8 1678
18 8 1679
18 8 1680
18 8 1681
18 8 1682
18 8 1683
18 8 1684
18 8 1685
18 8 1686
18 8 1687
18 8 1688
18 8 1689
18 8 1690
18 8 1691
18 8 1692
18 8 1693
18 8 1694
18 8 1695
18 8 1696
18 8 1697
18 8 1698
18 8 1699
18 8 1700
18 8 1701
18 8 1702
18 8 1703
18 8 1704
18 8 1705
18 8 1706
18 8 1707
18 8 1708
18 8 1709
18 8 1710
18 8 1711
18 8 1712
18 8 1713
18 8 1714
18 8 1715
18 8 1716
18 8 1717
18 8 1718
18 8 1719
18 8 1720
18 8 1721
18 8 1722
18 8 1723
18 8 1724
18 8 1725
18 8 1726
18 8 1727
18 8 1728
18 8 1729
18 8 1730
18 8 1731
18 8 1732
18 8 1733
18 8 1734
18 8 1735
18 8 1736
18 8 1737
18 8 1738
18 8 1739
18 8 1740
18 8 1741
18 8 1742
18 8 1743
18 8 1744
18 8 1745
18 8 1746
18 8 1747
18 8 1748
18 8 1749
18 8 1750
18 8 1751
18 8 1752
18 8 1753
18 8 1754
18 8 1755
18 8 1756
18 8 1757
18 8 1758
18 8 1759
18 8 1760
18 8 1761
18 8 1762
18 8 1763
18 8 1764
18 8 1765
18 8 1766
18 8 1767
18 8 1768
18 8 1769
18 8 1770
18 8 1771
18 8 1772
18 8 1773
18 8 1774
18 8 1775
18 8 1776
18 8 1777
18 8 1778
18 8 1779
18 8 1780
18 8 1781
18 8 1782
18 8 1783
18 8 1784
18 8 1785
18 8 1786
18 8 1787
18 8 1788
18 8 1789
18 8 1790
18 8 1791
18 8 1792
18 8 1793
18 8 1794
18 8 1795
18 8 1796
18 8 1797
18 8 1798
18 8 1799
18 8 1800
18 8 1801
18 8 1802
18 8 1803
18 8 1804
18 8 1805
18 8 1806
18 8 1807
18 8 1808
18 8 1809
18 8 1810
18 8 1811
18 8 1812
18 8 1813
18 8 1814
18 8 1815
18 8 1816
18 8 1817
18 8 1818
18 8 1819
18 8 1820
18 8 1821
18 8 1822
18 8 1823
18 8 1824
18 8 1825
18 8 1826
18 8 1827
18 8 1828
18 8 1829
18 8 1830
18 8 1831
18 8 1832
18 8 1833
18 8 1834
18 8 1835
18 8 1836
18 8 1837
18 8 1838
18 8 1839
18 8 1840
18 8 1841
18 8 1842
18 8 1843
18 8 1844
18 8 1845
18 8 1846
18 8 1847
18 8 1848
18 8 1849
18 8 1850
18 8 1851
18 8 1852
18 8 1853
18 8 1854
18 8 1855
18 8 1856
18 8 1857
18 8 1858
18 8 1859
18 8 1860
18 8 1861
18 8 1862
18 8 1863
18 8 1864
18 8 1865
18 8 1866
18 8 1867
18 8 1868
18 8 1869
18 8 1870
18 8 1871
18 8 1872
18 8 1873
18 8 1874
18 8 1875
18 8 1876
18 8 1877
18 8 1878
18 8 1879
18 8 1880
18 8 1881
18 8 1882
18 8 1883
18 8 1884
18 8 1885
18 8 1886
18 8 1887
18 8 1888
18 8 1889
18 8 1890
18 8 1891
18 8 1892
18 8 1893
18 8 1894
18 8 1895
18 8 1896
18 8 1897
18 8 1898
18 8 1899
18 8 1900
18 8 1901
18 8 1902
18 8 1903
18 8 1904
18 8 1905
18 8 1906
18 8 1907
18 8 1908
18 8 1909
18 8 1910
18 8 1911
18 8 1912
18 8 1913
18 8 1914
18 8 1915
18 8 1916
18 8 1917
18 8 1918
18 8 1919
18 8 1920
18 8 1921
18 8 1922
18 8 1923
18 8 1924
18 8 1925
18 8 1926
18 8 1927
18 8 1928
18 8 1929
18 8 1930
18 8 1931
18 8 1932
18 8 1933
18 8 1934
18 8 1935
18 8 1936
18 8 1937
18 8 1938
18 8 1939
18 8 1940
18 8 1941
18 8 1942
18 8 1943
18 8 1944
18 8 1945
18 8 1946
18 8 1947
18 8 1948
18 8 1949
18 8 1950
18 8 1951
18 8 1952
18 8 1953
18 8 1954
18 8 1955
18 8 1956
18 8 1957
18 8 1958
18 8 1959
18 8 1960
18 8 1961
18 8 1962
18 8 1963
18 8 1964
18 8 1965
18 8 1966
18 8 1967
18 8 1968
18 8 1969
18 8 1970
18 8 1971
18 8 1972
18 8 1973
18 8 1974
18 8 1975
18 8 1976
18 8 1977
18 8 1978
18 8 1979
18 8 1980
18 8 1981
18 8 1982
18 8 1983
18 8 1984
18 8 1985
18 8 1986
18 8 1987
18 8 1988
18 8 1989
18 8 1990
18 8 1991
18 8 1992
18 8 1993
18 8 1994
18 8 1995
18 8 1996
18 8 1997
18 8 1998
18 8 1999
18 8 2000
18 8 2001
18 8 2002
18 8 2003
18 8 2004
18 8 2005
18 8 2006
18 8 2007
18 8 2008
18 8 2009
18 8 2010
18 8 2011
18 8 2012
18 8 2013
18 8 2014
18 8 2015
18 8 2016
18 8 2017
18 8 2018
18 8 2019
18 8 2020
18 8 2021
18 8 2022
18 8 2023
18 8 2024
18 8 2025
18 8 2026
18 8 2027
18 8 2028
18 8 2029
18 8 2030
18 8 2031
18 8 2032
18 8 2033
18 8 2034
18 8 2035
18 8 2036
18 8 2037
18 8 2038
18 8 2039
18 8 2040
18 8 2041
18 8 2042
18 8 2043
18 8 2044
18 8 2045
18 8 2046
18 8 2047
18 8 2048
18 8 2049
18 8 2050
18 8 2051
18 8 2052
18 8 2053
18 8 2054
18 8 2055
18 8 2056
18 8 2057
18 8 2058
18 8 2059
18 8 2060
18 8 2061
18 8 2062
18 8 2063
18 8 2064
18 8 2065
18 8 2066
18 8 2067
18 8 2068
18 8 2069
18 8 2070
18 8 2071
18 8 2072
18 8 2073
18 8 2074
18 8 2075
18 8 2076
18 8 2077
18 8 2078
18 8 2079
18 8 2080
18 8 2081
18 8 2082
18 8 2083
18 8 2084
18 8 2085
18 8 2086
18 8 2087
18 8 2088
18 8 2089
18 8 2090
18 8 2091
18 8 2092
18 8 2093
18 8 2094
18 8 2095
18 8 2096
18 8 2097
18 8 2098
18 8 2099
18 8 2100
18 8 2101
18 8 2102
18 8 2103
18 8 2104
18 8 2105
18 8 2106
18 8 2107
18 8 2108
18 8 2109
18 8 2110
18 8 2111
18 8 2112
18 8 2113
18 8 2114
18 8 2115
18 8 2116
18 8 2117
18 8 2118
18 8 2119
18 8 2120
18 8 2121
18 8 2122
18 8 2123
18 8 2124
18 8 2125
18 8 2126
18 8 2127
18 8 2128
18 8 2129
18 8 2130
18 8 2131
18 8 2132
18 8 2133
18 8 2134
18 8 2135
18 8 2136
18 8 2137
18 8 2138
18 8 2139
18 8 2140
18 8 2141
18 8 2142
18 8 2143
18 8 2144
18 8 2145
18 8 2146
18 8 2147
18 8 2148
18 8 2149
18 8 2150
18 8 2151
18 8 2152
18 8 2153
18 8 2154
18 8 2155
18 8 2156
18 8 2157
18 8 2158
18 8 2159
18 8 2160
18 8 2161
18 8 2162
18 8 2163
18 8 2164
18 8 2165
18 8 2166
18 8 2167
18 8 2168
18 8 2169
18 8 2170
18 8 2171
18 8 2172
18 8 2173
18 8 2174
18 8 2175
18 8 2176
18 8 2177
18 8 2178
18 8 2179
18 8 2180
18 8 2181
18 8 2182
18 8 2183
18 8 2184
18 8 2185
18 8 2186
18 8 2187
18 8 2188
18 8 2189
18 8 2190
18 8 2191
18 8 2192
18 8 2193
18 8 2194
18 8 2195
18 8 2196
18 8 2197
18 8 2198
18 8 2199
18 8 2200
18 8 2201
18 8 2202
18 8 2203
18 8 2204
18 8 2205
18 8 2206
18 8 2207
18 8 2208
18 8 2209
18 8 2210
18 8 2211
18 8 2212
18 8 2213
18 8 2214
18 8 2215
18 8 2216
18 8 2217
18 8 2218
18 8 2219
18 8 2220
18 8 2221
18 8 2222
18 8 2223
18 8 2224
18 8 2225
18 8 2226
18 8 2227
18 8 2228
18 8 2229
18 8 2230
18 8 2231
18 8 2232
18 8 2233
18 8 2234
18 8 2235
18 8 2236
18 8 2237
18 8 2238
18 8 2239
18 8 2240
18 8 2241
18 8 2242
18 8 2243
18 8 2244
18 8 2245
18 8 2246
18 8 2247
18 8 2248
18 8 2249
18 8 2250
18 8 2251
18 8 2252
18 8 2253
18 8 2254
18 8 2255
18 8 2256
18 8 2257
18 8 2258
18 8 2259
18 8 2260
18 8 2261
18 8 2262
18 8 2263
18 8 2264
18 8 2265
18 8 2266
18 8 2267
18 8 2268
18 8 2269
18 8 2270
18 8 2271
18 8 2272
18 8 2273
18 8 2274
18 8 2275
18 8 2276
18 8 2277
18 8 2278
18 8 2279
18 8 2280
18 8 2281
18 8 2282
18 8 2283
18 8 2284
18 8 2285
18 8 2286
18 8 2287
18 8 2288
18 8 2289
18 8 2290
18 8 2291
18 8 2292
18 8 2293
18 8 2294
18 8 2295
18 8 2296
18 8 2297
18 8 2298
18 8 2299
18 8 2300
18 8 2301
18 8 2302
18 8 2303
18 8 2304
18 8 2305
18 8 2306
18 8 2307
18 8 2308
18 8 2309
18 8 2310
18 8 2311
18 8 2312
18 8 2313
18 8 2314
18 8 2315
18 8 2316
18 8 2317
18 8 2318
18 8 2319
18 8 2320
18 8 2321
18 8 2322
18 8 2323
18 8 2324
18 8 2325
18 8 2326
18 8 2327
18 8 2328
18 8 2329
18 8 2330
18 8 2331
18 8 2332
18 8 2333
18 8 2334
18 8 2335
18 8 2336
18 8 2337
18 8 2338
18 8 2339
18 8 2340
18 8 2341
18 8 2342
18 8 2343
18 8 2344
18 8 2345
18 8 2346
18 8 2347
18 8 2348
18 8 2349
18 8 2350
18 8 2351
18 8 2352
18 8 2353
18 8 2354
18 8 2355
18 8 2356
18 8 2357
18 8 2358
18 8 2359
18 8 2360
18 8 2361
18 8 2362
18 8 2363
18 8 2364
18 8 2365
18 8 2366
18 8 2367
18 8 2368
18 8 2369
18 8 2370
18 8 2371
18 8 2372
18 8 2373
18 8 2374
18 8 2375
18 8 2376
18 8 2377
18 8 2378
18 8 2379
18 8 2380
18 8 2381
18 8 2382
18 8 2383
18 8 2384
18 8 2385
18 8 2386
18 8 2387
18 8 2388
18 8 2389
18 8 2390
18 8 2391
18 8 2392
18 8 2393
18 8 2394
18 8 2395
18 8 2396
18 8 2397
18 8 2398
18 8 2399
18 8 2400
18 8 2401
18 8 2402
18 8 2403
18 8 2404
18 8 2405
18 8 2406
18 8 2407
18 8 2408
18 8 2409
18 8 2410
18 8 2411
18 8 2412
18 8 2413
18 8 2414
18 8 2415
18 8 2416
18 8 2417
18 8 2418
18 8 2419
18 8 2420
18 8 2421
18 8 2422
18 8 2423
18 8 2424
18 8 2425
18 8 2426
18 8 2427
18 8 2428
18 8 2429
18 8 2430
18 8 2431
18 8 2432
18 8 2433
18 8 2434
18 8 2435
18 8 2436
18 8 2437
18 8 2438
18 8 2439
18 8 2440
18 8 2441
18 8 2442
18 8 2443
18 8 2444
18 8 2445
18 8 2446
18 8 2447
18 8 2448
18 8 2449
18 8 2450
18 8 2451
18 8 2452
18 8 2453
18 8 2454
18 8 2455
18 8 2456
18 8 2457
