20 9 1
20 9 2
20 9 3
20 9 4
20 9 5
20 9 6
20 9 7
20 9 8
20 9 9
20 9 10
20 9 11
20 9 12
20 9 13
20 9 14
20 9 15
20 9 16
20 9 17
20 9 18
20 9 19
20 9 20
20 9 21
20 9 22
20 9 23
20 9 24
20 9 25
20 9 26
20 9 27
20 9 28
20 9 29
20 9 30
20 9 31
20 9 32
20 9 33
20 9 34
20 9 35
20 9 36
20 9 37
20 9 38
20 9 39
20 9 40
20 9 41
20 9 42
20 9 43
20 9 44
20 9 45
20 9 46
20 9 47
20 9 48
20 9 49
20 9 50
20 9 51
20 9 52
20 9 53
20 9 54
20 9 55
20 9 56
20 9 57
20 9 58
20 9 59
20 9 60
20 9 61
20 9 62
20 9 63
20 9 64
20 9 65
20 9 66
20 9 67
20 9 68
20 9 69
20 9 70
20 9 71
20 9 72
20 9 73
20 9 74
20 9 75
20 9 76
20 9 77
20 9 78
20 9 79
20 9 80
20 9 81
20 9 82
20 9 83
20 9 84
20 9 85
20 9 86
20 9 87
20 9 88
20 9 89
20 9 90
20 9 91
20 9 92
20 9 93
20 9 94
20 9 95
20 9 96
20 9 97
20 9 98
20 9 99
20 9 100
20 9 101
20 9 102
20 9 103
20 9 104
20 9 105
20 9 106
20 9 107
20 9 108
20 9 109
20 9 110
20 9 111
20 9 112
20 9 113
20 9 114
20 9 115
20 9 116
20 9 117
20 9 118
20 9 119
20 9 120
20 9 121
20 9 122
20 9 123
20 9 124
20 9 125
20 9 126
20 9 127
20 9 128
20 9 129
20 9 130
20 9 131
20 9 132
20 9 133
20 9 134
20 9 135
20 9 136
20 9 137
20 9 138
20 9 139
20 9 140
20 9 141
20 9 142
20 9 143
20 9 144
20 9 145
20 9 146
20 9 147
20 9 148
20 9 149
20 9 150
20 9 151
20 9 152
20 9 153
20 9 154
20 9 155
20 9 156
20 9 157
20 9 158
20 9 159
20 9 160
20 9 161
20 9 162
20 9 163
20 9 164
20 9 165
20 9 166
20 9 167
20 9 168
20 9 169
20 9 170
20 9 171
20 9 172
20 9 173
20 9 174
20 9 175
20 9 176
20 9 177
20 9 178
20 9 179
20 9 180
20 9 181
20 9 182
20 9 183
20 9 184
20 9 185
20 9 186
20 9 187
20 9 188
20 9 189
20 9 190
20 9 191
20 9 192
20 9 193
20 9 194
20 9 195
20 9 196
20 9 197
20 9 198
20 9 199
20 9 200
20 9 201
20 9 202
20 9 203
20 9 204
20 9 205
20 9 206
20 9 207
20 9 208
20 9 209
20 9 210
20 9 211
20 9 212
20 9 213
20 9 214
20 9 215
20 9 216
20 9 217
20 9 218
20 9 219
20 9 220
20 9 221
20 9 222
20 9 223
20 9 224
20 9 225
20 9 226
20 9 227
20 9 228
20 9 229
20 9 230
20 9 231
20 9 232
20 9 233
20 9 234
20 9 235
20 9 236
20 9 237
20 9 238
20 9 239
20 9 240
20 9 241
20 9 242
20 9 243
20 9 244
20 9 245
20 9 246
20 9 247
20 9 248
20 9 249
20 9 250
20 9 251
20 9 252
20 9 253
20 9 254
20 9 255
20 9 256
20 9 257
20 9 258
20 9 259
20 9 260
20 9 261
20 9 262
20 9 263
20 9 264
20 9 265
20 9 266
20 9 267
20 9 268
20 9 269
20 9 270
20 9 271
20 9 272
20 9 273
20 9 274
20 9 275
20 9 276
20 9 277
20 9 278
20 9 279
20 9 280
20 9 281
20 9 282
20 9 283
20 9 284
20 9 285
20 9 286
20 9 287
20 9 288
20 9 289
20 9 290
20 9 291
20 9 292
20 9 293
20 9 294
20 9 295
20 9 296
20 9 297
20 9 298
20 9 299
20 9 300
20 9 301
20 9 302
20 9 303
20 9 304
20 9 305
20 9 306
20 9 307
20 9 308
20 9 309
20 9 310
20 9 311
20 9 312
20 9 313
20 9 314
20 9 315
20 9 316
20 9 317
20 9 318
20 9 319
20 9 320
20 9 321
20 9 322
20 9 323
20 9 324
20 9 325
20 9 326
20 9 327
20 9 328
20 9 329
20 9 330
20 9 331
20 9 332
20 9 333
20 9 334
20 9 335
20 9 336
20 9 337
20 9 338
20 9 339
20 9 340
20 9 341
20 9 342
20 9 343
20 9 344
20 9 345
20 9 346
20 9 347
20 9 348
20 9 349
20 9 350
20 9 351
20 9 352
20 9 353
20 9 354
20 9 355
20 9 356
20 9 357
20 9 358
20 9 359
20 9 360
20 9 361
20 9 362
20 9 363
20 9 364
20 9 365
20 9 366
20 9 367
20 9 368
20 9 369
20 9 370
20 9 371
20 9 372
20 9 373
20 9 374
20 9 375
20 9 376
20 9 377
20 9 378
20 9 379
20 9 380
20 9 381
20 9 382
20 9 383
20 9 384
20 9 385
20 9 386
20 9 387
20 9 388
20 9 389
20 9 390
20 9 391
20 9 392
20 9 393
20 9 394
20 9 395
20 9 396
20 9 397
20 9 398
20 9 399
20 9 400
20 9 401
20 9 402
20 9 403
20 9 404
20 9 405
20 9 406
20 9 407
20 9 408
20 9 409
20 9 410
20 9 411
20 9 412
20 9 413
20 9 414
20 9 415
20 9 416
20 9 417
20 9 418
20 9 419
20 9 420
20 9 421
20 9 422
20 9 423
20 9 424
20 9 425
20 9 426
20 9 427
20 9 428
20 9 429
20 9 430
20 9 431
20 9 432
20 9 433
20 9 434
20 9 435
20 9 436
20 9 437
20 9 438
20 9 439
20 9 440
20 9 441
20 9 442
20 9 443
20 9 444
20 9 445
20 9 446
20 9 447
20 9 448
20 9 449
20 9 450
20 9 451
20 9 452
20 9 453
20 9 454
20 9 455
20 9 456
20 9 457
20 9 458
20 9 459
20 9 460
20 9 461
20 9 462
20 9 463
20 9 464
20 9 465
20 9 466
20 9 467
20 9 468
20 9 469
20 9 470
20 9 471
20 9 472
20 9 473
20 9 474
20 9 475
20 9 476
20 9 477
20 9 478
20 9 479
20 9 480
20 9 481
20 9 482
20 9 483
20 9 484
20 9 485
20 9 486
20 9 487
20 9 488
20 9 489
20 9 490
20 9 491
20 9 492
20 9 493
20 9 494
20 9 495
20 9 496
20 9 497
20 9 498
20 9 499
20 9 500
20 9 501
20 9 502
20 9 503
20 9 504
20 9 505
20 9 506
20 9 507
20 9 508
20 9 509
20 9 510
20 9 511
20 9 512
20 9 513
20 9 514
20 9 515
20 9 516
20 9 517
20 9 518
20 9 519
20 9 520
20 9 521
20 9 522
20 9 523
20 9 524
20 9 525
20 9 526
20 9 527
20 9 528
20 9 529
20 9 530
20 9 531
20 9 532
20 9 533
20 9 534
20 9 535
20 9 536
20 9 537
20 9 538
20 9 539
20 9 540
20 9 541
20 9 542
20 9 543
20 9 544
20 9 545
20 9 546
20 9 547
20 9 548
20 9 549
20 9 550
20 9 551
20 9 552
20 9 553
20 9 554
20 9 555
20 9 556
20 9 557
20 9 558
20 9 559
20 9 560
20 9 561
20 9 562
20 9 563
20 9 564
20 9 565
20 9 566
20 9 567
20 9 568
20 9 569
20 9 570
20 9 571
20 9 572
20 9 573
20 9 574
20 9 575
20 9 576
20 9 577
20 9 578
20 9 579
20 9 580
20 9 581
20 9 582
20 9 583
20 9 584
20 9 585
20 9 586
20 9 587
20 9 588
20 9 589
20 9 590
20 9 591
20 9 592
20 9 593
20 9 594
20 9 595
20 9 596
20 9 597
20 9 598
20 9 599
20 9 600
20 9 601
20 9 602
20 9 603
20 9 604
20 9 605
20 9 606
20 9 607
20 9 608
20 9 609
20 9 610
20 9 611
20 9 612
20 9 613
20 9 614
20 9 615
20 9 616
20 9 617
20 9 618
20 9 619
20 9 620
20 9 621
20 9 622
20 9 623
20 9 624
20 9 625
20 9 626
20 9 627
20 9 628
20 9 629
20 9 630
20 9 631
20 9 632
20 9 633
20 9 634
20 9 635
20 9 636
20 9 637
20 9 638
20 9 639
20 9 640
20 9 641
20 9 642
20 9 643
20 9 644
20 9 645
20 9 646
20 9 647
20 9 648
20 9 649
20 9 650
20 9 651
20 9 652
20 9 653
20 9 654
20 9 655
20 9 656
20 9 657
20 9 658
20 9 659
20 9 660
20 9 661
20 9 662
20 9 663
20 9 664
20 9 665
20 9 666
20 9 667
20 9 668
20 9 669
20 9 670
20 9 671
20 9 672
20 9 673
20 9 674
20 9 675
20 9 676
20 9 677
20 9 678
20 9 679
20 9 680
20 9 681
20 9 682
20 9 683
20 9 684
20 9 685
20 9 686
20 9 687
20 9 688
20 9 689
20 9 690
20 9 691
20 9 692
20 9 693
20 9 694
20 9 695
20 9 696
20 9 697
20 9 698
20 9 699
20 9 700
20 9 701
20 9 702
20 9 703
20 9 704
20 9 705
20 9 706
20 9 707
20 9 708
20 9 709
20 9 710
20 9 711
20 9 712
20 9 713
20 9 714
20 9 715
20 9 716
20 9 717
20 9 718
20 9 719
20 9 720
20 9 721
20 9 722
20 9 723
20 9 724
20 9 725
20 9 726
20 9 727
20 9 728
20 9 729
20 9 730
20 9 731
20 9 732
20 9 733
20 9 734
20 9 735
20 9 736
20 9 737
20 9 738
20 9 739
20 9 740
20 9 741
20 9 742
20 9 743
20 9 744
20 9 745
20 9 746
20 9 747
20 9 748
20 9 749
20 9 750
20 9 751
20 9 752
20 9 753
20 9 754
20 9 755
20 9 756
20 9 757
20 9 758
20 9 759
20 9 760
20 9 761
20 9 762
20 9 763
20 9 764
20 9 765
20 9 766
20 9 767
20 9 768
20 9 769
20 9 770
20 9 771
20 9 772
20 9 773
20 9 774
20 9 775
20 9 776
20 9 777
20 9 778
20 9 779
20 9 780
20 9 781
20 9 782
20 9 783
20 9 784
20 9 785
20 9 786
20 9 787
20 9 788
20 9 789
20 9 790
20 9 791
20 9 792
20 9 793
20 9 794
20 9 795
20 9 796
20 9 797
20 9 798
20 9 799
20 9 800
20 9 801
20 9 802
20 9 803
20 9 804
20 9 805
20 9 806
20 9 807
20 9 808
20 9 809
20 9 810
20 9 811
20 9 812
20 9 813
20 9 814
20 9 815
20 9 816
20 9 817
20 9 818
20 9 819
20 9 820
20 9 821
20 9 822
20 9 823
20 9 824
20 9 825
20 9 826
20 9 827
20 9 828
20 9 829
20 9 830
20 9 831
20 9 832
20 9 833
20 9 834
20 9 835
20 9 836
20 9 837
20 9 838
20 9 839
20 9 840
20 9 841
20 9 842
20 9 843
20 9 844
20 9 845
20 9 846
20 9 847
20 9 848
20 9 849
20 9 850
20 9 851
20 9 852
20 9 853
20 9 854
20 9 855
20 9 856
20 9 857
20 9 858
20 9 859
20 9 860
20 9 861
20 9 862
20 9 863
20 9 864
20 9 865
20 9 866
20 9 867
20 9 868
20 9 869
20 9 870
20 9 871
20 9 872
20 9 873
20 9 874
20 9 875
20 9 876
20 9 877
20 9 878
20 9 879
20 9 880
20 9 881
20 9 882
20 9 883
20 9 884
20 9 885
20 9 886
20 9 887
20 9 888
20 9 889
20 9 890
20 9 891
20 9 892
20 9 893
20 9 894
20 9 895
20 9 896
20 9 897
20 9 898
20 9 899
20 9 900
20 9 901
20 9 902
20 9 903
20 9 904
20 9 905
20 9 906
20 9 907
20 9 908
20 9 909
20 9 910
20 9 911
20 9 912
20 9 913
20 9 914
20 9 915
20 9 916
20 9 917
20 9 918
20 9 919
20 9 920
20 9 921
20 9 922
20 9 923
20 9 924
20 9 925
20 9 926
20 9 927
20 9 928
20 9 929
20 9 930
20 9 931
20 9 932
20 9 933
20 9 934
20 9 935
20 9 936
20 9 937
20 9 938
20 9 939
20 9 940
20 9 941
20 9 942
20 9 943
20 9 944
20 9 945
20 9 946
20 9 947
20 9 948
20 9 949
20 9 950
20 9 951
20 9 952
20 9 953
20 9 954
20 9 955
20 9 956
20 9 957
20 9 958
20 9 959
20 9 960
20 9 961
20 9 962
20 9 963
20 9 964
20 9 965
20 9 966
20 9 967
20 9 968
20 9 969
20 9 970
20 9 971
20 9 972
20 9 973
20 9 974
20 9 975
20 9 976
20 9 977
20 9 978
20 9 979
20 9 980
20 9 981
20 9 982
20 9 983
20 9 984
20 9 985
20 9 986
20 9 987
20 9 988
20 9 989
20 9 990
20 9 991
20 9 992
20 9 993
20 9 994
20 9 995
20 9 996
20 9 997
20 9 998
20 9 999
20 9 1000
20 9 1001
20 9 1002
20 9 1003
20 9 1004
20 9 1005
20 9 1006
20 9 1007
20 9 1008
20 9 1009
20 9 1010
20 9 1011
20 9 1012
20 9 1013
20 9 1014
20 9 1015
20 9 1016
20 9 1017
20 9 1018
20 9 1019
20 9 1020
20 9 1021
20 9 1022
20 9 1023
20 9 1024
20 9 1025
20 9 1026
20 9 1027
20 9 1028
20 9 1029
20 9 1030
20 9 1031
20 9 1032
20 9 1033
20 9 1034
20 9 1035
20 9 1036
20 9 1037
20 9 1038
20 9 1039
20 9 1040
20 9 1041
20 9 1042
20 9 1043
20 9 1044
20 9 1045
20 9 1046
20 9 1047
20 9 1048
20 9 1049
20 9 1050
20 9 1051
20 9 1052
20 9 1053
20 9 1054
20 9 1055
20 9 1056
20 9 1057
20 9 1058
20 9 1059
20 9 1060
20 9 1061
20 9 1062
20 9 1063
20 9 1064
20 9 1065
20 9 1066
20 9 1067
20 9 1068
20 9 1069
20 9 1070
20 9 1071
20 9 1072
20 9 1073
20 9 1074
20 9 1075
20 9 1076
20 9 1077
20 9 1078
20 9 1079
20 9 1080
20 9 1081
20 9 1082
20 9 1083
20 9 1084
20 9 1085
20 9 1086
20 9 1087
20 9 1088
20 9 1089
20 9 1090
20 9 1091
20 9 1092
20 9 1093
20 9 1094
20 9 1095
20 9 1096
20 9 1097
20 9 1098
20 9 1099
20 9 1100
20 9 1101
20 9 1102
20 9 1103
20 9 1104
20 9 1105
20 9 1106
20 9 1107
20 9 1108
20 9 1109
20 9 1110
20 9 1111
20 9 1112
20 9 1113
20 9 1114
20 9 1115
20 9 1116
20 9 1117
20 9 1118
20 9 1119
20 9 1120
20 9 1121
20 9 1122
20 9 1123
20 9 1124
20 9 1125
20 9 1126
20 9 1127
20 9 1128
20 9 1129
20 9 1130
20 9 1131
20 9 1132
20 9 1133
20 9 1134
20 9 1135
20 9 1136
20 9 1137
20 9 1138
20 9 1139
20 9 1140
20 9 1141
20 9 1142
20 9 1143
20 9 1144
20 9 1145
20 9 1146
20 9 1147
20 9 1148
20 9 1149
20 9 1150
20 9 1151
20 9 1152
20 9 1153
20 9 1154
20 9 1155
20 9 1156
20 9 1157
20 9 1158
20 9 1159
20 9 1160
20 9 1161
20 9 1162
20 9 1163
20 9 1164
20 9 1165
20 9 1166
20 9 1167
20 9 1168
20 9 1169
20 9 1170
20 9 1171
20 9 1172
20 9 1173
20 9 1174
20 9 1175
20 9 1176
20 9 1177
20 9 1178
20 9 1179
20 9 1180
20 9 1181
20 9 1182
20 9 1183
20 9 1184
20 9 1185
20 9 1186
20 9 1187
20 9 1188
20 9 1189
20 9 1190
20 9 1191
20 9 1192
20 9 1193
20 9 1194
20 9 1195
20 9 1196
20 9 1197
20 9 1198
20 9 1199
20 9 1200
20 9 1201
20 9 1202
20 9 1203
20 9 1204
20 9 1205
20 9 1206
20 9 1207
20 9 1208
20 9 1209
20 9 1210
20 9 1211
20 9 1212
20 9 1213
20 9 1214
20 9 1215
20 9 1216
20 9 1217
20 9 1218
20 9 1219
20 9 1220
20 9 1221
20 9 1222
20 9 1223
20 9 1224
20 9 1225
20 9 1226
20 9 1227
20 9 1228
20 9 1229
20 9 1230
20 9 1231
20 9 1232
20 9 1233
20 9 1234
20 9 1235
20 9 1236
20 9 1237
20 9 1238
20 9 1239
20 9 1240
20 9 1241
20 9 1242
20 9 1243
20 9 1244
20 9 1245
20 9 1246
20 9 1247
20 9 1248
20 9 1249
20 9 1250
20 9 1251
20 9 1252
20 9 1253
20 9 1254
20 9 1255
20 9 1256
20 9 1257
20 9 1258
20 9 1259
20 9 1260
20 9 1261
20 9 1262
20 9 1263
20 9 1264
20 9 1265
20 9 1266
20 9 1267
20 9 1268
20 9 1269
20 9 1270
20 9 1271
20 9 1272
20 9 1273
20 9 1274
20 9 1275
20 9 1276
20 9 1277
20 9 1278
20 9 1279
20 9 1280
20 9 1281
20 9 1282
20 9 1283
20 9 1284
20 9 1285
20 9 1286
20 9 1287
20 9 1288
20 9 1289
20 9 1290
20 9 1291
20 9 1292
20 9 1293
20 9 1294
20 9 1295
20 9 1296
20 9 1297
20 9 1298
20 9 1299
20 9 1300
20 9 1301
20 9 1302
20 9 1303
20 9 1304
20 9 1305
20 9 1306
20 9 1307
20 9 1308
20 9 1309
20 9 1310
20 9 1311
20 9 1312
20 9 1313
20 9 1314
20 9 1315
20 9 1316
20 9 1317
20 9 1318
20 9 1319
20 9 1320
20 9 1321
20 9 1322
20 9 1323
20 9 1324
20 9 1325
20 9 1326
20 9 1327
20 9 1328
20 9 1329
20 9 1330
20 9 1331
20 9 1332
20 9 1333
20 9 1334
20 9 1335
20 9 1336
20 9 1337
20 9 1338
20 9 1339
20 9 1340
20 9 1341
20 9 1342
20 9 1343
20 9 1344
20 9 1345
20 9 1346
20 9 1347
20 9 1348
20 9 1349
20 9 1350
20 9 1351
20 9 1352
20 9 1353
20 9 1354
20 9 1355
20 9 1356
20 9 1357
20 9 1358
20 9 1359
20 9 1360
20 9 1361
20 9 1362
20 9 1363
20 9 1364
20 9 1365
20 9 1366
20 9 1367
20 9 1368
20 9 1369
20 9 1370
20 9 1371
20 9 1372
20 9 1373
20 9 1374
20 9 1375
20 9 1376
20 9 1377
20 9 1378
20 9 1379
20 9 1380
20 9 1381
20 9 1382
20 9 1383
20 9 1384
20 9 1385
20 9 1386
20 9 1387
20 9 1388
20 9 1389
20 9 1390
20 9 1391
20 9 1392
20 9 1393
20 9 1394
20 9 1395
20 9 1396
20 9 1397
20 9 1398
20 9 1399
20 9 1400
20 9 1401
20 9 1402
20 9 1403
20 9 1404
20 9 1405
20 9 1406
20 9 1407
20 9 1408
20 9 1409
20 9 1410
20 9 1411
20 9 1412
20 9 1413
20 9 1414
20 9 1415
20 9 1416
20 9 1417
20 9 1418
20 9 1419
20 9 1420
20 9 1421
20 9 1422
20 9 1423
20 9 1424
20 9 1425
20 9 1426
20 9 1427
20 9 1428
20 9 1429
20 9 1430
20 9 1431
20 9 1432
20 9 1433
20 9 1434
20 9 1435
20 9 1436
20 9 1437
20 9 1438
20 9 1439
20 9 1440
20 9 1441
20 9 1442
20 9 1443
20 9 1444
20 9 1445
20 9 1446
20 9 1447
20 9 1448
20 9 1449
20 9 1450
20 9 1451
20 9 1452
20 9 1453
20 9 1454
20 9 1455
20 9 1456
20 9 1457
20 9 1458
20 9 1459
20 9 1460
20 9 1461
20 9 1462
20 9 1463
20 9 1464
20 9 1465
20 9 1466
20 9 1467
20 9 1468
20 9 1469
20 9 1470
20 9 1471
20 9 1472
20 9 1473
20 9 1474
20 9 1475
20 9 1476
20 9 1477
20 9 1478
20 9 1479
20 9 1480
20 9 1481
20 9 1482
20 9 1483
20 9 1484
20 9 1485
20 9 1486
20 9 1487
20 9 1488
20 9 1489
20 9 1490
20 9 1491
20 9 1492
20 9 1493
20 9 1494
20 9 1495
20 9 1496
20 9 1497
20 9 1498
20 9 1499
20 9 1500
20 9 1501
20 9 1502
20 9 1503
20 9 1504
20 9 1505
20 9 1506
20 9 1507
20 9 1508
20 9 1509
20 9 1510
20 9 1511
20 9 1512
20 9 1513
20 9 1514
20 9 1515
20 9 1516
20 9 1517
20 9 1518
20 9 1519
20 9 1520
20 9 1521
20 9 1522
20 9 1523
20 9 1524
20 9 1525
20 9 1526
20 9 1527
20 9 1528
20 9 1529
20 9 1530
20 9 1531
20 9 1532
20 9 1533
20 9 1534
20 9 1535
20 9 1536
20 9 1537
20 9 1538
20 9 1539
20 9 1540
20 9 1541
20 9 1542
20 9 1543
20 9 1544
20 9 1545
20 9 1546
20 9 1547
20 9 1548
20 9 1549
20 9 1550
20 9 1551
20 9 1552
20 9 1553
20 9 1554
20 9 1555
20 9 1556
20 9 1557
20 9 1558
20 9 1559
20 9 1560
20 9 1561
20 9 1562
20 9 1563
20 9 1564
20 9 1565
20 9 1566
20 9 1567
20 9 1568
20 9 1569
20 9 1570
20 9 1571
20 9 1572
20 9 1573
20 9 1574
20 9 1575
20 9 1576
20 9 1577
20 9 1578
20 9 1579
20 9 1580
20 9 1581
20 9 1582
20 9 1583
20 9 1584
20 9 1585
20 9 1586
20 9 1587
20 9 1588
20 9 1589
20 9 1590
20 9 1591
20 9 1592
20 9 1593
20 9 1594
20 9 1595
20 9 1596
20 9 1597
20 9 1598
20 9 1599
20 9 1600
20 9 1601
20 9 1602
20 9 1603
20 9 1604
20 9 1605
20 9 1606
20 9 1607
20 9 1608
20 9 1609
20 9 1610
20 9 1611
20 9 1612
20 9 1613
20 9 1614
20 9 1615
20 9 1616
20 9 1617
20 9 1618
20 9 1619
20 9 1620
20 9 1621
20 9 1622
20 9 1623
20 9 1624
20 9 1625
20 9 1626
20 9 1627
20 9 1628
20 9 1629
20 9 1630
20 9 1631
20 9 1632
20 9 1633
20 9 1634
20 9 1635
20 9 1636
20 9 1637
20 9 1638
20 9 1639
20 9 1640
20 9 1641
20 9 1642
20 9 1643
20 9 1644
20 9 1645
20 9 1646
20 9 1647
20 9 1648
20 9 1649
20 9 1650
20 9 1651
20 9 1652
20 9 1653
20 9 1654
20 9 1655
20 9 1656
20 9 1657
20 9 1658
20 9 1659
20 9 1660
20 9 1661
20 9 1662
20 9 1663
20 9 1664
20 9 1665
20 9 1666
20 9 1667
20 9 1668
20 9 1669
20 9 1670
20 9 1671
20 9 1672
20 9 1673
20 9 1674
20 9 1675
20 9 1676
20 9 1677
20 9 1678
20 9 1679
20 9 1680
20 9 1681
20 9 1682
20 9 1683
20 9 1684
20 9 1685
20 9 1686
20 9 1687
20 9 1688
20 9 1689
20 9 1690
20 9 1691
20 9 1692
20 9 1693
20 9 1694
20 9 1695
20 9 1696
20 9 1697
20 9 1698
20 9 1699
20 9 1700
20 9 1701
20 9 1702
20 9 1703
20 9 1704
20 9 1705
20 9 1706
20 9 1707
20 9 1708
20 9 1709
20 9 1710
20 9 1711
20 9 1712
20 9 1713
20 9 1714
20 9 1715
20 9 1716
20 9 1717
20 9 1718
20 9 1719
20 9 1720
20 9 1721
20 9 1722
20 9 1723
20 9 1724
20 9 1725
20 9 1726
20 9 1727
20 9 1728
20 9 1729
20 9 1730
20 9 1731
20 9 1732
20 9 1733
20 9 1734
20 9 1735
20 9 1736
20 9 1737
20 9 1738
20 9 1739
20 9 1740
20 9 1741
20 9 1742
20 9 1743
20 9 1744
20 9 1745
20 9 1746
20 9 1747
20 9 1748
20 9 1749
20 9 1750
20 9 1751
20 9 1752
20 9 1753
20 9 1754
20 9 1755
20 9 1756
20 9 1757
20 9 1758
20 9 1759
20 9 1760
20 9 1761
20 9 1762
20 9 1763
20 9 1764
20 9 1765
20 9 1766
20 9 1767
20 9 1768
20 9 1769
20 9 1770
20 9 1771
20 9 1772
20 9 1773
20 9 1774
20 9 1775
20 9 1776
20 9 1777
20 9 1778
20 9 1779
20 9 1780
20 9 1781
20 9 1782
20 9 1783
20 9 1784
20 9 1785
20 9 1786
20 9 1787
20 9 1788
20 9 1789
20 9 1790
20 9 1791
20 9 1792
20 9 1793
20 9 1794
20 9 1795
20 9 1796
20 9 1797
20 9 1798
20 9 1799
20 9 1800
20 9 1801
20 9 1802
20 9 1803
20 9 1804
20 9 1805
20 9 1806
20 9 1807
20 9 1808
20 9 1809
20 9 1810
20 9 1811
20 9 1812
20 9 1813
20 9 1814
20 9 1815
20 9 1816
20 9 1817
20 9 1818
20 9 1819
20 9 1820
20 9 1821
20 9 1822
20 9 1823
20 9 1824
20 9 1825
20 9 1826
20 9 1827
20 9 1828
20 9 1829
20 9 1830
20 9 1831
20 9 1832
20 9 1833
20 9 1834
20 9 1835
20 9 1836
20 9 1837
20 9 1838
20 9 1839
20 9 1840
20 9 1841
20 9 1842
20 9 1843
20 9 1844
20 9 1845
20 9 1846
20 9 1847
20 9 1848
20 9 1849
20 9 1850
20 9 1851
20 9 1852
20 9 1853
20 9 1854
20 9 1855
20 9 1856
20 9 1857
20 9 1858
20 9 1859
20 9 1860
20 9 1861
20 9 1862
20 9 1863
20 9 1864
20 9 1865
20 9 1866
20 9 1867
20 9 1868
20 9 1869
20 9 1870
20 9 1871
20 9 1872
20 9 1873
20 9 1874
20 9 1875
20 9 1876
20 9 1877
20 9 1878
20 9 1879
20 9 1880
20 9 1881
20 9 1882
20 9 1883
20 9 1884
20 9 1885
20 9 1886
20 9 1887
20 9 1888
20 9 1889
20 9 1890
20 9 1891
20 9 1892
20 9 1893
20 9 1894
20 9 1895
20 9 1896
20 9 1897
20 9 1898
20 9 1899
20 9 1900
20 9 1901
20 9 1902
20 9 1903
20 9 1904
20 9 1905
20 9 1906
20 9 1907
20 9 1908
20 9 1909
20 9 1910
20 9 1911
20 9 1912
20 9 1913
20 9 1914
20 9 1915
20 9 1916
20 9 1917
20 9 1918
20 9 1919
20 9 1920
20 9 1921
20 9 1922
20 9 1923
20 9 1924
20 9 1925
20 9 1926
20 9 1927
20 9 1928
20 9 1929
20 9 1930
20 9 1931
20 9 1932
20 9 1933
20 9 1934
20 9 1935
20 9 1936
20 9 1937
20 9 1938
20 9 1939
20 9 1940
20 9 1941
20 9 1942
20 9 1943
20 9 1944
20 9 1945
20 9 1946
20 9 1947
20 9 1948
20 9 1949
20 9 1950
20 9 1951
20 9 1952
20 9 1953
20 9 1954
20 9 1955
20 9 1956
20 9 1957
20 9 1958
20 9 1959
20 9 1960
20 9 1961
20 9 1962
20 9 1963
20 9 1964
20 9 1965
20 9 1966
20 9 1967
20 9 1968
20 9 1969
20 9 1970
20 9 1971
20 9 1972
20 9 1973
20 9 1974
20 9 1975
20 9 1976
20 9 1977
20 9 1978
20 9 1979
20 9 1980
20 9 1981
20 9 1982
20 9 1983
20 9 1984
20 9 1985
20 9 1986
20 9 1987
20 9 1988
20 9 1989
20 9 1990
20 9 1991
20 9 1992
20 9 1993
20 9 1994
20 9 1995
20 9 1996
20 9 1997
20 9 1998
20 9 1999
20 9 2000
20 9 2001
20 9 2002
20 9 2003
20 9 2004
20 9 2005
20 9 2006
20 9 2007
20 9 2008
20 9 2009
20 9 2010
20 9 2011
20 9 2012
20 9 2013
20 9 2014
20 9 2015
20 9 2016
20 9 2017
20 9 2018
20 9 2019
20 9 2020
20 9 2021
20 9 2022
20 9 2023
20 9 2024
20 9 2025
20 9 2026
20 9 2027
20 9 2028
20 9 2029
20 9 2030
20 9 2031
20 9 2032
20 9 2033
20 9 2034
20 9 2035
20 9 2036
20 9 2037
20 9 2038
20 9 2039
20 9 2040
20 9 2041
20 9 2042
20 9 2043
20 9 2044
20 9 2045
20 9 2046
20 9 2047
20 9 2048
20 9 2049
20 9 2050
20 9 2051
20 9 2052
20 9 2053
20 9 2054
20 9 2055
20 9 2056
20 9 2057
20 9 2058
20 9 2059
20 9 2060
20 9 2061
20 9 2062
20 9 2063
20 9 2064
20 9 2065
20 9 2066
20 9 2067
20 9 2068
20 9 2069
20 9 2070
20 9 2071
20 9 2072
20 9 2073
20 9 2074
20 9 2075
20 9 2076
20 9 2077
20 9 2078
20 9 2079
20 9 2080
20 9 2081
20 9 2082
20 9 2083
20 9 2084
20 9 2085
20 9 2086
20 9 2087
20 9 2088
20 9 2089
20 9 2090
20 9 2091
20 9 2092
20 9 2093
20 9 2094
20 9 2095
20 9 2096
20 9 2097
20 9 2098
20 9 2099
20 9 2100
20 9 2101
20 9 2102
20 9 2103
20 9 2104
20 9 2105
20 9 2106
20 9 2107
20 9 2108
20 9 2109
20 9 2110
20 9 2111
20 9 2112
20 9 2113
20 9 2114
20 9 2115
20 9 2116
20 9 2117
20 9 2118
20 9 2119
20 9 2120
20 9 2121
20 9 2122
20 9 2123
20 9 2124
20 9 2125
20 9 2126
20 9 2127
20 9 2128
20 9 2129
20 9 2130
20 9 2131
20 9 2132
20 9 2133
20 9 2134
20 9 2135
20 9 2136
20 9 2137
20 9 2138
20 9 2139
20 9 2140
20 9 2141
20 9 2142
20 9 2143
20 9 2144
20 9 2145
20 9 2146
20 9 2147
20 9 2148
20 9 2149
20 9 2150
20 9 2151
20 9 2152
20 9 2153
20 9 2154
20 9 2155
20 9 2156
20 9 2157
20 9 2158
20 9 2159
20 9 2160
20 9 2161
20 9 2162
20 9 2163
20 9 2164
20 9 2165
20 9 2166
20 9 2167
20 9 2168
20 9 2169
20 9 2170
20 9 2171
20 9 2172
20 9 2173
20 9 2174
20 9 2175
20 9 2176
20 9 2177
20 9 2178
20 9 2179
20 9 2180
20 9 2181
20 9 2182
20 9 2183
20 9 2184
20 9 2185
20 9 2186
20 9 2187
20 9 2188
20 9 2189
20 9 2190
20 9 2191
20 9 2192
20 9 2193
20 9 2194
20 9 2195
20 9 2196
20 9 2197
20 9 2198
20 9 2199
20 9 2200
20 9 2201
20 9 2202
20 9 2203
20 9 2204
20 9 2205
20 9 2206
20 9 2207
20 9 2208
20 9 2209
20 9 2210
20 9 2211
20 9 2212
20 9 2213
20 9 2214
20 9 2215
20 9 2216
20 9 2217
20 9 2218
20 9 2219
20 9 2220
20 9 2221
20 9 2222
20 9 2223
20 9 2224
20 9 2225
20 9 2226
20 9 2227
20 9 2228
20 9 2229
20 9 2230
20 9 2231
20 9 2232
20 9 2233
20 9 2234
20 9 2235
20 9 2236
20 9 2237
20 9 2238
20 9 2239
20 9 2240
20 9 2241
20 9 2242
20 9 2243
20 9 2244
20 9 2245
20 9 2246
20 9 2247
20 9 2248
20 9 2249
20 9 2250
20 9 2251
20 9 2252
20 9 2253
20 9 2254
20 9 2255
20 9 2256
20 9 2257
20 9 2258
20 9 2259
20 9 2260
20 9 2261
20 9 2262
20 9 2263
20 9 2264
20 9 2265
20 9 2266
20 9 2267
20 9 2268
20 9 2269
20 9 2270
20 9 2271
20 9 2272
20 9 2273
20 9 2274
20 9 2275
20 9 2276
20 9 2277
20 9 2278
20 9 2279
20 9 2280
20 9 2281
20 9 2282
20 9 2283
20 9 2284
20 9 2285
20 9 2286
20 9 2287
20 9 2288
20 9 2289
20 9 2290
20 9 2291
20 9 2292
20 9 2293
20 9 2294
20 9 2295
20 9 2296
20 9 2297
20 9 2298
20 9 2299
20 9 2300
20 9 2301
20 9 2302
20 9 2303
20 9 2304
20 9 2305
20 9 2306
20 9 2307
20 9 2308
20 9 2309
20 9 2310
20 9 2311
20 9 2312
20 9 2313
20 9 2314
20 9 2315
20 9 2316
20 9 2317
20 9 2318
20 9 2319
20 9 2320
20 9 2321
20 9 2322
20 9 2323
20 9 2324
20 9 2325
20 9 2326
20 9 2327
20 9 2328
20 9 2329
20 9 2330
20 9 2331
20 9 2332
20 9 2333
20 9 2334
20 9 2335
20 9 2336
20 9 2337
20 9 2338
20 9 2339
20 9 2340
20 9 2341
20 9 2342
20 9 2343
20 9 2344
20 9 2345
20 9 2346
20 9 2347
20 9 2348
20 9 2349
20 9 2350
20 9 2351
20 9 2352
20 9 2353
20 9 2354
20 9 2355
20 9 2356
20 9 2357
20 9 2358
20 9 2359
20 9 2360
20 9 2361
20 9 2362
20 9 2363
20 9 2364
20 9 2365
20 9 2366
20 9 2367
20 9 2368
20 9 2369
20 9 2370
20 9 2371
20 9 2372
20 9 2373
20 9 2374
20 9 2375
20 9 2376
20 9 2377
20 9 2378
20 9 2379
20 9 2380
20 9 2381
20 9 2382
20 9 2383
20 9 2384
20 9 2385
20 9 2386
20 9 2387
20 9 2388
20 9 2389
20 9 2390
20 9 2391
20 9 2392
20 9 2393
20 9 2394
20 9 2395
20 9 2396
20 9 2397
20 9 2398
20 9 2399
20 9 2400
20 9 2401
20 9 2402
20 9 2403
20 9 2404
20 9 2405
20 9 2406
20 9 2407
20 9 2408
20 9 2409
20 9 2410
20 9 2411
20 9 2412
20 9 2413
20 9 2414
20 9 2415
20 9 2416
20 9 2417
20 9 2418
20 9 2419
20 9 2420
20 9 2421
20 9 2422
20 9 2423
20 9 2424
20 9 2425
20 9 2426
20 9 2427
20 9 2428
20 9 2429
20 9 2430
20 9 2431
20 9 2432
20 9 2433
20 9 2434
20 9 2435
20 9 2436
20 9 2437
20 9 2438
20 9 2439
20 9 2440
20 9 2441
20 9 2442
20 9 2443
20 9 2444
20 9 2445
20 9 2446
20 9 2447
20 9 2448
20 9 2449
20 9 2450
20 9 2451
20 9 2452
20 9 2453
20 9 2454
20 9 2455
20 9 2456
20 9 2457
