12 20 1
12 20 2
12 20 3
12 20 4
12 20 5
12 20 6
12 20 7
12 20 8
12 20 9
12 20 10
12 20 11
12 20 12
12 20 13
12 20 14
12 20 15
12 20 16
12 20 17
12 20 18
12 20 19
12 20 20
12 20 21
12 20 22
12 20 23
12 20 24
12 20 25
12 20 26
12 20 27
12 20 28
12 20 29
12 20 30
12 20 31
12 20 32
12 20 33
12 20 34
12 20 35
12 20 36
12 20 37
12 20 38
12 20 39
12 20 40
12 20 41
12 20 42
12 20 43
12 20 44
12 20 45
12 20 46
12 20 47
12 20 48
12 20 49
12 20 50
12 20 51
12 20 52
12 20 53
12 20 54
12 20 55
12 20 56
12 20 57
12 20 58
12 20 59
12 20 60
12 20 61
12 20 62
12 20 63
12 20 64
12 20 65
12 20 66
12 20 67
12 20 68
12 20 69
12 20 70
12 20 71
12 20 72
12 20 73
12 20 74
12 20 75
12 20 76
12 20 77
12 20 78
12 20 79
12 20 80
12 20 81
12 20 82
12 20 83
12 20 84
12 20 85
12 20 86
12 20 87
12 20 88
12 20 89
12 20 90
12 20 91
12 20 92
12 20 93
12 20 94
12 20 95
12 20 96
12 20 97
12 20 98
12 20 99
12 20 100
12 20 101
12 20 102
12 20 103
12 20 104
12 20 105
12 20 106
12 20 107
12 20 108
12 20 109
12 20 110
12 20 111
12 20 112
12 20 113
12 20 114
12 20 115
12 20 116
12 20 117
12 20 118
12 20 119
12 20 120
12 20 121
12 20 122
12 20 123
12 20 124
12 20 125
12 20 126
12 20 127
12 20 128
12 20 129
12 20 130
12 20 131
12 20 132
12 20 133
12 20 134
12 20 135
12 20 136
12 20 137
12 20 138
12 20 139
12 20 140
12 20 141
12 20 142
12 20 143
12 20 144
12 20 145
12 20 146
12 20 147
12 20 148
12 20 149
12 20 150
12 20 151
12 20 152
12 20 153
12 20 154
12 20 155
12 20 156
12 20 157
12 20 158
12 20 159
12 20 160
12 20 161
12 20 162
12 20 163
12 20 164
12 20 165
12 20 166
12 20 167
12 20 168
12 20 169
12 20 170
12 20 171
12 20 172
12 20 173
12 20 174
12 20 175
12 20 176
12 20 177
12 20 178
12 20 179
12 20 180
12 20 181
12 20 182
12 20 183
12 20 184
12 20 185
12 20 186
12 20 187
12 20 188
12 20 189
12 20 190
12 20 191
12 20 192
12 20 193
12 20 194
12 20 195
12 20 196
12 20 197
12 20 198
12 20 199
12 20 200
12 20 201
12 20 202
12 20 203
12 20 204
12 20 205
12 20 206
12 20 207
12 20 208
12 20 209
12 20 210
12 20 211
12 20 212
12 20 213
12 20 214
12 20 215
12 20 216
12 20 217
12 20 218
12 20 219
12 20 220
12 20 221
12 20 222
12 20 223
12 20 224
12 20 225
12 20 226
12 20 227
12 20 228
12 20 229
12 20 230
12 20 231
12 20 232
12 20 233
12 20 234
12 20 235
12 20 236
12 20 237
12 20 238
12 20 239
12 20 240
12 20 241
12 20 242
12 20 243
12 20 244
12 20 245
12 20 246
12 20 247
12 20 248
12 20 249
12 20 250
12 20 251
12 20 252
12 20 253
12 20 254
12 20 255
12 20 256
12 20 257
12 20 258
12 20 259
12 20 260
12 20 261
12 20 262
12 20 263
12 20 264
12 20 265
12 20 266
12 20 267
12 20 268
12 20 269
12 20 270
12 20 271
12 20 272
12 20 273
12 20 274
12 20 275
12 20 276
12 20 277
12 20 278
12 20 279
12 20 280
12 20 281
12 20 282
12 20 283
12 20 284
12 20 285
12 20 286
12 20 287
12 20 288
12 20 289
12 20 290
12 20 291
12 20 292
12 20 293
12 20 294
12 20 295
12 20 296
12 20 297
12 20 298
12 20 299
12 20 300
12 20 301
12 20 302
12 20 303
12 20 304
12 20 305
12 20 306
12 20 307
12 20 308
12 20 309
12 20 310
12 20 311
12 20 312
12 20 313
12 20 314
12 20 315
12 20 316
12 20 317
12 20 318
12 20 319
12 20 320
12 20 321
12 20 322
12 20 323
12 20 324
12 20 325
12 20 326
12 20 327
12 20 328
12 20 329
12 20 330
12 20 331
12 20 332
12 20 333
12 20 334
12 20 335
12 20 336
12 20 337
12 20 338
12 20 339
12 20 340
12 20 341
12 20 342
12 20 343
12 20 344
12 20 345
12 20 346
12 20 347
12 20 348
12 20 349
12 20 350
12 20 351
12 20 352
12 20 353
12 20 354
12 20 355
12 20 356
12 20 357
12 20 358
12 20 359
12 20 360
12 20 361
12 20 362
12 20 363
12 20 364
12 20 365
12 20 366
12 20 367
12 20 368
12 20 369
12 20 370
12 20 371
12 20 372
12 20 373
12 20 374
12 20 375
12 20 376
12 20 377
12 20 378
12 20 379
12 20 380
12 20 381
12 20 382
12 20 383
12 20 384
12 20 385
12 20 386
12 20 387
12 20 388
12 20 389
12 20 390
12 20 391
12 20 392
12 20 393
12 20 394
12 20 395
12 20 396
12 20 397
12 20 398
12 20 399
12 20 400
12 20 401
12 20 402
12 20 403
12 20 404
12 20 405
12 20 406
12 20 407
12 20 408
12 20 409
