20 4 1
20 4 2
20 4 3
20 4 4
20 4 5
20 4 6
20 4 7
20 4 8
20 4 9
20 4 10
20 4 11
20 4 12
20 4 13
20 4 14
20 4 15
20 4 16
20 4 17
20 4 18
20 4 19
20 4 20
20 4 21
20 4 22
20 4 23
20 4 24
20 4 25
20 4 26
20 4 27
20 4 28
20 4 29
20 4 30
20 4 31
20 4 32
20 4 33
20 4 34
20 4 35
20 4 36
20 4 37
20 4 38
20 4 39
20 4 40
20 4 41
20 4 42
20 4 43
20 4 44
20 4 45
20 4 46
20 4 47
20 4 48
20 4 49
20 4 50
20 4 51
20 4 52
20 4 53
20 4 54
20 4 55
20 4 56
20 4 57
20 4 58
20 4 59
20 4 60
20 4 61
20 4 62
20 4 63
20 4 64
20 4 65
20 4 66
20 4 67
20 4 68
20 4 69
20 4 70
20 4 71
20 4 72
20 4 73
20 4 74
20 4 75
20 4 76
20 4 77
20 4 78
20 4 79
20 4 80
20 4 81
20 4 82
20 4 83
20 4 84
20 4 85
20 4 86
20 4 87
20 4 88
20 4 89
20 4 90
20 4 91
20 4 92
20 4 93
20 4 94
20 4 95
20 4 96
20 4 97
20 4 98
20 4 99
20 4 100
20 4 101
20 4 102
20 4 103
20 4 104
20 4 105
20 4 106
20 4 107
20 4 108
20 4 109
20 4 110
20 4 111
20 4 112
20 4 113
20 4 114
20 4 115
20 4 116
20 4 117
20 4 118
20 4 119
20 4 120
20 4 121
20 4 122
20 4 123
20 4 124
20 4 125
20 4 126
20 4 127
20 4 128
20 4 129
20 4 130
20 4 131
20 4 132
20 4 133
20 4 134
20 4 135
20 4 136
20 4 137
20 4 138
20 4 139
20 4 140
20 4 141
20 4 142
20 4 143
20 4 144
20 4 145
20 4 146
20 4 147
20 4 148
20 4 149
20 4 150
20 4 151
20 4 152
20 4 153
20 4 154
20 4 155
20 4 156
20 4 157
20 4 158
20 4 159
20 4 160
20 4 161
20 4 162
20 4 163
20 4 164
20 4 165
20 4 166
20 4 167
20 4 168
20 4 169
20 4 170
20 4 171
20 4 172
20 4 173
20 4 174
20 4 175
20 4 176
20 4 177
20 4 178
20 4 179
20 4 180
20 4 181
20 4 182
20 4 183
20 4 184
20 4 185
20 4 186
20 4 187
20 4 188
20 4 189
20 4 190
20 4 191
20 4 192
20 4 193
20 4 194
20 4 195
20 4 196
20 4 197
20 4 198
20 4 199
20 4 200
20 4 201
20 4 202
20 4 203
20 4 204
20 4 205
20 4 206
20 4 207
20 4 208
20 4 209
20 4 210
20 4 211
20 4 212
20 4 213
20 4 214
20 4 215
20 4 216
20 4 217
20 4 218
20 4 219
20 4 220
20 4 221
20 4 222
20 4 223
20 4 224
20 4 225
20 4 226
20 4 227
20 4 228
20 4 229
20 4 230
20 4 231
20 4 232
20 4 233
20 4 234
20 4 235
20 4 236
20 4 237
20 4 238
20 4 239
20 4 240
20 4 241
20 4 242
20 4 243
20 4 244
20 4 245
20 4 246
20 4 247
20 4 248
20 4 249
20 4 250
20 4 251
20 4 252
20 4 253
20 4 254
20 4 255
20 4 256
20 4 257
20 4 258
20 4 259
20 4 260
20 4 261
20 4 262
20 4 263
20 4 264
20 4 265
20 4 266
20 4 267
20 4 268
20 4 269
20 4 270
20 4 271
20 4 272
20 4 273
20 4 274
20 4 275
20 4 276
20 4 277
20 4 278
20 4 279
20 4 280
20 4 281
20 4 282
20 4 283
20 4 284
20 4 285
20 4 286
20 4 287
20 4 288
20 4 289
20 4 290
20 4 291
20 4 292
20 4 293
20 4 294
20 4 295
20 4 296
20 4 297
20 4 298
20 4 299
20 4 300
20 4 301
20 4 302
20 4 303
20 4 304
20 4 305
20 4 306
20 4 307
20 4 308
20 4 309
20 4 310
20 4 311
20 4 312
20 4 313
20 4 314
20 4 315
20 4 316
20 4 317
20 4 318
20 4 319
20 4 320
20 4 321
20 4 322
20 4 323
20 4 324
20 4 325
20 4 326
20 4 327
20 4 328
20 4 329
20 4 330
20 4 331
20 4 332
20 4 333
20 4 334
20 4 335
20 4 336
20 4 337
20 4 338
20 4 339
20 4 340
20 4 341
20 4 342
20 4 343
20 4 344
20 4 345
20 4 346
20 4 347
20 4 348
20 4 349
20 4 350
20 4 351
20 4 352
20 4 353
20 4 354
20 4 355
20 4 356
20 4 357
20 4 358
20 4 359
20 4 360
20 4 361
20 4 362
20 4 363
20 4 364
20 4 365
20 4 366
20 4 367
20 4 368
20 4 369
20 4 370
20 4 371
20 4 372
20 4 373
20 4 374
20 4 375
20 4 376
20 4 377
20 4 378
20 4 379
20 4 380
20 4 381
20 4 382
20 4 383
20 4 384
20 4 385
20 4 386
20 4 387
20 4 388
20 4 389
20 4 390
20 4 391
20 4 392
20 4 393
20 4 394
20 4 395
20 4 396
20 4 397
20 4 398
20 4 399
20 4 400
20 4 401
20 4 402
20 4 403
20 4 404
20 4 405
20 4 406
20 4 407
20 4 408
20 4 409
20 4 410
20 4 411
20 4 412
20 4 413
20 4 414
20 4 415
20 4 416
20 4 417
20 4 418
20 4 419
20 4 420
20 4 421
20 4 422
20 4 423
20 4 424
20 4 425
20 4 426
20 4 427
20 4 428
20 4 429
20 4 430
20 4 431
20 4 432
20 4 433
20 4 434
20 4 435
20 4 436
20 4 437
20 4 438
20 4 439
20 4 440
20 4 441
20 4 442
20 4 443
20 4 444
20 4 445
20 4 446
20 4 447
20 4 448
20 4 449
20 4 450
20 4 451
20 4 452
20 4 453
20 4 454
20 4 455
20 4 456
20 4 457
20 4 458
20 4 459
20 4 460
20 4 461
20 4 462
20 4 463
20 4 464
20 4 465
20 4 466
20 4 467
20 4 468
20 4 469
20 4 470
20 4 471
20 4 472
20 4 473
20 4 474
20 4 475
20 4 476
20 4 477
20 4 478
20 4 479
20 4 480
20 4 481
20 4 482
20 4 483
20 4 484
20 4 485
20 4 486
20 4 487
20 4 488
20 4 489
20 4 490
20 4 491
20 4 492
20 4 493
20 4 494
20 4 495
20 4 496
20 4 497
20 4 498
20 4 499
20 4 500
20 4 501
20 4 502
20 4 503
20 4 504
20 4 505
20 4 506
20 4 507
20 4 508
20 4 509
20 4 510
20 4 511
20 4 512
20 4 513
20 4 514
20 4 515
20 4 516
20 4 517
20 4 518
20 4 519
20 4 520
20 4 521
20 4 522
20 4 523
20 4 524
20 4 525
20 4 526
20 4 527
20 4 528
20 4 529
20 4 530
20 4 531
20 4 532
20 4 533
20 4 534
20 4 535
20 4 536
20 4 537
20 4 538
20 4 539
20 4 540
20 4 541
20 4 542
20 4 543
20 4 544
20 4 545
20 4 546
20 4 547
20 4 548
20 4 549
20 4 550
20 4 551
20 4 552
20 4 553
20 4 554
20 4 555
20 4 556
20 4 557
20 4 558
20 4 559
20 4 560
20 4 561
20 4 562
20 4 563
20 4 564
20 4 565
20 4 566
20 4 567
20 4 568
20 4 569
20 4 570
20 4 571
20 4 572
20 4 573
20 4 574
20 4 575
20 4 576
20 4 577
20 4 578
20 4 579
20 4 580
20 4 581
20 4 582
20 4 583
20 4 584
20 4 585
20 4 586
20 4 587
20 4 588
20 4 589
20 4 590
20 4 591
20 4 592
20 4 593
20 4 594
20 4 595
20 4 596
20 4 597
20 4 598
20 4 599
20 4 600
20 4 601
20 4 602
20 4 603
20 4 604
20 4 605
20 4 606
20 4 607
20 4 608
20 4 609
20 4 610
20 4 611
20 4 612
20 4 613
20 4 614
20 4 615
20 4 616
20 4 617
20 4 618
20 4 619
20 4 620
20 4 621
20 4 622
20 4 623
20 4 624
20 4 625
20 4 626
20 4 627
20 4 628
20 4 629
20 4 630
20 4 631
20 4 632
20 4 633
20 4 634
20 4 635
20 4 636
20 4 637
20 4 638
20 4 639
20 4 640
20 4 641
20 4 642
20 4 643
20 4 644
20 4 645
20 4 646
20 4 647
20 4 648
20 4 649
20 4 650
20 4 651
20 4 652
20 4 653
20 4 654
20 4 655
20 4 656
20 4 657
20 4 658
20 4 659
20 4 660
20 4 661
20 4 662
20 4 663
20 4 664
20 4 665
20 4 666
20 4 667
20 4 668
20 4 669
20 4 670
20 4 671
20 4 672
20 4 673
20 4 674
20 4 675
20 4 676
20 4 677
20 4 678
20 4 679
20 4 680
20 4 681
20 4 682
20 4 683
20 4 684
20 4 685
20 4 686
20 4 687
20 4 688
20 4 689
20 4 690
20 4 691
20 4 692
20 4 693
20 4 694
20 4 695
20 4 696
20 4 697
20 4 698
20 4 699
20 4 700
20 4 701
20 4 702
20 4 703
20 4 704
20 4 705
20 4 706
20 4 707
20 4 708
20 4 709
20 4 710
20 4 711
20 4 712
20 4 713
20 4 714
20 4 715
20 4 716
20 4 717
20 4 718
20 4 719
20 4 720
20 4 721
20 4 722
20 4 723
20 4 724
20 4 725
20 4 726
20 4 727
20 4 728
20 4 729
20 4 730
20 4 731
20 4 732
20 4 733
20 4 734
20 4 735
20 4 736
20 4 737
20 4 738
20 4 739
20 4 740
20 4 741
20 4 742
20 4 743
20 4 744
20 4 745
20 4 746
20 4 747
20 4 748
20 4 749
20 4 750
20 4 751
20 4 752
20 4 753
20 4 754
20 4 755
20 4 756
20 4 757
20 4 758
20 4 759
20 4 760
20 4 761
20 4 762
20 4 763
20 4 764
20 4 765
20 4 766
20 4 767
20 4 768
20 4 769
20 4 770
20 4 771
20 4 772
20 4 773
20 4 774
20 4 775
20 4 776
20 4 777
20 4 778
20 4 779
20 4 780
20 4 781
20 4 782
20 4 783
20 4 784
20 4 785
20 4 786
20 4 787
20 4 788
20 4 789
20 4 790
20 4 791
20 4 792
20 4 793
20 4 794
20 4 795
20 4 796
20 4 797
20 4 798
20 4 799
20 4 800
20 4 801
20 4 802
20 4 803
20 4 804
20 4 805
20 4 806
20 4 807
20 4 808
20 4 809
20 4 810
20 4 811
20 4 812
20 4 813
20 4 814
20 4 815
20 4 816
20 4 817
20 4 818
20 4 819
20 4 820
20 4 821
20 4 822
20 4 823
20 4 824
20 4 825
20 4 826
20 4 827
20 4 828
20 4 829
20 4 830
20 4 831
20 4 832
20 4 833
20 4 834
20 4 835
20 4 836
20 4 837
20 4 838
20 4 839
20 4 840
20 4 841
20 4 842
20 4 843
20 4 844
20 4 845
20 4 846
20 4 847
20 4 848
20 4 849
20 4 850
20 4 851
20 4 852
20 4 853
20 4 854
20 4 855
20 4 856
20 4 857
20 4 858
20 4 859
20 4 860
20 4 861
20 4 862
20 4 863
20 4 864
20 4 865
20 4 866
20 4 867
20 4 868
20 4 869
20 4 870
20 4 871
20 4 872
20 4 873
20 4 874
20 4 875
20 4 876
20 4 877
20 4 878
20 4 879
20 4 880
20 4 881
20 4 882
20 4 883
20 4 884
20 4 885
20 4 886
20 4 887
20 4 888
20 4 889
20 4 890
20 4 891
20 4 892
20 4 893
20 4 894
20 4 895
20 4 896
20 4 897
20 4 898
20 4 899
20 4 900
20 4 901
20 4 902
20 4 903
20 4 904
20 4 905
20 4 906
20 4 907
20 4 908
20 4 909
20 4 910
20 4 911
20 4 912
20 4 913
20 4 914
20 4 915
20 4 916
20 4 917
20 4 918
20 4 919
20 4 920
20 4 921
20 4 922
20 4 923
20 4 924
20 4 925
20 4 926
20 4 927
20 4 928
20 4 929
20 4 930
20 4 931
20 4 932
20 4 933
20 4 934
20 4 935
20 4 936
20 4 937
20 4 938
20 4 939
20 4 940
20 4 941
20 4 942
20 4 943
20 4 944
20 4 945
20 4 946
20 4 947
20 4 948
20 4 949
20 4 950
20 4 951
20 4 952
20 4 953
20 4 954
20 4 955
20 4 956
20 4 957
20 4 958
20 4 959
20 4 960
20 4 961
20 4 962
20 4 963
20 4 964
20 4 965
20 4 966
20 4 967
20 4 968
20 4 969
20 4 970
20 4 971
20 4 972
20 4 973
20 4 974
20 4 975
20 4 976
20 4 977
20 4 978
20 4 979
20 4 980
20 4 981
20 4 982
20 4 983
20 4 984
20 4 985
20 4 986
20 4 987
20 4 988
20 4 989
20 4 990
20 4 991
20 4 992
20 4 993
20 4 994
20 4 995
20 4 996
20 4 997
20 4 998
20 4 999
20 4 1000
20 4 1001
20 4 1002
20 4 1003
20 4 1004
20 4 1005
20 4 1006
20 4 1007
20 4 1008
20 4 1009
20 4 1010
20 4 1011
20 4 1012
20 4 1013
20 4 1014
20 4 1015
20 4 1016
20 4 1017
20 4 1018
20 4 1019
20 4 1020
20 4 1021
20 4 1022
20 4 1023
20 4 1024
20 4 1025
20 4 1026
20 4 1027
20 4 1028
20 4 1029
20 4 1030
20 4 1031
20 4 1032
20 4 1033
20 4 1034
20 4 1035
20 4 1036
20 4 1037
20 4 1038
20 4 1039
20 4 1040
20 4 1041
20 4 1042
20 4 1043
20 4 1044
20 4 1045
20 4 1046
20 4 1047
20 4 1048
20 4 1049
20 4 1050
20 4 1051
20 4 1052
20 4 1053
20 4 1054
20 4 1055
20 4 1056
20 4 1057
20 4 1058
20 4 1059
20 4 1060
20 4 1061
20 4 1062
20 4 1063
20 4 1064
20 4 1065
20 4 1066
20 4 1067
20 4 1068
20 4 1069
20 4 1070
20 4 1071
20 4 1072
20 4 1073
20 4 1074
20 4 1075
20 4 1076
20 4 1077
20 4 1078
20 4 1079
20 4 1080
20 4 1081
20 4 1082
20 4 1083
20 4 1084
20 4 1085
20 4 1086
20 4 1087
20 4 1088
20 4 1089
20 4 1090
20 4 1091
20 4 1092
20 4 1093
20 4 1094
20 4 1095
20 4 1096
20 4 1097
20 4 1098
20 4 1099
20 4 1100
20 4 1101
20 4 1102
20 4 1103
20 4 1104
20 4 1105
20 4 1106
20 4 1107
20 4 1108
20 4 1109
20 4 1110
20 4 1111
20 4 1112
20 4 1113
20 4 1114
20 4 1115
20 4 1116
20 4 1117
20 4 1118
20 4 1119
20 4 1120
20 4 1121
20 4 1122
20 4 1123
20 4 1124
20 4 1125
20 4 1126
20 4 1127
20 4 1128
20 4 1129
20 4 1130
20 4 1131
20 4 1132
20 4 1133
20 4 1134
20 4 1135
20 4 1136
20 4 1137
20 4 1138
20 4 1139
20 4 1140
20 4 1141
20 4 1142
20 4 1143
20 4 1144
20 4 1145
20 4 1146
20 4 1147
20 4 1148
20 4 1149
20 4 1150
20 4 1151
20 4 1152
20 4 1153
20 4 1154
20 4 1155
20 4 1156
20 4 1157
20 4 1158
20 4 1159
20 4 1160
20 4 1161
20 4 1162
20 4 1163
20 4 1164
20 4 1165
20 4 1166
20 4 1167
20 4 1168
20 4 1169
20 4 1170
20 4 1171
20 4 1172
20 4 1173
20 4 1174
20 4 1175
20 4 1176
20 4 1177
20 4 1178
20 4 1179
20 4 1180
20 4 1181
20 4 1182
20 4 1183
20 4 1184
20 4 1185
20 4 1186
20 4 1187
20 4 1188
20 4 1189
20 4 1190
20 4 1191
20 4 1192
20 4 1193
20 4 1194
20 4 1195
20 4 1196
20 4 1197
20 4 1198
20 4 1199
20 4 1200
20 4 1201
20 4 1202
20 4 1203
20 4 1204
20 4 1205
20 4 1206
20 4 1207
20 4 1208
20 4 1209
20 4 1210
20 4 1211
20 4 1212
20 4 1213
20 4 1214
20 4 1215
20 4 1216
20 4 1217
20 4 1218
20 4 1219
20 4 1220
20 4 1221
20 4 1222
20 4 1223
20 4 1224
20 4 1225
20 4 1226
20 4 1227
20 4 1228
20 4 1229
20 4 1230
20 4 1231
20 4 1232
20 4 1233
20 4 1234
20 4 1235
20 4 1236
20 4 1237
20 4 1238
20 4 1239
20 4 1240
20 4 1241
20 4 1242
20 4 1243
20 4 1244
20 4 1245
20 4 1246
20 4 1247
20 4 1248
20 4 1249
20 4 1250
20 4 1251
20 4 1252
20 4 1253
20 4 1254
20 4 1255
20 4 1256
20 4 1257
20 4 1258
20 4 1259
20 4 1260
20 4 1261
20 4 1262
20 4 1263
20 4 1264
20 4 1265
20 4 1266
20 4 1267
20 4 1268
20 4 1269
20 4 1270
20 4 1271
20 4 1272
20 4 1273
20 4 1274
20 4 1275
20 4 1276
20 4 1277
20 4 1278
20 4 1279
20 4 1280
20 4 1281
20 4 1282
20 4 1283
20 4 1284
20 4 1285
20 4 1286
20 4 1287
20 4 1288
20 4 1289
20 4 1290
20 4 1291
20 4 1292
20 4 1293
20 4 1294
20 4 1295
20 4 1296
20 4 1297
20 4 1298
20 4 1299
20 4 1300
20 4 1301
20 4 1302
20 4 1303
20 4 1304
20 4 1305
20 4 1306
20 4 1307
20 4 1308
20 4 1309
20 4 1310
20 4 1311
20 4 1312
20 4 1313
20 4 1314
20 4 1315
20 4 1316
20 4 1317
20 4 1318
20 4 1319
20 4 1320
20 4 1321
20 4 1322
20 4 1323
20 4 1324
20 4 1325
20 4 1326
20 4 1327
20 4 1328
20 4 1329
20 4 1330
20 4 1331
20 4 1332
20 4 1333
20 4 1334
20 4 1335
20 4 1336
20 4 1337
20 4 1338
20 4 1339
20 4 1340
20 4 1341
20 4 1342
20 4 1343
20 4 1344
20 4 1345
20 4 1346
20 4 1347
20 4 1348
20 4 1349
20 4 1350
20 4 1351
20 4 1352
20 4 1353
20 4 1354
20 4 1355
20 4 1356
20 4 1357
20 4 1358
20 4 1359
20 4 1360
20 4 1361
20 4 1362
20 4 1363
20 4 1364
20 4 1365
20 4 1366
20 4 1367
20 4 1368
20 4 1369
20 4 1370
20 4 1371
20 4 1372
20 4 1373
20 4 1374
20 4 1375
20 4 1376
20 4 1377
20 4 1378
20 4 1379
20 4 1380
20 4 1381
20 4 1382
20 4 1383
20 4 1384
20 4 1385
20 4 1386
20 4 1387
20 4 1388
20 4 1389
20 4 1390
20 4 1391
20 4 1392
20 4 1393
20 4 1394
20 4 1395
20 4 1396
20 4 1397
20 4 1398
20 4 1399
20 4 1400
20 4 1401
20 4 1402
20 4 1403
20 4 1404
20 4 1405
20 4 1406
20 4 1407
20 4 1408
20 4 1409
20 4 1410
20 4 1411
20 4 1412
20 4 1413
20 4 1414
20 4 1415
20 4 1416
20 4 1417
20 4 1418
20 4 1419
20 4 1420
20 4 1421
20 4 1422
20 4 1423
20 4 1424
20 4 1425
20 4 1426
20 4 1427
20 4 1428
20 4 1429
20 4 1430
20 4 1431
20 4 1432
20 4 1433
20 4 1434
20 4 1435
20 4 1436
20 4 1437
20 4 1438
20 4 1439
20 4 1440
20 4 1441
20 4 1442
20 4 1443
20 4 1444
20 4 1445
20 4 1446
20 4 1447
20 4 1448
20 4 1449
20 4 1450
20 4 1451
20 4 1452
20 4 1453
20 4 1454
20 4 1455
20 4 1456
20 4 1457
20 4 1458
20 4 1459
20 4 1460
20 4 1461
20 4 1462
20 4 1463
20 4 1464
20 4 1465
20 4 1466
20 4 1467
20 4 1468
20 4 1469
20 4 1470
20 4 1471
20 4 1472
20 4 1473
20 4 1474
20 4 1475
20 4 1476
20 4 1477
20 4 1478
20 4 1479
20 4 1480
20 4 1481
20 4 1482
20 4 1483
20 4 1484
20 4 1485
20 4 1486
20 4 1487
20 4 1488
20 4 1489
20 4 1490
20 4 1491
20 4 1492
20 4 1493
20 4 1494
20 4 1495
20 4 1496
20 4 1497
20 4 1498
20 4 1499
20 4 1500
20 4 1501
20 4 1502
20 4 1503
20 4 1504
20 4 1505
20 4 1506
20 4 1507
20 4 1508
20 4 1509
20 4 1510
20 4 1511
20 4 1512
20 4 1513
20 4 1514
20 4 1515
20 4 1516
20 4 1517
20 4 1518
20 4 1519
20 4 1520
20 4 1521
20 4 1522
20 4 1523
20 4 1524
20 4 1525
20 4 1526
20 4 1527
20 4 1528
20 4 1529
20 4 1530
20 4 1531
20 4 1532
20 4 1533
20 4 1534
20 4 1535
20 4 1536
20 4 1537
20 4 1538
20 4 1539
20 4 1540
20 4 1541
20 4 1542
20 4 1543
20 4 1544
20 4 1545
20 4 1546
20 4 1547
20 4 1548
20 4 1549
20 4 1550
20 4 1551
20 4 1552
20 4 1553
20 4 1554
20 4 1555
20 4 1556
20 4 1557
20 4 1558
20 4 1559
20 4 1560
20 4 1561
20 4 1562
20 4 1563
20 4 1564
20 4 1565
20 4 1566
20 4 1567
20 4 1568
20 4 1569
20 4 1570
20 4 1571
20 4 1572
20 4 1573
20 4 1574
20 4 1575
20 4 1576
20 4 1577
20 4 1578
20 4 1579
20 4 1580
20 4 1581
20 4 1582
20 4 1583
20 4 1584
20 4 1585
20 4 1586
20 4 1587
20 4 1588
20 4 1589
20 4 1590
20 4 1591
20 4 1592
20 4 1593
20 4 1594
20 4 1595
20 4 1596
20 4 1597
20 4 1598
20 4 1599
20 4 1600
20 4 1601
20 4 1602
20 4 1603
20 4 1604
20 4 1605
20 4 1606
20 4 1607
20 4 1608
20 4 1609
20 4 1610
20 4 1611
20 4 1612
20 4 1613
20 4 1614
20 4 1615
20 4 1616
20 4 1617
20 4 1618
20 4 1619
20 4 1620
20 4 1621
20 4 1622
20 4 1623
20 4 1624
20 4 1625
20 4 1626
20 4 1627
20 4 1628
20 4 1629
20 4 1630
20 4 1631
20 4 1632
20 4 1633
20 4 1634
20 4 1635
20 4 1636
20 4 1637
20 4 1638
20 4 1639
20 4 1640
20 4 1641
20 4 1642
20 4 1643
20 4 1644
20 4 1645
20 4 1646
20 4 1647
20 4 1648
20 4 1649
20 4 1650
20 4 1651
20 4 1652
20 4 1653
20 4 1654
20 4 1655
20 4 1656
20 4 1657
20 4 1658
20 4 1659
20 4 1660
20 4 1661
20 4 1662
20 4 1663
20 4 1664
20 4 1665
20 4 1666
20 4 1667
20 4 1668
20 4 1669
20 4 1670
20 4 1671
20 4 1672
20 4 1673
20 4 1674
20 4 1675
20 4 1676
20 4 1677
20 4 1678
20 4 1679
20 4 1680
20 4 1681
20 4 1682
20 4 1683
20 4 1684
20 4 1685
20 4 1686
20 4 1687
20 4 1688
20 4 1689
20 4 1690
20 4 1691
20 4 1692
20 4 1693
20 4 1694
20 4 1695
20 4 1696
20 4 1697
20 4 1698
20 4 1699
20 4 1700
20 4 1701
20 4 1702
20 4 1703
20 4 1704
20 4 1705
20 4 1706
20 4 1707
20 4 1708
20 4 1709
20 4 1710
20 4 1711
20 4 1712
20 4 1713
20 4 1714
20 4 1715
20 4 1716
20 4 1717
20 4 1718
20 4 1719
20 4 1720
20 4 1721
20 4 1722
20 4 1723
20 4 1724
20 4 1725
20 4 1726
20 4 1727
20 4 1728
20 4 1729
20 4 1730
20 4 1731
20 4 1732
20 4 1733
20 4 1734
20 4 1735
20 4 1736
20 4 1737
20 4 1738
20 4 1739
20 4 1740
20 4 1741
20 4 1742
20 4 1743
20 4 1744
20 4 1745
20 4 1746
20 4 1747
20 4 1748
20 4 1749
20 4 1750
20 4 1751
20 4 1752
20 4 1753
20 4 1754
20 4 1755
20 4 1756
20 4 1757
20 4 1758
20 4 1759
20 4 1760
20 4 1761
20 4 1762
20 4 1763
20 4 1764
20 4 1765
20 4 1766
20 4 1767
20 4 1768
20 4 1769
20 4 1770
20 4 1771
20 4 1772
20 4 1773
20 4 1774
20 4 1775
20 4 1776
20 4 1777
20 4 1778
20 4 1779
20 4 1780
20 4 1781
20 4 1782
20 4 1783
20 4 1784
20 4 1785
20 4 1786
20 4 1787
20 4 1788
20 4 1789
20 4 1790
20 4 1791
20 4 1792
20 4 1793
20 4 1794
20 4 1795
20 4 1796
20 4 1797
20 4 1798
20 4 1799
20 4 1800
20 4 1801
20 4 1802
20 4 1803
20 4 1804
20 4 1805
20 4 1806
20 4 1807
20 4 1808
20 4 1809
20 4 1810
20 4 1811
20 4 1812
20 4 1813
20 4 1814
20 4 1815
20 4 1816
20 4 1817
20 4 1818
20 4 1819
20 4 1820
20 4 1821
20 4 1822
20 4 1823
20 4 1824
20 4 1825
20 4 1826
20 4 1827
20 4 1828
20 4 1829
20 4 1830
20 4 1831
20 4 1832
20 4 1833
20 4 1834
20 4 1835
20 4 1836
20 4 1837
20 4 1838
20 4 1839
20 4 1840
20 4 1841
20 4 1842
20 4 1843
20 4 1844
20 4 1845
20 4 1846
20 4 1847
20 4 1848
20 4 1849
20 4 1850
20 4 1851
20 4 1852
20 4 1853
20 4 1854
20 4 1855
20 4 1856
20 4 1857
20 4 1858
20 4 1859
20 4 1860
20 4 1861
20 4 1862
20 4 1863
20 4 1864
20 4 1865
20 4 1866
20 4 1867
20 4 1868
20 4 1869
20 4 1870
20 4 1871
20 4 1872
20 4 1873
20 4 1874
20 4 1875
20 4 1876
20 4 1877
20 4 1878
20 4 1879
20 4 1880
20 4 1881
20 4 1882
20 4 1883
20 4 1884
20 4 1885
20 4 1886
20 4 1887
20 4 1888
20 4 1889
20 4 1890
20 4 1891
20 4 1892
20 4 1893
20 4 1894
20 4 1895
20 4 1896
20 4 1897
20 4 1898
20 4 1899
20 4 1900
20 4 1901
20 4 1902
20 4 1903
20 4 1904
20 4 1905
20 4 1906
20 4 1907
20 4 1908
20 4 1909
20 4 1910
20 4 1911
20 4 1912
20 4 1913
20 4 1914
20 4 1915
20 4 1916
20 4 1917
20 4 1918
20 4 1919
20 4 1920
20 4 1921
20 4 1922
20 4 1923
20 4 1924
20 4 1925
20 4 1926
20 4 1927
20 4 1928
20 4 1929
20 4 1930
20 4 1931
20 4 1932
20 4 1933
20 4 1934
20 4 1935
20 4 1936
20 4 1937
20 4 1938
20 4 1939
20 4 1940
20 4 1941
20 4 1942
20 4 1943
20 4 1944
20 4 1945
20 4 1946
20 4 1947
20 4 1948
20 4 1949
20 4 1950
20 4 1951
20 4 1952
20 4 1953
20 4 1954
20 4 1955
20 4 1956
20 4 1957
20 4 1958
20 4 1959
20 4 1960
20 4 1961
20 4 1962
20 4 1963
20 4 1964
20 4 1965
20 4 1966
20 4 1967
20 4 1968
20 4 1969
20 4 1970
20 4 1971
20 4 1972
20 4 1973
20 4 1974
20 4 1975
20 4 1976
20 4 1977
20 4 1978
20 4 1979
20 4 1980
20 4 1981
20 4 1982
20 4 1983
20 4 1984
20 4 1985
20 4 1986
20 4 1987
20 4 1988
20 4 1989
20 4 1990
20 4 1991
20 4 1992
20 4 1993
20 4 1994
20 4 1995
20 4 1996
20 4 1997
20 4 1998
20 4 1999
20 4 2000
20 4 2001
20 4 2002
20 4 2003
20 4 2004
20 4 2005
20 4 2006
20 4 2007
20 4 2008
20 4 2009
20 4 2010
20 4 2011
20 4 2012
20 4 2013
20 4 2014
20 4 2015
20 4 2016
20 4 2017
20 4 2018
20 4 2019
20 4 2020
20 4 2021
20 4 2022
20 4 2023
20 4 2024
20 4 2025
20 4 2026
20 4 2027
20 4 2028
20 4 2029
20 4 2030
20 4 2031
20 4 2032
20 4 2033
20 4 2034
20 4 2035
20 4 2036
20 4 2037
20 4 2038
20 4 2039
20 4 2040
20 4 2041
20 4 2042
20 4 2043
20 4 2044
20 4 2045
20 4 2046
20 4 2047
20 4 2048
20 4 2049
20 4 2050
20 4 2051
20 4 2052
20 4 2053
20 4 2054
20 4 2055
20 4 2056
20 4 2057
20 4 2058
20 4 2059
20 4 2060
20 4 2061
20 4 2062
20 4 2063
20 4 2064
20 4 2065
20 4 2066
20 4 2067
20 4 2068
20 4 2069
20 4 2070
20 4 2071
20 4 2072
20 4 2073
20 4 2074
20 4 2075
20 4 2076
20 4 2077
20 4 2078
20 4 2079
20 4 2080
20 4 2081
20 4 2082
20 4 2083
20 4 2084
20 4 2085
20 4 2086
20 4 2087
20 4 2088
20 4 2089
20 4 2090
20 4 2091
20 4 2092
20 4 2093
20 4 2094
20 4 2095
20 4 2096
20 4 2097
20 4 2098
20 4 2099
20 4 2100
20 4 2101
20 4 2102
20 4 2103
20 4 2104
20 4 2105
20 4 2106
20 4 2107
20 4 2108
20 4 2109
20 4 2110
20 4 2111
20 4 2112
20 4 2113
20 4 2114
20 4 2115
20 4 2116
20 4 2117
20 4 2118
20 4 2119
20 4 2120
20 4 2121
20 4 2122
20 4 2123
20 4 2124
20 4 2125
20 4 2126
20 4 2127
20 4 2128
20 4 2129
20 4 2130
20 4 2131
20 4 2132
20 4 2133
20 4 2134
20 4 2135
20 4 2136
20 4 2137
20 4 2138
20 4 2139
20 4 2140
20 4 2141
20 4 2142
20 4 2143
20 4 2144
20 4 2145
20 4 2146
20 4 2147
20 4 2148
20 4 2149
20 4 2150
20 4 2151
20 4 2152
20 4 2153
20 4 2154
20 4 2155
20 4 2156
20 4 2157
20 4 2158
20 4 2159
20 4 2160
20 4 2161
20 4 2162
20 4 2163
20 4 2164
20 4 2165
20 4 2166
20 4 2167
20 4 2168
20 4 2169
20 4 2170
20 4 2171
20 4 2172
20 4 2173
20 4 2174
20 4 2175
20 4 2176
20 4 2177
20 4 2178
20 4 2179
20 4 2180
20 4 2181
20 4 2182
20 4 2183
20 4 2184
20 4 2185
20 4 2186
20 4 2187
20 4 2188
20 4 2189
20 4 2190
20 4 2191
20 4 2192
20 4 2193
20 4 2194
20 4 2195
20 4 2196
20 4 2197
20 4 2198
20 4 2199
20 4 2200
20 4 2201
20 4 2202
20 4 2203
20 4 2204
20 4 2205
20 4 2206
20 4 2207
20 4 2208
20 4 2209
20 4 2210
20 4 2211
20 4 2212
20 4 2213
20 4 2214
20 4 2215
20 4 2216
20 4 2217
20 4 2218
20 4 2219
20 4 2220
20 4 2221
20 4 2222
20 4 2223
20 4 2224
20 4 2225
20 4 2226
20 4 2227
20 4 2228
20 4 2229
20 4 2230
20 4 2231
20 4 2232
20 4 2233
20 4 2234
20 4 2235
20 4 2236
20 4 2237
20 4 2238
20 4 2239
20 4 2240
20 4 2241
20 4 2242
20 4 2243
20 4 2244
20 4 2245
20 4 2246
20 4 2247
20 4 2248
20 4 2249
20 4 2250
20 4 2251
20 4 2252
20 4 2253
20 4 2254
20 4 2255
20 4 2256
20 4 2257
20 4 2258
20 4 2259
20 4 2260
20 4 2261
20 4 2262
20 4 2263
20 4 2264
20 4 2265
20 4 2266
20 4 2267
20 4 2268
20 4 2269
20 4 2270
20 4 2271
20 4 2272
20 4 2273
20 4 2274
20 4 2275
20 4 2276
20 4 2277
20 4 2278
20 4 2279
20 4 2280
20 4 2281
20 4 2282
20 4 2283
20 4 2284
20 4 2285
20 4 2286
20 4 2287
20 4 2288
20 4 2289
20 4 2290
20 4 2291
20 4 2292
20 4 2293
20 4 2294
20 4 2295
20 4 2296
20 4 2297
20 4 2298
20 4 2299
20 4 2300
20 4 2301
20 4 2302
20 4 2303
20 4 2304
20 4 2305
20 4 2306
20 4 2307
20 4 2308
20 4 2309
20 4 2310
20 4 2311
20 4 2312
20 4 2313
20 4 2314
20 4 2315
20 4 2316
20 4 2317
20 4 2318
20 4 2319
20 4 2320
20 4 2321
20 4 2322
20 4 2323
20 4 2324
20 4 2325
20 4 2326
20 4 2327
20 4 2328
20 4 2329
20 4 2330
20 4 2331
20 4 2332
20 4 2333
20 4 2334
20 4 2335
20 4 2336
20 4 2337
20 4 2338
20 4 2339
20 4 2340
20 4 2341
20 4 2342
20 4 2343
20 4 2344
20 4 2345
20 4 2346
20 4 2347
20 4 2348
20 4 2349
20 4 2350
20 4 2351
20 4 2352
20 4 2353
20 4 2354
20 4 2355
20 4 2356
20 4 2357
20 4 2358
20 4 2359
20 4 2360
20 4 2361
20 4 2362
20 4 2363
20 4 2364
20 4 2365
20 4 2366
20 4 2367
20 4 2368
20 4 2369
20 4 2370
20 4 2371
20 4 2372
20 4 2373
20 4 2374
20 4 2375
20 4 2376
20 4 2377
20 4 2378
20 4 2379
20 4 2380
20 4 2381
20 4 2382
20 4 2383
20 4 2384
20 4 2385
20 4 2386
20 4 2387
20 4 2388
20 4 2389
20 4 2390
20 4 2391
20 4 2392
20 4 2393
20 4 2394
20 4 2395
20 4 2396
20 4 2397
20 4 2398
20 4 2399
20 4 2400
20 4 2401
20 4 2402
20 4 2403
20 4 2404
20 4 2405
20 4 2406
20 4 2407
20 4 2408
20 4 2409
20 4 2410
20 4 2411
20 4 2412
20 4 2413
20 4 2414
20 4 2415
20 4 2416
20 4 2417
20 4 2418
20 4 2419
20 4 2420
20 4 2421
20 4 2422
20 4 2423
20 4 2424
20 4 2425
20 4 2426
20 4 2427
20 4 2428
20 4 2429
20 4 2430
20 4 2431
20 4 2432
20 4 2433
20 4 2434
20 4 2435
20 4 2436
20 4 2437
20 4 2438
20 4 2439
20 4 2440
20 4 2441
20 4 2442
20 4 2443
20 4 2444
20 4 2445
20 4 2446
20 4 2447
20 4 2448
20 4 2449
20 4 2450
20 4 2451
20 4 2452
20 4 2453
20 4 2454
20 4 2455
20 4 2456
20 4 2457
