10 6 1
10 6 2
10 6 3
10 6 4
10 6 5
10 6 6
10 6 7
10 6 8
10 6 9
10 6 10
10 6 11
10 6 12
10 6 13
10 6 14
10 6 15
10 6 16
10 6 17
10 6 18
10 6 19
10 6 20
10 6 21
10 6 22
10 6 23
10 6 24
10 6 25
10 6 26
10 6 27
10 6 28
10 6 29
10 6 30
10 6 31
10 6 32
10 6 33
10 6 34
10 6 35
10 6 36
10 6 37
10 6 38
10 6 39
10 6 40
10 6 41
10 6 42
10 6 43
10 6 44
10 6 45
10 6 46
10 6 47
10 6 48
10 6 49
10 6 50
10 6 51
10 6 52
10 6 53
10 6 54
10 6 55
10 6 56
10 6 57
10 6 58
10 6 59
10 6 60
10 6 61
10 6 62
10 6 63
10 6 64
10 6 65
10 6 66
10 6 67
10 6 68
10 6 69
10 6 70
10 6 71
10 6 72
10 6 73
10 6 74
10 6 75
10 6 76
10 6 77
10 6 78
10 6 79
10 6 80
10 6 81
10 6 82
10 6 83
10 6 84
10 6 85
10 6 86
10 6 87
10 6 88
10 6 89
10 6 90
10 6 91
10 6 92
10 6 93
10 6 94
10 6 95
10 6 96
10 6 97
10 6 98
10 6 99
10 6 100
10 6 101
10 6 102
10 6 103
10 6 104
10 6 105
10 6 106
10 6 107
10 6 108
10 6 109
10 6 110
10 6 111
10 6 112
10 6 113
10 6 114
10 6 115
10 6 116
10 6 117
10 6 118
10 6 119
10 6 120
10 6 121
10 6 122
10 6 123
10 6 124
10 6 125
10 6 126
10 6 127
10 6 128
10 6 129
10 6 130
10 6 131
10 6 132
10 6 133
10 6 134
10 6 135
10 6 136
10 6 137
10 6 138
10 6 139
10 6 140
10 6 141
10 6 142
10 6 143
10 6 144
10 6 145
10 6 146
10 6 147
10 6 148
10 6 149
10 6 150
10 6 151
10 6 152
10 6 153
10 6 154
10 6 155
10 6 156
10 6 157
10 6 158
10 6 159
10 6 160
10 6 161
10 6 162
10 6 163
10 6 164
10 6 165
10 6 166
10 6 167
10 6 168
10 6 169
10 6 170
10 6 171
10 6 172
10 6 173
10 6 174
10 6 175
10 6 176
10 6 177
10 6 178
10 6 179
10 6 180
10 6 181
10 6 182
10 6 183
10 6 184
10 6 185
10 6 186
10 6 187
10 6 188
10 6 189
10 6 190
10 6 191
10 6 192
10 6 193
10 6 194
10 6 195
10 6 196
10 6 197
10 6 198
10 6 199
10 6 200
10 6 201
10 6 202
10 6 203
10 6 204
10 6 205
10 6 206
10 6 207
10 6 208
10 6 209
10 6 210
10 6 211
10 6 212
10 6 213
10 6 214
10 6 215
10 6 216
10 6 217
10 6 218
10 6 219
10 6 220
10 6 221
10 6 222
10 6 223
10 6 224
10 6 225
10 6 226
10 6 227
10 6 228
10 6 229
10 6 230
10 6 231
10 6 232
10 6 233
10 6 234
10 6 235
10 6 236
10 6 237
10 6 238
10 6 239
10 6 240
10 6 241
10 6 242
10 6 243
10 6 244
10 6 245
10 6 246
10 6 247
10 6 248
10 6 249
10 6 250
10 6 251
10 6 252
10 6 253
10 6 254
10 6 255
10 6 256
10 6 257
10 6 258
10 6 259
10 6 260
10 6 261
10 6 262
10 6 263
10 6 264
10 6 265
10 6 266
10 6 267
10 6 268
10 6 269
10 6 270
10 6 271
10 6 272
10 6 273
10 6 274
10 6 275
10 6 276
10 6 277
10 6 278
10 6 279
10 6 280
10 6 281
10 6 282
10 6 283
10 6 284
10 6 285
10 6 286
10 6 287
10 6 288
10 6 289
10 6 290
10 6 291
10 6 292
10 6 293
10 6 294
10 6 295
10 6 296
10 6 297
10 6 298
10 6 299
10 6 300
10 6 301
10 6 302
10 6 303
10 6 304
10 6 305
10 6 306
10 6 307
10 6 308
10 6 309
10 6 310
10 6 311
10 6 312
10 6 313
10 6 314
10 6 315
10 6 316
10 6 317
10 6 318
10 6 319
10 6 320
10 6 321
10 6 322
10 6 323
10 6 324
10 6 325
10 6 326
10 6 327
10 6 328
10 6 329
10 6 330
10 6 331
10 6 332
10 6 333
10 6 334
10 6 335
10 6 336
10 6 337
10 6 338
10 6 339
10 6 340
10 6 341
10 6 342
10 6 343
10 6 344
10 6 345
10 6 346
10 6 347
10 6 348
10 6 349
10 6 350
10 6 351
10 6 352
10 6 353
10 6 354
10 6 355
10 6 356
10 6 357
10 6 358
10 6 359
10 6 360
10 6 361
10 6 362
10 6 363
10 6 364
10 6 365
10 6 366
10 6 367
10 6 368
10 6 369
10 6 370
10 6 371
10 6 372
10 6 373
10 6 374
10 6 375
10 6 376
10 6 377
10 6 378
10 6 379
10 6 380
10 6 381
10 6 382
10 6 383
10 6 384
10 6 385
10 6 386
10 6 387
10 6 388
10 6 389
10 6 390
10 6 391
10 6 392
10 6 393
10 6 394
10 6 395
10 6 396
10 6 397
10 6 398
10 6 399
10 6 400
10 6 401
10 6 402
10 6 403
10 6 404
10 6 405
10 6 406
10 6 407
10 6 408
10 6 409
10 6 410
10 6 411
10 6 412
10 6 413
10 6 414
10 6 415
10 6 416
10 6 417
10 6 418
10 6 419
10 6 420
10 6 421
10 6 422
10 6 423
10 6 424
10 6 425
10 6 426
10 6 427
10 6 428
10 6 429
10 6 430
10 6 431
10 6 432
10 6 433
10 6 434
10 6 435
10 6 436
10 6 437
10 6 438
10 6 439
10 6 440
10 6 441
10 6 442
10 6 443
10 6 444
10 6 445
10 6 446
10 6 447
10 6 448
10 6 449
10 6 450
10 6 451
10 6 452
10 6 453
10 6 454
10 6 455
10 6 456
10 6 457
10 6 458
10 6 459
10 6 460
10 6 461
10 6 462
10 6 463
10 6 464
10 6 465
10 6 466
10 6 467
10 6 468
10 6 469
10 6 470
10 6 471
10 6 472
10 6 473
10 6 474
10 6 475
10 6 476
10 6 477
10 6 478
10 6 479
10 6 480
10 6 481
10 6 482
10 6 483
10 6 484
10 6 485
10 6 486
10 6 487
10 6 488
10 6 489
10 6 490
10 6 491
10 6 492
10 6 493
10 6 494
10 6 495
10 6 496
10 6 497
10 6 498
10 6 499
10 6 500
10 6 501
10 6 502
10 6 503
10 6 504
10 6 505
10 6 506
10 6 507
10 6 508
10 6 509
10 6 510
10 6 511
10 6 512
10 6 513
10 6 514
10 6 515
10 6 516
10 6 517
10 6 518
10 6 519
10 6 520
10 6 521
10 6 522
10 6 523
10 6 524
10 6 525
10 6 526
10 6 527
10 6 528
10 6 529
10 6 530
10 6 531
10 6 532
10 6 533
10 6 534
10 6 535
10 6 536
10 6 537
10 6 538
10 6 539
10 6 540
10 6 541
10 6 542
10 6 543
10 6 544
10 6 545
10 6 546
10 6 547
10 6 548
10 6 549
10 6 550
10 6 551
10 6 552
10 6 553
10 6 554
10 6 555
10 6 556
10 6 557
10 6 558
10 6 559
10 6 560
10 6 561
10 6 562
10 6 563
10 6 564
10 6 565
10 6 566
10 6 567
10 6 568
10 6 569
10 6 570
10 6 571
10 6 572
10 6 573
10 6 574
10 6 575
10 6 576
10 6 577
10 6 578
10 6 579
10 6 580
10 6 581
10 6 582
10 6 583
10 6 584
10 6 585
10 6 586
10 6 587
10 6 588
10 6 589
10 6 590
10 6 591
10 6 592
10 6 593
10 6 594
10 6 595
10 6 596
10 6 597
10 6 598
10 6 599
10 6 600
10 6 601
10 6 602
10 6 603
10 6 604
10 6 605
10 6 606
10 6 607
10 6 608
10 6 609
10 6 610
10 6 611
10 6 612
10 6 613
10 6 614
