10 8 1
10 8 2
10 8 3
10 8 4
10 8 5
10 8 6
10 8 7
10 8 8
10 8 9
10 8 10
10 8 11
10 8 12
10 8 13
10 8 14
10 8 15
10 8 16
10 8 17
10 8 18
10 8 19
10 8 20
10 8 21
10 8 22
10 8 23
10 8 24
10 8 25
10 8 26
10 8 27
10 8 28
10 8 29
10 8 30
10 8 31
10 8 32
10 8 33
10 8 34
10 8 35
10 8 36
10 8 37
10 8 38
10 8 39
10 8 40
10 8 41
10 8 42
10 8 43
10 8 44
10 8 45
10 8 46
10 8 47
10 8 48
10 8 49
10 8 50
10 8 51
10 8 52
10 8 53
10 8 54
10 8 55
10 8 56
10 8 57
10 8 58
10 8 59
10 8 60
10 8 61
10 8 62
10 8 63
10 8 64
10 8 65
10 8 66
10 8 67
10 8 68
10 8 69
10 8 70
10 8 71
10 8 72
10 8 73
10 8 74
10 8 75
10 8 76
10 8 77
10 8 78
10 8 79
10 8 80
10 8 81
10 8 82
10 8 83
10 8 84
10 8 85
10 8 86
10 8 87
10 8 88
10 8 89
10 8 90
10 8 91
10 8 92
10 8 93
10 8 94
10 8 95
10 8 96
10 8 97
10 8 98
10 8 99
10 8 100
10 8 101
10 8 102
10 8 103
10 8 104
10 8 105
10 8 106
10 8 107
10 8 108
10 8 109
10 8 110
10 8 111
10 8 112
10 8 113
10 8 114
10 8 115
10 8 116
10 8 117
10 8 118
10 8 119
10 8 120
10 8 121
10 8 122
10 8 123
10 8 124
10 8 125
10 8 126
10 8 127
10 8 128
10 8 129
10 8 130
10 8 131
10 8 132
10 8 133
10 8 134
10 8 135
10 8 136
10 8 137
10 8 138
10 8 139
10 8 140
10 8 141
10 8 142
10 8 143
10 8 144
10 8 145
10 8 146
10 8 147
10 8 148
10 8 149
10 8 150
10 8 151
10 8 152
10 8 153
10 8 154
10 8 155
10 8 156
10 8 157
10 8 158
10 8 159
10 8 160
10 8 161
10 8 162
10 8 163
10 8 164
10 8 165
10 8 166
10 8 167
10 8 168
10 8 169
10 8 170
10 8 171
10 8 172
10 8 173
10 8 174
10 8 175
10 8 176
10 8 177
10 8 178
10 8 179
10 8 180
10 8 181
10 8 182
10 8 183
10 8 184
10 8 185
10 8 186
10 8 187
10 8 188
10 8 189
10 8 190
10 8 191
10 8 192
10 8 193
10 8 194
10 8 195
10 8 196
10 8 197
10 8 198
10 8 199
10 8 200
10 8 201
10 8 202
10 8 203
10 8 204
10 8 205
10 8 206
10 8 207
10 8 208
10 8 209
10 8 210
10 8 211
10 8 212
10 8 213
10 8 214
10 8 215
10 8 216
10 8 217
10 8 218
10 8 219
10 8 220
10 8 221
10 8 222
10 8 223
10 8 224
10 8 225
10 8 226
10 8 227
10 8 228
10 8 229
10 8 230
10 8 231
10 8 232
10 8 233
10 8 234
10 8 235
10 8 236
10 8 237
10 8 238
10 8 239
10 8 240
10 8 241
10 8 242
10 8 243
10 8 244
10 8 245
10 8 246
10 8 247
10 8 248
10 8 249
10 8 250
10 8 251
10 8 252
10 8 253
10 8 254
10 8 255
10 8 256
10 8 257
10 8 258
10 8 259
10 8 260
10 8 261
10 8 262
10 8 263
10 8 264
10 8 265
10 8 266
10 8 267
10 8 268
10 8 269
10 8 270
10 8 271
10 8 272
10 8 273
10 8 274
10 8 275
10 8 276
10 8 277
10 8 278
10 8 279
10 8 280
10 8 281
10 8 282
10 8 283
10 8 284
10 8 285
10 8 286
10 8 287
10 8 288
10 8 289
10 8 290
10 8 291
10 8 292
10 8 293
10 8 294
10 8 295
10 8 296
10 8 297
10 8 298
10 8 299
10 8 300
10 8 301
10 8 302
10 8 303
10 8 304
10 8 305
10 8 306
10 8 307
10 8 308
10 8 309
10 8 310
10 8 311
10 8 312
10 8 313
10 8 314
10 8 315
10 8 316
10 8 317
10 8 318
10 8 319
10 8 320
10 8 321
10 8 322
10 8 323
10 8 324
10 8 325
10 8 326
10 8 327
10 8 328
10 8 329
10 8 330
10 8 331
10 8 332
10 8 333
10 8 334
10 8 335
10 8 336
10 8 337
10 8 338
10 8 339
10 8 340
10 8 341
10 8 342
10 8 343
10 8 344
10 8 345
10 8 346
10 8 347
10 8 348
10 8 349
10 8 350
10 8 351
10 8 352
10 8 353
10 8 354
10 8 355
10 8 356
10 8 357
10 8 358
10 8 359
10 8 360
10 8 361
10 8 362
10 8 363
10 8 364
10 8 365
10 8 366
10 8 367
10 8 368
10 8 369
10 8 370
10 8 371
10 8 372
10 8 373
10 8 374
10 8 375
10 8 376
10 8 377
10 8 378
10 8 379
10 8 380
10 8 381
10 8 382
10 8 383
10 8 384
10 8 385
10 8 386
10 8 387
10 8 388
10 8 389
10 8 390
10 8 391
10 8 392
10 8 393
10 8 394
10 8 395
10 8 396
10 8 397
10 8 398
10 8 399
10 8 400
10 8 401
10 8 402
10 8 403
10 8 404
10 8 405
10 8 406
10 8 407
10 8 408
10 8 409
10 8 410
10 8 411
10 8 412
10 8 413
10 8 414
10 8 415
10 8 416
10 8 417
10 8 418
10 8 419
10 8 420
10 8 421
10 8 422
10 8 423
10 8 424
10 8 425
10 8 426
10 8 427
10 8 428
10 8 429
10 8 430
10 8 431
10 8 432
10 8 433
10 8 434
10 8 435
10 8 436
10 8 437
10 8 438
10 8 439
10 8 440
10 8 441
10 8 442
10 8 443
10 8 444
10 8 445
10 8 446
10 8 447
10 8 448
10 8 449
10 8 450
10 8 451
10 8 452
10 8 453
10 8 454
10 8 455
10 8 456
10 8 457
10 8 458
10 8 459
10 8 460
10 8 461
10 8 462
10 8 463
10 8 464
10 8 465
10 8 466
10 8 467
10 8 468
10 8 469
10 8 470
10 8 471
10 8 472
10 8 473
10 8 474
10 8 475
10 8 476
10 8 477
10 8 478
10 8 479
10 8 480
10 8 481
10 8 482
10 8 483
10 8 484
10 8 485
10 8 486
10 8 487
10 8 488
10 8 489
10 8 490
10 8 491
10 8 492
10 8 493
10 8 494
10 8 495
10 8 496
10 8 497
10 8 498
10 8 499
10 8 500
10 8 501
10 8 502
10 8 503
10 8 504
10 8 505
10 8 506
10 8 507
10 8 508
10 8 509
10 8 510
10 8 511
10 8 512
10 8 513
10 8 514
10 8 515
10 8 516
10 8 517
10 8 518
10 8 519
10 8 520
10 8 521
10 8 522
10 8 523
10 8 524
10 8 525
10 8 526
10 8 527
10 8 528
10 8 529
10 8 530
10 8 531
10 8 532
10 8 533
10 8 534
10 8 535
10 8 536
10 8 537
10 8 538
10 8 539
10 8 540
10 8 541
10 8 542
10 8 543
10 8 544
10 8 545
10 8 546
10 8 547
10 8 548
10 8 549
10 8 550
10 8 551
10 8 552
10 8 553
10 8 554
10 8 555
10 8 556
10 8 557
10 8 558
10 8 559
10 8 560
10 8 561
10 8 562
10 8 563
10 8 564
10 8 565
10 8 566
10 8 567
10 8 568
10 8 569
10 8 570
10 8 571
10 8 572
10 8 573
10 8 574
10 8 575
10 8 576
10 8 577
10 8 578
10 8 579
10 8 580
10 8 581
10 8 582
10 8 583
10 8 584
10 8 585
10 8 586
10 8 587
10 8 588
10 8 589
10 8 590
10 8 591
10 8 592
10 8 593
10 8 594
10 8 595
10 8 596
10 8 597
10 8 598
10 8 599
10 8 600
10 8 601
10 8 602
10 8 603
10 8 604
10 8 605
10 8 606
10 8 607
10 8 608
10 8 609
10 8 610
10 8 611
10 8 612
10 8 613
10 8 614
