10 8 1
11 8 1
10 8 2
11 8 2
10 8 3
11 8 3
10 8 4
11 8 4
10 8 5
11 8 5
10 8 6
11 8 6
10 8 7
11 8 7
10 8 8
11 8 8
10 8 9
11 8 9
10 8 10
11 8 10
10 8 11
11 8 11
10 8 12
11 8 12
10 8 13
11 8 13
10 8 14
11 8 14
10 8 15
11 8 15
10 8 16
11 8 16
10 8 17
11 8 17
10 8 18
11 8 18
10 8 19
11 8 19
10 8 20
11 8 20
10 8 21
11 8 21
10 8 22
11 8 22
10 8 23
11 8 23
10 8 24
11 8 24
10 8 25
11 8 25
10 8 26
11 8 26
10 8 27
11 8 27
10 8 28
11 8 28
10 8 29
11 8 29
10 8 30
11 8 30
10 8 31
11 8 31
10 8 32
11 8 32
10 8 33
11 8 33
10 8 34
11 8 34
10 8 35
11 8 35
10 8 36
11 8 36
10 8 37
11 8 37
10 8 38
11 8 38
10 8 39
11 8 39
10 8 40
11 8 40
10 8 41
11 8 41
10 8 42
11 8 42
10 8 43
11 8 43
10 8 44
11 8 44
10 8 45
11 8 45
10 8 46
11 8 46
10 8 47
11 8 47
10 8 48
11 8 48
10 8 49
11 8 49
10 8 50
11 8 50
10 8 51
11 8 51
10 8 52
11 8 52
10 8 53
11 8 53
10 8 54
11 8 54
10 8 55
11 8 55
10 8 56
11 8 56
10 8 57
11 8 57
10 8 58
11 8 58
10 8 59
11 8 59
10 8 60
11 8 60
10 8 61
11 8 61
10 8 62
11 8 62
10 8 63
11 8 63
10 8 64
11 8 64
10 8 65
11 8 65
10 8 66
11 8 66
10 8 67
11 8 67
10 8 68
11 8 68
10 8 69
11 8 69
10 8 70
11 8 70
10 8 71
11 8 71
10 8 72
11 8 72
10 8 73
11 8 73
10 8 74
11 8 74
10 8 75
11 8 75
10 8 76
11 8 76
10 8 77
11 8 77
10 8 78
11 8 78
10 8 79
11 8 79
10 8 80
11 8 80
10 8 81
11 8 81
10 8 82
11 8 82
10 8 83
11 8 83
10 8 84
11 8 84
10 8 85
11 8 85
10 8 86
11 8 86
10 8 87
11 8 87
10 8 88
11 8 88
10 8 89
11 8 89
10 8 90
11 8 90
10 8 91
11 8 91
10 8 92
11 8 92
10 8 93
11 8 93
10 8 94
11 8 94
10 8 95
11 8 95
10 8 96
11 8 96
10 8 97
11 8 97
10 8 98
11 8 98
10 8 99
11 8 99
10 8 100
11 8 100
10 8 101
11 8 101
10 8 102
11 8 102
10 8 103
11 8 103
10 8 104
11 8 104
10 8 105
11 8 105
10 8 106
11 8 106
10 8 107
11 8 107
10 8 108
11 8 108
10 8 109
11 8 109
10 8 110
11 8 110
10 8 111
11 8 111
10 8 112
11 8 112
10 8 113
11 8 113
10 8 114
11 8 114
10 8 115
11 8 115
10 8 116
11 8 116
10 8 117
11 8 117
10 8 118
11 8 118
10 8 119
11 8 119
10 8 120
11 8 120
10 8 121
11 8 121
10 8 122
11 8 122
10 8 123
11 8 123
10 8 124
11 8 124
10 8 125
11 8 125
10 8 126
11 8 126
10 8 127
11 8 127
10 8 128
11 8 128
10 8 129
11 8 129
10 8 130
11 8 130
10 8 131
11 8 131
10 8 132
11 8 132
10 8 133
11 8 133
10 8 134
11 8 134
10 8 135
11 8 135
10 8 136
11 8 136
10 8 137
11 8 137
10 8 138
11 8 138
10 8 139
11 8 139
10 8 140
11 8 140
10 8 141
11 8 141
10 8 142
11 8 142
10 8 143
11 8 143
10 8 144
11 8 144
10 8 145
11 8 145
10 8 146
11 8 146
10 8 147
11 8 147
10 8 148
11 8 148
10 8 149
11 8 149
10 8 150
11 8 150
10 8 151
11 8 151
10 8 152
11 8 152
10 8 153
11 8 153
10 8 154
11 8 154
10 8 155
11 8 155
10 8 156
11 8 156
10 8 157
11 8 157
10 8 158
11 8 158
10 8 159
11 8 159
10 8 160
11 8 160
10 8 161
11 8 161
10 8 162
11 8 162
10 8 163
11 8 163
10 8 164
11 8 164
10 8 165
11 8 165
10 8 166
11 8 166
10 8 167
11 8 167
10 8 168
11 8 168
10 8 169
11 8 169
10 8 170
11 8 170
10 8 171
11 8 171
10 8 172
11 8 172
10 8 173
11 8 173
10 8 174
11 8 174
10 8 175
11 8 175
10 8 176
11 8 176
10 8 177
11 8 177
10 8 178
11 8 178
10 8 179
11 8 179
10 8 180
11 8 180
10 8 181
11 8 181
10 8 182
11 8 182
10 8 183
11 8 183
10 8 184
11 8 184
10 8 185
11 8 185
10 8 186
11 8 186
10 8 187
11 8 187
10 8 188
11 8 188
10 8 189
11 8 189
10 8 190
11 8 190
10 8 191
11 8 191
10 8 192
11 8 192
10 8 193
11 8 193
10 8 194
11 8 194
10 8 195
11 8 195
10 8 196
11 8 196
10 8 197
11 8 197
10 8 198
11 8 198
10 8 199
11 8 199
10 8 200
11 8 200
10 8 201
11 8 201
10 8 202
11 8 202
10 8 203
11 8 203
10 8 204
11 8 204
10 8 205
11 8 205
10 8 206
11 8 206
10 8 207
11 8 207
10 8 208
11 8 208
10 8 209
11 8 209
10 8 210
11 8 210
10 8 211
11 8 211
10 8 212
11 8 212
10 8 213
11 8 213
10 8 214
11 8 214
10 8 215
11 8 215
10 8 216
11 8 216
10 8 217
11 8 217
10 8 218
11 8 218
10 8 219
11 8 219
10 8 220
11 8 220
10 8 221
11 8 221
10 8 222
11 8 222
10 8 223
11 8 223
10 8 224
11 8 224
10 8 225
11 8 225
10 8 226
11 8 226
10 8 227
11 8 227
10 8 228
11 8 228
10 8 229
11 8 229
10 8 230
11 8 230
10 8 231
11 8 231
10 8 232
11 8 232
10 8 233
11 8 233
10 8 234
11 8 234
10 8 235
11 8 235
10 8 236
11 8 236
10 8 237
11 8 237
10 8 238
11 8 238
10 8 239
11 8 239
10 8 240
11 8 240
10 8 241
11 8 241
10 8 242
11 8 242
10 8 243
11 8 243
10 8 244
11 8 244
10 8 245
11 8 245
10 8 246
11 8 246
10 8 247
11 8 247
10 8 248
11 8 248
10 8 249
11 8 249
10 8 250
11 8 250
10 8 251
11 8 251
10 8 252
11 8 252
10 8 253
11 8 253
10 8 254
11 8 254
10 8 255
11 8 255
10 8 256
11 8 256
10 8 257
11 8 257
10 8 258
11 8 258
10 8 259
11 8 259
10 8 260
11 8 260
10 8 261
11 8 261
10 8 262
11 8 262
10 8 263
11 8 263
10 8 264
11 8 264
10 8 265
11 8 265
10 8 266
11 8 266
10 8 267
11 8 267
10 8 268
11 8 268
10 8 269
11 8 269
10 8 270
11 8 270
10 8 271
11 8 271
10 8 272
11 8 272
10 8 273
11 8 273
10 8 274
11 8 274
10 8 275
11 8 275
10 8 276
11 8 276
10 8 277
11 8 277
10 8 278
11 8 278
10 8 279
11 8 279
10 8 280
11 8 280
10 8 281
11 8 281
10 8 282
11 8 282
10 8 283
11 8 283
10 8 284
11 8 284
10 8 285
11 8 285
10 8 286
11 8 286
10 8 287
11 8 287
10 8 288
11 8 288
10 8 289
11 8 289
10 8 290
11 8 290
10 8 291
11 8 291
10 8 292
11 8 292
10 8 293
11 8 293
10 8 294
11 8 294
10 8 295
11 8 295
10 8 296
11 8 296
10 8 297
11 8 297
10 8 298
11 8 298
10 8 299
11 8 299
10 8 300
11 8 300
10 8 301
11 8 301
10 8 302
11 8 302
10 8 303
11 8 303
10 8 304
11 8 304
10 8 305
11 8 305
10 8 306
11 8 306
10 8 307
11 8 307
