10 9 1
10 9 2
10 9 3
10 9 4
10 9 5
10 9 6
10 9 7
10 9 8
10 9 9
10 9 10
10 9 11
10 9 12
10 9 13
10 9 14
10 9 15
10 9 16
10 9 17
10 9 18
10 9 19
10 9 20
10 9 21
10 9 22
10 9 23
10 9 24
10 9 25
10 9 26
10 9 27
10 9 28
10 9 29
10 9 30
10 9 31
10 9 32
10 9 33
10 9 34
10 9 35
10 9 36
10 9 37
10 9 38
10 9 39
10 9 40
10 9 41
10 9 42
10 9 43
10 9 44
10 9 45
10 9 46
10 9 47
10 9 48
10 9 49
10 9 50
10 9 51
10 9 52
10 9 53
10 9 54
10 9 55
10 9 56
10 9 57
10 9 58
10 9 59
10 9 60
10 9 61
10 9 62
10 9 63
10 9 64
10 9 65
10 9 66
10 9 67
10 9 68
10 9 69
10 9 70
10 9 71
10 9 72
10 9 73
10 9 74
10 9 75
10 9 76
10 9 77
10 9 78
10 9 79
10 9 80
10 9 81
10 9 82
10 9 83
10 9 84
10 9 85
10 9 86
10 9 87
10 9 88
10 9 89
10 9 90
10 9 91
10 9 92
10 9 93
10 9 94
10 9 95
10 9 96
10 9 97
10 9 98
10 9 99
10 9 100
10 9 101
10 9 102
10 9 103
10 9 104
10 9 105
10 9 106
10 9 107
10 9 108
10 9 109
10 9 110
10 9 111
10 9 112
10 9 113
10 9 114
10 9 115
10 9 116
10 9 117
10 9 118
10 9 119
10 9 120
10 9 121
10 9 122
10 9 123
10 9 124
10 9 125
10 9 126
10 9 127
10 9 128
10 9 129
10 9 130
10 9 131
10 9 132
10 9 133
10 9 134
10 9 135
10 9 136
10 9 137
10 9 138
10 9 139
10 9 140
10 9 141
10 9 142
10 9 143
10 9 144
10 9 145
10 9 146
10 9 147
10 9 148
10 9 149
10 9 150
10 9 151
10 9 152
10 9 153
10 9 154
10 9 155
10 9 156
10 9 157
10 9 158
10 9 159
10 9 160
10 9 161
10 9 162
10 9 163
10 9 164
10 9 165
10 9 166
10 9 167
10 9 168
10 9 169
10 9 170
10 9 171
10 9 172
10 9 173
10 9 174
10 9 175
10 9 176
10 9 177
10 9 178
10 9 179
10 9 180
10 9 181
10 9 182
10 9 183
10 9 184
10 9 185
10 9 186
10 9 187
10 9 188
10 9 189
10 9 190
10 9 191
10 9 192
10 9 193
10 9 194
10 9 195
10 9 196
10 9 197
10 9 198
10 9 199
10 9 200
10 9 201
10 9 202
10 9 203
10 9 204
10 9 205
10 9 206
10 9 207
10 9 208
10 9 209
10 9 210
10 9 211
10 9 212
10 9 213
10 9 214
10 9 215
10 9 216
10 9 217
10 9 218
10 9 219
10 9 220
10 9 221
10 9 222
10 9 223
10 9 224
10 9 225
10 9 226
10 9 227
10 9 228
10 9 229
10 9 230
10 9 231
10 9 232
10 9 233
10 9 234
10 9 235
10 9 236
10 9 237
10 9 238
10 9 239
10 9 240
10 9 241
10 9 242
10 9 243
10 9 244
10 9 245
10 9 246
10 9 247
10 9 248
10 9 249
10 9 250
10 9 251
10 9 252
10 9 253
10 9 254
10 9 255
10 9 256
10 9 257
10 9 258
10 9 259
10 9 260
10 9 261
10 9 262
10 9 263
10 9 264
10 9 265
10 9 266
10 9 267
10 9 268
10 9 269
10 9 270
10 9 271
10 9 272
10 9 273
10 9 274
10 9 275
10 9 276
10 9 277
10 9 278
10 9 279
10 9 280
10 9 281
10 9 282
10 9 283
10 9 284
10 9 285
10 9 286
10 9 287
10 9 288
10 9 289
10 9 290
10 9 291
10 9 292
10 9 293
10 9 294
10 9 295
10 9 296
10 9 297
10 9 298
10 9 299
10 9 300
10 9 301
10 9 302
10 9 303
10 9 304
10 9 305
10 9 306
10 9 307
10 9 308
10 9 309
10 9 310
10 9 311
10 9 312
10 9 313
10 9 314
10 9 315
10 9 316
10 9 317
10 9 318
10 9 319
10 9 320
10 9 321
10 9 322
10 9 323
10 9 324
10 9 325
10 9 326
10 9 327
10 9 328
10 9 329
10 9 330
10 9 331
10 9 332
10 9 333
10 9 334
10 9 335
10 9 336
10 9 337
10 9 338
10 9 339
10 9 340
10 9 341
10 9 342
10 9 343
10 9 344
10 9 345
10 9 346
10 9 347
10 9 348
10 9 349
10 9 350
10 9 351
10 9 352
10 9 353
10 9 354
10 9 355
10 9 356
10 9 357
10 9 358
10 9 359
10 9 360
10 9 361
10 9 362
10 9 363
10 9 364
10 9 365
10 9 366
10 9 367
10 9 368
10 9 369
10 9 370
10 9 371
10 9 372
10 9 373
10 9 374
10 9 375
10 9 376
10 9 377
10 9 378
10 9 379
10 9 380
10 9 381
10 9 382
10 9 383
10 9 384
10 9 385
10 9 386
10 9 387
10 9 388
10 9 389
10 9 390
10 9 391
10 9 392
10 9 393
10 9 394
10 9 395
10 9 396
10 9 397
10 9 398
10 9 399
10 9 400
10 9 401
10 9 402
10 9 403
10 9 404
10 9 405
10 9 406
10 9 407
10 9 408
10 9 409
10 9 410
10 9 411
10 9 412
10 9 413
10 9 414
10 9 415
10 9 416
10 9 417
10 9 418
10 9 419
10 9 420
10 9 421
10 9 422
10 9 423
10 9 424
10 9 425
10 9 426
10 9 427
10 9 428
10 9 429
10 9 430
10 9 431
10 9 432
10 9 433
10 9 434
10 9 435
10 9 436
10 9 437
10 9 438
10 9 439
10 9 440
10 9 441
10 9 442
10 9 443
10 9 444
10 9 445
10 9 446
10 9 447
10 9 448
10 9 449
10 9 450
10 9 451
10 9 452
10 9 453
10 9 454
10 9 455
10 9 456
10 9 457
10 9 458
10 9 459
10 9 460
10 9 461
10 9 462
10 9 463
10 9 464
10 9 465
10 9 466
10 9 467
10 9 468
10 9 469
10 9 470
10 9 471
10 9 472
10 9 473
10 9 474
10 9 475
10 9 476
10 9 477
10 9 478
10 9 479
10 9 480
10 9 481
10 9 482
10 9 483
10 9 484
10 9 485
10 9 486
10 9 487
10 9 488
10 9 489
10 9 490
10 9 491
10 9 492
10 9 493
10 9 494
10 9 495
10 9 496
10 9 497
10 9 498
10 9 499
10 9 500
10 9 501
10 9 502
10 9 503
10 9 504
10 9 505
10 9 506
10 9 507
10 9 508
10 9 509
10 9 510
10 9 511
10 9 512
10 9 513
10 9 514
10 9 515
10 9 516
10 9 517
10 9 518
10 9 519
10 9 520
10 9 521
10 9 522
10 9 523
10 9 524
10 9 525
10 9 526
10 9 527
10 9 528
10 9 529
10 9 530
10 9 531
10 9 532
10 9 533
10 9 534
10 9 535
10 9 536
10 9 537
10 9 538
10 9 539
10 9 540
10 9 541
10 9 542
10 9 543
10 9 544
10 9 545
10 9 546
10 9 547
10 9 548
10 9 549
10 9 550
10 9 551
10 9 552
10 9 553
10 9 554
10 9 555
10 9 556
10 9 557
10 9 558
10 9 559
10 9 560
10 9 561
10 9 562
10 9 563
10 9 564
10 9 565
10 9 566
10 9 567
10 9 568
10 9 569
10 9 570
10 9 571
10 9 572
10 9 573
10 9 574
10 9 575
10 9 576
10 9 577
10 9 578
10 9 579
10 9 580
10 9 581
10 9 582
10 9 583
10 9 584
10 9 585
10 9 586
10 9 587
10 9 588
10 9 589
10 9 590
10 9 591
10 9 592
10 9 593
10 9 594
10 9 595
10 9 596
10 9 597
10 9 598
10 9 599
10 9 600
10 9 601
10 9 602
10 9 603
10 9 604
10 9 605
10 9 606
10 9 607
10 9 608
10 9 609
10 9 610
10 9 611
10 9 612
10 9 613
10 9 614
