1 7 1
1 7 2
1 7 3
1 7 4
1 7 5
1 7 6
1 7 7
1 7 8
1 7 9
1 7 10
1 7 11
1 7 12
1 7 13
1 7 14
1 7 15
1 7 16
1 7 17
1 7 18
1 7 19
1 7 20
1 7 21
1 7 22
1 7 23
1 7 24
1 7 25
1 7 26
1 7 27
1 7 28
1 7 29
1 7 30
1 7 31
1 7 32
1 7 33
1 7 34
1 7 35
1 7 36
1 7 37
1 7 38
1 7 39
1 7 40
1 7 41
1 7 42
1 7 43
1 7 44
1 7 45
1 7 46
1 7 47
1 7 48
1 7 49
1 7 50
1 7 51
1 7 52
1 7 53
1 7 54
1 7 55
1 7 56
1 7 57
1 7 58
1 7 59
1 7 60
1 7 61
1 7 62
1 7 63
1 7 64
1 7 65
1 7 66
1 7 67
1 7 68
1 7 69
1 7 70
1 7 71
1 7 72
1 7 73
1 7 74
1 7 75
1 7 76
1 7 77
1 7 78
1 7 79
1 7 80
1 7 81
1 7 82
1 7 83
1 7 84
1 7 85
1 7 86
1 7 87
1 7 88
1 7 89
1 7 90
1 7 91
1 7 92
1 7 93
1 7 94
1 7 95
1 7 96
1 7 97
1 7 98
1 7 99
1 7 100
1 7 101
1 7 102
1 7 103
1 7 104
1 7 105
1 7 106
1 7 107
1 7 108
1 7 109
1 7 110
1 7 111
1 7 112
1 7 113
1 7 114
1 7 115
1 7 116
1 7 117
1 7 118
1 7 119
1 7 120
1 7 121
1 7 122
1 7 123
1 7 124
1 7 125
1 7 126
1 7 127
1 7 128
1 7 129
1 7 130
1 7 131
1 7 132
1 7 133
1 7 134
1 7 135
1 7 136
1 7 137
1 7 138
1 7 139
1 7 140
1 7 141
1 7 142
1 7 143
1 7 144
1 7 145
1 7 146
1 7 147
1 7 148
1 7 149
1 7 150
1 7 151
1 7 152
1 7 153
1 7 154
1 7 155
1 7 156
1 7 157
1 7 158
1 7 159
1 7 160
1 7 161
1 7 162
1 7 163
1 7 164
1 7 165
1 7 166
1 7 167
1 7 168
1 7 169
1 7 170
1 7 171
1 7 172
1 7 173
1 7 174
1 7 175
1 7 176
1 7 177
1 7 178
1 7 179
1 7 180
1 7 181
1 7 182
1 7 183
1 7 184
1 7 185
1 7 186
1 7 187
1 7 188
1 7 189
1 7 190
1 7 191
1 7 192
1 7 193
1 7 194
1 7 195
1 7 196
1 7 197
1 7 198
1 7 199
1 7 200
1 7 201
1 7 202
1 7 203
1 7 204
1 7 205
1 7 206
1 7 207
1 7 208
1 7 209
1 7 210
1 7 211
1 7 212
1 7 213
1 7 214
1 7 215
1 7 216
1 7 217
1 7 218
1 7 219
1 7 220
1 7 221
1 7 222
1 7 223
1 7 224
1 7 225
1 7 226
1 7 227
1 7 228
1 7 229
1 7 230
1 7 231
1 7 232
1 7 233
1 7 234
1 7 235
1 7 236
1 7 237
1 7 238
1 7 239
1 7 240
1 7 241
1 7 242
1 7 243
1 7 244
1 7 245
1 7 246
1 7 247
1 7 248
1 7 249
1 7 250
1 7 251
1 7 252
1 7 253
1 7 254
1 7 255
1 7 256
1 7 257
1 7 258
1 7 259
1 7 260
1 7 261
1 7 262
1 7 263
1 7 264
1 7 265
1 7 266
1 7 267
1 7 268
1 7 269
1 7 270
1 7 271
1 7 272
1 7 273
1 7 274
1 7 275
1 7 276
1 7 277
1 7 278
1 7 279
1 7 280
1 7 281
1 7 282
1 7 283
1 7 284
1 7 285
1 7 286
1 7 287
1 7 288
1 7 289
1 7 290
1 7 291
1 7 292
1 7 293
1 7 294
1 7 295
1 7 296
1 7 297
1 7 298
1 7 299
1 7 300
1 7 301
1 7 302
1 7 303
1 7 304
1 7 305
1 7 306
1 7 307
