10 6 1
11 6 1
10 6 2
11 6 2
10 6 3
11 6 3
10 6 4
11 6 4
10 6 5
11 6 5
10 6 6
11 6 6
10 6 7
11 6 7
10 6 8
11 6 8
10 6 9
11 6 9
10 6 10
11 6 10
10 6 11
11 6 11
10 6 12
11 6 12
10 6 13
11 6 13
10 6 14
11 6 14
10 6 15
11 6 15
10 6 16
11 6 16
10 6 17
11 6 17
10 6 18
11 6 18
10 6 19
11 6 19
10 6 20
11 6 20
10 6 21
11 6 21
10 6 22
11 6 22
10 6 23
11 6 23
10 6 24
11 6 24
10 6 25
11 6 25
10 6 26
11 6 26
10 6 27
11 6 27
10 6 28
11 6 28
10 6 29
11 6 29
10 6 30
11 6 30
10 6 31
11 6 31
10 6 32
11 6 32
10 6 33
11 6 33
10 6 34
11 6 34
10 6 35
11 6 35
10 6 36
11 6 36
10 6 37
11 6 37
10 6 38
11 6 38
10 6 39
11 6 39
10 6 40
11 6 40
10 6 41
11 6 41
10 6 42
11 6 42
10 6 43
11 6 43
10 6 44
11 6 44
10 6 45
11 6 45
10 6 46
11 6 46
10 6 47
11 6 47
10 6 48
11 6 48
10 6 49
11 6 49
10 6 50
11 6 50
10 6 51
11 6 51
10 6 52
11 6 52
10 6 53
11 6 53
10 6 54
11 6 54
10 6 55
11 6 55
10 6 56
11 6 56
10 6 57
11 6 57
10 6 58
11 6 58
10 6 59
11 6 59
10 6 60
11 6 60
10 6 61
11 6 61
10 6 62
11 6 62
10 6 63
11 6 63
10 6 64
11 6 64
10 6 65
11 6 65
10 6 66
11 6 66
10 6 67
11 6 67
10 6 68
11 6 68
10 6 69
11 6 69
10 6 70
11 6 70
10 6 71
11 6 71
10 6 72
11 6 72
10 6 73
11 6 73
10 6 74
11 6 74
10 6 75
11 6 75
10 6 76
11 6 76
10 6 77
11 6 77
10 6 78
11 6 78
10 6 79
11 6 79
10 6 80
11 6 80
10 6 81
11 6 81
10 6 82
11 6 82
10 6 83
11 6 83
10 6 84
11 6 84
10 6 85
11 6 85
10 6 86
11 6 86
10 6 87
11 6 87
10 6 88
11 6 88
10 6 89
11 6 89
10 6 90
11 6 90
10 6 91
11 6 91
10 6 92
11 6 92
10 6 93
11 6 93
10 6 94
11 6 94
10 6 95
11 6 95
10 6 96
11 6 96
10 6 97
11 6 97
10 6 98
11 6 98
10 6 99
11 6 99
10 6 100
11 6 100
10 6 101
11 6 101
10 6 102
11 6 102
10 6 103
11 6 103
10 6 104
11 6 104
10 6 105
11 6 105
10 6 106
11 6 106
10 6 107
11 6 107
10 6 108
11 6 108
10 6 109
11 6 109
10 6 110
11 6 110
10 6 111
11 6 111
10 6 112
11 6 112
10 6 113
11 6 113
10 6 114
11 6 114
10 6 115
11 6 115
10 6 116
11 6 116
10 6 117
11 6 117
10 6 118
11 6 118
10 6 119
11 6 119
10 6 120
11 6 120
10 6 121
11 6 121
10 6 122
11 6 122
10 6 123
11 6 123
10 6 124
11 6 124
10 6 125
11 6 125
10 6 126
11 6 126
10 6 127
11 6 127
10 6 128
11 6 128
10 6 129
11 6 129
10 6 130
11 6 130
10 6 131
11 6 131
10 6 132
11 6 132
10 6 133
11 6 133
10 6 134
11 6 134
10 6 135
11 6 135
10 6 136
11 6 136
10 6 137
11 6 137
10 6 138
11 6 138
10 6 139
11 6 139
10 6 140
11 6 140
10 6 141
11 6 141
10 6 142
11 6 142
10 6 143
11 6 143
10 6 144
11 6 144
10 6 145
11 6 145
10 6 146
11 6 146
10 6 147
11 6 147
10 6 148
11 6 148
10 6 149
11 6 149
10 6 150
11 6 150
10 6 151
11 6 151
10 6 152
11 6 152
10 6 153
11 6 153
10 6 154
11 6 154
10 6 155
11 6 155
10 6 156
11 6 156
10 6 157
11 6 157
10 6 158
11 6 158
10 6 159
11 6 159
10 6 160
11 6 160
10 6 161
11 6 161
10 6 162
11 6 162
10 6 163
11 6 163
10 6 164
11 6 164
10 6 165
11 6 165
10 6 166
11 6 166
10 6 167
11 6 167
10 6 168
11 6 168
10 6 169
11 6 169
10 6 170
11 6 170
10 6 171
11 6 171
10 6 172
11 6 172
10 6 173
11 6 173
10 6 174
11 6 174
10 6 175
11 6 175
10 6 176
11 6 176
10 6 177
11 6 177
10 6 178
11 6 178
10 6 179
11 6 179
10 6 180
11 6 180
10 6 181
11 6 181
10 6 182
11 6 182
10 6 183
11 6 183
10 6 184
11 6 184
10 6 185
11 6 185
10 6 186
11 6 186
10 6 187
11 6 187
10 6 188
11 6 188
10 6 189
11 6 189
10 6 190
11 6 190
10 6 191
11 6 191
10 6 192
11 6 192
10 6 193
11 6 193
10 6 194
11 6 194
10 6 195
11 6 195
10 6 196
11 6 196
10 6 197
11 6 197
10 6 198
11 6 198
10 6 199
11 6 199
10 6 200
11 6 200
10 6 201
11 6 201
10 6 202
11 6 202
10 6 203
11 6 203
10 6 204
11 6 204
10 6 205
11 6 205
10 6 206
11 6 206
10 6 207
11 6 207
10 6 208
11 6 208
10 6 209
11 6 209
10 6 210
11 6 210
10 6 211
11 6 211
10 6 212
11 6 212
10 6 213
11 6 213
10 6 214
11 6 214
10 6 215
11 6 215
10 6 216
11 6 216
10 6 217
11 6 217
10 6 218
11 6 218
10 6 219
11 6 219
10 6 220
11 6 220
10 6 221
11 6 221
10 6 222
11 6 222
10 6 223
11 6 223
10 6 224
11 6 224
10 6 225
11 6 225
10 6 226
11 6 226
10 6 227
11 6 227
10 6 228
11 6 228
10 6 229
11 6 229
10 6 230
11 6 230
10 6 231
11 6 231
10 6 232
11 6 232
10 6 233
11 6 233
10 6 234
11 6 234
10 6 235
11 6 235
10 6 236
11 6 236
10 6 237
11 6 237
10 6 238
11 6 238
10 6 239
11 6 239
10 6 240
11 6 240
10 6 241
11 6 241
10 6 242
11 6 242
10 6 243
11 6 243
10 6 244
11 6 244
10 6 245
11 6 245
10 6 246
11 6 246
10 6 247
11 6 247
10 6 248
11 6 248
10 6 249
11 6 249
10 6 250
11 6 250
10 6 251
11 6 251
10 6 252
11 6 252
10 6 253
11 6 253
10 6 254
11 6 254
10 6 255
11 6 255
10 6 256
11 6 256
10 6 257
11 6 257
10 6 258
11 6 258
10 6 259
11 6 259
10 6 260
11 6 260
10 6 261
11 6 261
10 6 262
11 6 262
10 6 263
11 6 263
10 6 264
11 6 264
10 6 265
11 6 265
10 6 266
11 6 266
10 6 267
11 6 267
10 6 268
11 6 268
10 6 269
11 6 269
10 6 270
11 6 270
10 6 271
11 6 271
10 6 272
11 6 272
10 6 273
11 6 273
10 6 274
11 6 274
10 6 275
11 6 275
10 6 276
11 6 276
10 6 277
11 6 277
10 6 278
11 6 278
10 6 279
11 6 279
10 6 280
11 6 280
10 6 281
11 6 281
10 6 282
11 6 282
10 6 283
11 6 283
10 6 284
11 6 284
10 6 285
11 6 285
10 6 286
11 6 286
10 6 287
11 6 287
10 6 288
11 6 288
10 6 289
11 6 289
10 6 290
11 6 290
10 6 291
11 6 291
10 6 292
11 6 292
10 6 293
11 6 293
10 6 294
11 6 294
10 6 295
11 6 295
10 6 296
11 6 296
10 6 297
11 6 297
10 6 298
11 6 298
10 6 299
11 6 299
10 6 300
11 6 300
10 6 301
11 6 301
10 6 302
11 6 302
10 6 303
11 6 303
10 6 304
11 6 304
10 6 305
11 6 305
10 6 306
11 6 306
10 6 307
11 6 307
