17 19 1
18 19 1
17 20 2
18 20 2
17 19 3
18 19 3
17 20 4
18 20 4
17 19 5
18 19 5
17 20 6
18 20 6
17 19 7
18 19 7
17 20 8
18 20 8
17 19 9
18 19 9
17 20 10
18 20 10
17 19 11
18 19 11
17 20 12
18 20 12
17 19 13
18 19 13
17 20 14
18 20 14
17 19 15
18 19 15
17 20 16
18 20 16
17 19 17
18 19 17
17 20 18
18 20 18
17 19 19
18 19 19
17 20 20
18 20 20
17 19 21
18 19 21
17 20 22
18 20 22
17 19 23
18 19 23
17 20 24
18 20 24
17 19 25
18 19 25
17 20 26
18 20 26
17 19 27
18 19 27
17 20 28
18 20 28
17 19 29
18 19 29
17 20 30
18 20 30
17 19 31
18 19 31
17 20 32
18 20 32
17 19 33
18 19 33
17 20 34
18 20 34
17 19 35
18 19 35
17 20 36
18 20 36
17 19 37
18 19 37
17 20 38
18 20 38
17 19 39
18 19 39
17 20 40
18 20 40
17 19 41
18 19 41
17 20 42
18 20 42
17 19 43
18 19 43
17 20 44
18 20 44
17 19 45
18 19 45
17 20 46
18 20 46
17 19 47
18 19 47
17 20 48
18 20 48
