57 59 1
58 59 1
57 60 2
58 60 2
57 59 3
58 59 3
57 60 4
58 60 4
57 59 5
58 59 5
57 60 6
58 60 6
57 59 7
58 59 7
57 60 8
58 60 8
57 59 9
58 59 9
57 60 10
58 60 10
57 59 11
58 59 11
57 60 12
58 60 12
57 59 13
58 59 13
57 60 14
58 60 14
57 59 15
58 59 15
57 60 16
58 60 16
57 59 17
58 59 17
57 60 18
58 60 18
57 59 19
58 59 19
57 60 20
58 60 20
57 59 21
58 59 21
57 60 22
58 60 22
57 59 23
58 59 23
57 60 24
58 60 24
57 59 25
58 59 25
57 60 26
58 60 26
57 59 27
58 59 27
57 60 28
58 60 28
57 59 29
58 59 29
57 60 30
58 60 30
57 59 31
58 59 31
57 60 32
58 60 32
57 59 33
58 59 33
57 60 34
58 60 34
57 59 35
58 59 35
57 60 36
58 60 36
57 59 37
58 59 37
57 60 38
58 60 38
57 59 39
58 59 39
57 60 40
58 60 40
57 59 41
58 59 41
57 60 42
58 60 42
57 59 43
58 59 43
57 60 44
58 60 44
57 59 45
58 59 45
57 60 46
58 60 46
57 59 47
58 59 47
57 60 48
58 60 48
