42 44 1
43 44 1
42 45 2
43 45 2
42 44 3
43 44 3
42 45 4
43 45 4
42 44 5
43 44 5
42 45 6
43 45 6
42 44 7
43 44 7
42 45 8
43 45 8
42 44 9
43 44 9
42 45 10
43 45 10
42 44 11
43 44 11
42 45 12
43 45 12
42 44 13
43 44 13
42 45 14
43 45 14
42 44 15
43 44 15
42 45 16
43 45 16
42 44 17
43 44 17
42 45 18
43 45 18
42 44 19
43 44 19
42 45 20
43 45 20
42 44 21
43 44 21
42 45 22
43 45 22
42 44 23
43 44 23
42 45 24
43 45 24
42 44 25
43 44 25
42 45 26
43 45 26
42 44 27
43 44 27
42 45 28
43 45 28
42 44 29
43 44 29
42 45 30
43 45 30
42 44 31
43 44 31
42 45 32
43 45 32
42 44 33
43 44 33
42 45 34
43 45 34
42 44 35
43 44 35
42 45 36
43 45 36
42 44 37
43 44 37
42 45 38
43 45 38
42 44 39
43 44 39
42 45 40
43 45 40
42 44 41
43 44 41
42 45 42
43 45 42
42 44 43
43 44 43
42 45 44
43 45 44
42 44 45
43 44 45
42 45 46
43 45 46
42 44 47
43 44 47
42 45 48
43 45 48
