22 24 1
23 24 1
22 25 2
23 25 2
22 24 3
23 24 3
22 25 4
23 25 4
22 24 5
23 24 5
22 25 6
23 25 6
22 24 7
23 24 7
22 25 8
23 25 8
22 24 9
23 24 9
22 25 10
23 25 10
22 24 11
23 24 11
22 25 12
23 25 12
22 24 13
23 24 13
22 25 14
23 25 14
22 24 15
23 24 15
22 25 16
23 25 16
22 24 17
23 24 17
22 25 18
23 25 18
22 24 19
23 24 19
22 25 20
23 25 20
22 24 21
23 24 21
22 25 22
23 25 22
22 24 23
23 24 23
22 25 24
23 25 24
22 24 25
23 24 25
22 25 26
23 25 26
22 24 27
23 24 27
22 25 28
23 25 28
22 24 29
23 24 29
22 25 30
23 25 30
22 24 31
23 24 31
22 25 32
23 25 32
22 24 33
23 24 33
22 25 34
23 25 34
22 24 35
23 24 35
22 25 36
23 25 36
22 24 37
23 24 37
22 25 38
23 25 38
22 24 39
23 24 39
22 25 40
23 25 40
22 24 41
23 24 41
22 25 42
23 25 42
22 24 43
23 24 43
22 25 44
23 25 44
22 24 45
23 24 45
22 25 46
23 25 46
22 24 47
23 24 47
22 25 48
23 25 48
