52 54 1
53 54 1
52 55 2
53 55 2
52 54 3
53 54 3
52 55 4
53 55 4
52 54 5
53 54 5
52 55 6
53 55 6
52 54 7
53 54 7
52 55 8
53 55 8
52 54 9
53 54 9
52 55 10
53 55 10
52 54 11
53 54 11
52 55 12
53 55 12
52 54 13
53 54 13
52 55 14
53 55 14
52 54 15
53 54 15
52 55 16
53 55 16
52 54 17
53 54 17
52 55 18
53 55 18
52 54 19
53 54 19
52 55 20
53 55 20
52 54 21
53 54 21
52 55 22
53 55 22
52 54 23
53 54 23
52 55 24
53 55 24
52 54 25
53 54 25
52 55 26
53 55 26
52 54 27
53 54 27
52 55 28
53 55 28
52 54 29
53 54 29
52 55 30
53 55 30
52 54 31
53 54 31
52 55 32
53 55 32
52 54 33
53 54 33
52 55 34
53 55 34
52 54 35
53 54 35
52 55 36
53 55 36
52 54 37
53 54 37
52 55 38
53 55 38
52 54 39
53 54 39
52 55 40
53 55 40
52 54 41
53 54 41
52 55 42
53 55 42
52 54 43
53 54 43
52 55 44
53 55 44
52 54 45
53 54 45
52 55 46
53 55 46
52 54 47
53 54 47
52 55 48
53 55 48
