4 16 1
5 16 1
6 16 1
7 16 1
8 16 1
9 16 1
10 16 1
11 16 1
12 16 1
13 16 1
14 16 1
15 16 1
4 17 2
5 17 2
6 17 2
7 17 2
8 17 2
9 17 2
10 17 2
11 17 2
12 17 2
13 17 2
14 17 2
15 17 2
4 18 3
5 18 3
6 18 3
7 18 3
8 18 3
9 18 3
10 18 3
11 18 3
12 18 3
13 18 3
14 18 3
15 18 3
4 19 4
5 19 4
6 19 4
7 19 4
8 19 4
9 19 4
10 19 4
11 19 4
12 19 4
13 19 4
14 19 4
15 19 4
4 20 5
5 20 5
6 20 5
7 20 5
8 20 5
9 20 5
10 20 5
11 20 5
12 20 5
13 20 5
14 20 5
15 20 5
4 21 6
5 21 6
6 21 6
7 21 6
8 21 6
9 21 6
10 21 6
11 21 6
12 21 6
13 21 6
14 21 6
15 21 6
4 16 7
5 16 7
6 16 7
7 16 7
8 16 7
9 16 7
10 16 7
11 16 7
12 16 7
13 16 7
14 16 7
15 16 7
4 17 8
5 17 8
6 17 8
7 17 8
8 17 8
9 17 8
10 17 8
11 17 8
12 17 8
13 17 8
14 17 8
15 17 8
4 18 9
5 18 9
6 18 9
7 18 9
8 18 9
9 18 9
10 18 9
11 18 9
12 18 9
13 18 9
14 18 9
15 18 9
4 19 10
5 19 10
6 19 10
7 19 10
8 19 10
9 19 10
10 19 10
11 19 10
12 19 10
13 19 10
14 19 10
15 19 10
4 20 11
5 20 11
6 20 11
7 20 11
8 20 11
9 20 11
10 20 11
11 20 11
12 20 11
13 20 11
14 20 11
15 20 11
4 21 12
5 21 12
6 21 12
7 21 12
8 21 12
9 21 12
10 21 12
11 21 12
12 21 12
13 21 12
14 21 12
15 21 12
4 16 13
5 16 13
6 16 13
7 16 13
8 16 13
9 16 13
10 16 13
11 16 13
12 16 13
13 16 13
14 16 13
15 16 13
4 17 14
5 17 14
6 17 14
7 17 14
8 17 14
9 17 14
10 17 14
11 17 14
12 17 14
13 17 14
14 17 14
15 17 14
4 18 15
5 18 15
6 18 15
7 18 15
8 18 15
9 18 15
10 18 15
11 18 15
12 18 15
13 18 15
14 18 15
15 18 15
4 19 16
5 19 16
6 19 16
7 19 16
8 19 16
9 19 16
10 19 16
11 19 16
12 19 16
13 19 16
14 19 16
15 19 16
4 20 17
5 20 17
6 20 17
7 20 17
8 20 17
9 20 17
10 20 17
11 20 17
12 20 17
13 20 17
14 20 17
15 20 17
4 21 18
5 21 18
6 21 18
7 21 18
8 21 18
9 21 18
10 21 18
11 21 18
12 21 18
13 21 18
14 21 18
15 21 18
4 16 19
5 16 19
6 16 19
7 16 19
8 16 19
9 16 19
10 16 19
11 16 19
12 16 19
13 16 19
14 16 19
15 16 19
4 17 20
5 17 20
6 17 20
7 17 20
8 17 20
9 17 20
10 17 20
11 17 20
12 17 20
13 17 20
14 17 20
15 17 20
4 18 21
5 18 21
6 18 21
7 18 21
8 18 21
9 18 21
10 18 21
11 18 21
12 18 21
13 18 21
14 18 21
15 18 21
4 19 22
5 19 22
6 19 22
7 19 22
8 19 22
9 19 22
10 19 22
11 19 22
12 19 22
13 19 22
14 19 22
15 19 22
4 20 23
5 20 23
6 20 23
7 20 23
8 20 23
9 20 23
10 20 23
11 20 23
12 20 23
13 20 23
14 20 23
15 20 23
4 21 24
5 21 24
6 21 24
7 21 24
8 21 24
9 21 24
10 21 24
11 21 24
12 21 24
13 21 24
14 21 24
15 21 24
4 16 25
5 16 25
6 16 25
7 16 25
8 16 25
9 16 25
10 16 25
11 16 25
12 16 25
13 16 25
14 16 25
15 16 25
4 17 26
5 17 26
6 17 26
7 17 26
8 17 26
9 17 26
10 17 26
11 17 26
12 17 26
13 17 26
14 17 26
15 17 26
4 18 27
5 18 27
6 18 27
7 18 27
8 18 27
9 18 27
10 18 27
11 18 27
12 18 27
13 18 27
14 18 27
15 18 27
4 19 28
5 19 28
6 19 28
7 19 28
8 19 28
9 19 28
10 19 28
11 19 28
12 19 28
13 19 28
14 19 28
15 19 28
4 20 29
5 20 29
6 20 29
7 20 29
8 20 29
9 20 29
10 20 29
11 20 29
12 20 29
13 20 29
14 20 29
15 20 29
4 21 30
5 21 30
6 21 30
7 21 30
8 21 30
9 21 30
10 21 30
11 21 30
12 21 30
13 21 30
14 21 30
15 21 30
4 16 31
5 16 31
6 16 31
7 16 31
8 16 31
9 16 31
10 16 31
11 16 31
12 16 31
13 16 31
14 16 31
15 16 31
4 17 32
5 17 32
6 17 32
7 17 32
8 17 32
9 17 32
10 17 32
11 17 32
12 17 32
13 17 32
14 17 32
15 17 32
4 18 33
5 18 33
6 18 33
7 18 33
8 18 33
9 18 33
10 18 33
11 18 33
12 18 33
13 18 33
14 18 33
15 18 33
4 19 34
5 19 34
6 19 34
7 19 34
8 19 34
9 19 34
10 19 34
11 19 34
12 19 34
13 19 34
14 19 34
15 19 34
4 20 35
5 20 35
6 20 35
7 20 35
8 20 35
9 20 35
10 20 35
11 20 35
12 20 35
13 20 35
14 20 35
15 20 35
4 21 36
5 21 36
6 21 36
7 21 36
8 21 36
9 21 36
10 21 36
11 21 36
12 21 36
13 21 36
14 21 36
15 21 36
4 16 37
5 16 37
6 16 37
7 16 37
8 16 37
9 16 37
10 16 37
11 16 37
12 16 37
13 16 37
14 16 37
15 16 37
4 17 38
5 17 38
6 17 38
7 17 38
8 17 38
9 17 38
10 17 38
11 17 38
12 17 38
13 17 38
14 17 38
15 17 38
4 18 39
5 18 39
6 18 39
7 18 39
8 18 39
9 18 39
10 18 39
11 18 39
12 18 39
13 18 39
14 18 39
15 18 39
4 19 40
5 19 40
6 19 40
7 19 40
8 19 40
9 19 40
10 19 40
11 19 40
12 19 40
13 19 40
14 19 40
15 19 40
4 20 41
5 20 41
6 20 41
7 20 41
8 20 41
9 20 41
10 20 41
11 20 41
12 20 41
13 20 41
14 20 41
15 20 41
4 21 42
5 21 42
6 21 42
7 21 42
8 21 42
9 21 42
10 21 42
11 21 42
12 21 42
13 21 42
14 21 42
15 21 42
4 16 43
5 16 43
6 16 43
7 16 43
8 16 43
9 16 43
10 16 43
11 16 43
12 16 43
13 16 43
14 16 43
15 16 43
4 17 44
5 17 44
6 17 44
7 17 44
8 17 44
9 17 44
10 17 44
11 17 44
12 17 44
13 17 44
14 17 44
15 17 44
4 18 45
5 18 45
6 18 45
7 18 45
8 18 45
9 18 45
10 18 45
11 18 45
12 18 45
13 18 45
14 18 45
15 18 45
4 19 46
5 19 46
6 19 46
7 19 46
8 19 46
9 19 46
10 19 46
11 19 46
12 19 46
13 19 46
14 19 46
15 19 46
4 20 47
5 20 47
6 20 47
7 20 47
8 20 47
9 20 47
10 20 47
11 20 47
12 20 47
13 20 47
14 20 47
15 20 47
4 21 48
5 21 48
6 21 48
7 21 48
8 21 48
9 21 48
10 21 48
11 21 48
12 21 48
13 21 48
14 21 48
15 21 48
4 16 49
5 16 49
6 16 49
7 16 49
8 16 49
9 16 49
10 16 49
11 16 49
12 16 49
13 16 49
14 16 49
15 16 49
4 17 50
5 17 50
6 17 50
7 17 50
8 17 50
9 17 50
10 17 50
11 17 50
12 17 50
13 17 50
14 17 50
15 17 50
4 18 51
5 18 51
6 18 51
7 18 51
8 18 51
9 18 51
10 18 51
11 18 51
12 18 51
13 18 51
14 18 51
15 18 51
4 19 52
5 19 52
6 19 52
7 19 52
8 19 52
9 19 52
10 19 52
11 19 52
12 19 52
13 19 52
14 19 52
15 19 52
4 20 53
5 20 53
6 20 53
7 20 53
8 20 53
9 20 53
10 20 53
11 20 53
12 20 53
13 20 53
14 20 53
15 20 53
4 21 54
5 21 54
6 21 54
7 21 54
8 21 54
9 21 54
10 21 54
11 21 54
12 21 54
13 21 54
14 21 54
15 21 54
4 16 55
5 16 55
6 16 55
7 16 55
8 16 55
9 16 55
10 16 55
11 16 55
12 16 55
13 16 55
14 16 55
15 16 55
4 17 56
5 17 56
6 17 56
7 17 56
8 17 56
9 17 56
10 17 56
11 17 56
12 17 56
13 17 56
14 17 56
15 17 56
4 18 57
5 18 57
6 18 57
7 18 57
8 18 57
9 18 57
10 18 57
11 18 57
12 18 57
13 18 57
14 18 57
15 18 57
4 19 58
5 19 58
6 19 58
7 19 58
8 19 58
9 19 58
10 19 58
11 19 58
12 19 58
13 19 58
14 19 58
15 19 58
4 20 59
5 20 59
6 20 59
7 20 59
8 20 59
9 20 59
10 20 59
11 20 59
12 20 59
13 20 59
14 20 59
15 20 59
4 21 60
5 21 60
6 21 60
7 21 60
8 21 60
9 21 60
10 21 60
11 21 60
12 21 60
13 21 60
14 21 60
15 21 60
