3 11 1
3 11 2
3 11 3
3 11 4
3 11 5
3 11 6
3 11 7
3 11 8
3 11 9
3 11 10
3 11 11
3 11 12
3 11 13
3 11 14
3 11 15
3 11 16
3 11 17
3 11 18
3 11 19
3 11 20
3 11 21
3 11 22
3 11 23
3 11 24
3 11 25
3 11 26
3 11 27
3 11 28
3 11 29
3 11 30
3 11 31
3 11 32
3 11 33
3 11 34
3 11 35
3 11 36
3 11 37
3 11 38
3 11 39
3 11 40
3 11 41
3 11 42
3 11 43
3 11 44
3 11 45
3 11 46
3 11 47
3 11 48
3 11 49
3 11 50
3 11 51
3 11 52
3 11 53
3 11 54
3 11 55
3 11 56
3 11 57
3 11 58
3 11 59
3 11 60
3 11 61
3 11 62
3 11 63
3 11 64
3 11 65
3 11 66
3 11 67
3 11 68
3 11 69
3 11 70
3 11 71
3 11 72
3 11 73
3 11 74
3 11 75
3 11 76
3 11 77
3 11 78
3 11 79
3 11 80
3 11 81
3 11 82
3 11 83
3 11 84
3 11 85
3 11 86
3 11 87
3 11 88
3 11 89
3 11 90
3 11 91
3 11 92
3 11 93
3 11 94
3 11 95
3 11 96
3 11 97
3 11 98
3 11 99
3 11 100
3 11 101
3 11 102
3 11 103
3 11 104
3 11 105
3 11 106
3 11 107
3 11 108
3 11 109
3 11 110
3 11 111
3 11 112
3 11 113
3 11 114
3 11 115
3 11 116
3 11 117
3 11 118
3 11 119
3 11 120
3 11 121
3 11 122
3 11 123
3 11 124
3 11 125
3 11 126
3 11 127
3 11 128
3 11 129
3 11 130
3 11 131
3 11 132
3 11 133
3 11 134
3 11 135
3 11 136
3 11 137
3 11 138
3 11 139
3 11 140
3 11 141
3 11 142
3 11 143
3 11 144
3 11 145
3 11 146
3 11 147
3 11 148
3 11 149
3 11 150
3 11 151
3 11 152
3 11 153
3 11 154
3 11 155
3 11 156
3 11 157
3 11 158
3 11 159
3 11 160
3 11 161
3 11 162
3 11 163
3 11 164
3 11 165
3 11 166
3 11 167
3 11 168
3 11 169
3 11 170
3 11 171
3 11 172
3 11 173
3 11 174
3 11 175
3 11 176
3 11 177
3 11 178
3 11 179
3 11 180
3 11 181
3 11 182
3 11 183
3 11 184
3 11 185
3 11 186
3 11 187
3 11 188
3 11 189
3 11 190
3 11 191
3 11 192
3 11 193
3 11 194
3 11 195
3 11 196
3 11 197
3 11 198
3 11 199
3 11 200
3 11 201
3 11 202
3 11 203
3 11 204
3 11 205
3 11 206
3 11 207
3 11 208
3 11 209
3 11 210
3 11 211
3 11 212
3 11 213
3 11 214
3 11 215
3 11 216
3 11 217
3 11 218
3 11 219
3 11 220
3 11 221
3 11 222
3 11 223
3 11 224
3 11 225
3 11 226
3 11 227
3 11 228
3 11 229
3 11 230
3 11 231
3 11 232
3 11 233
3 11 234
3 11 235
3 11 236
3 11 237
3 11 238
3 11 239
3 11 240
3 11 241
3 11 242
3 11 243
3 11 244
3 11 245
