16 13 1
16 13 2
16 13 3
16 13 4
16 13 5
16 13 6
16 13 7
16 13 8
16 13 9
16 13 10
16 13 11
16 13 12
16 13 13
16 13 14
16 13 15
16 13 16
16 13 17
16 13 18
16 13 19
16 13 20
16 13 21
16 13 22
16 13 23
16 13 24
16 13 25
16 13 26
16 13 27
16 13 28
16 13 29
16 13 30
16 13 31
16 13 32
16 13 33
16 13 34
16 13 35
16 13 36
16 13 37
16 13 38
16 13 39
16 13 40
16 13 41
16 13 42
16 13 43
16 13 44
16 13 45
16 13 46
16 13 47
16 13 48
16 13 49
16 13 50
16 13 51
16 13 52
16 13 53
16 13 54
16 13 55
16 13 56
16 13 57
16 13 58
16 13 59
16 13 60
16 13 61
