16 14 1
16 14 2
16 14 3
16 14 4
16 14 5
16 14 6
16 14 7
16 14 8
16 14 9
16 14 10
16 14 11
16 14 12
16 14 13
16 14 14
16 14 15
16 14 16
16 14 17
16 14 18
16 14 19
16 14 20
16 14 21
16 14 22
16 14 23
16 14 24
16 14 25
16 14 26
16 14 27
16 14 28
16 14 29
16 14 30
16 14 31
16 14 32
16 14 33
16 14 34
16 14 35
16 14 36
16 14 37
16 14 38
16 14 39
16 14 40
16 14 41
16 14 42
16 14 43
16 14 44
16 14 45
16 14 46
16 14 47
16 14 48
16 14 49
16 14 50
16 14 51
16 14 52
16 14 53
16 14 54
16 14 55
16 14 56
16 14 57
16 14 58
16 14 59
16 14 60
16 14 61
