88 94 1
89 94 1
90 94 1
91 94 1
92 94 1
93 94 1
88 95 2
89 95 2
90 95 2
91 95 2
92 95 2
93 95 2
88 94 3
89 94 3
90 94 3
91 94 3
92 94 3
93 94 3
88 95 4
89 95 4
90 95 4
91 95 4
92 95 4
93 95 4
88 94 5
89 94 5
90 94 5
91 94 5
92 94 5
93 94 5
88 95 6
89 95 6
90 95 6
91 95 6
92 95 6
93 95 6
88 94 7
89 94 7
90 94 7
91 94 7
92 94 7
93 94 7
88 95 8
89 95 8
90 95 8
91 95 8
92 95 8
93 95 8
88 94 9
89 94 9
90 94 9
91 94 9
92 94 9
93 94 9
88 95 10
89 95 10
90 95 10
91 95 10
92 95 10
93 95 10
88 94 11
89 94 11
90 94 11
91 94 11
92 94 11
93 94 11
88 95 12
89 95 12
90 95 12
91 95 12
92 95 12
93 95 12
88 94 13
89 94 13
90 94 13
91 94 13
92 94 13
93 94 13
88 95 14
89 95 14
90 95 14
91 95 14
92 95 14
93 95 14
88 94 15
89 94 15
90 94 15
91 94 15
92 94 15
93 94 15
88 95 16
89 95 16
90 95 16
91 95 16
92 95 16
93 95 16
88 94 17
89 94 17
90 94 17
91 94 17
92 94 17
93 94 17
88 95 18
89 95 18
90 95 18
91 95 18
92 95 18
93 95 18
88 94 19
89 94 19
90 94 19
91 94 19
92 94 19
93 94 19
88 95 20
89 95 20
90 95 20
91 95 20
92 95 20
93 95 20
