66 72 1
67 72 1
68 72 1
69 72 1
70 72 1
71 72 1
66 73 2
67 73 2
68 73 2
69 73 2
70 73 2
71 73 2
66 72 3
67 72 3
68 72 3
69 72 3
70 72 3
71 72 3
66 73 4
67 73 4
68 73 4
69 73 4
70 73 4
71 73 4
66 72 5
67 72 5
68 72 5
69 72 5
70 72 5
71 72 5
66 73 6
67 73 6
68 73 6
69 73 6
70 73 6
71 73 6
66 72 7
67 72 7
68 72 7
69 72 7
70 72 7
71 72 7
66 73 8
67 73 8
68 73 8
69 73 8
70 73 8
71 73 8
66 72 9
67 72 9
68 72 9
69 72 9
70 72 9
71 72 9
66 73 10
67 73 10
68 73 10
69 73 10
70 73 10
71 73 10
66 72 11
67 72 11
68 72 11
69 72 11
70 72 11
71 72 11
66 73 12
67 73 12
68 73 12
69 73 12
70 73 12
71 73 12
66 72 13
67 72 13
68 72 13
69 72 13
70 72 13
71 72 13
66 73 14
67 73 14
68 73 14
69 73 14
70 73 14
71 73 14
66 72 15
67 72 15
68 72 15
69 72 15
70 72 15
71 72 15
66 73 16
67 73 16
68 73 16
69 73 16
70 73 16
71 73 16
66 72 17
67 72 17
68 72 17
69 72 17
70 72 17
71 72 17
66 73 18
67 73 18
68 73 18
69 73 18
70 73 18
71 73 18
66 72 19
67 72 19
68 72 19
69 72 19
70 72 19
71 72 19
66 73 20
67 73 20
68 73 20
69 73 20
70 73 20
71 73 20
