4 10 1
5 10 1
6 10 1
7 10 1
8 10 1
9 10 1
4 11 2
5 11 2
6 11 2
7 11 2
8 11 2
9 11 2
4 10 3
5 10 3
6 10 3
7 10 3
8 10 3
9 10 3
4 11 4
5 11 4
6 11 4
7 11 4
8 11 4
9 11 4
4 10 5
5 10 5
6 10 5
7 10 5
8 10 5
9 10 5
4 11 6
5 11 6
6 11 6
7 11 6
8 11 6
9 11 6
4 10 7
5 10 7
6 10 7
7 10 7
8 10 7
9 10 7
4 11 8
5 11 8
6 11 8
7 11 8
8 11 8
9 11 8
4 10 9
5 10 9
6 10 9
7 10 9
8 10 9
9 10 9
4 11 10
5 11 10
6 11 10
7 11 10
8 11 10
9 11 10
4 10 11
5 10 11
6 10 11
7 10 11
8 10 11
9 10 11
4 11 12
5 11 12
6 11 12
7 11 12
8 11 12
9 11 12
4 10 13
5 10 13
6 10 13
7 10 13
8 10 13
9 10 13
4 11 14
5 11 14
6 11 14
7 11 14
8 11 14
9 11 14
4 10 15
5 10 15
6 10 15
7 10 15
8 10 15
9 10 15
4 11 16
5 11 16
6 11 16
7 11 16
8 11 16
9 11 16
4 10 17
5 10 17
6 10 17
7 10 17
8 10 17
9 10 17
4 11 18
5 11 18
6 11 18
7 11 18
8 11 18
9 11 18
4 10 19
5 10 19
6 10 19
7 10 19
8 10 19
9 10 19
4 11 20
5 11 20
6 11 20
7 11 20
8 11 20
9 11 20
