6 13 1
6 13 2
6 13 3
6 13 4
6 13 5
6 13 6
6 13 7
6 13 8
6 13 9
6 13 10
6 13 11
6 13 12
6 13 13
6 13 14
6 13 15
6 13 16
6 13 17
6 13 18
6 13 19
6 13 20
6 13 21
6 13 22
6 13 23
6 13 24
6 13 25
6 13 26
6 13 27
6 13 28
6 13 29
6 13 30
6 13 31
6 13 32
6 13 33
6 13 34
6 13 35
6 13 36
6 13 37
6 13 38
6 13 39
6 13 40
6 13 41
6 13 42
6 13 43
6 13 44
6 13 45
6 13 46
6 13 47
6 13 48
6 13 49
6 13 50
6 13 51
6 13 52
6 13 53
6 13 54
6 13 55
6 13 56
6 13 57
6 13 58
6 13 59
6 13 60
6 13 61
6 13 62
6 13 63
6 13 64
6 13 65
6 13 66
6 13 67
6 13 68
6 13 69
6 13 70
6 13 71
6 13 72
6 13 73
6 13 74
6 13 75
6 13 76
6 13 77
6 13 78
6 13 79
6 13 80
6 13 81
6 13 82
6 13 83
6 13 84
6 13 85
6 13 86
6 13 87
6 13 88
6 13 89
6 13 90
6 13 91
6 13 92
6 13 93
6 13 94
6 13 95
6 13 96
6 13 97
6 13 98
6 13 99
6 13 100
6 13 101
6 13 102
6 13 103
6 13 104
6 13 105
6 13 106
6 13 107
6 13 108
6 13 109
6 13 110
6 13 111
6 13 112
6 13 113
6 13 114
6 13 115
6 13 116
6 13 117
6 13 118
6 13 119
6 13 120
6 13 121
6 13 122
6 13 123
6 13 124
6 13 125
6 13 126
6 13 127
6 13 128
6 13 129
6 13 130
6 13 131
6 13 132
6 13 133
6 13 134
6 13 135
6 13 136
6 13 137
6 13 138
6 13 139
6 13 140
6 13 141
6 13 142
6 13 143
6 13 144
6 13 145
6 13 146
6 13 147
6 13 148
6 13 149
6 13 150
6 13 151
6 13 152
6 13 153
6 13 154
6 13 155
6 13 156
6 13 157
6 13 158
6 13 159
6 13 160
6 13 161
6 13 162
6 13 163
6 13 164
6 13 165
6 13 166
6 13 167
6 13 168
6 13 169
6 13 170
6 13 171
6 13 172
6 13 173
6 13 174
6 13 175
6 13 176
6 13 177
6 13 178
6 13 179
6 13 180
6 13 181
6 13 182
6 13 183
6 13 184
6 13 185
6 13 186
6 13 187
6 13 188
6 13 189
6 13 190
6 13 191
6 13 192
6 13 193
6 13 194
6 13 195
6 13 196
6 13 197
6 13 198
6 13 199
6 13 200
6 13 201
6 13 202
6 13 203
6 13 204
6 13 205
6 13 206
6 13 207
6 13 208
6 13 209
6 13 210
6 13 211
6 13 212
6 13 213
6 13 214
6 13 215
6 13 216
6 13 217
6 13 218
6 13 219
6 13 220
6 13 221
6 13 222
6 13 223
6 13 224
6 13 225
6 13 226
6 13 227
6 13 228
6 13 229
6 13 230
6 13 231
6 13 232
6 13 233
6 13 234
6 13 235
6 13 236
6 13 237
6 13 238
6 13 239
6 13 240
6 13 241
6 13 242
6 13 243
6 13 244
6 13 245
6 13 246
6 13 247
6 13 248
6 13 249
6 13 250
6 13 251
6 13 252
6 13 253
6 13 254
6 13 255
6 13 256
6 13 257
6 13 258
6 13 259
6 13 260
6 13 261
6 13 262
6 13 263
6 13 264
6 13 265
6 13 266
6 13 267
6 13 268
6 13 269
6 13 270
6 13 271
6 13 272
6 13 273
6 13 274
6 13 275
6 13 276
6 13 277
6 13 278
6 13 279
6 13 280
6 13 281
6 13 282
6 13 283
6 13 284
6 13 285
6 13 286
6 13 287
6 13 288
6 13 289
6 13 290
6 13 291
6 13 292
6 13 293
6 13 294
6 13 295
6 13 296
6 13 297
6 13 298
6 13 299
6 13 300
6 13 301
6 13 302
6 13 303
6 13 304
6 13 305
6 13 306
6 13 307
6 13 308
6 13 309
6 13 310
6 13 311
6 13 312
6 13 313
6 13 314
6 13 315
6 13 316
6 13 317
6 13 318
6 13 319
6 13 320
6 13 321
6 13 322
6 13 323
6 13 324
6 13 325
6 13 326
6 13 327
6 13 328
6 13 329
6 13 330
6 13 331
6 13 332
6 13 333
6 13 334
6 13 335
6 13 336
6 13 337
6 13 338
6 13 339
6 13 340
6 13 341
6 13 342
6 13 343
6 13 344
6 13 345
6 13 346
6 13 347
6 13 348
6 13 349
6 13 350
6 13 351
6 13 352
6 13 353
6 13 354
6 13 355
6 13 356
6 13 357
6 13 358
6 13 359
6 13 360
6 13 361
6 13 362
6 13 363
6 13 364
6 13 365
6 13 366
6 13 367
6 13 368
6 13 369
6 13 370
6 13 371
6 13 372
6 13 373
6 13 374
6 13 375
6 13 376
6 13 377
6 13 378
6 13 379
6 13 380
6 13 381
6 13 382
6 13 383
6 13 384
6 13 385
6 13 386
6 13 387
6 13 388
6 13 389
6 13 390
6 13 391
6 13 392
6 13 393
6 13 394
6 13 395
6 13 396
6 13 397
6 13 398
6 13 399
6 13 400
6 13 401
6 13 402
6 13 403
6 13 404
6 13 405
6 13 406
6 13 407
6 13 408
6 13 409
6 13 410
6 13 411
6 13 412
6 13 413
6 13 414
6 13 415
6 13 416
6 13 417
6 13 418
6 13 419
6 13 420
6 13 421
6 13 422
6 13 423
6 13 424
6 13 425
6 13 426
6 13 427
6 13 428
6 13 429
6 13 430
6 13 431
6 13 432
6 13 433
6 13 434
6 13 435
6 13 436
6 13 437
6 13 438
6 13 439
6 13 440
6 13 441
6 13 442
6 13 443
6 13 444
6 13 445
6 13 446
6 13 447
6 13 448
6 13 449
6 13 450
6 13 451
6 13 452
6 13 453
6 13 454
6 13 455
6 13 456
6 13 457
6 13 458
6 13 459
6 13 460
6 13 461
6 13 462
6 13 463
6 13 464
6 13 465
6 13 466
6 13 467
6 13 468
6 13 469
6 13 470
6 13 471
6 13 472
6 13 473
6 13 474
6 13 475
6 13 476
6 13 477
6 13 478
6 13 479
6 13 480
6 13 481
6 13 482
6 13 483
6 13 484
6 13 485
6 13 486
6 13 487
6 13 488
6 13 489
6 13 490
6 13 491
6 13 492
6 13 493
6 13 494
6 13 495
6 13 496
6 13 497
6 13 498
6 13 499
6 13 500
6 13 501
6 13 502
6 13 503
6 13 504
6 13 505
6 13 506
6 13 507
6 13 508
6 13 509
6 13 510
6 13 511
6 13 512
6 13 513
6 13 514
6 13 515
6 13 516
6 13 517
6 13 518
6 13 519
6 13 520
6 13 521
6 13 522
6 13 523
6 13 524
6 13 525
6 13 526
6 13 527
6 13 528
6 13 529
6 13 530
6 13 531
6 13 532
6 13 533
6 13 534
6 13 535
6 13 536
6 13 537
6 13 538
6 13 539
6 13 540
6 13 541
6 13 542
6 13 543
6 13 544
6 13 545
6 13 546
6 13 547
6 13 548
6 13 549
6 13 550
6 13 551
6 13 552
6 13 553
6 13 554
6 13 555
6 13 556
6 13 557
6 13 558
6 13 559
6 13 560
6 13 561
6 13 562
6 13 563
6 13 564
6 13 565
6 13 566
6 13 567
6 13 568
6 13 569
6 13 570
6 13 571
6 13 572
6 13 573
6 13 574
6 13 575
6 13 576
6 13 577
6 13 578
6 13 579
6 13 580
6 13 581
6 13 582
6 13 583
6 13 584
6 13 585
6 13 586
6 13 587
6 13 588
6 13 589
