1 14 1
1 14 2
1 14 3
1 14 4
1 14 5
1 14 6
1 14 7
1 14 8
1 14 9
1 14 10
1 14 11
1 14 12
1 14 13
1 14 14
1 14 15
1 14 16
1 14 17
1 14 18
1 14 19
1 14 20
1 14 21
1 14 22
1 14 23
1 14 24
1 14 25
1 14 26
1 14 27
1 14 28
1 14 29
1 14 30
1 14 31
1 14 32
1 14 33
1 14 34
1 14 35
1 14 36
1 14 37
1 14 38
1 14 39
1 14 40
1 14 41
1 14 42
1 14 43
1 14 44
1 14 45
1 14 46
1 14 47
1 14 48
1 14 49
1 14 50
1 14 51
1 14 52
1 14 53
1 14 54
1 14 55
1 14 56
1 14 57
1 14 58
1 14 59
1 14 60
1 14 61
1 14 62
1 14 63
1 14 64
1 14 65
1 14 66
1 14 67
1 14 68
1 14 69
1 14 70
1 14 71
1 14 72
1 14 73
1 14 74
1 14 75
1 14 76
1 14 77
1 14 78
1 14 79
1 14 80
1 14 81
1 14 82
1 14 83
1 14 84
1 14 85
1 14 86
1 14 87
1 14 88
1 14 89
1 14 90
1 14 91
1 14 92
1 14 93
1 14 94
1 14 95
1 14 96
1 14 97
1 14 98
1 14 99
1 14 100
1 14 101
1 14 102
1 14 103
1 14 104
1 14 105
1 14 106
1 14 107
1 14 108
1 14 109
1 14 110
1 14 111
1 14 112
1 14 113
1 14 114
1 14 115
1 14 116
1 14 117
1 14 118
1 14 119
1 14 120
1 14 121
1 14 122
1 14 123
1 14 124
1 14 125
1 14 126
1 14 127
1 14 128
1 14 129
1 14 130
1 14 131
1 14 132
1 14 133
1 14 134
1 14 135
1 14 136
1 14 137
1 14 138
1 14 139
1 14 140
1 14 141
1 14 142
1 14 143
1 14 144
1 14 145
1 14 146
1 14 147
1 14 148
1 14 149
1 14 150
1 14 151
1 14 152
1 14 153
1 14 154
1 14 155
1 14 156
1 14 157
1 14 158
1 14 159
1 14 160
1 14 161
1 14 162
1 14 163
1 14 164
1 14 165
1 14 166
1 14 167
1 14 168
1 14 169
1 14 170
1 14 171
1 14 172
1 14 173
1 14 174
1 14 175
1 14 176
1 14 177
1 14 178
1 14 179
1 14 180
1 14 181
1 14 182
1 14 183
1 14 184
1 14 185
1 14 186
1 14 187
1 14 188
1 14 189
1 14 190
1 14 191
1 14 192
1 14 193
1 14 194
1 14 195
1 14 196
1 14 197
1 14 198
1 14 199
1 14 200
1 14 201
1 14 202
1 14 203
1 14 204
1 14 205
1 14 206
1 14 207
1 14 208
1 14 209
1 14 210
1 14 211
1 14 212
1 14 213
1 14 214
1 14 215
1 14 216
1 14 217
1 14 218
1 14 219
1 14 220
1 14 221
1 14 222
1 14 223
1 14 224
1 14 225
1 14 226
1 14 227
1 14 228
1 14 229
1 14 230
1 14 231
1 14 232
1 14 233
1 14 234
1 14 235
1 14 236
1 14 237
1 14 238
1 14 239
1 14 240
1 14 241
1 14 242
1 14 243
1 14 244
1 14 245
1 14 246
1 14 247
1 14 248
1 14 249
1 14 250
1 14 251
1 14 252
1 14 253
1 14 254
1 14 255
1 14 256
1 14 257
1 14 258
1 14 259
1 14 260
1 14 261
1 14 262
1 14 263
1 14 264
1 14 265
1 14 266
1 14 267
1 14 268
1 14 269
1 14 270
1 14 271
1 14 272
1 14 273
1 14 274
1 14 275
1 14 276
1 14 277
1 14 278
1 14 279
1 14 280
1 14 281
1 14 282
1 14 283
1 14 284
1 14 285
1 14 286
1 14 287
1 14 288
1 14 289
1 14 290
1 14 291
1 14 292
1 14 293
1 14 294
1 14 295
1 14 296
1 14 297
1 14 298
1 14 299
1 14 300
1 14 301
1 14 302
1 14 303
1 14 304
1 14 305
1 14 306
1 14 307
1 14 308
1 14 309
1 14 310
1 14 311
1 14 312
1 14 313
1 14 314
1 14 315
1 14 316
1 14 317
1 14 318
1 14 319
1 14 320
1 14 321
1 14 322
1 14 323
1 14 324
1 14 325
1 14 326
1 14 327
1 14 328
1 14 329
1 14 330
1 14 331
1 14 332
1 14 333
1 14 334
1 14 335
1 14 336
1 14 337
1 14 338
1 14 339
1 14 340
1 14 341
1 14 342
1 14 343
1 14 344
1 14 345
1 14 346
1 14 347
1 14 348
1 14 349
1 14 350
1 14 351
1 14 352
1 14 353
1 14 354
1 14 355
1 14 356
1 14 357
1 14 358
1 14 359
1 14 360
1 14 361
1 14 362
1 14 363
1 14 364
1 14 365
1 14 366
1 14 367
1 14 368
1 14 369
1 14 370
1 14 371
1 14 372
1 14 373
1 14 374
1 14 375
1 14 376
1 14 377
1 14 378
1 14 379
1 14 380
1 14 381
1 14 382
1 14 383
1 14 384
1 14 385
1 14 386
1 14 387
1 14 388
1 14 389
1 14 390
1 14 391
1 14 392
1 14 393
1 14 394
1 14 395
1 14 396
1 14 397
1 14 398
1 14 399
1 14 400
1 14 401
1 14 402
1 14 403
1 14 404
1 14 405
1 14 406
1 14 407
1 14 408
1 14 409
1 14 410
1 14 411
1 14 412
1 14 413
1 14 414
1 14 415
1 14 416
1 14 417
1 14 418
1 14 419
1 14 420
1 14 421
1 14 422
1 14 423
1 14 424
1 14 425
1 14 426
1 14 427
1 14 428
1 14 429
1 14 430
1 14 431
1 14 432
1 14 433
1 14 434
1 14 435
1 14 436
1 14 437
1 14 438
1 14 439
1 14 440
1 14 441
1 14 442
1 14 443
1 14 444
1 14 445
1 14 446
1 14 447
1 14 448
1 14 449
1 14 450
1 14 451
1 14 452
1 14 453
1 14 454
1 14 455
1 14 456
1 14 457
1 14 458
1 14 459
1 14 460
1 14 461
1 14 462
1 14 463
1 14 464
1 14 465
1 14 466
1 14 467
1 14 468
1 14 469
1 14 470
1 14 471
1 14 472
1 14 473
1 14 474
1 14 475
1 14 476
1 14 477
1 14 478
1 14 479
1 14 480
1 14 481
1 14 482
1 14 483
1 14 484
1 14 485
1 14 486
1 14 487
1 14 488
1 14 489
1 14 490
1 14 491
1 14 492
1 14 493
1 14 494
1 14 495
1 14 496
1 14 497
1 14 498
1 14 499
1 14 500
1 14 501
1 14 502
1 14 503
1 14 504
1 14 505
1 14 506
1 14 507
1 14 508
1 14 509
1 14 510
1 14 511
1 14 512
1 14 513
1 14 514
1 14 515
1 14 516
1 14 517
1 14 518
1 14 519
1 14 520
1 14 521
1 14 522
1 14 523
1 14 524
1 14 525
1 14 526
1 14 527
1 14 528
1 14 529
1 14 530
1 14 531
1 14 532
1 14 533
1 14 534
1 14 535
1 14 536
1 14 537
1 14 538
1 14 539
1 14 540
1 14 541
1 14 542
1 14 543
1 14 544
1 14 545
1 14 546
1 14 547
1 14 548
1 14 549
1 14 550
1 14 551
1 14 552
1 14 553
1 14 554
1 14 555
1 14 556
1 14 557
1 14 558
1 14 559
1 14 560
1 14 561
1 14 562
1 14 563
1 14 564
1 14 565
1 14 566
1 14 567
1 14 568
1 14 569
1 14 570
1 14 571
1 14 572
1 14 573
1 14 574
1 14 575
1 14 576
1 14 577
1 14 578
1 14 579
1 14 580
1 14 581
1 14 582
1 14 583
1 14 584
1 14 585
1 14 586
1 14 587
1 14 588
1 14 589
