9 12 1
9 12 2
9 12 3
9 12 4
9 12 5
9 12 6
9 12 7
9 12 8
9 12 9
9 12 10
9 12 11
9 12 12
9 12 13
9 12 14
9 12 15
9 12 16
9 12 17
9 12 18
9 12 19
9 12 20
9 12 21
9 12 22
9 12 23
9 12 24
9 12 25
9 12 26
9 12 27
9 12 28
9 12 29
9 12 30
9 12 31
9 12 32
9 12 33
9 12 34
9 12 35
9 12 36
9 12 37
9 12 38
9 12 39
9 12 40
9 12 41
9 12 42
9 12 43
9 12 44
9 12 45
9 12 46
9 12 47
9 12 48
9 12 49
9 12 50
9 12 51
9 12 52
9 12 53
9 12 54
9 12 55
9 12 56
9 12 57
9 12 58
9 12 59
9 12 60
9 12 61
9 12 62
9 12 63
9 12 64
9 12 65
9 12 66
9 12 67
9 12 68
9 12 69
9 12 70
9 12 71
9 12 72
9 12 73
9 12 74
9 12 75
9 12 76
9 12 77
9 12 78
9 12 79
9 12 80
9 12 81
9 12 82
9 12 83
9 12 84
9 12 85
9 12 86
9 12 87
9 12 88
9 12 89
9 12 90
9 12 91
9 12 92
9 12 93
9 12 94
9 12 95
9 12 96
9 12 97
9 12 98
