8 12 1
8 12 2
8 12 3
8 12 4
8 12 5
8 12 6
8 12 7
8 12 8
8 12 9
8 12 10
8 12 11
8 12 12
8 12 13
8 12 14
8 12 15
8 12 16
8 12 17
8 12 18
8 12 19
8 12 20
8 12 21
8 12 22
8 12 23
8 12 24
8 12 25
8 12 26
8 12 27
8 12 28
8 12 29
8 12 30
8 12 31
8 12 32
8 12 33
8 12 34
8 12 35
8 12 36
8 12 37
8 12 38
8 12 39
8 12 40
8 12 41
8 12 42
8 12 43
8 12 44
8 12 45
8 12 46
8 12 47
8 12 48
8 12 49
8 12 50
8 12 51
8 12 52
8 12 53
8 12 54
8 12 55
8 12 56
8 12 57
8 12 58
8 12 59
8 12 60
8 12 61
8 12 62
8 12 63
8 12 64
8 12 65
8 12 66
8 12 67
8 12 68
8 12 69
8 12 70
8 12 71
8 12 72
8 12 73
8 12 74
8 12 75
8 12 76
8 12 77
8 12 78
8 12 79
8 12 80
8 12 81
8 12 82
8 12 83
8 12 84
8 12 85
8 12 86
8 12 87
8 12 88
8 12 89
8 12 90
8 12 91
8 12 92
8 12 93
8 12 94
8 12 95
8 12 96
8 12 97
8 12 98
8 12 99
8 12 100
8 12 101
8 12 102
8 12 103
8 12 104
8 12 105
8 12 106
8 12 107
8 12 108
8 12 109
8 12 110
8 12 111
8 12 112
8 12 113
8 12 114
8 12 115
8 12 116
8 12 117
8 12 118
8 12 119
8 12 120
8 12 121
8 12 122
8 12 123
8 12 124
8 12 125
8 12 126
8 12 127
8 12 128
8 12 129
8 12 130
8 12 131
8 12 132
8 12 133
8 12 134
8 12 135
8 12 136
8 12 137
8 12 138
8 12 139
8 12 140
8 12 141
8 12 142
8 12 143
8 12 144
8 12 145
8 12 146
8 12 147
8 12 148
8 12 149
8 12 150
8 12 151
8 12 152
8 12 153
8 12 154
8 12 155
8 12 156
8 12 157
8 12 158
8 12 159
8 12 160
8 12 161
8 12 162
8 12 163
8 12 164
8 12 165
8 12 166
8 12 167
8 12 168
8 12 169
8 12 170
8 12 171
8 12 172
8 12 173
8 12 174
8 12 175
8 12 176
8 12 177
8 12 178
8 12 179
8 12 180
8 12 181
8 12 182
8 12 183
8 12 184
8 12 185
8 12 186
8 12 187
8 12 188
8 12 189
8 12 190
8 12 191
8 12 192
8 12 193
8 12 194
8 12 195
8 12 196
8 12 197
8 12 198
8 12 199
8 12 200
8 12 201
8 12 202
8 12 203
8 12 204
8 12 205
8 12 206
8 12 207
8 12 208
8 12 209
8 12 210
8 12 211
8 12 212
8 12 213
8 12 214
8 12 215
8 12 216
8 12 217
8 12 218
8 12 219
8 12 220
8 12 221
8 12 222
8 12 223
8 12 224
8 12 225
8 12 226
8 12 227
8 12 228
8 12 229
8 12 230
8 12 231
8 12 232
8 12 233
8 12 234
8 12 235
8 12 236
8 12 237
8 12 238
8 12 239
8 12 240
8 12 241
8 12 242
8 12 243
8 12 244
8 12 245
8 12 246
8 12 247
8 12 248
8 12 249
8 12 250
8 12 251
8 12 252
8 12 253
8 12 254
8 12 255
8 12 256
8 12 257
8 12 258
8 12 259
8 12 260
8 12 261
8 12 262
8 12 263
8 12 264
8 12 265
8 12 266
8 12 267
8 12 268
8 12 269
8 12 270
8 12 271
8 12 272
8 12 273
8 12 274
8 12 275
8 12 276
8 12 277
8 12 278
8 12 279
8 12 280
8 12 281
8 12 282
8 12 283
8 12 284
8 12 285
8 12 286
8 12 287
8 12 288
8 12 289
8 12 290
8 12 291
8 12 292
8 12 293
8 12 294
8 12 295
8 12 296
8 12 297
8 12 298
8 12 299
8 12 300
8 12 301
8 12 302
8 12 303
8 12 304
8 12 305
8 12 306
8 12 307
8 12 308
8 12 309
8 12 310
8 12 311
8 12 312
8 12 313
8 12 314
8 12 315
8 12 316
8 12 317
8 12 318
8 12 319
8 12 320
8 12 321
8 12 322
8 12 323
8 12 324
8 12 325
8 12 326
8 12 327
8 12 328
8 12 329
8 12 330
8 12 331
8 12 332
8 12 333
8 12 334
8 12 335
8 12 336
8 12 337
8 12 338
8 12 339
8 12 340
8 12 341
8 12 342
8 12 343
8 12 344
8 12 345
8 12 346
8 12 347
8 12 348
8 12 349
8 12 350
8 12 351
8 12 352
8 12 353
8 12 354
8 12 355
8 12 356
8 12 357
8 12 358
8 12 359
8 12 360
8 12 361
8 12 362
8 12 363
8 12 364
8 12 365
8 12 366
8 12 367
8 12 368
8 12 369
8 12 370
8 12 371
8 12 372
8 12 373
8 12 374
8 12 375
8 12 376
8 12 377
8 12 378
8 12 379
8 12 380
8 12 381
8 12 382
8 12 383
8 12 384
8 12 385
8 12 386
8 12 387
8 12 388
8 12 389
8 12 390
8 12 391
8 12 392
8 12 393
8 12 394
8 12 395
8 12 396
8 12 397
8 12 398
8 12 399
8 12 400
8 12 401
8 12 402
8 12 403
8 12 404
8 12 405
8 12 406
8 12 407
8 12 408
8 12 409
8 12 410
8 12 411
8 12 412
8 12 413
8 12 414
8 12 415
8 12 416
8 12 417
8 12 418
8 12 419
8 12 420
8 12 421
8 12 422
8 12 423
8 12 424
8 12 425
8 12 426
8 12 427
8 12 428
8 12 429
8 12 430
8 12 431
8 12 432
8 12 433
8 12 434
8 12 435
8 12 436
8 12 437
8 12 438
8 12 439
8 12 440
8 12 441
8 12 442
8 12 443
8 12 444
8 12 445
8 12 446
8 12 447
8 12 448
8 12 449
8 12 450
8 12 451
8 12 452
8 12 453
8 12 454
8 12 455
8 12 456
8 12 457
8 12 458
8 12 459
8 12 460
8 12 461
8 12 462
8 12 463
8 12 464
8 12 465
8 12 466
8 12 467
8 12 468
8 12 469
8 12 470
8 12 471
8 12 472
8 12 473
8 12 474
8 12 475
8 12 476
8 12 477
8 12 478
8 12 479
8 12 480
8 12 481
8 12 482
8 12 483
8 12 484
8 12 485
8 12 486
8 12 487
8 12 488
8 12 489
8 12 490
8 12 491
8 12 492
8 12 493
8 12 494
8 12 495
8 12 496
8 12 497
8 12 498
8 12 499
8 12 500
8 12 501
8 12 502
8 12 503
8 12 504
8 12 505
8 12 506
8 12 507
8 12 508
8 12 509
8 12 510
8 12 511
8 12 512
8 12 513
8 12 514
8 12 515
8 12 516
8 12 517
8 12 518
8 12 519
8 12 520
8 12 521
8 12 522
8 12 523
8 12 524
8 12 525
8 12 526
8 12 527
8 12 528
8 12 529
8 12 530
8 12 531
8 12 532
8 12 533
8 12 534
8 12 535
8 12 536
8 12 537
8 12 538
8 12 539
8 12 540
8 12 541
8 12 542
8 12 543
8 12 544
8 12 545
8 12 546
8 12 547
8 12 548
8 12 549
8 12 550
8 12 551
8 12 552
8 12 553
8 12 554
8 12 555
8 12 556
8 12 557
8 12 558
8 12 559
8 12 560
8 12 561
8 12 562
8 12 563
8 12 564
8 12 565
8 12 566
8 12 567
8 12 568
8 12 569
8 12 570
8 12 571
8 12 572
8 12 573
8 12 574
8 12 575
8 12 576
8 12 577
8 12 578
8 12 579
8 12 580
8 12 581
8 12 582
8 12 583
8 12 584
8 12 585
8 12 586
8 12 587
8 12 588
8 12 589
