2 14 1
2 14 2
2 14 3
2 14 4
2 14 5
2 14 6
2 14 7
2 14 8
2 14 9
2 14 10
2 14 11
2 14 12
2 14 13
2 14 14
2 14 15
2 14 16
2 14 17
2 14 18
2 14 19
2 14 20
2 14 21
2 14 22
2 14 23
2 14 24
2 14 25
2 14 26
2 14 27
2 14 28
2 14 29
2 14 30
2 14 31
2 14 32
2 14 33
2 14 34
2 14 35
2 14 36
2 14 37
2 14 38
2 14 39
2 14 40
2 14 41
2 14 42
2 14 43
2 14 44
2 14 45
2 14 46
2 14 47
2 14 48
2 14 49
2 14 50
2 14 51
2 14 52
2 14 53
2 14 54
2 14 55
2 14 56
2 14 57
2 14 58
2 14 59
2 14 60
2 14 61
2 14 62
2 14 63
2 14 64
2 14 65
2 14 66
2 14 67
2 14 68
2 14 69
2 14 70
2 14 71
2 14 72
2 14 73
2 14 74
2 14 75
2 14 76
2 14 77
2 14 78
2 14 79
2 14 80
2 14 81
2 14 82
2 14 83
2 14 84
2 14 85
2 14 86
2 14 87
2 14 88
2 14 89
2 14 90
2 14 91
2 14 92
2 14 93
2 14 94
2 14 95
2 14 96
2 14 97
2 14 98
2 14 99
2 14 100
2 14 101
2 14 102
2 14 103
2 14 104
2 14 105
2 14 106
2 14 107
2 14 108
2 14 109
2 14 110
2 14 111
2 14 112
2 14 113
2 14 114
2 14 115
2 14 116
2 14 117
2 14 118
2 14 119
2 14 120
2 14 121
2 14 122
2 14 123
2 14 124
2 14 125
2 14 126
2 14 127
2 14 128
2 14 129
2 14 130
2 14 131
2 14 132
2 14 133
2 14 134
2 14 135
2 14 136
2 14 137
2 14 138
2 14 139
2 14 140
2 14 141
2 14 142
2 14 143
2 14 144
2 14 145
2 14 146
2 14 147
2 14 148
2 14 149
2 14 150
2 14 151
2 14 152
2 14 153
2 14 154
2 14 155
2 14 156
2 14 157
2 14 158
2 14 159
2 14 160
2 14 161
2 14 162
2 14 163
2 14 164
2 14 165
2 14 166
2 14 167
2 14 168
2 14 169
2 14 170
2 14 171
2 14 172
2 14 173
2 14 174
2 14 175
2 14 176
2 14 177
2 14 178
2 14 179
2 14 180
2 14 181
2 14 182
2 14 183
2 14 184
2 14 185
2 14 186
2 14 187
2 14 188
2 14 189
2 14 190
2 14 191
2 14 192
2 14 193
2 14 194
2 14 195
2 14 196
2 14 197
2 14 198
2 14 199
2 14 200
2 14 201
2 14 202
2 14 203
2 14 204
2 14 205
2 14 206
2 14 207
2 14 208
2 14 209
2 14 210
2 14 211
2 14 212
2 14 213
2 14 214
2 14 215
2 14 216
2 14 217
2 14 218
2 14 219
2 14 220
2 14 221
2 14 222
2 14 223
2 14 224
2 14 225
2 14 226
2 14 227
2 14 228
2 14 229
2 14 230
2 14 231
2 14 232
2 14 233
2 14 234
2 14 235
2 14 236
2 14 237
2 14 238
2 14 239
2 14 240
2 14 241
2 14 242
2 14 243
2 14 244
2 14 245
2 14 246
2 14 247
2 14 248
2 14 249
2 14 250
2 14 251
2 14 252
2 14 253
2 14 254
2 14 255
2 14 256
2 14 257
2 14 258
2 14 259
2 14 260
2 14 261
2 14 262
2 14 263
2 14 264
2 14 265
2 14 266
2 14 267
2 14 268
2 14 269
2 14 270
2 14 271
2 14 272
2 14 273
2 14 274
2 14 275
2 14 276
2 14 277
2 14 278
2 14 279
2 14 280
2 14 281
2 14 282
2 14 283
2 14 284
2 14 285
2 14 286
2 14 287
2 14 288
2 14 289
2 14 290
2 14 291
2 14 292
2 14 293
2 14 294
2 14 295
2 14 296
2 14 297
2 14 298
2 14 299
2 14 300
2 14 301
2 14 302
2 14 303
2 14 304
2 14 305
2 14 306
2 14 307
2 14 308
2 14 309
2 14 310
2 14 311
2 14 312
2 14 313
2 14 314
2 14 315
2 14 316
2 14 317
2 14 318
2 14 319
2 14 320
2 14 321
2 14 322
2 14 323
2 14 324
2 14 325
2 14 326
2 14 327
2 14 328
2 14 329
2 14 330
2 14 331
2 14 332
2 14 333
2 14 334
2 14 335
2 14 336
2 14 337
2 14 338
2 14 339
2 14 340
2 14 341
2 14 342
2 14 343
2 14 344
2 14 345
2 14 346
2 14 347
2 14 348
2 14 349
2 14 350
2 14 351
2 14 352
2 14 353
2 14 354
2 14 355
2 14 356
2 14 357
2 14 358
2 14 359
2 14 360
2 14 361
2 14 362
2 14 363
2 14 364
2 14 365
2 14 366
2 14 367
2 14 368
2 14 369
2 14 370
2 14 371
2 14 372
2 14 373
2 14 374
2 14 375
2 14 376
2 14 377
2 14 378
2 14 379
2 14 380
2 14 381
2 14 382
2 14 383
2 14 384
2 14 385
2 14 386
2 14 387
2 14 388
2 14 389
2 14 390
2 14 391
2 14 392
2 14 393
2 14 394
2 14 395
2 14 396
2 14 397
2 14 398
2 14 399
2 14 400
2 14 401
2 14 402
2 14 403
2 14 404
2 14 405
2 14 406
2 14 407
2 14 408
2 14 409
2 14 410
2 14 411
2 14 412
2 14 413
2 14 414
2 14 415
2 14 416
2 14 417
2 14 418
2 14 419
2 14 420
2 14 421
2 14 422
2 14 423
2 14 424
2 14 425
2 14 426
2 14 427
2 14 428
2 14 429
2 14 430
2 14 431
2 14 432
2 14 433
2 14 434
2 14 435
2 14 436
2 14 437
2 14 438
2 14 439
2 14 440
2 14 441
2 14 442
2 14 443
2 14 444
2 14 445
2 14 446
2 14 447
2 14 448
2 14 449
2 14 450
2 14 451
2 14 452
2 14 453
2 14 454
2 14 455
2 14 456
2 14 457
2 14 458
2 14 459
2 14 460
2 14 461
2 14 462
2 14 463
2 14 464
2 14 465
2 14 466
2 14 467
2 14 468
2 14 469
2 14 470
2 14 471
2 14 472
2 14 473
2 14 474
2 14 475
2 14 476
2 14 477
2 14 478
2 14 479
2 14 480
2 14 481
2 14 482
2 14 483
2 14 484
2 14 485
2 14 486
2 14 487
2 14 488
2 14 489
2 14 490
2 14 491
2 14 492
2 14 493
2 14 494
2 14 495
2 14 496
2 14 497
2 14 498
2 14 499
2 14 500
2 14 501
2 14 502
2 14 503
2 14 504
2 14 505
2 14 506
2 14 507
2 14 508
2 14 509
2 14 510
2 14 511
2 14 512
2 14 513
2 14 514
2 14 515
2 14 516
2 14 517
2 14 518
2 14 519
2 14 520
2 14 521
2 14 522
2 14 523
2 14 524
2 14 525
2 14 526
2 14 527
2 14 528
2 14 529
2 14 530
2 14 531
2 14 532
2 14 533
2 14 534
2 14 535
2 14 536
2 14 537
2 14 538
2 14 539
2 14 540
2 14 541
2 14 542
2 14 543
2 14 544
2 14 545
2 14 546
2 14 547
2 14 548
2 14 549
2 14 550
2 14 551
2 14 552
2 14 553
2 14 554
2 14 555
2 14 556
2 14 557
2 14 558
2 14 559
2 14 560
2 14 561
2 14 562
2 14 563
2 14 564
2 14 565
2 14 566
2 14 567
2 14 568
2 14 569
2 14 570
2 14 571
2 14 572
2 14 573
2 14 574
2 14 575
2 14 576
2 14 577
2 14 578
2 14 579
2 14 580
2 14 581
2 14 582
2 14 583
2 14 584
2 14 585
2 14 586
2 14 587
2 14 588
2 14 589
