3 13 1
3 13 2
3 13 3
3 13 4
3 13 5
3 13 6
3 13 7
3 13 8
3 13 9
3 13 10
3 13 11
3 13 12
3 13 13
3 13 14
3 13 15
3 13 16
3 13 17
3 13 18
3 13 19
3 13 20
3 13 21
3 13 22
3 13 23
3 13 24
3 13 25
3 13 26
3 13 27
3 13 28
3 13 29
3 13 30
3 13 31
3 13 32
3 13 33
3 13 34
3 13 35
3 13 36
3 13 37
3 13 38
3 13 39
3 13 40
3 13 41
3 13 42
3 13 43
3 13 44
3 13 45
3 13 46
3 13 47
3 13 48
3 13 49
3 13 50
3 13 51
3 13 52
3 13 53
3 13 54
3 13 55
3 13 56
3 13 57
3 13 58
3 13 59
3 13 60
3 13 61
3 13 62
3 13 63
3 13 64
3 13 65
3 13 66
3 13 67
3 13 68
3 13 69
3 13 70
3 13 71
3 13 72
3 13 73
3 13 74
3 13 75
3 13 76
3 13 77
3 13 78
3 13 79
3 13 80
3 13 81
3 13 82
3 13 83
3 13 84
3 13 85
3 13 86
3 13 87
3 13 88
3 13 89
3 13 90
3 13 91
3 13 92
3 13 93
3 13 94
3 13 95
3 13 96
3 13 97
3 13 98
3 13 99
3 13 100
3 13 101
3 13 102
3 13 103
3 13 104
3 13 105
3 13 106
3 13 107
3 13 108
3 13 109
3 13 110
3 13 111
3 13 112
3 13 113
3 13 114
3 13 115
3 13 116
3 13 117
3 13 118
3 13 119
3 13 120
3 13 121
3 13 122
3 13 123
3 13 124
3 13 125
3 13 126
3 13 127
3 13 128
3 13 129
3 13 130
3 13 131
3 13 132
3 13 133
3 13 134
3 13 135
3 13 136
3 13 137
3 13 138
3 13 139
3 13 140
3 13 141
3 13 142
3 13 143
3 13 144
3 13 145
3 13 146
3 13 147
3 13 148
3 13 149
3 13 150
3 13 151
3 13 152
3 13 153
3 13 154
3 13 155
3 13 156
3 13 157
3 13 158
3 13 159
3 13 160
3 13 161
3 13 162
3 13 163
3 13 164
3 13 165
3 13 166
3 13 167
3 13 168
3 13 169
3 13 170
3 13 171
3 13 172
3 13 173
3 13 174
3 13 175
3 13 176
3 13 177
3 13 178
3 13 179
3 13 180
3 13 181
3 13 182
3 13 183
3 13 184
3 13 185
3 13 186
3 13 187
3 13 188
3 13 189
3 13 190
3 13 191
3 13 192
3 13 193
3 13 194
3 13 195
3 13 196
3 13 197
3 13 198
3 13 199
3 13 200
3 13 201
3 13 202
3 13 203
3 13 204
3 13 205
3 13 206
3 13 207
3 13 208
3 13 209
3 13 210
3 13 211
3 13 212
3 13 213
3 13 214
3 13 215
3 13 216
3 13 217
3 13 218
3 13 219
3 13 220
3 13 221
3 13 222
3 13 223
3 13 224
3 13 225
3 13 226
3 13 227
3 13 228
3 13 229
3 13 230
3 13 231
3 13 232
3 13 233
3 13 234
3 13 235
3 13 236
3 13 237
3 13 238
3 13 239
3 13 240
3 13 241
3 13 242
3 13 243
3 13 244
3 13 245
3 13 246
3 13 247
3 13 248
3 13 249
3 13 250
3 13 251
3 13 252
3 13 253
3 13 254
3 13 255
3 13 256
3 13 257
3 13 258
3 13 259
3 13 260
3 13 261
3 13 262
3 13 263
3 13 264
3 13 265
3 13 266
3 13 267
3 13 268
3 13 269
3 13 270
3 13 271
3 13 272
3 13 273
3 13 274
3 13 275
3 13 276
3 13 277
3 13 278
3 13 279
3 13 280
3 13 281
3 13 282
3 13 283
3 13 284
3 13 285
3 13 286
3 13 287
3 13 288
3 13 289
3 13 290
3 13 291
3 13 292
3 13 293
3 13 294
3 13 295
3 13 296
3 13 297
3 13 298
3 13 299
3 13 300
3 13 301
3 13 302
3 13 303
3 13 304
3 13 305
3 13 306
3 13 307
3 13 308
3 13 309
3 13 310
3 13 311
3 13 312
3 13 313
3 13 314
3 13 315
3 13 316
3 13 317
3 13 318
3 13 319
3 13 320
3 13 321
3 13 322
3 13 323
3 13 324
3 13 325
3 13 326
3 13 327
3 13 328
3 13 329
3 13 330
3 13 331
3 13 332
3 13 333
3 13 334
3 13 335
3 13 336
3 13 337
3 13 338
3 13 339
3 13 340
3 13 341
3 13 342
3 13 343
3 13 344
3 13 345
3 13 346
3 13 347
3 13 348
3 13 349
3 13 350
3 13 351
3 13 352
3 13 353
3 13 354
3 13 355
3 13 356
3 13 357
3 13 358
3 13 359
3 13 360
3 13 361
3 13 362
3 13 363
3 13 364
3 13 365
3 13 366
3 13 367
3 13 368
3 13 369
3 13 370
3 13 371
3 13 372
3 13 373
3 13 374
3 13 375
3 13 376
3 13 377
3 13 378
3 13 379
3 13 380
3 13 381
3 13 382
3 13 383
3 13 384
3 13 385
3 13 386
3 13 387
3 13 388
3 13 389
3 13 390
3 13 391
3 13 392
3 13 393
3 13 394
3 13 395
3 13 396
3 13 397
3 13 398
3 13 399
3 13 400
3 13 401
3 13 402
3 13 403
3 13 404
3 13 405
3 13 406
3 13 407
3 13 408
3 13 409
3 13 410
3 13 411
3 13 412
3 13 413
3 13 414
3 13 415
3 13 416
3 13 417
3 13 418
3 13 419
3 13 420
3 13 421
3 13 422
3 13 423
3 13 424
3 13 425
3 13 426
3 13 427
3 13 428
3 13 429
3 13 430
3 13 431
3 13 432
3 13 433
3 13 434
3 13 435
3 13 436
3 13 437
3 13 438
3 13 439
3 13 440
3 13 441
3 13 442
3 13 443
3 13 444
3 13 445
3 13 446
3 13 447
3 13 448
3 13 449
3 13 450
3 13 451
3 13 452
3 13 453
3 13 454
3 13 455
3 13 456
3 13 457
3 13 458
3 13 459
3 13 460
3 13 461
3 13 462
3 13 463
3 13 464
3 13 465
3 13 466
3 13 467
3 13 468
3 13 469
3 13 470
3 13 471
3 13 472
3 13 473
3 13 474
3 13 475
3 13 476
3 13 477
3 13 478
3 13 479
3 13 480
3 13 481
3 13 482
3 13 483
3 13 484
3 13 485
3 13 486
3 13 487
3 13 488
3 13 489
3 13 490
3 13 491
3 13 492
3 13 493
3 13 494
3 13 495
3 13 496
3 13 497
3 13 498
3 13 499
3 13 500
3 13 501
3 13 502
3 13 503
3 13 504
3 13 505
3 13 506
3 13 507
3 13 508
3 13 509
3 13 510
3 13 511
3 13 512
3 13 513
3 13 514
3 13 515
3 13 516
3 13 517
3 13 518
3 13 519
3 13 520
3 13 521
3 13 522
3 13 523
3 13 524
3 13 525
3 13 526
3 13 527
3 13 528
3 13 529
3 13 530
3 13 531
3 13 532
3 13 533
3 13 534
3 13 535
3 13 536
3 13 537
3 13 538
3 13 539
3 13 540
3 13 541
3 13 542
3 13 543
3 13 544
3 13 545
3 13 546
3 13 547
3 13 548
3 13 549
3 13 550
3 13 551
3 13 552
3 13 553
3 13 554
3 13 555
3 13 556
3 13 557
3 13 558
3 13 559
3 13 560
3 13 561
3 13 562
3 13 563
3 13 564
3 13 565
3 13 566
3 13 567
3 13 568
3 13 569
3 13 570
3 13 571
3 13 572
3 13 573
3 13 574
3 13 575
3 13 576
3 13 577
3 13 578
3 13 579
3 13 580
3 13 581
3 13 582
3 13 583
3 13 584
3 13 585
3 13 586
3 13 587
3 13 588
3 13 589
