27 30 1
28 30 1
29 30 1
27 31 2
28 31 2
29 31 2
27 32 3
28 32 3
29 32 3
27 33 4
28 33 4
29 33 4
27 34 5
28 34 5
29 34 5
27 35 6
28 35 6
29 35 6
27 36 7
28 36 7
29 36 7
27 37 8
28 37 8
29 37 8
27 38 9
28 38 9
29 38 9
27 39 10
28 39 10
29 39 10
27 40 11
28 40 11
29 40 11
27 41 12
28 41 12
29 41 12
27 30 13
28 30 13
29 30 13
27 31 14
28 31 14
29 31 14
27 32 15
28 32 15
29 32 15
27 33 16
28 33 16
29 33 16
27 34 17
28 34 17
29 34 17
27 35 18
28 35 18
29 35 18
27 36 19
28 36 19
29 36 19
27 37 20
28 37 20
29 37 20
27 38 21
28 38 21
29 38 21
27 39 22
28 39 22
29 39 22
27 40 23
28 40 23
29 40 23
27 41 24
28 41 24
29 41 24
27 30 25
28 30 25
29 30 25
27 31 26
28 31 26
29 31 26
27 32 27
28 32 27
29 32 27
27 33 28
28 33 28
29 33 28
27 34 29
28 34 29
29 34 29
27 35 30
28 35 30
29 35 30
27 36 31
28 36 31
29 36 31
27 37 32
28 37 32
29 37 32
27 38 33
28 38 33
29 38 33
27 39 34
28 39 34
29 39 34
27 40 35
28 40 35
29 40 35
27 41 36
28 41 36
29 41 36
27 30 37
28 30 37
29 30 37
27 31 38
28 31 38
29 31 38
27 32 39
28 32 39
29 32 39
27 33 40
28 33 40
29 33 40
27 34 41
28 34 41
29 34 41
27 35 42
28 35 42
29 35 42
27 36 43
28 36 43
29 36 43
27 37 44
28 37 44
29 37 44
27 38 45
28 38 45
29 38 45
27 39 46
28 39 46
29 39 46
27 40 47
28 40 47
29 40 47
27 41 48
28 41 48
29 41 48
