57 60 1
58 60 1
59 60 1
57 61 2
58 61 2
59 61 2
57 62 3
58 62 3
59 62 3
57 63 4
58 63 4
59 63 4
57 64 5
58 64 5
59 64 5
57 65 6
58 65 6
59 65 6
57 66 7
58 66 7
59 66 7
57 67 8
58 67 8
59 67 8
57 68 9
58 68 9
59 68 9
57 69 10
58 69 10
59 69 10
57 70 11
58 70 11
59 70 11
57 71 12
58 71 12
59 71 12
57 60 13
58 60 13
59 60 13
57 61 14
58 61 14
59 61 14
57 62 15
58 62 15
59 62 15
57 63 16
58 63 16
59 63 16
57 64 17
58 64 17
59 64 17
57 65 18
58 65 18
59 65 18
57 66 19
58 66 19
59 66 19
57 67 20
58 67 20
59 67 20
57 68 21
58 68 21
59 68 21
57 69 22
58 69 22
59 69 22
57 70 23
58 70 23
59 70 23
57 71 24
58 71 24
59 71 24
57 60 25
58 60 25
59 60 25
57 61 26
58 61 26
59 61 26
57 62 27
58 62 27
59 62 27
57 63 28
58 63 28
59 63 28
57 64 29
58 64 29
59 64 29
57 65 30
58 65 30
59 65 30
57 66 31
58 66 31
59 66 31
57 67 32
58 67 32
59 67 32
57 68 33
58 68 33
59 68 33
57 69 34
58 69 34
59 69 34
57 70 35
58 70 35
59 70 35
57 71 36
58 71 36
59 71 36
57 60 37
58 60 37
59 60 37
57 61 38
58 61 38
59 61 38
57 62 39
58 62 39
59 62 39
57 63 40
58 63 40
59 63 40
57 64 41
58 64 41
59 64 41
57 65 42
58 65 42
59 65 42
57 66 43
58 66 43
59 66 43
57 67 44
58 67 44
59 67 44
57 68 45
58 68 45
59 68 45
57 69 46
58 69 46
59 69 46
57 70 47
58 70 47
59 70 47
57 71 48
58 71 48
59 71 48
