9 15 1
10 15 1
11 15 1
12 15 1
13 15 1
14 15 1
9 16 2
10 16 2
11 16 2
12 16 2
13 16 2
14 16 2
9 15 3
10 15 3
11 15 3
12 15 3
13 15 3
14 15 3
9 16 4
10 16 4
11 16 4
12 16 4
13 16 4
14 16 4
9 15 5
10 15 5
11 15 5
12 15 5
13 15 5
14 15 5
9 16 6
10 16 6
11 16 6
12 16 6
13 16 6
14 16 6
9 15 7
10 15 7
11 15 7
12 15 7
13 15 7
14 15 7
9 16 8
10 16 8
11 16 8
12 16 8
13 16 8
14 16 8
9 15 9
10 15 9
11 15 9
12 15 9
13 15 9
14 15 9
9 16 10
10 16 10
11 16 10
12 16 10
13 16 10
14 16 10
9 15 11
10 15 11
11 15 11
12 15 11
13 15 11
14 15 11
9 16 12
10 16 12
11 16 12
12 16 12
13 16 12
14 16 12
9 15 13
10 15 13
11 15 13
12 15 13
13 15 13
14 15 13
9 16 14
10 16 14
11 16 14
12 16 14
13 16 14
14 16 14
9 15 15
10 15 15
11 15 15
12 15 15
13 15 15
14 15 15
9 16 16
10 16 16
11 16 16
12 16 16
13 16 16
14 16 16
9 15 17
10 15 17
11 15 17
12 15 17
13 15 17
14 15 17
9 16 18
10 16 18
11 16 18
12 16 18
13 16 18
14 16 18
9 15 19
10 15 19
11 15 19
12 15 19
13 15 19
14 15 19
9 16 20
10 16 20
11 16 20
12 16 20
13 16 20
14 16 20
