96 108 1
97 108 1
98 108 1
99 108 1
100 108 1
101 108 1
102 108 1
103 108 1
104 108 1
105 108 1
106 108 1
107 108 1
96 109 2
97 109 2
98 109 2
99 109 2
100 109 2
101 109 2
102 109 2
103 109 2
104 109 2
105 109 2
106 109 2
107 109 2
96 110 3
97 110 3
98 110 3
99 110 3
100 110 3
101 110 3
102 110 3
103 110 3
104 110 3
105 110 3
106 110 3
107 110 3
96 111 4
97 111 4
98 111 4
99 111 4
100 111 4
101 111 4
102 111 4
103 111 4
104 111 4
105 111 4
106 111 4
107 111 4
96 112 5
97 112 5
98 112 5
99 112 5
100 112 5
101 112 5
102 112 5
103 112 5
104 112 5
105 112 5
106 112 5
107 112 5
96 113 6
97 113 6
98 113 6
99 113 6
100 113 6
101 113 6
102 113 6
103 113 6
104 113 6
105 113 6
106 113 6
107 113 6
96 108 7
97 108 7
98 108 7
99 108 7
100 108 7
101 108 7
102 108 7
103 108 7
104 108 7
105 108 7
106 108 7
107 108 7
96 109 8
97 109 8
98 109 8
99 109 8
100 109 8
101 109 8
102 109 8
103 109 8
104 109 8
105 109 8
106 109 8
107 109 8
96 110 9
97 110 9
98 110 9
99 110 9
100 110 9
101 110 9
102 110 9
103 110 9
104 110 9
105 110 9
106 110 9
107 110 9
96 111 10
97 111 10
98 111 10
99 111 10
100 111 10
101 111 10
102 111 10
103 111 10
104 111 10
105 111 10
106 111 10
107 111 10
96 112 11
97 112 11
98 112 11
99 112 11
100 112 11
101 112 11
102 112 11
103 112 11
104 112 11
105 112 11
106 112 11
107 112 11
96 113 12
97 113 12
98 113 12
99 113 12
100 113 12
101 113 12
102 113 12
103 113 12
104 113 12
105 113 12
106 113 12
107 113 12
96 108 13
97 108 13
98 108 13
99 108 13
100 108 13
101 108 13
102 108 13
103 108 13
104 108 13
105 108 13
106 108 13
107 108 13
96 109 14
97 109 14
98 109 14
99 109 14
100 109 14
101 109 14
102 109 14
103 109 14
104 109 14
105 109 14
106 109 14
107 109 14
96 110 15
97 110 15
98 110 15
99 110 15
100 110 15
101 110 15
102 110 15
103 110 15
104 110 15
105 110 15
106 110 15
107 110 15
96 111 16
97 111 16
98 111 16
99 111 16
100 111 16
101 111 16
102 111 16
103 111 16
104 111 16
105 111 16
106 111 16
107 111 16
96 112 17
97 112 17
98 112 17
99 112 17
100 112 17
101 112 17
102 112 17
103 112 17
104 112 17
105 112 17
106 112 17
107 112 17
96 113 18
97 113 18
98 113 18
99 113 18
100 113 18
101 113 18
102 113 18
103 113 18
104 113 18
105 113 18
106 113 18
107 113 18
96 108 19
97 108 19
98 108 19
99 108 19
100 108 19
101 108 19
102 108 19
103 108 19
104 108 19
105 108 19
106 108 19
107 108 19
96 109 20
97 109 20
98 109 20
99 109 20
100 109 20
101 109 20
102 109 20
103 109 20
104 109 20
105 109 20
106 109 20
107 109 20
96 110 21
97 110 21
98 110 21
99 110 21
100 110 21
101 110 21
102 110 21
103 110 21
104 110 21
105 110 21
106 110 21
107 110 21
96 111 22
97 111 22
98 111 22
99 111 22
100 111 22
101 111 22
102 111 22
103 111 22
104 111 22
105 111 22
106 111 22
107 111 22
96 112 23
97 112 23
98 112 23
99 112 23
100 112 23
101 112 23
102 112 23
103 112 23
104 112 23
105 112 23
106 112 23
107 112 23
96 113 24
97 113 24
98 113 24
99 113 24
100 113 24
101 113 24
102 113 24
103 113 24
104 113 24
105 113 24
106 113 24
107 113 24
96 108 25
97 108 25
98 108 25
99 108 25
100 108 25
101 108 25
102 108 25
103 108 25
104 108 25
105 108 25
106 108 25
107 108 25
96 109 26
97 109 26
98 109 26
99 109 26
100 109 26
101 109 26
102 109 26
103 109 26
104 109 26
105 109 26
106 109 26
107 109 26
96 110 27
97 110 27
98 110 27
99 110 27
100 110 27
101 110 27
102 110 27
103 110 27
104 110 27
105 110 27
106 110 27
107 110 27
96 111 28
97 111 28
98 111 28
99 111 28
100 111 28
101 111 28
102 111 28
103 111 28
104 111 28
105 111 28
106 111 28
107 111 28
96 112 29
97 112 29
98 112 29
99 112 29
100 112 29
101 112 29
102 112 29
103 112 29
104 112 29
105 112 29
106 112 29
107 112 29
96 113 30
97 113 30
98 113 30
99 113 30
100 113 30
101 113 30
102 113 30
103 113 30
104 113 30
105 113 30
106 113 30
107 113 30
96 108 31
97 108 31
98 108 31
99 108 31
100 108 31
101 108 31
102 108 31
103 108 31
104 108 31
105 108 31
106 108 31
107 108 31
96 109 32
97 109 32
98 109 32
99 109 32
100 109 32
101 109 32
102 109 32
103 109 32
104 109 32
105 109 32
106 109 32
107 109 32
96 110 33
97 110 33
98 110 33
99 110 33
100 110 33
101 110 33
102 110 33
103 110 33
104 110 33
105 110 33
106 110 33
107 110 33
96 111 34
97 111 34
98 111 34
99 111 34
100 111 34
101 111 34
102 111 34
103 111 34
104 111 34
105 111 34
106 111 34
107 111 34
96 112 35
97 112 35
98 112 35
99 112 35
100 112 35
101 112 35
102 112 35
103 112 35
104 112 35
105 112 35
106 112 35
107 112 35
96 113 36
97 113 36
98 113 36
99 113 36
100 113 36
101 113 36
102 113 36
103 113 36
104 113 36
105 113 36
106 113 36
107 113 36
96 108 37
97 108 37
98 108 37
99 108 37
100 108 37
101 108 37
102 108 37
103 108 37
104 108 37
105 108 37
106 108 37
107 108 37
96 109 38
97 109 38
98 109 38
99 109 38
100 109 38
101 109 38
102 109 38
103 109 38
104 109 38
105 109 38
106 109 38
107 109 38
96 110 39
97 110 39
98 110 39
99 110 39
100 110 39
101 110 39
102 110 39
103 110 39
104 110 39
105 110 39
106 110 39
107 110 39
96 111 40
97 111 40
98 111 40
99 111 40
100 111 40
101 111 40
102 111 40
103 111 40
104 111 40
105 111 40
106 111 40
107 111 40
96 112 41
97 112 41
98 112 41
99 112 41
100 112 41
101 112 41
102 112 41
103 112 41
104 112 41
105 112 41
106 112 41
107 112 41
96 113 42
97 113 42
98 113 42
99 113 42
100 113 42
101 113 42
102 113 42
103 113 42
104 113 42
105 113 42
106 113 42
107 113 42
96 108 43
97 108 43
98 108 43
99 108 43
100 108 43
101 108 43
102 108 43
103 108 43
104 108 43
105 108 43
106 108 43
107 108 43
96 109 44
97 109 44
98 109 44
99 109 44
100 109 44
101 109 44
102 109 44
103 109 44
104 109 44
105 109 44
106 109 44
107 109 44
96 110 45
97 110 45
98 110 45
99 110 45
100 110 45
101 110 45
102 110 45
103 110 45
104 110 45
105 110 45
106 110 45
107 110 45
96 111 46
97 111 46
98 111 46
99 111 46
100 111 46
101 111 46
102 111 46
103 111 46
104 111 46
105 111 46
106 111 46
107 111 46
96 112 47
97 112 47
98 112 47
99 112 47
100 112 47
101 112 47
102 112 47
103 112 47
104 112 47
105 112 47
106 112 47
107 112 47
96 113 48
97 113 48
98 113 48
99 113 48
100 113 48
101 113 48
102 113 48
103 113 48
104 113 48
105 113 48
106 113 48
107 113 48
96 108 49
97 108 49
98 108 49
99 108 49
100 108 49
101 108 49
102 108 49
103 108 49
104 108 49
105 108 49
106 108 49
107 108 49
96 109 50
97 109 50
98 109 50
99 109 50
100 109 50
101 109 50
102 109 50
103 109 50
104 109 50
105 109 50
106 109 50
107 109 50
96 110 51
97 110 51
98 110 51
99 110 51
100 110 51
101 110 51
102 110 51
103 110 51
104 110 51
105 110 51
106 110 51
107 110 51
96 111 52
97 111 52
98 111 52
99 111 52
100 111 52
101 111 52
102 111 52
103 111 52
104 111 52
105 111 52
106 111 52
107 111 52
96 112 53
97 112 53
98 112 53
99 112 53
100 112 53
101 112 53
102 112 53
103 112 53
104 112 53
105 112 53
106 112 53
107 112 53
96 113 54
97 113 54
98 113 54
99 113 54
100 113 54
101 113 54
102 113 54
103 113 54
104 113 54
105 113 54
106 113 54
107 113 54
96 108 55
97 108 55
98 108 55
99 108 55
100 108 55
101 108 55
102 108 55
103 108 55
104 108 55
105 108 55
106 108 55
107 108 55
96 109 56
97 109 56
98 109 56
99 109 56
100 109 56
101 109 56
102 109 56
103 109 56
104 109 56
105 109 56
106 109 56
107 109 56
96 110 57
97 110 57
98 110 57
99 110 57
100 110 57
101 110 57
102 110 57
103 110 57
104 110 57
105 110 57
106 110 57
107 110 57
96 111 58
97 111 58
98 111 58
99 111 58
100 111 58
101 111 58
102 111 58
103 111 58
104 111 58
105 111 58
106 111 58
107 111 58
96 112 59
97 112 59
98 112 59
99 112 59
100 112 59
101 112 59
102 112 59
103 112 59
104 112 59
105 112 59
106 112 59
107 112 59
96 113 60
97 113 60
98 113 60
99 113 60
100 113 60
101 113 60
102 113 60
103 113 60
104 113 60
105 113 60
106 113 60
107 113 60
