48 60 1
49 60 1
50 60 1
51 60 1
52 60 1
53 60 1
54 60 1
55 60 1
56 60 1
57 60 1
58 60 1
59 60 1
48 61 2
49 61 2
50 61 2
51 61 2
52 61 2
53 61 2
54 61 2
55 61 2
56 61 2
57 61 2
58 61 2
59 61 2
48 62 3
49 62 3
50 62 3
51 62 3
52 62 3
53 62 3
54 62 3
55 62 3
56 62 3
57 62 3
58 62 3
59 62 3
48 63 4
49 63 4
50 63 4
51 63 4
52 63 4
53 63 4
54 63 4
55 63 4
56 63 4
57 63 4
58 63 4
59 63 4
48 64 5
49 64 5
50 64 5
51 64 5
52 64 5
53 64 5
54 64 5
55 64 5
56 64 5
57 64 5
58 64 5
59 64 5
48 65 6
49 65 6
50 65 6
51 65 6
52 65 6
53 65 6
54 65 6
55 65 6
56 65 6
57 65 6
58 65 6
59 65 6
48 60 7
49 60 7
50 60 7
51 60 7
52 60 7
53 60 7
54 60 7
55 60 7
56 60 7
57 60 7
58 60 7
59 60 7
48 61 8
49 61 8
50 61 8
51 61 8
52 61 8
53 61 8
54 61 8
55 61 8
56 61 8
57 61 8
58 61 8
59 61 8
48 62 9
49 62 9
50 62 9
51 62 9
52 62 9
53 62 9
54 62 9
55 62 9
56 62 9
57 62 9
58 62 9
59 62 9
48 63 10
49 63 10
50 63 10
51 63 10
52 63 10
53 63 10
54 63 10
55 63 10
56 63 10
57 63 10
58 63 10
59 63 10
48 64 11
49 64 11
50 64 11
51 64 11
52 64 11
53 64 11
54 64 11
55 64 11
56 64 11
57 64 11
58 64 11
59 64 11
48 65 12
49 65 12
50 65 12
51 65 12
52 65 12
53 65 12
54 65 12
55 65 12
56 65 12
57 65 12
58 65 12
59 65 12
48 60 13
49 60 13
50 60 13
51 60 13
52 60 13
53 60 13
54 60 13
55 60 13
56 60 13
57 60 13
58 60 13
59 60 13
48 61 14
49 61 14
50 61 14
51 61 14
52 61 14
53 61 14
54 61 14
55 61 14
56 61 14
57 61 14
58 61 14
59 61 14
48 62 15
49 62 15
50 62 15
51 62 15
52 62 15
53 62 15
54 62 15
55 62 15
56 62 15
57 62 15
58 62 15
59 62 15
48 63 16
49 63 16
50 63 16
51 63 16
52 63 16
53 63 16
54 63 16
55 63 16
56 63 16
57 63 16
58 63 16
59 63 16
48 64 17
49 64 17
50 64 17
51 64 17
52 64 17
53 64 17
54 64 17
55 64 17
56 64 17
57 64 17
58 64 17
59 64 17
48 65 18
49 65 18
50 65 18
51 65 18
52 65 18
53 65 18
54 65 18
55 65 18
56 65 18
57 65 18
58 65 18
59 65 18
48 60 19
49 60 19
50 60 19
51 60 19
52 60 19
53 60 19
54 60 19
55 60 19
56 60 19
57 60 19
58 60 19
59 60 19
48 61 20
49 61 20
50 61 20
51 61 20
52 61 20
53 61 20
54 61 20
55 61 20
56 61 20
57 61 20
58 61 20
59 61 20
48 62 21
49 62 21
50 62 21
51 62 21
52 62 21
53 62 21
54 62 21
55 62 21
56 62 21
57 62 21
58 62 21
59 62 21
48 63 22
49 63 22
50 63 22
51 63 22
52 63 22
53 63 22
54 63 22
55 63 22
56 63 22
57 63 22
58 63 22
59 63 22
48 64 23
49 64 23
50 64 23
51 64 23
52 64 23
53 64 23
54 64 23
55 64 23
56 64 23
57 64 23
58 64 23
59 64 23
48 65 24
49 65 24
50 65 24
51 65 24
52 65 24
53 65 24
54 65 24
55 65 24
56 65 24
57 65 24
58 65 24
59 65 24
48 60 25
49 60 25
50 60 25
51 60 25
52 60 25
53 60 25
54 60 25
55 60 25
56 60 25
57 60 25
58 60 25
59 60 25
48 61 26
49 61 26
50 61 26
51 61 26
52 61 26
53 61 26
54 61 26
55 61 26
56 61 26
57 61 26
58 61 26
59 61 26
48 62 27
49 62 27
50 62 27
51 62 27
52 62 27
53 62 27
54 62 27
55 62 27
56 62 27
57 62 27
58 62 27
59 62 27
48 63 28
49 63 28
50 63 28
51 63 28
52 63 28
53 63 28
54 63 28
55 63 28
56 63 28
57 63 28
58 63 28
59 63 28
48 64 29
49 64 29
50 64 29
51 64 29
52 64 29
53 64 29
54 64 29
55 64 29
56 64 29
57 64 29
58 64 29
59 64 29
48 65 30
49 65 30
50 65 30
51 65 30
52 65 30
53 65 30
54 65 30
55 65 30
56 65 30
57 65 30
58 65 30
59 65 30
48 60 31
49 60 31
50 60 31
51 60 31
52 60 31
53 60 31
54 60 31
55 60 31
56 60 31
57 60 31
58 60 31
59 60 31
48 61 32
49 61 32
50 61 32
51 61 32
52 61 32
53 61 32
54 61 32
55 61 32
56 61 32
57 61 32
58 61 32
59 61 32
48 62 33
49 62 33
50 62 33
51 62 33
52 62 33
53 62 33
54 62 33
55 62 33
56 62 33
57 62 33
58 62 33
59 62 33
48 63 34
49 63 34
50 63 34
51 63 34
52 63 34
53 63 34
54 63 34
55 63 34
56 63 34
57 63 34
58 63 34
59 63 34
48 64 35
49 64 35
50 64 35
51 64 35
52 64 35
53 64 35
54 64 35
55 64 35
56 64 35
57 64 35
58 64 35
59 64 35
48 65 36
49 65 36
50 65 36
51 65 36
52 65 36
53 65 36
54 65 36
55 65 36
56 65 36
57 65 36
58 65 36
59 65 36
48 60 37
49 60 37
50 60 37
51 60 37
52 60 37
53 60 37
54 60 37
55 60 37
56 60 37
57 60 37
58 60 37
59 60 37
48 61 38
49 61 38
50 61 38
51 61 38
52 61 38
53 61 38
54 61 38
55 61 38
56 61 38
57 61 38
58 61 38
59 61 38
48 62 39
49 62 39
50 62 39
51 62 39
52 62 39
53 62 39
54 62 39
55 62 39
56 62 39
57 62 39
58 62 39
59 62 39
48 63 40
49 63 40
50 63 40
51 63 40
52 63 40
53 63 40
54 63 40
55 63 40
56 63 40
57 63 40
58 63 40
59 63 40
48 64 41
49 64 41
50 64 41
51 64 41
52 64 41
53 64 41
54 64 41
55 64 41
56 64 41
57 64 41
58 64 41
59 64 41
48 65 42
49 65 42
50 65 42
51 65 42
52 65 42
53 65 42
54 65 42
55 65 42
56 65 42
57 65 42
58 65 42
59 65 42
48 60 43
49 60 43
50 60 43
51 60 43
52 60 43
53 60 43
54 60 43
55 60 43
56 60 43
57 60 43
58 60 43
59 60 43
48 61 44
49 61 44
50 61 44
51 61 44
52 61 44
53 61 44
54 61 44
55 61 44
56 61 44
57 61 44
58 61 44
59 61 44
48 62 45
49 62 45
50 62 45
51 62 45
52 62 45
53 62 45
54 62 45
55 62 45
56 62 45
57 62 45
58 62 45
59 62 45
48 63 46
49 63 46
50 63 46
51 63 46
52 63 46
53 63 46
54 63 46
55 63 46
56 63 46
57 63 46
58 63 46
59 63 46
48 64 47
49 64 47
50 64 47
51 64 47
52 64 47
53 64 47
54 64 47
55 64 47
56 64 47
57 64 47
58 64 47
59 64 47
48 65 48
49 65 48
50 65 48
51 65 48
52 65 48
53 65 48
54 65 48
55 65 48
56 65 48
57 65 48
58 65 48
59 65 48
48 60 49
49 60 49
50 60 49
51 60 49
52 60 49
53 60 49
54 60 49
55 60 49
56 60 49
57 60 49
58 60 49
59 60 49
48 61 50
49 61 50
50 61 50
51 61 50
52 61 50
53 61 50
54 61 50
55 61 50
56 61 50
57 61 50
58 61 50
59 61 50
48 62 51
49 62 51
50 62 51
51 62 51
52 62 51
53 62 51
54 62 51
55 62 51
56 62 51
57 62 51
58 62 51
59 62 51
48 63 52
49 63 52
50 63 52
51 63 52
52 63 52
53 63 52
54 63 52
55 63 52
56 63 52
57 63 52
58 63 52
59 63 52
48 64 53
49 64 53
50 64 53
51 64 53
52 64 53
53 64 53
54 64 53
55 64 53
56 64 53
57 64 53
58 64 53
59 64 53
48 65 54
49 65 54
50 65 54
51 65 54
52 65 54
53 65 54
54 65 54
55 65 54
56 65 54
57 65 54
58 65 54
59 65 54
48 60 55
49 60 55
50 60 55
51 60 55
52 60 55
53 60 55
54 60 55
55 60 55
56 60 55
57 60 55
58 60 55
59 60 55
48 61 56
49 61 56
50 61 56
51 61 56
52 61 56
53 61 56
54 61 56
55 61 56
56 61 56
57 61 56
58 61 56
59 61 56
48 62 57
49 62 57
50 62 57
51 62 57
52 62 57
53 62 57
54 62 57
55 62 57
56 62 57
57 62 57
58 62 57
59 62 57
48 63 58
49 63 58
50 63 58
51 63 58
52 63 58
53 63 58
54 63 58
55 63 58
56 63 58
57 63 58
58 63 58
59 63 58
48 64 59
49 64 59
50 64 59
51 64 59
52 64 59
53 64 59
54 64 59
55 64 59
56 64 59
57 64 59
58 64 59
59 64 59
48 65 60
49 65 60
50 65 60
51 65 60
52 65 60
53 65 60
54 65 60
55 65 60
56 65 60
57 65 60
58 65 60
59 65 60
