0 2 1
1 2 1
0 3 2
1 3 2
0 2 3
1 2 3
0 3 4
1 3 4
0 2 5
1 2 5
0 3 6
1 3 6
0 2 7
1 2 7
0 3 8
1 3 8
0 2 9
1 2 9
0 3 10
1 3 10
0 2 11
1 2 11
0 3 12
1 3 12
0 2 13
1 2 13
0 3 14
1 3 14
0 2 15
1 2 15
0 3 16
1 3 16
0 2 17
1 2 17
0 3 18
1 3 18
0 2 19
1 2 19
0 3 20
1 3 20
0 2 21
1 2 21
0 3 22
1 3 22
0 2 23
1 2 23
0 3 24
1 3 24
0 2 25
1 2 25
0 3 26
1 3 26
0 2 27
1 2 27
0 3 28
1 3 28
0 2 29
1 2 29
0 3 30
1 3 30
0 2 31
1 2 31
0 3 32
1 3 32
0 2 33
1 2 33
0 3 34
1 3 34
0 2 35
1 2 35
0 3 36
1 3 36
0 2 37
1 2 37
0 3 38
1 3 38
0 2 39
1 2 39
0 3 40
1 3 40
0 2 41
1 2 41
0 3 42
1 3 42
0 2 43
1 2 43
0 3 44
1 3 44
0 2 45
1 2 45
0 3 46
1 3 46
0 2 47
1 2 47
0 3 48
1 3 48
