84 86 1
85 86 1
84 87 2
85 87 2
84 86 3
85 86 3
84 87 4
85 87 4
84 86 5
85 86 5
84 87 6
85 87 6
84 86 7
85 86 7
84 87 8
85 87 8
84 86 9
85 86 9
84 87 10
85 87 10
84 86 11
85 86 11
84 87 12
85 87 12
84 86 13
85 86 13
84 87 14
85 87 14
84 86 15
85 86 15
84 87 16
85 87 16
84 86 17
85 86 17
84 87 18
85 87 18
84 86 19
85 86 19
84 87 20
85 87 20
84 86 21
85 86 21
84 87 22
85 87 22
84 86 23
85 86 23
84 87 24
85 87 24
84 86 25
85 86 25
84 87 26
85 87 26
84 86 27
85 86 27
84 87 28
85 87 28
84 86 29
85 86 29
84 87 30
85 87 30
84 86 31
85 86 31
84 87 32
85 87 32
84 86 33
85 86 33
84 87 34
85 87 34
84 86 35
85 86 35
84 87 36
85 87 36
84 86 37
85 86 37
84 87 38
85 87 38
84 86 39
85 86 39
84 87 40
85 87 40
84 86 41
85 86 41
84 87 42
85 87 42
84 86 43
85 86 43
84 87 44
85 87 44
84 86 45
85 86 45
84 87 46
85 87 46
84 86 47
85 86 47
84 87 48
85 87 48
