76 78 1
77 78 1
76 79 2
77 79 2
76 78 3
77 78 3
76 79 4
77 79 4
76 78 5
77 78 5
76 79 6
77 79 6
76 78 7
77 78 7
76 79 8
77 79 8
76 78 9
77 78 9
76 79 10
77 79 10
76 78 11
77 78 11
76 79 12
77 79 12
76 78 13
77 78 13
76 79 14
77 79 14
76 78 15
77 78 15
76 79 16
77 79 16
76 78 17
77 78 17
76 79 18
77 79 18
76 78 19
77 78 19
76 79 20
77 79 20
76 78 21
77 78 21
76 79 22
77 79 22
76 78 23
77 78 23
76 79 24
77 79 24
76 78 25
77 78 25
76 79 26
77 79 26
76 78 27
77 78 27
76 79 28
77 79 28
76 78 29
77 78 29
76 79 30
77 79 30
76 78 31
77 78 31
76 79 32
77 79 32
76 78 33
77 78 33
76 79 34
77 79 34
76 78 35
77 78 35
76 79 36
77 79 36
76 78 37
77 78 37
76 79 38
77 79 38
76 78 39
77 78 39
76 79 40
77 79 40
76 78 41
77 78 41
76 79 42
77 79 42
76 78 43
77 78 43
76 79 44
77 79 44
76 78 45
77 78 45
76 79 46
77 79 46
76 78 47
77 78 47
76 79 48
77 79 48
