887 216 1
887 217 2
887 218 3
887 219 4
887 220 5
887 221 6
887 222 7
887 223 8
887 224 9
887 225 10
887 226 11
887 227 12
887 228 13
887 229 14
887 230 15
887 231 16
887 232 17
887 233 18
887 234 19
887 235 20
887 236 21
887 237 22
887 238 23
887 239 24
887 240 25
887 241 26
887 242 27
887 243 28
887 244 29
887 245 30
887 246 31
887 247 32
887 248 33
887 249 34
887 250 35
887 251 36
887 252 37
887 253 38
887 254 39
887 255 40
887 256 41
887 257 42
887 258 43
887 259 44
887 260 45
887 261 46
887 262 47
887 263 48
887 264 49
887 265 50
887 266 51
887 267 52
887 268 53
887 269 54
887 270 55
887 271 56
887 272 57
887 273 58
887 274 59
887 275 60
887 276 61
887 277 62
887 278 63
887 279 64
887 280 65
887 281 66
887 282 67
887 283 68
887 284 69
887 285 70
887 286 71
887 287 72
887 216 73
887 217 74
887 218 75
887 219 76
887 220 77
887 221 78
887 222 79
887 223 80
887 224 81
887 225 82
887 226 83
887 227 84
887 228 85
887 229 86
887 230 87
887 231 88
887 232 89
887 233 90
887 234 91
887 235 92
887 236 93
887 237 94
887 238 95
887 239 96
887 240 97
887 241 98
887 242 99
887 243 100
887 244 101
887 245 102
887 246 103
887 247 104
887 248 105
887 249 106
887 250 107
887 251 108
887 252 109
887 253 110
887 254 111
887 255 112
887 256 113
887 257 114
887 258 115
887 259 116
887 260 117
887 261 118
887 262 119
887 263 120
887 264 121
887 265 122
887 266 123
887 267 124
887 268 125
887 269 126
887 270 127
887 271 128
887 272 129
887 273 130
887 274 131
887 275 132
887 276 133
887 277 134
887 278 135
887 279 136
887 280 137
887 281 138
887 282 139
887 283 140
887 284 141
887 285 142
887 286 143
887 287 144
887 216 145
887 217 146
887 218 147
887 219 148
887 220 149
887 221 150
887 222 151
887 223 152
887 224 153
887 225 154
887 226 155
887 227 156
887 228 157
887 229 158
887 230 159
887 231 160
887 232 161
887 233 162
887 234 163
887 235 164
887 236 165
887 237 166
887 238 167
887 239 168
887 240 169
887 241 170
887 242 171
887 243 172
887 244 173
887 245 174
887 246 175
887 247 176
887 248 177
887 249 178
887 250 179
887 251 180
887 252 181
887 253 182
887 254 183
887 255 184
887 256 185
887 257 186
887 258 187
887 259 188
887 260 189
887 261 190
887 262 191
887 263 192
887 264 193
887 265 194
887 266 195
887 267 196
887 268 197
887 269 198
887 270 199
887 271 200
887 272 201
887 273 202
887 274 203
887 275 204
887 276 205
887 277 206
887 278 207
887 279 208
887 280 209
887 281 210
887 282 211
887 283 212
887 284 213
887 285 214
887 286 215
887 287 216
