8 11 1
9 11 1
10 11 1
8 12 2
9 12 2
10 12 2
8 13 3
9 13 3
10 13 3
8 11 4
9 11 4
10 11 4
8 12 5
9 12 5
10 12 5
8 13 6
9 13 6
10 13 6
8 11 7
9 11 7
10 11 7
8 12 8
9 12 8
10 12 8
8 13 9
9 13 9
10 13 9
8 11 10
9 11 10
10 11 10
8 12 11
9 12 11
10 12 11
8 13 12
9 13 12
10 13 12
8 11 13
9 11 13
10 11 13
8 12 14
9 12 14
10 12 14
8 13 15
9 13 15
10 13 15
8 11 16
9 11 16
10 11 16
8 12 17
9 12 17
10 12 17
8 13 18
9 13 18
10 13 18
8 11 19
9 11 19
10 11 19
8 12 20
9 12 20
10 12 20
8 13 21
9 13 21
10 13 21
8 11 22
9 11 22
10 11 22
8 12 23
9 12 23
10 12 23
8 13 24
9 13 24
10 13 24
8 11 25
9 11 25
10 11 25
8 12 26
9 12 26
10 12 26
8 13 27
9 13 27
10 13 27
8 11 28
9 11 28
10 11 28
8 12 29
9 12 29
10 12 29
8 13 30
9 13 30
10 13 30
8 11 31
9 11 31
10 11 31
8 12 32
9 12 32
10 12 32
8 13 33
9 13 33
10 13 33
