48 51 1
49 51 1
50 51 1
48 52 2
49 52 2
50 52 2
48 53 3
49 53 3
50 53 3
48 54 4
49 54 4
50 54 4
48 55 5
49 55 5
50 55 5
48 56 6
49 56 6
50 56 6
48 57 7
49 57 7
50 57 7
48 58 8
49 58 8
50 58 8
48 59 9
49 59 9
50 59 9
48 60 10
49 60 10
50 60 10
48 61 11
49 61 11
50 61 11
48 62 12
49 62 12
50 62 12
48 51 13
49 51 13
50 51 13
48 52 14
49 52 14
50 52 14
48 53 15
49 53 15
50 53 15
48 54 16
49 54 16
50 54 16
48 55 17
49 55 17
50 55 17
48 56 18
49 56 18
50 56 18
48 57 19
49 57 19
50 57 19
48 58 20
49 58 20
50 58 20
48 59 21
49 59 21
50 59 21
48 60 22
49 60 22
50 60 22
48 61 23
49 61 23
50 61 23
48 62 24
49 62 24
50 62 24
48 51 25
49 51 25
50 51 25
48 52 26
49 52 26
50 52 26
48 53 27
49 53 27
50 53 27
48 54 28
49 54 28
50 54 28
48 55 29
49 55 29
50 55 29
48 56 30
49 56 30
50 56 30
48 57 31
49 57 31
50 57 31
48 58 32
49 58 32
50 58 32
48 59 33
49 59 33
50 59 33
48 60 34
49 60 34
50 60 34
48 61 35
49 61 35
50 61 35
48 62 36
49 62 36
50 62 36
