2 5 1
2 5 2
2 5 3
2 5 4
2 5 5
2 5 6
2 5 7
2 5 8
2 5 9
2 5 10
2 5 11
2 5 12
2 5 13
2 5 14
2 5 15
2 5 16
2 5 17
2 5 18
2 5 19
2 5 20
2 5 21
2 5 22
2 5 23
2 5 24
2 5 25
2 5 26
2 5 27
2 5 28
2 5 29
2 5 30
2 5 31
2 5 32
2 5 33
2 5 34
2 5 35
2 5 36
2 5 37
2 5 38
2 5 39
2 5 40
2 5 41
2 5 42
2 5 43
2 5 44
2 5 45
2 5 46
2 5 47
2 5 48
2 5 49
2 5 50
2 5 51
2 5 52
2 5 53
2 5 54
2 5 55
2 5 56
2 5 57
2 5 58
2 5 59
2 5 60
2 5 61
2 5 62
2 5 63
2 5 64
2 5 65
2 5 66
2 5 67
2 5 68
2 5 69
2 5 70
2 5 71
2 5 72
2 5 73
2 5 74
2 5 75
2 5 76
2 5 77
2 5 78
2 5 79
2 5 80
2 5 81
2 5 82
2 5 83
2 5 84
2 5 85
2 5 86
2 5 87
2 5 88
2 5 89
2 5 90
2 5 91
2 5 92
2 5 93
2 5 94
2 5 95
2 5 96
2 5 97
2 5 98
2 5 99
2 5 100
2 5 101
2 5 102
2 5 103
2 5 104
2 5 105
2 5 106
2 5 107
2 5 108
2 5 109
2 5 110
2 5 111
2 5 112
2 5 113
2 5 114
2 5 115
2 5 116
2 5 117
2 5 118
2 5 119
2 5 120
2 5 121
2 5 122
2 5 123
2 5 124
2 5 125
2 5 126
2 5 127
2 5 128
2 5 129
2 5 130
2 5 131
2 5 132
2 5 133
2 5 134
2 5 135
2 5 136
2 5 137
2 5 138
2 5 139
2 5 140
2 5 141
2 5 142
2 5 143
2 5 144
2 5 145
2 5 146
2 5 147
2 5 148
2 5 149
2 5 150
2 5 151
2 5 152
2 5 153
2 5 154
2 5 155
2 5 156
2 5 157
2 5 158
2 5 159
2 5 160
2 5 161
2 5 162
2 5 163
2 5 164
2 5 165
2 5 166
2 5 167
2 5 168
2 5 169
2 5 170
2 5 171
2 5 172
2 5 173
2 5 174
2 5 175
2 5 176
2 5 177
2 5 178
2 5 179
2 5 180
2 5 181
2 5 182
2 5 183
2 5 184
2 5 185
2 5 186
2 5 187
2 5 188
2 5 189
2 5 190
2 5 191
2 5 192
2 5 193
2 5 194
2 5 195
2 5 196
2 5 197
2 5 198
2 5 199
2 5 200
2 5 201
2 5 202
2 5 203
2 5 204
2 5 205
2 5 206
2 5 207
2 5 208
2 5 209
2 5 210
2 5 211
2 5 212
2 5 213
2 5 214
2 5 215
2 5 216
2 5 217
2 5 218
2 5 219
2 5 220
2 5 221
2 5 222
2 5 223
2 5 224
2 5 225
2 5 226
2 5 227
2 5 228
2 5 229
2 5 230
2 5 231
2 5 232
2 5 233
2 5 234
2 5 235
2 5 236
2 5 237
2 5 238
2 5 239
2 5 240
2 5 241
2 5 242
2 5 243
2 5 244
2 5 245
