36 54 1
37 54 1
38 54 1
39 54 1
40 54 1
41 54 1
42 54 1
43 54 1
44 54 1
45 54 1
46 54 1
47 54 1
48 54 1
49 54 1
50 54 1
51 54 1
52 54 1
53 54 1
36 55 2
37 55 2
38 55 2
39 55 2
40 55 2
41 55 2
42 55 2
43 55 2
44 55 2
45 55 2
46 55 2
47 55 2
48 55 2
49 55 2
50 55 2
51 55 2
52 55 2
53 55 2
36 56 3
37 56 3
38 56 3
39 56 3
40 56 3
41 56 3
42 56 3
43 56 3
44 56 3
45 56 3
46 56 3
47 56 3
48 56 3
49 56 3
50 56 3
51 56 3
52 56 3
53 56 3
36 57 4
37 57 4
38 57 4
39 57 4
40 57 4
41 57 4
42 57 4
43 57 4
44 57 4
45 57 4
46 57 4
47 57 4
48 57 4
49 57 4
50 57 4
51 57 4
52 57 4
53 57 4
36 58 5
37 58 5
38 58 5
39 58 5
40 58 5
41 58 5
42 58 5
43 58 5
44 58 5
45 58 5
46 58 5
47 58 5
48 58 5
49 58 5
50 58 5
51 58 5
52 58 5
53 58 5
36 59 6
37 59 6
38 59 6
39 59 6
40 59 6
41 59 6
42 59 6
43 59 6
44 59 6
45 59 6
46 59 6
47 59 6
48 59 6
49 59 6
50 59 6
51 59 6
52 59 6
53 59 6
36 60 7
37 60 7
38 60 7
39 60 7
40 60 7
41 60 7
42 60 7
43 60 7
44 60 7
45 60 7
46 60 7
47 60 7
48 60 7
49 60 7
50 60 7
51 60 7
52 60 7
53 60 7
36 61 8
37 61 8
38 61 8
39 61 8
40 61 8
41 61 8
42 61 8
43 61 8
44 61 8
45 61 8
46 61 8
47 61 8
48 61 8
49 61 8
50 61 8
51 61 8
52 61 8
53 61 8
36 62 9
37 62 9
38 62 9
39 62 9
40 62 9
41 62 9
42 62 9
43 62 9
44 62 9
45 62 9
46 62 9
47 62 9
48 62 9
49 62 9
50 62 9
51 62 9
52 62 9
53 62 9
36 63 10
37 63 10
38 63 10
39 63 10
40 63 10
41 63 10
42 63 10
43 63 10
44 63 10
45 63 10
46 63 10
47 63 10
48 63 10
49 63 10
50 63 10
51 63 10
52 63 10
53 63 10
36 64 11
37 64 11
38 64 11
39 64 11
40 64 11
41 64 11
42 64 11
43 64 11
44 64 11
45 64 11
46 64 11
47 64 11
48 64 11
49 64 11
50 64 11
51 64 11
52 64 11
53 64 11
36 65 12
37 65 12
38 65 12
39 65 12
40 65 12
41 65 12
42 65 12
43 65 12
44 65 12
45 65 12
46 65 12
47 65 12
48 65 12
49 65 12
50 65 12
51 65 12
52 65 12
53 65 12
36 66 13
37 66 13
38 66 13
39 66 13
40 66 13
41 66 13
42 66 13
43 66 13
44 66 13
45 66 13
46 66 13
47 66 13
48 66 13
49 66 13
50 66 13
51 66 13
52 66 13
53 66 13
36 67 14
37 67 14
38 67 14
39 67 14
40 67 14
41 67 14
42 67 14
43 67 14
44 67 14
45 67 14
46 67 14
47 67 14
48 67 14
49 67 14
50 67 14
51 67 14
52 67 14
53 67 14
36 68 15
37 68 15
38 68 15
39 68 15
40 68 15
41 68 15
42 68 15
43 68 15
44 68 15
45 68 15
46 68 15
47 68 15
48 68 15
49 68 15
50 68 15
51 68 15
52 68 15
53 68 15
36 69 16
37 69 16
38 69 16
39 69 16
40 69 16
41 69 16
42 69 16
43 69 16
44 69 16
45 69 16
46 69 16
47 69 16
48 69 16
49 69 16
50 69 16
51 69 16
52 69 16
53 69 16
36 70 17
37 70 17
38 70 17
39 70 17
40 70 17
41 70 17
42 70 17
43 70 17
44 70 17
45 70 17
46 70 17
47 70 17
48 70 17
49 70 17
50 70 17
51 70 17
52 70 17
53 70 17
36 71 18
37 71 18
38 71 18
39 71 18
40 71 18
41 71 18
42 71 18
43 71 18
44 71 18
45 71 18
46 71 18
47 71 18
48 71 18
49 71 18
50 71 18
51 71 18
52 71 18
53 71 18
36 54 19
37 54 19
38 54 19
39 54 19
40 54 19
41 54 19
42 54 19
43 54 19
44 54 19
45 54 19
46 54 19
47 54 19
48 54 19
49 54 19
50 54 19
51 54 19
52 54 19
53 54 19
36 55 20
37 55 20
38 55 20
39 55 20
40 55 20
41 55 20
42 55 20
43 55 20
44 55 20
45 55 20
46 55 20
47 55 20
48 55 20
49 55 20
50 55 20
51 55 20
52 55 20
53 55 20
36 56 21
37 56 21
38 56 21
39 56 21
40 56 21
41 56 21
42 56 21
43 56 21
44 56 21
45 56 21
46 56 21
47 56 21
48 56 21
49 56 21
50 56 21
51 56 21
52 56 21
53 56 21
36 57 22
37 57 22
38 57 22
39 57 22
40 57 22
41 57 22
42 57 22
43 57 22
44 57 22
45 57 22
46 57 22
47 57 22
48 57 22
49 57 22
50 57 22
51 57 22
52 57 22
53 57 22
36 58 23
37 58 23
38 58 23
39 58 23
40 58 23
41 58 23
42 58 23
43 58 23
44 58 23
45 58 23
46 58 23
47 58 23
48 58 23
49 58 23
50 58 23
51 58 23
52 58 23
53 58 23
36 59 24
37 59 24
38 59 24
39 59 24
40 59 24
41 59 24
42 59 24
43 59 24
44 59 24
45 59 24
46 59 24
47 59 24
48 59 24
49 59 24
50 59 24
51 59 24
52 59 24
53 59 24
36 60 25
37 60 25
38 60 25
39 60 25
40 60 25
41 60 25
42 60 25
43 60 25
44 60 25
45 60 25
46 60 25
47 60 25
48 60 25
49 60 25
50 60 25
51 60 25
52 60 25
53 60 25
36 61 26
37 61 26
38 61 26
39 61 26
40 61 26
41 61 26
42 61 26
43 61 26
44 61 26
45 61 26
46 61 26
47 61 26
48 61 26
49 61 26
50 61 26
51 61 26
52 61 26
53 61 26
36 62 27
37 62 27
38 62 27
39 62 27
40 62 27
41 62 27
42 62 27
43 62 27
44 62 27
45 62 27
46 62 27
47 62 27
48 62 27
49 62 27
50 62 27
51 62 27
52 62 27
53 62 27
36 63 28
37 63 28
38 63 28
39 63 28
40 63 28
41 63 28
42 63 28
43 63 28
44 63 28
45 63 28
46 63 28
47 63 28
48 63 28
49 63 28
50 63 28
51 63 28
52 63 28
53 63 28
36 64 29
37 64 29
38 64 29
39 64 29
40 64 29
41 64 29
42 64 29
43 64 29
44 64 29
45 64 29
46 64 29
47 64 29
48 64 29
49 64 29
50 64 29
51 64 29
52 64 29
53 64 29
36 65 30
37 65 30
38 65 30
39 65 30
40 65 30
41 65 30
42 65 30
43 65 30
44 65 30
45 65 30
46 65 30
47 65 30
48 65 30
49 65 30
50 65 30
51 65 30
52 65 30
53 65 30
36 66 31
37 66 31
38 66 31
39 66 31
40 66 31
41 66 31
42 66 31
43 66 31
44 66 31
45 66 31
46 66 31
47 66 31
48 66 31
49 66 31
50 66 31
51 66 31
52 66 31
53 66 31
36 67 32
37 67 32
38 67 32
39 67 32
40 67 32
41 67 32
42 67 32
43 67 32
44 67 32
45 67 32
46 67 32
47 67 32
48 67 32
49 67 32
50 67 32
51 67 32
52 67 32
53 67 32
36 68 33
37 68 33
38 68 33
39 68 33
40 68 33
41 68 33
42 68 33
43 68 33
44 68 33
45 68 33
46 68 33
47 68 33
48 68 33
49 68 33
50 68 33
51 68 33
52 68 33
53 68 33
36 69 34
37 69 34
38 69 34
39 69 34
40 69 34
41 69 34
42 69 34
43 69 34
44 69 34
45 69 34
46 69 34
47 69 34
48 69 34
49 69 34
50 69 34
51 69 34
52 69 34
53 69 34
36 70 35
37 70 35
38 70 35
39 70 35
40 70 35
41 70 35
42 70 35
43 70 35
44 70 35
45 70 35
46 70 35
47 70 35
48 70 35
49 70 35
50 70 35
51 70 35
52 70 35
53 70 35
36 71 36
37 71 36
38 71 36
39 71 36
40 71 36
41 71 36
42 71 36
43 71 36
44 71 36
45 71 36
46 71 36
47 71 36
48 71 36
49 71 36
50 71 36
51 71 36
52 71 36
53 71 36
