45 57 1
46 57 1
47 57 1
48 57 1
49 57 1
50 57 1
51 57 1
52 57 1
53 57 1
54 57 1
55 57 1
56 57 1
45 58 2
46 58 2
47 58 2
48 58 2
49 58 2
50 58 2
51 58 2
52 58 2
53 58 2
54 58 2
55 58 2
56 58 2
45 59 3
46 59 3
47 59 3
48 59 3
49 59 3
50 59 3
51 59 3
52 59 3
53 59 3
54 59 3
55 59 3
56 59 3
45 60 4
46 60 4
47 60 4
48 60 4
49 60 4
50 60 4
51 60 4
52 60 4
53 60 4
54 60 4
55 60 4
56 60 4
45 61 5
46 61 5
47 61 5
48 61 5
49 61 5
50 61 5
51 61 5
52 61 5
53 61 5
54 61 5
55 61 5
56 61 5
45 62 6
46 62 6
47 62 6
48 62 6
49 62 6
50 62 6
51 62 6
52 62 6
53 62 6
54 62 6
55 62 6
56 62 6
45 57 7
46 57 7
47 57 7
48 57 7
49 57 7
50 57 7
51 57 7
52 57 7
53 57 7
54 57 7
55 57 7
56 57 7
45 58 8
46 58 8
47 58 8
48 58 8
49 58 8
50 58 8
51 58 8
52 58 8
53 58 8
54 58 8
55 58 8
56 58 8
45 59 9
46 59 9
47 59 9
48 59 9
49 59 9
50 59 9
51 59 9
52 59 9
53 59 9
54 59 9
55 59 9
56 59 9
45 60 10
46 60 10
47 60 10
48 60 10
49 60 10
50 60 10
51 60 10
52 60 10
53 60 10
54 60 10
55 60 10
56 60 10
45 61 11
46 61 11
47 61 11
48 61 11
49 61 11
50 61 11
51 61 11
52 61 11
53 61 11
54 61 11
55 61 11
56 61 11
45 62 12
46 62 12
47 62 12
48 62 12
49 62 12
50 62 12
51 62 12
52 62 12
53 62 12
54 62 12
55 62 12
56 62 12
45 57 13
46 57 13
47 57 13
48 57 13
49 57 13
50 57 13
51 57 13
52 57 13
53 57 13
54 57 13
55 57 13
56 57 13
45 58 14
46 58 14
47 58 14
48 58 14
49 58 14
50 58 14
51 58 14
52 58 14
53 58 14
54 58 14
55 58 14
56 58 14
45 59 15
46 59 15
47 59 15
48 59 15
49 59 15
50 59 15
51 59 15
52 59 15
53 59 15
54 59 15
55 59 15
56 59 15
45 60 16
46 60 16
47 60 16
48 60 16
49 60 16
50 60 16
51 60 16
52 60 16
53 60 16
54 60 16
55 60 16
56 60 16
45 61 17
46 61 17
47 61 17
48 61 17
49 61 17
50 61 17
51 61 17
52 61 17
53 61 17
54 61 17
55 61 17
56 61 17
45 62 18
46 62 18
47 62 18
48 62 18
49 62 18
50 62 18
51 62 18
52 62 18
53 62 18
54 62 18
55 62 18
56 62 18
45 57 19
46 57 19
47 57 19
48 57 19
49 57 19
50 57 19
51 57 19
52 57 19
53 57 19
54 57 19
55 57 19
56 57 19
45 58 20
46 58 20
47 58 20
48 58 20
49 58 20
50 58 20
51 58 20
52 58 20
53 58 20
54 58 20
55 58 20
56 58 20
45 59 21
46 59 21
47 59 21
48 59 21
49 59 21
50 59 21
51 59 21
52 59 21
53 59 21
54 59 21
55 59 21
56 59 21
45 60 22
46 60 22
47 60 22
48 60 22
49 60 22
50 60 22
51 60 22
52 60 22
53 60 22
54 60 22
55 60 22
56 60 22
45 61 23
46 61 23
47 61 23
48 61 23
49 61 23
50 61 23
51 61 23
52 61 23
53 61 23
54 61 23
55 61 23
56 61 23
45 62 24
46 62 24
47 62 24
48 62 24
49 62 24
50 62 24
51 62 24
52 62 24
53 62 24
54 62 24
55 62 24
56 62 24
45 57 25
46 57 25
47 57 25
48 57 25
49 57 25
50 57 25
51 57 25
52 57 25
53 57 25
54 57 25
55 57 25
56 57 25
45 58 26
46 58 26
47 58 26
48 58 26
49 58 26
50 58 26
51 58 26
52 58 26
53 58 26
54 58 26
55 58 26
56 58 26
45 59 27
46 59 27
47 59 27
48 59 27
49 59 27
50 59 27
51 59 27
52 59 27
53 59 27
54 59 27
55 59 27
56 59 27
45 60 28
46 60 28
47 60 28
48 60 28
49 60 28
50 60 28
51 60 28
52 60 28
53 60 28
54 60 28
55 60 28
56 60 28
45 61 29
46 61 29
47 61 29
48 61 29
49 61 29
50 61 29
51 61 29
52 61 29
53 61 29
54 61 29
55 61 29
56 61 29
45 62 30
46 62 30
47 62 30
48 62 30
49 62 30
50 62 30
51 62 30
52 62 30
53 62 30
54 62 30
55 62 30
56 62 30
45 57 31
46 57 31
47 57 31
48 57 31
49 57 31
50 57 31
51 57 31
52 57 31
53 57 31
54 57 31
55 57 31
56 57 31
45 58 32
46 58 32
47 58 32
48 58 32
49 58 32
50 58 32
51 58 32
52 58 32
53 58 32
54 58 32
55 58 32
56 58 32
45 59 33
46 59 33
47 59 33
48 59 33
49 59 33
50 59 33
51 59 33
52 59 33
53 59 33
54 59 33
55 59 33
56 59 33
45 60 34
46 60 34
47 60 34
48 60 34
49 60 34
50 60 34
51 60 34
52 60 34
53 60 34
54 60 34
55 60 34
56 60 34
45 61 35
46 61 35
47 61 35
48 61 35
49 61 35
50 61 35
51 61 35
52 61 35
53 61 35
54 61 35
55 61 35
56 61 35
45 62 36
46 62 36
47 62 36
48 62 36
49 62 36
50 62 36
51 62 36
52 62 36
53 62 36
54 62 36
55 62 36
56 62 36
45 57 37
46 57 37
47 57 37
48 57 37
49 57 37
50 57 37
51 57 37
52 57 37
53 57 37
54 57 37
55 57 37
56 57 37
45 58 38
46 58 38
47 58 38
48 58 38
49 58 38
50 58 38
51 58 38
52 58 38
53 58 38
54 58 38
55 58 38
56 58 38
45 59 39
46 59 39
47 59 39
48 59 39
49 59 39
50 59 39
51 59 39
52 59 39
53 59 39
54 59 39
55 59 39
56 59 39
45 60 40
46 60 40
47 60 40
48 60 40
49 60 40
50 60 40
51 60 40
52 60 40
53 60 40
54 60 40
55 60 40
56 60 40
45 61 41
46 61 41
47 61 41
48 61 41
49 61 41
50 61 41
51 61 41
52 61 41
53 61 41
54 61 41
55 61 41
56 61 41
45 62 42
46 62 42
47 62 42
48 62 42
49 62 42
50 62 42
51 62 42
52 62 42
53 62 42
54 62 42
55 62 42
56 62 42
45 57 43
46 57 43
47 57 43
48 57 43
49 57 43
50 57 43
51 57 43
52 57 43
53 57 43
54 57 43
55 57 43
56 57 43
45 58 44
46 58 44
47 58 44
48 58 44
49 58 44
50 58 44
51 58 44
52 58 44
53 58 44
54 58 44
55 58 44
56 58 44
45 59 45
46 59 45
47 59 45
48 59 45
49 59 45
50 59 45
51 59 45
52 59 45
53 59 45
54 59 45
55 59 45
56 59 45
45 60 46
46 60 46
47 60 46
48 60 46
49 60 46
50 60 46
51 60 46
52 60 46
53 60 46
54 60 46
55 60 46
56 60 46
45 61 47
46 61 47
47 61 47
48 61 47
49 61 47
50 61 47
51 61 47
52 61 47
53 61 47
54 61 47
55 61 47
56 61 47
45 62 48
46 62 48
47 62 48
48 62 48
49 62 48
50 62 48
51 62 48
52 62 48
53 62 48
54 62 48
55 62 48
56 62 48
45 57 49
46 57 49
47 57 49
48 57 49
49 57 49
50 57 49
51 57 49
52 57 49
53 57 49
54 57 49
55 57 49
56 57 49
45 58 50
46 58 50
47 58 50
48 58 50
49 58 50
50 58 50
51 58 50
52 58 50
53 58 50
54 58 50
55 58 50
56 58 50
45 59 51
46 59 51
47 59 51
48 59 51
49 59 51
50 59 51
51 59 51
52 59 51
53 59 51
54 59 51
55 59 51
56 59 51
45 60 52
46 60 52
47 60 52
48 60 52
49 60 52
50 60 52
51 60 52
52 60 52
53 60 52
54 60 52
55 60 52
56 60 52
45 61 53
46 61 53
47 61 53
48 61 53
49 61 53
50 61 53
51 61 53
52 61 53
53 61 53
54 61 53
55 61 53
56 61 53
45 62 54
46 62 54
47 62 54
48 62 54
49 62 54
50 62 54
51 62 54
52 62 54
53 62 54
54 62 54
55 62 54
56 62 54
45 57 55
46 57 55
47 57 55
48 57 55
49 57 55
50 57 55
51 57 55
52 57 55
53 57 55
54 57 55
55 57 55
56 57 55
45 58 56
46 58 56
47 58 56
48 58 56
49 58 56
50 58 56
51 58 56
52 58 56
53 58 56
54 58 56
55 58 56
56 58 56
45 59 57
46 59 57
47 59 57
48 59 57
49 59 57
50 59 57
51 59 57
52 59 57
53 59 57
54 59 57
55 59 57
56 59 57
45 60 58
46 60 58
47 60 58
48 60 58
49 60 58
50 60 58
51 60 58
52 60 58
53 60 58
54 60 58
55 60 58
56 60 58
45 61 59
46 61 59
47 61 59
48 61 59
49 61 59
50 61 59
51 61 59
52 61 59
53 61 59
54 61 59
55 61 59
56 61 59
45 62 60
46 62 60
47 62 60
48 62 60
49 62 60
50 62 60
51 62 60
52 62 60
53 62 60
54 62 60
55 62 60
56 62 60
45 57 61
46 57 61
47 57 61
48 57 61
49 57 61
50 57 61
51 57 61
52 57 61
53 57 61
54 57 61
55 57 61
56 57 61
45 58 62
46 58 62
47 58 62
48 58 62
49 58 62
50 58 62
51 58 62
52 58 62
53 58 62
54 58 62
55 58 62
56 58 62
45 59 63
46 59 63
47 59 63
48 59 63
49 59 63
50 59 63
51 59 63
52 59 63
53 59 63
54 59 63
55 59 63
56 59 63
45 60 64
46 60 64
47 60 64
48 60 64
49 60 64
50 60 64
51 60 64
52 60 64
53 60 64
54 60 64
55 60 64
56 60 64
45 61 65
46 61 65
47 61 65
48 61 65
49 61 65
50 61 65
51 61 65
52 61 65
53 61 65
54 61 65
55 61 65
56 61 65
45 62 66
46 62 66
47 62 66
48 62 66
49 62 66
50 62 66
51 62 66
52 62 66
53 62 66
54 62 66
55 62 66
56 62 66
45 57 67
46 57 67
47 57 67
48 57 67
49 57 67
50 57 67
51 57 67
52 57 67
53 57 67
54 57 67
55 57 67
56 57 67
45 58 68
46 58 68
47 58 68
48 58 68
49 58 68
50 58 68
51 58 68
52 58 68
53 58 68
54 58 68
55 58 68
56 58 68
45 59 69
46 59 69
47 59 69
48 59 69
49 59 69
50 59 69
51 59 69
52 59 69
53 59 69
54 59 69
55 59 69
56 59 69
45 60 70
46 60 70
47 60 70
48 60 70
49 60 70
50 60 70
51 60 70
52 60 70
53 60 70
54 60 70
55 60 70
56 60 70
45 61 71
46 61 71
47 61 71
48 61 71
49 61 71
50 61 71
51 61 71
52 61 71
53 61 71
54 61 71
55 61 71
56 61 71
45 62 72
46 62 72
47 62 72
48 62 72
49 62 72
50 62 72
51 62 72
52 62 72
53 62 72
54 62 72
55 62 72
56 62 72
45 57 73
46 57 73
47 57 73
48 57 73
49 57 73
50 57 73
51 57 73
52 57 73
53 57 73
54 57 73
55 57 73
56 57 73
45 58 74
46 58 74
47 58 74
48 58 74
49 58 74
50 58 74
51 58 74
52 58 74
53 58 74
54 58 74
55 58 74
56 58 74
45 59 75
46 59 75
47 59 75
48 59 75
49 59 75
50 59 75
51 59 75
52 59 75
53 59 75
54 59 75
55 59 75
56 59 75
45 60 76
46 60 76
47 60 76
48 60 76
49 60 76
50 60 76
51 60 76
52 60 76
53 60 76
54 60 76
55 60 76
56 60 76
45 61 77
46 61 77
47 61 77
48 61 77
49 61 77
50 61 77
51 61 77
52 61 77
53 61 77
54 61 77
55 61 77
56 61 77
45 62 78
46 62 78
47 62 78
48 62 78
49 62 78
50 62 78
51 62 78
52 62 78
53 62 78
54 62 78
55 62 78
56 62 78
45 57 79
46 57 79
47 57 79
48 57 79
49 57 79
50 57 79
51 57 79
52 57 79
53 57 79
54 57 79
55 57 79
56 57 79
45 58 80
46 58 80
47 58 80
48 58 80
49 58 80
50 58 80
51 58 80
52 58 80
53 58 80
54 58 80
55 58 80
56 58 80
45 59 81
46 59 81
47 59 81
48 59 81
49 59 81
50 59 81
51 59 81
52 59 81
53 59 81
54 59 81
55 59 81
56 59 81
45 60 82
46 60 82
47 60 82
48 60 82
49 60 82
50 60 82
51 60 82
52 60 82
53 60 82
54 60 82
55 60 82
56 60 82
45 61 83
46 61 83
47 61 83
48 61 83
49 61 83
50 61 83
51 61 83
52 61 83
53 61 83
54 61 83
55 61 83
56 61 83
45 62 84
46 62 84
47 62 84
48 62 84
49 62 84
50 62 84
51 62 84
52 62 84
53 62 84
54 62 84
55 62 84
56 62 84
45 57 85
46 57 85
47 57 85
48 57 85
49 57 85
50 57 85
51 57 85
52 57 85
53 57 85
54 57 85
55 57 85
56 57 85
45 58 86
46 58 86
47 58 86
48 58 86
49 58 86
50 58 86
51 58 86
52 58 86
53 58 86
54 58 86
55 58 86
56 58 86
45 59 87
46 59 87
47 59 87
48 59 87
49 59 87
50 59 87
51 59 87
52 59 87
53 59 87
54 59 87
55 59 87
56 59 87
45 60 88
46 60 88
47 60 88
48 60 88
49 60 88
50 60 88
51 60 88
52 60 88
53 60 88
54 60 88
55 60 88
56 60 88
45 61 89
46 61 89
47 61 89
48 61 89
49 61 89
50 61 89
51 61 89
52 61 89
53 61 89
54 61 89
55 61 89
56 61 89
45 62 90
46 62 90
47 62 90
48 62 90
49 62 90
50 62 90
51 62 90
52 62 90
53 62 90
54 62 90
55 62 90
56 62 90
45 57 91
46 57 91
47 57 91
48 57 91
49 57 91
50 57 91
51 57 91
52 57 91
53 57 91
54 57 91
55 57 91
56 57 91
45 58 92
46 58 92
47 58 92
48 58 92
49 58 92
50 58 92
51 58 92
52 58 92
53 58 92
54 58 92
55 58 92
56 58 92
45 59 93
46 59 93
47 59 93
48 59 93
49 59 93
50 59 93
51 59 93
52 59 93
53 59 93
54 59 93
55 59 93
56 59 93
45 60 94
46 60 94
47 60 94
48 60 94
49 60 94
50 60 94
51 60 94
52 60 94
53 60 94
54 60 94
55 60 94
56 60 94
45 61 95
46 61 95
47 61 95
48 61 95
49 61 95
50 61 95
51 61 95
52 61 95
53 61 95
54 61 95
55 61 95
56 61 95
45 62 96
46 62 96
47 62 96
48 62 96
49 62 96
50 62 96
51 62 96
52 62 96
53 62 96
54 62 96
55 62 96
56 62 96
