15 27 1
16 27 1
17 27 1
18 27 1
19 27 1
20 27 1
21 27 1
22 27 1
23 27 1
24 27 1
25 27 1
26 27 1
15 28 2
16 28 2
17 28 2
18 28 2
19 28 2
20 28 2
21 28 2
22 28 2
23 28 2
24 28 2
25 28 2
26 28 2
15 29 3
16 29 3
17 29 3
18 29 3
19 29 3
20 29 3
21 29 3
22 29 3
23 29 3
24 29 3
25 29 3
26 29 3
15 30 4
16 30 4
17 30 4
18 30 4
19 30 4
20 30 4
21 30 4
22 30 4
23 30 4
24 30 4
25 30 4
26 30 4
15 31 5
16 31 5
17 31 5
18 31 5
19 31 5
20 31 5
21 31 5
22 31 5
23 31 5
24 31 5
25 31 5
26 31 5
15 32 6
16 32 6
17 32 6
18 32 6
19 32 6
20 32 6
21 32 6
22 32 6
23 32 6
24 32 6
25 32 6
26 32 6
15 27 7
16 27 7
17 27 7
18 27 7
19 27 7
20 27 7
21 27 7
22 27 7
23 27 7
24 27 7
25 27 7
26 27 7
15 28 8
16 28 8
17 28 8
18 28 8
19 28 8
20 28 8
21 28 8
22 28 8
23 28 8
24 28 8
25 28 8
26 28 8
15 29 9
16 29 9
17 29 9
18 29 9
19 29 9
20 29 9
21 29 9
22 29 9
23 29 9
24 29 9
25 29 9
26 29 9
15 30 10
16 30 10
17 30 10
18 30 10
19 30 10
20 30 10
21 30 10
22 30 10
23 30 10
24 30 10
25 30 10
26 30 10
15 31 11
16 31 11
17 31 11
18 31 11
19 31 11
20 31 11
21 31 11
22 31 11
23 31 11
24 31 11
25 31 11
26 31 11
15 32 12
16 32 12
17 32 12
18 32 12
19 32 12
20 32 12
21 32 12
22 32 12
23 32 12
24 32 12
25 32 12
26 32 12
15 27 13
16 27 13
17 27 13
18 27 13
19 27 13
20 27 13
21 27 13
22 27 13
23 27 13
24 27 13
25 27 13
26 27 13
15 28 14
16 28 14
17 28 14
18 28 14
19 28 14
20 28 14
21 28 14
22 28 14
23 28 14
24 28 14
25 28 14
26 28 14
15 29 15
16 29 15
17 29 15
18 29 15
19 29 15
20 29 15
21 29 15
22 29 15
23 29 15
24 29 15
25 29 15
26 29 15
15 30 16
16 30 16
17 30 16
18 30 16
19 30 16
20 30 16
21 30 16
22 30 16
23 30 16
24 30 16
25 30 16
26 30 16
15 31 17
16 31 17
17 31 17
18 31 17
19 31 17
20 31 17
21 31 17
22 31 17
23 31 17
24 31 17
25 31 17
26 31 17
15 32 18
16 32 18
17 32 18
18 32 18
19 32 18
20 32 18
21 32 18
22 32 18
23 32 18
24 32 18
25 32 18
26 32 18
15 27 19
16 27 19
17 27 19
18 27 19
19 27 19
20 27 19
21 27 19
22 27 19
23 27 19
24 27 19
25 27 19
26 27 19
15 28 20
16 28 20
17 28 20
18 28 20
19 28 20
20 28 20
21 28 20
22 28 20
23 28 20
24 28 20
25 28 20
26 28 20
15 29 21
16 29 21
17 29 21
18 29 21
19 29 21
20 29 21
21 29 21
22 29 21
23 29 21
24 29 21
25 29 21
26 29 21
15 30 22
16 30 22
17 30 22
18 30 22
19 30 22
20 30 22
21 30 22
22 30 22
23 30 22
24 30 22
25 30 22
26 30 22
15 31 23
16 31 23
17 31 23
18 31 23
19 31 23
20 31 23
21 31 23
22 31 23
23 31 23
24 31 23
25 31 23
26 31 23
15 32 24
16 32 24
17 32 24
18 32 24
19 32 24
20 32 24
21 32 24
22 32 24
23 32 24
24 32 24
25 32 24
26 32 24
15 27 25
16 27 25
17 27 25
18 27 25
19 27 25
20 27 25
21 27 25
22 27 25
23 27 25
24 27 25
25 27 25
26 27 25
15 28 26
16 28 26
17 28 26
18 28 26
19 28 26
20 28 26
21 28 26
22 28 26
23 28 26
24 28 26
25 28 26
26 28 26
15 29 27
16 29 27
17 29 27
18 29 27
19 29 27
20 29 27
21 29 27
22 29 27
23 29 27
24 29 27
25 29 27
26 29 27
15 30 28
16 30 28
17 30 28
18 30 28
19 30 28
20 30 28
21 30 28
22 30 28
23 30 28
24 30 28
25 30 28
26 30 28
15 31 29
16 31 29
17 31 29
18 31 29
19 31 29
20 31 29
21 31 29
22 31 29
23 31 29
24 31 29
25 31 29
26 31 29
15 32 30
16 32 30
17 32 30
18 32 30
19 32 30
20 32 30
21 32 30
22 32 30
23 32 30
24 32 30
25 32 30
26 32 30
15 27 31
16 27 31
17 27 31
18 27 31
19 27 31
20 27 31
21 27 31
22 27 31
23 27 31
24 27 31
25 27 31
26 27 31
15 28 32
16 28 32
17 28 32
18 28 32
19 28 32
20 28 32
21 28 32
22 28 32
23 28 32
24 28 32
25 28 32
26 28 32
15 29 33
16 29 33
17 29 33
18 29 33
19 29 33
20 29 33
21 29 33
22 29 33
23 29 33
24 29 33
25 29 33
26 29 33
15 30 34
16 30 34
17 30 34
18 30 34
19 30 34
20 30 34
21 30 34
22 30 34
23 30 34
24 30 34
25 30 34
26 30 34
15 31 35
16 31 35
17 31 35
18 31 35
19 31 35
20 31 35
21 31 35
22 31 35
23 31 35
24 31 35
25 31 35
26 31 35
15 32 36
16 32 36
17 32 36
18 32 36
19 32 36
20 32 36
21 32 36
22 32 36
23 32 36
24 32 36
25 32 36
26 32 36
15 27 37
16 27 37
17 27 37
18 27 37
19 27 37
20 27 37
21 27 37
22 27 37
23 27 37
24 27 37
25 27 37
26 27 37
15 28 38
16 28 38
17 28 38
18 28 38
19 28 38
20 28 38
21 28 38
22 28 38
23 28 38
24 28 38
25 28 38
26 28 38
15 29 39
16 29 39
17 29 39
18 29 39
19 29 39
20 29 39
21 29 39
22 29 39
23 29 39
24 29 39
25 29 39
26 29 39
15 30 40
16 30 40
17 30 40
18 30 40
19 30 40
20 30 40
21 30 40
22 30 40
23 30 40
24 30 40
25 30 40
26 30 40
15 31 41
16 31 41
17 31 41
18 31 41
19 31 41
20 31 41
21 31 41
22 31 41
23 31 41
24 31 41
25 31 41
26 31 41
15 32 42
16 32 42
17 32 42
18 32 42
19 32 42
20 32 42
21 32 42
22 32 42
23 32 42
24 32 42
25 32 42
26 32 42
15 27 43
16 27 43
17 27 43
18 27 43
19 27 43
20 27 43
21 27 43
22 27 43
23 27 43
24 27 43
25 27 43
26 27 43
15 28 44
16 28 44
17 28 44
18 28 44
19 28 44
20 28 44
21 28 44
22 28 44
23 28 44
24 28 44
25 28 44
26 28 44
15 29 45
16 29 45
17 29 45
18 29 45
19 29 45
20 29 45
21 29 45
22 29 45
23 29 45
24 29 45
25 29 45
26 29 45
15 30 46
16 30 46
17 30 46
18 30 46
19 30 46
20 30 46
21 30 46
22 30 46
23 30 46
24 30 46
25 30 46
26 30 46
15 31 47
16 31 47
17 31 47
18 31 47
19 31 47
20 31 47
21 31 47
22 31 47
23 31 47
24 31 47
25 31 47
26 31 47
15 32 48
16 32 48
17 32 48
18 32 48
19 32 48
20 32 48
21 32 48
22 32 48
23 32 48
24 32 48
25 32 48
26 32 48
15 27 49
16 27 49
17 27 49
18 27 49
19 27 49
20 27 49
21 27 49
22 27 49
23 27 49
24 27 49
25 27 49
26 27 49
15 28 50
16 28 50
17 28 50
18 28 50
19 28 50
20 28 50
21 28 50
22 28 50
23 28 50
24 28 50
25 28 50
26 28 50
15 29 51
16 29 51
17 29 51
18 29 51
19 29 51
20 29 51
21 29 51
22 29 51
23 29 51
24 29 51
25 29 51
26 29 51
15 30 52
16 30 52
17 30 52
18 30 52
19 30 52
20 30 52
21 30 52
22 30 52
23 30 52
24 30 52
25 30 52
26 30 52
15 31 53
16 31 53
17 31 53
18 31 53
19 31 53
20 31 53
21 31 53
22 31 53
23 31 53
24 31 53
25 31 53
26 31 53
15 32 54
16 32 54
17 32 54
18 32 54
19 32 54
20 32 54
21 32 54
22 32 54
23 32 54
24 32 54
25 32 54
26 32 54
15 27 55
16 27 55
17 27 55
18 27 55
19 27 55
20 27 55
21 27 55
22 27 55
23 27 55
24 27 55
25 27 55
26 27 55
15 28 56
16 28 56
17 28 56
18 28 56
19 28 56
20 28 56
21 28 56
22 28 56
23 28 56
24 28 56
25 28 56
26 28 56
15 29 57
16 29 57
17 29 57
18 29 57
19 29 57
20 29 57
21 29 57
22 29 57
23 29 57
24 29 57
25 29 57
26 29 57
15 30 58
16 30 58
17 30 58
18 30 58
19 30 58
20 30 58
21 30 58
22 30 58
23 30 58
24 30 58
25 30 58
26 30 58
15 31 59
16 31 59
17 31 59
18 31 59
19 31 59
20 31 59
21 31 59
22 31 59
23 31 59
24 31 59
25 31 59
26 31 59
15 32 60
16 32 60
17 32 60
18 32 60
19 32 60
20 32 60
21 32 60
22 32 60
23 32 60
24 32 60
25 32 60
26 32 60
15 27 61
16 27 61
17 27 61
18 27 61
19 27 61
20 27 61
21 27 61
22 27 61
23 27 61
24 27 61
25 27 61
26 27 61
15 28 62
16 28 62
17 28 62
18 28 62
19 28 62
20 28 62
21 28 62
22 28 62
23 28 62
24 28 62
25 28 62
26 28 62
15 29 63
16 29 63
17 29 63
18 29 63
19 29 63
20 29 63
21 29 63
22 29 63
23 29 63
24 29 63
25 29 63
26 29 63
15 30 64
16 30 64
17 30 64
18 30 64
19 30 64
20 30 64
21 30 64
22 30 64
23 30 64
24 30 64
25 30 64
26 30 64
15 31 65
16 31 65
17 31 65
18 31 65
19 31 65
20 31 65
21 31 65
22 31 65
23 31 65
24 31 65
25 31 65
26 31 65
15 32 66
16 32 66
17 32 66
18 32 66
19 32 66
20 32 66
21 32 66
22 32 66
23 32 66
24 32 66
25 32 66
26 32 66
15 27 67
16 27 67
17 27 67
18 27 67
19 27 67
20 27 67
21 27 67
22 27 67
23 27 67
24 27 67
25 27 67
26 27 67
15 28 68
16 28 68
17 28 68
18 28 68
19 28 68
20 28 68
21 28 68
22 28 68
23 28 68
24 28 68
25 28 68
26 28 68
15 29 69
16 29 69
17 29 69
18 29 69
19 29 69
20 29 69
21 29 69
22 29 69
23 29 69
24 29 69
25 29 69
26 29 69
15 30 70
16 30 70
17 30 70
18 30 70
19 30 70
20 30 70
21 30 70
22 30 70
23 30 70
24 30 70
25 30 70
26 30 70
15 31 71
16 31 71
17 31 71
18 31 71
19 31 71
20 31 71
21 31 71
22 31 71
23 31 71
24 31 71
25 31 71
26 31 71
15 32 72
16 32 72
17 32 72
18 32 72
19 32 72
20 32 72
21 32 72
22 32 72
23 32 72
24 32 72
25 32 72
26 32 72
15 27 73
16 27 73
17 27 73
18 27 73
19 27 73
20 27 73
21 27 73
22 27 73
23 27 73
24 27 73
25 27 73
26 27 73
15 28 74
16 28 74
17 28 74
18 28 74
19 28 74
20 28 74
21 28 74
22 28 74
23 28 74
24 28 74
25 28 74
26 28 74
15 29 75
16 29 75
17 29 75
18 29 75
19 29 75
20 29 75
21 29 75
22 29 75
23 29 75
24 29 75
25 29 75
26 29 75
15 30 76
16 30 76
17 30 76
18 30 76
19 30 76
20 30 76
21 30 76
22 30 76
23 30 76
24 30 76
25 30 76
26 30 76
15 31 77
16 31 77
17 31 77
18 31 77
19 31 77
20 31 77
21 31 77
22 31 77
23 31 77
24 31 77
25 31 77
26 31 77
15 32 78
16 32 78
17 32 78
18 32 78
19 32 78
20 32 78
21 32 78
22 32 78
23 32 78
24 32 78
25 32 78
26 32 78
15 27 79
16 27 79
17 27 79
18 27 79
19 27 79
20 27 79
21 27 79
22 27 79
23 27 79
24 27 79
25 27 79
26 27 79
15 28 80
16 28 80
17 28 80
18 28 80
19 28 80
20 28 80
21 28 80
22 28 80
23 28 80
24 28 80
25 28 80
26 28 80
15 29 81
16 29 81
17 29 81
18 29 81
19 29 81
20 29 81
21 29 81
22 29 81
23 29 81
24 29 81
25 29 81
26 29 81
15 30 82
16 30 82
17 30 82
18 30 82
19 30 82
20 30 82
21 30 82
22 30 82
23 30 82
24 30 82
25 30 82
26 30 82
15 31 83
16 31 83
17 31 83
18 31 83
19 31 83
20 31 83
21 31 83
22 31 83
23 31 83
24 31 83
25 31 83
26 31 83
15 32 84
16 32 84
17 32 84
18 32 84
19 32 84
20 32 84
21 32 84
22 32 84
23 32 84
24 32 84
25 32 84
26 32 84
15 27 85
16 27 85
17 27 85
18 27 85
19 27 85
20 27 85
21 27 85
22 27 85
23 27 85
24 27 85
25 27 85
26 27 85
15 28 86
16 28 86
17 28 86
18 28 86
19 28 86
20 28 86
21 28 86
22 28 86
23 28 86
24 28 86
25 28 86
26 28 86
15 29 87
16 29 87
17 29 87
18 29 87
19 29 87
20 29 87
21 29 87
22 29 87
23 29 87
24 29 87
25 29 87
26 29 87
15 30 88
16 30 88
17 30 88
18 30 88
19 30 88
20 30 88
21 30 88
22 30 88
23 30 88
24 30 88
25 30 88
26 30 88
15 31 89
16 31 89
17 31 89
18 31 89
19 31 89
20 31 89
21 31 89
22 31 89
23 31 89
24 31 89
25 31 89
26 31 89
15 32 90
16 32 90
17 32 90
18 32 90
19 32 90
20 32 90
21 32 90
22 32 90
23 32 90
24 32 90
25 32 90
26 32 90
15 27 91
16 27 91
17 27 91
18 27 91
19 27 91
20 27 91
21 27 91
22 27 91
23 27 91
24 27 91
25 27 91
26 27 91
15 28 92
16 28 92
17 28 92
18 28 92
19 28 92
20 28 92
21 28 92
22 28 92
23 28 92
24 28 92
25 28 92
26 28 92
15 29 93
16 29 93
17 29 93
18 29 93
19 29 93
20 29 93
21 29 93
22 29 93
23 29 93
24 29 93
25 29 93
26 29 93
15 30 94
16 30 94
17 30 94
18 30 94
19 30 94
20 30 94
21 30 94
22 30 94
23 30 94
24 30 94
25 30 94
26 30 94
15 31 95
16 31 95
17 31 95
18 31 95
19 31 95
20 31 95
21 31 95
22 31 95
23 31 95
24 31 95
25 31 95
26 31 95
15 32 96
16 32 96
17 32 96
18 32 96
19 32 96
20 32 96
21 32 96
22 32 96
23 32 96
24 32 96
25 32 96
26 32 96
