27 33 1
28 33 1
29 33 1
30 33 1
31 33 1
32 33 1
27 34 2
28 34 2
29 34 2
30 34 2
31 34 2
32 34 2
27 35 3
28 35 3
29 35 3
30 35 3
31 35 3
32 35 3
27 33 4
28 33 4
29 33 4
30 33 4
31 33 4
32 33 4
27 34 5
28 34 5
29 34 5
30 34 5
31 34 5
32 34 5
27 35 6
28 35 6
29 35 6
30 35 6
31 35 6
32 35 6
27 33 7
28 33 7
29 33 7
30 33 7
31 33 7
32 33 7
27 34 8
28 34 8
29 34 8
30 34 8
31 34 8
32 34 8
27 35 9
28 35 9
29 35 9
30 35 9
31 35 9
32 35 9
27 33 10
28 33 10
29 33 10
30 33 10
31 33 10
32 33 10
27 34 11
28 34 11
29 34 11
30 34 11
31 34 11
32 34 11
27 35 12
28 35 12
29 35 12
30 35 12
31 35 12
32 35 12
