130 142 1
131 142 1
132 142 1
133 142 1
134 142 1
135 142 1
136 142 1
137 142 1
138 142 1
139 142 1
140 142 1
141 142 1
130 143 2
131 143 2
132 143 2
133 143 2
134 143 2
135 143 2
136 143 2
137 143 2
138 143 2
139 143 2
140 143 2
141 143 2
130 144 3
131 144 3
132 144 3
133 144 3
134 144 3
135 144 3
136 144 3
137 144 3
138 144 3
139 144 3
140 144 3
141 144 3
130 145 4
131 145 4
132 145 4
133 145 4
134 145 4
135 145 4
136 145 4
137 145 4
138 145 4
139 145 4
140 145 4
141 145 4
130 146 5
131 146 5
132 146 5
133 146 5
134 146 5
135 146 5
136 146 5
137 146 5
138 146 5
139 146 5
140 146 5
141 146 5
130 147 6
131 147 6
132 147 6
133 147 6
134 147 6
135 147 6
136 147 6
137 147 6
138 147 6
139 147 6
140 147 6
141 147 6
130 142 7
131 142 7
132 142 7
133 142 7
134 142 7
135 142 7
136 142 7
137 142 7
138 142 7
139 142 7
140 142 7
141 142 7
130 143 8
131 143 8
132 143 8
133 143 8
134 143 8
135 143 8
136 143 8
137 143 8
138 143 8
139 143 8
140 143 8
141 143 8
130 144 9
131 144 9
132 144 9
133 144 9
134 144 9
135 144 9
136 144 9
137 144 9
138 144 9
139 144 9
140 144 9
141 144 9
130 145 10
131 145 10
132 145 10
133 145 10
134 145 10
135 145 10
136 145 10
137 145 10
138 145 10
139 145 10
140 145 10
141 145 10
130 146 11
131 146 11
132 146 11
133 146 11
134 146 11
135 146 11
136 146 11
137 146 11
138 146 11
139 146 11
140 146 11
141 146 11
130 147 12
131 147 12
132 147 12
133 147 12
134 147 12
135 147 12
136 147 12
137 147 12
138 147 12
139 147 12
140 147 12
141 147 12
130 142 13
131 142 13
132 142 13
133 142 13
134 142 13
135 142 13
136 142 13
137 142 13
138 142 13
139 142 13
140 142 13
141 142 13
130 143 14
131 143 14
132 143 14
133 143 14
134 143 14
135 143 14
136 143 14
137 143 14
138 143 14
139 143 14
140 143 14
141 143 14
130 144 15
131 144 15
132 144 15
133 144 15
134 144 15
135 144 15
136 144 15
137 144 15
138 144 15
139 144 15
140 144 15
141 144 15
130 145 16
131 145 16
132 145 16
133 145 16
134 145 16
135 145 16
136 145 16
137 145 16
138 145 16
139 145 16
140 145 16
141 145 16
130 146 17
131 146 17
132 146 17
133 146 17
134 146 17
135 146 17
136 146 17
137 146 17
138 146 17
139 146 17
140 146 17
141 146 17
130 147 18
131 147 18
132 147 18
133 147 18
134 147 18
135 147 18
136 147 18
137 147 18
138 147 18
139 147 18
140 147 18
141 147 18
130 142 19
131 142 19
132 142 19
133 142 19
134 142 19
135 142 19
136 142 19
137 142 19
138 142 19
139 142 19
140 142 19
141 142 19
130 143 20
131 143 20
132 143 20
133 143 20
134 143 20
135 143 20
136 143 20
137 143 20
138 143 20
139 143 20
140 143 20
141 143 20
130 144 21
131 144 21
132 144 21
133 144 21
134 144 21
135 144 21
136 144 21
137 144 21
138 144 21
139 144 21
140 144 21
141 144 21
130 145 22
131 145 22
132 145 22
133 145 22
134 145 22
135 145 22
136 145 22
137 145 22
138 145 22
139 145 22
140 145 22
141 145 22
130 146 23
131 146 23
132 146 23
133 146 23
134 146 23
135 146 23
136 146 23
137 146 23
138 146 23
139 146 23
140 146 23
141 146 23
130 147 24
131 147 24
132 147 24
133 147 24
134 147 24
135 147 24
136 147 24
137 147 24
138 147 24
139 147 24
140 147 24
141 147 24
130 142 25
131 142 25
132 142 25
133 142 25
134 142 25
135 142 25
136 142 25
137 142 25
138 142 25
139 142 25
140 142 25
141 142 25
130 143 26
131 143 26
132 143 26
133 143 26
134 143 26
135 143 26
136 143 26
137 143 26
138 143 26
139 143 26
140 143 26
141 143 26
130 144 27
131 144 27
132 144 27
133 144 27
134 144 27
135 144 27
136 144 27
137 144 27
138 144 27
139 144 27
140 144 27
141 144 27
130 145 28
131 145 28
132 145 28
133 145 28
134 145 28
135 145 28
136 145 28
137 145 28
138 145 28
139 145 28
140 145 28
141 145 28
130 146 29
131 146 29
132 146 29
133 146 29
134 146 29
135 146 29
136 146 29
137 146 29
138 146 29
139 146 29
140 146 29
141 146 29
130 147 30
131 147 30
132 147 30
133 147 30
134 147 30
135 147 30
136 147 30
137 147 30
138 147 30
139 147 30
140 147 30
141 147 30
130 142 31
131 142 31
132 142 31
133 142 31
134 142 31
135 142 31
136 142 31
137 142 31
138 142 31
139 142 31
140 142 31
141 142 31
130 143 32
131 143 32
132 143 32
133 143 32
134 143 32
135 143 32
136 143 32
137 143 32
138 143 32
139 143 32
140 143 32
141 143 32
130 144 33
131 144 33
132 144 33
133 144 33
134 144 33
135 144 33
136 144 33
137 144 33
138 144 33
139 144 33
140 144 33
141 144 33
130 145 34
131 145 34
132 145 34
133 145 34
134 145 34
135 145 34
136 145 34
137 145 34
138 145 34
139 145 34
140 145 34
141 145 34
130 146 35
131 146 35
132 146 35
133 146 35
134 146 35
135 146 35
136 146 35
137 146 35
138 146 35
139 146 35
140 146 35
141 146 35
130 147 36
131 147 36
132 147 36
133 147 36
134 147 36
135 147 36
136 147 36
137 147 36
138 147 36
139 147 36
140 147 36
141 147 36
130 142 37
131 142 37
132 142 37
133 142 37
134 142 37
135 142 37
136 142 37
137 142 37
138 142 37
139 142 37
140 142 37
141 142 37
130 143 38
131 143 38
132 143 38
133 143 38
134 143 38
135 143 38
136 143 38
137 143 38
138 143 38
139 143 38
140 143 38
141 143 38
130 144 39
131 144 39
132 144 39
133 144 39
134 144 39
135 144 39
136 144 39
137 144 39
138 144 39
139 144 39
140 144 39
141 144 39
130 145 40
131 145 40
132 145 40
133 145 40
134 145 40
135 145 40
136 145 40
137 145 40
138 145 40
139 145 40
140 145 40
141 145 40
130 146 41
131 146 41
132 146 41
133 146 41
134 146 41
135 146 41
136 146 41
137 146 41
138 146 41
139 146 41
140 146 41
141 146 41
130 147 42
131 147 42
132 147 42
133 147 42
134 147 42
135 147 42
136 147 42
137 147 42
138 147 42
139 147 42
140 147 42
141 147 42
130 142 43
131 142 43
132 142 43
133 142 43
134 142 43
135 142 43
136 142 43
137 142 43
138 142 43
139 142 43
140 142 43
141 142 43
130 143 44
131 143 44
132 143 44
133 143 44
134 143 44
135 143 44
136 143 44
137 143 44
138 143 44
139 143 44
140 143 44
141 143 44
130 144 45
131 144 45
132 144 45
133 144 45
134 144 45
135 144 45
136 144 45
137 144 45
138 144 45
139 144 45
140 144 45
141 144 45
130 145 46
131 145 46
132 145 46
133 145 46
134 145 46
135 145 46
136 145 46
137 145 46
138 145 46
139 145 46
140 145 46
141 145 46
130 146 47
131 146 47
132 146 47
133 146 47
134 146 47
135 146 47
136 146 47
137 146 47
138 146 47
139 146 47
140 146 47
141 146 47
130 147 48
131 147 48
132 147 48
133 147 48
134 147 48
135 147 48
136 147 48
137 147 48
138 147 48
139 147 48
140 147 48
141 147 48
130 142 49
131 142 49
132 142 49
133 142 49
134 142 49
135 142 49
136 142 49
137 142 49
138 142 49
139 142 49
140 142 49
141 142 49
130 143 50
131 143 50
132 143 50
133 143 50
134 143 50
135 143 50
136 143 50
137 143 50
138 143 50
139 143 50
140 143 50
141 143 50
130 144 51
131 144 51
132 144 51
133 144 51
134 144 51
135 144 51
136 144 51
137 144 51
138 144 51
139 144 51
140 144 51
141 144 51
130 145 52
131 145 52
132 145 52
133 145 52
134 145 52
135 145 52
136 145 52
137 145 52
138 145 52
139 145 52
140 145 52
141 145 52
130 146 53
131 146 53
132 146 53
133 146 53
134 146 53
135 146 53
136 146 53
137 146 53
138 146 53
139 146 53
140 146 53
141 146 53
130 147 54
131 147 54
132 147 54
133 147 54
134 147 54
135 147 54
136 147 54
137 147 54
138 147 54
139 147 54
140 147 54
141 147 54
130 142 55
131 142 55
132 142 55
133 142 55
134 142 55
135 142 55
136 142 55
137 142 55
138 142 55
139 142 55
140 142 55
141 142 55
130 143 56
131 143 56
132 143 56
133 143 56
134 143 56
135 143 56
136 143 56
137 143 56
138 143 56
139 143 56
140 143 56
141 143 56
130 144 57
131 144 57
132 144 57
133 144 57
134 144 57
135 144 57
136 144 57
137 144 57
138 144 57
139 144 57
140 144 57
141 144 57
130 145 58
131 145 58
132 145 58
133 145 58
134 145 58
135 145 58
136 145 58
137 145 58
138 145 58
139 145 58
140 145 58
141 145 58
130 146 59
131 146 59
132 146 59
133 146 59
134 146 59
135 146 59
136 146 59
137 146 59
138 146 59
139 146 59
140 146 59
141 146 59
130 147 60
131 147 60
132 147 60
133 147 60
134 147 60
135 147 60
136 147 60
137 147 60
138 147 60
139 147 60
140 147 60
141 147 60
