6 13 1
6 13 2
6 13 3
6 13 4
6 13 5
6 13 6
6 13 7
6 13 8
6 13 9
6 13 10
6 13 11
6 13 12
6 13 13
6 13 14
6 13 15
6 13 16
6 13 17
6 13 18
6 13 19
6 13 20
6 13 21
6 13 22
6 13 23
6 13 24
6 13 25
6 13 26
6 13 27
6 13 28
6 13 29
6 13 30
6 13 31
6 13 32
6 13 33
6 13 34
6 13 35
6 13 36
6 13 37
6 13 38
6 13 39
6 13 40
6 13 41
6 13 42
6 13 43
6 13 44
6 13 45
6 13 46
6 13 47
6 13 48
6 13 49
6 13 50
6 13 51
6 13 52
6 13 53
6 13 54
6 13 55
6 13 56
6 13 57
6 13 58
6 13 59
6 13 60
6 13 61
6 13 62
6 13 63
6 13 64
6 13 65
6 13 66
6 13 67
6 13 68
6 13 69
6 13 70
6 13 71
6 13 72
6 13 73
6 13 74
6 13 75
6 13 76
6 13 77
6 13 78
6 13 79
6 13 80
6 13 81
6 13 82
6 13 83
6 13 84
6 13 85
6 13 86
6 13 87
6 13 88
6 13 89
6 13 90
6 13 91
6 13 92
6 13 93
6 13 94
6 13 95
6 13 96
