10 13 1
10 13 2
10 13 3
10 13 4
10 13 5
10 13 6
10 13 7
10 13 8
10 13 9
10 13 10
10 13 11
10 13 12
10 13 13
10 13 14
10 13 15
10 13 16
10 13 17
10 13 18
10 13 19
10 13 20
10 13 21
10 13 22
10 13 23
10 13 24
10 13 25
10 13 26
10 13 27
10 13 28
10 13 29
10 13 30
10 13 31
10 13 32
10 13 33
10 13 34
10 13 35
10 13 36
10 13 37
10 13 38
10 13 39
10 13 40
10 13 41
10 13 42
10 13 43
10 13 44
10 13 45
10 13 46
10 13 47
10 13 48
10 13 49
10 13 50
10 13 51
10 13 52
10 13 53
10 13 54
10 13 55
10 13 56
10 13 57
10 13 58
10 13 59
10 13 60
10 13 61
10 13 62
10 13 63
10 13 64
10 13 65
10 13 66
10 13 67
10 13 68
10 13 69
10 13 70
10 13 71
10 13 72
10 13 73
10 13 74
10 13 75
10 13 76
10 13 77
10 13 78
10 13 79
10 13 80
10 13 81
10 13 82
10 13 83
10 13 84
10 13 85
10 13 86
10 13 87
10 13 88
10 13 89
10 13 90
10 13 91
10 13 92
10 13 93
10 13 94
10 13 95
10 13 96
