9 10 1
9 10 2
9 10 3
9 10 4
9 10 5
9 10 6
9 10 7
9 10 8
9 10 9
9 10 10
9 10 11
9 10 12
9 10 13
9 10 14
9 10 15
9 10 16
9 10 17
9 10 18
9 10 19
9 10 20
9 10 21
9 10 22
9 10 23
9 10 24
9 10 25
9 10 26
9 10 27
9 10 28
9 10 29
9 10 30
9 10 31
9 10 32
9 10 33
9 10 34
9 10 35
9 10 36
9 10 37
9 10 38
9 10 39
9 10 40
9 10 41
9 10 42
9 10 43
9 10 44
9 10 45
9 10 46
9 10 47
9 10 48
9 10 49
9 10 50
9 10 51
9 10 52
9 10 53
9 10 54
9 10 55
9 10 56
9 10 57
9 10 58
9 10 59
9 10 60
9 10 61
9 10 62
9 10 63
9 10 64
9 10 65
9 10 66
9 10 67
9 10 68
9 10 69
9 10 70
9 10 71
9 10 72
9 10 73
9 10 74
9 10 75
9 10 76
9 10 77
9 10 78
9 10 79
9 10 80
9 10 81
9 10 82
9 10 83
9 10 84
9 10 85
9 10 86
9 10 87
9 10 88
9 10 89
9 10 90
9 10 91
9 10 92
9 10 93
9 10 94
9 10 95
9 10 96
9 10 97
9 10 98
9 10 99
9 10 100
9 10 101
9 10 102
9 10 103
9 10 104
9 10 105
9 10 106
9 10 107
9 10 108
9 10 109
9 10 110
9 10 111
9 10 112
9 10 113
9 10 114
9 10 115
9 10 116
9 10 117
9 10 118
9 10 119
9 10 120
9 10 121
9 10 122
9 10 123
9 10 124
9 10 125
9 10 126
9 10 127
9 10 128
9 10 129
9 10 130
9 10 131
9 10 132
9 10 133
9 10 134
9 10 135
9 10 136
9 10 137
9 10 138
9 10 139
9 10 140
9 10 141
9 10 142
9 10 143
9 10 144
9 10 145
9 10 146
9 10 147
9 10 148
9 10 149
9 10 150
9 10 151
9 10 152
9 10 153
9 10 154
9 10 155
9 10 156
9 10 157
9 10 158
9 10 159
9 10 160
9 10 161
9 10 162
9 10 163
9 10 164
9 10 165
9 10 166
9 10 167
9 10 168
9 10 169
9 10 170
9 10 171
9 10 172
9 10 173
9 10 174
9 10 175
9 10 176
9 10 177
9 10 178
9 10 179
9 10 180
9 10 181
9 10 182
9 10 183
9 10 184
9 10 185
9 10 186
9 10 187
9 10 188
9 10 189
9 10 190
9 10 191
9 10 192
9 10 193
9 10 194
9 10 195
9 10 196
9 10 197
9 10 198
9 10 199
9 10 200
9 10 201
9 10 202
9 10 203
9 10 204
9 10 205
9 10 206
9 10 207
9 10 208
9 10 209
9 10 210
9 10 211
9 10 212
9 10 213
9 10 214
9 10 215
9 10 216
9 10 217
9 10 218
9 10 219
9 10 220
9 10 221
9 10 222
9 10 223
9 10 224
9 10 225
9 10 226
9 10 227
9 10 228
9 10 229
9 10 230
9 10 231
9 10 232
9 10 233
9 10 234
9 10 235
9 10 236
9 10 237
9 10 238
9 10 239
9 10 240
9 10 241
9 10 242
9 10 243
9 10 244
9 10 245
9 10 246
9 10 247
9 10 248
9 10 249
9 10 250
9 10 251
9 10 252
9 10 253
9 10 254
9 10 255
9 10 256
9 10 257
9 10 258
9 10 259
9 10 260
9 10 261
9 10 262
9 10 263
9 10 264
9 10 265
9 10 266
9 10 267
9 10 268
9 10 269
9 10 270
9 10 271
9 10 272
9 10 273
9 10 274
9 10 275
9 10 276
9 10 277
9 10 278
9 10 279
9 10 280
9 10 281
9 10 282
9 10 283
9 10 284
9 10 285
9 10 286
9 10 287
9 10 288
9 10 289
9 10 290
9 10 291
9 10 292
9 10 293
9 10 294
9 10 295
9 10 296
9 10 297
9 10 298
9 10 299
9 10 300
9 10 301
9 10 302
9 10 303
9 10 304
9 10 305
9 10 306
9 10 307
9 10 308
9 10 309
9 10 310
9 10 311
9 10 312
9 10 313
9 10 314
9 10 315
9 10 316
9 10 317
9 10 318
9 10 319
9 10 320
9 10 321
9 10 322
9 10 323
9 10 324
9 10 325
9 10 326
9 10 327
9 10 328
9 10 329
9 10 330
9 10 331
9 10 332
9 10 333
9 10 334
9 10 335
9 10 336
9 10 337
9 10 338
9 10 339
9 10 340
9 10 341
9 10 342
9 10 343
9 10 344
9 10 345
9 10 346
9 10 347
9 10 348
9 10 349
9 10 350
9 10 351
9 10 352
9 10 353
9 10 354
9 10 355
9 10 356
9 10 357
9 10 358
9 10 359
9 10 360
9 10 361
9 10 362
9 10 363
9 10 364
9 10 365
9 10 366
9 10 367
9 10 368
9 10 369
9 10 370
9 10 371
9 10 372
9 10 373
9 10 374
9 10 375
9 10 376
