5 13 1
5 13 2
5 13 3
5 13 4
5 13 5
5 13 6
5 13 7
5 13 8
5 13 9
5 13 10
5 13 11
5 13 12
5 13 13
5 13 14
5 13 15
5 13 16
5 13 17
5 13 18
5 13 19
5 13 20
5 13 21
5 13 22
5 13 23
5 13 24
5 13 25
5 13 26
5 13 27
5 13 28
5 13 29
5 13 30
5 13 31
5 13 32
5 13 33
5 13 34
5 13 35
5 13 36
5 13 37
5 13 38
5 13 39
5 13 40
5 13 41
5 13 42
5 13 43
5 13 44
5 13 45
5 13 46
5 13 47
5 13 48
5 13 49
5 13 50
5 13 51
5 13 52
5 13 53
5 13 54
5 13 55
5 13 56
5 13 57
5 13 58
5 13 59
5 13 60
5 13 61
5 13 62
5 13 63
5 13 64
5 13 65
5 13 66
5 13 67
5 13 68
5 13 69
5 13 70
5 13 71
5 13 72
5 13 73
5 13 74
5 13 75
5 13 76
5 13 77
5 13 78
5 13 79
5 13 80
5 13 81
5 13 82
5 13 83
5 13 84
5 13 85
5 13 86
5 13 87
5 13 88
5 13 89
5 13 90
5 13 91
5 13 92
5 13 93
5 13 94
5 13 95
5 13 96
