3 13 1
3 13 2
3 13 3
3 13 4
3 13 5
3 13 6
3 13 7
3 13 8
3 13 9
3 13 10
3 13 11
3 13 12
3 13 13
3 13 14
3 13 15
3 13 16
3 13 17
3 13 18
3 13 19
3 13 20
3 13 21
3 13 22
3 13 23
3 13 24
3 13 25
3 13 26
3 13 27
3 13 28
3 13 29
3 13 30
3 13 31
3 13 32
3 13 33
3 13 34
3 13 35
3 13 36
3 13 37
3 13 38
3 13 39
3 13 40
3 13 41
3 13 42
3 13 43
3 13 44
3 13 45
3 13 46
3 13 47
3 13 48
3 13 49
3 13 50
3 13 51
3 13 52
3 13 53
3 13 54
3 13 55
3 13 56
3 13 57
3 13 58
3 13 59
3 13 60
3 13 61
3 13 62
3 13 63
3 13 64
3 13 65
3 13 66
3 13 67
3 13 68
3 13 69
3 13 70
3 13 71
3 13 72
3 13 73
3 13 74
3 13 75
3 13 76
3 13 77
3 13 78
3 13 79
3 13 80
3 13 81
3 13 82
3 13 83
3 13 84
3 13 85
3 13 86
3 13 87
3 13 88
3 13 89
3 13 90
3 13 91
3 13 92
3 13 93
3 13 94
3 13 95
3 13 96
