12 10 1
12 10 2
12 10 3
12 10 4
12 10 5
12 10 6
12 10 7
12 10 8
12 10 9
12 10 10
12 10 11
12 10 12
12 10 13
12 10 14
12 10 15
12 10 16
12 10 17
12 10 18
12 10 19
12 10 20
12 10 21
12 10 22
12 10 23
12 10 24
12 10 25
12 10 26
12 10 27
12 10 28
12 10 29
12 10 30
12 10 31
12 10 32
12 10 33
12 10 34
12 10 35
12 10 36
12 10 37
12 10 38
12 10 39
12 10 40
12 10 41
12 10 42
12 10 43
12 10 44
12 10 45
12 10 46
12 10 47
12 10 48
12 10 49
12 10 50
12 10 51
12 10 52
12 10 53
12 10 54
12 10 55
12 10 56
12 10 57
12 10 58
12 10 59
12 10 60
12 10 61
12 10 62
12 10 63
12 10 64
12 10 65
12 10 66
12 10 67
12 10 68
12 10 69
12 10 70
12 10 71
12 10 72
12 10 73
12 10 74
12 10 75
12 10 76
12 10 77
12 10 78
12 10 79
12 10 80
12 10 81
12 10 82
12 10 83
12 10 84
12 10 85
12 10 86
12 10 87
12 10 88
12 10 89
12 10 90
12 10 91
12 10 92
12 10 93
12 10 94
12 10 95
12 10 96
12 10 97
12 10 98
12 10 99
12 10 100
12 10 101
12 10 102
12 10 103
12 10 104
12 10 105
12 10 106
12 10 107
12 10 108
12 10 109
12 10 110
12 10 111
12 10 112
12 10 113
12 10 114
12 10 115
12 10 116
12 10 117
12 10 118
12 10 119
12 10 120
12 10 121
12 10 122
12 10 123
12 10 124
12 10 125
12 10 126
12 10 127
12 10 128
12 10 129
12 10 130
12 10 131
12 10 132
12 10 133
12 10 134
12 10 135
12 10 136
12 10 137
12 10 138
12 10 139
12 10 140
12 10 141
12 10 142
12 10 143
12 10 144
12 10 145
12 10 146
12 10 147
12 10 148
12 10 149
12 10 150
12 10 151
12 10 152
12 10 153
12 10 154
12 10 155
12 10 156
12 10 157
12 10 158
12 10 159
12 10 160
12 10 161
12 10 162
12 10 163
12 10 164
12 10 165
12 10 166
12 10 167
12 10 168
12 10 169
12 10 170
12 10 171
12 10 172
12 10 173
12 10 174
12 10 175
12 10 176
12 10 177
12 10 178
12 10 179
12 10 180
12 10 181
12 10 182
12 10 183
12 10 184
12 10 185
12 10 186
12 10 187
12 10 188
12 10 189
12 10 190
12 10 191
12 10 192
12 10 193
12 10 194
12 10 195
12 10 196
12 10 197
12 10 198
12 10 199
12 10 200
12 10 201
12 10 202
12 10 203
12 10 204
12 10 205
12 10 206
12 10 207
12 10 208
12 10 209
12 10 210
12 10 211
12 10 212
12 10 213
12 10 214
12 10 215
12 10 216
12 10 217
12 10 218
12 10 219
12 10 220
12 10 221
12 10 222
12 10 223
12 10 224
12 10 225
12 10 226
12 10 227
12 10 228
12 10 229
12 10 230
12 10 231
12 10 232
12 10 233
12 10 234
12 10 235
12 10 236
12 10 237
12 10 238
12 10 239
12 10 240
12 10 241
12 10 242
12 10 243
12 10 244
12 10 245
