12 3 1
12 3 2
12 3 3
12 3 4
12 3 5
12 3 6
12 3 7
12 3 8
12 3 9
12 3 10
12 3 11
12 3 12
12 3 13
12 3 14
12 3 15
12 3 16
12 3 17
12 3 18
12 3 19
12 3 20
12 3 21
12 3 22
12 3 23
12 3 24
12 3 25
12 3 26
12 3 27
12 3 28
12 3 29
12 3 30
12 3 31
12 3 32
12 3 33
12 3 34
12 3 35
12 3 36
12 3 37
12 3 38
12 3 39
12 3 40
12 3 41
12 3 42
12 3 43
12 3 44
12 3 45
12 3 46
12 3 47
12 3 48
12 3 49
12 3 50
12 3 51
12 3 52
12 3 53
12 3 54
12 3 55
12 3 56
12 3 57
12 3 58
12 3 59
12 3 60
12 3 61
12 3 62
12 3 63
12 3 64
12 3 65
12 3 66
12 3 67
12 3 68
12 3 69
12 3 70
12 3 71
12 3 72
12 3 73
12 3 74
12 3 75
12 3 76
12 3 77
12 3 78
12 3 79
12 3 80
12 3 81
12 3 82
12 3 83
12 3 84
12 3 85
12 3 86
12 3 87
12 3 88
12 3 89
12 3 90
12 3 91
12 3 92
12 3 93
12 3 94
12 3 95
12 3 96
12 3 97
12 3 98
12 3 99
12 3 100
12 3 101
12 3 102
12 3 103
12 3 104
12 3 105
12 3 106
12 3 107
12 3 108
12 3 109
12 3 110
12 3 111
12 3 112
12 3 113
12 3 114
12 3 115
12 3 116
12 3 117
12 3 118
12 3 119
12 3 120
12 3 121
12 3 122
12 3 123
12 3 124
12 3 125
12 3 126
12 3 127
12 3 128
12 3 129
12 3 130
12 3 131
12 3 132
12 3 133
12 3 134
12 3 135
12 3 136
12 3 137
12 3 138
12 3 139
12 3 140
12 3 141
12 3 142
12 3 143
12 3 144
12 3 145
12 3 146
12 3 147
12 3 148
12 3 149
12 3 150
12 3 151
12 3 152
12 3 153
12 3 154
12 3 155
12 3 156
12 3 157
12 3 158
12 3 159
12 3 160
12 3 161
12 3 162
12 3 163
12 3 164
12 3 165
12 3 166
12 3 167
12 3 168
12 3 169
12 3 170
12 3 171
12 3 172
12 3 173
12 3 174
12 3 175
12 3 176
12 3 177
12 3 178
12 3 179
12 3 180
12 3 181
12 3 182
12 3 183
12 3 184
12 3 185
12 3 186
12 3 187
12 3 188
12 3 189
12 3 190
12 3 191
12 3 192
12 3 193
12 3 194
12 3 195
12 3 196
12 3 197
12 3 198
12 3 199
12 3 200
12 3 201
12 3 202
12 3 203
12 3 204
12 3 205
12 3 206
12 3 207
12 3 208
12 3 209
12 3 210
12 3 211
12 3 212
12 3 213
12 3 214
12 3 215
12 3 216
12 3 217
12 3 218
12 3 219
12 3 220
12 3 221
12 3 222
12 3 223
12 3 224
12 3 225
12 3 226
12 3 227
12 3 228
12 3 229
12 3 230
12 3 231
12 3 232
12 3 233
12 3 234
12 3 235
12 3 236
12 3 237
12 3 238
12 3 239
12 3 240
12 3 241
12 3 242
12 3 243
12 3 244
12 3 245
