12 1 1
12 1 2
12 1 3
12 1 4
12 1 5
12 1 6
12 1 7
12 1 8
12 1 9
12 1 10
12 1 11
12 1 12
12 1 13
12 1 14
12 1 15
12 1 16
12 1 17
12 1 18
12 1 19
12 1 20
12 1 21
12 1 22
12 1 23
12 1 24
12 1 25
12 1 26
12 1 27
12 1 28
12 1 29
12 1 30
12 1 31
12 1 32
12 1 33
12 1 34
12 1 35
12 1 36
12 1 37
12 1 38
12 1 39
12 1 40
12 1 41
12 1 42
12 1 43
12 1 44
12 1 45
12 1 46
12 1 47
12 1 48
12 1 49
12 1 50
12 1 51
12 1 52
12 1 53
12 1 54
12 1 55
12 1 56
12 1 57
12 1 58
12 1 59
12 1 60
12 1 61
12 1 62
12 1 63
12 1 64
12 1 65
12 1 66
12 1 67
12 1 68
12 1 69
12 1 70
12 1 71
12 1 72
12 1 73
12 1 74
12 1 75
12 1 76
12 1 77
12 1 78
12 1 79
12 1 80
12 1 81
12 1 82
12 1 83
12 1 84
12 1 85
12 1 86
12 1 87
12 1 88
12 1 89
12 1 90
12 1 91
12 1 92
12 1 93
12 1 94
12 1 95
12 1 96
12 1 97
12 1 98
12 1 99
12 1 100
12 1 101
12 1 102
12 1 103
12 1 104
12 1 105
12 1 106
12 1 107
12 1 108
12 1 109
12 1 110
12 1 111
12 1 112
12 1 113
12 1 114
12 1 115
12 1 116
12 1 117
12 1 118
12 1 119
12 1 120
12 1 121
12 1 122
12 1 123
12 1 124
12 1 125
12 1 126
12 1 127
12 1 128
12 1 129
12 1 130
12 1 131
12 1 132
12 1 133
12 1 134
12 1 135
12 1 136
12 1 137
12 1 138
12 1 139
12 1 140
12 1 141
12 1 142
12 1 143
12 1 144
12 1 145
12 1 146
12 1 147
12 1 148
12 1 149
12 1 150
12 1 151
12 1 152
12 1 153
12 1 154
12 1 155
12 1 156
12 1 157
12 1 158
12 1 159
12 1 160
12 1 161
12 1 162
12 1 163
12 1 164
12 1 165
12 1 166
12 1 167
12 1 168
12 1 169
12 1 170
12 1 171
12 1 172
12 1 173
12 1 174
12 1 175
12 1 176
12 1 177
12 1 178
12 1 179
12 1 180
12 1 181
12 1 182
12 1 183
12 1 184
12 1 185
12 1 186
12 1 187
12 1 188
12 1 189
12 1 190
12 1 191
12 1 192
12 1 193
12 1 194
12 1 195
12 1 196
12 1 197
12 1 198
12 1 199
12 1 200
12 1 201
12 1 202
12 1 203
12 1 204
12 1 205
12 1 206
12 1 207
12 1 208
12 1 209
12 1 210
12 1 211
12 1 212
12 1 213
12 1 214
12 1 215
12 1 216
12 1 217
12 1 218
12 1 219
12 1 220
12 1 221
12 1 222
12 1 223
12 1 224
12 1 225
12 1 226
12 1 227
12 1 228
12 1 229
12 1 230
12 1 231
12 1 232
12 1 233
12 1 234
12 1 235
12 1 236
12 1 237
12 1 238
12 1 239
12 1 240
12 1 241
12 1 242
12 1 243
12 1 244
12 1 245
