12 7 1
12 7 2
12 7 3
12 7 4
12 7 5
12 7 6
12 7 7
12 7 8
12 7 9
12 7 10
12 7 11
12 7 12
12 7 13
12 7 14
12 7 15
12 7 16
12 7 17
12 7 18
12 7 19
12 7 20
12 7 21
12 7 22
12 7 23
12 7 24
12 7 25
12 7 26
12 7 27
12 7 28
12 7 29
12 7 30
12 7 31
12 7 32
12 7 33
12 7 34
12 7 35
12 7 36
12 7 37
12 7 38
12 7 39
12 7 40
12 7 41
12 7 42
12 7 43
12 7 44
12 7 45
12 7 46
12 7 47
12 7 48
12 7 49
12 7 50
12 7 51
12 7 52
12 7 53
12 7 54
12 7 55
12 7 56
12 7 57
12 7 58
12 7 59
12 7 60
12 7 61
12 7 62
12 7 63
12 7 64
12 7 65
12 7 66
12 7 67
12 7 68
12 7 69
12 7 70
12 7 71
12 7 72
12 7 73
12 7 74
12 7 75
12 7 76
12 7 77
12 7 78
12 7 79
12 7 80
12 7 81
12 7 82
12 7 83
12 7 84
12 7 85
12 7 86
12 7 87
12 7 88
12 7 89
12 7 90
12 7 91
12 7 92
12 7 93
12 7 94
12 7 95
12 7 96
12 7 97
12 7 98
12 7 99
12 7 100
12 7 101
12 7 102
12 7 103
12 7 104
12 7 105
12 7 106
12 7 107
12 7 108
12 7 109
12 7 110
12 7 111
12 7 112
12 7 113
12 7 114
12 7 115
12 7 116
12 7 117
12 7 118
12 7 119
12 7 120
12 7 121
12 7 122
12 7 123
12 7 124
12 7 125
12 7 126
12 7 127
12 7 128
12 7 129
12 7 130
12 7 131
12 7 132
12 7 133
12 7 134
12 7 135
12 7 136
12 7 137
12 7 138
12 7 139
12 7 140
12 7 141
12 7 142
12 7 143
12 7 144
12 7 145
12 7 146
12 7 147
12 7 148
12 7 149
12 7 150
12 7 151
12 7 152
12 7 153
12 7 154
12 7 155
12 7 156
12 7 157
12 7 158
12 7 159
12 7 160
12 7 161
12 7 162
12 7 163
12 7 164
12 7 165
12 7 166
12 7 167
12 7 168
12 7 169
12 7 170
12 7 171
12 7 172
12 7 173
12 7 174
12 7 175
12 7 176
12 7 177
12 7 178
12 7 179
12 7 180
12 7 181
12 7 182
12 7 183
12 7 184
12 7 185
12 7 186
12 7 187
12 7 188
12 7 189
12 7 190
12 7 191
12 7 192
12 7 193
12 7 194
12 7 195
12 7 196
12 7 197
12 7 198
12 7 199
12 7 200
12 7 201
12 7 202
12 7 203
12 7 204
12 7 205
12 7 206
12 7 207
12 7 208
12 7 209
12 7 210
12 7 211
12 7 212
12 7 213
12 7 214
12 7 215
12 7 216
12 7 217
12 7 218
12 7 219
12 7 220
12 7 221
12 7 222
12 7 223
12 7 224
12 7 225
12 7 226
12 7 227
12 7 228
12 7 229
12 7 230
12 7 231
12 7 232
12 7 233
12 7 234
12 7 235
12 7 236
12 7 237
12 7 238
12 7 239
12 7 240
12 7 241
12 7 242
12 7 243
12 7 244
12 7 245
