39 51 1
40 51 1
41 51 1
42 51 1
43 51 1
44 51 1
45 51 1
46 51 1
47 51 1
48 51 1
49 51 1
50 51 1
39 52 2
40 52 2
41 52 2
42 52 2
43 52 2
44 52 2
45 52 2
46 52 2
47 52 2
48 52 2
49 52 2
50 52 2
39 53 3
40 53 3
41 53 3
42 53 3
43 53 3
44 53 3
45 53 3
46 53 3
47 53 3
48 53 3
49 53 3
50 53 3
39 54 4
40 54 4
41 54 4
42 54 4
43 54 4
44 54 4
45 54 4
46 54 4
47 54 4
48 54 4
49 54 4
50 54 4
39 55 5
40 55 5
41 55 5
42 55 5
43 55 5
44 55 5
45 55 5
46 55 5
47 55 5
48 55 5
49 55 5
50 55 5
39 56 6
40 56 6
41 56 6
42 56 6
43 56 6
44 56 6
45 56 6
46 56 6
47 56 6
48 56 6
49 56 6
50 56 6
39 51 7
40 51 7
41 51 7
42 51 7
43 51 7
44 51 7
45 51 7
46 51 7
47 51 7
48 51 7
49 51 7
50 51 7
39 52 8
40 52 8
41 52 8
42 52 8
43 52 8
44 52 8
45 52 8
46 52 8
47 52 8
48 52 8
49 52 8
50 52 8
39 53 9
40 53 9
41 53 9
42 53 9
43 53 9
44 53 9
45 53 9
46 53 9
47 53 9
48 53 9
49 53 9
50 53 9
39 54 10
40 54 10
41 54 10
42 54 10
43 54 10
44 54 10
45 54 10
46 54 10
47 54 10
48 54 10
49 54 10
50 54 10
39 55 11
40 55 11
41 55 11
42 55 11
43 55 11
44 55 11
45 55 11
46 55 11
47 55 11
48 55 11
49 55 11
50 55 11
39 56 12
40 56 12
41 56 12
42 56 12
43 56 12
44 56 12
45 56 12
46 56 12
47 56 12
48 56 12
49 56 12
50 56 12
39 51 13
40 51 13
41 51 13
42 51 13
43 51 13
44 51 13
45 51 13
46 51 13
47 51 13
48 51 13
49 51 13
50 51 13
39 52 14
40 52 14
41 52 14
42 52 14
43 52 14
44 52 14
45 52 14
46 52 14
47 52 14
48 52 14
49 52 14
50 52 14
39 53 15
40 53 15
41 53 15
42 53 15
43 53 15
44 53 15
45 53 15
46 53 15
47 53 15
48 53 15
49 53 15
50 53 15
39 54 16
40 54 16
41 54 16
42 54 16
43 54 16
44 54 16
45 54 16
46 54 16
47 54 16
48 54 16
49 54 16
50 54 16
39 55 17
40 55 17
41 55 17
42 55 17
43 55 17
44 55 17
45 55 17
46 55 17
47 55 17
48 55 17
49 55 17
50 55 17
39 56 18
40 56 18
41 56 18
42 56 18
43 56 18
44 56 18
45 56 18
46 56 18
47 56 18
48 56 18
49 56 18
50 56 18
39 51 19
40 51 19
41 51 19
42 51 19
43 51 19
44 51 19
45 51 19
46 51 19
47 51 19
48 51 19
49 51 19
50 51 19
39 52 20
40 52 20
41 52 20
42 52 20
43 52 20
44 52 20
45 52 20
46 52 20
47 52 20
48 52 20
49 52 20
50 52 20
39 53 21
40 53 21
41 53 21
42 53 21
43 53 21
44 53 21
45 53 21
46 53 21
47 53 21
48 53 21
49 53 21
50 53 21
39 54 22
40 54 22
41 54 22
42 54 22
43 54 22
44 54 22
45 54 22
46 54 22
47 54 22
48 54 22
49 54 22
50 54 22
39 55 23
40 55 23
41 55 23
42 55 23
43 55 23
44 55 23
45 55 23
46 55 23
47 55 23
48 55 23
49 55 23
50 55 23
39 56 24
40 56 24
41 56 24
42 56 24
43 56 24
44 56 24
45 56 24
46 56 24
47 56 24
48 56 24
49 56 24
50 56 24
39 51 25
40 51 25
41 51 25
42 51 25
43 51 25
44 51 25
45 51 25
46 51 25
47 51 25
48 51 25
49 51 25
50 51 25
39 52 26
40 52 26
41 52 26
42 52 26
43 52 26
44 52 26
45 52 26
46 52 26
47 52 26
48 52 26
49 52 26
50 52 26
39 53 27
40 53 27
41 53 27
42 53 27
43 53 27
44 53 27
45 53 27
46 53 27
47 53 27
48 53 27
49 53 27
50 53 27
39 54 28
40 54 28
41 54 28
42 54 28
43 54 28
44 54 28
45 54 28
46 54 28
47 54 28
48 54 28
49 54 28
50 54 28
39 55 29
40 55 29
41 55 29
42 55 29
43 55 29
44 55 29
45 55 29
46 55 29
47 55 29
48 55 29
49 55 29
50 55 29
39 56 30
40 56 30
41 56 30
42 56 30
43 56 30
44 56 30
45 56 30
46 56 30
47 56 30
48 56 30
49 56 30
50 56 30
39 51 31
40 51 31
41 51 31
42 51 31
43 51 31
44 51 31
45 51 31
46 51 31
47 51 31
48 51 31
49 51 31
50 51 31
39 52 32
40 52 32
41 52 32
42 52 32
43 52 32
44 52 32
45 52 32
46 52 32
47 52 32
48 52 32
49 52 32
50 52 32
39 53 33
40 53 33
41 53 33
42 53 33
43 53 33
44 53 33
45 53 33
46 53 33
47 53 33
48 53 33
49 53 33
50 53 33
39 54 34
40 54 34
41 54 34
42 54 34
43 54 34
44 54 34
45 54 34
46 54 34
47 54 34
48 54 34
49 54 34
50 54 34
39 55 35
40 55 35
41 55 35
42 55 35
43 55 35
44 55 35
45 55 35
46 55 35
47 55 35
48 55 35
49 55 35
50 55 35
39 56 36
40 56 36
41 56 36
42 56 36
43 56 36
44 56 36
45 56 36
46 56 36
47 56 36
48 56 36
49 56 36
50 56 36
39 51 37
40 51 37
41 51 37
42 51 37
43 51 37
44 51 37
45 51 37
46 51 37
47 51 37
48 51 37
49 51 37
50 51 37
39 52 38
40 52 38
41 52 38
42 52 38
43 52 38
44 52 38
45 52 38
46 52 38
47 52 38
48 52 38
49 52 38
50 52 38
39 53 39
40 53 39
41 53 39
42 53 39
43 53 39
44 53 39
45 53 39
46 53 39
47 53 39
48 53 39
49 53 39
50 53 39
39 54 40
40 54 40
41 54 40
42 54 40
43 54 40
44 54 40
45 54 40
46 54 40
47 54 40
48 54 40
49 54 40
50 54 40
39 55 41
40 55 41
41 55 41
42 55 41
43 55 41
44 55 41
45 55 41
46 55 41
47 55 41
48 55 41
49 55 41
50 55 41
39 56 42
40 56 42
41 56 42
42 56 42
43 56 42
44 56 42
45 56 42
46 56 42
47 56 42
48 56 42
49 56 42
50 56 42
39 51 43
40 51 43
41 51 43
42 51 43
43 51 43
44 51 43
45 51 43
46 51 43
47 51 43
48 51 43
49 51 43
50 51 43
39 52 44
40 52 44
41 52 44
42 52 44
43 52 44
44 52 44
45 52 44
46 52 44
47 52 44
48 52 44
49 52 44
50 52 44
39 53 45
40 53 45
41 53 45
42 53 45
43 53 45
44 53 45
45 53 45
46 53 45
47 53 45
48 53 45
49 53 45
50 53 45
39 54 46
40 54 46
41 54 46
42 54 46
43 54 46
44 54 46
45 54 46
46 54 46
47 54 46
48 54 46
49 54 46
50 54 46
39 55 47
40 55 47
41 55 47
42 55 47
43 55 47
44 55 47
45 55 47
46 55 47
47 55 47
48 55 47
49 55 47
50 55 47
39 56 48
40 56 48
41 56 48
42 56 48
43 56 48
44 56 48
45 56 48
46 56 48
47 56 48
48 56 48
49 56 48
50 56 48
39 51 49
40 51 49
41 51 49
42 51 49
43 51 49
44 51 49
45 51 49
46 51 49
47 51 49
48 51 49
49 51 49
50 51 49
39 52 50
40 52 50
41 52 50
42 52 50
43 52 50
44 52 50
45 52 50
46 52 50
47 52 50
48 52 50
49 52 50
50 52 50
39 53 51
40 53 51
41 53 51
42 53 51
43 53 51
44 53 51
45 53 51
46 53 51
47 53 51
48 53 51
49 53 51
50 53 51
39 54 52
40 54 52
41 54 52
42 54 52
43 54 52
44 54 52
45 54 52
46 54 52
47 54 52
48 54 52
49 54 52
50 54 52
39 55 53
40 55 53
41 55 53
42 55 53
43 55 53
44 55 53
45 55 53
46 55 53
47 55 53
48 55 53
49 55 53
50 55 53
39 56 54
40 56 54
41 56 54
42 56 54
43 56 54
44 56 54
45 56 54
46 56 54
47 56 54
48 56 54
49 56 54
50 56 54
39 51 55
40 51 55
41 51 55
42 51 55
43 51 55
44 51 55
45 51 55
46 51 55
47 51 55
48 51 55
49 51 55
50 51 55
39 52 56
40 52 56
41 52 56
42 52 56
43 52 56
44 52 56
45 52 56
46 52 56
47 52 56
48 52 56
49 52 56
50 52 56
39 53 57
40 53 57
41 53 57
42 53 57
43 53 57
44 53 57
45 53 57
46 53 57
47 53 57
48 53 57
49 53 57
50 53 57
39 54 58
40 54 58
41 54 58
42 54 58
43 54 58
44 54 58
45 54 58
46 54 58
47 54 58
48 54 58
49 54 58
50 54 58
39 55 59
40 55 59
41 55 59
42 55 59
43 55 59
44 55 59
45 55 59
46 55 59
47 55 59
48 55 59
49 55 59
50 55 59
39 56 60
40 56 60
41 56 60
42 56 60
43 56 60
44 56 60
45 56 60
46 56 60
47 56 60
48 56 60
49 56 60
50 56 60
39 51 61
40 51 61
41 51 61
42 51 61
43 51 61
44 51 61
45 51 61
46 51 61
47 51 61
48 51 61
49 51 61
50 51 61
39 52 62
40 52 62
41 52 62
42 52 62
43 52 62
44 52 62
45 52 62
46 52 62
47 52 62
48 52 62
49 52 62
50 52 62
39 53 63
40 53 63
41 53 63
42 53 63
43 53 63
44 53 63
45 53 63
46 53 63
47 53 63
48 53 63
49 53 63
50 53 63
39 54 64
40 54 64
41 54 64
42 54 64
43 54 64
44 54 64
45 54 64
46 54 64
47 54 64
48 54 64
49 54 64
50 54 64
39 55 65
40 55 65
41 55 65
42 55 65
43 55 65
44 55 65
45 55 65
46 55 65
47 55 65
48 55 65
49 55 65
50 55 65
39 56 66
40 56 66
41 56 66
42 56 66
43 56 66
44 56 66
45 56 66
46 56 66
47 56 66
48 56 66
49 56 66
50 56 66
39 51 67
40 51 67
41 51 67
42 51 67
43 51 67
44 51 67
45 51 67
46 51 67
47 51 67
48 51 67
49 51 67
50 51 67
39 52 68
40 52 68
41 52 68
42 52 68
43 52 68
44 52 68
45 52 68
46 52 68
47 52 68
48 52 68
49 52 68
50 52 68
39 53 69
40 53 69
41 53 69
42 53 69
43 53 69
44 53 69
45 53 69
46 53 69
47 53 69
48 53 69
49 53 69
50 53 69
39 54 70
40 54 70
41 54 70
42 54 70
43 54 70
44 54 70
45 54 70
46 54 70
47 54 70
48 54 70
49 54 70
50 54 70
39 55 71
40 55 71
41 55 71
42 55 71
43 55 71
44 55 71
45 55 71
46 55 71
47 55 71
48 55 71
49 55 71
50 55 71
39 56 72
40 56 72
41 56 72
42 56 72
43 56 72
44 56 72
45 56 72
46 56 72
47 56 72
48 56 72
49 56 72
50 56 72
39 51 73
40 51 73
41 51 73
42 51 73
43 51 73
44 51 73
45 51 73
46 51 73
47 51 73
48 51 73
49 51 73
50 51 73
39 52 74
40 52 74
41 52 74
42 52 74
43 52 74
44 52 74
45 52 74
46 52 74
47 52 74
48 52 74
49 52 74
50 52 74
39 53 75
40 53 75
41 53 75
42 53 75
43 53 75
44 53 75
45 53 75
46 53 75
47 53 75
48 53 75
49 53 75
50 53 75
39 54 76
40 54 76
41 54 76
42 54 76
43 54 76
44 54 76
45 54 76
46 54 76
47 54 76
48 54 76
49 54 76
50 54 76
39 55 77
40 55 77
41 55 77
42 55 77
43 55 77
44 55 77
45 55 77
46 55 77
47 55 77
48 55 77
49 55 77
50 55 77
39 56 78
40 56 78
41 56 78
42 56 78
43 56 78
44 56 78
45 56 78
46 56 78
47 56 78
48 56 78
49 56 78
50 56 78
39 51 79
40 51 79
41 51 79
42 51 79
43 51 79
44 51 79
45 51 79
46 51 79
47 51 79
48 51 79
49 51 79
50 51 79
39 52 80
40 52 80
41 52 80
42 52 80
43 52 80
44 52 80
45 52 80
46 52 80
47 52 80
48 52 80
49 52 80
50 52 80
39 53 81
40 53 81
41 53 81
42 53 81
43 53 81
44 53 81
45 53 81
46 53 81
47 53 81
48 53 81
49 53 81
50 53 81
39 54 82
40 54 82
41 54 82
42 54 82
43 54 82
44 54 82
45 54 82
46 54 82
47 54 82
48 54 82
49 54 82
50 54 82
39 55 83
40 55 83
41 55 83
42 55 83
43 55 83
44 55 83
45 55 83
46 55 83
47 55 83
48 55 83
49 55 83
50 55 83
39 56 84
40 56 84
41 56 84
42 56 84
43 56 84
44 56 84
45 56 84
46 56 84
47 56 84
48 56 84
49 56 84
50 56 84
39 51 85
40 51 85
41 51 85
42 51 85
43 51 85
44 51 85
45 51 85
46 51 85
47 51 85
48 51 85
49 51 85
50 51 85
39 52 86
40 52 86
41 52 86
42 52 86
43 52 86
44 52 86
45 52 86
46 52 86
47 52 86
48 52 86
49 52 86
50 52 86
39 53 87
40 53 87
41 53 87
42 53 87
43 53 87
44 53 87
45 53 87
46 53 87
47 53 87
48 53 87
49 53 87
50 53 87
39 54 88
40 54 88
41 54 88
42 54 88
43 54 88
44 54 88
45 54 88
46 54 88
47 54 88
48 54 88
49 54 88
50 54 88
39 55 89
40 55 89
41 55 89
42 55 89
43 55 89
44 55 89
45 55 89
46 55 89
47 55 89
48 55 89
49 55 89
50 55 89
39 56 90
40 56 90
41 56 90
42 56 90
43 56 90
44 56 90
45 56 90
46 56 90
47 56 90
48 56 90
49 56 90
50 56 90
39 51 91
40 51 91
41 51 91
42 51 91
43 51 91
44 51 91
45 51 91
46 51 91
47 51 91
48 51 91
49 51 91
50 51 91
39 52 92
40 52 92
41 52 92
42 52 92
43 52 92
44 52 92
45 52 92
46 52 92
47 52 92
48 52 92
49 52 92
50 52 92
39 53 93
40 53 93
41 53 93
42 53 93
43 53 93
44 53 93
45 53 93
46 53 93
47 53 93
48 53 93
49 53 93
50 53 93
39 54 94
40 54 94
41 54 94
42 54 94
43 54 94
44 54 94
45 54 94
46 54 94
47 54 94
48 54 94
49 54 94
50 54 94
39 55 95
40 55 95
41 55 95
42 55 95
43 55 95
44 55 95
45 55 95
46 55 95
47 55 95
48 55 95
49 55 95
50 55 95
39 56 96
40 56 96
41 56 96
42 56 96
43 56 96
44 56 96
45 56 96
46 56 96
47 56 96
48 56 96
49 56 96
50 56 96
39 51 97
40 51 97
41 51 97
42 51 97
43 51 97
44 51 97
45 51 97
46 51 97
47 51 97
48 51 97
49 51 97
50 51 97
39 52 98
40 52 98
41 52 98
42 52 98
43 52 98
44 52 98
45 52 98
46 52 98
47 52 98
48 52 98
49 52 98
50 52 98
39 53 99
40 53 99
41 53 99
42 53 99
43 53 99
44 53 99
45 53 99
46 53 99
47 53 99
48 53 99
49 53 99
50 53 99
39 54 100
40 54 100
41 54 100
42 54 100
43 54 100
44 54 100
45 54 100
46 54 100
47 54 100
48 54 100
49 54 100
50 54 100
39 55 101
40 55 101
41 55 101
42 55 101
43 55 101
44 55 101
45 55 101
46 55 101
47 55 101
48 55 101
49 55 101
50 55 101
39 56 102
40 56 102
41 56 102
42 56 102
43 56 102
44 56 102
45 56 102
46 56 102
47 56 102
48 56 102
49 56 102
50 56 102
39 51 103
40 51 103
41 51 103
42 51 103
43 51 103
44 51 103
45 51 103
46 51 103
47 51 103
48 51 103
49 51 103
50 51 103
39 52 104
40 52 104
41 52 104
42 52 104
43 52 104
44 52 104
45 52 104
46 52 104
47 52 104
48 52 104
49 52 104
50 52 104
39 53 105
40 53 105
41 53 105
42 53 105
43 53 105
44 53 105
45 53 105
46 53 105
47 53 105
48 53 105
49 53 105
50 53 105
39 54 106
40 54 106
41 54 106
42 54 106
43 54 106
44 54 106
45 54 106
46 54 106
47 54 106
48 54 106
49 54 106
50 54 106
39 55 107
40 55 107
41 55 107
42 55 107
43 55 107
44 55 107
45 55 107
46 55 107
47 55 107
48 55 107
49 55 107
50 55 107
39 56 108
40 56 108
41 56 108
42 56 108
43 56 108
44 56 108
45 56 108
46 56 108
47 56 108
48 56 108
49 56 108
50 56 108
39 51 109
40 51 109
41 51 109
42 51 109
43 51 109
44 51 109
45 51 109
46 51 109
47 51 109
48 51 109
49 51 109
50 51 109
39 52 110
40 52 110
41 52 110
42 52 110
43 52 110
44 52 110
45 52 110
46 52 110
47 52 110
48 52 110
49 52 110
50 52 110
39 53 111
40 53 111
41 53 111
42 53 111
43 53 111
44 53 111
45 53 111
46 53 111
47 53 111
48 53 111
49 53 111
50 53 111
39 54 112
40 54 112
41 54 112
42 54 112
43 54 112
44 54 112
45 54 112
46 54 112
47 54 112
48 54 112
49 54 112
50 54 112
39 55 113
40 55 113
41 55 113
42 55 113
43 55 113
44 55 113
45 55 113
46 55 113
47 55 113
48 55 113
49 55 113
50 55 113
39 56 114
40 56 114
41 56 114
42 56 114
43 56 114
44 56 114
45 56 114
46 56 114
47 56 114
48 56 114
49 56 114
50 56 114
39 51 115
40 51 115
41 51 115
42 51 115
43 51 115
44 51 115
45 51 115
46 51 115
47 51 115
48 51 115
49 51 115
50 51 115
39 52 116
40 52 116
41 52 116
42 52 116
43 52 116
44 52 116
45 52 116
46 52 116
47 52 116
48 52 116
49 52 116
50 52 116
39 53 117
40 53 117
41 53 117
42 53 117
43 53 117
44 53 117
45 53 117
46 53 117
47 53 117
48 53 117
49 53 117
50 53 117
39 54 118
40 54 118
41 54 118
42 54 118
43 54 118
44 54 118
45 54 118
46 54 118
47 54 118
48 54 118
49 54 118
50 54 118
39 55 119
40 55 119
41 55 119
42 55 119
43 55 119
44 55 119
45 55 119
46 55 119
47 55 119
48 55 119
49 55 119
50 55 119
39 56 120
40 56 120
41 56 120
42 56 120
43 56 120
44 56 120
45 56 120
46 56 120
47 56 120
48 56 120
49 56 120
50 56 120
39 51 121
40 51 121
41 51 121
42 51 121
43 51 121
44 51 121
45 51 121
46 51 121
47 51 121
48 51 121
49 51 121
50 51 121
39 52 122
40 52 122
41 52 122
42 52 122
43 52 122
44 52 122
45 52 122
46 52 122
47 52 122
48 52 122
49 52 122
50 52 122
39 53 123
40 53 123
41 53 123
42 53 123
43 53 123
44 53 123
45 53 123
46 53 123
47 53 123
48 53 123
49 53 123
50 53 123
39 54 124
40 54 124
41 54 124
42 54 124
43 54 124
44 54 124
45 54 124
46 54 124
47 54 124
48 54 124
49 54 124
50 54 124
39 55 125
40 55 125
41 55 125
42 55 125
43 55 125
44 55 125
45 55 125
46 55 125
47 55 125
48 55 125
49 55 125
50 55 125
39 56 126
40 56 126
41 56 126
42 56 126
43 56 126
44 56 126
45 56 126
46 56 126
47 56 126
48 56 126
49 56 126
50 56 126
39 51 127
40 51 127
41 51 127
42 51 127
43 51 127
44 51 127
45 51 127
46 51 127
47 51 127
48 51 127
49 51 127
50 51 127
39 52 128
40 52 128
41 52 128
42 52 128
43 52 128
44 52 128
45 52 128
46 52 128
47 52 128
48 52 128
49 52 128
50 52 128
39 53 129
40 53 129
41 53 129
42 53 129
43 53 129
44 53 129
45 53 129
46 53 129
47 53 129
48 53 129
49 53 129
50 53 129
39 54 130
40 54 130
41 54 130
42 54 130
43 54 130
44 54 130
45 54 130
46 54 130
47 54 130
48 54 130
49 54 130
50 54 130
39 55 131
40 55 131
41 55 131
42 55 131
43 55 131
44 55 131
45 55 131
46 55 131
47 55 131
48 55 131
49 55 131
50 55 131
39 56 132
40 56 132
41 56 132
42 56 132
43 56 132
44 56 132
45 56 132
46 56 132
47 56 132
48 56 132
49 56 132
50 56 132
39 51 133
40 51 133
41 51 133
42 51 133
43 51 133
44 51 133
45 51 133
46 51 133
47 51 133
48 51 133
49 51 133
50 51 133
39 52 134
40 52 134
41 52 134
42 52 134
43 52 134
44 52 134
45 52 134
46 52 134
47 52 134
48 52 134
49 52 134
50 52 134
39 53 135
40 53 135
41 53 135
42 53 135
43 53 135
44 53 135
45 53 135
46 53 135
47 53 135
48 53 135
49 53 135
50 53 135
39 54 136
40 54 136
41 54 136
42 54 136
43 54 136
44 54 136
45 54 136
46 54 136
47 54 136
48 54 136
49 54 136
50 54 136
39 55 137
40 55 137
41 55 137
42 55 137
43 55 137
44 55 137
45 55 137
46 55 137
47 55 137
48 55 137
49 55 137
50 55 137
39 56 138
40 56 138
41 56 138
42 56 138
43 56 138
44 56 138
45 56 138
46 56 138
47 56 138
48 56 138
49 56 138
50 56 138
39 51 139
40 51 139
41 51 139
42 51 139
43 51 139
44 51 139
45 51 139
46 51 139
47 51 139
48 51 139
49 51 139
50 51 139
39 52 140
40 52 140
41 52 140
42 52 140
43 52 140
44 52 140
45 52 140
46 52 140
47 52 140
48 52 140
49 52 140
50 52 140
39 53 141
40 53 141
41 53 141
42 53 141
43 53 141
44 53 141
45 53 141
46 53 141
47 53 141
48 53 141
49 53 141
50 53 141
39 54 142
40 54 142
41 54 142
42 54 142
43 54 142
44 54 142
45 54 142
46 54 142
47 54 142
48 54 142
49 54 142
50 54 142
39 55 143
40 55 143
41 55 143
42 55 143
43 55 143
44 55 143
45 55 143
46 55 143
47 55 143
48 55 143
49 55 143
50 55 143
39 56 144
40 56 144
41 56 144
42 56 144
43 56 144
44 56 144
45 56 144
46 56 144
47 56 144
48 56 144
49 56 144
50 56 144
39 51 145
40 51 145
41 51 145
42 51 145
43 51 145
44 51 145
45 51 145
46 51 145
47 51 145
48 51 145
49 51 145
50 51 145
39 52 146
40 52 146
41 52 146
42 52 146
43 52 146
44 52 146
45 52 146
46 52 146
47 52 146
48 52 146
49 52 146
50 52 146
39 53 147
40 53 147
41 53 147
42 53 147
43 53 147
44 53 147
45 53 147
46 53 147
47 53 147
48 53 147
49 53 147
50 53 147
39 54 148
40 54 148
41 54 148
42 54 148
43 54 148
44 54 148
45 54 148
46 54 148
47 54 148
48 54 148
49 54 148
50 54 148
39 55 149
40 55 149
41 55 149
42 55 149
43 55 149
44 55 149
45 55 149
46 55 149
47 55 149
48 55 149
49 55 149
50 55 149
39 56 150
40 56 150
41 56 150
42 56 150
43 56 150
44 56 150
45 56 150
46 56 150
47 56 150
48 56 150
49 56 150
50 56 150
39 51 151
40 51 151
41 51 151
42 51 151
43 51 151
44 51 151
45 51 151
46 51 151
47 51 151
48 51 151
49 51 151
50 51 151
39 52 152
40 52 152
41 52 152
42 52 152
43 52 152
44 52 152
45 52 152
46 52 152
47 52 152
48 52 152
49 52 152
50 52 152
39 53 153
40 53 153
41 53 153
42 53 153
43 53 153
44 53 153
45 53 153
46 53 153
47 53 153
48 53 153
49 53 153
50 53 153
39 54 154
40 54 154
41 54 154
42 54 154
43 54 154
44 54 154
45 54 154
46 54 154
47 54 154
48 54 154
49 54 154
50 54 154
39 55 155
40 55 155
41 55 155
42 55 155
43 55 155
44 55 155
45 55 155
46 55 155
47 55 155
48 55 155
49 55 155
50 55 155
39 56 156
40 56 156
41 56 156
42 56 156
43 56 156
44 56 156
45 56 156
46 56 156
47 56 156
48 56 156
49 56 156
50 56 156
39 51 157
40 51 157
41 51 157
42 51 157
43 51 157
44 51 157
45 51 157
46 51 157
47 51 157
48 51 157
49 51 157
50 51 157
39 52 158
40 52 158
41 52 158
42 52 158
43 52 158
44 52 158
45 52 158
46 52 158
47 52 158
48 52 158
49 52 158
50 52 158
39 53 159
40 53 159
41 53 159
42 53 159
43 53 159
44 53 159
45 53 159
46 53 159
47 53 159
48 53 159
49 53 159
50 53 159
39 54 160
40 54 160
41 54 160
42 54 160
43 54 160
44 54 160
45 54 160
46 54 160
47 54 160
48 54 160
49 54 160
50 54 160
39 55 161
40 55 161
41 55 161
42 55 161
43 55 161
44 55 161
45 55 161
46 55 161
47 55 161
48 55 161
49 55 161
50 55 161
39 56 162
40 56 162
41 56 162
42 56 162
43 56 162
44 56 162
45 56 162
46 56 162
47 56 162
48 56 162
49 56 162
50 56 162
39 51 163
40 51 163
41 51 163
42 51 163
43 51 163
44 51 163
45 51 163
46 51 163
47 51 163
48 51 163
49 51 163
50 51 163
39 52 164
40 52 164
41 52 164
42 52 164
43 52 164
44 52 164
45 52 164
46 52 164
47 52 164
48 52 164
49 52 164
50 52 164
39 53 165
40 53 165
41 53 165
42 53 165
43 53 165
44 53 165
45 53 165
46 53 165
47 53 165
48 53 165
49 53 165
50 53 165
39 54 166
40 54 166
41 54 166
42 54 166
43 54 166
44 54 166
45 54 166
46 54 166
47 54 166
48 54 166
49 54 166
50 54 166
39 55 167
40 55 167
41 55 167
42 55 167
43 55 167
44 55 167
45 55 167
46 55 167
47 55 167
48 55 167
49 55 167
50 55 167
39 56 168
40 56 168
41 56 168
42 56 168
43 56 168
44 56 168
45 56 168
46 56 168
47 56 168
48 56 168
49 56 168
50 56 168
39 51 169
40 51 169
41 51 169
42 51 169
43 51 169
44 51 169
45 51 169
46 51 169
47 51 169
48 51 169
49 51 169
50 51 169
39 52 170
40 52 170
41 52 170
42 52 170
43 52 170
44 52 170
45 52 170
46 52 170
47 52 170
48 52 170
49 52 170
50 52 170
39 53 171
40 53 171
41 53 171
42 53 171
43 53 171
44 53 171
45 53 171
46 53 171
47 53 171
48 53 171
49 53 171
50 53 171
39 54 172
40 54 172
41 54 172
42 54 172
43 54 172
44 54 172
45 54 172
46 54 172
47 54 172
48 54 172
49 54 172
50 54 172
39 55 173
40 55 173
41 55 173
42 55 173
43 55 173
44 55 173
45 55 173
46 55 173
47 55 173
48 55 173
49 55 173
50 55 173
39 56 174
40 56 174
41 56 174
42 56 174
43 56 174
44 56 174
45 56 174
46 56 174
47 56 174
48 56 174
49 56 174
50 56 174
39 51 175
40 51 175
41 51 175
42 51 175
43 51 175
44 51 175
45 51 175
46 51 175
47 51 175
48 51 175
49 51 175
50 51 175
39 52 176
40 52 176
41 52 176
42 52 176
43 52 176
44 52 176
45 52 176
46 52 176
47 52 176
48 52 176
49 52 176
50 52 176
39 53 177
40 53 177
41 53 177
42 53 177
43 53 177
44 53 177
45 53 177
46 53 177
47 53 177
48 53 177
49 53 177
50 53 177
39 54 178
40 54 178
41 54 178
42 54 178
43 54 178
44 54 178
45 54 178
46 54 178
47 54 178
48 54 178
49 54 178
50 54 178
39 55 179
40 55 179
41 55 179
42 55 179
43 55 179
44 55 179
45 55 179
46 55 179
47 55 179
48 55 179
49 55 179
50 55 179
39 56 180
40 56 180
41 56 180
42 56 180
43 56 180
44 56 180
45 56 180
46 56 180
47 56 180
48 56 180
49 56 180
50 56 180
39 51 181
40 51 181
41 51 181
42 51 181
43 51 181
44 51 181
45 51 181
46 51 181
47 51 181
48 51 181
49 51 181
50 51 181
39 52 182
40 52 182
41 52 182
42 52 182
43 52 182
44 52 182
45 52 182
46 52 182
47 52 182
48 52 182
49 52 182
50 52 182
39 53 183
40 53 183
41 53 183
42 53 183
43 53 183
44 53 183
45 53 183
46 53 183
47 53 183
48 53 183
49 53 183
50 53 183
39 54 184
40 54 184
41 54 184
42 54 184
43 54 184
44 54 184
45 54 184
46 54 184
47 54 184
48 54 184
49 54 184
50 54 184
39 55 185
40 55 185
41 55 185
42 55 185
43 55 185
44 55 185
45 55 185
46 55 185
47 55 185
48 55 185
49 55 185
50 55 185
39 56 186
40 56 186
41 56 186
42 56 186
43 56 186
44 56 186
45 56 186
46 56 186
47 56 186
48 56 186
49 56 186
50 56 186
39 51 187
40 51 187
41 51 187
42 51 187
43 51 187
44 51 187
45 51 187
46 51 187
47 51 187
48 51 187
49 51 187
50 51 187
39 52 188
40 52 188
41 52 188
42 52 188
43 52 188
44 52 188
45 52 188
46 52 188
47 52 188
48 52 188
49 52 188
50 52 188
39 53 189
40 53 189
41 53 189
42 53 189
43 53 189
44 53 189
45 53 189
46 53 189
47 53 189
48 53 189
49 53 189
50 53 189
39 54 190
40 54 190
41 54 190
42 54 190
43 54 190
44 54 190
45 54 190
46 54 190
47 54 190
48 54 190
49 54 190
50 54 190
39 55 191
40 55 191
41 55 191
42 55 191
43 55 191
44 55 191
45 55 191
46 55 191
47 55 191
48 55 191
49 55 191
50 55 191
39 56 192
40 56 192
41 56 192
42 56 192
43 56 192
44 56 192
45 56 192
46 56 192
47 56 192
48 56 192
49 56 192
50 56 192
39 51 193
40 51 193
41 51 193
42 51 193
43 51 193
44 51 193
45 51 193
46 51 193
47 51 193
48 51 193
49 51 193
50 51 193
39 52 194
40 52 194
41 52 194
42 52 194
43 52 194
44 52 194
45 52 194
46 52 194
47 52 194
48 52 194
49 52 194
50 52 194
39 53 195
40 53 195
41 53 195
42 53 195
43 53 195
44 53 195
45 53 195
46 53 195
47 53 195
48 53 195
49 53 195
50 53 195
39 54 196
40 54 196
41 54 196
42 54 196
43 54 196
44 54 196
45 54 196
46 54 196
47 54 196
48 54 196
49 54 196
50 54 196
39 55 197
40 55 197
41 55 197
42 55 197
43 55 197
44 55 197
45 55 197
46 55 197
47 55 197
48 55 197
49 55 197
50 55 197
39 56 198
40 56 198
41 56 198
42 56 198
43 56 198
44 56 198
45 56 198
46 56 198
47 56 198
48 56 198
49 56 198
50 56 198
39 51 199
40 51 199
41 51 199
42 51 199
43 51 199
44 51 199
45 51 199
46 51 199
47 51 199
48 51 199
49 51 199
50 51 199
39 52 200
40 52 200
41 52 200
42 52 200
43 52 200
44 52 200
45 52 200
46 52 200
47 52 200
48 52 200
49 52 200
50 52 200
39 53 201
40 53 201
41 53 201
42 53 201
43 53 201
44 53 201
45 53 201
46 53 201
47 53 201
48 53 201
49 53 201
50 53 201
39 54 202
40 54 202
41 54 202
42 54 202
43 54 202
44 54 202
45 54 202
46 54 202
47 54 202
48 54 202
49 54 202
50 54 202
39 55 203
40 55 203
41 55 203
42 55 203
43 55 203
44 55 203
45 55 203
46 55 203
47 55 203
48 55 203
49 55 203
50 55 203
39 56 204
40 56 204
41 56 204
42 56 204
43 56 204
44 56 204
45 56 204
46 56 204
47 56 204
48 56 204
49 56 204
50 56 204
39 51 205
40 51 205
41 51 205
42 51 205
43 51 205
44 51 205
45 51 205
46 51 205
47 51 205
48 51 205
49 51 205
50 51 205
39 52 206
40 52 206
41 52 206
42 52 206
43 52 206
44 52 206
45 52 206
46 52 206
47 52 206
48 52 206
49 52 206
50 52 206
39 53 207
40 53 207
41 53 207
42 53 207
43 53 207
44 53 207
45 53 207
46 53 207
47 53 207
48 53 207
49 53 207
50 53 207
39 54 208
40 54 208
41 54 208
42 54 208
43 54 208
44 54 208
45 54 208
46 54 208
47 54 208
48 54 208
49 54 208
50 54 208
39 55 209
40 55 209
41 55 209
42 55 209
43 55 209
44 55 209
45 55 209
46 55 209
47 55 209
48 55 209
49 55 209
50 55 209
39 56 210
40 56 210
41 56 210
42 56 210
43 56 210
44 56 210
45 56 210
46 56 210
47 56 210
48 56 210
49 56 210
50 56 210
39 51 211
40 51 211
41 51 211
42 51 211
43 51 211
44 51 211
45 51 211
46 51 211
47 51 211
48 51 211
49 51 211
50 51 211
39 52 212
40 52 212
41 52 212
42 52 212
43 52 212
44 52 212
45 52 212
46 52 212
47 52 212
48 52 212
49 52 212
50 52 212
39 53 213
40 53 213
41 53 213
42 53 213
43 53 213
44 53 213
45 53 213
46 53 213
47 53 213
48 53 213
49 53 213
50 53 213
39 54 214
40 54 214
41 54 214
42 54 214
43 54 214
44 54 214
45 54 214
46 54 214
47 54 214
48 54 214
49 54 214
50 54 214
39 55 215
40 55 215
41 55 215
42 55 215
43 55 215
44 55 215
45 55 215
46 55 215
47 55 215
48 55 215
49 55 215
50 55 215
39 56 216
40 56 216
41 56 216
42 56 216
43 56 216
44 56 216
45 56 216
46 56 216
47 56 216
48 56 216
49 56 216
50 56 216
39 51 217
40 51 217
41 51 217
42 51 217
43 51 217
44 51 217
45 51 217
46 51 217
47 51 217
48 51 217
49 51 217
50 51 217
39 52 218
40 52 218
41 52 218
42 52 218
43 52 218
44 52 218
45 52 218
46 52 218
47 52 218
48 52 218
49 52 218
50 52 218
39 53 219
40 53 219
41 53 219
42 53 219
43 53 219
44 53 219
45 53 219
46 53 219
47 53 219
48 53 219
49 53 219
50 53 219
39 54 220
40 54 220
41 54 220
42 54 220
43 54 220
44 54 220
45 54 220
46 54 220
47 54 220
48 54 220
49 54 220
50 54 220
39 55 221
40 55 221
41 55 221
42 55 221
43 55 221
44 55 221
45 55 221
46 55 221
47 55 221
48 55 221
49 55 221
50 55 221
39 56 222
40 56 222
41 56 222
42 56 222
43 56 222
44 56 222
45 56 222
46 56 222
47 56 222
48 56 222
49 56 222
50 56 222
39 51 223
40 51 223
41 51 223
42 51 223
43 51 223
44 51 223
45 51 223
46 51 223
47 51 223
48 51 223
49 51 223
50 51 223
39 52 224
40 52 224
41 52 224
42 52 224
43 52 224
44 52 224
45 52 224
46 52 224
47 52 224
48 52 224
49 52 224
50 52 224
39 53 225
40 53 225
41 53 225
42 53 225
43 53 225
44 53 225
45 53 225
46 53 225
47 53 225
48 53 225
49 53 225
50 53 225
39 54 226
40 54 226
41 54 226
42 54 226
43 54 226
44 54 226
45 54 226
46 54 226
47 54 226
48 54 226
49 54 226
50 54 226
39 55 227
40 55 227
41 55 227
42 55 227
43 55 227
44 55 227
45 55 227
46 55 227
47 55 227
48 55 227
49 55 227
50 55 227
39 56 228
40 56 228
41 56 228
42 56 228
43 56 228
44 56 228
45 56 228
46 56 228
47 56 228
48 56 228
49 56 228
50 56 228
39 51 229
40 51 229
41 51 229
42 51 229
43 51 229
44 51 229
45 51 229
46 51 229
47 51 229
48 51 229
49 51 229
50 51 229
39 52 230
40 52 230
41 52 230
42 52 230
43 52 230
44 52 230
45 52 230
46 52 230
47 52 230
48 52 230
49 52 230
50 52 230
39 53 231
40 53 231
41 53 231
42 53 231
43 53 231
44 53 231
45 53 231
46 53 231
47 53 231
48 53 231
49 53 231
50 53 231
39 54 232
40 54 232
41 54 232
42 54 232
43 54 232
44 54 232
45 54 232
46 54 232
47 54 232
48 54 232
49 54 232
50 54 232
39 55 233
40 55 233
41 55 233
42 55 233
43 55 233
44 55 233
45 55 233
46 55 233
47 55 233
48 55 233
49 55 233
50 55 233
39 56 234
40 56 234
41 56 234
42 56 234
43 56 234
44 56 234
45 56 234
46 56 234
47 56 234
48 56 234
49 56 234
50 56 234
39 51 235
40 51 235
41 51 235
42 51 235
43 51 235
44 51 235
45 51 235
46 51 235
47 51 235
48 51 235
49 51 235
50 51 235
39 52 236
40 52 236
41 52 236
42 52 236
43 52 236
44 52 236
45 52 236
46 52 236
47 52 236
48 52 236
49 52 236
50 52 236
39 53 237
40 53 237
41 53 237
42 53 237
43 53 237
44 53 237
45 53 237
46 53 237
47 53 237
48 53 237
49 53 237
50 53 237
39 54 238
40 54 238
41 54 238
42 54 238
43 54 238
44 54 238
45 54 238
46 54 238
47 54 238
48 54 238
49 54 238
50 54 238
39 55 239
40 55 239
41 55 239
42 55 239
43 55 239
44 55 239
45 55 239
46 55 239
47 55 239
48 55 239
49 55 239
50 55 239
39 56 240
40 56 240
41 56 240
42 56 240
43 56 240
44 56 240
45 56 240
46 56 240
47 56 240
48 56 240
49 56 240
50 56 240
39 51 241
40 51 241
41 51 241
42 51 241
43 51 241
44 51 241
45 51 241
46 51 241
47 51 241
48 51 241
49 51 241
50 51 241
39 52 242
40 52 242
41 52 242
42 52 242
43 52 242
44 52 242
45 52 242
46 52 242
47 52 242
48 52 242
49 52 242
50 52 242
39 53 243
40 53 243
41 53 243
42 53 243
43 53 243
44 53 243
45 53 243
46 53 243
47 53 243
48 53 243
49 53 243
50 53 243
39 54 244
40 54 244
41 54 244
42 54 244
43 54 244
44 54 244
45 54 244
46 54 244
47 54 244
48 54 244
49 54 244
50 54 244
39 55 245
40 55 245
41 55 245
42 55 245
43 55 245
44 55 245
45 55 245
46 55 245
47 55 245
48 55 245
49 55 245
50 55 245
39 56 246
40 56 246
41 56 246
42 56 246
43 56 246
44 56 246
45 56 246
46 56 246
47 56 246
48 56 246
49 56 246
50 56 246
39 51 247
40 51 247
41 51 247
42 51 247
43 51 247
44 51 247
45 51 247
46 51 247
47 51 247
48 51 247
49 51 247
50 51 247
39 52 248
40 52 248
41 52 248
42 52 248
43 52 248
44 52 248
45 52 248
46 52 248
47 52 248
48 52 248
49 52 248
50 52 248
39 53 249
40 53 249
41 53 249
42 53 249
43 53 249
44 53 249
45 53 249
46 53 249
47 53 249
48 53 249
49 53 249
50 53 249
39 54 250
40 54 250
41 54 250
42 54 250
43 54 250
44 54 250
45 54 250
46 54 250
47 54 250
48 54 250
49 54 250
50 54 250
39 55 251
40 55 251
41 55 251
42 55 251
43 55 251
44 55 251
45 55 251
46 55 251
47 55 251
48 55 251
49 55 251
50 55 251
39 56 252
40 56 252
41 56 252
42 56 252
43 56 252
44 56 252
45 56 252
46 56 252
47 56 252
48 56 252
49 56 252
50 56 252
39 51 253
40 51 253
41 51 253
42 51 253
43 51 253
44 51 253
45 51 253
46 51 253
47 51 253
48 51 253
49 51 253
50 51 253
39 52 254
40 52 254
41 52 254
42 52 254
43 52 254
44 52 254
45 52 254
46 52 254
47 52 254
48 52 254
49 52 254
50 52 254
39 53 255
40 53 255
41 53 255
42 53 255
43 53 255
44 53 255
45 53 255
46 53 255
47 53 255
48 53 255
49 53 255
50 53 255
39 54 256
40 54 256
41 54 256
42 54 256
43 54 256
44 54 256
45 54 256
46 54 256
47 54 256
48 54 256
49 54 256
50 54 256
39 55 257
40 55 257
41 55 257
42 55 257
43 55 257
44 55 257
45 55 257
46 55 257
47 55 257
48 55 257
49 55 257
50 55 257
39 56 258
40 56 258
41 56 258
42 56 258
43 56 258
44 56 258
45 56 258
46 56 258
47 56 258
48 56 258
49 56 258
50 56 258
39 51 259
40 51 259
41 51 259
42 51 259
43 51 259
44 51 259
45 51 259
46 51 259
47 51 259
48 51 259
49 51 259
50 51 259
39 52 260
40 52 260
41 52 260
42 52 260
43 52 260
44 52 260
45 52 260
46 52 260
47 52 260
48 52 260
49 52 260
50 52 260
39 53 261
40 53 261
41 53 261
42 53 261
43 53 261
44 53 261
45 53 261
46 53 261
47 53 261
48 53 261
49 53 261
50 53 261
39 54 262
40 54 262
41 54 262
42 54 262
43 54 262
44 54 262
45 54 262
46 54 262
47 54 262
48 54 262
49 54 262
50 54 262
39 55 263
40 55 263
41 55 263
42 55 263
43 55 263
44 55 263
45 55 263
46 55 263
47 55 263
48 55 263
49 55 263
50 55 263
39 56 264
40 56 264
41 56 264
42 56 264
43 56 264
44 56 264
45 56 264
46 56 264
47 56 264
48 56 264
49 56 264
50 56 264
39 51 265
40 51 265
41 51 265
42 51 265
43 51 265
44 51 265
45 51 265
46 51 265
47 51 265
48 51 265
49 51 265
50 51 265
39 52 266
40 52 266
41 52 266
42 52 266
43 52 266
44 52 266
45 52 266
46 52 266
47 52 266
48 52 266
49 52 266
50 52 266
39 53 267
40 53 267
41 53 267
42 53 267
43 53 267
44 53 267
45 53 267
46 53 267
47 53 267
48 53 267
49 53 267
50 53 267
39 54 268
40 54 268
41 54 268
42 54 268
43 54 268
44 54 268
45 54 268
46 54 268
47 54 268
48 54 268
49 54 268
50 54 268
39 55 269
40 55 269
41 55 269
42 55 269
43 55 269
44 55 269
45 55 269
46 55 269
47 55 269
48 55 269
49 55 269
50 55 269
39 56 270
40 56 270
41 56 270
42 56 270
43 56 270
44 56 270
45 56 270
46 56 270
47 56 270
48 56 270
49 56 270
50 56 270
39 51 271
40 51 271
41 51 271
42 51 271
43 51 271
44 51 271
45 51 271
46 51 271
47 51 271
48 51 271
49 51 271
50 51 271
39 52 272
40 52 272
41 52 272
42 52 272
43 52 272
44 52 272
45 52 272
46 52 272
47 52 272
48 52 272
49 52 272
50 52 272
39 53 273
40 53 273
41 53 273
42 53 273
43 53 273
44 53 273
45 53 273
46 53 273
47 53 273
48 53 273
49 53 273
50 53 273
39 54 274
40 54 274
41 54 274
42 54 274
43 54 274
44 54 274
45 54 274
46 54 274
47 54 274
48 54 274
49 54 274
50 54 274
39 55 275
40 55 275
41 55 275
42 55 275
43 55 275
44 55 275
45 55 275
46 55 275
47 55 275
48 55 275
49 55 275
50 55 275
39 56 276
40 56 276
41 56 276
42 56 276
43 56 276
44 56 276
45 56 276
46 56 276
47 56 276
48 56 276
49 56 276
50 56 276
39 51 277
40 51 277
41 51 277
42 51 277
43 51 277
44 51 277
45 51 277
46 51 277
47 51 277
48 51 277
49 51 277
50 51 277
39 52 278
40 52 278
41 52 278
42 52 278
43 52 278
44 52 278
45 52 278
46 52 278
47 52 278
48 52 278
49 52 278
50 52 278
39 53 279
40 53 279
41 53 279
42 53 279
43 53 279
44 53 279
45 53 279
46 53 279
47 53 279
48 53 279
49 53 279
50 53 279
39 54 280
40 54 280
41 54 280
42 54 280
43 54 280
44 54 280
45 54 280
46 54 280
47 54 280
48 54 280
49 54 280
50 54 280
39 55 281
40 55 281
41 55 281
42 55 281
43 55 281
44 55 281
45 55 281
46 55 281
47 55 281
48 55 281
49 55 281
50 55 281
39 56 282
40 56 282
41 56 282
42 56 282
43 56 282
44 56 282
45 56 282
46 56 282
47 56 282
48 56 282
49 56 282
50 56 282
39 51 283
40 51 283
41 51 283
42 51 283
43 51 283
44 51 283
45 51 283
46 51 283
47 51 283
48 51 283
49 51 283
50 51 283
39 52 284
40 52 284
41 52 284
42 52 284
43 52 284
44 52 284
45 52 284
46 52 284
47 52 284
48 52 284
49 52 284
50 52 284
39 53 285
40 53 285
41 53 285
42 53 285
43 53 285
44 53 285
45 53 285
46 53 285
47 53 285
48 53 285
49 53 285
50 53 285
39 54 286
40 54 286
41 54 286
42 54 286
43 54 286
44 54 286
45 54 286
46 54 286
47 54 286
48 54 286
49 54 286
50 54 286
39 55 287
40 55 287
41 55 287
42 55 287
43 55 287
44 55 287
45 55 287
46 55 287
47 55 287
48 55 287
49 55 287
50 55 287
39 56 288
40 56 288
41 56 288
42 56 288
43 56 288
44 56 288
45 56 288
46 56 288
47 56 288
48 56 288
49 56 288
50 56 288
39 51 289
40 51 289
41 51 289
42 51 289
43 51 289
44 51 289
45 51 289
46 51 289
47 51 289
48 51 289
49 51 289
50 51 289
39 52 290
40 52 290
41 52 290
42 52 290
43 52 290
44 52 290
45 52 290
46 52 290
47 52 290
48 52 290
49 52 290
50 52 290
39 53 291
40 53 291
41 53 291
42 53 291
43 53 291
44 53 291
45 53 291
46 53 291
47 53 291
48 53 291
49 53 291
50 53 291
39 54 292
40 54 292
41 54 292
42 54 292
43 54 292
44 54 292
45 54 292
46 54 292
47 54 292
48 54 292
49 54 292
50 54 292
39 55 293
40 55 293
41 55 293
42 55 293
43 55 293
44 55 293
45 55 293
46 55 293
47 55 293
48 55 293
49 55 293
50 55 293
39 56 294
40 56 294
41 56 294
42 56 294
43 56 294
44 56 294
45 56 294
46 56 294
47 56 294
48 56 294
49 56 294
50 56 294
39 51 295
40 51 295
41 51 295
42 51 295
43 51 295
44 51 295
45 51 295
46 51 295
47 51 295
48 51 295
49 51 295
50 51 295
39 52 296
40 52 296
41 52 296
42 52 296
43 52 296
44 52 296
45 52 296
46 52 296
47 52 296
48 52 296
49 52 296
50 52 296
39 53 297
40 53 297
41 53 297
42 53 297
43 53 297
44 53 297
45 53 297
46 53 297
47 53 297
48 53 297
49 53 297
50 53 297
39 54 298
40 54 298
41 54 298
42 54 298
43 54 298
44 54 298
45 54 298
46 54 298
47 54 298
48 54 298
49 54 298
50 54 298
39 55 299
40 55 299
41 55 299
42 55 299
43 55 299
44 55 299
45 55 299
46 55 299
47 55 299
48 55 299
49 55 299
50 55 299
39 56 300
40 56 300
41 56 300
42 56 300
43 56 300
44 56 300
45 56 300
46 56 300
47 56 300
48 56 300
49 56 300
50 56 300
39 51 301
40 51 301
41 51 301
42 51 301
43 51 301
44 51 301
45 51 301
46 51 301
47 51 301
48 51 301
49 51 301
50 51 301
39 52 302
40 52 302
41 52 302
42 52 302
43 52 302
44 52 302
45 52 302
46 52 302
47 52 302
48 52 302
49 52 302
50 52 302
39 53 303
40 53 303
41 53 303
42 53 303
43 53 303
44 53 303
45 53 303
46 53 303
47 53 303
48 53 303
49 53 303
50 53 303
39 54 304
40 54 304
41 54 304
42 54 304
43 54 304
44 54 304
45 54 304
46 54 304
47 54 304
48 54 304
49 54 304
50 54 304
39 55 305
40 55 305
41 55 305
42 55 305
43 55 305
44 55 305
45 55 305
46 55 305
47 55 305
48 55 305
49 55 305
50 55 305
39 56 306
40 56 306
41 56 306
42 56 306
43 56 306
44 56 306
45 56 306
46 56 306
47 56 306
48 56 306
49 56 306
50 56 306
39 51 307
40 51 307
41 51 307
42 51 307
43 51 307
44 51 307
45 51 307
46 51 307
47 51 307
48 51 307
49 51 307
50 51 307
39 52 308
40 52 308
41 52 308
42 52 308
43 52 308
44 52 308
45 52 308
46 52 308
47 52 308
48 52 308
49 52 308
50 52 308
39 53 309
40 53 309
41 53 309
42 53 309
43 53 309
44 53 309
45 53 309
46 53 309
47 53 309
48 53 309
49 53 309
50 53 309
39 54 310
40 54 310
41 54 310
42 54 310
43 54 310
44 54 310
45 54 310
46 54 310
47 54 310
48 54 310
49 54 310
50 54 310
39 55 311
40 55 311
41 55 311
42 55 311
43 55 311
44 55 311
45 55 311
46 55 311
47 55 311
48 55 311
49 55 311
50 55 311
39 56 312
40 56 312
41 56 312
42 56 312
43 56 312
44 56 312
45 56 312
46 56 312
47 56 312
48 56 312
49 56 312
50 56 312
39 51 313
40 51 313
41 51 313
42 51 313
43 51 313
44 51 313
45 51 313
46 51 313
47 51 313
48 51 313
49 51 313
50 51 313
39 52 314
40 52 314
41 52 314
42 52 314
43 52 314
44 52 314
45 52 314
46 52 314
47 52 314
48 52 314
49 52 314
50 52 314
39 53 315
40 53 315
41 53 315
42 53 315
43 53 315
44 53 315
45 53 315
46 53 315
47 53 315
48 53 315
49 53 315
50 53 315
39 54 316
40 54 316
41 54 316
42 54 316
43 54 316
44 54 316
45 54 316
46 54 316
47 54 316
48 54 316
49 54 316
50 54 316
39 55 317
40 55 317
41 55 317
42 55 317
43 55 317
44 55 317
45 55 317
46 55 317
47 55 317
48 55 317
49 55 317
50 55 317
39 56 318
40 56 318
41 56 318
42 56 318
43 56 318
44 56 318
45 56 318
46 56 318
47 56 318
48 56 318
49 56 318
50 56 318
39 51 319
40 51 319
41 51 319
42 51 319
43 51 319
44 51 319
45 51 319
46 51 319
47 51 319
48 51 319
49 51 319
50 51 319
39 52 320
40 52 320
41 52 320
42 52 320
43 52 320
44 52 320
45 52 320
46 52 320
47 52 320
48 52 320
49 52 320
50 52 320
39 53 321
40 53 321
41 53 321
42 53 321
43 53 321
44 53 321
45 53 321
46 53 321
47 53 321
48 53 321
49 53 321
50 53 321
39 54 322
40 54 322
41 54 322
42 54 322
43 54 322
44 54 322
45 54 322
46 54 322
47 54 322
48 54 322
49 54 322
50 54 322
39 55 323
40 55 323
41 55 323
42 55 323
43 55 323
44 55 323
45 55 323
46 55 323
47 55 323
48 55 323
49 55 323
50 55 323
39 56 324
40 56 324
41 56 324
42 56 324
43 56 324
44 56 324
45 56 324
46 56 324
47 56 324
48 56 324
49 56 324
50 56 324
39 51 325
40 51 325
41 51 325
42 51 325
43 51 325
44 51 325
45 51 325
46 51 325
47 51 325
48 51 325
49 51 325
50 51 325
39 52 326
40 52 326
41 52 326
42 52 326
43 52 326
44 52 326
45 52 326
46 52 326
47 52 326
48 52 326
49 52 326
50 52 326
39 53 327
40 53 327
41 53 327
42 53 327
43 53 327
44 53 327
45 53 327
46 53 327
47 53 327
48 53 327
49 53 327
50 53 327
39 54 328
40 54 328
41 54 328
42 54 328
43 54 328
44 54 328
45 54 328
46 54 328
47 54 328
48 54 328
49 54 328
50 54 328
39 55 329
40 55 329
41 55 329
42 55 329
43 55 329
44 55 329
45 55 329
46 55 329
47 55 329
48 55 329
49 55 329
50 55 329
39 56 330
40 56 330
41 56 330
42 56 330
43 56 330
44 56 330
45 56 330
46 56 330
47 56 330
48 56 330
49 56 330
50 56 330
39 51 331
40 51 331
41 51 331
42 51 331
43 51 331
44 51 331
45 51 331
46 51 331
47 51 331
48 51 331
49 51 331
50 51 331
39 52 332
40 52 332
41 52 332
42 52 332
43 52 332
44 52 332
45 52 332
46 52 332
47 52 332
48 52 332
49 52 332
50 52 332
39 53 333
40 53 333
41 53 333
42 53 333
43 53 333
44 53 333
45 53 333
46 53 333
47 53 333
48 53 333
49 53 333
50 53 333
39 54 334
40 54 334
41 54 334
42 54 334
43 54 334
44 54 334
45 54 334
46 54 334
47 54 334
48 54 334
49 54 334
50 54 334
39 55 335
40 55 335
41 55 335
42 55 335
43 55 335
44 55 335
45 55 335
46 55 335
47 55 335
48 55 335
49 55 335
50 55 335
39 56 336
40 56 336
41 56 336
42 56 336
43 56 336
44 56 336
45 56 336
46 56 336
47 56 336
48 56 336
49 56 336
50 56 336
39 51 337
40 51 337
41 51 337
42 51 337
43 51 337
44 51 337
45 51 337
46 51 337
47 51 337
48 51 337
49 51 337
50 51 337
39 52 338
40 52 338
41 52 338
42 52 338
43 52 338
44 52 338
45 52 338
46 52 338
47 52 338
48 52 338
49 52 338
50 52 338
39 53 339
40 53 339
41 53 339
42 53 339
43 53 339
44 53 339
45 53 339
46 53 339
47 53 339
48 53 339
49 53 339
50 53 339
39 54 340
40 54 340
41 54 340
42 54 340
43 54 340
44 54 340
45 54 340
46 54 340
47 54 340
48 54 340
49 54 340
50 54 340
39 55 341
40 55 341
41 55 341
42 55 341
43 55 341
44 55 341
45 55 341
46 55 341
47 55 341
48 55 341
49 55 341
50 55 341
39 56 342
40 56 342
41 56 342
42 56 342
43 56 342
44 56 342
45 56 342
46 56 342
47 56 342
48 56 342
49 56 342
50 56 342
39 51 343
40 51 343
41 51 343
42 51 343
43 51 343
44 51 343
45 51 343
46 51 343
47 51 343
48 51 343
49 51 343
50 51 343
39 52 344
40 52 344
41 52 344
42 52 344
43 52 344
44 52 344
45 52 344
46 52 344
47 52 344
48 52 344
49 52 344
50 52 344
39 53 345
40 53 345
41 53 345
42 53 345
43 53 345
44 53 345
45 53 345
46 53 345
47 53 345
48 53 345
49 53 345
50 53 345
39 54 346
40 54 346
41 54 346
42 54 346
43 54 346
44 54 346
45 54 346
46 54 346
47 54 346
48 54 346
49 54 346
50 54 346
39 55 347
40 55 347
41 55 347
42 55 347
43 55 347
44 55 347
45 55 347
46 55 347
47 55 347
48 55 347
49 55 347
50 55 347
39 56 348
40 56 348
41 56 348
42 56 348
43 56 348
44 56 348
45 56 348
46 56 348
47 56 348
48 56 348
49 56 348
50 56 348
39 51 349
40 51 349
41 51 349
42 51 349
43 51 349
44 51 349
45 51 349
46 51 349
47 51 349
48 51 349
49 51 349
50 51 349
39 52 350
40 52 350
41 52 350
42 52 350
43 52 350
44 52 350
45 52 350
46 52 350
47 52 350
48 52 350
49 52 350
50 52 350
39 53 351
40 53 351
41 53 351
42 53 351
43 53 351
44 53 351
45 53 351
46 53 351
47 53 351
48 53 351
49 53 351
50 53 351
39 54 352
40 54 352
41 54 352
42 54 352
43 54 352
44 54 352
45 54 352
46 54 352
47 54 352
48 54 352
49 54 352
50 54 352
39 55 353
40 55 353
41 55 353
42 55 353
43 55 353
44 55 353
45 55 353
46 55 353
47 55 353
48 55 353
49 55 353
50 55 353
39 56 354
40 56 354
41 56 354
42 56 354
43 56 354
44 56 354
45 56 354
46 56 354
47 56 354
48 56 354
49 56 354
50 56 354
39 51 355
40 51 355
41 51 355
42 51 355
43 51 355
44 51 355
45 51 355
46 51 355
47 51 355
48 51 355
49 51 355
50 51 355
39 52 356
40 52 356
41 52 356
42 52 356
43 52 356
44 52 356
45 52 356
46 52 356
47 52 356
48 52 356
49 52 356
50 52 356
39 53 357
40 53 357
41 53 357
42 53 357
43 53 357
44 53 357
45 53 357
46 53 357
47 53 357
48 53 357
49 53 357
50 53 357
39 54 358
40 54 358
41 54 358
42 54 358
43 54 358
44 54 358
45 54 358
46 54 358
47 54 358
48 54 358
49 54 358
50 54 358
39 55 359
40 55 359
41 55 359
42 55 359
43 55 359
44 55 359
45 55 359
46 55 359
47 55 359
48 55 359
49 55 359
50 55 359
39 56 360
40 56 360
41 56 360
42 56 360
43 56 360
44 56 360
45 56 360
46 56 360
47 56 360
48 56 360
49 56 360
50 56 360
39 51 361
40 51 361
41 51 361
42 51 361
43 51 361
44 51 361
45 51 361
46 51 361
47 51 361
48 51 361
49 51 361
50 51 361
39 52 362
40 52 362
41 52 362
42 52 362
43 52 362
44 52 362
45 52 362
46 52 362
47 52 362
48 52 362
49 52 362
50 52 362
39 53 363
40 53 363
41 53 363
42 53 363
43 53 363
44 53 363
45 53 363
46 53 363
47 53 363
48 53 363
49 53 363
50 53 363
39 54 364
40 54 364
41 54 364
42 54 364
43 54 364
44 54 364
45 54 364
46 54 364
47 54 364
48 54 364
49 54 364
50 54 364
39 55 365
40 55 365
41 55 365
42 55 365
43 55 365
44 55 365
45 55 365
46 55 365
47 55 365
48 55 365
49 55 365
50 55 365
39 56 366
40 56 366
41 56 366
42 56 366
43 56 366
44 56 366
45 56 366
46 56 366
47 56 366
48 56 366
49 56 366
50 56 366
39 51 367
40 51 367
41 51 367
42 51 367
43 51 367
44 51 367
45 51 367
46 51 367
47 51 367
48 51 367
49 51 367
50 51 367
39 52 368
40 52 368
41 52 368
42 52 368
43 52 368
44 52 368
45 52 368
46 52 368
47 52 368
48 52 368
49 52 368
50 52 368
39 53 369
40 53 369
41 53 369
42 53 369
43 53 369
44 53 369
45 53 369
46 53 369
47 53 369
48 53 369
49 53 369
50 53 369
39 54 370
40 54 370
41 54 370
42 54 370
43 54 370
44 54 370
45 54 370
46 54 370
47 54 370
48 54 370
49 54 370
50 54 370
39 55 371
40 55 371
41 55 371
42 55 371
43 55 371
44 55 371
45 55 371
46 55 371
47 55 371
48 55 371
49 55 371
50 55 371
39 56 372
40 56 372
41 56 372
42 56 372
43 56 372
44 56 372
45 56 372
46 56 372
47 56 372
48 56 372
49 56 372
50 56 372
39 51 373
40 51 373
41 51 373
42 51 373
43 51 373
44 51 373
45 51 373
46 51 373
47 51 373
48 51 373
49 51 373
50 51 373
39 52 374
40 52 374
41 52 374
42 52 374
43 52 374
44 52 374
45 52 374
46 52 374
47 52 374
48 52 374
49 52 374
50 52 374
39 53 375
40 53 375
41 53 375
42 53 375
43 53 375
44 53 375
45 53 375
46 53 375
47 53 375
48 53 375
49 53 375
50 53 375
39 54 376
40 54 376
41 54 376
42 54 376
43 54 376
44 54 376
45 54 376
46 54 376
47 54 376
48 54 376
49 54 376
50 54 376
39 55 377
40 55 377
41 55 377
42 55 377
43 55 377
44 55 377
45 55 377
46 55 377
47 55 377
48 55 377
49 55 377
50 55 377
39 56 378
40 56 378
41 56 378
42 56 378
43 56 378
44 56 378
45 56 378
46 56 378
47 56 378
48 56 378
49 56 378
50 56 378
39 51 379
40 51 379
41 51 379
42 51 379
43 51 379
44 51 379
45 51 379
46 51 379
47 51 379
48 51 379
49 51 379
50 51 379
39 52 380
40 52 380
41 52 380
42 52 380
43 52 380
44 52 380
45 52 380
46 52 380
47 52 380
48 52 380
49 52 380
50 52 380
39 53 381
40 53 381
41 53 381
42 53 381
43 53 381
44 53 381
45 53 381
46 53 381
47 53 381
48 53 381
49 53 381
50 53 381
39 54 382
40 54 382
41 54 382
42 54 382
43 54 382
44 54 382
45 54 382
46 54 382
47 54 382
48 54 382
49 54 382
50 54 382
39 55 383
40 55 383
41 55 383
42 55 383
43 55 383
44 55 383
45 55 383
46 55 383
47 55 383
48 55 383
49 55 383
50 55 383
39 56 384
40 56 384
41 56 384
42 56 384
43 56 384
44 56 384
45 56 384
46 56 384
47 56 384
48 56 384
49 56 384
50 56 384
39 51 385
40 51 385
41 51 385
42 51 385
43 51 385
44 51 385
45 51 385
46 51 385
47 51 385
48 51 385
49 51 385
50 51 385
39 52 386
40 52 386
41 52 386
42 52 386
43 52 386
44 52 386
45 52 386
46 52 386
47 52 386
48 52 386
49 52 386
50 52 386
39 53 387
40 53 387
41 53 387
42 53 387
43 53 387
44 53 387
45 53 387
46 53 387
47 53 387
48 53 387
49 53 387
50 53 387
39 54 388
40 54 388
41 54 388
42 54 388
43 54 388
44 54 388
45 54 388
46 54 388
47 54 388
48 54 388
49 54 388
50 54 388
39 55 389
40 55 389
41 55 389
42 55 389
43 55 389
44 55 389
45 55 389
46 55 389
47 55 389
48 55 389
49 55 389
50 55 389
39 56 390
40 56 390
41 56 390
42 56 390
43 56 390
44 56 390
45 56 390
46 56 390
47 56 390
48 56 390
49 56 390
50 56 390
39 51 391
40 51 391
41 51 391
42 51 391
43 51 391
44 51 391
45 51 391
46 51 391
47 51 391
48 51 391
49 51 391
50 51 391
39 52 392
40 52 392
41 52 392
42 52 392
43 52 392
44 52 392
45 52 392
46 52 392
47 52 392
48 52 392
49 52 392
50 52 392
39 53 393
40 53 393
41 53 393
42 53 393
43 53 393
44 53 393
45 53 393
46 53 393
47 53 393
48 53 393
49 53 393
50 53 393
39 54 394
40 54 394
41 54 394
42 54 394
43 54 394
44 54 394
45 54 394
46 54 394
47 54 394
48 54 394
49 54 394
50 54 394
39 55 395
40 55 395
41 55 395
42 55 395
43 55 395
44 55 395
45 55 395
46 55 395
47 55 395
48 55 395
49 55 395
50 55 395
39 56 396
40 56 396
41 56 396
42 56 396
43 56 396
44 56 396
45 56 396
46 56 396
47 56 396
48 56 396
49 56 396
50 56 396
39 51 397
40 51 397
41 51 397
42 51 397
43 51 397
44 51 397
45 51 397
46 51 397
47 51 397
48 51 397
49 51 397
50 51 397
39 52 398
40 52 398
41 52 398
42 52 398
43 52 398
44 52 398
45 52 398
46 52 398
47 52 398
48 52 398
49 52 398
50 52 398
39 53 399
40 53 399
41 53 399
42 53 399
43 53 399
44 53 399
45 53 399
46 53 399
47 53 399
48 53 399
49 53 399
50 53 399
39 54 400
40 54 400
41 54 400
42 54 400
43 54 400
44 54 400
45 54 400
46 54 400
47 54 400
48 54 400
49 54 400
50 54 400
39 55 401
40 55 401
41 55 401
42 55 401
43 55 401
44 55 401
45 55 401
46 55 401
47 55 401
48 55 401
49 55 401
50 55 401
39 56 402
40 56 402
41 56 402
42 56 402
43 56 402
44 56 402
45 56 402
46 56 402
47 56 402
48 56 402
49 56 402
50 56 402
39 51 403
40 51 403
41 51 403
42 51 403
43 51 403
44 51 403
45 51 403
46 51 403
47 51 403
48 51 403
49 51 403
50 51 403
39 52 404
40 52 404
41 52 404
42 52 404
43 52 404
44 52 404
45 52 404
46 52 404
47 52 404
48 52 404
49 52 404
50 52 404
39 53 405
40 53 405
41 53 405
42 53 405
43 53 405
44 53 405
45 53 405
46 53 405
47 53 405
48 53 405
49 53 405
50 53 405
39 54 406
40 54 406
41 54 406
42 54 406
43 54 406
44 54 406
45 54 406
46 54 406
47 54 406
48 54 406
49 54 406
50 54 406
39 55 407
40 55 407
41 55 407
42 55 407
43 55 407
44 55 407
45 55 407
46 55 407
47 55 407
48 55 407
49 55 407
50 55 407
39 56 408
40 56 408
41 56 408
42 56 408
43 56 408
44 56 408
45 56 408
46 56 408
47 56 408
48 56 408
49 56 408
50 56 408
39 51 409
40 51 409
41 51 409
42 51 409
43 51 409
44 51 409
45 51 409
46 51 409
47 51 409
48 51 409
49 51 409
50 51 409
39 52 410
40 52 410
41 52 410
42 52 410
43 52 410
44 52 410
45 52 410
46 52 410
47 52 410
48 52 410
49 52 410
50 52 410
39 53 411
40 53 411
41 53 411
42 53 411
43 53 411
44 53 411
45 53 411
46 53 411
47 53 411
48 53 411
49 53 411
50 53 411
39 54 412
40 54 412
41 54 412
42 54 412
43 54 412
44 54 412
45 54 412
46 54 412
47 54 412
48 54 412
49 54 412
50 54 412
39 55 413
40 55 413
41 55 413
42 55 413
43 55 413
44 55 413
45 55 413
46 55 413
47 55 413
48 55 413
49 55 413
50 55 413
39 56 414
40 56 414
41 56 414
42 56 414
43 56 414
44 56 414
45 56 414
46 56 414
47 56 414
48 56 414
49 56 414
50 56 414
39 51 415
40 51 415
41 51 415
42 51 415
43 51 415
44 51 415
45 51 415
46 51 415
47 51 415
48 51 415
49 51 415
50 51 415
39 52 416
40 52 416
41 52 416
42 52 416
43 52 416
44 52 416
45 52 416
46 52 416
47 52 416
48 52 416
49 52 416
50 52 416
39 53 417
40 53 417
41 53 417
42 53 417
43 53 417
44 53 417
45 53 417
46 53 417
47 53 417
48 53 417
49 53 417
50 53 417
39 54 418
40 54 418
41 54 418
42 54 418
43 54 418
44 54 418
45 54 418
46 54 418
47 54 418
48 54 418
49 54 418
50 54 418
39 55 419
40 55 419
41 55 419
42 55 419
43 55 419
44 55 419
45 55 419
46 55 419
47 55 419
48 55 419
49 55 419
50 55 419
39 56 420
40 56 420
41 56 420
42 56 420
43 56 420
44 56 420
45 56 420
46 56 420
47 56 420
48 56 420
49 56 420
50 56 420
39 51 421
40 51 421
41 51 421
42 51 421
43 51 421
44 51 421
45 51 421
46 51 421
47 51 421
48 51 421
49 51 421
50 51 421
39 52 422
40 52 422
41 52 422
42 52 422
43 52 422
44 52 422
45 52 422
46 52 422
47 52 422
48 52 422
49 52 422
50 52 422
39 53 423
40 53 423
41 53 423
42 53 423
43 53 423
44 53 423
45 53 423
46 53 423
47 53 423
48 53 423
49 53 423
50 53 423
39 54 424
40 54 424
41 54 424
42 54 424
43 54 424
44 54 424
45 54 424
46 54 424
47 54 424
48 54 424
49 54 424
50 54 424
39 55 425
40 55 425
41 55 425
42 55 425
43 55 425
44 55 425
45 55 425
46 55 425
47 55 425
48 55 425
49 55 425
50 55 425
39 56 426
40 56 426
41 56 426
42 56 426
43 56 426
44 56 426
45 56 426
46 56 426
47 56 426
48 56 426
49 56 426
50 56 426
39 51 427
40 51 427
41 51 427
42 51 427
43 51 427
44 51 427
45 51 427
46 51 427
47 51 427
48 51 427
49 51 427
50 51 427
39 52 428
40 52 428
41 52 428
42 52 428
43 52 428
44 52 428
45 52 428
46 52 428
47 52 428
48 52 428
49 52 428
50 52 428
39 53 429
40 53 429
41 53 429
42 53 429
43 53 429
44 53 429
45 53 429
46 53 429
47 53 429
48 53 429
49 53 429
50 53 429
39 54 430
40 54 430
41 54 430
42 54 430
43 54 430
44 54 430
45 54 430
46 54 430
47 54 430
48 54 430
49 54 430
50 54 430
39 55 431
40 55 431
41 55 431
42 55 431
43 55 431
44 55 431
45 55 431
46 55 431
47 55 431
48 55 431
49 55 431
50 55 431
39 56 432
40 56 432
41 56 432
42 56 432
43 56 432
44 56 432
45 56 432
46 56 432
47 56 432
48 56 432
49 56 432
50 56 432
39 51 433
40 51 433
41 51 433
42 51 433
43 51 433
44 51 433
45 51 433
46 51 433
47 51 433
48 51 433
49 51 433
50 51 433
39 52 434
40 52 434
41 52 434
42 52 434
43 52 434
44 52 434
45 52 434
46 52 434
47 52 434
48 52 434
49 52 434
50 52 434
39 53 435
40 53 435
41 53 435
42 53 435
43 53 435
44 53 435
45 53 435
46 53 435
47 53 435
48 53 435
49 53 435
50 53 435
39 54 436
40 54 436
41 54 436
42 54 436
43 54 436
44 54 436
45 54 436
46 54 436
47 54 436
48 54 436
49 54 436
50 54 436
39 55 437
40 55 437
41 55 437
42 55 437
43 55 437
44 55 437
45 55 437
46 55 437
47 55 437
48 55 437
49 55 437
50 55 437
39 56 438
40 56 438
41 56 438
42 56 438
43 56 438
44 56 438
45 56 438
46 56 438
47 56 438
48 56 438
49 56 438
50 56 438
39 51 439
40 51 439
41 51 439
42 51 439
43 51 439
44 51 439
45 51 439
46 51 439
47 51 439
48 51 439
49 51 439
50 51 439
39 52 440
40 52 440
41 52 440
42 52 440
43 52 440
44 52 440
45 52 440
46 52 440
47 52 440
48 52 440
49 52 440
50 52 440
39 53 441
40 53 441
41 53 441
42 53 441
43 53 441
44 53 441
45 53 441
46 53 441
47 53 441
48 53 441
49 53 441
50 53 441
39 54 442
40 54 442
41 54 442
42 54 442
43 54 442
44 54 442
45 54 442
46 54 442
47 54 442
48 54 442
49 54 442
50 54 442
39 55 443
40 55 443
41 55 443
42 55 443
43 55 443
44 55 443
45 55 443
46 55 443
47 55 443
48 55 443
49 55 443
50 55 443
39 56 444
40 56 444
41 56 444
42 56 444
43 56 444
44 56 444
45 56 444
46 56 444
47 56 444
48 56 444
49 56 444
50 56 444
39 51 445
40 51 445
41 51 445
42 51 445
43 51 445
44 51 445
45 51 445
46 51 445
47 51 445
48 51 445
49 51 445
50 51 445
39 52 446
40 52 446
41 52 446
42 52 446
43 52 446
44 52 446
45 52 446
46 52 446
47 52 446
48 52 446
49 52 446
50 52 446
39 53 447
40 53 447
41 53 447
42 53 447
43 53 447
44 53 447
45 53 447
46 53 447
47 53 447
48 53 447
49 53 447
50 53 447
39 54 448
40 54 448
41 54 448
42 54 448
43 54 448
44 54 448
45 54 448
46 54 448
47 54 448
48 54 448
49 54 448
50 54 448
39 55 449
40 55 449
41 55 449
42 55 449
43 55 449
44 55 449
45 55 449
46 55 449
47 55 449
48 55 449
49 55 449
50 55 449
39 56 450
40 56 450
41 56 450
42 56 450
43 56 450
44 56 450
45 56 450
46 56 450
47 56 450
48 56 450
49 56 450
50 56 450
39 51 451
40 51 451
41 51 451
42 51 451
43 51 451
44 51 451
45 51 451
46 51 451
47 51 451
48 51 451
49 51 451
50 51 451
39 52 452
40 52 452
41 52 452
42 52 452
43 52 452
44 52 452
45 52 452
46 52 452
47 52 452
48 52 452
49 52 452
50 52 452
39 53 453
40 53 453
41 53 453
42 53 453
43 53 453
44 53 453
45 53 453
46 53 453
47 53 453
48 53 453
49 53 453
50 53 453
39 54 454
40 54 454
41 54 454
42 54 454
43 54 454
44 54 454
45 54 454
46 54 454
47 54 454
48 54 454
49 54 454
50 54 454
39 55 455
40 55 455
41 55 455
42 55 455
43 55 455
44 55 455
45 55 455
46 55 455
47 55 455
48 55 455
49 55 455
50 55 455
39 56 456
40 56 456
41 56 456
42 56 456
43 56 456
44 56 456
45 56 456
46 56 456
47 56 456
48 56 456
49 56 456
50 56 456
39 51 457
40 51 457
41 51 457
42 51 457
43 51 457
44 51 457
45 51 457
46 51 457
47 51 457
48 51 457
49 51 457
50 51 457
39 52 458
40 52 458
41 52 458
42 52 458
43 52 458
44 52 458
45 52 458
46 52 458
47 52 458
48 52 458
49 52 458
50 52 458
39 53 459
40 53 459
41 53 459
42 53 459
43 53 459
44 53 459
45 53 459
46 53 459
47 53 459
48 53 459
49 53 459
50 53 459
39 54 460
40 54 460
41 54 460
42 54 460
43 54 460
44 54 460
45 54 460
46 54 460
47 54 460
48 54 460
49 54 460
50 54 460
39 55 461
40 55 461
41 55 461
42 55 461
43 55 461
44 55 461
45 55 461
46 55 461
47 55 461
48 55 461
49 55 461
50 55 461
39 56 462
40 56 462
41 56 462
42 56 462
43 56 462
44 56 462
45 56 462
46 56 462
47 56 462
48 56 462
49 56 462
50 56 462
39 51 463
40 51 463
41 51 463
42 51 463
43 51 463
44 51 463
45 51 463
46 51 463
47 51 463
48 51 463
49 51 463
50 51 463
39 52 464
40 52 464
41 52 464
42 52 464
43 52 464
44 52 464
45 52 464
46 52 464
47 52 464
48 52 464
49 52 464
50 52 464
39 53 465
40 53 465
41 53 465
42 53 465
43 53 465
44 53 465
45 53 465
46 53 465
47 53 465
48 53 465
49 53 465
50 53 465
39 54 466
40 54 466
41 54 466
42 54 466
43 54 466
44 54 466
45 54 466
46 54 466
47 54 466
48 54 466
49 54 466
50 54 466
39 55 467
40 55 467
41 55 467
42 55 467
43 55 467
44 55 467
45 55 467
46 55 467
47 55 467
48 55 467
49 55 467
50 55 467
39 56 468
40 56 468
41 56 468
42 56 468
43 56 468
44 56 468
45 56 468
46 56 468
47 56 468
48 56 468
49 56 468
50 56 468
39 51 469
40 51 469
41 51 469
42 51 469
43 51 469
44 51 469
45 51 469
46 51 469
47 51 469
48 51 469
49 51 469
50 51 469
39 52 470
40 52 470
41 52 470
42 52 470
43 52 470
44 52 470
45 52 470
46 52 470
47 52 470
48 52 470
49 52 470
50 52 470
39 53 471
40 53 471
41 53 471
42 53 471
43 53 471
44 53 471
45 53 471
46 53 471
47 53 471
48 53 471
49 53 471
50 53 471
39 54 472
40 54 472
41 54 472
42 54 472
43 54 472
44 54 472
45 54 472
46 54 472
47 54 472
48 54 472
49 54 472
50 54 472
39 55 473
40 55 473
41 55 473
42 55 473
43 55 473
44 55 473
45 55 473
46 55 473
47 55 473
48 55 473
49 55 473
50 55 473
39 56 474
40 56 474
41 56 474
42 56 474
43 56 474
44 56 474
45 56 474
46 56 474
47 56 474
48 56 474
49 56 474
50 56 474
39 51 475
40 51 475
41 51 475
42 51 475
43 51 475
44 51 475
45 51 475
46 51 475
47 51 475
48 51 475
49 51 475
50 51 475
39 52 476
40 52 476
41 52 476
42 52 476
43 52 476
44 52 476
45 52 476
46 52 476
47 52 476
48 52 476
49 52 476
50 52 476
39 53 477
40 53 477
41 53 477
42 53 477
43 53 477
44 53 477
45 53 477
46 53 477
47 53 477
48 53 477
49 53 477
50 53 477
39 54 478
40 54 478
41 54 478
42 54 478
43 54 478
44 54 478
45 54 478
46 54 478
47 54 478
48 54 478
49 54 478
50 54 478
39 55 479
40 55 479
41 55 479
42 55 479
43 55 479
44 55 479
45 55 479
46 55 479
47 55 479
48 55 479
49 55 479
50 55 479
39 56 480
40 56 480
41 56 480
42 56 480
43 56 480
44 56 480
45 56 480
46 56 480
47 56 480
48 56 480
49 56 480
50 56 480
39 51 481
40 51 481
41 51 481
42 51 481
43 51 481
44 51 481
45 51 481
46 51 481
47 51 481
48 51 481
49 51 481
50 51 481
39 52 482
40 52 482
41 52 482
42 52 482
43 52 482
44 52 482
45 52 482
46 52 482
47 52 482
48 52 482
49 52 482
50 52 482
39 53 483
40 53 483
41 53 483
42 53 483
43 53 483
44 53 483
45 53 483
46 53 483
47 53 483
48 53 483
49 53 483
50 53 483
39 54 484
40 54 484
41 54 484
42 54 484
43 54 484
44 54 484
45 54 484
46 54 484
47 54 484
48 54 484
49 54 484
50 54 484
39 55 485
40 55 485
41 55 485
42 55 485
43 55 485
44 55 485
45 55 485
46 55 485
47 55 485
48 55 485
49 55 485
50 55 485
39 56 486
40 56 486
41 56 486
42 56 486
43 56 486
44 56 486
45 56 486
46 56 486
47 56 486
48 56 486
49 56 486
50 56 486
39 51 487
40 51 487
41 51 487
42 51 487
43 51 487
44 51 487
45 51 487
46 51 487
47 51 487
48 51 487
49 51 487
50 51 487
39 52 488
40 52 488
41 52 488
42 52 488
43 52 488
44 52 488
45 52 488
46 52 488
47 52 488
48 52 488
49 52 488
50 52 488
39 53 489
40 53 489
41 53 489
42 53 489
43 53 489
44 53 489
45 53 489
46 53 489
47 53 489
48 53 489
49 53 489
50 53 489
39 54 490
40 54 490
41 54 490
42 54 490
43 54 490
44 54 490
45 54 490
46 54 490
47 54 490
48 54 490
49 54 490
50 54 490
39 55 491
40 55 491
41 55 491
42 55 491
43 55 491
44 55 491
45 55 491
46 55 491
47 55 491
48 55 491
49 55 491
50 55 491
39 56 492
40 56 492
41 56 492
42 56 492
43 56 492
44 56 492
45 56 492
46 56 492
47 56 492
48 56 492
49 56 492
50 56 492
39 51 493
40 51 493
41 51 493
42 51 493
43 51 493
44 51 493
45 51 493
46 51 493
47 51 493
48 51 493
49 51 493
50 51 493
39 52 494
40 52 494
41 52 494
42 52 494
43 52 494
44 52 494
45 52 494
46 52 494
47 52 494
48 52 494
49 52 494
50 52 494
39 53 495
40 53 495
41 53 495
42 53 495
43 53 495
44 53 495
45 53 495
46 53 495
47 53 495
48 53 495
49 53 495
50 53 495
39 54 496
40 54 496
41 54 496
42 54 496
43 54 496
44 54 496
45 54 496
46 54 496
47 54 496
48 54 496
49 54 496
50 54 496
39 55 497
40 55 497
41 55 497
42 55 497
43 55 497
44 55 497
45 55 497
46 55 497
47 55 497
48 55 497
49 55 497
50 55 497
39 56 498
40 56 498
41 56 498
42 56 498
43 56 498
44 56 498
45 56 498
46 56 498
47 56 498
48 56 498
49 56 498
50 56 498
39 51 499
40 51 499
41 51 499
42 51 499
43 51 499
44 51 499
45 51 499
46 51 499
47 51 499
48 51 499
49 51 499
50 51 499
39 52 500
40 52 500
41 52 500
42 52 500
43 52 500
44 52 500
45 52 500
46 52 500
47 52 500
48 52 500
49 52 500
50 52 500
39 53 501
40 53 501
41 53 501
42 53 501
43 53 501
44 53 501
45 53 501
46 53 501
47 53 501
48 53 501
49 53 501
50 53 501
39 54 502
40 54 502
41 54 502
42 54 502
43 54 502
44 54 502
45 54 502
46 54 502
47 54 502
48 54 502
49 54 502
50 54 502
39 55 503
40 55 503
41 55 503
42 55 503
43 55 503
44 55 503
45 55 503
46 55 503
47 55 503
48 55 503
49 55 503
50 55 503
39 56 504
40 56 504
41 56 504
42 56 504
43 56 504
44 56 504
45 56 504
46 56 504
47 56 504
48 56 504
49 56 504
50 56 504
39 51 505
40 51 505
41 51 505
42 51 505
43 51 505
44 51 505
45 51 505
46 51 505
47 51 505
48 51 505
49 51 505
50 51 505
39 52 506
40 52 506
41 52 506
42 52 506
43 52 506
44 52 506
45 52 506
46 52 506
47 52 506
48 52 506
49 52 506
50 52 506
39 53 507
40 53 507
41 53 507
42 53 507
43 53 507
44 53 507
45 53 507
46 53 507
47 53 507
48 53 507
49 53 507
50 53 507
39 54 508
40 54 508
41 54 508
42 54 508
43 54 508
44 54 508
45 54 508
46 54 508
47 54 508
48 54 508
49 54 508
50 54 508
39 55 509
40 55 509
41 55 509
42 55 509
43 55 509
44 55 509
45 55 509
46 55 509
47 55 509
48 55 509
49 55 509
50 55 509
39 56 510
40 56 510
41 56 510
42 56 510
43 56 510
44 56 510
45 56 510
46 56 510
47 56 510
48 56 510
49 56 510
50 56 510
39 51 511
40 51 511
41 51 511
42 51 511
43 51 511
44 51 511
45 51 511
46 51 511
47 51 511
48 51 511
49 51 511
50 51 511
39 52 512
40 52 512
41 52 512
42 52 512
43 52 512
44 52 512
45 52 512
46 52 512
47 52 512
48 52 512
49 52 512
50 52 512
39 53 513
40 53 513
41 53 513
42 53 513
43 53 513
44 53 513
45 53 513
46 53 513
47 53 513
48 53 513
49 53 513
50 53 513
39 54 514
40 54 514
41 54 514
42 54 514
43 54 514
44 54 514
45 54 514
46 54 514
47 54 514
48 54 514
49 54 514
50 54 514
39 55 515
40 55 515
41 55 515
42 55 515
43 55 515
44 55 515
45 55 515
46 55 515
47 55 515
48 55 515
49 55 515
50 55 515
39 56 516
40 56 516
41 56 516
42 56 516
43 56 516
44 56 516
45 56 516
46 56 516
47 56 516
48 56 516
49 56 516
50 56 516
39 51 517
40 51 517
41 51 517
42 51 517
43 51 517
44 51 517
45 51 517
46 51 517
47 51 517
48 51 517
49 51 517
50 51 517
39 52 518
40 52 518
41 52 518
42 52 518
43 52 518
44 52 518
45 52 518
46 52 518
47 52 518
48 52 518
49 52 518
50 52 518
39 53 519
40 53 519
41 53 519
42 53 519
43 53 519
44 53 519
45 53 519
46 53 519
47 53 519
48 53 519
49 53 519
50 53 519
39 54 520
40 54 520
41 54 520
42 54 520
43 54 520
44 54 520
45 54 520
46 54 520
47 54 520
48 54 520
49 54 520
50 54 520
39 55 521
40 55 521
41 55 521
42 55 521
43 55 521
44 55 521
45 55 521
46 55 521
47 55 521
48 55 521
49 55 521
50 55 521
39 56 522
40 56 522
41 56 522
42 56 522
43 56 522
44 56 522
45 56 522
46 56 522
47 56 522
48 56 522
49 56 522
50 56 522
39 51 523
40 51 523
41 51 523
42 51 523
43 51 523
44 51 523
45 51 523
46 51 523
47 51 523
48 51 523
49 51 523
50 51 523
39 52 524
40 52 524
41 52 524
42 52 524
43 52 524
44 52 524
45 52 524
46 52 524
47 52 524
48 52 524
49 52 524
50 52 524
39 53 525
40 53 525
41 53 525
42 53 525
43 53 525
44 53 525
45 53 525
46 53 525
47 53 525
48 53 525
49 53 525
50 53 525
39 54 526
40 54 526
41 54 526
42 54 526
43 54 526
44 54 526
45 54 526
46 54 526
47 54 526
48 54 526
49 54 526
50 54 526
39 55 527
40 55 527
41 55 527
42 55 527
43 55 527
44 55 527
45 55 527
46 55 527
47 55 527
48 55 527
49 55 527
50 55 527
39 56 528
40 56 528
41 56 528
42 56 528
43 56 528
44 56 528
45 56 528
46 56 528
47 56 528
48 56 528
49 56 528
50 56 528
39 51 529
40 51 529
41 51 529
42 51 529
43 51 529
44 51 529
45 51 529
46 51 529
47 51 529
48 51 529
49 51 529
50 51 529
39 52 530
40 52 530
41 52 530
42 52 530
43 52 530
44 52 530
45 52 530
46 52 530
47 52 530
48 52 530
49 52 530
50 52 530
39 53 531
40 53 531
41 53 531
42 53 531
43 53 531
44 53 531
45 53 531
46 53 531
47 53 531
48 53 531
49 53 531
50 53 531
39 54 532
40 54 532
41 54 532
42 54 532
43 54 532
44 54 532
45 54 532
46 54 532
47 54 532
48 54 532
49 54 532
50 54 532
39 55 533
40 55 533
41 55 533
42 55 533
43 55 533
44 55 533
45 55 533
46 55 533
47 55 533
48 55 533
49 55 533
50 55 533
39 56 534
40 56 534
41 56 534
42 56 534
43 56 534
44 56 534
45 56 534
46 56 534
47 56 534
48 56 534
49 56 534
50 56 534
39 51 535
40 51 535
41 51 535
42 51 535
43 51 535
44 51 535
45 51 535
46 51 535
47 51 535
48 51 535
49 51 535
50 51 535
39 52 536
40 52 536
41 52 536
42 52 536
43 52 536
44 52 536
45 52 536
46 52 536
47 52 536
48 52 536
49 52 536
50 52 536
39 53 537
40 53 537
41 53 537
42 53 537
43 53 537
44 53 537
45 53 537
46 53 537
47 53 537
48 53 537
49 53 537
50 53 537
39 54 538
40 54 538
41 54 538
42 54 538
43 54 538
44 54 538
45 54 538
46 54 538
47 54 538
48 54 538
49 54 538
50 54 538
39 55 539
40 55 539
41 55 539
42 55 539
43 55 539
44 55 539
45 55 539
46 55 539
47 55 539
48 55 539
49 55 539
50 55 539
39 56 540
40 56 540
41 56 540
42 56 540
43 56 540
44 56 540
45 56 540
46 56 540
47 56 540
48 56 540
49 56 540
50 56 540
39 51 541
40 51 541
41 51 541
42 51 541
43 51 541
44 51 541
45 51 541
46 51 541
47 51 541
48 51 541
49 51 541
50 51 541
39 52 542
40 52 542
41 52 542
42 52 542
43 52 542
44 52 542
45 52 542
46 52 542
47 52 542
48 52 542
49 52 542
50 52 542
39 53 543
40 53 543
41 53 543
42 53 543
43 53 543
44 53 543
45 53 543
46 53 543
47 53 543
48 53 543
49 53 543
50 53 543
39 54 544
40 54 544
41 54 544
42 54 544
43 54 544
44 54 544
45 54 544
46 54 544
47 54 544
48 54 544
49 54 544
50 54 544
39 55 545
40 55 545
41 55 545
42 55 545
43 55 545
44 55 545
45 55 545
46 55 545
47 55 545
48 55 545
49 55 545
50 55 545
39 56 546
40 56 546
41 56 546
42 56 546
43 56 546
44 56 546
45 56 546
46 56 546
47 56 546
48 56 546
49 56 546
50 56 546
39 51 547
40 51 547
41 51 547
42 51 547
43 51 547
44 51 547
45 51 547
46 51 547
47 51 547
48 51 547
49 51 547
50 51 547
39 52 548
40 52 548
41 52 548
42 52 548
43 52 548
44 52 548
45 52 548
46 52 548
47 52 548
48 52 548
49 52 548
50 52 548
39 53 549
40 53 549
41 53 549
42 53 549
43 53 549
44 53 549
45 53 549
46 53 549
47 53 549
48 53 549
49 53 549
50 53 549
39 54 550
40 54 550
41 54 550
42 54 550
43 54 550
44 54 550
45 54 550
46 54 550
47 54 550
48 54 550
49 54 550
50 54 550
39 55 551
40 55 551
41 55 551
42 55 551
43 55 551
44 55 551
45 55 551
46 55 551
47 55 551
48 55 551
49 55 551
50 55 551
39 56 552
40 56 552
41 56 552
42 56 552
43 56 552
44 56 552
45 56 552
46 56 552
47 56 552
48 56 552
49 56 552
50 56 552
39 51 553
40 51 553
41 51 553
42 51 553
43 51 553
44 51 553
45 51 553
46 51 553
47 51 553
48 51 553
49 51 553
50 51 553
39 52 554
40 52 554
41 52 554
42 52 554
43 52 554
44 52 554
45 52 554
46 52 554
47 52 554
48 52 554
49 52 554
50 52 554
39 53 555
40 53 555
41 53 555
42 53 555
43 53 555
44 53 555
45 53 555
46 53 555
47 53 555
48 53 555
49 53 555
50 53 555
39 54 556
40 54 556
41 54 556
42 54 556
43 54 556
44 54 556
45 54 556
46 54 556
47 54 556
48 54 556
49 54 556
50 54 556
39 55 557
40 55 557
41 55 557
42 55 557
43 55 557
44 55 557
45 55 557
46 55 557
47 55 557
48 55 557
49 55 557
50 55 557
39 56 558
40 56 558
41 56 558
42 56 558
43 56 558
44 56 558
45 56 558
46 56 558
47 56 558
48 56 558
49 56 558
50 56 558
39 51 559
40 51 559
41 51 559
42 51 559
43 51 559
44 51 559
45 51 559
46 51 559
47 51 559
48 51 559
49 51 559
50 51 559
39 52 560
40 52 560
41 52 560
42 52 560
43 52 560
44 52 560
45 52 560
46 52 560
47 52 560
48 52 560
49 52 560
50 52 560
39 53 561
40 53 561
41 53 561
42 53 561
43 53 561
44 53 561
45 53 561
46 53 561
47 53 561
48 53 561
49 53 561
50 53 561
39 54 562
40 54 562
41 54 562
42 54 562
43 54 562
44 54 562
45 54 562
46 54 562
47 54 562
48 54 562
49 54 562
50 54 562
39 55 563
40 55 563
41 55 563
42 55 563
43 55 563
44 55 563
45 55 563
46 55 563
47 55 563
48 55 563
49 55 563
50 55 563
39 56 564
40 56 564
41 56 564
42 56 564
43 56 564
44 56 564
45 56 564
46 56 564
47 56 564
48 56 564
49 56 564
50 56 564
39 51 565
40 51 565
41 51 565
42 51 565
43 51 565
44 51 565
45 51 565
46 51 565
47 51 565
48 51 565
49 51 565
50 51 565
39 52 566
40 52 566
41 52 566
42 52 566
43 52 566
44 52 566
45 52 566
46 52 566
47 52 566
48 52 566
49 52 566
50 52 566
39 53 567
40 53 567
41 53 567
42 53 567
43 53 567
44 53 567
45 53 567
46 53 567
47 53 567
48 53 567
49 53 567
50 53 567
39 54 568
40 54 568
41 54 568
42 54 568
43 54 568
44 54 568
45 54 568
46 54 568
47 54 568
48 54 568
49 54 568
50 54 568
39 55 569
40 55 569
41 55 569
42 55 569
43 55 569
44 55 569
45 55 569
46 55 569
47 55 569
48 55 569
49 55 569
50 55 569
39 56 570
40 56 570
41 56 570
42 56 570
43 56 570
44 56 570
45 56 570
46 56 570
47 56 570
48 56 570
49 56 570
50 56 570
39 51 571
40 51 571
41 51 571
42 51 571
43 51 571
44 51 571
45 51 571
46 51 571
47 51 571
48 51 571
49 51 571
50 51 571
39 52 572
40 52 572
41 52 572
42 52 572
43 52 572
44 52 572
45 52 572
46 52 572
47 52 572
48 52 572
49 52 572
50 52 572
39 53 573
40 53 573
41 53 573
42 53 573
43 53 573
44 53 573
45 53 573
46 53 573
47 53 573
48 53 573
49 53 573
50 53 573
39 54 574
40 54 574
41 54 574
42 54 574
43 54 574
44 54 574
45 54 574
46 54 574
47 54 574
48 54 574
49 54 574
50 54 574
39 55 575
40 55 575
41 55 575
42 55 575
43 55 575
44 55 575
45 55 575
46 55 575
47 55 575
48 55 575
49 55 575
50 55 575
39 56 576
40 56 576
41 56 576
42 56 576
43 56 576
44 56 576
45 56 576
46 56 576
47 56 576
48 56 576
49 56 576
50 56 576
39 51 577
40 51 577
41 51 577
42 51 577
43 51 577
44 51 577
45 51 577
46 51 577
47 51 577
48 51 577
49 51 577
50 51 577
39 52 578
40 52 578
41 52 578
42 52 578
43 52 578
44 52 578
45 52 578
46 52 578
47 52 578
48 52 578
49 52 578
50 52 578
39 53 579
40 53 579
41 53 579
42 53 579
43 53 579
44 53 579
45 53 579
46 53 579
47 53 579
48 53 579
49 53 579
50 53 579
39 54 580
40 54 580
41 54 580
42 54 580
43 54 580
44 54 580
45 54 580
46 54 580
47 54 580
48 54 580
49 54 580
50 54 580
39 55 581
40 55 581
41 55 581
42 55 581
43 55 581
44 55 581
45 55 581
46 55 581
47 55 581
48 55 581
49 55 581
50 55 581
39 56 582
40 56 582
41 56 582
42 56 582
43 56 582
44 56 582
45 56 582
46 56 582
47 56 582
48 56 582
49 56 582
50 56 582
39 51 583
40 51 583
41 51 583
42 51 583
43 51 583
44 51 583
45 51 583
46 51 583
47 51 583
48 51 583
49 51 583
50 51 583
39 52 584
40 52 584
41 52 584
42 52 584
43 52 584
44 52 584
45 52 584
46 52 584
47 52 584
48 52 584
49 52 584
50 52 584
39 53 585
40 53 585
41 53 585
42 53 585
43 53 585
44 53 585
45 53 585
46 53 585
47 53 585
48 53 585
49 53 585
50 53 585
39 54 586
40 54 586
41 54 586
42 54 586
43 54 586
44 54 586
45 54 586
46 54 586
47 54 586
48 54 586
49 54 586
50 54 586
39 55 587
40 55 587
41 55 587
42 55 587
43 55 587
44 55 587
45 55 587
46 55 587
47 55 587
48 55 587
49 55 587
50 55 587
39 56 588
40 56 588
41 56 588
42 56 588
43 56 588
44 56 588
45 56 588
46 56 588
47 56 588
48 56 588
49 56 588
50 56 588
39 51 589
40 51 589
41 51 589
42 51 589
43 51 589
44 51 589
45 51 589
46 51 589
47 51 589
48 51 589
49 51 589
50 51 589
39 52 590
40 52 590
41 52 590
42 52 590
43 52 590
44 52 590
45 52 590
46 52 590
47 52 590
48 52 590
49 52 590
50 52 590
39 53 591
40 53 591
41 53 591
42 53 591
43 53 591
44 53 591
45 53 591
46 53 591
47 53 591
48 53 591
49 53 591
50 53 591
39 54 592
40 54 592
41 54 592
42 54 592
43 54 592
44 54 592
45 54 592
46 54 592
47 54 592
48 54 592
49 54 592
50 54 592
39 55 593
40 55 593
41 55 593
42 55 593
43 55 593
44 55 593
45 55 593
46 55 593
47 55 593
48 55 593
49 55 593
50 55 593
39 56 594
40 56 594
41 56 594
42 56 594
43 56 594
44 56 594
45 56 594
46 56 594
47 56 594
48 56 594
49 56 594
50 56 594
