11 10 1
12 10 1
13 10 1
14 10 1
15 10 1
16 10 1
17 10 1
18 10 1
11 10 2
12 10 2
13 10 2
14 10 2
15 10 2
16 10 2
17 10 2
18 10 2
11 10 3
12 10 3
13 10 3
14 10 3
15 10 3
16 10 3
17 10 3
18 10 3
11 10 4
12 10 4
13 10 4
14 10 4
15 10 4
16 10 4
17 10 4
18 10 4
11 10 5
12 10 5
13 10 5
14 10 5
15 10 5
16 10 5
17 10 5
18 10 5
11 10 6
12 10 6
13 10 6
14 10 6
15 10 6
16 10 6
17 10 6
18 10 6
11 10 7
12 10 7
13 10 7
14 10 7
15 10 7
16 10 7
17 10 7
18 10 7
11 10 8
12 10 8
13 10 8
14 10 8
15 10 8
16 10 8
17 10 8
18 10 8
11 10 9
12 10 9
13 10 9
14 10 9
15 10 9
16 10 9
17 10 9
18 10 9
11 10 10
12 10 10
13 10 10
14 10 10
15 10 10
16 10 10
17 10 10
18 10 10
11 10 11
12 10 11
13 10 11
14 10 11
15 10 11
16 10 11
17 10 11
18 10 11
11 10 12
12 10 12
13 10 12
14 10 12
15 10 12
16 10 12
17 10 12
18 10 12
11 10 13
12 10 13
13 10 13
14 10 13
15 10 13
16 10 13
17 10 13
18 10 13
11 10 14
12 10 14
13 10 14
14 10 14
15 10 14
16 10 14
17 10 14
18 10 14
11 10 15
12 10 15
13 10 15
14 10 15
15 10 15
16 10 15
17 10 15
18 10 15
11 10 16
12 10 16
13 10 16
14 10 16
15 10 16
16 10 16
17 10 16
18 10 16
11 10 17
12 10 17
13 10 17
14 10 17
15 10 17
16 10 17
17 10 17
18 10 17
11 10 18
12 10 18
13 10 18
14 10 18
15 10 18
16 10 18
17 10 18
18 10 18
11 10 19
12 10 19
13 10 19
14 10 19
15 10 19
16 10 19
17 10 19
18 10 19
11 10 20
12 10 20
13 10 20
14 10 20
15 10 20
16 10 20
17 10 20
18 10 20
11 10 21
12 10 21
13 10 21
14 10 21
15 10 21
16 10 21
17 10 21
18 10 21
11 10 22
12 10 22
13 10 22
14 10 22
15 10 22
16 10 22
17 10 22
18 10 22
11 10 23
12 10 23
13 10 23
14 10 23
15 10 23
16 10 23
17 10 23
18 10 23
11 10 24
12 10 24
13 10 24
14 10 24
15 10 24
16 10 24
17 10 24
18 10 24
11 10 25
12 10 25
13 10 25
14 10 25
15 10 25
16 10 25
17 10 25
18 10 25
11 10 26
12 10 26
13 10 26
14 10 26
15 10 26
16 10 26
17 10 26
18 10 26
11 10 27
12 10 27
13 10 27
14 10 27
15 10 27
16 10 27
17 10 27
18 10 27
11 10 28
12 10 28
13 10 28
14 10 28
15 10 28
16 10 28
17 10 28
18 10 28
11 10 29
12 10 29
13 10 29
14 10 29
15 10 29
16 10 29
17 10 29
18 10 29
11 10 30
12 10 30
13 10 30
14 10 30
15 10 30
16 10 30
17 10 30
18 10 30
11 10 31
12 10 31
13 10 31
14 10 31
15 10 31
16 10 31
17 10 31
18 10 31
11 10 32
12 10 32
13 10 32
14 10 32
15 10 32
16 10 32
17 10 32
18 10 32
11 10 33
12 10 33
13 10 33
14 10 33
15 10 33
16 10 33
17 10 33
18 10 33
11 10 34
12 10 34
13 10 34
14 10 34
15 10 34
16 10 34
17 10 34
18 10 34
