4 10 1
4 11 2
4 12 3
4 10 4
4 11 5
4 12 6
4 10 7
4 11 8
4 12 9
4 10 10
4 11 11
4 12 12
4 10 13
4 11 14
4 12 15
4 10 16
4 11 17
4 12 18
4 10 19
4 11 20
4 12 21
4 10 22
4 11 23
4 12 24
4 10 25
4 11 26
4 12 27
4 10 28
4 11 29
4 12 30
4 10 31
4 11 32
4 12 33
4 10 34
4 11 35
4 12 36
4 10 37
4 11 38
4 12 39
4 10 40
4 11 41
4 12 42
4 10 43
4 11 44
4 12 45
4 10 46
4 11 47
4 12 48
4 10 49
4 11 50
4 12 51
4 10 52
4 11 53
4 12 54
4 10 55
4 11 56
4 12 57
4 10 58
4 11 59
4 12 60
4 10 61
4 11 62
4 12 63
4 10 64
4 11 65
4 12 66
4 10 67
4 11 68
4 12 69
4 10 70
4 11 71
4 12 72
4 10 73
4 11 74
4 12 75
4 10 76
4 11 77
4 12 78
4 10 79
4 11 80
4 12 81
4 10 82
4 11 83
4 12 84
4 10 85
4 11 86
4 12 87
4 10 88
4 11 89
4 12 90
4 10 91
4 11 92
4 12 93
4 10 94
4 11 95
4 12 96
4 10 97
4 11 98
4 12 99
4 10 100
4 11 101
4 12 102
4 10 103
4 11 104
4 12 105
4 10 106
4 11 107
4 12 108
4 10 109
4 11 110
4 12 111
4 10 112
4 11 113
4 12 114
4 10 115
4 11 116
4 12 117
4 10 118
4 11 119
4 12 120
4 10 121
4 11 122
4 12 123
4 10 124
4 11 125
4 12 126
4 10 127
4 11 128
4 12 129
4 10 130
4 11 131
4 12 132
4 10 133
4 11 134
4 12 135
4 10 136
4 11 137
4 12 138
4 10 139
4 11 140
4 12 141
4 10 142
4 11 143
4 12 144
4 10 145
4 11 146
4 12 147
4 10 148
4 11 149
4 12 150
4 10 151
4 11 152
4 12 153
4 10 154
4 11 155
4 12 156
4 10 157
4 11 158
4 12 159
4 10 160
4 11 161
4 12 162
4 10 163
4 11 164
4 12 165
4 10 166
4 11 167
4 12 168
4 10 169
4 11 170
4 12 171
4 10 172
4 11 173
4 12 174
4 10 175
4 11 176
4 12 177
4 10 178
4 11 179
4 12 180
4 10 181
4 11 182
4 12 183
4 10 184
4 11 185
4 12 186
4 10 187
4 11 188
4 12 189
4 10 190
4 11 191
4 12 192
4 10 193
4 11 194
4 12 195
4 10 196
4 11 197
4 12 198
4 10 199
4 11 200
4 12 201
4 10 202
4 11 203
4 12 204
4 10 205
4 11 206
4 12 207
4 10 208
4 11 209
4 12 210
4 10 211
4 11 212
4 12 213
4 10 214
4 11 215
4 12 216
4 10 217
4 11 218
4 12 219
4 10 220
4 11 221
4 12 222
4 10 223
4 11 224
4 12 225
4 10 226
4 11 227
4 12 228
4 10 229
4 11 230
4 12 231
4 10 232
4 11 233
4 12 234
4 10 235
4 11 236
4 12 237
4 10 238
4 11 239
4 12 240
4 10 241
4 11 242
4 12 243
4 10 244
4 11 245
4 12 246
4 10 247
4 11 248
4 12 249
4 10 250
4 11 251
4 12 252
4 10 253
4 11 254
4 12 255
4 10 256
4 11 257
4 12 258
4 10 259
4 11 260
4 12 261
4 10 262
4 11 263
4 12 264
4 10 265
4 11 266
4 12 267
4 10 268
4 11 269
4 12 270
4 10 271
4 11 272
4 12 273
4 10 274
4 11 275
4 12 276
4 10 277
4 11 278
4 12 279
4 10 280
4 11 281
4 12 282
4 10 283
4 11 284
4 12 285
4 10 286
4 11 287
4 12 288
4 10 289
4 11 290
4 12 291
4 10 292
4 11 293
4 12 294
4 10 295
4 11 296
4 12 297
4 10 298
4 11 299
4 12 300
4 10 301
4 11 302
4 12 303
4 10 304
4 11 305
4 12 306
