6 10 1
6 11 2
6 12 3
6 10 4
6 11 5
6 12 6
6 10 7
6 11 8
6 12 9
6 10 10
6 11 11
6 12 12
6 10 13
6 11 14
6 12 15
6 10 16
6 11 17
6 12 18
6 10 19
6 11 20
6 12 21
6 10 22
6 11 23
6 12 24
6 10 25
6 11 26
6 12 27
6 10 28
6 11 29
6 12 30
6 10 31
6 11 32
6 12 33
6 10 34
6 11 35
6 12 36
6 10 37
6 11 38
6 12 39
6 10 40
6 11 41
6 12 42
6 10 43
6 11 44
6 12 45
6 10 46
6 11 47
6 12 48
6 10 49
6 11 50
6 12 51
6 10 52
6 11 53
6 12 54
6 10 55
6 11 56
6 12 57
6 10 58
6 11 59
6 12 60
6 10 61
6 11 62
6 12 63
6 10 64
6 11 65
6 12 66
6 10 67
6 11 68
6 12 69
6 10 70
6 11 71
6 12 72
6 10 73
6 11 74
6 12 75
6 10 76
6 11 77
6 12 78
6 10 79
6 11 80
6 12 81
6 10 82
6 11 83
6 12 84
6 10 85
6 11 86
6 12 87
6 10 88
6 11 89
6 12 90
6 10 91
6 11 92
6 12 93
6 10 94
6 11 95
6 12 96
6 10 97
6 11 98
6 12 99
6 10 100
6 11 101
6 12 102
6 10 103
6 11 104
6 12 105
6 10 106
6 11 107
6 12 108
6 10 109
6 11 110
6 12 111
6 10 112
6 11 113
6 12 114
6 10 115
6 11 116
6 12 117
6 10 118
6 11 119
6 12 120
6 10 121
6 11 122
6 12 123
6 10 124
6 11 125
6 12 126
6 10 127
6 11 128
6 12 129
6 10 130
6 11 131
6 12 132
6 10 133
6 11 134
6 12 135
6 10 136
6 11 137
6 12 138
6 10 139
6 11 140
6 12 141
6 10 142
6 11 143
6 12 144
6 10 145
6 11 146
6 12 147
6 10 148
6 11 149
6 12 150
6 10 151
6 11 152
6 12 153
6 10 154
6 11 155
6 12 156
6 10 157
6 11 158
6 12 159
6 10 160
6 11 161
6 12 162
6 10 163
6 11 164
6 12 165
6 10 166
6 11 167
6 12 168
6 10 169
6 11 170
6 12 171
6 10 172
6 11 173
6 12 174
6 10 175
6 11 176
6 12 177
6 10 178
6 11 179
6 12 180
6 10 181
6 11 182
6 12 183
6 10 184
6 11 185
6 12 186
6 10 187
6 11 188
6 12 189
6 10 190
6 11 191
6 12 192
6 10 193
6 11 194
6 12 195
6 10 196
6 11 197
6 12 198
6 10 199
6 11 200
6 12 201
6 10 202
6 11 203
6 12 204
6 10 205
6 11 206
6 12 207
6 10 208
6 11 209
6 12 210
6 10 211
6 11 212
6 12 213
6 10 214
6 11 215
6 12 216
6 10 217
6 11 218
6 12 219
6 10 220
6 11 221
6 12 222
6 10 223
6 11 224
6 12 225
6 10 226
6 11 227
6 12 228
6 10 229
6 11 230
6 12 231
6 10 232
6 11 233
6 12 234
6 10 235
6 11 236
6 12 237
6 10 238
6 11 239
6 12 240
6 10 241
6 11 242
6 12 243
6 10 244
6 11 245
6 12 246
6 10 247
6 11 248
6 12 249
6 10 250
6 11 251
6 12 252
6 10 253
6 11 254
6 12 255
6 10 256
6 11 257
6 12 258
6 10 259
6 11 260
6 12 261
6 10 262
6 11 263
6 12 264
6 10 265
6 11 266
6 12 267
6 10 268
6 11 269
6 12 270
6 10 271
6 11 272
6 12 273
6 10 274
6 11 275
6 12 276
6 10 277
6 11 278
6 12 279
6 10 280
6 11 281
6 12 282
6 10 283
6 11 284
6 12 285
6 10 286
6 11 287
6 12 288
6 10 289
6 11 290
6 12 291
6 10 292
6 11 293
6 12 294
6 10 295
6 11 296
6 12 297
6 10 298
6 11 299
6 12 300
6 10 301
6 11 302
6 12 303
6 10 304
6 11 305
6 12 306
