7 10 1
7 11 2
7 12 3
7 13 4
7 14 5
7 15 6
7 16 7
7 17 8
7 18 9
7 10 10
7 11 11
7 12 12
7 13 13
7 14 14
7 15 15
7 16 16
7 17 17
7 18 18
7 10 19
7 11 20
7 12 21
7 13 22
7 14 23
7 15 24
7 16 25
7 17 26
7 18 27
7 10 28
7 11 29
7 12 30
7 13 31
7 14 32
7 15 33
7 16 34
7 17 35
7 18 36
7 10 37
7 11 38
7 12 39
7 13 40
7 14 41
7 15 42
7 16 43
7 17 44
7 18 45
7 10 46
7 11 47
7 12 48
7 13 49
7 14 50
7 15 51
7 16 52
7 17 53
7 18 54
7 10 55
7 11 56
7 12 57
7 13 58
7 14 59
7 15 60
7 16 61
7 17 62
7 18 63
7 10 64
7 11 65
7 12 66
7 13 67
7 14 68
7 15 69
7 16 70
7 17 71
7 18 72
7 10 73
7 11 74
7 12 75
7 13 76
7 14 77
7 15 78
7 16 79
7 17 80
7 18 81
7 10 82
7 11 83
7 12 84
7 13 85
7 14 86
7 15 87
7 16 88
7 17 89
7 18 90
7 10 91
7 11 92
7 12 93
7 13 94
7 14 95
7 15 96
7 16 97
7 17 98
7 18 99
7 10 100
7 11 101
7 12 102
7 13 103
7 14 104
7 15 105
7 16 106
7 17 107
7 18 108
7 10 109
7 11 110
7 12 111
7 13 112
7 14 113
7 15 114
7 16 115
7 17 116
7 18 117
7 10 118
7 11 119
7 12 120
7 13 121
7 14 122
7 15 123
7 16 124
7 17 125
7 18 126
7 10 127
7 11 128
7 12 129
7 13 130
7 14 131
7 15 132
7 16 133
7 17 134
7 18 135
7 10 136
7 11 137
7 12 138
7 13 139
7 14 140
7 15 141
7 16 142
7 17 143
7 18 144
7 10 145
7 11 146
7 12 147
7 13 148
7 14 149
7 15 150
7 16 151
7 17 152
7 18 153
7 10 154
7 11 155
7 12 156
7 13 157
7 14 158
7 15 159
7 16 160
7 17 161
7 18 162
7 10 163
7 11 164
7 12 165
7 13 166
7 14 167
7 15 168
7 16 169
7 17 170
7 18 171
7 10 172
7 11 173
7 12 174
7 13 175
7 14 176
7 15 177
7 16 178
7 17 179
7 18 180
7 10 181
7 11 182
7 12 183
7 13 184
7 14 185
7 15 186
7 16 187
7 17 188
7 18 189
7 10 190
7 11 191
7 12 192
7 13 193
7 14 194
7 15 195
7 16 196
7 17 197
7 18 198
7 10 199
7 11 200
7 12 201
7 13 202
7 14 203
7 15 204
7 16 205
7 17 206
7 18 207
7 10 208
7 11 209
7 12 210
7 13 211
7 14 212
7 15 213
7 16 214
7 17 215
7 18 216
7 10 217
7 11 218
7 12 219
7 13 220
7 14 221
7 15 222
7 16 223
7 17 224
7 18 225
7 10 226
7 11 227
7 12 228
7 13 229
7 14 230
7 15 231
7 16 232
7 17 233
7 18 234
7 10 235
7 11 236
7 12 237
7 13 238
7 14 239
7 15 240
7 16 241
7 17 242
7 18 243
7 10 244
7 11 245
7 12 246
7 13 247
7 14 248
7 15 249
7 16 250
7 17 251
7 18 252
7 10 253
7 11 254
7 12 255
7 13 256
7 14 257
7 15 258
7 16 259
7 17 260
7 18 261
7 10 262
7 11 263
7 12 264
7 13 265
7 14 266
7 15 267
7 16 268
7 17 269
7 18 270
7 10 271
7 11 272
7 12 273
7 13 274
7 14 275
7 15 276
7 16 277
7 17 278
7 18 279
7 10 280
7 11 281
7 12 282
7 13 283
7 14 284
7 15 285
7 16 286
7 17 287
7 18 288
7 10 289
7 11 290
7 12 291
7 13 292
7 14 293
7 15 294
7 16 295
7 17 296
7 18 297
7 10 298
7 11 299
7 12 300
7 13 301
7 14 302
7 15 303
7 16 304
7 17 305
7 18 306
7 10 307
7 11 308
7 12 309
7 13 310
7 14 311
7 15 312
7 16 313
7 17 314
7 18 315
7 10 316
7 11 317
7 12 318
7 13 319
7 14 320
7 15 321
7 16 322
7 17 323
7 18 324
7 10 325
7 11 326
7 12 327
7 13 328
7 14 329
7 15 330
7 16 331
7 17 332
7 18 333
7 10 334
7 11 335
7 12 336
7 13 337
7 14 338
7 15 339
7 16 340
7 17 341
7 18 342
7 10 343
7 11 344
7 12 345
7 13 346
7 14 347
7 15 348
7 16 349
7 17 350
7 18 351
7 10 352
7 11 353
7 12 354
7 13 355
7 14 356
7 15 357
7 16 358
7 17 359
7 18 360
7 10 361
7 11 362
7 12 363
7 13 364
7 14 365
7 15 366
7 16 367
7 17 368
7 18 369
7 10 370
7 11 371
7 12 372
7 13 373
7 14 374
7 15 375
7 16 376
7 17 377
7 18 378
7 10 379
7 11 380
7 12 381
7 13 382
7 14 383
7 15 384
7 16 385
7 17 386
7 18 387
7 10 388
7 11 389
7 12 390
7 13 391
7 14 392
7 15 393
7 16 394
7 17 395
7 18 396
7 10 397
7 11 398
7 12 399
7 13 400
7 14 401
7 15 402
7 16 403
7 17 404
7 18 405
7 10 406
7 11 407
7 12 408
7 13 409
7 14 410
7 15 411
7 16 412
7 17 413
7 18 414
7 10 415
7 11 416
7 12 417
7 13 418
7 14 419
7 15 420
7 16 421
7 17 422
7 18 423
7 10 424
7 11 425
7 12 426
7 13 427
7 14 428
7 15 429
7 16 430
7 17 431
7 18 432
7 10 433
7 11 434
7 12 435
7 13 436
7 14 437
7 15 438
7 16 439
7 17 440
7 18 441
7 10 442
7 11 443
7 12 444
7 13 445
7 14 446
7 15 447
7 16 448
7 17 449
7 18 450
7 10 451
7 11 452
7 12 453
7 13 454
7 14 455
7 15 456
7 16 457
7 17 458
7 18 459
7 10 460
7 11 461
7 12 462
7 13 463
7 14 464
7 15 465
7 16 466
7 17 467
7 18 468
7 10 469
7 11 470
7 12 471
7 13 472
7 14 473
7 15 474
7 16 475
7 17 476
7 18 477
7 10 478
7 11 479
7 12 480
7 13 481
7 14 482
7 15 483
7 16 484
7 17 485
7 18 486
7 10 487
7 11 488
7 12 489
7 13 490
7 14 491
7 15 492
7 16 493
7 17 494
7 18 495
7 10 496
7 11 497
7 12 498
7 13 499
7 14 500
7 15 501
7 16 502
7 17 503
7 18 504
7 10 505
7 11 506
7 12 507
7 13 508
7 14 509
7 15 510
7 16 511
7 17 512
7 18 513
7 10 514
7 11 515
7 12 516
7 13 517
7 14 518
7 15 519
7 16 520
7 17 521
7 18 522
7 10 523
7 11 524
7 12 525
7 13 526
7 14 527
7 15 528
7 16 529
7 17 530
7 18 531
7 10 532
7 11 533
7 12 534
7 13 535
7 14 536
7 15 537
7 16 538
7 17 539
7 18 540
7 10 541
7 11 542
7 12 543
7 13 544
7 14 545
7 15 546
7 16 547
7 17 548
7 18 549
7 10 550
7 11 551
7 12 552
7 13 553
7 14 554
7 15 555
7 16 556
7 17 557
7 18 558
7 10 559
7 11 560
7 12 561
7 13 562
7 14 563
7 15 564
7 16 565
7 17 566
7 18 567
7 10 568
7 11 569
7 12 570
7 13 571
7 14 572
7 15 573
7 16 574
7 17 575
7 18 576
7 10 577
7 11 578
7 12 579
7 13 580
7 14 581
7 15 582
7 16 583
7 17 584
7 18 585
7 10 586
7 11 587
7 12 588
7 13 589
7 14 590
7 15 591
7 16 592
7 17 593
7 18 594
7 10 595
7 11 596
7 12 597
7 13 598
7 14 599
7 15 600
7 16 601
7 17 602
7 18 603
7 10 604
7 11 605
7 12 606
7 13 607
7 14 608
7 15 609
7 16 610
7 17 611
7 18 612
7 10 613
7 11 614
7 12 615
7 13 616
7 14 617
7 15 618
7 16 619
7 17 620
7 18 621
7 10 622
7 11 623
7 12 624
7 13 625
7 14 626
7 15 627
7 16 628
7 17 629
7 18 630
7 10 631
7 11 632
7 12 633
7 13 634
7 14 635
7 15 636
7 16 637
7 17 638
7 18 639
7 10 640
7 11 641
7 12 642
7 13 643
7 14 644
7 15 645
7 16 646
7 17 647
7 18 648
7 10 649
7 11 650
7 12 651
7 13 652
7 14 653
7 15 654
7 16 655
7 17 656
7 18 657
7 10 658
7 11 659
7 12 660
7 13 661
7 14 662
7 15 663
7 16 664
7 17 665
7 18 666
7 10 667
7 11 668
7 12 669
7 13 670
7 14 671
7 15 672
7 16 673
7 17 674
7 18 675
7 10 676
7 11 677
7 12 678
7 13 679
7 14 680
7 15 681
7 16 682
7 17 683
7 18 684
7 10 685
7 11 686
7 12 687
7 13 688
7 14 689
7 15 690
7 16 691
7 17 692
7 18 693
7 10 694
7 11 695
7 12 696
7 13 697
7 14 698
7 15 699
7 16 700
7 17 701
7 18 702
7 10 703
7 11 704
7 12 705
7 13 706
7 14 707
7 15 708
7 16 709
7 17 710
7 18 711
7 10 712
7 11 713
7 12 714
7 13 715
7 14 716
7 15 717
7 16 718
7 17 719
7 18 720
7 10 721
7 11 722
7 12 723
7 13 724
7 14 725
7 15 726
7 16 727
7 17 728
7 18 729
7 10 730
7 11 731
7 12 732
7 13 733
7 14 734
7 15 735
7 16 736
7 17 737
7 18 738
7 10 739
7 11 740
7 12 741
7 13 742
7 14 743
7 15 744
7 16 745
7 17 746
7 18 747
7 10 748
7 11 749
7 12 750
7 13 751
7 14 752
7 15 753
7 16 754
7 17 755
7 18 756
7 10 757
7 11 758
7 12 759
7 13 760
7 14 761
7 15 762
7 16 763
7 17 764
7 18 765
7 10 766
7 11 767
7 12 768
7 13 769
7 14 770
7 15 771
7 16 772
7 17 773
7 18 774
7 10 775
7 11 776
7 12 777
7 13 778
7 14 779
7 15 780
7 16 781
7 17 782
7 18 783
7 10 784
7 11 785
7 12 786
7 13 787
7 14 788
7 15 789
7 16 790
7 17 791
7 18 792
7 10 793
7 11 794
7 12 795
7 13 796
7 14 797
7 15 798
7 16 799
7 17 800
7 18 801
7 10 802
7 11 803
7 12 804
7 13 805
7 14 806
7 15 807
7 16 808
7 17 809
7 18 810
7 10 811
7 11 812
7 12 813
7 13 814
7 14 815
7 15 816
7 16 817
7 17 818
7 18 819
7 10 820
7 11 821
7 12 822
7 13 823
7 14 824
7 15 825
7 16 826
7 17 827
7 18 828
7 10 829
7 11 830
7 12 831
7 13 832
7 14 833
7 15 834
7 16 835
7 17 836
7 18 837
7 10 838
7 11 839
7 12 840
7 13 841
7 14 842
7 15 843
7 16 844
7 17 845
7 18 846
7 10 847
7 11 848
7 12 849
7 13 850
7 14 851
7 15 852
7 16 853
7 17 854
7 18 855
7 10 856
7 11 857
7 12 858
7 13 859
7 14 860
7 15 861
7 16 862
7 17 863
7 18 864
7 10 865
7 11 866
7 12 867
7 13 868
7 14 869
7 15 870
7 16 871
7 17 872
7 18 873
7 10 874
7 11 875
7 12 876
7 13 877
7 14 878
7 15 879
7 16 880
7 17 881
7 18 882
7 10 883
7 11 884
7 12 885
7 13 886
7 14 887
7 15 888
7 16 889
7 17 890
7 18 891
7 10 892
7 11 893
7 12 894
7 13 895
7 14 896
7 15 897
7 16 898
7 17 899
7 18 900
7 10 901
7 11 902
7 12 903
7 13 904
7 14 905
7 15 906
7 16 907
7 17 908
7 18 909
7 10 910
7 11 911
7 12 912
7 13 913
7 14 914
7 15 915
7 16 916
7 17 917
7 18 918
7 10 919
7 11 920
7 12 921
7 13 922
7 14 923
7 15 924
7 16 925
7 17 926
7 18 927
7 10 928
7 11 929
7 12 930
7 13 931
7 14 932
7 15 933
7 16 934
7 17 935
7 18 936
7 10 937
7 11 938
7 12 939
7 13 940
7 14 941
7 15 942
7 16 943
7 17 944
7 18 945
7 10 946
7 11 947
7 12 948
7 13 949
7 14 950
7 15 951
7 16 952
7 17 953
7 18 954
7 10 955
7 11 956
7 12 957
7 13 958
7 14 959
7 15 960
7 16 961
7 17 962
7 18 963
7 10 964
7 11 965
7 12 966
7 13 967
7 14 968
7 15 969
7 16 970
7 17 971
7 18 972
7 10 973
7 11 974
7 12 975
7 13 976
7 14 977
7 15 978
7 16 979
7 17 980
7 18 981
7 10 982
7 11 983
7 12 984
7 13 985
7 14 986
7 15 987
7 16 988
7 17 989
7 18 990
7 10 991
7 11 992
7 12 993
7 13 994
7 14 995
7 15 996
7 16 997
7 17 998
7 18 999
7 10 1000
7 11 1001
7 12 1002
7 13 1003
7 14 1004
7 15 1005
7 16 1006
7 17 1007
7 18 1008
7 10 1009
7 11 1010
7 12 1011
7 13 1012
7 14 1013
7 15 1014
7 16 1015
7 17 1016
7 18 1017
7 10 1018
7 11 1019
7 12 1020
7 13 1021
7 14 1022
7 15 1023
7 16 1024
7 17 1025
7 18 1026
7 10 1027
7 11 1028
7 12 1029
7 13 1030
7 14 1031
7 15 1032
7 16 1033
7 17 1034
7 18 1035
7 10 1036
7 11 1037
7 12 1038
7 13 1039
7 14 1040
7 15 1041
7 16 1042
7 17 1043
7 18 1044
7 10 1045
7 11 1046
7 12 1047
7 13 1048
7 14 1049
7 15 1050
7 16 1051
7 17 1052
7 18 1053
7 10 1054
7 11 1055
7 12 1056
7 13 1057
7 14 1058
7 15 1059
7 16 1060
7 17 1061
7 18 1062
7 10 1063
7 11 1064
7 12 1065
7 13 1066
7 14 1067
7 15 1068
7 16 1069
7 17 1070
7 18 1071
7 10 1072
7 11 1073
7 12 1074
7 13 1075
7 14 1076
7 15 1077
7 16 1078
7 17 1079
7 18 1080
7 10 1081
7 11 1082
7 12 1083
7 13 1084
7 14 1085
7 15 1086
7 16 1087
7 17 1088
7 18 1089
7 10 1090
7 11 1091
7 12 1092
7 13 1093
7 14 1094
7 15 1095
7 16 1096
7 17 1097
7 18 1098
7 10 1099
7 11 1100
7 12 1101
7 13 1102
7 14 1103
7 15 1104
7 16 1105
7 17 1106
7 18 1107
7 10 1108
7 11 1109
7 12 1110
7 13 1111
7 14 1112
7 15 1113
7 16 1114
7 17 1115
7 18 1116
7 10 1117
7 11 1118
7 12 1119
7 13 1120
7 14 1121
7 15 1122
7 16 1123
7 17 1124
7 18 1125
7 10 1126
7 11 1127
7 12 1128
7 13 1129
7 14 1130
7 15 1131
7 16 1132
7 17 1133
7 18 1134
7 10 1135
7 11 1136
7 12 1137
7 13 1138
7 14 1139
7 15 1140
7 16 1141
7 17 1142
7 18 1143
7 10 1144
7 11 1145
7 12 1146
7 13 1147
7 14 1148
7 15 1149
7 16 1150
7 17 1151
7 18 1152
7 10 1153
7 11 1154
7 12 1155
7 13 1156
7 14 1157
7 15 1158
7 16 1159
7 17 1160
7 18 1161
7 10 1162
7 11 1163
7 12 1164
7 13 1165
7 14 1166
7 15 1167
7 16 1168
7 17 1169
7 18 1170
7 10 1171
7 11 1172
7 12 1173
7 13 1174
7 14 1175
7 15 1176
7 16 1177
7 17 1178
7 18 1179
7 10 1180
7 11 1181
7 12 1182
7 13 1183
7 14 1184
7 15 1185
7 16 1186
7 17 1187
7 18 1188
7 10 1189
7 11 1190
7 12 1191
7 13 1192
7 14 1193
7 15 1194
7 16 1195
7 17 1196
7 18 1197
7 10 1198
7 11 1199
7 12 1200
7 13 1201
7 14 1202
7 15 1203
7 16 1204
7 17 1205
7 18 1206
7 10 1207
7 11 1208
7 12 1209
7 13 1210
7 14 1211
7 15 1212
7 16 1213
7 17 1214
7 18 1215
7 10 1216
7 11 1217
7 12 1218
7 13 1219
7 14 1220
7 15 1221
7 16 1222
7 17 1223
7 18 1224
