1 10 1
1 11 2
1 12 3
1 10 4
1 11 5
1 12 6
1 10 7
1 11 8
1 12 9
1 10 10
1 11 11
1 12 12
1 10 13
1 11 14
1 12 15
1 10 16
1 11 17
1 12 18
1 10 19
1 11 20
1 12 21
1 10 22
1 11 23
1 12 24
1 10 25
1 11 26
1 12 27
1 10 28
1 11 29
1 12 30
1 10 31
1 11 32
1 12 33
1 10 34
1 11 35
1 12 36
1 10 37
1 11 38
1 12 39
1 10 40
1 11 41
1 12 42
1 10 43
1 11 44
1 12 45
1 10 46
1 11 47
1 12 48
1 10 49
1 11 50
1 12 51
1 10 52
1 11 53
1 12 54
1 10 55
1 11 56
1 12 57
1 10 58
1 11 59
1 12 60
1 10 61
1 11 62
1 12 63
1 10 64
1 11 65
1 12 66
1 10 67
1 11 68
1 12 69
1 10 70
1 11 71
1 12 72
1 10 73
1 11 74
1 12 75
1 10 76
1 11 77
1 12 78
1 10 79
1 11 80
1 12 81
1 10 82
1 11 83
1 12 84
1 10 85
1 11 86
1 12 87
1 10 88
1 11 89
1 12 90
1 10 91
1 11 92
1 12 93
1 10 94
1 11 95
1 12 96
1 10 97
1 11 98
1 12 99
1 10 100
1 11 101
1 12 102
1 10 103
1 11 104
1 12 105
1 10 106
1 11 107
1 12 108
1 10 109
1 11 110
1 12 111
1 10 112
1 11 113
1 12 114
1 10 115
1 11 116
1 12 117
1 10 118
1 11 119
1 12 120
1 10 121
1 11 122
1 12 123
1 10 124
1 11 125
1 12 126
1 10 127
1 11 128
1 12 129
1 10 130
1 11 131
1 12 132
1 10 133
1 11 134
1 12 135
1 10 136
1 11 137
1 12 138
1 10 139
1 11 140
1 12 141
1 10 142
1 11 143
1 12 144
1 10 145
1 11 146
1 12 147
1 10 148
1 11 149
1 12 150
1 10 151
1 11 152
1 12 153
1 10 154
1 11 155
1 12 156
1 10 157
1 11 158
1 12 159
1 10 160
1 11 161
1 12 162
1 10 163
1 11 164
1 12 165
1 10 166
1 11 167
1 12 168
1 10 169
1 11 170
1 12 171
1 10 172
1 11 173
1 12 174
1 10 175
1 11 176
1 12 177
1 10 178
1 11 179
1 12 180
1 10 181
1 11 182
1 12 183
1 10 184
1 11 185
1 12 186
1 10 187
1 11 188
1 12 189
1 10 190
1 11 191
1 12 192
1 10 193
1 11 194
1 12 195
1 10 196
1 11 197
1 12 198
1 10 199
1 11 200
1 12 201
1 10 202
1 11 203
1 12 204
1 10 205
1 11 206
1 12 207
1 10 208
1 11 209
1 12 210
1 10 211
1 11 212
1 12 213
1 10 214
1 11 215
1 12 216
1 10 217
1 11 218
1 12 219
1 10 220
1 11 221
1 12 222
1 10 223
1 11 224
1 12 225
1 10 226
1 11 227
1 12 228
1 10 229
1 11 230
1 12 231
1 10 232
1 11 233
1 12 234
1 10 235
1 11 236
1 12 237
1 10 238
1 11 239
1 12 240
1 10 241
1 11 242
1 12 243
1 10 244
1 11 245
1 12 246
1 10 247
1 11 248
1 12 249
1 10 250
1 11 251
1 12 252
1 10 253
1 11 254
1 12 255
1 10 256
1 11 257
1 12 258
1 10 259
1 11 260
1 12 261
1 10 262
1 11 263
1 12 264
1 10 265
1 11 266
1 12 267
1 10 268
1 11 269
1 12 270
1 10 271
1 11 272
1 12 273
1 10 274
1 11 275
1 12 276
1 10 277
1 11 278
1 12 279
1 10 280
1 11 281
1 12 282
1 10 283
1 11 284
1 12 285
1 10 286
1 11 287
1 12 288
1 10 289
1 11 290
1 12 291
1 10 292
1 11 293
1 12 294
1 10 295
1 11 296
1 12 297
1 10 298
1 11 299
1 12 300
1 10 301
1 11 302
1 12 303
1 10 304
1 11 305
1 12 306
