7 12 1
7 12 2
7 12 3
7 12 4
7 12 5
7 12 6
7 12 7
7 12 8
7 12 9
7 12 10
7 12 11
7 12 12
7 12 13
7 12 14
7 12 15
7 12 16
7 12 17
7 12 18
7 12 19
7 12 20
7 12 21
7 12 22
7 12 23
7 12 24
7 12 25
7 12 26
7 12 27
7 12 28
7 12 29
7 12 30
7 12 31
7 12 32
7 12 33
7 12 34
7 12 35
7 12 36
7 12 37
7 12 38
7 12 39
7 12 40
7 12 41
7 12 42
7 12 43
7 12 44
7 12 45
7 12 46
7 12 47
7 12 48
7 12 49
7 12 50
7 12 51
7 12 52
7 12 53
7 12 54
7 12 55
7 12 56
7 12 57
7 12 58
7 12 59
7 12 60
7 12 61
7 12 62
7 12 63
7 12 64
7 12 65
7 12 66
7 12 67
7 12 68
7 12 69
7 12 70
7 12 71
7 12 72
7 12 73
7 12 74
7 12 75
7 12 76
7 12 77
7 12 78
7 12 79
7 12 80
7 12 81
7 12 82
7 12 83
7 12 84
7 12 85
7 12 86
7 12 87
7 12 88
7 12 89
7 12 90
7 12 91
7 12 92
7 12 93
7 12 94
7 12 95
7 12 96
7 12 97
7 12 98
7 12 99
7 12 100
7 12 101
7 12 102
7 12 103
7 12 104
7 12 105
7 12 106
7 12 107
7 12 108
7 12 109
7 12 110
7 12 111
7 12 112
7 12 113
7 12 114
7 12 115
7 12 116
7 12 117
7 12 118
7 12 119
7 12 120
7 12 121
7 12 122
7 12 123
7 12 124
7 12 125
7 12 126
7 12 127
7 12 128
7 12 129
7 12 130
7 12 131
7 12 132
7 12 133
7 12 134
7 12 135
7 12 136
7 12 137
7 12 138
7 12 139
7 12 140
7 12 141
7 12 142
7 12 143
7 12 144
7 12 145
7 12 146
7 12 147
7 12 148
7 12 149
7 12 150
7 12 151
7 12 152
7 12 153
7 12 154
7 12 155
7 12 156
7 12 157
7 12 158
7 12 159
7 12 160
7 12 161
7 12 162
7 12 163
7 12 164
7 12 165
7 12 166
7 12 167
7 12 168
7 12 169
7 12 170
7 12 171
7 12 172
7 12 173
7 12 174
7 12 175
7 12 176
7 12 177
7 12 178
7 12 179
7 12 180
7 12 181
7 12 182
7 12 183
7 12 184
7 12 185
7 12 186
7 12 187
7 12 188
7 12 189
7 12 190
7 12 191
7 12 192
7 12 193
7 12 194
7 12 195
7 12 196
7 12 197
7 12 198
7 12 199
7 12 200
7 12 201
7 12 202
7 12 203
7 12 204
7 12 205
7 12 206
7 12 207
7 12 208
7 12 209
7 12 210
7 12 211
7 12 212
7 12 213
7 12 214
7 12 215
7 12 216
7 12 217
7 12 218
7 12 219
7 12 220
7 12 221
7 12 222
7 12 223
7 12 224
7 12 225
7 12 226
7 12 227
7 12 228
7 12 229
7 12 230
7 12 231
7 12 232
7 12 233
7 12 234
7 12 235
7 12 236
7 12 237
7 12 238
7 12 239
7 12 240
7 12 241
7 12 242
7 12 243
7 12 244
7 12 245
7 12 246
7 12 247
7 12 248
7 12 249
7 12 250
7 12 251
7 12 252
7 12 253
7 12 254
7 12 255
7 12 256
7 12 257
7 12 258
7 12 259
7 12 260
7 12 261
7 12 262
7 12 263
7 12 264
7 12 265
7 12 266
7 12 267
7 12 268
7 12 269
7 12 270
7 12 271
7 12 272
7 12 273
7 12 274
7 12 275
7 12 276
7 12 277
7 12 278
7 12 279
7 12 280
7 12 281
7 12 282
7 12 283
7 12 284
7 12 285
7 12 286
7 12 287
7 12 288
7 12 289
7 12 290
7 12 291
7 12 292
7 12 293
7 12 294
7 12 295
7 12 296
7 12 297
7 12 298
7 12 299
7 12 300
7 12 301
7 12 302
7 12 303
7 12 304
7 12 305
7 12 306
7 12 307
7 12 308
7 12 309
7 12 310
7 12 311
7 12 312
7 12 313
7 12 314
7 12 315
7 12 316
7 12 317
7 12 318
7 12 319
7 12 320
7 12 321
7 12 322
7 12 323
7 12 324
7 12 325
7 12 326
7 12 327
7 12 328
7 12 329
7 12 330
7 12 331
7 12 332
7 12 333
7 12 334
7 12 335
7 12 336
7 12 337
7 12 338
7 12 339
7 12 340
7 12 341
7 12 342
7 12 343
7 12 344
7 12 345
7 12 346
7 12 347
7 12 348
7 12 349
7 12 350
7 12 351
7 12 352
7 12 353
7 12 354
7 12 355
7 12 356
7 12 357
7 12 358
7 12 359
7 12 360
7 12 361
7 12 362
7 12 363
7 12 364
7 12 365
7 12 366
7 12 367
7 12 368
7 12 369
7 12 370
7 12 371
7 12 372
7 12 373
7 12 374
7 12 375
7 12 376
7 12 377
7 12 378
7 12 379
7 12 380
7 12 381
7 12 382
7 12 383
7 12 384
7 12 385
7 12 386
7 12 387
7 12 388
7 12 389
7 12 390
7 12 391
7 12 392
7 12 393
7 12 394
7 12 395
7 12 396
7 12 397
7 12 398
7 12 399
7 12 400
7 12 401
7 12 402
7 12 403
7 12 404
7 12 405
7 12 406
7 12 407
7 12 408
7 12 409
7 12 410
7 12 411
7 12 412
7 12 413
7 12 414
7 12 415
7 12 416
7 12 417
7 12 418
7 12 419
7 12 420
7 12 421
7 12 422
7 12 423
7 12 424
7 12 425
7 12 426
7 12 427
7 12 428
7 12 429
7 12 430
7 12 431
7 12 432
7 12 433
7 12 434
7 12 435
7 12 436
7 12 437
7 12 438
7 12 439
7 12 440
7 12 441
7 12 442
7 12 443
7 12 444
7 12 445
7 12 446
7 12 447
7 12 448
7 12 449
7 12 450
7 12 451
7 12 452
7 12 453
7 12 454
7 12 455
7 12 456
7 12 457
7 12 458
7 12 459
7 12 460
7 12 461
7 12 462
7 12 463
7 12 464
7 12 465
7 12 466
7 12 467
7 12 468
7 12 469
7 12 470
7 12 471
7 12 472
7 12 473
7 12 474
7 12 475
7 12 476
7 12 477
7 12 478
7 12 479
7 12 480
7 12 481
7 12 482
7 12 483
7 12 484
7 12 485
7 12 486
7 12 487
7 12 488
7 12 489
7 12 490
7 12 491
7 12 492
7 12 493
7 12 494
7 12 495
7 12 496
7 12 497
7 12 498
7 12 499
7 12 500
7 12 501
7 12 502
7 12 503
7 12 504
7 12 505
7 12 506
7 12 507
7 12 508
7 12 509
7 12 510
7 12 511
7 12 512
7 12 513
7 12 514
7 12 515
7 12 516
7 12 517
7 12 518
7 12 519
7 12 520
7 12 521
7 12 522
7 12 523
7 12 524
7 12 525
7 12 526
7 12 527
7 12 528
7 12 529
7 12 530
7 12 531
7 12 532
7 12 533
7 12 534
7 12 535
7 12 536
7 12 537
7 12 538
7 12 539
7 12 540
7 12 541
7 12 542
7 12 543
7 12 544
7 12 545
7 12 546
7 12 547
7 12 548
7 12 549
7 12 550
7 12 551
7 12 552
7 12 553
7 12 554
7 12 555
7 12 556
7 12 557
7 12 558
7 12 559
7 12 560
7 12 561
7 12 562
7 12 563
7 12 564
7 12 565
7 12 566
7 12 567
7 12 568
7 12 569
7 12 570
7 12 571
7 12 572
7 12 573
7 12 574
7 12 575
7 12 576
7 12 577
7 12 578
7 12 579
7 12 580
7 12 581
7 12 582
7 12 583
7 12 584
7 12 585
7 12 586
7 12 587
7 12 588
7 12 589
7 12 590
7 12 591
7 12 592
7 12 593
7 12 594
7 12 595
7 12 596
7 12 597
7 12 598
7 12 599
7 12 600
7 12 601
7 12 602
7 12 603
7 12 604
7 12 605
7 12 606
7 12 607
7 12 608
7 12 609
7 12 610
7 12 611
7 12 612
7 12 613
7 12 614
7 12 615
7 12 616
7 12 617
7 12 618
7 12 619
7 12 620
7 12 621
7 12 622
7 12 623
7 12 624
7 12 625
7 12 626
7 12 627
7 12 628
7 12 629
7 12 630
7 12 631
7 12 632
7 12 633
7 12 634
7 12 635
7 12 636
7 12 637
7 12 638
7 12 639
7 12 640
7 12 641
7 12 642
7 12 643
7 12 644
7 12 645
7 12 646
7 12 647
7 12 648
7 12 649
7 12 650
7 12 651
7 12 652
7 12 653
7 12 654
7 12 655
7 12 656
7 12 657
7 12 658
7 12 659
7 12 660
7 12 661
7 12 662
7 12 663
7 12 664
7 12 665
7 12 666
7 12 667
7 12 668
7 12 669
7 12 670
7 12 671
7 12 672
7 12 673
7 12 674
7 12 675
7 12 676
7 12 677
7 12 678
7 12 679
7 12 680
7 12 681
7 12 682
7 12 683
7 12 684
7 12 685
7 12 686
7 12 687
7 12 688
7 12 689
7 12 690
7 12 691
7 12 692
7 12 693
7 12 694
7 12 695
7 12 696
7 12 697
7 12 698
7 12 699
7 12 700
7 12 701
7 12 702
7 12 703
7 12 704
7 12 705
7 12 706
7 12 707
7 12 708
7 12 709
7 12 710
7 12 711
7 12 712
7 12 713
7 12 714
7 12 715
7 12 716
7 12 717
7 12 718
7 12 719
7 12 720
7 12 721
7 12 722
7 12 723
7 12 724
7 12 725
7 12 726
7 12 727
7 12 728
7 12 729
7 12 730
7 12 731
7 12 732
7 12 733
7 12 734
7 12 735
7 12 736
7 12 737
7 12 738
7 12 739
7 12 740
7 12 741
7 12 742
7 12 743
7 12 744
7 12 745
7 12 746
7 12 747
7 12 748
7 12 749
7 12 750
7 12 751
7 12 752
7 12 753
7 12 754
7 12 755
7 12 756
7 12 757
7 12 758
7 12 759
7 12 760
7 12 761
7 12 762
7 12 763
7 12 764
7 12 765
7 12 766
7 12 767
7 12 768
7 12 769
7 12 770
7 12 771
7 12 772
7 12 773
7 12 774
7 12 775
7 12 776
7 12 777
7 12 778
7 12 779
7 12 780
7 12 781
7 12 782
7 12 783
7 12 784
7 12 785
7 12 786
7 12 787
7 12 788
7 12 789
7 12 790
7 12 791
7 12 792
7 12 793
7 12 794
7 12 795
7 12 796
7 12 797
7 12 798
7 12 799
7 12 800
7 12 801
7 12 802
7 12 803
7 12 804
7 12 805
7 12 806
7 12 807
7 12 808
7 12 809
7 12 810
7 12 811
7 12 812
7 12 813
7 12 814
7 12 815
7 12 816
7 12 817
7 12 818
7 12 819
7 12 820
7 12 821
7 12 822
7 12 823
7 12 824
7 12 825
7 12 826
7 12 827
7 12 828
7 12 829
7 12 830
7 12 831
7 12 832
7 12 833
7 12 834
7 12 835
7 12 836
7 12 837
7 12 838
7 12 839
7 12 840
7 12 841
7 12 842
7 12 843
7 12 844
7 12 845
7 12 846
7 12 847
7 12 848
7 12 849
7 12 850
7 12 851
7 12 852
7 12 853
7 12 854
7 12 855
7 12 856
7 12 857
7 12 858
7 12 859
7 12 860
7 12 861
7 12 862
7 12 863
7 12 864
7 12 865
7 12 866
7 12 867
7 12 868
7 12 869
7 12 870
7 12 871
7 12 872
7 12 873
7 12 874
7 12 875
7 12 876
7 12 877
7 12 878
7 12 879
7 12 880
7 12 881
7 12 882
7 12 883
7 12 884
7 12 885
7 12 886
7 12 887
7 12 888
7 12 889
7 12 890
7 12 891
7 12 892
7 12 893
7 12 894
7 12 895
7 12 896
7 12 897
7 12 898
7 12 899
7 12 900
7 12 901
7 12 902
7 12 903
7 12 904
7 12 905
7 12 906
7 12 907
7 12 908
7 12 909
7 12 910
7 12 911
7 12 912
7 12 913
7 12 914
7 12 915
7 12 916
7 12 917
7 12 918
7 12 919
7 12 920
7 12 921
7 12 922
7 12 923
7 12 924
7 12 925
7 12 926
7 12 927
7 12 928
7 12 929
7 12 930
7 12 931
7 12 932
7 12 933
7 12 934
7 12 935
7 12 936
7 12 937
7 12 938
7 12 939
7 12 940
7 12 941
7 12 942
7 12 943
7 12 944
7 12 945
7 12 946
7 12 947
7 12 948
7 12 949
7 12 950
7 12 951
7 12 952
7 12 953
7 12 954
7 12 955
7 12 956
7 12 957
7 12 958
7 12 959
7 12 960
