8 12 1
8 12 2
8 12 3
8 12 4
8 12 5
8 12 6
8 12 7
8 12 8
8 12 9
8 12 10
8 12 11
8 12 12
8 12 13
8 12 14
8 12 15
8 12 16
8 12 17
8 12 18
8 12 19
8 12 20
8 12 21
8 12 22
8 12 23
8 12 24
8 12 25
8 12 26
8 12 27
8 12 28
8 12 29
8 12 30
8 12 31
8 12 32
8 12 33
8 12 34
8 12 35
8 12 36
8 12 37
8 12 38
8 12 39
8 12 40
8 12 41
8 12 42
8 12 43
8 12 44
8 12 45
8 12 46
8 12 47
8 12 48
8 12 49
8 12 50
8 12 51
8 12 52
8 12 53
8 12 54
8 12 55
8 12 56
8 12 57
8 12 58
8 12 59
8 12 60
8 12 61
8 12 62
8 12 63
8 12 64
8 12 65
8 12 66
8 12 67
8 12 68
8 12 69
8 12 70
8 12 71
8 12 72
8 12 73
8 12 74
8 12 75
8 12 76
8 12 77
8 12 78
8 12 79
8 12 80
8 12 81
8 12 82
8 12 83
8 12 84
8 12 85
8 12 86
8 12 87
8 12 88
8 12 89
8 12 90
8 12 91
8 12 92
8 12 93
8 12 94
8 12 95
8 12 96
8 12 97
8 12 98
8 12 99
8 12 100
8 12 101
8 12 102
8 12 103
8 12 104
8 12 105
8 12 106
8 12 107
8 12 108
8 12 109
8 12 110
8 12 111
8 12 112
8 12 113
8 12 114
8 12 115
8 12 116
8 12 117
8 12 118
8 12 119
8 12 120
8 12 121
8 12 122
8 12 123
8 12 124
8 12 125
8 12 126
8 12 127
8 12 128
8 12 129
8 12 130
8 12 131
8 12 132
8 12 133
8 12 134
8 12 135
8 12 136
8 12 137
8 12 138
8 12 139
8 12 140
8 12 141
8 12 142
8 12 143
8 12 144
8 12 145
8 12 146
8 12 147
8 12 148
8 12 149
8 12 150
8 12 151
8 12 152
8 12 153
8 12 154
8 12 155
8 12 156
8 12 157
8 12 158
8 12 159
8 12 160
8 12 161
8 12 162
8 12 163
8 12 164
8 12 165
8 12 166
8 12 167
8 12 168
8 12 169
8 12 170
8 12 171
8 12 172
8 12 173
8 12 174
8 12 175
8 12 176
8 12 177
8 12 178
8 12 179
8 12 180
8 12 181
8 12 182
8 12 183
8 12 184
8 12 185
8 12 186
8 12 187
8 12 188
8 12 189
8 12 190
8 12 191
8 12 192
8 12 193
8 12 194
8 12 195
8 12 196
8 12 197
8 12 198
8 12 199
8 12 200
8 12 201
8 12 202
8 12 203
8 12 204
8 12 205
8 12 206
8 12 207
8 12 208
8 12 209
8 12 210
8 12 211
8 12 212
8 12 213
8 12 214
8 12 215
8 12 216
8 12 217
8 12 218
8 12 219
8 12 220
8 12 221
8 12 222
8 12 223
8 12 224
8 12 225
8 12 226
8 12 227
8 12 228
8 12 229
8 12 230
8 12 231
8 12 232
8 12 233
8 12 234
8 12 235
8 12 236
8 12 237
8 12 238
8 12 239
8 12 240
8 12 241
8 12 242
8 12 243
8 12 244
8 12 245
8 12 246
8 12 247
8 12 248
8 12 249
8 12 250
8 12 251
8 12 252
8 12 253
8 12 254
8 12 255
8 12 256
8 12 257
8 12 258
8 12 259
8 12 260
8 12 261
8 12 262
8 12 263
8 12 264
8 12 265
8 12 266
8 12 267
8 12 268
8 12 269
8 12 270
8 12 271
8 12 272
8 12 273
8 12 274
8 12 275
8 12 276
8 12 277
8 12 278
8 12 279
8 12 280
8 12 281
8 12 282
8 12 283
8 12 284
8 12 285
8 12 286
8 12 287
8 12 288
8 12 289
8 12 290
8 12 291
8 12 292
8 12 293
8 12 294
8 12 295
8 12 296
8 12 297
8 12 298
8 12 299
8 12 300
8 12 301
8 12 302
8 12 303
8 12 304
8 12 305
8 12 306
8 12 307
8 12 308
8 12 309
8 12 310
8 12 311
8 12 312
8 12 313
8 12 314
8 12 315
8 12 316
8 12 317
8 12 318
8 12 319
8 12 320
8 12 321
8 12 322
8 12 323
8 12 324
8 12 325
8 12 326
8 12 327
8 12 328
8 12 329
8 12 330
8 12 331
8 12 332
8 12 333
8 12 334
8 12 335
8 12 336
8 12 337
8 12 338
8 12 339
8 12 340
8 12 341
8 12 342
8 12 343
8 12 344
8 12 345
8 12 346
8 12 347
8 12 348
8 12 349
8 12 350
8 12 351
8 12 352
8 12 353
8 12 354
8 12 355
8 12 356
8 12 357
8 12 358
8 12 359
8 12 360
8 12 361
8 12 362
8 12 363
8 12 364
8 12 365
8 12 366
8 12 367
8 12 368
8 12 369
8 12 370
8 12 371
8 12 372
8 12 373
8 12 374
8 12 375
8 12 376
8 12 377
8 12 378
8 12 379
8 12 380
8 12 381
8 12 382
8 12 383
8 12 384
8 12 385
8 12 386
8 12 387
8 12 388
8 12 389
8 12 390
8 12 391
8 12 392
8 12 393
8 12 394
8 12 395
8 12 396
8 12 397
8 12 398
8 12 399
8 12 400
8 12 401
8 12 402
8 12 403
8 12 404
8 12 405
8 12 406
8 12 407
8 12 408
8 12 409
8 12 410
8 12 411
8 12 412
8 12 413
8 12 414
8 12 415
8 12 416
8 12 417
8 12 418
8 12 419
8 12 420
8 12 421
8 12 422
8 12 423
8 12 424
8 12 425
8 12 426
8 12 427
8 12 428
8 12 429
8 12 430
8 12 431
8 12 432
8 12 433
8 12 434
8 12 435
8 12 436
8 12 437
8 12 438
8 12 439
8 12 440
8 12 441
8 12 442
8 12 443
8 12 444
8 12 445
8 12 446
8 12 447
8 12 448
8 12 449
8 12 450
8 12 451
8 12 452
8 12 453
8 12 454
8 12 455
8 12 456
8 12 457
8 12 458
8 12 459
8 12 460
8 12 461
8 12 462
8 12 463
8 12 464
8 12 465
8 12 466
8 12 467
8 12 468
8 12 469
8 12 470
8 12 471
8 12 472
8 12 473
8 12 474
8 12 475
8 12 476
8 12 477
8 12 478
8 12 479
8 12 480
8 12 481
8 12 482
8 12 483
8 12 484
8 12 485
8 12 486
8 12 487
8 12 488
8 12 489
8 12 490
8 12 491
8 12 492
8 12 493
8 12 494
8 12 495
8 12 496
8 12 497
8 12 498
8 12 499
8 12 500
8 12 501
8 12 502
8 12 503
8 12 504
8 12 505
8 12 506
8 12 507
8 12 508
8 12 509
8 12 510
8 12 511
8 12 512
8 12 513
8 12 514
8 12 515
8 12 516
8 12 517
8 12 518
8 12 519
8 12 520
8 12 521
8 12 522
8 12 523
8 12 524
8 12 525
8 12 526
8 12 527
8 12 528
8 12 529
8 12 530
8 12 531
8 12 532
8 12 533
8 12 534
8 12 535
8 12 536
8 12 537
8 12 538
8 12 539
8 12 540
8 12 541
8 12 542
8 12 543
8 12 544
8 12 545
8 12 546
8 12 547
8 12 548
8 12 549
8 12 550
8 12 551
8 12 552
8 12 553
8 12 554
8 12 555
8 12 556
8 12 557
8 12 558
8 12 559
8 12 560
8 12 561
8 12 562
8 12 563
8 12 564
8 12 565
8 12 566
8 12 567
8 12 568
8 12 569
8 12 570
8 12 571
8 12 572
8 12 573
8 12 574
8 12 575
8 12 576
8 12 577
8 12 578
8 12 579
8 12 580
8 12 581
8 12 582
8 12 583
8 12 584
8 12 585
8 12 586
8 12 587
8 12 588
8 12 589
8 12 590
8 12 591
8 12 592
8 12 593
8 12 594
8 12 595
8 12 596
8 12 597
8 12 598
8 12 599
8 12 600
8 12 601
8 12 602
8 12 603
8 12 604
8 12 605
8 12 606
8 12 607
8 12 608
8 12 609
8 12 610
8 12 611
8 12 612
8 12 613
8 12 614
8 12 615
8 12 616
8 12 617
8 12 618
8 12 619
8 12 620
8 12 621
8 12 622
8 12 623
8 12 624
8 12 625
8 12 626
8 12 627
8 12 628
8 12 629
8 12 630
8 12 631
8 12 632
8 12 633
8 12 634
8 12 635
8 12 636
8 12 637
8 12 638
8 12 639
8 12 640
8 12 641
8 12 642
8 12 643
8 12 644
8 12 645
8 12 646
8 12 647
8 12 648
8 12 649
8 12 650
8 12 651
8 12 652
8 12 653
8 12 654
8 12 655
8 12 656
8 12 657
8 12 658
8 12 659
8 12 660
8 12 661
8 12 662
8 12 663
8 12 664
8 12 665
8 12 666
8 12 667
8 12 668
8 12 669
8 12 670
8 12 671
8 12 672
8 12 673
8 12 674
8 12 675
8 12 676
8 12 677
8 12 678
8 12 679
8 12 680
8 12 681
8 12 682
8 12 683
8 12 684
8 12 685
8 12 686
8 12 687
8 12 688
8 12 689
8 12 690
8 12 691
8 12 692
8 12 693
8 12 694
8 12 695
8 12 696
8 12 697
8 12 698
8 12 699
8 12 700
8 12 701
8 12 702
8 12 703
8 12 704
8 12 705
8 12 706
8 12 707
8 12 708
8 12 709
8 12 710
8 12 711
8 12 712
8 12 713
8 12 714
8 12 715
8 12 716
8 12 717
8 12 718
8 12 719
8 12 720
8 12 721
8 12 722
8 12 723
8 12 724
8 12 725
8 12 726
8 12 727
8 12 728
8 12 729
8 12 730
8 12 731
8 12 732
8 12 733
8 12 734
8 12 735
8 12 736
8 12 737
8 12 738
8 12 739
8 12 740
8 12 741
8 12 742
8 12 743
8 12 744
8 12 745
8 12 746
8 12 747
8 12 748
8 12 749
8 12 750
8 12 751
8 12 752
8 12 753
8 12 754
8 12 755
8 12 756
8 12 757
8 12 758
8 12 759
8 12 760
8 12 761
8 12 762
8 12 763
8 12 764
8 12 765
8 12 766
8 12 767
8 12 768
8 12 769
8 12 770
8 12 771
8 12 772
8 12 773
8 12 774
8 12 775
8 12 776
8 12 777
8 12 778
8 12 779
8 12 780
8 12 781
8 12 782
8 12 783
8 12 784
8 12 785
8 12 786
8 12 787
8 12 788
8 12 789
8 12 790
8 12 791
8 12 792
8 12 793
8 12 794
8 12 795
8 12 796
8 12 797
8 12 798
8 12 799
8 12 800
8 12 801
8 12 802
8 12 803
8 12 804
8 12 805
8 12 806
8 12 807
8 12 808
8 12 809
8 12 810
8 12 811
8 12 812
8 12 813
8 12 814
8 12 815
8 12 816
8 12 817
8 12 818
8 12 819
8 12 820
8 12 821
8 12 822
8 12 823
8 12 824
8 12 825
8 12 826
8 12 827
8 12 828
8 12 829
8 12 830
8 12 831
8 12 832
8 12 833
8 12 834
8 12 835
8 12 836
8 12 837
8 12 838
8 12 839
8 12 840
8 12 841
8 12 842
8 12 843
8 12 844
8 12 845
8 12 846
8 12 847
8 12 848
8 12 849
8 12 850
8 12 851
8 12 852
8 12 853
8 12 854
8 12 855
8 12 856
8 12 857
8 12 858
8 12 859
8 12 860
8 12 861
8 12 862
8 12 863
8 12 864
8 12 865
8 12 866
8 12 867
8 12 868
8 12 869
8 12 870
8 12 871
8 12 872
8 12 873
8 12 874
8 12 875
8 12 876
8 12 877
8 12 878
8 12 879
8 12 880
8 12 881
8 12 882
8 12 883
8 12 884
8 12 885
8 12 886
8 12 887
8 12 888
8 12 889
8 12 890
8 12 891
8 12 892
8 12 893
8 12 894
8 12 895
8 12 896
8 12 897
8 12 898
8 12 899
8 12 900
8 12 901
8 12 902
8 12 903
8 12 904
8 12 905
8 12 906
8 12 907
8 12 908
8 12 909
8 12 910
8 12 911
8 12 912
8 12 913
8 12 914
8 12 915
8 12 916
8 12 917
8 12 918
8 12 919
8 12 920
8 12 921
8 12 922
8 12 923
8 12 924
8 12 925
8 12 926
8 12 927
8 12 928
8 12 929
8 12 930
8 12 931
8 12 932
8 12 933
8 12 934
8 12 935
8 12 936
8 12 937
8 12 938
8 12 939
8 12 940
8 12 941
8 12 942
8 12 943
8 12 944
8 12 945
8 12 946
8 12 947
8 12 948
8 12 949
8 12 950
8 12 951
8 12 952
8 12 953
8 12 954
8 12 955
8 12 956
8 12 957
8 12 958
8 12 959
8 12 960
