2 12 1
2 12 2
2 12 3
2 12 4
2 12 5
2 12 6
2 12 7
2 12 8
2 12 9
2 12 10
2 12 11
2 12 12
2 12 13
2 12 14
2 12 15
2 12 16
2 12 17
2 12 18
2 12 19
2 12 20
2 12 21
2 12 22
2 12 23
2 12 24
2 12 25
2 12 26
2 12 27
2 12 28
2 12 29
2 12 30
2 12 31
2 12 32
2 12 33
2 12 34
2 12 35
2 12 36
2 12 37
2 12 38
2 12 39
2 12 40
2 12 41
2 12 42
2 12 43
2 12 44
2 12 45
2 12 46
2 12 47
2 12 48
2 12 49
2 12 50
2 12 51
2 12 52
2 12 53
2 12 54
2 12 55
2 12 56
2 12 57
2 12 58
2 12 59
2 12 60
2 12 61
2 12 62
2 12 63
2 12 64
2 12 65
2 12 66
2 12 67
2 12 68
2 12 69
2 12 70
2 12 71
2 12 72
2 12 73
2 12 74
2 12 75
2 12 76
2 12 77
2 12 78
2 12 79
2 12 80
2 12 81
2 12 82
2 12 83
2 12 84
2 12 85
2 12 86
2 12 87
2 12 88
2 12 89
2 12 90
2 12 91
2 12 92
2 12 93
2 12 94
2 12 95
2 12 96
2 12 97
2 12 98
2 12 99
2 12 100
2 12 101
2 12 102
2 12 103
2 12 104
2 12 105
2 12 106
2 12 107
2 12 108
2 12 109
2 12 110
2 12 111
2 12 112
2 12 113
2 12 114
2 12 115
2 12 116
2 12 117
2 12 118
2 12 119
2 12 120
2 12 121
2 12 122
2 12 123
2 12 124
2 12 125
2 12 126
2 12 127
2 12 128
2 12 129
2 12 130
2 12 131
2 12 132
2 12 133
2 12 134
2 12 135
2 12 136
2 12 137
2 12 138
2 12 139
2 12 140
2 12 141
2 12 142
2 12 143
2 12 144
2 12 145
2 12 146
2 12 147
2 12 148
2 12 149
2 12 150
2 12 151
2 12 152
2 12 153
2 12 154
2 12 155
2 12 156
2 12 157
2 12 158
2 12 159
2 12 160
2 12 161
2 12 162
2 12 163
2 12 164
2 12 165
2 12 166
2 12 167
2 12 168
2 12 169
2 12 170
2 12 171
2 12 172
2 12 173
2 12 174
2 12 175
2 12 176
2 12 177
2 12 178
2 12 179
2 12 180
2 12 181
2 12 182
2 12 183
2 12 184
2 12 185
2 12 186
2 12 187
2 12 188
2 12 189
2 12 190
2 12 191
2 12 192
2 12 193
2 12 194
2 12 195
2 12 196
2 12 197
2 12 198
2 12 199
2 12 200
2 12 201
2 12 202
2 12 203
2 12 204
2 12 205
2 12 206
2 12 207
2 12 208
2 12 209
2 12 210
2 12 211
2 12 212
2 12 213
2 12 214
2 12 215
2 12 216
2 12 217
2 12 218
2 12 219
2 12 220
2 12 221
2 12 222
2 12 223
2 12 224
2 12 225
2 12 226
2 12 227
2 12 228
2 12 229
2 12 230
2 12 231
2 12 232
2 12 233
2 12 234
2 12 235
2 12 236
2 12 237
2 12 238
2 12 239
2 12 240
2 12 241
2 12 242
2 12 243
2 12 244
2 12 245
2 12 246
2 12 247
2 12 248
2 12 249
2 12 250
2 12 251
2 12 252
2 12 253
2 12 254
2 12 255
2 12 256
2 12 257
2 12 258
2 12 259
2 12 260
2 12 261
2 12 262
2 12 263
2 12 264
2 12 265
2 12 266
2 12 267
2 12 268
2 12 269
2 12 270
2 12 271
2 12 272
2 12 273
2 12 274
2 12 275
2 12 276
2 12 277
2 12 278
2 12 279
2 12 280
2 12 281
2 12 282
2 12 283
2 12 284
2 12 285
2 12 286
2 12 287
2 12 288
2 12 289
2 12 290
2 12 291
2 12 292
2 12 293
2 12 294
2 12 295
2 12 296
2 12 297
2 12 298
2 12 299
2 12 300
2 12 301
2 12 302
2 12 303
2 12 304
2 12 305
2 12 306
2 12 307
2 12 308
2 12 309
2 12 310
2 12 311
2 12 312
2 12 313
2 12 314
2 12 315
2 12 316
2 12 317
2 12 318
2 12 319
2 12 320
2 12 321
2 12 322
2 12 323
2 12 324
2 12 325
2 12 326
2 12 327
2 12 328
2 12 329
2 12 330
2 12 331
2 12 332
2 12 333
2 12 334
2 12 335
2 12 336
2 12 337
2 12 338
2 12 339
2 12 340
2 12 341
2 12 342
2 12 343
2 12 344
2 12 345
2 12 346
2 12 347
2 12 348
2 12 349
2 12 350
2 12 351
2 12 352
2 12 353
2 12 354
2 12 355
2 12 356
2 12 357
2 12 358
2 12 359
2 12 360
2 12 361
2 12 362
2 12 363
2 12 364
2 12 365
2 12 366
2 12 367
2 12 368
2 12 369
2 12 370
2 12 371
2 12 372
2 12 373
2 12 374
2 12 375
2 12 376
2 12 377
2 12 378
2 12 379
2 12 380
2 12 381
2 12 382
2 12 383
2 12 384
2 12 385
2 12 386
2 12 387
2 12 388
2 12 389
2 12 390
2 12 391
2 12 392
2 12 393
2 12 394
2 12 395
2 12 396
2 12 397
2 12 398
2 12 399
2 12 400
2 12 401
2 12 402
2 12 403
2 12 404
2 12 405
2 12 406
2 12 407
2 12 408
2 12 409
2 12 410
2 12 411
2 12 412
2 12 413
2 12 414
2 12 415
2 12 416
2 12 417
2 12 418
2 12 419
2 12 420
2 12 421
2 12 422
2 12 423
2 12 424
2 12 425
2 12 426
2 12 427
2 12 428
2 12 429
2 12 430
2 12 431
2 12 432
2 12 433
2 12 434
2 12 435
2 12 436
2 12 437
2 12 438
2 12 439
2 12 440
2 12 441
2 12 442
2 12 443
2 12 444
2 12 445
2 12 446
2 12 447
2 12 448
2 12 449
2 12 450
2 12 451
2 12 452
2 12 453
2 12 454
2 12 455
2 12 456
2 12 457
2 12 458
2 12 459
2 12 460
2 12 461
2 12 462
2 12 463
2 12 464
2 12 465
2 12 466
2 12 467
2 12 468
2 12 469
2 12 470
2 12 471
2 12 472
2 12 473
2 12 474
2 12 475
2 12 476
2 12 477
2 12 478
2 12 479
2 12 480
2 12 481
2 12 482
2 12 483
2 12 484
2 12 485
2 12 486
2 12 487
2 12 488
2 12 489
2 12 490
2 12 491
2 12 492
2 12 493
2 12 494
2 12 495
2 12 496
2 12 497
2 12 498
2 12 499
2 12 500
2 12 501
2 12 502
2 12 503
2 12 504
2 12 505
2 12 506
2 12 507
2 12 508
2 12 509
2 12 510
2 12 511
2 12 512
2 12 513
2 12 514
2 12 515
2 12 516
2 12 517
2 12 518
2 12 519
2 12 520
2 12 521
2 12 522
2 12 523
2 12 524
2 12 525
2 12 526
2 12 527
2 12 528
2 12 529
2 12 530
2 12 531
2 12 532
2 12 533
2 12 534
2 12 535
2 12 536
2 12 537
2 12 538
2 12 539
2 12 540
2 12 541
2 12 542
2 12 543
2 12 544
2 12 545
2 12 546
2 12 547
2 12 548
2 12 549
2 12 550
2 12 551
2 12 552
2 12 553
2 12 554
2 12 555
2 12 556
2 12 557
2 12 558
2 12 559
2 12 560
2 12 561
2 12 562
2 12 563
2 12 564
2 12 565
2 12 566
2 12 567
2 12 568
2 12 569
2 12 570
2 12 571
2 12 572
2 12 573
2 12 574
2 12 575
2 12 576
2 12 577
2 12 578
2 12 579
2 12 580
2 12 581
2 12 582
2 12 583
2 12 584
2 12 585
2 12 586
2 12 587
2 12 588
2 12 589
2 12 590
2 12 591
2 12 592
2 12 593
2 12 594
2 12 595
2 12 596
2 12 597
2 12 598
2 12 599
2 12 600
2 12 601
2 12 602
2 12 603
2 12 604
2 12 605
2 12 606
2 12 607
2 12 608
2 12 609
2 12 610
2 12 611
2 12 612
2 12 613
2 12 614
2 12 615
2 12 616
2 12 617
2 12 618
2 12 619
2 12 620
2 12 621
2 12 622
2 12 623
2 12 624
2 12 625
2 12 626
2 12 627
2 12 628
2 12 629
2 12 630
2 12 631
2 12 632
2 12 633
2 12 634
2 12 635
2 12 636
2 12 637
2 12 638
2 12 639
2 12 640
2 12 641
2 12 642
2 12 643
2 12 644
2 12 645
2 12 646
2 12 647
2 12 648
2 12 649
2 12 650
2 12 651
2 12 652
2 12 653
2 12 654
2 12 655
2 12 656
2 12 657
2 12 658
2 12 659
2 12 660
2 12 661
2 12 662
2 12 663
2 12 664
2 12 665
2 12 666
2 12 667
2 12 668
2 12 669
2 12 670
2 12 671
2 12 672
2 12 673
2 12 674
2 12 675
2 12 676
2 12 677
2 12 678
2 12 679
2 12 680
2 12 681
2 12 682
2 12 683
2 12 684
2 12 685
2 12 686
2 12 687
2 12 688
2 12 689
2 12 690
2 12 691
2 12 692
2 12 693
2 12 694
2 12 695
2 12 696
2 12 697
2 12 698
2 12 699
2 12 700
2 12 701
2 12 702
2 12 703
2 12 704
2 12 705
2 12 706
2 12 707
2 12 708
2 12 709
2 12 710
2 12 711
2 12 712
2 12 713
2 12 714
2 12 715
2 12 716
2 12 717
2 12 718
2 12 719
2 12 720
2 12 721
2 12 722
2 12 723
2 12 724
2 12 725
2 12 726
2 12 727
2 12 728
2 12 729
2 12 730
2 12 731
2 12 732
2 12 733
2 12 734
2 12 735
2 12 736
2 12 737
2 12 738
2 12 739
2 12 740
2 12 741
2 12 742
2 12 743
2 12 744
2 12 745
2 12 746
2 12 747
2 12 748
2 12 749
2 12 750
2 12 751
2 12 752
2 12 753
2 12 754
2 12 755
2 12 756
2 12 757
2 12 758
2 12 759
2 12 760
2 12 761
2 12 762
2 12 763
2 12 764
2 12 765
2 12 766
2 12 767
2 12 768
2 12 769
2 12 770
2 12 771
2 12 772
2 12 773
2 12 774
2 12 775
2 12 776
2 12 777
2 12 778
2 12 779
2 12 780
2 12 781
2 12 782
2 12 783
2 12 784
2 12 785
2 12 786
2 12 787
2 12 788
2 12 789
2 12 790
2 12 791
2 12 792
2 12 793
2 12 794
2 12 795
2 12 796
2 12 797
2 12 798
2 12 799
2 12 800
2 12 801
2 12 802
2 12 803
2 12 804
2 12 805
2 12 806
2 12 807
2 12 808
2 12 809
2 12 810
2 12 811
2 12 812
2 12 813
2 12 814
2 12 815
2 12 816
2 12 817
2 12 818
2 12 819
2 12 820
2 12 821
2 12 822
2 12 823
2 12 824
2 12 825
2 12 826
2 12 827
2 12 828
2 12 829
2 12 830
2 12 831
2 12 832
2 12 833
2 12 834
2 12 835
2 12 836
2 12 837
2 12 838
2 12 839
2 12 840
2 12 841
2 12 842
2 12 843
2 12 844
2 12 845
2 12 846
2 12 847
2 12 848
2 12 849
2 12 850
2 12 851
2 12 852
2 12 853
2 12 854
2 12 855
2 12 856
2 12 857
2 12 858
2 12 859
2 12 860
2 12 861
2 12 862
2 12 863
2 12 864
2 12 865
2 12 866
2 12 867
2 12 868
2 12 869
2 12 870
2 12 871
2 12 872
2 12 873
2 12 874
2 12 875
2 12 876
2 12 877
2 12 878
2 12 879
2 12 880
2 12 881
2 12 882
2 12 883
2 12 884
2 12 885
2 12 886
2 12 887
2 12 888
2 12 889
2 12 890
2 12 891
2 12 892
2 12 893
2 12 894
2 12 895
2 12 896
2 12 897
2 12 898
2 12 899
2 12 900
2 12 901
2 12 902
2 12 903
2 12 904
2 12 905
2 12 906
2 12 907
2 12 908
2 12 909
2 12 910
2 12 911
2 12 912
2 12 913
2 12 914
2 12 915
2 12 916
2 12 917
2 12 918
2 12 919
2 12 920
2 12 921
2 12 922
2 12 923
2 12 924
2 12 925
2 12 926
2 12 927
2 12 928
2 12 929
2 12 930
2 12 931
2 12 932
2 12 933
2 12 934
2 12 935
2 12 936
2 12 937
2 12 938
2 12 939
2 12 940
2 12 941
2 12 942
2 12 943
2 12 944
2 12 945
2 12 946
2 12 947
2 12 948
2 12 949
2 12 950
2 12 951
2 12 952
2 12 953
2 12 954
2 12 955
2 12 956
2 12 957
2 12 958
2 12 959
2 12 960
