5 6 1
5 6 2
5 6 3
5 6 4
5 6 5
5 6 6
5 6 7
5 6 8
5 6 9
5 6 10
5 6 11
5 6 12
5 6 13
5 6 14
5 6 15
5 6 16
5 6 17
5 6 18
5 6 19
5 6 20
5 6 21
5 6 22
5 6 23
5 6 24
5 6 25
5 6 26
5 6 27
5 6 28
5 6 29
5 6 30
5 6 31
5 6 32
5 6 33
5 6 34
5 6 35
5 6 36
5 6 37
5 6 38
5 6 39
5 6 40
5 6 41
5 6 42
5 6 43
5 6 44
5 6 45
5 6 46
5 6 47
5 6 48
5 6 49
5 6 50
5 6 51
5 6 52
5 6 53
5 6 54
5 6 55
5 6 56
5 6 57
5 6 58
5 6 59
5 6 60
5 6 61
5 6 62
5 6 63
5 6 64
5 6 65
5 6 66
5 6 67
5 6 68
5 6 69
5 6 70
5 6 71
5 6 72
5 6 73
5 6 74
5 6 75
5 6 76
5 6 77
5 6 78
5 6 79
5 6 80
5 6 81
5 6 82
5 6 83
5 6 84
5 6 85
5 6 86
5 6 87
5 6 88
5 6 89
5 6 90
5 6 91
5 6 92
5 6 93
5 6 94
5 6 95
5 6 96
5 6 97
5 6 98
5 6 99
5 6 100
5 6 101
5 6 102
5 6 103
5 6 104
5 6 105
5 6 106
5 6 107
5 6 108
5 6 109
5 6 110
5 6 111
5 6 112
5 6 113
5 6 114
5 6 115
5 6 116
5 6 117
5 6 118
5 6 119
5 6 120
5 6 121
5 6 122
5 6 123
5 6 124
5 6 125
5 6 126
5 6 127
5 6 128
5 6 129
5 6 130
5 6 131
5 6 132
5 6 133
5 6 134
5 6 135
5 6 136
5 6 137
5 6 138
5 6 139
5 6 140
5 6 141
5 6 142
5 6 143
5 6 144
5 6 145
5 6 146
5 6 147
5 6 148
5 6 149
5 6 150
5 6 151
5 6 152
5 6 153
5 6 154
5 6 155
5 6 156
5 6 157
5 6 158
5 6 159
5 6 160
5 6 161
5 6 162
5 6 163
5 6 164
5 6 165
5 6 166
5 6 167
5 6 168
5 6 169
5 6 170
5 6 171
5 6 172
5 6 173
5 6 174
5 6 175
5 6 176
5 6 177
5 6 178
5 6 179
5 6 180
5 6 181
5 6 182
5 6 183
5 6 184
5 6 185
5 6 186
5 6 187
5 6 188
5 6 189
5 6 190
5 6 191
5 6 192
5 6 193
5 6 194
5 6 195
5 6 196
5 6 197
5 6 198
5 6 199
5 6 200
5 6 201
5 6 202
5 6 203
5 6 204
5 6 205
5 6 206
5 6 207
5 6 208
5 6 209
5 6 210
5 6 211
5 6 212
5 6 213
5 6 214
5 6 215
5 6 216
5 6 217
5 6 218
5 6 219
5 6 220
5 6 221
5 6 222
5 6 223
5 6 224
5 6 225
5 6 226
5 6 227
5 6 228
5 6 229
5 6 230
5 6 231
5 6 232
5 6 233
5 6 234
5 6 235
5 6 236
5 6 237
5 6 238
5 6 239
5 6 240
5 6 241
5 6 242
5 6 243
5 6 244
5 6 245
5 6 246
5 6 247
5 6 248
5 6 249
5 6 250
5 6 251
5 6 252
5 6 253
5 6 254
5 6 255
5 6 256
5 6 257
5 6 258
5 6 259
5 6 260
5 6 261
5 6 262
5 6 263
5 6 264
5 6 265
5 6 266
5 6 267
5 6 268
5 6 269
5 6 270
5 6 271
5 6 272
5 6 273
5 6 274
5 6 275
5 6 276
5 6 277
5 6 278
5 6 279
5 6 280
5 6 281
5 6 282
5 6 283
5 6 284
5 6 285
5 6 286
5 6 287
5 6 288
5 6 289
5 6 290
5 6 291
5 6 292
5 6 293
5 6 294
5 6 295
5 6 296
5 6 297
5 6 298
5 6 299
5 6 300
5 6 301
5 6 302
5 6 303
5 6 304
5 6 305
5 6 306
5 6 307
5 6 308
5 6 309
5 6 310
5 6 311
5 6 312
5 6 313
5 6 314
5 6 315
5 6 316
5 6 317
5 6 318
5 6 319
5 6 320
5 6 321
5 6 322
5 6 323
5 6 324
5 6 325
5 6 326
5 6 327
5 6 328
5 6 329
5 6 330
5 6 331
5 6 332
5 6 333
5 6 334
5 6 335
5 6 336
5 6 337
5 6 338
5 6 339
5 6 340
5 6 341
5 6 342
5 6 343
5 6 344
5 6 345
5 6 346
5 6 347
5 6 348
5 6 349
5 6 350
5 6 351
5 6 352
5 6 353
5 6 354
5 6 355
5 6 356
5 6 357
5 6 358
5 6 359
5 6 360
5 6 361
5 6 362
5 6 363
5 6 364
5 6 365
5 6 366
5 6 367
5 6 368
5 6 369
5 6 370
5 6 371
5 6 372
5 6 373
5 6 374
5 6 375
5 6 376
5 6 377
5 6 378
5 6 379
5 6 380
5 6 381
5 6 382
5 6 383
5 6 384
5 6 385
5 6 386
5 6 387
5 6 388
5 6 389
5 6 390
5 6 391
5 6 392
5 6 393
5 6 394
5 6 395
5 6 396
5 6 397
5 6 398
5 6 399
5 6 400
5 6 401
5 6 402
5 6 403
5 6 404
5 6 405
5 6 406
5 6 407
5 6 408
5 6 409
5 6 410
5 6 411
5 6 412
5 6 413
5 6 414
5 6 415
5 6 416
5 6 417
5 6 418
5 6 419
5 6 420
5 6 421
5 6 422
5 6 423
5 6 424
5 6 425
5 6 426
5 6 427
5 6 428
5 6 429
5 6 430
5 6 431
5 6 432
5 6 433
5 6 434
5 6 435
5 6 436
5 6 437
5 6 438
5 6 439
5 6 440
5 6 441
5 6 442
5 6 443
5 6 444
5 6 445
5 6 446
5 6 447
5 6 448
5 6 449
5 6 450
5 6 451
5 6 452
5 6 453
5 6 454
5 6 455
5 6 456
5 6 457
5 6 458
5 6 459
5 6 460
5 6 461
5 6 462
5 6 463
5 6 464
5 6 465
5 6 466
5 6 467
5 6 468
5 6 469
5 6 470
5 6 471
5 6 472
5 6 473
5 6 474
5 6 475
5 6 476
5 6 477
5 6 478
5 6 479
5 6 480
5 6 481
5 6 482
5 6 483
5 6 484
5 6 485
5 6 486
5 6 487
5 6 488
5 6 489
5 6 490
5 6 491
5 6 492
5 6 493
5 6 494
5 6 495
5 6 496
5 6 497
5 6 498
5 6 499
5 6 500
5 6 501
5 6 502
5 6 503
5 6 504
5 6 505
5 6 506
5 6 507
5 6 508
5 6 509
5 6 510
5 6 511
5 6 512
5 6 513
5 6 514
5 6 515
5 6 516
5 6 517
5 6 518
5 6 519
5 6 520
5 6 521
5 6 522
5 6 523
5 6 524
5 6 525
5 6 526
5 6 527
5 6 528
5 6 529
5 6 530
5 6 531
5 6 532
5 6 533
5 6 534
5 6 535
5 6 536
5 6 537
5 6 538
5 6 539
5 6 540
5 6 541
5 6 542
5 6 543
5 6 544
5 6 545
5 6 546
5 6 547
5 6 548
5 6 549
5 6 550
5 6 551
5 6 552
5 6 553
5 6 554
5 6 555
5 6 556
5 6 557
5 6 558
5 6 559
5 6 560
5 6 561
5 6 562
5 6 563
5 6 564
5 6 565
5 6 566
5 6 567
5 6 568
5 6 569
5 6 570
5 6 571
5 6 572
5 6 573
5 6 574
5 6 575
5 6 576
5 6 577
5 6 578
5 6 579
5 6 580
5 6 581
5 6 582
5 6 583
5 6 584
5 6 585
5 6 586
5 6 587
5 6 588
5 6 589
5 6 590
5 6 591
5 6 592
5 6 593
5 6 594
5 6 595
5 6 596
5 6 597
5 6 598
5 6 599
5 6 600
5 6 601
5 6 602
5 6 603
5 6 604
5 6 605
5 6 606
5 6 607
5 6 608
5 6 609
5 6 610
5 6 611
5 6 612
5 6 613
5 6 614
5 6 615
5 6 616
5 6 617
5 6 618
5 6 619
5 6 620
5 6 621
5 6 622
5 6 623
5 6 624
5 6 625
5 6 626
5 6 627
5 6 628
5 6 629
5 6 630
5 6 631
5 6 632
5 6 633
5 6 634
5 6 635
5 6 636
5 6 637
5 6 638
5 6 639
5 6 640
5 6 641
5 6 642
5 6 643
5 6 644
5 6 645
5 6 646
5 6 647
5 6 648
5 6 649
5 6 650
5 6 651
5 6 652
5 6 653
5 6 654
5 6 655
5 6 656
5 6 657
5 6 658
5 6 659
5 6 660
5 6 661
5 6 662
5 6 663
5 6 664
5 6 665
5 6 666
5 6 667
5 6 668
5 6 669
5 6 670
5 6 671
5 6 672
5 6 673
5 6 674
5 6 675
5 6 676
5 6 677
5 6 678
5 6 679
5 6 680
5 6 681
5 6 682
5 6 683
5 6 684
5 6 685
5 6 686
5 6 687
5 6 688
5 6 689
5 6 690
5 6 691
5 6 692
5 6 693
5 6 694
5 6 695
5 6 696
5 6 697
5 6 698
5 6 699
5 6 700
5 6 701
5 6 702
5 6 703
5 6 704
5 6 705
5 6 706
5 6 707
5 6 708
5 6 709
5 6 710
5 6 711
5 6 712
5 6 713
5 6 714
5 6 715
5 6 716
5 6 717
5 6 718
5 6 719
5 6 720
5 6 721
5 6 722
5 6 723
5 6 724
5 6 725
5 6 726
5 6 727
5 6 728
5 6 729
5 6 730
5 6 731
5 6 732
5 6 733
5 6 734
5 6 735
5 6 736
5 6 737
5 6 738
5 6 739
5 6 740
5 6 741
5 6 742
5 6 743
5 6 744
5 6 745
5 6 746
5 6 747
5 6 748
5 6 749
5 6 750
5 6 751
5 6 752
5 6 753
5 6 754
5 6 755
5 6 756
5 6 757
5 6 758
5 6 759
5 6 760
5 6 761
5 6 762
5 6 763
5 6 764
5 6 765
5 6 766
5 6 767
5 6 768
5 6 769
5 6 770
5 6 771
5 6 772
5 6 773
5 6 774
5 6 775
5 6 776
5 6 777
5 6 778
5 6 779
5 6 780
5 6 781
5 6 782
5 6 783
5 6 784
5 6 785
5 6 786
5 6 787
5 6 788
5 6 789
5 6 790
5 6 791
5 6 792
5 6 793
5 6 794
5 6 795
5 6 796
5 6 797
5 6 798
5 6 799
5 6 800
5 6 801
5 6 802
5 6 803
5 6 804
5 6 805
5 6 806
5 6 807
5 6 808
5 6 809
5 6 810
5 6 811
5 6 812
5 6 813
5 6 814
5 6 815
5 6 816
5 6 817
5 6 818
5 6 819
5 6 820
5 6 821
5 6 822
5 6 823
5 6 824
5 6 825
5 6 826
5 6 827
5 6 828
5 6 829
5 6 830
5 6 831
5 6 832
5 6 833
5 6 834
5 6 835
5 6 836
5 6 837
5 6 838
5 6 839
5 6 840
5 6 841
5 6 842
5 6 843
5 6 844
5 6 845
5 6 846
5 6 847
5 6 848
5 6 849
5 6 850
5 6 851
5 6 852
5 6 853
5 6 854
5 6 855
5 6 856
5 6 857
5 6 858
5 6 859
5 6 860
5 6 861
5 6 862
5 6 863
5 6 864
5 6 865
5 6 866
5 6 867
5 6 868
5 6 869
5 6 870
5 6 871
5 6 872
5 6 873
5 6 874
5 6 875
5 6 876
5 6 877
5 6 878
5 6 879
5 6 880
5 6 881
5 6 882
5 6 883
5 6 884
5 6 885
5 6 886
5 6 887
5 6 888
5 6 889
5 6 890
5 6 891
5 6 892
5 6 893
5 6 894
5 6 895
5 6 896
5 6 897
5 6 898
5 6 899
5 6 900
5 6 901
5 6 902
5 6 903
5 6 904
5 6 905
5 6 906
5 6 907
5 6 908
5 6 909
5 6 910
5 6 911
5 6 912
5 6 913
5 6 914
5 6 915
5 6 916
5 6 917
5 6 918
5 6 919
5 6 920
5 6 921
5 6 922
5 6 923
5 6 924
5 6 925
5 6 926
5 6 927
5 6 928
5 6 929
5 6 930
5 6 931
5 6 932
5 6 933
5 6 934
5 6 935
5 6 936
5 6 937
5 6 938
5 6 939
5 6 940
5 6 941
5 6 942
5 6 943
5 6 944
5 6 945
5 6 946
5 6 947
5 6 948
5 6 949
5 6 950
5 6 951
5 6 952
5 6 953
5 6 954
5 6 955
5 6 956
5 6 957
5 6 958
5 6 959
5 6 960
5 6 961
5 6 962
5 6 963
5 6 964
5 6 965
5 6 966
5 6 967
5 6 968
5 6 969
5 6 970
5 6 971
5 6 972
5 6 973
5 6 974
5 6 975
5 6 976
5 6 977
5 6 978
5 6 979
5 6 980
5 6 981
5 6 982
5 6 983
5 6 984
5 6 985
5 6 986
5 6 987
5 6 988
5 6 989
5 6 990
5 6 991
5 6 992
5 6 993
5 6 994
5 6 995
5 6 996
5 6 997
5 6 998
5 6 999
5 6 1000
5 6 1001
5 6 1002
5 6 1003
5 6 1004
5 6 1005
5 6 1006
5 6 1007
5 6 1008
5 6 1009
5 6 1010
5 6 1011
5 6 1012
5 6 1013
5 6 1014
5 6 1015
5 6 1016
5 6 1017
5 6 1018
5 6 1019
5 6 1020
5 6 1021
5 6 1022
5 6 1023
5 6 1024
5 6 1025
5 6 1026
5 6 1027
5 6 1028
5 6 1029
5 6 1030
5 6 1031
5 6 1032
5 6 1033
5 6 1034
5 6 1035
5 6 1036
5 6 1037
5 6 1038
5 6 1039
5 6 1040
5 6 1041
5 6 1042
5 6 1043
5 6 1044
5 6 1045
5 6 1046
5 6 1047
5 6 1048
5 6 1049
5 6 1050
5 6 1051
5 6 1052
5 6 1053
5 6 1054
5 6 1055
5 6 1056
5 6 1057
5 6 1058
5 6 1059
5 6 1060
5 6 1061
5 6 1062
5 6 1063
5 6 1064
5 6 1065
5 6 1066
5 6 1067
5 6 1068
5 6 1069
5 6 1070
5 6 1071
5 6 1072
5 6 1073
5 6 1074
5 6 1075
5 6 1076
5 6 1077
5 6 1078
5 6 1079
5 6 1080
5 6 1081
5 6 1082
5 6 1083
5 6 1084
5 6 1085
5 6 1086
5 6 1087
5 6 1088
5 6 1089
5 6 1090
5 6 1091
5 6 1092
5 6 1093
5 6 1094
5 6 1095
5 6 1096
5 6 1097
5 6 1098
5 6 1099
5 6 1100
5 6 1101
5 6 1102
5 6 1103
5 6 1104
5 6 1105
5 6 1106
5 6 1107
5 6 1108
5 6 1109
5 6 1110
5 6 1111
5 6 1112
5 6 1113
5 6 1114
5 6 1115
5 6 1116
5 6 1117
5 6 1118
5 6 1119
5 6 1120
5 6 1121
5 6 1122
5 6 1123
5 6 1124
5 6 1125
5 6 1126
5 6 1127
5 6 1128
5 6 1129
5 6 1130
5 6 1131
5 6 1132
5 6 1133
5 6 1134
5 6 1135
5 6 1136
5 6 1137
5 6 1138
5 6 1139
5 6 1140
5 6 1141
5 6 1142
5 6 1143
5 6 1144
5 6 1145
5 6 1146
5 6 1147
5 6 1148
5 6 1149
5 6 1150
5 6 1151
5 6 1152
5 6 1153
5 6 1154
5 6 1155
5 6 1156
5 6 1157
5 6 1158
5 6 1159
5 6 1160
5 6 1161
5 6 1162
5 6 1163
5 6 1164
5 6 1165
5 6 1166
5 6 1167
5 6 1168
5 6 1169
5 6 1170
5 6 1171
5 6 1172
5 6 1173
5 6 1174
5 6 1175
5 6 1176
5 6 1177
5 6 1178
5 6 1179
5 6 1180
5 6 1181
5 6 1182
5 6 1183
5 6 1184
5 6 1185
5 6 1186
5 6 1187
5 6 1188
5 6 1189
5 6 1190
5 6 1191
5 6 1192
5 6 1193
5 6 1194
5 6 1195
5 6 1196
5 6 1197
5 6 1198
5 6 1199
5 6 1200
5 6 1201
5 6 1202
5 6 1203
5 6 1204
5 6 1205
5 6 1206
5 6 1207
5 6 1208
5 6 1209
5 6 1210
5 6 1211
5 6 1212
5 6 1213
5 6 1214
5 6 1215
5 6 1216
5 6 1217
5 6 1218
5 6 1219
5 6 1220
5 6 1221
5 6 1222
5 6 1223
5 6 1224
5 6 1225
5 6 1226
5 6 1227
5 6 1228
5 6 1229
5 6 1230
5 6 1231
5 6 1232
5 6 1233
5 6 1234
5 6 1235
5 6 1236
5 6 1237
5 6 1238
5 6 1239
5 6 1240
5 6 1241
5 6 1242
5 6 1243
5 6 1244
5 6 1245
5 6 1246
5 6 1247
5 6 1248
5 6 1249
5 6 1250
5 6 1251
5 6 1252
5 6 1253
5 6 1254
5 6 1255
5 6 1256
5 6 1257
5 6 1258
5 6 1259
5 6 1260
5 6 1261
5 6 1262
5 6 1263
5 6 1264
5 6 1265
5 6 1266
5 6 1267
5 6 1268
5 6 1269
5 6 1270
5 6 1271
5 6 1272
5 6 1273
5 6 1274
5 6 1275
5 6 1276
5 6 1277
5 6 1278
5 6 1279
5 6 1280
5 6 1281
5 6 1282
5 6 1283
5 6 1284
5 6 1285
5 6 1286
5 6 1287
5 6 1288
5 6 1289
5 6 1290
5 6 1291
5 6 1292
5 6 1293
5 6 1294
5 6 1295
5 6 1296
5 6 1297
5 6 1298
5 6 1299
5 6 1300
5 6 1301
5 6 1302
5 6 1303
5 6 1304
5 6 1305
5 6 1306
5 6 1307
5 6 1308
5 6 1309
5 6 1310
5 6 1311
5 6 1312
5 6 1313
5 6 1314
5 6 1315
5 6 1316
5 6 1317
5 6 1318
5 6 1319
5 6 1320
5 6 1321
5 6 1322
5 6 1323
5 6 1324
5 6 1325
5 6 1326
5 6 1327
5 6 1328
5 6 1329
5 6 1330
5 6 1331
5 6 1332
5 6 1333
5 6 1334
5 6 1335
5 6 1336
5 6 1337
5 6 1338
5 6 1339
5 6 1340
5 6 1341
5 6 1342
5 6 1343
5 6 1344
5 6 1345
5 6 1346
5 6 1347
5 6 1348
5 6 1349
5 6 1350
5 6 1351
5 6 1352
5 6 1353
5 6 1354
5 6 1355
5 6 1356
5 6 1357
5 6 1358
5 6 1359
5 6 1360
5 6 1361
5 6 1362
5 6 1363
5 6 1364
5 6 1365
5 6 1366
5 6 1367
5 6 1368
5 6 1369
5 6 1370
5 6 1371
5 6 1372
5 6 1373
5 6 1374
5 6 1375
5 6 1376
5 6 1377
5 6 1378
5 6 1379
5 6 1380
5 6 1381
5 6 1382
5 6 1383
5 6 1384
5 6 1385
5 6 1386
5 6 1387
5 6 1388
5 6 1389
5 6 1390
5 6 1391
5 6 1392
5 6 1393
5 6 1394
5 6 1395
5 6 1396
5 6 1397
5 6 1398
5 6 1399
5 6 1400
5 6 1401
5 6 1402
5 6 1403
5 6 1404
5 6 1405
5 6 1406
5 6 1407
5 6 1408
5 6 1409
5 6 1410
5 6 1411
5 6 1412
5 6 1413
5 6 1414
5 6 1415
5 6 1416
5 6 1417
5 6 1418
5 6 1419
5 6 1420
5 6 1421
5 6 1422
5 6 1423
5 6 1424
5 6 1425
5 6 1426
5 6 1427
5 6 1428
5 6 1429
5 6 1430
5 6 1431
5 6 1432
5 6 1433
5 6 1434
5 6 1435
5 6 1436
5 6 1437
5 6 1438
5 6 1439
5 6 1440
5 6 1441
5 6 1442
5 6 1443
5 6 1444
5 6 1445
5 6 1446
5 6 1447
5 6 1448
5 6 1449
5 6 1450
5 6 1451
5 6 1452
5 6 1453
5 6 1454
5 6 1455
5 6 1456
5 6 1457
5 6 1458
5 6 1459
5 6 1460
5 6 1461
5 6 1462
5 6 1463
5 6 1464
5 6 1465
5 6 1466
5 6 1467
5 6 1468
5 6 1469
5 6 1470
5 6 1471
5 6 1472
5 6 1473
5 6 1474
5 6 1475
5 6 1476
5 6 1477
5 6 1478
5 6 1479
5 6 1480
5 6 1481
5 6 1482
5 6 1483
5 6 1484
5 6 1485
5 6 1486
5 6 1487
5 6 1488
5 6 1489
5 6 1490
5 6 1491
5 6 1492
5 6 1493
5 6 1494
5 6 1495
5 6 1496
5 6 1497
5 6 1498
5 6 1499
5 6 1500
5 6 1501
5 6 1502
5 6 1503
5 6 1504
5 6 1505
5 6 1506
5 6 1507
5 6 1508
5 6 1509
5 6 1510
5 6 1511
5 6 1512
5 6 1513
5 6 1514
5 6 1515
5 6 1516
5 6 1517
5 6 1518
5 6 1519
5 6 1520
5 6 1521
5 6 1522
5 6 1523
5 6 1524
5 6 1525
5 6 1526
5 6 1527
5 6 1528
5 6 1529
5 6 1530
5 6 1531
5 6 1532
5 6 1533
5 6 1534
5 6 1535
5 6 1536
5 6 1537
5 6 1538
5 6 1539
5 6 1540
5 6 1541
5 6 1542
5 6 1543
5 6 1544
5 6 1545
5 6 1546
5 6 1547
5 6 1548
5 6 1549
5 6 1550
5 6 1551
5 6 1552
5 6 1553
5 6 1554
5 6 1555
5 6 1556
5 6 1557
5 6 1558
5 6 1559
5 6 1560
5 6 1561
5 6 1562
5 6 1563
5 6 1564
5 6 1565
5 6 1566
5 6 1567
5 6 1568
5 6 1569
5 6 1570
5 6 1571
5 6 1572
5 6 1573
5 6 1574
5 6 1575
5 6 1576
5 6 1577
5 6 1578
5 6 1579
5 6 1580
5 6 1581
5 6 1582
5 6 1583
5 6 1584
5 6 1585
5 6 1586
5 6 1587
5 6 1588
5 6 1589
5 6 1590
5 6 1591
5 6 1592
5 6 1593
5 6 1594
5 6 1595
5 6 1596
5 6 1597
5 6 1598
5 6 1599
5 6 1600
5 6 1601
5 6 1602
5 6 1603
5 6 1604
5 6 1605
5 6 1606
5 6 1607
5 6 1608
5 6 1609
5 6 1610
5 6 1611
5 6 1612
5 6 1613
5 6 1614
5 6 1615
5 6 1616
5 6 1617
5 6 1618
5 6 1619
5 6 1620
5 6 1621
5 6 1622
5 6 1623
5 6 1624
5 6 1625
5 6 1626
5 6 1627
5 6 1628
5 6 1629
5 6 1630
5 6 1631
5 6 1632
5 6 1633
5 6 1634
5 6 1635
5 6 1636
5 6 1637
5 6 1638
5 6 1639
5 6 1640
5 6 1641
5 6 1642
5 6 1643
5 6 1644
5 6 1645
5 6 1646
5 6 1647
5 6 1648
5 6 1649
5 6 1650
5 6 1651
5 6 1652
5 6 1653
5 6 1654
5 6 1655
5 6 1656
5 6 1657
5 6 1658
5 6 1659
5 6 1660
5 6 1661
5 6 1662
5 6 1663
5 6 1664
5 6 1665
5 6 1666
5 6 1667
5 6 1668
5 6 1669
5 6 1670
5 6 1671
5 6 1672
5 6 1673
5 6 1674
5 6 1675
5 6 1676
5 6 1677
5 6 1678
5 6 1679
5 6 1680
5 6 1681
5 6 1682
5 6 1683
5 6 1684
5 6 1685
5 6 1686
5 6 1687
5 6 1688
5 6 1689
5 6 1690
5 6 1691
5 6 1692
5 6 1693
5 6 1694
5 6 1695
5 6 1696
5 6 1697
5 6 1698
5 6 1699
5 6 1700
5 6 1701
5 6 1702
5 6 1703
5 6 1704
5 6 1705
5 6 1706
5 6 1707
5 6 1708
5 6 1709
5 6 1710
5 6 1711
5 6 1712
5 6 1713
5 6 1714
5 6 1715
5 6 1716
5 6 1717
5 6 1718
5 6 1719
5 6 1720
5 6 1721
5 6 1722
5 6 1723
5 6 1724
5 6 1725
5 6 1726
5 6 1727
5 6 1728
5 6 1729
5 6 1730
5 6 1731
5 6 1732
5 6 1733
5 6 1734
5 6 1735
5 6 1736
5 6 1737
5 6 1738
5 6 1739
5 6 1740
5 6 1741
5 6 1742
5 6 1743
5 6 1744
5 6 1745
5 6 1746
5 6 1747
5 6 1748
5 6 1749
5 6 1750
5 6 1751
5 6 1752
5 6 1753
5 6 1754
5 6 1755
5 6 1756
5 6 1757
5 6 1758
5 6 1759
5 6 1760
5 6 1761
5 6 1762
5 6 1763
5 6 1764
5 6 1765
5 6 1766
5 6 1767
5 6 1768
5 6 1769
5 6 1770
5 6 1771
5 6 1772
5 6 1773
5 6 1774
5 6 1775
5 6 1776
5 6 1777
5 6 1778
5 6 1779
5 6 1780
5 6 1781
5 6 1782
5 6 1783
5 6 1784
5 6 1785
5 6 1786
5 6 1787
5 6 1788
5 6 1789
5 6 1790
5 6 1791
5 6 1792
5 6 1793
5 6 1794
5 6 1795
5 6 1796
5 6 1797
5 6 1798
5 6 1799
5 6 1800
5 6 1801
5 6 1802
5 6 1803
5 6 1804
5 6 1805
5 6 1806
5 6 1807
5 6 1808
5 6 1809
5 6 1810
5 6 1811
5 6 1812
5 6 1813
5 6 1814
5 6 1815
5 6 1816
5 6 1817
5 6 1818
5 6 1819
5 6 1820
5 6 1821
5 6 1822
5 6 1823
5 6 1824
5 6 1825
5 6 1826
5 6 1827
5 6 1828
5 6 1829
5 6 1830
5 6 1831
5 6 1832
5 6 1833
5 6 1834
5 6 1835
5 6 1836
5 6 1837
5 6 1838
5 6 1839
5 6 1840
5 6 1841
5 6 1842
5 6 1843
5 6 1844
5 6 1845
5 6 1846
5 6 1847
5 6 1848
5 6 1849
5 6 1850
5 6 1851
5 6 1852
5 6 1853
5 6 1854
5 6 1855
5 6 1856
5 6 1857
5 6 1858
5 6 1859
5 6 1860
5 6 1861
5 6 1862
5 6 1863
5 6 1864
5 6 1865
5 6 1866
5 6 1867
5 6 1868
5 6 1869
5 6 1870
5 6 1871
5 6 1872
5 6 1873
5 6 1874
5 6 1875
5 6 1876
5 6 1877
5 6 1878
5 6 1879
5 6 1880
5 6 1881
5 6 1882
5 6 1883
5 6 1884
5 6 1885
5 6 1886
5 6 1887
5 6 1888
5 6 1889
5 6 1890
5 6 1891
5 6 1892
5 6 1893
5 6 1894
5 6 1895
5 6 1896
5 6 1897
5 6 1898
5 6 1899
5 6 1900
5 6 1901
5 6 1902
5 6 1903
5 6 1904
5 6 1905
5 6 1906
5 6 1907
5 6 1908
5 6 1909
5 6 1910
5 6 1911
5 6 1912
5 6 1913
5 6 1914
5 6 1915
5 6 1916
5 6 1917
5 6 1918
5 6 1919
5 6 1920
5 6 1921
5 6 1922
5 6 1923
5 6 1924
5 6 1925
5 6 1926
5 6 1927
5 6 1928
5 6 1929
5 6 1930
5 6 1931
5 6 1932
5 6 1933
5 6 1934
5 6 1935
5 6 1936
5 6 1937
5 6 1938
5 6 1939
5 6 1940
5 6 1941
5 6 1942
5 6 1943
5 6 1944
5 6 1945
5 6 1946
5 6 1947
5 6 1948
5 6 1949
5 6 1950
5 6 1951
5 6 1952
5 6 1953
5 6 1954
5 6 1955
5 6 1956
5 6 1957
5 6 1958
5 6 1959
5 6 1960
5 6 1961
5 6 1962
5 6 1963
5 6 1964
5 6 1965
5 6 1966
5 6 1967
5 6 1968
5 6 1969
5 6 1970
5 6 1971
5 6 1972
5 6 1973
5 6 1974
5 6 1975
5 6 1976
5 6 1977
5 6 1978
5 6 1979
5 6 1980
5 6 1981
5 6 1982
5 6 1983
5 6 1984
5 6 1985
5 6 1986
5 6 1987
5 6 1988
5 6 1989
5 6 1990
5 6 1991
5 6 1992
5 6 1993
5 6 1994
5 6 1995
5 6 1996
5 6 1997
5 6 1998
5 6 1999
5 6 2000
5 6 2001
5 6 2002
5 6 2003
5 6 2004
5 6 2005
5 6 2006
5 6 2007
5 6 2008
5 6 2009
5 6 2010
5 6 2011
5 6 2012
5 6 2013
5 6 2014
5 6 2015
5 6 2016
5 6 2017
5 6 2018
5 6 2019
5 6 2020
5 6 2021
5 6 2022
5 6 2023
5 6 2024
5 6 2025
5 6 2026
5 6 2027
5 6 2028
5 6 2029
5 6 2030
5 6 2031
5 6 2032
5 6 2033
5 6 2034
5 6 2035
5 6 2036
5 6 2037
5 6 2038
5 6 2039
5 6 2040
5 6 2041
5 6 2042
5 6 2043
5 6 2044
5 6 2045
5 6 2046
5 6 2047
5 6 2048
5 6 2049
5 6 2050
5 6 2051
5 6 2052
5 6 2053
5 6 2054
5 6 2055
5 6 2056
5 6 2057
5 6 2058
5 6 2059
5 6 2060
5 6 2061
5 6 2062
5 6 2063
5 6 2064
5 6 2065
5 6 2066
5 6 2067
5 6 2068
5 6 2069
5 6 2070
5 6 2071
5 6 2072
5 6 2073
5 6 2074
5 6 2075
5 6 2076
5 6 2077
5 6 2078
5 6 2079
5 6 2080
5 6 2081
5 6 2082
5 6 2083
5 6 2084
5 6 2085
5 6 2086
5 6 2087
5 6 2088
5 6 2089
5 6 2090
5 6 2091
5 6 2092
5 6 2093
5 6 2094
5 6 2095
5 6 2096
5 6 2097
5 6 2098
5 6 2099
5 6 2100
5 6 2101
5 6 2102
5 6 2103
5 6 2104
5 6 2105
5 6 2106
5 6 2107
5 6 2108
5 6 2109
5 6 2110
5 6 2111
5 6 2112
5 6 2113
5 6 2114
5 6 2115
5 6 2116
5 6 2117
5 6 2118
5 6 2119
5 6 2120
5 6 2121
5 6 2122
5 6 2123
5 6 2124
5 6 2125
5 6 2126
5 6 2127
5 6 2128
5 6 2129
5 6 2130
5 6 2131
5 6 2132
5 6 2133
5 6 2134
5 6 2135
5 6 2136
5 6 2137
5 6 2138
5 6 2139
5 6 2140
5 6 2141
5 6 2142
5 6 2143
5 6 2144
5 6 2145
5 6 2146
5 6 2147
5 6 2148
5 6 2149
5 6 2150
5 6 2151
5 6 2152
5 6 2153
5 6 2154
5 6 2155
5 6 2156
5 6 2157
5 6 2158
5 6 2159
5 6 2160
5 6 2161
5 6 2162
5 6 2163
5 6 2164
5 6 2165
5 6 2166
5 6 2167
5 6 2168
5 6 2169
5 6 2170
5 6 2171
5 6 2172
5 6 2173
5 6 2174
5 6 2175
5 6 2176
5 6 2177
5 6 2178
5 6 2179
5 6 2180
5 6 2181
5 6 2182
5 6 2183
5 6 2184
5 6 2185
5 6 2186
5 6 2187
5 6 2188
5 6 2189
5 6 2190
5 6 2191
5 6 2192
5 6 2193
5 6 2194
5 6 2195
5 6 2196
5 6 2197
5 6 2198
5 6 2199
5 6 2200
5 6 2201
5 6 2202
5 6 2203
5 6 2204
5 6 2205
5 6 2206
5 6 2207
5 6 2208
5 6 2209
5 6 2210
5 6 2211
5 6 2212
5 6 2213
5 6 2214
5 6 2215
5 6 2216
5 6 2217
5 6 2218
5 6 2219
5 6 2220
5 6 2221
5 6 2222
5 6 2223
5 6 2224
5 6 2225
5 6 2226
5 6 2227
5 6 2228
5 6 2229
5 6 2230
5 6 2231
5 6 2232
5 6 2233
5 6 2234
5 6 2235
5 6 2236
5 6 2237
5 6 2238
5 6 2239
5 6 2240
5 6 2241
5 6 2242
5 6 2243
5 6 2244
5 6 2245
5 6 2246
5 6 2247
5 6 2248
5 6 2249
5 6 2250
5 6 2251
5 6 2252
5 6 2253
5 6 2254
5 6 2255
5 6 2256
5 6 2257
5 6 2258
5 6 2259
5 6 2260
5 6 2261
5 6 2262
5 6 2263
5 6 2264
5 6 2265
5 6 2266
5 6 2267
5 6 2268
5 6 2269
5 6 2270
5 6 2271
5 6 2272
5 6 2273
5 6 2274
5 6 2275
5 6 2276
5 6 2277
5 6 2278
5 6 2279
5 6 2280
5 6 2281
5 6 2282
5 6 2283
5 6 2284
5 6 2285
5 6 2286
5 6 2287
5 6 2288
5 6 2289
5 6 2290
5 6 2291
5 6 2292
5 6 2293
5 6 2294
5 6 2295
5 6 2296
5 6 2297
5 6 2298
5 6 2299
5 6 2300
5 6 2301
5 6 2302
5 6 2303
5 6 2304
5 6 2305
5 6 2306
5 6 2307
5 6 2308
5 6 2309
5 6 2310
5 6 2311
5 6 2312
5 6 2313
5 6 2314
5 6 2315
5 6 2316
5 6 2317
5 6 2318
5 6 2319
5 6 2320
5 6 2321
5 6 2322
5 6 2323
5 6 2324
5 6 2325
5 6 2326
5 6 2327
5 6 2328
5 6 2329
5 6 2330
5 6 2331
5 6 2332
5 6 2333
5 6 2334
5 6 2335
5 6 2336
5 6 2337
5 6 2338
5 6 2339
5 6 2340
5 6 2341
5 6 2342
5 6 2343
5 6 2344
5 6 2345
5 6 2346
5 6 2347
5 6 2348
5 6 2349
5 6 2350
5 6 2351
5 6 2352
5 6 2353
5 6 2354
5 6 2355
5 6 2356
5 6 2357
5 6 2358
5 6 2359
5 6 2360
5 6 2361
5 6 2362
5 6 2363
5 6 2364
5 6 2365
5 6 2366
5 6 2367
5 6 2368
5 6 2369
5 6 2370
5 6 2371
5 6 2372
5 6 2373
5 6 2374
5 6 2375
5 6 2376
5 6 2377
5 6 2378
5 6 2379
5 6 2380
5 6 2381
5 6 2382
5 6 2383
5 6 2384
5 6 2385
5 6 2386
5 6 2387
5 6 2388
5 6 2389
5 6 2390
5 6 2391
5 6 2392
5 6 2393
5 6 2394
5 6 2395
5 6 2396
5 6 2397
5 6 2398
5 6 2399
5 6 2400
5 6 2401
5 6 2402
5 6 2403
5 6 2404
5 6 2405
5 6 2406
5 6 2407
5 6 2408
5 6 2409
5 6 2410
5 6 2411
5 6 2412
5 6 2413
5 6 2414
5 6 2415
5 6 2416
5 6 2417
5 6 2418
5 6 2419
5 6 2420
5 6 2421
5 6 2422
5 6 2423
5 6 2424
5 6 2425
5 6 2426
5 6 2427
5 6 2428
5 6 2429
5 6 2430
5 6 2431
5 6 2432
5 6 2433
5 6 2434
5 6 2435
5 6 2436
5 6 2437
5 6 2438
5 6 2439
5 6 2440
5 6 2441
5 6 2442
5 6 2443
5 6 2444
5 6 2445
5 6 2446
5 6 2447
5 6 2448
5 6 2449
5 6 2450
5 6 2451
5 6 2452
5 6 2453
5 6 2454
5 6 2455
5 6 2456
5 6 2457
5 6 2458
5 6 2459
5 6 2460
5 6 2461
5 6 2462
5 6 2463
5 6 2464
5 6 2465
5 6 2466
5 6 2467
5 6 2468
5 6 2469
5 6 2470
5 6 2471
5 6 2472
5 6 2473
5 6 2474
5 6 2475
5 6 2476
5 6 2477
5 6 2478
5 6 2479
5 6 2480
5 6 2481
5 6 2482
5 6 2483
5 6 2484
5 6 2485
5 6 2486
5 6 2487
5 6 2488
5 6 2489
5 6 2490
5 6 2491
5 6 2492
5 6 2493
5 6 2494
5 6 2495
5 6 2496
5 6 2497
5 6 2498
5 6 2499
5 6 2500
5 6 2501
5 6 2502
5 6 2503
5 6 2504
5 6 2505
5 6 2506
5 6 2507
5 6 2508
5 6 2509
5 6 2510
5 6 2511
5 6 2512
5 6 2513
5 6 2514
5 6 2515
5 6 2516
5 6 2517
5 6 2518
5 6 2519
5 6 2520
5 6 2521
5 6 2522
5 6 2523
5 6 2524
5 6 2525
5 6 2526
5 6 2527
5 6 2528
5 6 2529
5 6 2530
5 6 2531
5 6 2532
5 6 2533
5 6 2534
5 6 2535
5 6 2536
5 6 2537
5 6 2538
5 6 2539
5 6 2540
5 6 2541
5 6 2542
5 6 2543
5 6 2544
5 6 2545
5 6 2546
5 6 2547
5 6 2548
5 6 2549
5 6 2550
5 6 2551
5 6 2552
5 6 2553
5 6 2554
5 6 2555
5 6 2556
5 6 2557
5 6 2558
5 6 2559
5 6 2560
5 6 2561
5 6 2562
5 6 2563
5 6 2564
5 6 2565
5 6 2566
5 6 2567
5 6 2568
5 6 2569
5 6 2570
5 6 2571
5 6 2572
5 6 2573
5 6 2574
5 6 2575
5 6 2576
5 6 2577
5 6 2578
5 6 2579
5 6 2580
5 6 2581
5 6 2582
5 6 2583
5 6 2584
5 6 2585
5 6 2586
5 6 2587
5 6 2588
5 6 2589
5 6 2590
5 6 2591
5 6 2592
5 6 2593
5 6 2594
5 6 2595
5 6 2596
5 6 2597
5 6 2598
5 6 2599
5 6 2600
5 6 2601
5 6 2602
5 6 2603
5 6 2604
5 6 2605
5 6 2606
5 6 2607
5 6 2608
5 6 2609
5 6 2610
5 6 2611
5 6 2612
5 6 2613
5 6 2614
5 6 2615
5 6 2616
5 6 2617
5 6 2618
5 6 2619
5 6 2620
5 6 2621
5 6 2622
5 6 2623
5 6 2624
5 6 2625
5 6 2626
5 6 2627
5 6 2628
5 6 2629
5 6 2630
5 6 2631
5 6 2632
5 6 2633
5 6 2634
5 6 2635
5 6 2636
5 6 2637
5 6 2638
5 6 2639
5 6 2640
5 6 2641
5 6 2642
5 6 2643
5 6 2644
5 6 2645
5 6 2646
5 6 2647
5 6 2648
5 6 2649
5 6 2650
5 6 2651
5 6 2652
5 6 2653
5 6 2654
5 6 2655
5 6 2656
5 6 2657
5 6 2658
5 6 2659
5 6 2660
5 6 2661
5 6 2662
5 6 2663
5 6 2664
5 6 2665
5 6 2666
5 6 2667
5 6 2668
5 6 2669
5 6 2670
5 6 2671
5 6 2672
5 6 2673
5 6 2674
5 6 2675
5 6 2676
5 6 2677
5 6 2678
5 6 2679
5 6 2680
5 6 2681
5 6 2682
5 6 2683
5 6 2684
5 6 2685
5 6 2686
5 6 2687
5 6 2688
5 6 2689
5 6 2690
5 6 2691
5 6 2692
5 6 2693
5 6 2694
5 6 2695
5 6 2696
5 6 2697
5 6 2698
5 6 2699
5 6 2700
5 6 2701
5 6 2702
5 6 2703
5 6 2704
5 6 2705
5 6 2706
5 6 2707
5 6 2708
5 6 2709
5 6 2710
5 6 2711
5 6 2712
5 6 2713
5 6 2714
5 6 2715
5 6 2716
5 6 2717
5 6 2718
5 6 2719
5 6 2720
5 6 2721
5 6 2722
5 6 2723
5 6 2724
5 6 2725
5 6 2726
5 6 2727
5 6 2728
5 6 2729
5 6 2730
5 6 2731
5 6 2732
5 6 2733
5 6 2734
5 6 2735
5 6 2736
5 6 2737
5 6 2738
5 6 2739
5 6 2740
5 6 2741
5 6 2742
5 6 2743
5 6 2744
5 6 2745
5 6 2746
5 6 2747
5 6 2748
5 6 2749
5 6 2750
5 6 2751
5 6 2752
5 6 2753
5 6 2754
5 6 2755
5 6 2756
5 6 2757
5 6 2758
5 6 2759
5 6 2760
5 6 2761
5 6 2762
5 6 2763
5 6 2764
5 6 2765
5 6 2766
5 6 2767
5 6 2768
5 6 2769
5 6 2770
5 6 2771
5 6 2772
5 6 2773
5 6 2774
5 6 2775
5 6 2776
5 6 2777
5 6 2778
5 6 2779
5 6 2780
5 6 2781
5 6 2782
5 6 2783
5 6 2784
5 6 2785
5 6 2786
5 6 2787
5 6 2788
5 6 2789
5 6 2790
5 6 2791
5 6 2792
5 6 2793
5 6 2794
5 6 2795
5 6 2796
5 6 2797
5 6 2798
5 6 2799
5 6 2800
5 6 2801
5 6 2802
5 6 2803
5 6 2804
5 6 2805
5 6 2806
5 6 2807
5 6 2808
5 6 2809
5 6 2810
5 6 2811
5 6 2812
5 6 2813
5 6 2814
5 6 2815
5 6 2816
5 6 2817
5 6 2818
5 6 2819
5 6 2820
5 6 2821
5 6 2822
5 6 2823
5 6 2824
5 6 2825
5 6 2826
5 6 2827
5 6 2828
5 6 2829
5 6 2830
5 6 2831
5 6 2832
5 6 2833
5 6 2834
5 6 2835
5 6 2836
5 6 2837
5 6 2838
5 6 2839
5 6 2840
5 6 2841
5 6 2842
5 6 2843
5 6 2844
5 6 2845
5 6 2846
5 6 2847
5 6 2848
5 6 2849
5 6 2850
5 6 2851
5 6 2852
5 6 2853
5 6 2854
5 6 2855
5 6 2856
5 6 2857
5 6 2858
5 6 2859
5 6 2860
5 6 2861
5 6 2862
5 6 2863
5 6 2864
5 6 2865
5 6 2866
5 6 2867
5 6 2868
5 6 2869
5 6 2870
5 6 2871
5 6 2872
5 6 2873
5 6 2874
5 6 2875
5 6 2876
5 6 2877
5 6 2878
5 6 2879
5 6 2880
5 6 2881
5 6 2882
5 6 2883
5 6 2884
5 6 2885
5 6 2886
5 6 2887
5 6 2888
5 6 2889
5 6 2890
5 6 2891
5 6 2892
5 6 2893
5 6 2894
5 6 2895
5 6 2896
5 6 2897
5 6 2898
5 6 2899
5 6 2900
5 6 2901
5 6 2902
5 6 2903
5 6 2904
5 6 2905
5 6 2906
5 6 2907
5 6 2908
5 6 2909
5 6 2910
5 6 2911
5 6 2912
5 6 2913
5 6 2914
5 6 2915
5 6 2916
5 6 2917
5 6 2918
5 6 2919
5 6 2920
5 6 2921
5 6 2922
5 6 2923
5 6 2924
5 6 2925
5 6 2926
5 6 2927
5 6 2928
5 6 2929
5 6 2930
5 6 2931
5 6 2932
5 6 2933
5 6 2934
5 6 2935
5 6 2936
5 6 2937
5 6 2938
5 6 2939
5 6 2940
5 6 2941
5 6 2942
5 6 2943
5 6 2944
5 6 2945
5 6 2946
5 6 2947
5 6 2948
5 6 2949
5 6 2950
5 6 2951
5 6 2952
5 6 2953
5 6 2954
5 6 2955
5 6 2956
5 6 2957
5 6 2958
5 6 2959
5 6 2960
5 6 2961
5 6 2962
5 6 2963
5 6 2964
5 6 2965
5 6 2966
5 6 2967
5 6 2968
5 6 2969
5 6 2970
5 6 2971
5 6 2972
5 6 2973
5 6 2974
5 6 2975
5 6 2976
5 6 2977
5 6 2978
5 6 2979
5 6 2980
5 6 2981
5 6 2982
5 6 2983
5 6 2984
5 6 2985
5 6 2986
5 6 2987
5 6 2988
5 6 2989
5 6 2990
5 6 2991
5 6 2992
5 6 2993
5 6 2994
5 6 2995
5 6 2996
5 6 2997
5 6 2998
5 6 2999
5 6 3000
5 6 3001
5 6 3002
5 6 3003
5 6 3004
5 6 3005
5 6 3006
5 6 3007
5 6 3008
5 6 3009
5 6 3010
5 6 3011
5 6 3012
5 6 3013
5 6 3014
5 6 3015
5 6 3016
5 6 3017
5 6 3018
5 6 3019
5 6 3020
5 6 3021
5 6 3022
5 6 3023
5 6 3024
5 6 3025
5 6 3026
5 6 3027
5 6 3028
5 6 3029
5 6 3030
5 6 3031
5 6 3032
5 6 3033
5 6 3034
5 6 3035
5 6 3036
5 6 3037
5 6 3038
5 6 3039
5 6 3040
5 6 3041
5 6 3042
5 6 3043
5 6 3044
5 6 3045
5 6 3046
5 6 3047
5 6 3048
5 6 3049
5 6 3050
5 6 3051
5 6 3052
5 6 3053
5 6 3054
5 6 3055
5 6 3056
5 6 3057
5 6 3058
5 6 3059
5 6 3060
5 6 3061
5 6 3062
5 6 3063
5 6 3064
5 6 3065
5 6 3066
5 6 3067
5 6 3068
5 6 3069
5 6 3070
5 6 3071
5 6 3072
5 6 3073
5 6 3074
5 6 3075
5 6 3076
5 6 3077
5 6 3078
5 6 3079
5 6 3080
5 6 3081
5 6 3082
5 6 3083
5 6 3084
5 6 3085
5 6 3086
5 6 3087
5 6 3088
5 6 3089
5 6 3090
5 6 3091
5 6 3092
5 6 3093
5 6 3094
5 6 3095
5 6 3096
5 6 3097
5 6 3098
5 6 3099
5 6 3100
5 6 3101
5 6 3102
5 6 3103
5 6 3104
5 6 3105
5 6 3106
5 6 3107
5 6 3108
5 6 3109
5 6 3110
5 6 3111
5 6 3112
5 6 3113
5 6 3114
5 6 3115
5 6 3116
5 6 3117
5 6 3118
5 6 3119
5 6 3120
5 6 3121
5 6 3122
5 6 3123
5 6 3124
5 6 3125
5 6 3126
5 6 3127
5 6 3128
5 6 3129
5 6 3130
5 6 3131
5 6 3132
5 6 3133
5 6 3134
5 6 3135
5 6 3136
5 6 3137
5 6 3138
5 6 3139
5 6 3140
5 6 3141
5 6 3142
5 6 3143
5 6 3144
5 6 3145
5 6 3146
5 6 3147
5 6 3148
5 6 3149
5 6 3150
5 6 3151
5 6 3152
5 6 3153
5 6 3154
5 6 3155
5 6 3156
5 6 3157
5 6 3158
5 6 3159
5 6 3160
5 6 3161
5 6 3162
5 6 3163
5 6 3164
5 6 3165
5 6 3166
5 6 3167
5 6 3168
5 6 3169
5 6 3170
5 6 3171
5 6 3172
5 6 3173
5 6 3174
5 6 3175
5 6 3176
5 6 3177
5 6 3178
5 6 3179
5 6 3180
5 6 3181
5 6 3182
5 6 3183
5 6 3184
5 6 3185
5 6 3186
5 6 3187
5 6 3188
5 6 3189
5 6 3190
5 6 3191
5 6 3192
5 6 3193
5 6 3194
5 6 3195
5 6 3196
5 6 3197
5 6 3198
5 6 3199
5 6 3200
5 6 3201
5 6 3202
5 6 3203
5 6 3204
5 6 3205
5 6 3206
5 6 3207
5 6 3208
5 6 3209
5 6 3210
5 6 3211
5 6 3212
5 6 3213
5 6 3214
5 6 3215
5 6 3216
5 6 3217
5 6 3218
5 6 3219
5 6 3220
5 6 3221
5 6 3222
5 6 3223
5 6 3224
5 6 3225
5 6 3226
5 6 3227
5 6 3228
5 6 3229
5 6 3230
5 6 3231
5 6 3232
5 6 3233
5 6 3234
5 6 3235
5 6 3236
5 6 3237
5 6 3238
5 6 3239
5 6 3240
5 6 3241
5 6 3242
5 6 3243
5 6 3244
5 6 3245
5 6 3246
5 6 3247
5 6 3248
5 6 3249
5 6 3250
5 6 3251
5 6 3252
5 6 3253
5 6 3254
5 6 3255
5 6 3256
5 6 3257
5 6 3258
5 6 3259
5 6 3260
5 6 3261
5 6 3262
5 6 3263
5 6 3264
5 6 3265
5 6 3266
5 6 3267
5 6 3268
5 6 3269
5 6 3270
5 6 3271
5 6 3272
5 6 3273
5 6 3274
5 6 3275
5 6 3276
5 6 3277
5 6 3278
5 6 3279
5 6 3280
5 6 3281
5 6 3282
5 6 3283
5 6 3284
5 6 3285
5 6 3286
5 6 3287
5 6 3288
5 6 3289
5 6 3290
5 6 3291
5 6 3292
5 6 3293
5 6 3294
5 6 3295
5 6 3296
5 6 3297
5 6 3298
5 6 3299
5 6 3300
5 6 3301
5 6 3302
5 6 3303
5 6 3304
5 6 3305
5 6 3306
5 6 3307
5 6 3308
5 6 3309
5 6 3310
5 6 3311
5 6 3312
5 6 3313
5 6 3314
5 6 3315
5 6 3316
5 6 3317
5 6 3318
5 6 3319
5 6 3320
5 6 3321
5 6 3322
5 6 3323
5 6 3324
5 6 3325
5 6 3326
5 6 3327
5 6 3328
5 6 3329
5 6 3330
5 6 3331
5 6 3332
5 6 3333
5 6 3334
5 6 3335
5 6 3336
5 6 3337
5 6 3338
5 6 3339
5 6 3340
5 6 3341
5 6 3342
5 6 3343
5 6 3344
5 6 3345
5 6 3346
5 6 3347
5 6 3348
5 6 3349
5 6 3350
5 6 3351
5 6 3352
5 6 3353
5 6 3354
5 6 3355
5 6 3356
5 6 3357
5 6 3358
5 6 3359
5 6 3360
5 6 3361
5 6 3362
5 6 3363
5 6 3364
5 6 3365
5 6 3366
5 6 3367
5 6 3368
5 6 3369
5 6 3370
5 6 3371
5 6 3372
5 6 3373
5 6 3374
5 6 3375
5 6 3376
5 6 3377
5 6 3378
5 6 3379
5 6 3380
5 6 3381
5 6 3382
5 6 3383
5 6 3384
5 6 3385
5 6 3386
5 6 3387
5 6 3388
5 6 3389
5 6 3390
5 6 3391
5 6 3392
5 6 3393
5 6 3394
5 6 3395
5 6 3396
5 6 3397
5 6 3398
5 6 3399
5 6 3400
5 6 3401
5 6 3402
5 6 3403
5 6 3404
5 6 3405
5 6 3406
5 6 3407
5 6 3408
5 6 3409
5 6 3410
5 6 3411
5 6 3412
5 6 3413
5 6 3414
5 6 3415
5 6 3416
5 6 3417
5 6 3418
5 6 3419
5 6 3420
5 6 3421
5 6 3422
5 6 3423
5 6 3424
5 6 3425
5 6 3426
5 6 3427
5 6 3428
5 6 3429
5 6 3430
5 6 3431
5 6 3432
5 6 3433
5 6 3434
5 6 3435
5 6 3436
5 6 3437
5 6 3438
5 6 3439
5 6 3440
5 6 3441
5 6 3442
5 6 3443
5 6 3444
5 6 3445
5 6 3446
5 6 3447
5 6 3448
5 6 3449
5 6 3450
5 6 3451
5 6 3452
5 6 3453
5 6 3454
5 6 3455
5 6 3456
5 6 3457
5 6 3458
5 6 3459
5 6 3460
5 6 3461
5 6 3462
5 6 3463
5 6 3464
5 6 3465
5 6 3466
5 6 3467
5 6 3468
5 6 3469
5 6 3470
5 6 3471
5 6 3472
5 6 3473
5 6 3474
5 6 3475
5 6 3476
5 6 3477
5 6 3478
5 6 3479
5 6 3480
5 6 3481
5 6 3482
5 6 3483
5 6 3484
5 6 3485
5 6 3486
5 6 3487
5 6 3488
5 6 3489
5 6 3490
5 6 3491
5 6 3492
5 6 3493
5 6 3494
5 6 3495
5 6 3496
5 6 3497
5 6 3498
5 6 3499
5 6 3500
5 6 3501
5 6 3502
5 6 3503
5 6 3504
5 6 3505
5 6 3506
5 6 3507
5 6 3508
5 6 3509
5 6 3510
5 6 3511
5 6 3512
5 6 3513
5 6 3514
5 6 3515
5 6 3516
5 6 3517
5 6 3518
5 6 3519
5 6 3520
5 6 3521
5 6 3522
5 6 3523
5 6 3524
5 6 3525
5 6 3526
5 6 3527
5 6 3528
5 6 3529
5 6 3530
5 6 3531
5 6 3532
5 6 3533
5 6 3534
5 6 3535
5 6 3536
5 6 3537
5 6 3538
5 6 3539
5 6 3540
5 6 3541
5 6 3542
5 6 3543
5 6 3544
5 6 3545
5 6 3546
5 6 3547
5 6 3548
5 6 3549
5 6 3550
5 6 3551
5 6 3552
5 6 3553
5 6 3554
5 6 3555
5 6 3556
5 6 3557
5 6 3558
5 6 3559
5 6 3560
5 6 3561
5 6 3562
5 6 3563
5 6 3564
5 6 3565
5 6 3566
5 6 3567
5 6 3568
5 6 3569
5 6 3570
5 6 3571
5 6 3572
5 6 3573
5 6 3574
5 6 3575
5 6 3576
5 6 3577
5 6 3578
5 6 3579
5 6 3580
5 6 3581
5 6 3582
5 6 3583
5 6 3584
5 6 3585
5 6 3586
5 6 3587
5 6 3588
5 6 3589
5 6 3590
5 6 3591
5 6 3592
5 6 3593
5 6 3594
5 6 3595
5 6 3596
5 6 3597
5 6 3598
5 6 3599
5 6 3600
5 6 3601
5 6 3602
5 6 3603
5 6 3604
5 6 3605
5 6 3606
5 6 3607
5 6 3608
5 6 3609
5 6 3610
5 6 3611
5 6 3612
5 6 3613
5 6 3614
5 6 3615
5 6 3616
5 6 3617
5 6 3618
5 6 3619
5 6 3620
5 6 3621
5 6 3622
5 6 3623
5 6 3624
5 6 3625
5 6 3626
5 6 3627
5 6 3628
5 6 3629
5 6 3630
5 6 3631
5 6 3632
5 6 3633
5 6 3634
5 6 3635
5 6 3636
5 6 3637
5 6 3638
5 6 3639
5 6 3640
5 6 3641
5 6 3642
5 6 3643
5 6 3644
5 6 3645
5 6 3646
5 6 3647
5 6 3648
5 6 3649
5 6 3650
5 6 3651
5 6 3652
5 6 3653
5 6 3654
5 6 3655
5 6 3656
5 6 3657
5 6 3658
5 6 3659
5 6 3660
5 6 3661
5 6 3662
5 6 3663
5 6 3664
5 6 3665
5 6 3666
5 6 3667
5 6 3668
5 6 3669
5 6 3670
5 6 3671
5 6 3672
5 6 3673
5 6 3674
5 6 3675
5 6 3676
5 6 3677
5 6 3678
5 6 3679
5 6 3680
5 6 3681
5 6 3682
5 6 3683
5 6 3684
5 6 3685
5 6 3686
5 6 3687
5 6 3688
5 6 3689
5 6 3690
5 6 3691
5 6 3692
5 6 3693
5 6 3694
5 6 3695
5 6 3696
5 6 3697
5 6 3698
5 6 3699
5 6 3700
5 6 3701
5 6 3702
5 6 3703
5 6 3704
5 6 3705
5 6 3706
5 6 3707
5 6 3708
5 6 3709
5 6 3710
5 6 3711
5 6 3712
5 6 3713
5 6 3714
5 6 3715
5 6 3716
5 6 3717
5 6 3718
5 6 3719
5 6 3720
5 6 3721
5 6 3722
5 6 3723
5 6 3724
5 6 3725
5 6 3726
5 6 3727
5 6 3728
5 6 3729
5 6 3730
5 6 3731
5 6 3732
5 6 3733
5 6 3734
5 6 3735
5 6 3736
5 6 3737
5 6 3738
5 6 3739
5 6 3740
5 6 3741
5 6 3742
5 6 3743
5 6 3744
5 6 3745
5 6 3746
5 6 3747
5 6 3748
5 6 3749
5 6 3750
5 6 3751
5 6 3752
5 6 3753
5 6 3754
5 6 3755
5 6 3756
5 6 3757
5 6 3758
5 6 3759
5 6 3760
5 6 3761
5 6 3762
5 6 3763
