10 12 1
10 12 2
10 12 3
10 12 4
10 12 5
10 12 6
10 12 7
10 12 8
10 12 9
10 12 10
10 12 11
10 12 12
10 12 13
10 12 14
10 12 15
10 12 16
10 12 17
10 12 18
10 12 19
10 12 20
10 12 21
10 12 22
10 12 23
10 12 24
10 12 25
10 12 26
10 12 27
10 12 28
10 12 29
10 12 30
10 12 31
10 12 32
10 12 33
10 12 34
10 12 35
10 12 36
10 12 37
10 12 38
10 12 39
10 12 40
10 12 41
10 12 42
10 12 43
10 12 44
10 12 45
10 12 46
10 12 47
10 12 48
10 12 49
10 12 50
10 12 51
10 12 52
10 12 53
10 12 54
10 12 55
10 12 56
10 12 57
10 12 58
10 12 59
10 12 60
10 12 61
10 12 62
10 12 63
10 12 64
10 12 65
10 12 66
10 12 67
10 12 68
10 12 69
10 12 70
10 12 71
10 12 72
10 12 73
10 12 74
10 12 75
10 12 76
10 12 77
10 12 78
10 12 79
10 12 80
10 12 81
10 12 82
10 12 83
10 12 84
10 12 85
10 12 86
10 12 87
10 12 88
10 12 89
10 12 90
10 12 91
10 12 92
10 12 93
10 12 94
10 12 95
10 12 96
10 12 97
10 12 98
10 12 99
10 12 100
10 12 101
10 12 102
10 12 103
10 12 104
10 12 105
10 12 106
10 12 107
10 12 108
10 12 109
10 12 110
10 12 111
10 12 112
10 12 113
10 12 114
10 12 115
10 12 116
10 12 117
10 12 118
10 12 119
10 12 120
10 12 121
10 12 122
10 12 123
10 12 124
10 12 125
10 12 126
10 12 127
10 12 128
10 12 129
10 12 130
10 12 131
10 12 132
10 12 133
10 12 134
10 12 135
10 12 136
10 12 137
10 12 138
10 12 139
10 12 140
10 12 141
10 12 142
10 12 143
10 12 144
10 12 145
10 12 146
10 12 147
10 12 148
10 12 149
10 12 150
10 12 151
10 12 152
10 12 153
10 12 154
10 12 155
10 12 156
10 12 157
10 12 158
10 12 159
10 12 160
10 12 161
10 12 162
10 12 163
10 12 164
10 12 165
10 12 166
10 12 167
10 12 168
10 12 169
10 12 170
10 12 171
10 12 172
10 12 173
10 12 174
10 12 175
10 12 176
10 12 177
10 12 178
10 12 179
10 12 180
10 12 181
10 12 182
10 12 183
10 12 184
10 12 185
10 12 186
10 12 187
10 12 188
10 12 189
10 12 190
10 12 191
10 12 192
10 12 193
10 12 194
10 12 195
10 12 196
10 12 197
10 12 198
10 12 199
10 12 200
10 12 201
10 12 202
10 12 203
10 12 204
10 12 205
10 12 206
10 12 207
10 12 208
10 12 209
10 12 210
10 12 211
10 12 212
10 12 213
10 12 214
10 12 215
10 12 216
10 12 217
10 12 218
10 12 219
10 12 220
10 12 221
10 12 222
10 12 223
10 12 224
10 12 225
10 12 226
10 12 227
10 12 228
10 12 229
10 12 230
10 12 231
10 12 232
10 12 233
10 12 234
10 12 235
10 12 236
10 12 237
10 12 238
10 12 239
10 12 240
10 12 241
10 12 242
10 12 243
10 12 244
10 12 245
10 12 246
10 12 247
10 12 248
10 12 249
10 12 250
10 12 251
10 12 252
10 12 253
10 12 254
10 12 255
10 12 256
10 12 257
10 12 258
10 12 259
10 12 260
10 12 261
10 12 262
10 12 263
10 12 264
10 12 265
10 12 266
10 12 267
10 12 268
10 12 269
10 12 270
10 12 271
10 12 272
10 12 273
10 12 274
10 12 275
10 12 276
10 12 277
10 12 278
10 12 279
10 12 280
10 12 281
10 12 282
10 12 283
10 12 284
10 12 285
10 12 286
10 12 287
10 12 288
10 12 289
10 12 290
10 12 291
10 12 292
10 12 293
10 12 294
10 12 295
10 12 296
10 12 297
10 12 298
10 12 299
10 12 300
10 12 301
10 12 302
10 12 303
10 12 304
10 12 305
10 12 306
10 12 307
10 12 308
10 12 309
10 12 310
10 12 311
10 12 312
10 12 313
10 12 314
10 12 315
10 12 316
10 12 317
10 12 318
10 12 319
10 12 320
10 12 321
10 12 322
10 12 323
10 12 324
10 12 325
10 12 326
10 12 327
10 12 328
10 12 329
10 12 330
10 12 331
10 12 332
10 12 333
10 12 334
10 12 335
10 12 336
10 12 337
10 12 338
10 12 339
10 12 340
10 12 341
10 12 342
10 12 343
10 12 344
10 12 345
10 12 346
10 12 347
10 12 348
10 12 349
10 12 350
10 12 351
10 12 352
10 12 353
10 12 354
10 12 355
10 12 356
10 12 357
10 12 358
10 12 359
10 12 360
10 12 361
10 12 362
10 12 363
10 12 364
10 12 365
10 12 366
10 12 367
10 12 368
10 12 369
10 12 370
10 12 371
10 12 372
10 12 373
10 12 374
10 12 375
10 12 376
10 12 377
10 12 378
10 12 379
10 12 380
10 12 381
10 12 382
10 12 383
10 12 384
10 12 385
10 12 386
10 12 387
10 12 388
10 12 389
10 12 390
10 12 391
10 12 392
10 12 393
10 12 394
10 12 395
10 12 396
10 12 397
10 12 398
10 12 399
10 12 400
10 12 401
10 12 402
10 12 403
10 12 404
10 12 405
10 12 406
10 12 407
10 12 408
10 12 409
10 12 410
10 12 411
10 12 412
10 12 413
10 12 414
10 12 415
10 12 416
10 12 417
10 12 418
10 12 419
10 12 420
10 12 421
10 12 422
10 12 423
10 12 424
10 12 425
10 12 426
10 12 427
10 12 428
10 12 429
10 12 430
10 12 431
10 12 432
10 12 433
10 12 434
10 12 435
10 12 436
10 12 437
10 12 438
10 12 439
10 12 440
10 12 441
10 12 442
10 12 443
10 12 444
10 12 445
10 12 446
10 12 447
10 12 448
10 12 449
10 12 450
10 12 451
10 12 452
10 12 453
10 12 454
10 12 455
10 12 456
10 12 457
10 12 458
10 12 459
10 12 460
10 12 461
10 12 462
10 12 463
10 12 464
10 12 465
10 12 466
10 12 467
10 12 468
10 12 469
10 12 470
10 12 471
10 12 472
10 12 473
10 12 474
10 12 475
10 12 476
10 12 477
10 12 478
10 12 479
10 12 480
10 12 481
10 12 482
10 12 483
10 12 484
10 12 485
10 12 486
10 12 487
10 12 488
10 12 489
10 12 490
10 12 491
10 12 492
10 12 493
10 12 494
10 12 495
10 12 496
10 12 497
10 12 498
10 12 499
10 12 500
10 12 501
10 12 502
10 12 503
10 12 504
10 12 505
10 12 506
10 12 507
10 12 508
10 12 509
10 12 510
10 12 511
10 12 512
10 12 513
10 12 514
10 12 515
10 12 516
10 12 517
10 12 518
10 12 519
10 12 520
10 12 521
10 12 522
10 12 523
10 12 524
10 12 525
10 12 526
10 12 527
10 12 528
10 12 529
10 12 530
10 12 531
10 12 532
10 12 533
10 12 534
10 12 535
10 12 536
10 12 537
10 12 538
10 12 539
10 12 540
10 12 541
10 12 542
10 12 543
10 12 544
10 12 545
10 12 546
10 12 547
10 12 548
10 12 549
10 12 550
10 12 551
10 12 552
10 12 553
10 12 554
10 12 555
10 12 556
10 12 557
10 12 558
10 12 559
10 12 560
10 12 561
10 12 562
10 12 563
10 12 564
10 12 565
10 12 566
10 12 567
10 12 568
10 12 569
10 12 570
10 12 571
10 12 572
10 12 573
10 12 574
10 12 575
10 12 576
10 12 577
10 12 578
10 12 579
10 12 580
10 12 581
10 12 582
10 12 583
10 12 584
10 12 585
10 12 586
10 12 587
10 12 588
10 12 589
10 12 590
10 12 591
10 12 592
10 12 593
10 12 594
10 12 595
10 12 596
10 12 597
10 12 598
10 12 599
10 12 600
10 12 601
10 12 602
10 12 603
10 12 604
10 12 605
10 12 606
10 12 607
10 12 608
10 12 609
10 12 610
10 12 611
10 12 612
10 12 613
10 12 614
10 12 615
10 12 616
10 12 617
10 12 618
10 12 619
10 12 620
10 12 621
10 12 622
10 12 623
10 12 624
10 12 625
10 12 626
10 12 627
10 12 628
10 12 629
10 12 630
10 12 631
10 12 632
10 12 633
10 12 634
10 12 635
10 12 636
10 12 637
10 12 638
10 12 639
10 12 640
10 12 641
10 12 642
10 12 643
10 12 644
10 12 645
10 12 646
10 12 647
10 12 648
10 12 649
10 12 650
10 12 651
10 12 652
10 12 653
10 12 654
10 12 655
10 12 656
10 12 657
10 12 658
10 12 659
10 12 660
10 12 661
10 12 662
10 12 663
10 12 664
10 12 665
10 12 666
10 12 667
10 12 668
10 12 669
10 12 670
10 12 671
10 12 672
10 12 673
10 12 674
10 12 675
10 12 676
10 12 677
10 12 678
10 12 679
10 12 680
10 12 681
10 12 682
10 12 683
10 12 684
10 12 685
10 12 686
10 12 687
10 12 688
10 12 689
10 12 690
10 12 691
10 12 692
10 12 693
10 12 694
10 12 695
10 12 696
10 12 697
10 12 698
10 12 699
10 12 700
10 12 701
10 12 702
10 12 703
10 12 704
10 12 705
10 12 706
10 12 707
10 12 708
10 12 709
10 12 710
10 12 711
10 12 712
10 12 713
10 12 714
10 12 715
10 12 716
10 12 717
10 12 718
10 12 719
10 12 720
10 12 721
10 12 722
10 12 723
10 12 724
10 12 725
10 12 726
10 12 727
10 12 728
10 12 729
10 12 730
10 12 731
10 12 732
10 12 733
10 12 734
10 12 735
10 12 736
10 12 737
10 12 738
10 12 739
10 12 740
10 12 741
10 12 742
10 12 743
10 12 744
10 12 745
10 12 746
10 12 747
10 12 748
10 12 749
10 12 750
10 12 751
10 12 752
10 12 753
10 12 754
10 12 755
10 12 756
10 12 757
10 12 758
10 12 759
10 12 760
10 12 761
10 12 762
10 12 763
10 12 764
10 12 765
10 12 766
10 12 767
10 12 768
10 12 769
10 12 770
10 12 771
10 12 772
10 12 773
10 12 774
10 12 775
10 12 776
10 12 777
10 12 778
10 12 779
10 12 780
10 12 781
10 12 782
10 12 783
10 12 784
10 12 785
10 12 786
10 12 787
10 12 788
10 12 789
10 12 790
10 12 791
10 12 792
10 12 793
10 12 794
10 12 795
10 12 796
10 12 797
10 12 798
10 12 799
10 12 800
10 12 801
10 12 802
10 12 803
10 12 804
10 12 805
10 12 806
10 12 807
10 12 808
10 12 809
10 12 810
10 12 811
10 12 812
10 12 813
10 12 814
10 12 815
10 12 816
10 12 817
10 12 818
10 12 819
10 12 820
10 12 821
10 12 822
10 12 823
10 12 824
10 12 825
10 12 826
10 12 827
10 12 828
10 12 829
10 12 830
10 12 831
10 12 832
10 12 833
10 12 834
10 12 835
10 12 836
10 12 837
10 12 838
10 12 839
10 12 840
10 12 841
10 12 842
10 12 843
10 12 844
10 12 845
10 12 846
10 12 847
10 12 848
10 12 849
10 12 850
10 12 851
10 12 852
10 12 853
10 12 854
10 12 855
10 12 856
10 12 857
10 12 858
10 12 859
10 12 860
10 12 861
10 12 862
10 12 863
10 12 864
10 12 865
10 12 866
10 12 867
10 12 868
10 12 869
10 12 870
10 12 871
10 12 872
10 12 873
10 12 874
10 12 875
10 12 876
10 12 877
10 12 878
10 12 879
10 12 880
10 12 881
10 12 882
10 12 883
10 12 884
10 12 885
10 12 886
10 12 887
10 12 888
10 12 889
10 12 890
10 12 891
10 12 892
10 12 893
10 12 894
10 12 895
10 12 896
10 12 897
10 12 898
10 12 899
10 12 900
10 12 901
10 12 902
10 12 903
10 12 904
10 12 905
10 12 906
10 12 907
10 12 908
10 12 909
10 12 910
10 12 911
10 12 912
10 12 913
10 12 914
10 12 915
10 12 916
10 12 917
10 12 918
10 12 919
10 12 920
10 12 921
10 12 922
10 12 923
10 12 924
10 12 925
10 12 926
10 12 927
10 12 928
10 12 929
10 12 930
10 12 931
10 12 932
10 12 933
10 12 934
10 12 935
10 12 936
10 12 937
10 12 938
10 12 939
10 12 940
10 12 941
10 12 942
10 12 943
10 12 944
10 12 945
10 12 946
10 12 947
10 12 948
10 12 949
10 12 950
10 12 951
10 12 952
10 12 953
10 12 954
10 12 955
10 12 956
10 12 957
10 12 958
10 12 959
10 12 960
