3 4 1
3 4 2
3 4 3
3 4 4
3 4 5
3 4 6
3 4 7
3 4 8
3 4 9
3 4 10
3 4 11
3 4 12
3 4 13
3 4 14
3 4 15
3 4 16
3 4 17
3 4 18
3 4 19
3 4 20
3 4 21
3 4 22
3 4 23
3 4 24
3 4 25
3 4 26
3 4 27
3 4 28
3 4 29
3 4 30
3 4 31
3 4 32
3 4 33
3 4 34
3 4 35
3 4 36
3 4 37
3 4 38
3 4 39
3 4 40
3 4 41
3 4 42
3 4 43
3 4 44
3 4 45
3 4 46
3 4 47
3 4 48
3 4 49
3 4 50
3 4 51
3 4 52
3 4 53
3 4 54
3 4 55
3 4 56
3 4 57
3 4 58
3 4 59
3 4 60
3 4 61
3 4 62
3 4 63
3 4 64
3 4 65
3 4 66
3 4 67
3 4 68
3 4 69
3 4 70
3 4 71
3 4 72
3 4 73
3 4 74
3 4 75
3 4 76
3 4 77
3 4 78
3 4 79
3 4 80
3 4 81
3 4 82
3 4 83
3 4 84
3 4 85
3 4 86
3 4 87
3 4 88
3 4 89
3 4 90
3 4 91
3 4 92
3 4 93
3 4 94
3 4 95
3 4 96
3 4 97
3 4 98
3 4 99
3 4 100
3 4 101
3 4 102
3 4 103
3 4 104
3 4 105
3 4 106
3 4 107
3 4 108
3 4 109
3 4 110
3 4 111
3 4 112
3 4 113
3 4 114
3 4 115
3 4 116
3 4 117
3 4 118
3 4 119
3 4 120
3 4 121
3 4 122
3 4 123
3 4 124
3 4 125
3 4 126
3 4 127
3 4 128
3 4 129
3 4 130
3 4 131
3 4 132
3 4 133
3 4 134
3 4 135
3 4 136
3 4 137
3 4 138
3 4 139
3 4 140
3 4 141
3 4 142
3 4 143
3 4 144
3 4 145
3 4 146
3 4 147
3 4 148
3 4 149
3 4 150
3 4 151
3 4 152
3 4 153
3 4 154
3 4 155
3 4 156
3 4 157
3 4 158
3 4 159
3 4 160
3 4 161
3 4 162
3 4 163
3 4 164
3 4 165
3 4 166
3 4 167
3 4 168
3 4 169
3 4 170
3 4 171
3 4 172
3 4 173
3 4 174
3 4 175
3 4 176
3 4 177
3 4 178
3 4 179
3 4 180
3 4 181
3 4 182
3 4 183
3 4 184
3 4 185
3 4 186
3 4 187
3 4 188
3 4 189
3 4 190
3 4 191
3 4 192
3 4 193
3 4 194
3 4 195
3 4 196
3 4 197
3 4 198
3 4 199
3 4 200
3 4 201
3 4 202
3 4 203
3 4 204
3 4 205
3 4 206
3 4 207
3 4 208
3 4 209
3 4 210
3 4 211
3 4 212
3 4 213
3 4 214
3 4 215
3 4 216
3 4 217
3 4 218
3 4 219
3 4 220
3 4 221
3 4 222
3 4 223
3 4 224
3 4 225
3 4 226
3 4 227
3 4 228
3 4 229
3 4 230
3 4 231
3 4 232
3 4 233
3 4 234
3 4 235
3 4 236
3 4 237
3 4 238
3 4 239
3 4 240
3 4 241
3 4 242
3 4 243
3 4 244
3 4 245
3 4 246
3 4 247
3 4 248
3 4 249
3 4 250
3 4 251
3 4 252
3 4 253
3 4 254
3 4 255
3 4 256
3 4 257
3 4 258
3 4 259
3 4 260
3 4 261
3 4 262
3 4 263
3 4 264
3 4 265
3 4 266
3 4 267
3 4 268
3 4 269
3 4 270
3 4 271
3 4 272
3 4 273
3 4 274
3 4 275
3 4 276
3 4 277
3 4 278
3 4 279
3 4 280
3 4 281
3 4 282
3 4 283
3 4 284
3 4 285
3 4 286
3 4 287
3 4 288
3 4 289
3 4 290
3 4 291
3 4 292
3 4 293
3 4 294
3 4 295
3 4 296
3 4 297
3 4 298
3 4 299
3 4 300
3 4 301
3 4 302
3 4 303
3 4 304
3 4 305
3 4 306
3 4 307
3 4 308
3 4 309
3 4 310
3 4 311
3 4 312
3 4 313
3 4 314
3 4 315
3 4 316
3 4 317
3 4 318
3 4 319
3 4 320
3 4 321
3 4 322
3 4 323
3 4 324
3 4 325
3 4 326
3 4 327
3 4 328
3 4 329
3 4 330
3 4 331
3 4 332
3 4 333
3 4 334
3 4 335
3 4 336
3 4 337
3 4 338
3 4 339
3 4 340
3 4 341
3 4 342
3 4 343
3 4 344
3 4 345
3 4 346
3 4 347
3 4 348
3 4 349
3 4 350
3 4 351
3 4 352
3 4 353
3 4 354
3 4 355
3 4 356
3 4 357
3 4 358
3 4 359
3 4 360
3 4 361
3 4 362
3 4 363
3 4 364
3 4 365
3 4 366
3 4 367
3 4 368
3 4 369
3 4 370
3 4 371
3 4 372
3 4 373
3 4 374
3 4 375
3 4 376
3 4 377
3 4 378
3 4 379
3 4 380
3 4 381
3 4 382
3 4 383
3 4 384
3 4 385
3 4 386
3 4 387
3 4 388
3 4 389
3 4 390
3 4 391
3 4 392
3 4 393
3 4 394
3 4 395
3 4 396
3 4 397
3 4 398
3 4 399
3 4 400
3 4 401
3 4 402
3 4 403
3 4 404
3 4 405
3 4 406
3 4 407
3 4 408
3 4 409
3 4 410
3 4 411
3 4 412
3 4 413
3 4 414
3 4 415
3 4 416
3 4 417
3 4 418
3 4 419
3 4 420
3 4 421
3 4 422
3 4 423
3 4 424
3 4 425
3 4 426
3 4 427
3 4 428
3 4 429
3 4 430
3 4 431
3 4 432
3 4 433
3 4 434
3 4 435
3 4 436
3 4 437
3 4 438
3 4 439
3 4 440
3 4 441
3 4 442
3 4 443
3 4 444
3 4 445
3 4 446
3 4 447
3 4 448
3 4 449
3 4 450
3 4 451
3 4 452
3 4 453
3 4 454
3 4 455
3 4 456
3 4 457
3 4 458
3 4 459
3 4 460
3 4 461
3 4 462
3 4 463
3 4 464
3 4 465
3 4 466
3 4 467
3 4 468
3 4 469
3 4 470
3 4 471
3 4 472
3 4 473
3 4 474
3 4 475
3 4 476
3 4 477
3 4 478
3 4 479
3 4 480
3 4 481
3 4 482
3 4 483
3 4 484
3 4 485
3 4 486
3 4 487
3 4 488
3 4 489
3 4 490
3 4 491
3 4 492
3 4 493
3 4 494
3 4 495
3 4 496
3 4 497
3 4 498
3 4 499
3 4 500
3 4 501
3 4 502
3 4 503
3 4 504
3 4 505
3 4 506
3 4 507
3 4 508
3 4 509
3 4 510
3 4 511
3 4 512
3 4 513
3 4 514
3 4 515
3 4 516
3 4 517
3 4 518
3 4 519
3 4 520
3 4 521
3 4 522
3 4 523
3 4 524
3 4 525
3 4 526
3 4 527
3 4 528
3 4 529
3 4 530
3 4 531
3 4 532
3 4 533
3 4 534
3 4 535
3 4 536
3 4 537
3 4 538
3 4 539
3 4 540
3 4 541
3 4 542
3 4 543
3 4 544
3 4 545
3 4 546
3 4 547
3 4 548
3 4 549
3 4 550
3 4 551
3 4 552
3 4 553
3 4 554
3 4 555
3 4 556
3 4 557
3 4 558
3 4 559
3 4 560
3 4 561
3 4 562
3 4 563
3 4 564
3 4 565
3 4 566
3 4 567
3 4 568
3 4 569
3 4 570
3 4 571
3 4 572
3 4 573
3 4 574
3 4 575
3 4 576
3 4 577
3 4 578
3 4 579
3 4 580
3 4 581
3 4 582
3 4 583
3 4 584
3 4 585
3 4 586
3 4 587
3 4 588
3 4 589
3 4 590
3 4 591
3 4 592
3 4 593
3 4 594
3 4 595
3 4 596
3 4 597
3 4 598
3 4 599
3 4 600
3 4 601
3 4 602
3 4 603
3 4 604
3 4 605
3 4 606
3 4 607
3 4 608
3 4 609
3 4 610
3 4 611
3 4 612
3 4 613
3 4 614
3 4 615
3 4 616
3 4 617
3 4 618
3 4 619
3 4 620
3 4 621
3 4 622
3 4 623
3 4 624
3 4 625
3 4 626
3 4 627
3 4 628
3 4 629
3 4 630
3 4 631
3 4 632
3 4 633
3 4 634
3 4 635
3 4 636
3 4 637
3 4 638
3 4 639
3 4 640
3 4 641
3 4 642
3 4 643
3 4 644
3 4 645
3 4 646
3 4 647
3 4 648
3 4 649
3 4 650
3 4 651
3 4 652
3 4 653
3 4 654
3 4 655
3 4 656
3 4 657
3 4 658
3 4 659
3 4 660
3 4 661
3 4 662
3 4 663
3 4 664
3 4 665
3 4 666
3 4 667
3 4 668
3 4 669
3 4 670
3 4 671
3 4 672
3 4 673
3 4 674
3 4 675
3 4 676
3 4 677
3 4 678
3 4 679
3 4 680
3 4 681
3 4 682
3 4 683
3 4 684
3 4 685
3 4 686
3 4 687
3 4 688
3 4 689
3 4 690
3 4 691
3 4 692
3 4 693
3 4 694
3 4 695
3 4 696
3 4 697
3 4 698
3 4 699
3 4 700
3 4 701
3 4 702
3 4 703
3 4 704
3 4 705
3 4 706
3 4 707
3 4 708
3 4 709
3 4 710
3 4 711
3 4 712
3 4 713
3 4 714
3 4 715
3 4 716
3 4 717
3 4 718
3 4 719
3 4 720
3 4 721
3 4 722
3 4 723
3 4 724
3 4 725
3 4 726
3 4 727
3 4 728
3 4 729
3 4 730
3 4 731
3 4 732
3 4 733
3 4 734
3 4 735
3 4 736
3 4 737
3 4 738
3 4 739
3 4 740
3 4 741
3 4 742
3 4 743
3 4 744
3 4 745
3 4 746
3 4 747
3 4 748
3 4 749
3 4 750
3 4 751
3 4 752
3 4 753
3 4 754
3 4 755
3 4 756
3 4 757
3 4 758
3 4 759
3 4 760
3 4 761
3 4 762
3 4 763
3 4 764
3 4 765
3 4 766
3 4 767
3 4 768
3 4 769
3 4 770
3 4 771
3 4 772
3 4 773
3 4 774
3 4 775
3 4 776
3 4 777
3 4 778
3 4 779
3 4 780
3 4 781
3 4 782
3 4 783
3 4 784
3 4 785
3 4 786
3 4 787
3 4 788
3 4 789
3 4 790
3 4 791
3 4 792
3 4 793
3 4 794
3 4 795
3 4 796
3 4 797
3 4 798
3 4 799
3 4 800
3 4 801
3 4 802
3 4 803
3 4 804
3 4 805
3 4 806
3 4 807
3 4 808
3 4 809
3 4 810
3 4 811
3 4 812
3 4 813
3 4 814
3 4 815
3 4 816
3 4 817
3 4 818
3 4 819
3 4 820
3 4 821
3 4 822
3 4 823
3 4 824
3 4 825
3 4 826
3 4 827
3 4 828
3 4 829
3 4 830
3 4 831
3 4 832
3 4 833
3 4 834
3 4 835
3 4 836
3 4 837
3 4 838
3 4 839
3 4 840
3 4 841
3 4 842
3 4 843
3 4 844
3 4 845
3 4 846
3 4 847
3 4 848
3 4 849
3 4 850
3 4 851
3 4 852
3 4 853
3 4 854
3 4 855
3 4 856
3 4 857
3 4 858
3 4 859
3 4 860
3 4 861
3 4 862
3 4 863
3 4 864
3 4 865
3 4 866
3 4 867
3 4 868
3 4 869
3 4 870
3 4 871
3 4 872
3 4 873
3 4 874
3 4 875
3 4 876
3 4 877
3 4 878
3 4 879
3 4 880
3 4 881
3 4 882
3 4 883
3 4 884
3 4 885
3 4 886
3 4 887
3 4 888
3 4 889
3 4 890
3 4 891
3 4 892
3 4 893
3 4 894
3 4 895
3 4 896
3 4 897
3 4 898
3 4 899
3 4 900
3 4 901
3 4 902
3 4 903
3 4 904
3 4 905
3 4 906
3 4 907
3 4 908
3 4 909
3 4 910
3 4 911
3 4 912
3 4 913
3 4 914
3 4 915
3 4 916
3 4 917
3 4 918
3 4 919
3 4 920
3 4 921
3 4 922
3 4 923
3 4 924
3 4 925
3 4 926
3 4 927
3 4 928
3 4 929
3 4 930
3 4 931
3 4 932
3 4 933
3 4 934
3 4 935
3 4 936
3 4 937
3 4 938
3 4 939
3 4 940
3 4 941
3 4 942
3 4 943
3 4 944
3 4 945
3 4 946
3 4 947
3 4 948
3 4 949
3 4 950
3 4 951
3 4 952
3 4 953
3 4 954
3 4 955
3 4 956
3 4 957
3 4 958
3 4 959
3 4 960
3 4 961
3 4 962
3 4 963
3 4 964
3 4 965
3 4 966
3 4 967
3 4 968
3 4 969
3 4 970
3 4 971
3 4 972
3 4 973
3 4 974
3 4 975
3 4 976
3 4 977
3 4 978
3 4 979
3 4 980
3 4 981
3 4 982
3 4 983
3 4 984
3 4 985
3 4 986
3 4 987
3 4 988
3 4 989
3 4 990
3 4 991
3 4 992
3 4 993
3 4 994
3 4 995
3 4 996
3 4 997
3 4 998
3 4 999
3 4 1000
3 4 1001
3 4 1002
3 4 1003
3 4 1004
3 4 1005
3 4 1006
3 4 1007
3 4 1008
3 4 1009
3 4 1010
3 4 1011
3 4 1012
3 4 1013
3 4 1014
3 4 1015
3 4 1016
3 4 1017
3 4 1018
3 4 1019
3 4 1020
3 4 1021
3 4 1022
3 4 1023
3 4 1024
3 4 1025
3 4 1026
3 4 1027
3 4 1028
3 4 1029
3 4 1030
3 4 1031
3 4 1032
3 4 1033
3 4 1034
3 4 1035
3 4 1036
3 4 1037
3 4 1038
3 4 1039
3 4 1040
3 4 1041
3 4 1042
3 4 1043
3 4 1044
3 4 1045
3 4 1046
3 4 1047
3 4 1048
3 4 1049
3 4 1050
3 4 1051
3 4 1052
3 4 1053
3 4 1054
3 4 1055
3 4 1056
3 4 1057
3 4 1058
3 4 1059
3 4 1060
3 4 1061
3 4 1062
3 4 1063
3 4 1064
3 4 1065
3 4 1066
3 4 1067
3 4 1068
3 4 1069
3 4 1070
3 4 1071
3 4 1072
3 4 1073
3 4 1074
3 4 1075
3 4 1076
3 4 1077
3 4 1078
3 4 1079
3 4 1080
3 4 1081
3 4 1082
3 4 1083
3 4 1084
3 4 1085
3 4 1086
3 4 1087
3 4 1088
3 4 1089
3 4 1090
3 4 1091
3 4 1092
3 4 1093
3 4 1094
3 4 1095
3 4 1096
3 4 1097
3 4 1098
3 4 1099
3 4 1100
3 4 1101
3 4 1102
3 4 1103
3 4 1104
3 4 1105
3 4 1106
3 4 1107
3 4 1108
3 4 1109
3 4 1110
3 4 1111
3 4 1112
3 4 1113
3 4 1114
3 4 1115
3 4 1116
3 4 1117
3 4 1118
3 4 1119
3 4 1120
3 4 1121
3 4 1122
3 4 1123
3 4 1124
3 4 1125
3 4 1126
3 4 1127
3 4 1128
3 4 1129
3 4 1130
3 4 1131
3 4 1132
3 4 1133
3 4 1134
3 4 1135
3 4 1136
3 4 1137
3 4 1138
3 4 1139
3 4 1140
3 4 1141
3 4 1142
3 4 1143
3 4 1144
3 4 1145
3 4 1146
3 4 1147
3 4 1148
3 4 1149
3 4 1150
3 4 1151
3 4 1152
3 4 1153
3 4 1154
3 4 1155
3 4 1156
3 4 1157
3 4 1158
3 4 1159
3 4 1160
3 4 1161
3 4 1162
3 4 1163
3 4 1164
3 4 1165
3 4 1166
3 4 1167
3 4 1168
3 4 1169
3 4 1170
3 4 1171
3 4 1172
3 4 1173
3 4 1174
3 4 1175
3 4 1176
3 4 1177
3 4 1178
3 4 1179
3 4 1180
3 4 1181
3 4 1182
3 4 1183
3 4 1184
3 4 1185
3 4 1186
3 4 1187
3 4 1188
3 4 1189
3 4 1190
3 4 1191
3 4 1192
3 4 1193
3 4 1194
3 4 1195
3 4 1196
3 4 1197
3 4 1198
3 4 1199
3 4 1200
3 4 1201
3 4 1202
3 4 1203
3 4 1204
3 4 1205
3 4 1206
3 4 1207
3 4 1208
3 4 1209
3 4 1210
3 4 1211
3 4 1212
3 4 1213
3 4 1214
3 4 1215
3 4 1216
3 4 1217
3 4 1218
3 4 1219
3 4 1220
3 4 1221
3 4 1222
3 4 1223
3 4 1224
3 4 1225
3 4 1226
3 4 1227
3 4 1228
3 4 1229
3 4 1230
3 4 1231
3 4 1232
3 4 1233
3 4 1234
3 4 1235
3 4 1236
3 4 1237
3 4 1238
3 4 1239
3 4 1240
3 4 1241
3 4 1242
3 4 1243
3 4 1244
3 4 1245
3 4 1246
3 4 1247
3 4 1248
3 4 1249
3 4 1250
3 4 1251
3 4 1252
3 4 1253
3 4 1254
3 4 1255
3 4 1256
3 4 1257
3 4 1258
3 4 1259
3 4 1260
3 4 1261
3 4 1262
3 4 1263
3 4 1264
3 4 1265
3 4 1266
3 4 1267
3 4 1268
3 4 1269
3 4 1270
3 4 1271
3 4 1272
3 4 1273
3 4 1274
3 4 1275
3 4 1276
3 4 1277
3 4 1278
3 4 1279
3 4 1280
3 4 1281
3 4 1282
3 4 1283
3 4 1284
3 4 1285
3 4 1286
3 4 1287
3 4 1288
3 4 1289
3 4 1290
3 4 1291
3 4 1292
3 4 1293
3 4 1294
3 4 1295
3 4 1296
3 4 1297
3 4 1298
3 4 1299
3 4 1300
3 4 1301
3 4 1302
3 4 1303
3 4 1304
3 4 1305
3 4 1306
3 4 1307
3 4 1308
3 4 1309
3 4 1310
3 4 1311
3 4 1312
3 4 1313
3 4 1314
3 4 1315
3 4 1316
3 4 1317
3 4 1318
3 4 1319
3 4 1320
3 4 1321
3 4 1322
3 4 1323
3 4 1324
3 4 1325
3 4 1326
3 4 1327
3 4 1328
3 4 1329
3 4 1330
3 4 1331
3 4 1332
3 4 1333
3 4 1334
3 4 1335
3 4 1336
3 4 1337
3 4 1338
3 4 1339
3 4 1340
3 4 1341
3 4 1342
3 4 1343
3 4 1344
3 4 1345
3 4 1346
3 4 1347
3 4 1348
3 4 1349
3 4 1350
3 4 1351
3 4 1352
3 4 1353
3 4 1354
3 4 1355
3 4 1356
3 4 1357
3 4 1358
3 4 1359
3 4 1360
3 4 1361
3 4 1362
3 4 1363
3 4 1364
3 4 1365
3 4 1366
3 4 1367
3 4 1368
3 4 1369
3 4 1370
3 4 1371
3 4 1372
3 4 1373
3 4 1374
3 4 1375
3 4 1376
3 4 1377
3 4 1378
3 4 1379
3 4 1380
3 4 1381
3 4 1382
3 4 1383
3 4 1384
3 4 1385
3 4 1386
3 4 1387
3 4 1388
3 4 1389
3 4 1390
3 4 1391
3 4 1392
3 4 1393
3 4 1394
3 4 1395
3 4 1396
3 4 1397
3 4 1398
3 4 1399
3 4 1400
3 4 1401
3 4 1402
3 4 1403
3 4 1404
3 4 1405
3 4 1406
3 4 1407
3 4 1408
3 4 1409
3 4 1410
3 4 1411
3 4 1412
3 4 1413
3 4 1414
3 4 1415
3 4 1416
3 4 1417
3 4 1418
3 4 1419
3 4 1420
3 4 1421
3 4 1422
3 4 1423
3 4 1424
3 4 1425
3 4 1426
3 4 1427
3 4 1428
3 4 1429
3 4 1430
3 4 1431
3 4 1432
3 4 1433
3 4 1434
3 4 1435
3 4 1436
3 4 1437
3 4 1438
3 4 1439
3 4 1440
3 4 1441
3 4 1442
3 4 1443
3 4 1444
3 4 1445
3 4 1446
3 4 1447
3 4 1448
3 4 1449
3 4 1450
3 4 1451
3 4 1452
3 4 1453
3 4 1454
3 4 1455
3 4 1456
3 4 1457
3 4 1458
3 4 1459
3 4 1460
3 4 1461
3 4 1462
3 4 1463
3 4 1464
3 4 1465
3 4 1466
3 4 1467
3 4 1468
3 4 1469
3 4 1470
3 4 1471
3 4 1472
3 4 1473
3 4 1474
3 4 1475
3 4 1476
3 4 1477
3 4 1478
3 4 1479
3 4 1480
3 4 1481
3 4 1482
3 4 1483
3 4 1484
3 4 1485
3 4 1486
3 4 1487
3 4 1488
3 4 1489
3 4 1490
3 4 1491
3 4 1492
3 4 1493
3 4 1494
3 4 1495
3 4 1496
3 4 1497
3 4 1498
3 4 1499
3 4 1500
3 4 1501
3 4 1502
3 4 1503
3 4 1504
3 4 1505
3 4 1506
3 4 1507
3 4 1508
3 4 1509
3 4 1510
3 4 1511
3 4 1512
3 4 1513
3 4 1514
3 4 1515
3 4 1516
3 4 1517
3 4 1518
3 4 1519
3 4 1520
3 4 1521
3 4 1522
3 4 1523
3 4 1524
3 4 1525
3 4 1526
3 4 1527
3 4 1528
3 4 1529
3 4 1530
3 4 1531
3 4 1532
3 4 1533
3 4 1534
3 4 1535
3 4 1536
3 4 1537
3 4 1538
3 4 1539
3 4 1540
3 4 1541
3 4 1542
3 4 1543
3 4 1544
3 4 1545
3 4 1546
3 4 1547
3 4 1548
3 4 1549
3 4 1550
3 4 1551
3 4 1552
3 4 1553
3 4 1554
3 4 1555
3 4 1556
3 4 1557
3 4 1558
3 4 1559
3 4 1560
3 4 1561
3 4 1562
3 4 1563
3 4 1564
3 4 1565
3 4 1566
3 4 1567
3 4 1568
3 4 1569
3 4 1570
3 4 1571
3 4 1572
3 4 1573
3 4 1574
3 4 1575
3 4 1576
3 4 1577
3 4 1578
3 4 1579
3 4 1580
3 4 1581
3 4 1582
3 4 1583
3 4 1584
3 4 1585
3 4 1586
3 4 1587
3 4 1588
3 4 1589
3 4 1590
3 4 1591
3 4 1592
3 4 1593
3 4 1594
3 4 1595
3 4 1596
3 4 1597
3 4 1598
3 4 1599
3 4 1600
3 4 1601
3 4 1602
3 4 1603
3 4 1604
3 4 1605
3 4 1606
3 4 1607
3 4 1608
3 4 1609
3 4 1610
3 4 1611
3 4 1612
3 4 1613
3 4 1614
3 4 1615
3 4 1616
3 4 1617
3 4 1618
3 4 1619
3 4 1620
3 4 1621
3 4 1622
3 4 1623
3 4 1624
3 4 1625
3 4 1626
3 4 1627
3 4 1628
3 4 1629
3 4 1630
3 4 1631
3 4 1632
3 4 1633
3 4 1634
3 4 1635
3 4 1636
3 4 1637
3 4 1638
3 4 1639
3 4 1640
3 4 1641
3 4 1642
3 4 1643
3 4 1644
3 4 1645
3 4 1646
3 4 1647
3 4 1648
3 4 1649
3 4 1650
3 4 1651
3 4 1652
3 4 1653
3 4 1654
3 4 1655
3 4 1656
3 4 1657
3 4 1658
3 4 1659
3 4 1660
3 4 1661
3 4 1662
3 4 1663
3 4 1664
3 4 1665
3 4 1666
3 4 1667
3 4 1668
3 4 1669
3 4 1670
3 4 1671
3 4 1672
3 4 1673
3 4 1674
3 4 1675
3 4 1676
3 4 1677
3 4 1678
3 4 1679
3 4 1680
3 4 1681
3 4 1682
3 4 1683
3 4 1684
3 4 1685
3 4 1686
3 4 1687
3 4 1688
3 4 1689
3 4 1690
3 4 1691
3 4 1692
3 4 1693
3 4 1694
3 4 1695
3 4 1696
3 4 1697
3 4 1698
3 4 1699
3 4 1700
3 4 1701
3 4 1702
3 4 1703
3 4 1704
3 4 1705
3 4 1706
3 4 1707
3 4 1708
3 4 1709
3 4 1710
3 4 1711
3 4 1712
3 4 1713
3 4 1714
3 4 1715
3 4 1716
3 4 1717
3 4 1718
3 4 1719
3 4 1720
3 4 1721
3 4 1722
3 4 1723
3 4 1724
3 4 1725
3 4 1726
3 4 1727
3 4 1728
3 4 1729
3 4 1730
3 4 1731
3 4 1732
3 4 1733
3 4 1734
3 4 1735
3 4 1736
3 4 1737
3 4 1738
3 4 1739
3 4 1740
3 4 1741
3 4 1742
3 4 1743
3 4 1744
3 4 1745
3 4 1746
3 4 1747
3 4 1748
3 4 1749
3 4 1750
3 4 1751
3 4 1752
3 4 1753
3 4 1754
3 4 1755
3 4 1756
3 4 1757
3 4 1758
3 4 1759
3 4 1760
3 4 1761
3 4 1762
3 4 1763
3 4 1764
3 4 1765
3 4 1766
3 4 1767
3 4 1768
3 4 1769
3 4 1770
3 4 1771
3 4 1772
3 4 1773
3 4 1774
3 4 1775
3 4 1776
3 4 1777
3 4 1778
3 4 1779
3 4 1780
3 4 1781
3 4 1782
3 4 1783
3 4 1784
3 4 1785
3 4 1786
3 4 1787
3 4 1788
3 4 1789
3 4 1790
3 4 1791
3 4 1792
3 4 1793
3 4 1794
3 4 1795
3 4 1796
3 4 1797
3 4 1798
3 4 1799
3 4 1800
3 4 1801
3 4 1802
3 4 1803
3 4 1804
3 4 1805
3 4 1806
3 4 1807
3 4 1808
3 4 1809
3 4 1810
3 4 1811
3 4 1812
3 4 1813
3 4 1814
3 4 1815
3 4 1816
3 4 1817
3 4 1818
3 4 1819
3 4 1820
3 4 1821
3 4 1822
3 4 1823
3 4 1824
3 4 1825
3 4 1826
3 4 1827
3 4 1828
3 4 1829
3 4 1830
3 4 1831
3 4 1832
3 4 1833
3 4 1834
3 4 1835
3 4 1836
3 4 1837
3 4 1838
3 4 1839
3 4 1840
3 4 1841
3 4 1842
3 4 1843
3 4 1844
3 4 1845
3 4 1846
3 4 1847
3 4 1848
3 4 1849
3 4 1850
3 4 1851
3 4 1852
3 4 1853
3 4 1854
3 4 1855
3 4 1856
3 4 1857
3 4 1858
3 4 1859
3 4 1860
3 4 1861
3 4 1862
3 4 1863
3 4 1864
3 4 1865
3 4 1866
3 4 1867
3 4 1868
3 4 1869
3 4 1870
3 4 1871
3 4 1872
3 4 1873
3 4 1874
3 4 1875
3 4 1876
3 4 1877
3 4 1878
3 4 1879
3 4 1880
3 4 1881
3 4 1882
3 4 1883
3 4 1884
3 4 1885
3 4 1886
3 4 1887
3 4 1888
3 4 1889
3 4 1890
3 4 1891
3 4 1892
3 4 1893
3 4 1894
3 4 1895
3 4 1896
3 4 1897
3 4 1898
3 4 1899
3 4 1900
3 4 1901
3 4 1902
3 4 1903
3 4 1904
3 4 1905
3 4 1906
3 4 1907
3 4 1908
3 4 1909
3 4 1910
3 4 1911
3 4 1912
3 4 1913
3 4 1914
3 4 1915
3 4 1916
3 4 1917
3 4 1918
3 4 1919
3 4 1920
3 4 1921
3 4 1922
3 4 1923
3 4 1924
3 4 1925
3 4 1926
3 4 1927
3 4 1928
3 4 1929
3 4 1930
3 4 1931
3 4 1932
3 4 1933
3 4 1934
3 4 1935
3 4 1936
3 4 1937
3 4 1938
3 4 1939
3 4 1940
3 4 1941
3 4 1942
3 4 1943
3 4 1944
3 4 1945
3 4 1946
3 4 1947
3 4 1948
3 4 1949
3 4 1950
3 4 1951
3 4 1952
3 4 1953
3 4 1954
3 4 1955
3 4 1956
3 4 1957
3 4 1958
3 4 1959
3 4 1960
3 4 1961
3 4 1962
3 4 1963
3 4 1964
3 4 1965
3 4 1966
3 4 1967
3 4 1968
3 4 1969
3 4 1970
3 4 1971
3 4 1972
3 4 1973
3 4 1974
3 4 1975
3 4 1976
3 4 1977
3 4 1978
3 4 1979
3 4 1980
3 4 1981
3 4 1982
3 4 1983
3 4 1984
3 4 1985
3 4 1986
3 4 1987
3 4 1988
3 4 1989
3 4 1990
3 4 1991
3 4 1992
3 4 1993
3 4 1994
3 4 1995
3 4 1996
3 4 1997
3 4 1998
3 4 1999
3 4 2000
3 4 2001
3 4 2002
3 4 2003
3 4 2004
3 4 2005
3 4 2006
3 4 2007
3 4 2008
3 4 2009
3 4 2010
3 4 2011
3 4 2012
3 4 2013
3 4 2014
3 4 2015
3 4 2016
3 4 2017
3 4 2018
3 4 2019
3 4 2020
3 4 2021
3 4 2022
3 4 2023
3 4 2024
3 4 2025
3 4 2026
3 4 2027
3 4 2028
3 4 2029
3 4 2030
3 4 2031
3 4 2032
3 4 2033
3 4 2034
3 4 2035
3 4 2036
3 4 2037
3 4 2038
3 4 2039
3 4 2040
3 4 2041
3 4 2042
3 4 2043
3 4 2044
3 4 2045
3 4 2046
3 4 2047
3 4 2048
3 4 2049
3 4 2050
3 4 2051
3 4 2052
3 4 2053
3 4 2054
3 4 2055
3 4 2056
3 4 2057
3 4 2058
3 4 2059
3 4 2060
3 4 2061
3 4 2062
3 4 2063
3 4 2064
3 4 2065
3 4 2066
3 4 2067
3 4 2068
3 4 2069
3 4 2070
3 4 2071
3 4 2072
3 4 2073
3 4 2074
3 4 2075
3 4 2076
3 4 2077
3 4 2078
3 4 2079
3 4 2080
3 4 2081
3 4 2082
3 4 2083
3 4 2084
3 4 2085
3 4 2086
3 4 2087
3 4 2088
3 4 2089
3 4 2090
3 4 2091
3 4 2092
3 4 2093
3 4 2094
3 4 2095
3 4 2096
3 4 2097
3 4 2098
3 4 2099
3 4 2100
3 4 2101
3 4 2102
3 4 2103
3 4 2104
3 4 2105
3 4 2106
3 4 2107
3 4 2108
3 4 2109
3 4 2110
3 4 2111
3 4 2112
3 4 2113
3 4 2114
3 4 2115
3 4 2116
3 4 2117
3 4 2118
3 4 2119
3 4 2120
3 4 2121
3 4 2122
3 4 2123
3 4 2124
3 4 2125
3 4 2126
3 4 2127
3 4 2128
3 4 2129
3 4 2130
3 4 2131
3 4 2132
3 4 2133
3 4 2134
3 4 2135
3 4 2136
3 4 2137
3 4 2138
3 4 2139
3 4 2140
3 4 2141
3 4 2142
3 4 2143
3 4 2144
3 4 2145
3 4 2146
3 4 2147
3 4 2148
3 4 2149
3 4 2150
3 4 2151
3 4 2152
3 4 2153
3 4 2154
3 4 2155
3 4 2156
3 4 2157
3 4 2158
3 4 2159
3 4 2160
3 4 2161
3 4 2162
3 4 2163
3 4 2164
3 4 2165
3 4 2166
3 4 2167
3 4 2168
3 4 2169
3 4 2170
3 4 2171
3 4 2172
3 4 2173
3 4 2174
3 4 2175
3 4 2176
3 4 2177
3 4 2178
3 4 2179
3 4 2180
3 4 2181
3 4 2182
3 4 2183
3 4 2184
3 4 2185
3 4 2186
3 4 2187
3 4 2188
3 4 2189
3 4 2190
3 4 2191
3 4 2192
3 4 2193
3 4 2194
3 4 2195
3 4 2196
3 4 2197
3 4 2198
3 4 2199
3 4 2200
3 4 2201
3 4 2202
3 4 2203
3 4 2204
3 4 2205
3 4 2206
3 4 2207
3 4 2208
3 4 2209
3 4 2210
3 4 2211
3 4 2212
3 4 2213
3 4 2214
3 4 2215
3 4 2216
3 4 2217
3 4 2218
3 4 2219
3 4 2220
3 4 2221
3 4 2222
3 4 2223
3 4 2224
3 4 2225
3 4 2226
3 4 2227
3 4 2228
3 4 2229
3 4 2230
3 4 2231
3 4 2232
3 4 2233
3 4 2234
3 4 2235
3 4 2236
3 4 2237
3 4 2238
3 4 2239
3 4 2240
3 4 2241
3 4 2242
3 4 2243
3 4 2244
3 4 2245
3 4 2246
3 4 2247
3 4 2248
3 4 2249
3 4 2250
3 4 2251
3 4 2252
3 4 2253
3 4 2254
3 4 2255
3 4 2256
3 4 2257
3 4 2258
3 4 2259
3 4 2260
3 4 2261
3 4 2262
3 4 2263
3 4 2264
3 4 2265
3 4 2266
3 4 2267
3 4 2268
3 4 2269
3 4 2270
3 4 2271
3 4 2272
3 4 2273
3 4 2274
3 4 2275
3 4 2276
3 4 2277
3 4 2278
3 4 2279
3 4 2280
3 4 2281
3 4 2282
3 4 2283
3 4 2284
3 4 2285
3 4 2286
3 4 2287
3 4 2288
3 4 2289
3 4 2290
3 4 2291
3 4 2292
3 4 2293
3 4 2294
3 4 2295
3 4 2296
3 4 2297
3 4 2298
3 4 2299
3 4 2300
3 4 2301
3 4 2302
3 4 2303
3 4 2304
3 4 2305
3 4 2306
3 4 2307
3 4 2308
3 4 2309
3 4 2310
3 4 2311
3 4 2312
3 4 2313
3 4 2314
3 4 2315
3 4 2316
3 4 2317
3 4 2318
3 4 2319
3 4 2320
3 4 2321
3 4 2322
3 4 2323
3 4 2324
3 4 2325
3 4 2326
3 4 2327
3 4 2328
3 4 2329
3 4 2330
3 4 2331
3 4 2332
3 4 2333
3 4 2334
3 4 2335
3 4 2336
3 4 2337
3 4 2338
3 4 2339
3 4 2340
3 4 2341
3 4 2342
3 4 2343
3 4 2344
3 4 2345
3 4 2346
3 4 2347
3 4 2348
3 4 2349
3 4 2350
3 4 2351
3 4 2352
3 4 2353
3 4 2354
3 4 2355
3 4 2356
3 4 2357
3 4 2358
3 4 2359
3 4 2360
3 4 2361
3 4 2362
3 4 2363
3 4 2364
3 4 2365
3 4 2366
3 4 2367
3 4 2368
3 4 2369
3 4 2370
3 4 2371
3 4 2372
3 4 2373
3 4 2374
3 4 2375
3 4 2376
3 4 2377
3 4 2378
3 4 2379
3 4 2380
3 4 2381
3 4 2382
3 4 2383
3 4 2384
3 4 2385
3 4 2386
3 4 2387
3 4 2388
3 4 2389
3 4 2390
3 4 2391
3 4 2392
3 4 2393
3 4 2394
3 4 2395
3 4 2396
3 4 2397
3 4 2398
3 4 2399
3 4 2400
3 4 2401
3 4 2402
3 4 2403
3 4 2404
3 4 2405
3 4 2406
3 4 2407
3 4 2408
3 4 2409
3 4 2410
3 4 2411
3 4 2412
3 4 2413
3 4 2414
3 4 2415
3 4 2416
3 4 2417
3 4 2418
3 4 2419
3 4 2420
3 4 2421
3 4 2422
3 4 2423
3 4 2424
3 4 2425
3 4 2426
3 4 2427
3 4 2428
3 4 2429
3 4 2430
3 4 2431
3 4 2432
3 4 2433
3 4 2434
3 4 2435
3 4 2436
3 4 2437
3 4 2438
3 4 2439
3 4 2440
3 4 2441
3 4 2442
3 4 2443
3 4 2444
3 4 2445
3 4 2446
3 4 2447
3 4 2448
3 4 2449
3 4 2450
3 4 2451
3 4 2452
3 4 2453
3 4 2454
3 4 2455
3 4 2456
3 4 2457
3 4 2458
3 4 2459
3 4 2460
3 4 2461
3 4 2462
3 4 2463
3 4 2464
3 4 2465
3 4 2466
3 4 2467
3 4 2468
3 4 2469
3 4 2470
3 4 2471
3 4 2472
3 4 2473
3 4 2474
3 4 2475
3 4 2476
3 4 2477
3 4 2478
3 4 2479
3 4 2480
3 4 2481
3 4 2482
3 4 2483
3 4 2484
3 4 2485
3 4 2486
3 4 2487
3 4 2488
3 4 2489
3 4 2490
3 4 2491
3 4 2492
3 4 2493
3 4 2494
3 4 2495
3 4 2496
3 4 2497
3 4 2498
3 4 2499
3 4 2500
3 4 2501
3 4 2502
3 4 2503
3 4 2504
3 4 2505
3 4 2506
3 4 2507
3 4 2508
3 4 2509
3 4 2510
3 4 2511
3 4 2512
3 4 2513
3 4 2514
3 4 2515
3 4 2516
3 4 2517
3 4 2518
3 4 2519
3 4 2520
3 4 2521
3 4 2522
3 4 2523
3 4 2524
3 4 2525
3 4 2526
3 4 2527
3 4 2528
3 4 2529
3 4 2530
3 4 2531
3 4 2532
3 4 2533
3 4 2534
3 4 2535
3 4 2536
3 4 2537
3 4 2538
3 4 2539
3 4 2540
3 4 2541
3 4 2542
3 4 2543
3 4 2544
3 4 2545
3 4 2546
3 4 2547
3 4 2548
3 4 2549
3 4 2550
3 4 2551
3 4 2552
3 4 2553
3 4 2554
3 4 2555
3 4 2556
3 4 2557
3 4 2558
3 4 2559
3 4 2560
3 4 2561
3 4 2562
3 4 2563
3 4 2564
3 4 2565
3 4 2566
3 4 2567
3 4 2568
3 4 2569
3 4 2570
3 4 2571
3 4 2572
3 4 2573
3 4 2574
3 4 2575
3 4 2576
3 4 2577
3 4 2578
3 4 2579
3 4 2580
3 4 2581
3 4 2582
3 4 2583
3 4 2584
3 4 2585
3 4 2586
3 4 2587
3 4 2588
3 4 2589
3 4 2590
3 4 2591
3 4 2592
3 4 2593
3 4 2594
3 4 2595
3 4 2596
3 4 2597
3 4 2598
3 4 2599
3 4 2600
3 4 2601
3 4 2602
3 4 2603
3 4 2604
3 4 2605
3 4 2606
3 4 2607
3 4 2608
3 4 2609
3 4 2610
3 4 2611
3 4 2612
3 4 2613
3 4 2614
3 4 2615
3 4 2616
3 4 2617
3 4 2618
3 4 2619
3 4 2620
3 4 2621
3 4 2622
3 4 2623
3 4 2624
3 4 2625
3 4 2626
3 4 2627
3 4 2628
3 4 2629
3 4 2630
3 4 2631
3 4 2632
3 4 2633
3 4 2634
3 4 2635
3 4 2636
3 4 2637
3 4 2638
3 4 2639
3 4 2640
3 4 2641
3 4 2642
3 4 2643
3 4 2644
3 4 2645
3 4 2646
3 4 2647
3 4 2648
3 4 2649
3 4 2650
3 4 2651
3 4 2652
3 4 2653
3 4 2654
3 4 2655
3 4 2656
3 4 2657
3 4 2658
3 4 2659
3 4 2660
3 4 2661
3 4 2662
3 4 2663
3 4 2664
3 4 2665
3 4 2666
3 4 2667
3 4 2668
3 4 2669
3 4 2670
3 4 2671
3 4 2672
3 4 2673
3 4 2674
3 4 2675
3 4 2676
3 4 2677
3 4 2678
3 4 2679
3 4 2680
3 4 2681
3 4 2682
3 4 2683
3 4 2684
3 4 2685
3 4 2686
3 4 2687
3 4 2688
3 4 2689
3 4 2690
3 4 2691
3 4 2692
3 4 2693
3 4 2694
3 4 2695
3 4 2696
3 4 2697
3 4 2698
3 4 2699
3 4 2700
3 4 2701
3 4 2702
3 4 2703
3 4 2704
3 4 2705
3 4 2706
3 4 2707
3 4 2708
3 4 2709
3 4 2710
3 4 2711
3 4 2712
3 4 2713
3 4 2714
3 4 2715
3 4 2716
3 4 2717
3 4 2718
3 4 2719
3 4 2720
3 4 2721
3 4 2722
3 4 2723
3 4 2724
3 4 2725
3 4 2726
3 4 2727
3 4 2728
3 4 2729
3 4 2730
3 4 2731
3 4 2732
3 4 2733
3 4 2734
3 4 2735
3 4 2736
3 4 2737
3 4 2738
3 4 2739
3 4 2740
3 4 2741
3 4 2742
3 4 2743
3 4 2744
3 4 2745
3 4 2746
3 4 2747
3 4 2748
3 4 2749
3 4 2750
3 4 2751
3 4 2752
3 4 2753
3 4 2754
3 4 2755
3 4 2756
3 4 2757
3 4 2758
3 4 2759
3 4 2760
3 4 2761
3 4 2762
3 4 2763
3 4 2764
3 4 2765
3 4 2766
3 4 2767
3 4 2768
3 4 2769
3 4 2770
3 4 2771
3 4 2772
3 4 2773
3 4 2774
3 4 2775
3 4 2776
3 4 2777
3 4 2778
3 4 2779
3 4 2780
3 4 2781
3 4 2782
3 4 2783
3 4 2784
3 4 2785
3 4 2786
3 4 2787
3 4 2788
3 4 2789
3 4 2790
3 4 2791
3 4 2792
3 4 2793
3 4 2794
3 4 2795
3 4 2796
3 4 2797
3 4 2798
3 4 2799
3 4 2800
3 4 2801
3 4 2802
3 4 2803
3 4 2804
3 4 2805
3 4 2806
3 4 2807
3 4 2808
3 4 2809
3 4 2810
3 4 2811
3 4 2812
3 4 2813
3 4 2814
3 4 2815
3 4 2816
3 4 2817
3 4 2818
3 4 2819
3 4 2820
3 4 2821
3 4 2822
3 4 2823
3 4 2824
3 4 2825
3 4 2826
3 4 2827
3 4 2828
3 4 2829
3 4 2830
3 4 2831
3 4 2832
3 4 2833
3 4 2834
3 4 2835
3 4 2836
3 4 2837
3 4 2838
3 4 2839
3 4 2840
3 4 2841
3 4 2842
3 4 2843
3 4 2844
3 4 2845
3 4 2846
3 4 2847
3 4 2848
3 4 2849
3 4 2850
3 4 2851
3 4 2852
3 4 2853
3 4 2854
3 4 2855
3 4 2856
3 4 2857
3 4 2858
3 4 2859
3 4 2860
3 4 2861
3 4 2862
3 4 2863
3 4 2864
3 4 2865
3 4 2866
3 4 2867
3 4 2868
3 4 2869
3 4 2870
3 4 2871
3 4 2872
3 4 2873
3 4 2874
3 4 2875
3 4 2876
3 4 2877
3 4 2878
3 4 2879
3 4 2880
3 4 2881
3 4 2882
3 4 2883
3 4 2884
3 4 2885
3 4 2886
3 4 2887
3 4 2888
3 4 2889
3 4 2890
3 4 2891
3 4 2892
3 4 2893
3 4 2894
3 4 2895
3 4 2896
3 4 2897
3 4 2898
3 4 2899
3 4 2900
3 4 2901
3 4 2902
3 4 2903
3 4 2904
3 4 2905
3 4 2906
3 4 2907
3 4 2908
3 4 2909
3 4 2910
3 4 2911
3 4 2912
3 4 2913
3 4 2914
3 4 2915
3 4 2916
3 4 2917
3 4 2918
3 4 2919
3 4 2920
3 4 2921
3 4 2922
3 4 2923
3 4 2924
3 4 2925
3 4 2926
3 4 2927
3 4 2928
3 4 2929
3 4 2930
3 4 2931
3 4 2932
3 4 2933
3 4 2934
3 4 2935
3 4 2936
3 4 2937
3 4 2938
3 4 2939
3 4 2940
3 4 2941
3 4 2942
3 4 2943
3 4 2944
3 4 2945
3 4 2946
3 4 2947
3 4 2948
3 4 2949
3 4 2950
3 4 2951
3 4 2952
3 4 2953
3 4 2954
3 4 2955
3 4 2956
3 4 2957
3 4 2958
3 4 2959
3 4 2960
3 4 2961
3 4 2962
3 4 2963
3 4 2964
3 4 2965
3 4 2966
3 4 2967
3 4 2968
3 4 2969
3 4 2970
3 4 2971
3 4 2972
3 4 2973
3 4 2974
3 4 2975
3 4 2976
3 4 2977
3 4 2978
3 4 2979
3 4 2980
3 4 2981
3 4 2982
3 4 2983
3 4 2984
3 4 2985
3 4 2986
3 4 2987
3 4 2988
3 4 2989
3 4 2990
3 4 2991
3 4 2992
3 4 2993
3 4 2994
3 4 2995
3 4 2996
3 4 2997
3 4 2998
3 4 2999
3 4 3000
3 4 3001
3 4 3002
3 4 3003
3 4 3004
3 4 3005
3 4 3006
3 4 3007
3 4 3008
3 4 3009
3 4 3010
3 4 3011
3 4 3012
3 4 3013
3 4 3014
3 4 3015
3 4 3016
3 4 3017
3 4 3018
3 4 3019
3 4 3020
3 4 3021
3 4 3022
3 4 3023
3 4 3024
3 4 3025
3 4 3026
3 4 3027
3 4 3028
3 4 3029
3 4 3030
3 4 3031
3 4 3032
3 4 3033
3 4 3034
3 4 3035
3 4 3036
3 4 3037
3 4 3038
3 4 3039
3 4 3040
3 4 3041
3 4 3042
3 4 3043
3 4 3044
3 4 3045
3 4 3046
3 4 3047
3 4 3048
3 4 3049
3 4 3050
3 4 3051
3 4 3052
3 4 3053
3 4 3054
3 4 3055
3 4 3056
3 4 3057
3 4 3058
3 4 3059
3 4 3060
3 4 3061
3 4 3062
3 4 3063
3 4 3064
3 4 3065
3 4 3066
3 4 3067
3 4 3068
3 4 3069
3 4 3070
3 4 3071
3 4 3072
3 4 3073
3 4 3074
3 4 3075
3 4 3076
3 4 3077
3 4 3078
3 4 3079
3 4 3080
3 4 3081
3 4 3082
3 4 3083
3 4 3084
3 4 3085
3 4 3086
3 4 3087
3 4 3088
3 4 3089
3 4 3090
3 4 3091
3 4 3092
3 4 3093
3 4 3094
3 4 3095
3 4 3096
3 4 3097
3 4 3098
3 4 3099
3 4 3100
3 4 3101
3 4 3102
3 4 3103
3 4 3104
3 4 3105
3 4 3106
3 4 3107
3 4 3108
3 4 3109
3 4 3110
3 4 3111
3 4 3112
3 4 3113
3 4 3114
3 4 3115
3 4 3116
3 4 3117
3 4 3118
3 4 3119
3 4 3120
3 4 3121
3 4 3122
3 4 3123
3 4 3124
3 4 3125
3 4 3126
3 4 3127
3 4 3128
3 4 3129
3 4 3130
3 4 3131
3 4 3132
3 4 3133
3 4 3134
3 4 3135
3 4 3136
3 4 3137
3 4 3138
3 4 3139
3 4 3140
3 4 3141
3 4 3142
3 4 3143
3 4 3144
3 4 3145
3 4 3146
3 4 3147
3 4 3148
3 4 3149
3 4 3150
3 4 3151
3 4 3152
3 4 3153
3 4 3154
3 4 3155
3 4 3156
3 4 3157
3 4 3158
3 4 3159
3 4 3160
3 4 3161
3 4 3162
3 4 3163
3 4 3164
3 4 3165
3 4 3166
3 4 3167
3 4 3168
3 4 3169
3 4 3170
3 4 3171
3 4 3172
3 4 3173
3 4 3174
3 4 3175
3 4 3176
3 4 3177
3 4 3178
3 4 3179
3 4 3180
3 4 3181
3 4 3182
3 4 3183
3 4 3184
3 4 3185
3 4 3186
3 4 3187
3 4 3188
3 4 3189
3 4 3190
3 4 3191
3 4 3192
3 4 3193
3 4 3194
3 4 3195
3 4 3196
3 4 3197
3 4 3198
3 4 3199
3 4 3200
3 4 3201
3 4 3202
3 4 3203
3 4 3204
3 4 3205
3 4 3206
3 4 3207
3 4 3208
3 4 3209
3 4 3210
3 4 3211
3 4 3212
3 4 3213
3 4 3214
3 4 3215
3 4 3216
3 4 3217
3 4 3218
3 4 3219
3 4 3220
3 4 3221
3 4 3222
3 4 3223
3 4 3224
3 4 3225
3 4 3226
3 4 3227
3 4 3228
3 4 3229
3 4 3230
3 4 3231
3 4 3232
3 4 3233
3 4 3234
3 4 3235
3 4 3236
3 4 3237
3 4 3238
3 4 3239
3 4 3240
3 4 3241
3 4 3242
3 4 3243
3 4 3244
3 4 3245
3 4 3246
3 4 3247
3 4 3248
3 4 3249
3 4 3250
3 4 3251
3 4 3252
3 4 3253
3 4 3254
3 4 3255
3 4 3256
3 4 3257
3 4 3258
3 4 3259
3 4 3260
3 4 3261
3 4 3262
3 4 3263
3 4 3264
3 4 3265
3 4 3266
3 4 3267
3 4 3268
3 4 3269
3 4 3270
3 4 3271
3 4 3272
3 4 3273
3 4 3274
3 4 3275
3 4 3276
3 4 3277
3 4 3278
3 4 3279
3 4 3280
3 4 3281
3 4 3282
3 4 3283
3 4 3284
3 4 3285
3 4 3286
3 4 3287
3 4 3288
3 4 3289
3 4 3290
3 4 3291
3 4 3292
3 4 3293
3 4 3294
3 4 3295
3 4 3296
3 4 3297
3 4 3298
3 4 3299
3 4 3300
3 4 3301
3 4 3302
3 4 3303
3 4 3304
3 4 3305
3 4 3306
3 4 3307
3 4 3308
3 4 3309
3 4 3310
3 4 3311
3 4 3312
3 4 3313
3 4 3314
3 4 3315
3 4 3316
3 4 3317
3 4 3318
3 4 3319
3 4 3320
3 4 3321
3 4 3322
3 4 3323
3 4 3324
3 4 3325
3 4 3326
3 4 3327
3 4 3328
3 4 3329
3 4 3330
3 4 3331
3 4 3332
3 4 3333
3 4 3334
3 4 3335
3 4 3336
3 4 3337
3 4 3338
3 4 3339
3 4 3340
3 4 3341
3 4 3342
3 4 3343
3 4 3344
3 4 3345
3 4 3346
3 4 3347
3 4 3348
3 4 3349
3 4 3350
3 4 3351
3 4 3352
3 4 3353
3 4 3354
3 4 3355
3 4 3356
3 4 3357
3 4 3358
3 4 3359
3 4 3360
3 4 3361
3 4 3362
3 4 3363
3 4 3364
3 4 3365
3 4 3366
3 4 3367
3 4 3368
3 4 3369
3 4 3370
3 4 3371
3 4 3372
3 4 3373
3 4 3374
3 4 3375
3 4 3376
3 4 3377
3 4 3378
3 4 3379
3 4 3380
3 4 3381
3 4 3382
3 4 3383
3 4 3384
3 4 3385
3 4 3386
3 4 3387
3 4 3388
3 4 3389
3 4 3390
3 4 3391
3 4 3392
3 4 3393
3 4 3394
3 4 3395
3 4 3396
3 4 3397
3 4 3398
3 4 3399
3 4 3400
3 4 3401
3 4 3402
3 4 3403
3 4 3404
3 4 3405
3 4 3406
3 4 3407
3 4 3408
3 4 3409
3 4 3410
3 4 3411
3 4 3412
3 4 3413
3 4 3414
3 4 3415
3 4 3416
3 4 3417
3 4 3418
3 4 3419
3 4 3420
3 4 3421
3 4 3422
3 4 3423
3 4 3424
3 4 3425
3 4 3426
3 4 3427
3 4 3428
3 4 3429
3 4 3430
3 4 3431
3 4 3432
3 4 3433
3 4 3434
3 4 3435
3 4 3436
3 4 3437
3 4 3438
3 4 3439
3 4 3440
3 4 3441
3 4 3442
3 4 3443
3 4 3444
3 4 3445
3 4 3446
3 4 3447
3 4 3448
3 4 3449
3 4 3450
3 4 3451
3 4 3452
3 4 3453
3 4 3454
3 4 3455
3 4 3456
3 4 3457
3 4 3458
3 4 3459
3 4 3460
3 4 3461
3 4 3462
3 4 3463
3 4 3464
3 4 3465
3 4 3466
3 4 3467
3 4 3468
3 4 3469
3 4 3470
3 4 3471
3 4 3472
3 4 3473
3 4 3474
3 4 3475
3 4 3476
3 4 3477
3 4 3478
3 4 3479
3 4 3480
3 4 3481
3 4 3482
3 4 3483
3 4 3484
3 4 3485
3 4 3486
3 4 3487
3 4 3488
3 4 3489
3 4 3490
3 4 3491
3 4 3492
3 4 3493
3 4 3494
3 4 3495
3 4 3496
3 4 3497
3 4 3498
3 4 3499
3 4 3500
3 4 3501
3 4 3502
3 4 3503
3 4 3504
3 4 3505
3 4 3506
3 4 3507
3 4 3508
3 4 3509
3 4 3510
3 4 3511
3 4 3512
3 4 3513
3 4 3514
3 4 3515
3 4 3516
3 4 3517
3 4 3518
3 4 3519
3 4 3520
3 4 3521
3 4 3522
3 4 3523
3 4 3524
3 4 3525
3 4 3526
3 4 3527
3 4 3528
3 4 3529
3 4 3530
3 4 3531
3 4 3532
3 4 3533
3 4 3534
3 4 3535
3 4 3536
3 4 3537
3 4 3538
3 4 3539
3 4 3540
3 4 3541
3 4 3542
3 4 3543
3 4 3544
3 4 3545
3 4 3546
3 4 3547
3 4 3548
3 4 3549
3 4 3550
3 4 3551
3 4 3552
3 4 3553
3 4 3554
3 4 3555
3 4 3556
3 4 3557
3 4 3558
3 4 3559
3 4 3560
3 4 3561
3 4 3562
3 4 3563
3 4 3564
3 4 3565
3 4 3566
3 4 3567
3 4 3568
3 4 3569
3 4 3570
3 4 3571
3 4 3572
3 4 3573
3 4 3574
3 4 3575
3 4 3576
3 4 3577
3 4 3578
3 4 3579
3 4 3580
3 4 3581
3 4 3582
3 4 3583
3 4 3584
3 4 3585
3 4 3586
3 4 3587
3 4 3588
3 4 3589
3 4 3590
3 4 3591
3 4 3592
3 4 3593
3 4 3594
3 4 3595
3 4 3596
3 4 3597
3 4 3598
3 4 3599
3 4 3600
3 4 3601
3 4 3602
3 4 3603
3 4 3604
3 4 3605
3 4 3606
3 4 3607
3 4 3608
3 4 3609
3 4 3610
3 4 3611
3 4 3612
3 4 3613
3 4 3614
3 4 3615
3 4 3616
3 4 3617
3 4 3618
3 4 3619
3 4 3620
3 4 3621
3 4 3622
3 4 3623
3 4 3624
3 4 3625
3 4 3626
3 4 3627
3 4 3628
3 4 3629
3 4 3630
3 4 3631
3 4 3632
3 4 3633
3 4 3634
3 4 3635
3 4 3636
3 4 3637
3 4 3638
3 4 3639
3 4 3640
3 4 3641
3 4 3642
3 4 3643
3 4 3644
3 4 3645
3 4 3646
3 4 3647
3 4 3648
3 4 3649
3 4 3650
3 4 3651
3 4 3652
3 4 3653
3 4 3654
3 4 3655
3 4 3656
3 4 3657
3 4 3658
3 4 3659
3 4 3660
3 4 3661
3 4 3662
3 4 3663
3 4 3664
3 4 3665
3 4 3666
3 4 3667
3 4 3668
3 4 3669
3 4 3670
3 4 3671
3 4 3672
3 4 3673
3 4 3674
3 4 3675
3 4 3676
3 4 3677
3 4 3678
3 4 3679
3 4 3680
3 4 3681
3 4 3682
3 4 3683
3 4 3684
3 4 3685
3 4 3686
3 4 3687
3 4 3688
3 4 3689
3 4 3690
3 4 3691
3 4 3692
3 4 3693
3 4 3694
3 4 3695
3 4 3696
3 4 3697
3 4 3698
3 4 3699
3 4 3700
3 4 3701
3 4 3702
3 4 3703
3 4 3704
3 4 3705
3 4 3706
3 4 3707
3 4 3708
3 4 3709
3 4 3710
3 4 3711
3 4 3712
3 4 3713
3 4 3714
3 4 3715
3 4 3716
3 4 3717
3 4 3718
3 4 3719
3 4 3720
3 4 3721
3 4 3722
3 4 3723
3 4 3724
3 4 3725
3 4 3726
3 4 3727
3 4 3728
3 4 3729
3 4 3730
3 4 3731
3 4 3732
3 4 3733
3 4 3734
3 4 3735
3 4 3736
3 4 3737
3 4 3738
3 4 3739
3 4 3740
3 4 3741
3 4 3742
3 4 3743
3 4 3744
3 4 3745
3 4 3746
3 4 3747
3 4 3748
3 4 3749
3 4 3750
3 4 3751
3 4 3752
3 4 3753
3 4 3754
3 4 3755
3 4 3756
3 4 3757
3 4 3758
3 4 3759
3 4 3760
3 4 3761
3 4 3762
3 4 3763
