7 8 1
7 8 2
7 8 3
7 8 4
7 8 5
7 8 6
7 8 7
7 8 8
7 8 9
7 8 10
7 8 11
7 8 12
7 8 13
7 8 14
7 8 15
7 8 16
7 8 17
7 8 18
7 8 19
7 8 20
7 8 21
7 8 22
7 8 23
7 8 24
7 8 25
7 8 26
7 8 27
7 8 28
7 8 29
7 8 30
7 8 31
7 8 32
7 8 33
7 8 34
7 8 35
7 8 36
7 8 37
7 8 38
7 8 39
7 8 40
7 8 41
7 8 42
7 8 43
7 8 44
7 8 45
7 8 46
7 8 47
7 8 48
7 8 49
7 8 50
7 8 51
7 8 52
7 8 53
7 8 54
7 8 55
7 8 56
7 8 57
7 8 58
7 8 59
7 8 60
7 8 61
7 8 62
7 8 63
7 8 64
7 8 65
7 8 66
7 8 67
7 8 68
7 8 69
7 8 70
7 8 71
7 8 72
7 8 73
7 8 74
7 8 75
7 8 76
7 8 77
7 8 78
7 8 79
7 8 80
7 8 81
7 8 82
7 8 83
7 8 84
7 8 85
7 8 86
7 8 87
7 8 88
7 8 89
7 8 90
7 8 91
7 8 92
7 8 93
7 8 94
7 8 95
7 8 96
7 8 97
7 8 98
7 8 99
7 8 100
7 8 101
7 8 102
7 8 103
7 8 104
7 8 105
7 8 106
7 8 107
7 8 108
7 8 109
7 8 110
7 8 111
7 8 112
7 8 113
7 8 114
7 8 115
7 8 116
7 8 117
7 8 118
7 8 119
7 8 120
7 8 121
7 8 122
7 8 123
7 8 124
7 8 125
7 8 126
7 8 127
7 8 128
7 8 129
7 8 130
7 8 131
7 8 132
7 8 133
7 8 134
7 8 135
7 8 136
7 8 137
7 8 138
7 8 139
7 8 140
7 8 141
7 8 142
7 8 143
7 8 144
7 8 145
7 8 146
7 8 147
7 8 148
7 8 149
7 8 150
7 8 151
7 8 152
7 8 153
7 8 154
7 8 155
7 8 156
7 8 157
7 8 158
7 8 159
7 8 160
7 8 161
7 8 162
7 8 163
7 8 164
7 8 165
7 8 166
7 8 167
7 8 168
7 8 169
7 8 170
7 8 171
7 8 172
7 8 173
7 8 174
7 8 175
7 8 176
7 8 177
7 8 178
7 8 179
7 8 180
7 8 181
7 8 182
7 8 183
7 8 184
7 8 185
7 8 186
7 8 187
7 8 188
7 8 189
7 8 190
7 8 191
7 8 192
7 8 193
7 8 194
7 8 195
7 8 196
7 8 197
7 8 198
7 8 199
7 8 200
7 8 201
7 8 202
7 8 203
7 8 204
7 8 205
7 8 206
7 8 207
7 8 208
7 8 209
7 8 210
7 8 211
7 8 212
7 8 213
7 8 214
7 8 215
7 8 216
7 8 217
7 8 218
7 8 219
7 8 220
7 8 221
7 8 222
7 8 223
7 8 224
7 8 225
7 8 226
7 8 227
7 8 228
7 8 229
7 8 230
7 8 231
7 8 232
7 8 233
7 8 234
7 8 235
7 8 236
7 8 237
7 8 238
7 8 239
7 8 240
7 8 241
7 8 242
7 8 243
7 8 244
7 8 245
7 8 246
7 8 247
7 8 248
7 8 249
7 8 250
7 8 251
7 8 252
7 8 253
7 8 254
7 8 255
7 8 256
7 8 257
7 8 258
7 8 259
7 8 260
7 8 261
7 8 262
7 8 263
7 8 264
7 8 265
7 8 266
7 8 267
7 8 268
7 8 269
7 8 270
7 8 271
7 8 272
7 8 273
7 8 274
7 8 275
7 8 276
7 8 277
7 8 278
7 8 279
7 8 280
7 8 281
7 8 282
7 8 283
7 8 284
7 8 285
7 8 286
7 8 287
7 8 288
7 8 289
7 8 290
7 8 291
7 8 292
7 8 293
7 8 294
7 8 295
7 8 296
7 8 297
7 8 298
7 8 299
7 8 300
7 8 301
7 8 302
7 8 303
7 8 304
7 8 305
7 8 306
7 8 307
7 8 308
7 8 309
7 8 310
7 8 311
7 8 312
7 8 313
7 8 314
7 8 315
7 8 316
7 8 317
7 8 318
7 8 319
7 8 320
7 8 321
7 8 322
7 8 323
7 8 324
7 8 325
7 8 326
7 8 327
7 8 328
7 8 329
7 8 330
7 8 331
7 8 332
7 8 333
7 8 334
7 8 335
7 8 336
7 8 337
7 8 338
7 8 339
7 8 340
7 8 341
7 8 342
7 8 343
7 8 344
7 8 345
7 8 346
7 8 347
7 8 348
7 8 349
7 8 350
7 8 351
7 8 352
7 8 353
7 8 354
7 8 355
7 8 356
7 8 357
7 8 358
7 8 359
7 8 360
7 8 361
7 8 362
7 8 363
7 8 364
7 8 365
7 8 366
7 8 367
7 8 368
7 8 369
7 8 370
7 8 371
7 8 372
7 8 373
7 8 374
7 8 375
7 8 376
7 8 377
7 8 378
7 8 379
7 8 380
7 8 381
7 8 382
7 8 383
7 8 384
7 8 385
7 8 386
7 8 387
7 8 388
7 8 389
7 8 390
7 8 391
7 8 392
7 8 393
7 8 394
7 8 395
7 8 396
7 8 397
7 8 398
7 8 399
7 8 400
7 8 401
7 8 402
7 8 403
7 8 404
7 8 405
7 8 406
7 8 407
7 8 408
7 8 409
7 8 410
7 8 411
7 8 412
7 8 413
7 8 414
7 8 415
7 8 416
7 8 417
7 8 418
7 8 419
7 8 420
7 8 421
7 8 422
7 8 423
7 8 424
7 8 425
7 8 426
7 8 427
7 8 428
7 8 429
7 8 430
7 8 431
7 8 432
7 8 433
7 8 434
7 8 435
7 8 436
7 8 437
7 8 438
7 8 439
7 8 440
7 8 441
7 8 442
7 8 443
7 8 444
7 8 445
7 8 446
7 8 447
7 8 448
7 8 449
7 8 450
7 8 451
7 8 452
7 8 453
7 8 454
7 8 455
7 8 456
7 8 457
7 8 458
7 8 459
7 8 460
7 8 461
7 8 462
7 8 463
7 8 464
7 8 465
7 8 466
7 8 467
7 8 468
7 8 469
7 8 470
7 8 471
7 8 472
7 8 473
7 8 474
7 8 475
7 8 476
7 8 477
7 8 478
7 8 479
7 8 480
7 8 481
7 8 482
7 8 483
7 8 484
7 8 485
7 8 486
7 8 487
7 8 488
7 8 489
7 8 490
7 8 491
7 8 492
7 8 493
7 8 494
7 8 495
7 8 496
7 8 497
7 8 498
7 8 499
7 8 500
7 8 501
7 8 502
7 8 503
7 8 504
7 8 505
7 8 506
7 8 507
7 8 508
7 8 509
7 8 510
7 8 511
7 8 512
7 8 513
7 8 514
7 8 515
7 8 516
7 8 517
7 8 518
7 8 519
7 8 520
7 8 521
7 8 522
7 8 523
7 8 524
7 8 525
7 8 526
7 8 527
7 8 528
7 8 529
7 8 530
7 8 531
7 8 532
7 8 533
7 8 534
7 8 535
7 8 536
7 8 537
7 8 538
7 8 539
7 8 540
7 8 541
7 8 542
7 8 543
7 8 544
7 8 545
7 8 546
7 8 547
7 8 548
7 8 549
7 8 550
7 8 551
7 8 552
7 8 553
7 8 554
7 8 555
7 8 556
7 8 557
7 8 558
7 8 559
7 8 560
7 8 561
7 8 562
7 8 563
7 8 564
7 8 565
7 8 566
7 8 567
7 8 568
7 8 569
7 8 570
7 8 571
7 8 572
7 8 573
7 8 574
7 8 575
7 8 576
7 8 577
7 8 578
7 8 579
7 8 580
7 8 581
7 8 582
7 8 583
7 8 584
7 8 585
7 8 586
7 8 587
7 8 588
7 8 589
7 8 590
7 8 591
7 8 592
7 8 593
7 8 594
7 8 595
7 8 596
7 8 597
7 8 598
7 8 599
7 8 600
7 8 601
7 8 602
7 8 603
7 8 604
7 8 605
7 8 606
7 8 607
7 8 608
7 8 609
7 8 610
7 8 611
7 8 612
7 8 613
7 8 614
7 8 615
7 8 616
7 8 617
7 8 618
7 8 619
7 8 620
7 8 621
7 8 622
7 8 623
7 8 624
7 8 625
7 8 626
7 8 627
7 8 628
7 8 629
7 8 630
7 8 631
7 8 632
7 8 633
7 8 634
7 8 635
7 8 636
7 8 637
7 8 638
7 8 639
7 8 640
7 8 641
7 8 642
7 8 643
7 8 644
7 8 645
7 8 646
7 8 647
7 8 648
7 8 649
7 8 650
7 8 651
7 8 652
7 8 653
7 8 654
7 8 655
7 8 656
7 8 657
7 8 658
7 8 659
7 8 660
7 8 661
7 8 662
7 8 663
7 8 664
7 8 665
7 8 666
7 8 667
7 8 668
7 8 669
7 8 670
7 8 671
7 8 672
7 8 673
7 8 674
7 8 675
7 8 676
7 8 677
7 8 678
7 8 679
7 8 680
7 8 681
7 8 682
7 8 683
7 8 684
7 8 685
7 8 686
7 8 687
7 8 688
7 8 689
7 8 690
7 8 691
7 8 692
7 8 693
7 8 694
7 8 695
7 8 696
7 8 697
7 8 698
7 8 699
7 8 700
7 8 701
7 8 702
7 8 703
7 8 704
7 8 705
7 8 706
7 8 707
7 8 708
7 8 709
7 8 710
7 8 711
7 8 712
7 8 713
7 8 714
7 8 715
7 8 716
7 8 717
7 8 718
7 8 719
7 8 720
7 8 721
7 8 722
7 8 723
7 8 724
7 8 725
7 8 726
7 8 727
7 8 728
7 8 729
7 8 730
7 8 731
7 8 732
7 8 733
7 8 734
7 8 735
7 8 736
7 8 737
7 8 738
7 8 739
7 8 740
7 8 741
7 8 742
7 8 743
7 8 744
7 8 745
7 8 746
7 8 747
7 8 748
7 8 749
7 8 750
7 8 751
7 8 752
7 8 753
7 8 754
7 8 755
7 8 756
7 8 757
7 8 758
7 8 759
7 8 760
7 8 761
7 8 762
7 8 763
7 8 764
7 8 765
7 8 766
7 8 767
7 8 768
7 8 769
7 8 770
7 8 771
7 8 772
7 8 773
7 8 774
7 8 775
7 8 776
7 8 777
7 8 778
7 8 779
7 8 780
7 8 781
7 8 782
7 8 783
7 8 784
7 8 785
7 8 786
7 8 787
7 8 788
7 8 789
7 8 790
7 8 791
7 8 792
7 8 793
7 8 794
7 8 795
7 8 796
7 8 797
7 8 798
7 8 799
7 8 800
7 8 801
7 8 802
7 8 803
7 8 804
7 8 805
7 8 806
7 8 807
7 8 808
7 8 809
7 8 810
7 8 811
7 8 812
7 8 813
7 8 814
7 8 815
7 8 816
7 8 817
7 8 818
7 8 819
7 8 820
7 8 821
7 8 822
7 8 823
7 8 824
7 8 825
7 8 826
7 8 827
7 8 828
7 8 829
7 8 830
7 8 831
7 8 832
7 8 833
7 8 834
7 8 835
7 8 836
7 8 837
7 8 838
7 8 839
7 8 840
7 8 841
7 8 842
7 8 843
7 8 844
7 8 845
7 8 846
7 8 847
7 8 848
7 8 849
7 8 850
7 8 851
7 8 852
7 8 853
7 8 854
7 8 855
7 8 856
7 8 857
7 8 858
7 8 859
7 8 860
7 8 861
7 8 862
7 8 863
7 8 864
7 8 865
7 8 866
7 8 867
7 8 868
7 8 869
7 8 870
7 8 871
7 8 872
7 8 873
7 8 874
7 8 875
7 8 876
7 8 877
7 8 878
7 8 879
7 8 880
7 8 881
7 8 882
7 8 883
7 8 884
7 8 885
7 8 886
7 8 887
7 8 888
7 8 889
7 8 890
7 8 891
7 8 892
7 8 893
7 8 894
7 8 895
7 8 896
7 8 897
7 8 898
7 8 899
7 8 900
7 8 901
7 8 902
7 8 903
7 8 904
7 8 905
7 8 906
7 8 907
7 8 908
7 8 909
7 8 910
7 8 911
7 8 912
7 8 913
7 8 914
7 8 915
7 8 916
7 8 917
7 8 918
7 8 919
7 8 920
7 8 921
7 8 922
7 8 923
7 8 924
7 8 925
7 8 926
7 8 927
7 8 928
7 8 929
7 8 930
7 8 931
7 8 932
7 8 933
7 8 934
7 8 935
7 8 936
7 8 937
7 8 938
7 8 939
7 8 940
7 8 941
7 8 942
7 8 943
7 8 944
7 8 945
7 8 946
7 8 947
7 8 948
7 8 949
7 8 950
7 8 951
7 8 952
7 8 953
7 8 954
7 8 955
7 8 956
7 8 957
7 8 958
7 8 959
7 8 960
7 8 961
7 8 962
7 8 963
7 8 964
7 8 965
7 8 966
7 8 967
7 8 968
7 8 969
7 8 970
7 8 971
7 8 972
7 8 973
7 8 974
7 8 975
7 8 976
7 8 977
7 8 978
7 8 979
7 8 980
7 8 981
7 8 982
7 8 983
7 8 984
7 8 985
7 8 986
7 8 987
7 8 988
7 8 989
7 8 990
7 8 991
7 8 992
7 8 993
7 8 994
7 8 995
7 8 996
7 8 997
7 8 998
7 8 999
7 8 1000
7 8 1001
7 8 1002
7 8 1003
7 8 1004
7 8 1005
7 8 1006
7 8 1007
7 8 1008
7 8 1009
7 8 1010
7 8 1011
7 8 1012
7 8 1013
7 8 1014
7 8 1015
7 8 1016
7 8 1017
7 8 1018
7 8 1019
7 8 1020
7 8 1021
7 8 1022
7 8 1023
7 8 1024
7 8 1025
7 8 1026
7 8 1027
7 8 1028
7 8 1029
7 8 1030
7 8 1031
7 8 1032
7 8 1033
7 8 1034
7 8 1035
7 8 1036
7 8 1037
7 8 1038
7 8 1039
7 8 1040
7 8 1041
7 8 1042
7 8 1043
7 8 1044
7 8 1045
7 8 1046
7 8 1047
7 8 1048
7 8 1049
7 8 1050
7 8 1051
7 8 1052
7 8 1053
7 8 1054
7 8 1055
7 8 1056
7 8 1057
7 8 1058
7 8 1059
7 8 1060
7 8 1061
7 8 1062
7 8 1063
7 8 1064
7 8 1065
7 8 1066
7 8 1067
7 8 1068
7 8 1069
7 8 1070
7 8 1071
7 8 1072
7 8 1073
7 8 1074
7 8 1075
7 8 1076
7 8 1077
7 8 1078
7 8 1079
7 8 1080
7 8 1081
7 8 1082
7 8 1083
7 8 1084
7 8 1085
7 8 1086
7 8 1087
7 8 1088
7 8 1089
7 8 1090
7 8 1091
7 8 1092
7 8 1093
7 8 1094
7 8 1095
7 8 1096
7 8 1097
7 8 1098
7 8 1099
7 8 1100
7 8 1101
7 8 1102
7 8 1103
7 8 1104
7 8 1105
7 8 1106
7 8 1107
7 8 1108
7 8 1109
7 8 1110
7 8 1111
7 8 1112
7 8 1113
7 8 1114
7 8 1115
7 8 1116
7 8 1117
7 8 1118
7 8 1119
7 8 1120
7 8 1121
7 8 1122
7 8 1123
7 8 1124
7 8 1125
7 8 1126
7 8 1127
7 8 1128
7 8 1129
7 8 1130
7 8 1131
7 8 1132
7 8 1133
7 8 1134
7 8 1135
7 8 1136
7 8 1137
7 8 1138
7 8 1139
7 8 1140
7 8 1141
7 8 1142
7 8 1143
7 8 1144
7 8 1145
7 8 1146
7 8 1147
7 8 1148
7 8 1149
7 8 1150
7 8 1151
7 8 1152
7 8 1153
7 8 1154
7 8 1155
7 8 1156
7 8 1157
7 8 1158
7 8 1159
7 8 1160
7 8 1161
7 8 1162
7 8 1163
7 8 1164
7 8 1165
7 8 1166
7 8 1167
7 8 1168
7 8 1169
7 8 1170
7 8 1171
7 8 1172
7 8 1173
7 8 1174
7 8 1175
7 8 1176
7 8 1177
7 8 1178
7 8 1179
7 8 1180
7 8 1181
7 8 1182
7 8 1183
7 8 1184
7 8 1185
7 8 1186
7 8 1187
7 8 1188
7 8 1189
7 8 1190
7 8 1191
7 8 1192
7 8 1193
7 8 1194
7 8 1195
7 8 1196
7 8 1197
7 8 1198
7 8 1199
7 8 1200
7 8 1201
7 8 1202
7 8 1203
7 8 1204
7 8 1205
7 8 1206
7 8 1207
7 8 1208
7 8 1209
7 8 1210
7 8 1211
7 8 1212
7 8 1213
7 8 1214
7 8 1215
7 8 1216
7 8 1217
7 8 1218
7 8 1219
7 8 1220
7 8 1221
7 8 1222
7 8 1223
7 8 1224
7 8 1225
7 8 1226
7 8 1227
7 8 1228
7 8 1229
7 8 1230
7 8 1231
7 8 1232
7 8 1233
7 8 1234
7 8 1235
7 8 1236
7 8 1237
7 8 1238
7 8 1239
7 8 1240
7 8 1241
7 8 1242
7 8 1243
7 8 1244
7 8 1245
7 8 1246
7 8 1247
7 8 1248
7 8 1249
7 8 1250
7 8 1251
7 8 1252
7 8 1253
7 8 1254
7 8 1255
7 8 1256
7 8 1257
7 8 1258
7 8 1259
7 8 1260
7 8 1261
7 8 1262
7 8 1263
7 8 1264
7 8 1265
7 8 1266
7 8 1267
7 8 1268
7 8 1269
7 8 1270
7 8 1271
7 8 1272
7 8 1273
7 8 1274
7 8 1275
7 8 1276
7 8 1277
7 8 1278
7 8 1279
7 8 1280
7 8 1281
7 8 1282
7 8 1283
7 8 1284
7 8 1285
7 8 1286
7 8 1287
7 8 1288
7 8 1289
7 8 1290
7 8 1291
7 8 1292
7 8 1293
7 8 1294
7 8 1295
7 8 1296
7 8 1297
7 8 1298
7 8 1299
7 8 1300
7 8 1301
7 8 1302
7 8 1303
7 8 1304
7 8 1305
7 8 1306
7 8 1307
7 8 1308
7 8 1309
7 8 1310
7 8 1311
7 8 1312
7 8 1313
7 8 1314
7 8 1315
7 8 1316
7 8 1317
7 8 1318
7 8 1319
7 8 1320
7 8 1321
7 8 1322
7 8 1323
7 8 1324
7 8 1325
7 8 1326
7 8 1327
7 8 1328
7 8 1329
7 8 1330
7 8 1331
7 8 1332
7 8 1333
7 8 1334
7 8 1335
7 8 1336
7 8 1337
7 8 1338
7 8 1339
7 8 1340
7 8 1341
7 8 1342
7 8 1343
7 8 1344
7 8 1345
7 8 1346
7 8 1347
7 8 1348
7 8 1349
7 8 1350
7 8 1351
7 8 1352
7 8 1353
7 8 1354
7 8 1355
7 8 1356
7 8 1357
7 8 1358
7 8 1359
7 8 1360
7 8 1361
7 8 1362
7 8 1363
7 8 1364
7 8 1365
7 8 1366
7 8 1367
7 8 1368
7 8 1369
7 8 1370
7 8 1371
7 8 1372
7 8 1373
7 8 1374
7 8 1375
7 8 1376
7 8 1377
7 8 1378
7 8 1379
7 8 1380
7 8 1381
7 8 1382
7 8 1383
7 8 1384
7 8 1385
7 8 1386
7 8 1387
7 8 1388
7 8 1389
7 8 1390
7 8 1391
7 8 1392
7 8 1393
7 8 1394
7 8 1395
7 8 1396
7 8 1397
7 8 1398
7 8 1399
7 8 1400
7 8 1401
7 8 1402
7 8 1403
7 8 1404
7 8 1405
7 8 1406
7 8 1407
7 8 1408
7 8 1409
7 8 1410
7 8 1411
7 8 1412
7 8 1413
7 8 1414
7 8 1415
7 8 1416
7 8 1417
7 8 1418
7 8 1419
7 8 1420
7 8 1421
7 8 1422
7 8 1423
7 8 1424
7 8 1425
7 8 1426
7 8 1427
7 8 1428
7 8 1429
7 8 1430
7 8 1431
7 8 1432
7 8 1433
7 8 1434
7 8 1435
7 8 1436
7 8 1437
7 8 1438
7 8 1439
7 8 1440
7 8 1441
7 8 1442
7 8 1443
7 8 1444
7 8 1445
7 8 1446
7 8 1447
7 8 1448
7 8 1449
7 8 1450
7 8 1451
7 8 1452
7 8 1453
7 8 1454
7 8 1455
7 8 1456
7 8 1457
7 8 1458
7 8 1459
7 8 1460
7 8 1461
7 8 1462
7 8 1463
7 8 1464
7 8 1465
7 8 1466
7 8 1467
7 8 1468
7 8 1469
7 8 1470
7 8 1471
7 8 1472
7 8 1473
7 8 1474
7 8 1475
7 8 1476
7 8 1477
7 8 1478
7 8 1479
7 8 1480
7 8 1481
7 8 1482
7 8 1483
7 8 1484
7 8 1485
7 8 1486
7 8 1487
7 8 1488
7 8 1489
7 8 1490
7 8 1491
7 8 1492
7 8 1493
7 8 1494
7 8 1495
7 8 1496
7 8 1497
7 8 1498
7 8 1499
7 8 1500
7 8 1501
7 8 1502
7 8 1503
7 8 1504
7 8 1505
7 8 1506
7 8 1507
7 8 1508
7 8 1509
7 8 1510
7 8 1511
7 8 1512
7 8 1513
7 8 1514
7 8 1515
7 8 1516
7 8 1517
7 8 1518
7 8 1519
7 8 1520
7 8 1521
7 8 1522
7 8 1523
7 8 1524
7 8 1525
7 8 1526
7 8 1527
7 8 1528
7 8 1529
7 8 1530
7 8 1531
7 8 1532
7 8 1533
7 8 1534
7 8 1535
7 8 1536
7 8 1537
7 8 1538
7 8 1539
7 8 1540
7 8 1541
7 8 1542
7 8 1543
7 8 1544
7 8 1545
7 8 1546
7 8 1547
7 8 1548
7 8 1549
7 8 1550
7 8 1551
7 8 1552
7 8 1553
7 8 1554
7 8 1555
7 8 1556
7 8 1557
7 8 1558
7 8 1559
7 8 1560
7 8 1561
7 8 1562
7 8 1563
7 8 1564
7 8 1565
7 8 1566
7 8 1567
7 8 1568
7 8 1569
7 8 1570
7 8 1571
7 8 1572
7 8 1573
7 8 1574
7 8 1575
7 8 1576
7 8 1577
7 8 1578
7 8 1579
7 8 1580
7 8 1581
7 8 1582
7 8 1583
7 8 1584
7 8 1585
7 8 1586
7 8 1587
7 8 1588
7 8 1589
7 8 1590
7 8 1591
7 8 1592
7 8 1593
7 8 1594
7 8 1595
7 8 1596
7 8 1597
7 8 1598
7 8 1599
7 8 1600
7 8 1601
7 8 1602
7 8 1603
7 8 1604
7 8 1605
7 8 1606
7 8 1607
7 8 1608
7 8 1609
7 8 1610
7 8 1611
7 8 1612
7 8 1613
7 8 1614
7 8 1615
7 8 1616
7 8 1617
7 8 1618
7 8 1619
7 8 1620
7 8 1621
7 8 1622
7 8 1623
7 8 1624
7 8 1625
7 8 1626
7 8 1627
7 8 1628
7 8 1629
7 8 1630
7 8 1631
7 8 1632
7 8 1633
7 8 1634
7 8 1635
7 8 1636
7 8 1637
7 8 1638
7 8 1639
7 8 1640
7 8 1641
7 8 1642
7 8 1643
7 8 1644
7 8 1645
7 8 1646
7 8 1647
7 8 1648
7 8 1649
7 8 1650
7 8 1651
7 8 1652
7 8 1653
7 8 1654
7 8 1655
7 8 1656
7 8 1657
7 8 1658
7 8 1659
7 8 1660
7 8 1661
7 8 1662
7 8 1663
7 8 1664
7 8 1665
7 8 1666
7 8 1667
7 8 1668
7 8 1669
7 8 1670
7 8 1671
7 8 1672
7 8 1673
7 8 1674
7 8 1675
7 8 1676
7 8 1677
7 8 1678
7 8 1679
7 8 1680
7 8 1681
7 8 1682
7 8 1683
7 8 1684
7 8 1685
7 8 1686
7 8 1687
7 8 1688
7 8 1689
7 8 1690
7 8 1691
7 8 1692
7 8 1693
7 8 1694
7 8 1695
7 8 1696
7 8 1697
7 8 1698
7 8 1699
7 8 1700
7 8 1701
7 8 1702
7 8 1703
7 8 1704
7 8 1705
7 8 1706
7 8 1707
7 8 1708
7 8 1709
7 8 1710
7 8 1711
7 8 1712
7 8 1713
7 8 1714
7 8 1715
7 8 1716
7 8 1717
7 8 1718
7 8 1719
7 8 1720
7 8 1721
7 8 1722
7 8 1723
7 8 1724
7 8 1725
7 8 1726
7 8 1727
7 8 1728
7 8 1729
7 8 1730
7 8 1731
7 8 1732
7 8 1733
7 8 1734
7 8 1735
7 8 1736
7 8 1737
7 8 1738
7 8 1739
7 8 1740
7 8 1741
7 8 1742
7 8 1743
7 8 1744
7 8 1745
7 8 1746
7 8 1747
7 8 1748
7 8 1749
7 8 1750
7 8 1751
7 8 1752
7 8 1753
7 8 1754
7 8 1755
7 8 1756
7 8 1757
7 8 1758
7 8 1759
7 8 1760
7 8 1761
7 8 1762
7 8 1763
7 8 1764
7 8 1765
7 8 1766
7 8 1767
7 8 1768
7 8 1769
7 8 1770
7 8 1771
7 8 1772
7 8 1773
7 8 1774
7 8 1775
7 8 1776
7 8 1777
7 8 1778
7 8 1779
7 8 1780
7 8 1781
7 8 1782
7 8 1783
7 8 1784
7 8 1785
7 8 1786
7 8 1787
7 8 1788
7 8 1789
7 8 1790
7 8 1791
7 8 1792
7 8 1793
7 8 1794
7 8 1795
7 8 1796
7 8 1797
7 8 1798
7 8 1799
7 8 1800
7 8 1801
7 8 1802
7 8 1803
7 8 1804
7 8 1805
7 8 1806
7 8 1807
7 8 1808
7 8 1809
7 8 1810
7 8 1811
7 8 1812
7 8 1813
7 8 1814
7 8 1815
7 8 1816
7 8 1817
7 8 1818
7 8 1819
7 8 1820
7 8 1821
7 8 1822
7 8 1823
7 8 1824
7 8 1825
7 8 1826
7 8 1827
7 8 1828
7 8 1829
7 8 1830
7 8 1831
7 8 1832
7 8 1833
7 8 1834
7 8 1835
7 8 1836
7 8 1837
7 8 1838
7 8 1839
7 8 1840
7 8 1841
7 8 1842
7 8 1843
7 8 1844
7 8 1845
7 8 1846
7 8 1847
7 8 1848
7 8 1849
7 8 1850
7 8 1851
7 8 1852
7 8 1853
7 8 1854
7 8 1855
7 8 1856
7 8 1857
7 8 1858
7 8 1859
7 8 1860
7 8 1861
7 8 1862
7 8 1863
7 8 1864
7 8 1865
7 8 1866
7 8 1867
7 8 1868
7 8 1869
7 8 1870
7 8 1871
7 8 1872
7 8 1873
7 8 1874
7 8 1875
7 8 1876
7 8 1877
7 8 1878
7 8 1879
7 8 1880
7 8 1881
7 8 1882
7 8 1883
7 8 1884
7 8 1885
7 8 1886
7 8 1887
7 8 1888
7 8 1889
7 8 1890
7 8 1891
7 8 1892
7 8 1893
7 8 1894
7 8 1895
7 8 1896
7 8 1897
7 8 1898
7 8 1899
7 8 1900
7 8 1901
7 8 1902
7 8 1903
7 8 1904
7 8 1905
7 8 1906
7 8 1907
7 8 1908
7 8 1909
7 8 1910
7 8 1911
7 8 1912
7 8 1913
7 8 1914
7 8 1915
7 8 1916
7 8 1917
7 8 1918
7 8 1919
7 8 1920
7 8 1921
7 8 1922
7 8 1923
7 8 1924
7 8 1925
7 8 1926
7 8 1927
7 8 1928
7 8 1929
7 8 1930
7 8 1931
7 8 1932
7 8 1933
7 8 1934
7 8 1935
7 8 1936
7 8 1937
7 8 1938
7 8 1939
7 8 1940
7 8 1941
7 8 1942
7 8 1943
7 8 1944
7 8 1945
7 8 1946
7 8 1947
7 8 1948
7 8 1949
7 8 1950
7 8 1951
7 8 1952
7 8 1953
7 8 1954
7 8 1955
7 8 1956
7 8 1957
7 8 1958
7 8 1959
7 8 1960
7 8 1961
7 8 1962
7 8 1963
7 8 1964
7 8 1965
7 8 1966
7 8 1967
7 8 1968
7 8 1969
7 8 1970
7 8 1971
7 8 1972
7 8 1973
7 8 1974
7 8 1975
7 8 1976
7 8 1977
7 8 1978
7 8 1979
7 8 1980
7 8 1981
7 8 1982
7 8 1983
7 8 1984
7 8 1985
7 8 1986
7 8 1987
7 8 1988
7 8 1989
7 8 1990
7 8 1991
7 8 1992
7 8 1993
7 8 1994
7 8 1995
7 8 1996
7 8 1997
7 8 1998
7 8 1999
7 8 2000
7 8 2001
7 8 2002
7 8 2003
7 8 2004
7 8 2005
7 8 2006
7 8 2007
7 8 2008
7 8 2009
7 8 2010
7 8 2011
7 8 2012
7 8 2013
7 8 2014
7 8 2015
7 8 2016
7 8 2017
7 8 2018
7 8 2019
7 8 2020
7 8 2021
7 8 2022
7 8 2023
7 8 2024
7 8 2025
7 8 2026
7 8 2027
7 8 2028
7 8 2029
7 8 2030
7 8 2031
7 8 2032
7 8 2033
7 8 2034
7 8 2035
7 8 2036
7 8 2037
7 8 2038
7 8 2039
7 8 2040
7 8 2041
7 8 2042
7 8 2043
7 8 2044
7 8 2045
7 8 2046
7 8 2047
7 8 2048
7 8 2049
7 8 2050
7 8 2051
7 8 2052
7 8 2053
7 8 2054
7 8 2055
7 8 2056
7 8 2057
7 8 2058
7 8 2059
7 8 2060
7 8 2061
7 8 2062
7 8 2063
7 8 2064
7 8 2065
7 8 2066
7 8 2067
7 8 2068
7 8 2069
7 8 2070
7 8 2071
7 8 2072
7 8 2073
7 8 2074
7 8 2075
7 8 2076
7 8 2077
7 8 2078
7 8 2079
7 8 2080
7 8 2081
7 8 2082
7 8 2083
7 8 2084
7 8 2085
7 8 2086
7 8 2087
7 8 2088
7 8 2089
7 8 2090
7 8 2091
7 8 2092
7 8 2093
7 8 2094
7 8 2095
7 8 2096
7 8 2097
7 8 2098
7 8 2099
7 8 2100
7 8 2101
7 8 2102
7 8 2103
7 8 2104
7 8 2105
7 8 2106
7 8 2107
7 8 2108
7 8 2109
7 8 2110
7 8 2111
7 8 2112
7 8 2113
7 8 2114
7 8 2115
7 8 2116
7 8 2117
7 8 2118
7 8 2119
7 8 2120
7 8 2121
7 8 2122
7 8 2123
7 8 2124
7 8 2125
7 8 2126
7 8 2127
7 8 2128
7 8 2129
7 8 2130
7 8 2131
7 8 2132
7 8 2133
7 8 2134
7 8 2135
7 8 2136
7 8 2137
7 8 2138
7 8 2139
7 8 2140
7 8 2141
7 8 2142
7 8 2143
7 8 2144
7 8 2145
7 8 2146
7 8 2147
7 8 2148
7 8 2149
7 8 2150
7 8 2151
7 8 2152
7 8 2153
7 8 2154
7 8 2155
7 8 2156
7 8 2157
7 8 2158
7 8 2159
7 8 2160
7 8 2161
7 8 2162
7 8 2163
7 8 2164
7 8 2165
7 8 2166
7 8 2167
7 8 2168
7 8 2169
7 8 2170
7 8 2171
7 8 2172
7 8 2173
7 8 2174
7 8 2175
7 8 2176
7 8 2177
7 8 2178
7 8 2179
7 8 2180
7 8 2181
7 8 2182
7 8 2183
7 8 2184
7 8 2185
7 8 2186
7 8 2187
7 8 2188
7 8 2189
7 8 2190
7 8 2191
7 8 2192
7 8 2193
7 8 2194
7 8 2195
7 8 2196
7 8 2197
7 8 2198
7 8 2199
7 8 2200
7 8 2201
7 8 2202
7 8 2203
7 8 2204
7 8 2205
7 8 2206
7 8 2207
7 8 2208
7 8 2209
7 8 2210
7 8 2211
7 8 2212
7 8 2213
7 8 2214
7 8 2215
7 8 2216
7 8 2217
7 8 2218
7 8 2219
7 8 2220
7 8 2221
7 8 2222
7 8 2223
7 8 2224
7 8 2225
7 8 2226
7 8 2227
7 8 2228
7 8 2229
7 8 2230
7 8 2231
7 8 2232
7 8 2233
7 8 2234
7 8 2235
7 8 2236
7 8 2237
7 8 2238
7 8 2239
7 8 2240
7 8 2241
7 8 2242
7 8 2243
7 8 2244
7 8 2245
7 8 2246
7 8 2247
7 8 2248
7 8 2249
7 8 2250
7 8 2251
7 8 2252
7 8 2253
7 8 2254
7 8 2255
7 8 2256
7 8 2257
7 8 2258
7 8 2259
7 8 2260
7 8 2261
7 8 2262
7 8 2263
7 8 2264
7 8 2265
7 8 2266
7 8 2267
7 8 2268
7 8 2269
7 8 2270
7 8 2271
7 8 2272
7 8 2273
7 8 2274
7 8 2275
7 8 2276
7 8 2277
7 8 2278
7 8 2279
7 8 2280
7 8 2281
7 8 2282
7 8 2283
7 8 2284
7 8 2285
7 8 2286
7 8 2287
7 8 2288
7 8 2289
7 8 2290
7 8 2291
7 8 2292
7 8 2293
7 8 2294
7 8 2295
7 8 2296
7 8 2297
7 8 2298
7 8 2299
7 8 2300
7 8 2301
7 8 2302
7 8 2303
7 8 2304
7 8 2305
7 8 2306
7 8 2307
7 8 2308
7 8 2309
7 8 2310
7 8 2311
7 8 2312
7 8 2313
7 8 2314
7 8 2315
7 8 2316
7 8 2317
7 8 2318
7 8 2319
7 8 2320
7 8 2321
7 8 2322
7 8 2323
7 8 2324
7 8 2325
7 8 2326
7 8 2327
7 8 2328
7 8 2329
7 8 2330
7 8 2331
7 8 2332
7 8 2333
7 8 2334
7 8 2335
7 8 2336
7 8 2337
7 8 2338
7 8 2339
7 8 2340
7 8 2341
7 8 2342
7 8 2343
7 8 2344
7 8 2345
7 8 2346
7 8 2347
7 8 2348
7 8 2349
7 8 2350
7 8 2351
7 8 2352
7 8 2353
7 8 2354
7 8 2355
7 8 2356
7 8 2357
7 8 2358
7 8 2359
7 8 2360
7 8 2361
7 8 2362
7 8 2363
7 8 2364
7 8 2365
7 8 2366
7 8 2367
7 8 2368
7 8 2369
7 8 2370
7 8 2371
7 8 2372
7 8 2373
7 8 2374
7 8 2375
7 8 2376
7 8 2377
7 8 2378
7 8 2379
7 8 2380
7 8 2381
7 8 2382
7 8 2383
7 8 2384
7 8 2385
7 8 2386
7 8 2387
7 8 2388
7 8 2389
7 8 2390
7 8 2391
7 8 2392
7 8 2393
7 8 2394
7 8 2395
7 8 2396
7 8 2397
7 8 2398
7 8 2399
7 8 2400
7 8 2401
7 8 2402
7 8 2403
7 8 2404
7 8 2405
7 8 2406
7 8 2407
7 8 2408
7 8 2409
7 8 2410
7 8 2411
7 8 2412
7 8 2413
7 8 2414
7 8 2415
7 8 2416
7 8 2417
7 8 2418
7 8 2419
7 8 2420
7 8 2421
7 8 2422
7 8 2423
7 8 2424
7 8 2425
7 8 2426
7 8 2427
7 8 2428
7 8 2429
7 8 2430
7 8 2431
7 8 2432
7 8 2433
7 8 2434
7 8 2435
7 8 2436
7 8 2437
7 8 2438
7 8 2439
7 8 2440
7 8 2441
7 8 2442
7 8 2443
7 8 2444
7 8 2445
7 8 2446
7 8 2447
7 8 2448
7 8 2449
7 8 2450
7 8 2451
7 8 2452
7 8 2453
7 8 2454
7 8 2455
7 8 2456
7 8 2457
7 8 2458
7 8 2459
7 8 2460
7 8 2461
7 8 2462
7 8 2463
7 8 2464
7 8 2465
7 8 2466
7 8 2467
7 8 2468
7 8 2469
7 8 2470
7 8 2471
7 8 2472
7 8 2473
7 8 2474
7 8 2475
7 8 2476
7 8 2477
7 8 2478
7 8 2479
7 8 2480
7 8 2481
7 8 2482
7 8 2483
7 8 2484
7 8 2485
7 8 2486
7 8 2487
7 8 2488
7 8 2489
7 8 2490
7 8 2491
7 8 2492
7 8 2493
7 8 2494
7 8 2495
7 8 2496
7 8 2497
7 8 2498
7 8 2499
7 8 2500
7 8 2501
7 8 2502
7 8 2503
7 8 2504
7 8 2505
7 8 2506
7 8 2507
7 8 2508
7 8 2509
7 8 2510
7 8 2511
7 8 2512
7 8 2513
7 8 2514
7 8 2515
7 8 2516
7 8 2517
7 8 2518
7 8 2519
7 8 2520
7 8 2521
7 8 2522
7 8 2523
7 8 2524
7 8 2525
7 8 2526
7 8 2527
7 8 2528
7 8 2529
7 8 2530
7 8 2531
7 8 2532
7 8 2533
7 8 2534
7 8 2535
7 8 2536
7 8 2537
7 8 2538
7 8 2539
7 8 2540
7 8 2541
7 8 2542
7 8 2543
7 8 2544
7 8 2545
7 8 2546
7 8 2547
7 8 2548
7 8 2549
7 8 2550
7 8 2551
7 8 2552
7 8 2553
7 8 2554
7 8 2555
7 8 2556
7 8 2557
7 8 2558
7 8 2559
7 8 2560
7 8 2561
7 8 2562
7 8 2563
7 8 2564
7 8 2565
7 8 2566
7 8 2567
7 8 2568
7 8 2569
7 8 2570
7 8 2571
7 8 2572
7 8 2573
7 8 2574
7 8 2575
7 8 2576
7 8 2577
7 8 2578
7 8 2579
7 8 2580
7 8 2581
7 8 2582
7 8 2583
7 8 2584
7 8 2585
7 8 2586
7 8 2587
7 8 2588
7 8 2589
7 8 2590
7 8 2591
7 8 2592
7 8 2593
7 8 2594
7 8 2595
7 8 2596
7 8 2597
7 8 2598
7 8 2599
7 8 2600
7 8 2601
7 8 2602
7 8 2603
7 8 2604
7 8 2605
7 8 2606
7 8 2607
7 8 2608
7 8 2609
7 8 2610
7 8 2611
7 8 2612
7 8 2613
7 8 2614
7 8 2615
7 8 2616
7 8 2617
7 8 2618
7 8 2619
7 8 2620
7 8 2621
7 8 2622
7 8 2623
7 8 2624
7 8 2625
7 8 2626
7 8 2627
7 8 2628
7 8 2629
7 8 2630
7 8 2631
7 8 2632
7 8 2633
7 8 2634
7 8 2635
7 8 2636
7 8 2637
7 8 2638
7 8 2639
7 8 2640
7 8 2641
7 8 2642
7 8 2643
7 8 2644
7 8 2645
7 8 2646
7 8 2647
7 8 2648
7 8 2649
7 8 2650
7 8 2651
7 8 2652
7 8 2653
7 8 2654
7 8 2655
7 8 2656
7 8 2657
7 8 2658
7 8 2659
7 8 2660
7 8 2661
7 8 2662
7 8 2663
7 8 2664
7 8 2665
7 8 2666
7 8 2667
7 8 2668
7 8 2669
7 8 2670
7 8 2671
7 8 2672
7 8 2673
7 8 2674
7 8 2675
7 8 2676
7 8 2677
7 8 2678
7 8 2679
7 8 2680
7 8 2681
7 8 2682
7 8 2683
7 8 2684
7 8 2685
7 8 2686
7 8 2687
7 8 2688
7 8 2689
7 8 2690
7 8 2691
7 8 2692
7 8 2693
7 8 2694
7 8 2695
7 8 2696
7 8 2697
7 8 2698
7 8 2699
7 8 2700
7 8 2701
7 8 2702
7 8 2703
7 8 2704
7 8 2705
7 8 2706
7 8 2707
7 8 2708
7 8 2709
7 8 2710
7 8 2711
7 8 2712
7 8 2713
7 8 2714
7 8 2715
7 8 2716
7 8 2717
7 8 2718
7 8 2719
7 8 2720
7 8 2721
7 8 2722
7 8 2723
7 8 2724
7 8 2725
7 8 2726
7 8 2727
7 8 2728
7 8 2729
7 8 2730
7 8 2731
7 8 2732
7 8 2733
7 8 2734
7 8 2735
7 8 2736
7 8 2737
7 8 2738
7 8 2739
7 8 2740
7 8 2741
7 8 2742
7 8 2743
7 8 2744
7 8 2745
7 8 2746
7 8 2747
7 8 2748
7 8 2749
7 8 2750
7 8 2751
7 8 2752
7 8 2753
7 8 2754
7 8 2755
7 8 2756
7 8 2757
7 8 2758
7 8 2759
7 8 2760
7 8 2761
7 8 2762
7 8 2763
7 8 2764
7 8 2765
7 8 2766
7 8 2767
7 8 2768
7 8 2769
7 8 2770
7 8 2771
7 8 2772
7 8 2773
7 8 2774
7 8 2775
7 8 2776
7 8 2777
7 8 2778
7 8 2779
7 8 2780
7 8 2781
7 8 2782
7 8 2783
7 8 2784
7 8 2785
7 8 2786
7 8 2787
7 8 2788
7 8 2789
7 8 2790
7 8 2791
7 8 2792
7 8 2793
7 8 2794
7 8 2795
7 8 2796
7 8 2797
7 8 2798
7 8 2799
7 8 2800
7 8 2801
7 8 2802
7 8 2803
7 8 2804
7 8 2805
7 8 2806
7 8 2807
7 8 2808
7 8 2809
7 8 2810
7 8 2811
7 8 2812
7 8 2813
7 8 2814
7 8 2815
7 8 2816
7 8 2817
7 8 2818
7 8 2819
7 8 2820
7 8 2821
7 8 2822
7 8 2823
7 8 2824
7 8 2825
7 8 2826
7 8 2827
7 8 2828
7 8 2829
7 8 2830
7 8 2831
7 8 2832
7 8 2833
7 8 2834
7 8 2835
7 8 2836
7 8 2837
7 8 2838
7 8 2839
7 8 2840
7 8 2841
7 8 2842
7 8 2843
7 8 2844
7 8 2845
7 8 2846
7 8 2847
7 8 2848
7 8 2849
7 8 2850
7 8 2851
7 8 2852
7 8 2853
7 8 2854
7 8 2855
7 8 2856
7 8 2857
7 8 2858
7 8 2859
7 8 2860
7 8 2861
7 8 2862
7 8 2863
7 8 2864
7 8 2865
7 8 2866
7 8 2867
7 8 2868
7 8 2869
7 8 2870
7 8 2871
7 8 2872
7 8 2873
7 8 2874
7 8 2875
7 8 2876
7 8 2877
7 8 2878
7 8 2879
7 8 2880
7 8 2881
7 8 2882
7 8 2883
7 8 2884
7 8 2885
7 8 2886
7 8 2887
7 8 2888
7 8 2889
7 8 2890
7 8 2891
7 8 2892
7 8 2893
7 8 2894
7 8 2895
7 8 2896
7 8 2897
7 8 2898
7 8 2899
7 8 2900
7 8 2901
7 8 2902
7 8 2903
7 8 2904
7 8 2905
7 8 2906
7 8 2907
7 8 2908
7 8 2909
7 8 2910
7 8 2911
7 8 2912
7 8 2913
7 8 2914
7 8 2915
7 8 2916
7 8 2917
7 8 2918
7 8 2919
7 8 2920
7 8 2921
7 8 2922
7 8 2923
7 8 2924
7 8 2925
7 8 2926
7 8 2927
7 8 2928
7 8 2929
7 8 2930
7 8 2931
7 8 2932
7 8 2933
7 8 2934
7 8 2935
7 8 2936
7 8 2937
7 8 2938
7 8 2939
7 8 2940
7 8 2941
7 8 2942
7 8 2943
7 8 2944
7 8 2945
7 8 2946
7 8 2947
7 8 2948
7 8 2949
7 8 2950
7 8 2951
7 8 2952
7 8 2953
7 8 2954
7 8 2955
7 8 2956
7 8 2957
7 8 2958
7 8 2959
7 8 2960
7 8 2961
7 8 2962
7 8 2963
7 8 2964
7 8 2965
7 8 2966
7 8 2967
7 8 2968
7 8 2969
7 8 2970
7 8 2971
7 8 2972
7 8 2973
7 8 2974
7 8 2975
7 8 2976
7 8 2977
7 8 2978
7 8 2979
7 8 2980
7 8 2981
7 8 2982
7 8 2983
7 8 2984
7 8 2985
7 8 2986
7 8 2987
7 8 2988
7 8 2989
7 8 2990
7 8 2991
7 8 2992
7 8 2993
7 8 2994
7 8 2995
7 8 2996
7 8 2997
7 8 2998
7 8 2999
7 8 3000
7 8 3001
7 8 3002
7 8 3003
7 8 3004
7 8 3005
7 8 3006
7 8 3007
7 8 3008
7 8 3009
7 8 3010
7 8 3011
7 8 3012
7 8 3013
7 8 3014
7 8 3015
7 8 3016
7 8 3017
7 8 3018
7 8 3019
7 8 3020
7 8 3021
7 8 3022
7 8 3023
7 8 3024
7 8 3025
7 8 3026
7 8 3027
7 8 3028
7 8 3029
7 8 3030
7 8 3031
7 8 3032
7 8 3033
7 8 3034
7 8 3035
7 8 3036
7 8 3037
7 8 3038
7 8 3039
7 8 3040
7 8 3041
7 8 3042
7 8 3043
7 8 3044
7 8 3045
7 8 3046
7 8 3047
7 8 3048
7 8 3049
7 8 3050
7 8 3051
7 8 3052
7 8 3053
7 8 3054
7 8 3055
7 8 3056
7 8 3057
7 8 3058
7 8 3059
7 8 3060
7 8 3061
7 8 3062
7 8 3063
7 8 3064
7 8 3065
7 8 3066
7 8 3067
7 8 3068
7 8 3069
7 8 3070
7 8 3071
7 8 3072
7 8 3073
7 8 3074
7 8 3075
7 8 3076
7 8 3077
7 8 3078
7 8 3079
7 8 3080
7 8 3081
7 8 3082
7 8 3083
7 8 3084
7 8 3085
7 8 3086
7 8 3087
7 8 3088
7 8 3089
7 8 3090
7 8 3091
7 8 3092
7 8 3093
7 8 3094
7 8 3095
7 8 3096
7 8 3097
7 8 3098
7 8 3099
7 8 3100
7 8 3101
7 8 3102
7 8 3103
7 8 3104
7 8 3105
7 8 3106
7 8 3107
7 8 3108
7 8 3109
7 8 3110
7 8 3111
7 8 3112
7 8 3113
7 8 3114
7 8 3115
7 8 3116
7 8 3117
7 8 3118
7 8 3119
7 8 3120
7 8 3121
7 8 3122
7 8 3123
7 8 3124
7 8 3125
7 8 3126
7 8 3127
7 8 3128
7 8 3129
7 8 3130
7 8 3131
7 8 3132
7 8 3133
7 8 3134
7 8 3135
7 8 3136
7 8 3137
7 8 3138
7 8 3139
7 8 3140
7 8 3141
7 8 3142
7 8 3143
7 8 3144
7 8 3145
7 8 3146
7 8 3147
7 8 3148
7 8 3149
7 8 3150
7 8 3151
7 8 3152
7 8 3153
7 8 3154
7 8 3155
7 8 3156
7 8 3157
7 8 3158
7 8 3159
7 8 3160
7 8 3161
7 8 3162
7 8 3163
7 8 3164
7 8 3165
7 8 3166
7 8 3167
7 8 3168
7 8 3169
7 8 3170
7 8 3171
7 8 3172
7 8 3173
7 8 3174
7 8 3175
7 8 3176
7 8 3177
7 8 3178
7 8 3179
7 8 3180
7 8 3181
7 8 3182
7 8 3183
7 8 3184
7 8 3185
7 8 3186
7 8 3187
7 8 3188
7 8 3189
7 8 3190
7 8 3191
7 8 3192
7 8 3193
7 8 3194
7 8 3195
7 8 3196
7 8 3197
7 8 3198
7 8 3199
7 8 3200
7 8 3201
7 8 3202
7 8 3203
7 8 3204
7 8 3205
7 8 3206
7 8 3207
7 8 3208
7 8 3209
7 8 3210
7 8 3211
7 8 3212
7 8 3213
7 8 3214
7 8 3215
7 8 3216
7 8 3217
7 8 3218
7 8 3219
7 8 3220
7 8 3221
7 8 3222
7 8 3223
7 8 3224
7 8 3225
7 8 3226
7 8 3227
7 8 3228
7 8 3229
7 8 3230
7 8 3231
7 8 3232
7 8 3233
7 8 3234
7 8 3235
7 8 3236
7 8 3237
7 8 3238
7 8 3239
7 8 3240
7 8 3241
7 8 3242
7 8 3243
7 8 3244
7 8 3245
7 8 3246
7 8 3247
7 8 3248
7 8 3249
7 8 3250
7 8 3251
7 8 3252
7 8 3253
7 8 3254
7 8 3255
7 8 3256
7 8 3257
7 8 3258
7 8 3259
7 8 3260
7 8 3261
7 8 3262
7 8 3263
7 8 3264
7 8 3265
7 8 3266
7 8 3267
7 8 3268
7 8 3269
7 8 3270
7 8 3271
7 8 3272
7 8 3273
7 8 3274
7 8 3275
7 8 3276
7 8 3277
7 8 3278
7 8 3279
7 8 3280
7 8 3281
7 8 3282
7 8 3283
7 8 3284
7 8 3285
7 8 3286
7 8 3287
7 8 3288
7 8 3289
7 8 3290
7 8 3291
7 8 3292
7 8 3293
7 8 3294
7 8 3295
7 8 3296
7 8 3297
7 8 3298
7 8 3299
7 8 3300
7 8 3301
7 8 3302
7 8 3303
7 8 3304
7 8 3305
7 8 3306
7 8 3307
7 8 3308
7 8 3309
7 8 3310
7 8 3311
7 8 3312
7 8 3313
7 8 3314
7 8 3315
7 8 3316
7 8 3317
7 8 3318
7 8 3319
7 8 3320
7 8 3321
7 8 3322
7 8 3323
7 8 3324
7 8 3325
7 8 3326
7 8 3327
7 8 3328
7 8 3329
7 8 3330
7 8 3331
7 8 3332
7 8 3333
7 8 3334
7 8 3335
7 8 3336
7 8 3337
7 8 3338
7 8 3339
7 8 3340
7 8 3341
7 8 3342
7 8 3343
7 8 3344
7 8 3345
7 8 3346
7 8 3347
7 8 3348
7 8 3349
7 8 3350
7 8 3351
7 8 3352
7 8 3353
7 8 3354
7 8 3355
7 8 3356
7 8 3357
7 8 3358
7 8 3359
7 8 3360
7 8 3361
7 8 3362
7 8 3363
7 8 3364
7 8 3365
7 8 3366
7 8 3367
7 8 3368
7 8 3369
7 8 3370
7 8 3371
7 8 3372
7 8 3373
7 8 3374
7 8 3375
7 8 3376
7 8 3377
7 8 3378
7 8 3379
7 8 3380
7 8 3381
7 8 3382
7 8 3383
7 8 3384
7 8 3385
7 8 3386
7 8 3387
7 8 3388
7 8 3389
7 8 3390
7 8 3391
7 8 3392
7 8 3393
7 8 3394
7 8 3395
7 8 3396
7 8 3397
7 8 3398
7 8 3399
7 8 3400
7 8 3401
7 8 3402
7 8 3403
7 8 3404
7 8 3405
7 8 3406
7 8 3407
7 8 3408
7 8 3409
7 8 3410
7 8 3411
7 8 3412
7 8 3413
7 8 3414
7 8 3415
7 8 3416
7 8 3417
7 8 3418
7 8 3419
7 8 3420
7 8 3421
7 8 3422
7 8 3423
7 8 3424
7 8 3425
7 8 3426
7 8 3427
7 8 3428
7 8 3429
7 8 3430
7 8 3431
7 8 3432
7 8 3433
7 8 3434
7 8 3435
7 8 3436
7 8 3437
7 8 3438
7 8 3439
7 8 3440
7 8 3441
7 8 3442
7 8 3443
7 8 3444
7 8 3445
7 8 3446
7 8 3447
7 8 3448
7 8 3449
7 8 3450
7 8 3451
7 8 3452
7 8 3453
7 8 3454
7 8 3455
7 8 3456
7 8 3457
7 8 3458
7 8 3459
7 8 3460
7 8 3461
7 8 3462
7 8 3463
7 8 3464
7 8 3465
7 8 3466
7 8 3467
7 8 3468
7 8 3469
7 8 3470
7 8 3471
7 8 3472
7 8 3473
7 8 3474
7 8 3475
7 8 3476
7 8 3477
7 8 3478
7 8 3479
7 8 3480
7 8 3481
7 8 3482
7 8 3483
7 8 3484
7 8 3485
7 8 3486
7 8 3487
7 8 3488
7 8 3489
7 8 3490
7 8 3491
7 8 3492
7 8 3493
7 8 3494
7 8 3495
7 8 3496
7 8 3497
7 8 3498
7 8 3499
7 8 3500
7 8 3501
7 8 3502
7 8 3503
7 8 3504
7 8 3505
7 8 3506
7 8 3507
7 8 3508
7 8 3509
7 8 3510
7 8 3511
7 8 3512
7 8 3513
7 8 3514
7 8 3515
7 8 3516
7 8 3517
7 8 3518
7 8 3519
7 8 3520
7 8 3521
7 8 3522
7 8 3523
7 8 3524
7 8 3525
7 8 3526
7 8 3527
7 8 3528
7 8 3529
7 8 3530
7 8 3531
7 8 3532
7 8 3533
7 8 3534
7 8 3535
7 8 3536
7 8 3537
7 8 3538
7 8 3539
7 8 3540
7 8 3541
7 8 3542
7 8 3543
7 8 3544
7 8 3545
7 8 3546
7 8 3547
7 8 3548
7 8 3549
7 8 3550
7 8 3551
7 8 3552
7 8 3553
7 8 3554
7 8 3555
7 8 3556
7 8 3557
7 8 3558
7 8 3559
7 8 3560
7 8 3561
7 8 3562
7 8 3563
7 8 3564
7 8 3565
7 8 3566
7 8 3567
7 8 3568
7 8 3569
7 8 3570
7 8 3571
7 8 3572
7 8 3573
7 8 3574
7 8 3575
7 8 3576
7 8 3577
7 8 3578
7 8 3579
7 8 3580
7 8 3581
7 8 3582
7 8 3583
7 8 3584
7 8 3585
7 8 3586
7 8 3587
7 8 3588
7 8 3589
7 8 3590
7 8 3591
7 8 3592
7 8 3593
7 8 3594
7 8 3595
7 8 3596
7 8 3597
7 8 3598
7 8 3599
7 8 3600
7 8 3601
7 8 3602
7 8 3603
7 8 3604
7 8 3605
7 8 3606
7 8 3607
7 8 3608
7 8 3609
7 8 3610
7 8 3611
7 8 3612
7 8 3613
7 8 3614
7 8 3615
7 8 3616
7 8 3617
7 8 3618
7 8 3619
7 8 3620
7 8 3621
7 8 3622
7 8 3623
7 8 3624
7 8 3625
7 8 3626
7 8 3627
7 8 3628
7 8 3629
7 8 3630
7 8 3631
7 8 3632
7 8 3633
7 8 3634
7 8 3635
7 8 3636
7 8 3637
7 8 3638
7 8 3639
7 8 3640
7 8 3641
7 8 3642
7 8 3643
7 8 3644
7 8 3645
7 8 3646
7 8 3647
7 8 3648
7 8 3649
7 8 3650
7 8 3651
7 8 3652
7 8 3653
7 8 3654
7 8 3655
7 8 3656
7 8 3657
7 8 3658
7 8 3659
7 8 3660
7 8 3661
7 8 3662
7 8 3663
7 8 3664
7 8 3665
7 8 3666
7 8 3667
7 8 3668
7 8 3669
7 8 3670
7 8 3671
7 8 3672
7 8 3673
7 8 3674
7 8 3675
7 8 3676
7 8 3677
7 8 3678
7 8 3679
7 8 3680
7 8 3681
7 8 3682
7 8 3683
7 8 3684
7 8 3685
7 8 3686
7 8 3687
7 8 3688
7 8 3689
7 8 3690
7 8 3691
7 8 3692
7 8 3693
7 8 3694
7 8 3695
7 8 3696
7 8 3697
7 8 3698
7 8 3699
7 8 3700
7 8 3701
7 8 3702
7 8 3703
7 8 3704
7 8 3705
7 8 3706
7 8 3707
7 8 3708
7 8 3709
7 8 3710
7 8 3711
7 8 3712
7 8 3713
7 8 3714
7 8 3715
7 8 3716
7 8 3717
7 8 3718
7 8 3719
7 8 3720
7 8 3721
7 8 3722
7 8 3723
7 8 3724
7 8 3725
7 8 3726
7 8 3727
7 8 3728
7 8 3729
7 8 3730
7 8 3731
7 8 3732
7 8 3733
7 8 3734
7 8 3735
7 8 3736
7 8 3737
7 8 3738
7 8 3739
7 8 3740
7 8 3741
7 8 3742
7 8 3743
7 8 3744
7 8 3745
7 8 3746
7 8 3747
7 8 3748
7 8 3749
7 8 3750
7 8 3751
7 8 3752
7 8 3753
7 8 3754
7 8 3755
7 8 3756
7 8 3757
7 8 3758
7 8 3759
7 8 3760
7 8 3761
7 8 3762
7 8 3763
