6 12 1
6 12 2
6 12 3
6 12 4
6 12 5
6 12 6
6 12 7
6 12 8
6 12 9
6 12 10
6 12 11
6 12 12
6 12 13
6 12 14
6 12 15
6 12 16
6 12 17
6 12 18
6 12 19
6 12 20
6 12 21
6 12 22
6 12 23
6 12 24
6 12 25
6 12 26
6 12 27
6 12 28
6 12 29
6 12 30
6 12 31
6 12 32
6 12 33
6 12 34
6 12 35
6 12 36
6 12 37
6 12 38
6 12 39
6 12 40
6 12 41
6 12 42
6 12 43
6 12 44
6 12 45
6 12 46
6 12 47
6 12 48
6 12 49
6 12 50
6 12 51
6 12 52
6 12 53
6 12 54
6 12 55
6 12 56
6 12 57
6 12 58
6 12 59
6 12 60
6 12 61
6 12 62
6 12 63
6 12 64
6 12 65
6 12 66
6 12 67
6 12 68
6 12 69
6 12 70
6 12 71
6 12 72
6 12 73
6 12 74
6 12 75
6 12 76
6 12 77
6 12 78
6 12 79
6 12 80
6 12 81
6 12 82
6 12 83
6 12 84
6 12 85
6 12 86
6 12 87
6 12 88
6 12 89
6 12 90
6 12 91
6 12 92
6 12 93
6 12 94
6 12 95
6 12 96
6 12 97
6 12 98
6 12 99
6 12 100
6 12 101
6 12 102
6 12 103
6 12 104
6 12 105
6 12 106
6 12 107
6 12 108
6 12 109
6 12 110
6 12 111
6 12 112
6 12 113
6 12 114
6 12 115
6 12 116
6 12 117
6 12 118
6 12 119
6 12 120
6 12 121
6 12 122
6 12 123
6 12 124
6 12 125
6 12 126
6 12 127
6 12 128
6 12 129
6 12 130
6 12 131
6 12 132
6 12 133
6 12 134
6 12 135
6 12 136
6 12 137
6 12 138
6 12 139
6 12 140
6 12 141
6 12 142
6 12 143
6 12 144
6 12 145
6 12 146
6 12 147
6 12 148
6 12 149
6 12 150
6 12 151
6 12 152
6 12 153
6 12 154
6 12 155
6 12 156
6 12 157
6 12 158
6 12 159
6 12 160
6 12 161
6 12 162
6 12 163
6 12 164
6 12 165
6 12 166
6 12 167
6 12 168
6 12 169
6 12 170
6 12 171
6 12 172
6 12 173
6 12 174
6 12 175
6 12 176
6 12 177
6 12 178
6 12 179
6 12 180
6 12 181
6 12 182
6 12 183
6 12 184
6 12 185
6 12 186
6 12 187
6 12 188
6 12 189
6 12 190
6 12 191
6 12 192
6 12 193
6 12 194
6 12 195
6 12 196
6 12 197
6 12 198
6 12 199
6 12 200
6 12 201
6 12 202
6 12 203
6 12 204
6 12 205
6 12 206
6 12 207
6 12 208
6 12 209
6 12 210
6 12 211
6 12 212
6 12 213
6 12 214
6 12 215
6 12 216
6 12 217
6 12 218
6 12 219
6 12 220
6 12 221
6 12 222
6 12 223
6 12 224
6 12 225
6 12 226
6 12 227
6 12 228
6 12 229
6 12 230
6 12 231
6 12 232
6 12 233
6 12 234
6 12 235
6 12 236
6 12 237
6 12 238
6 12 239
6 12 240
6 12 241
6 12 242
6 12 243
6 12 244
6 12 245
6 12 246
6 12 247
6 12 248
6 12 249
6 12 250
6 12 251
6 12 252
6 12 253
6 12 254
6 12 255
6 12 256
6 12 257
6 12 258
6 12 259
6 12 260
6 12 261
6 12 262
6 12 263
6 12 264
6 12 265
6 12 266
6 12 267
6 12 268
6 12 269
6 12 270
6 12 271
6 12 272
6 12 273
6 12 274
6 12 275
6 12 276
6 12 277
6 12 278
6 12 279
6 12 280
6 12 281
6 12 282
6 12 283
6 12 284
6 12 285
6 12 286
6 12 287
6 12 288
6 12 289
6 12 290
6 12 291
6 12 292
6 12 293
6 12 294
6 12 295
6 12 296
6 12 297
6 12 298
6 12 299
6 12 300
6 12 301
6 12 302
6 12 303
6 12 304
6 12 305
6 12 306
6 12 307
6 12 308
6 12 309
6 12 310
6 12 311
6 12 312
6 12 313
6 12 314
6 12 315
6 12 316
6 12 317
6 12 318
6 12 319
6 12 320
6 12 321
6 12 322
6 12 323
6 12 324
6 12 325
6 12 326
6 12 327
6 12 328
6 12 329
6 12 330
6 12 331
6 12 332
6 12 333
6 12 334
6 12 335
6 12 336
6 12 337
6 12 338
6 12 339
6 12 340
6 12 341
6 12 342
6 12 343
6 12 344
6 12 345
6 12 346
6 12 347
6 12 348
6 12 349
6 12 350
6 12 351
6 12 352
6 12 353
6 12 354
6 12 355
6 12 356
6 12 357
6 12 358
6 12 359
6 12 360
6 12 361
6 12 362
6 12 363
6 12 364
6 12 365
6 12 366
6 12 367
6 12 368
6 12 369
6 12 370
6 12 371
6 12 372
6 12 373
6 12 374
6 12 375
6 12 376
6 12 377
6 12 378
6 12 379
6 12 380
6 12 381
6 12 382
6 12 383
6 12 384
6 12 385
6 12 386
6 12 387
6 12 388
6 12 389
6 12 390
6 12 391
6 12 392
6 12 393
6 12 394
6 12 395
6 12 396
6 12 397
6 12 398
6 12 399
6 12 400
6 12 401
6 12 402
6 12 403
6 12 404
6 12 405
6 12 406
6 12 407
6 12 408
6 12 409
6 12 410
6 12 411
6 12 412
6 12 413
6 12 414
6 12 415
6 12 416
6 12 417
6 12 418
6 12 419
6 12 420
6 12 421
6 12 422
6 12 423
6 12 424
6 12 425
6 12 426
6 12 427
6 12 428
6 12 429
6 12 430
6 12 431
6 12 432
6 12 433
6 12 434
6 12 435
6 12 436
6 12 437
6 12 438
6 12 439
6 12 440
6 12 441
6 12 442
6 12 443
6 12 444
6 12 445
6 12 446
6 12 447
6 12 448
6 12 449
6 12 450
6 12 451
6 12 452
6 12 453
6 12 454
6 12 455
6 12 456
6 12 457
6 12 458
6 12 459
6 12 460
6 12 461
6 12 462
6 12 463
6 12 464
6 12 465
6 12 466
6 12 467
6 12 468
6 12 469
6 12 470
6 12 471
6 12 472
6 12 473
6 12 474
6 12 475
6 12 476
6 12 477
6 12 478
6 12 479
6 12 480
6 12 481
6 12 482
6 12 483
6 12 484
6 12 485
6 12 486
6 12 487
6 12 488
6 12 489
6 12 490
6 12 491
6 12 492
6 12 493
6 12 494
6 12 495
6 12 496
6 12 497
6 12 498
6 12 499
6 12 500
6 12 501
6 12 502
6 12 503
6 12 504
6 12 505
6 12 506
6 12 507
6 12 508
6 12 509
6 12 510
6 12 511
6 12 512
6 12 513
6 12 514
6 12 515
6 12 516
6 12 517
6 12 518
6 12 519
6 12 520
6 12 521
6 12 522
6 12 523
6 12 524
6 12 525
6 12 526
6 12 527
6 12 528
6 12 529
6 12 530
6 12 531
6 12 532
6 12 533
6 12 534
6 12 535
6 12 536
6 12 537
6 12 538
6 12 539
6 12 540
6 12 541
6 12 542
6 12 543
6 12 544
6 12 545
6 12 546
6 12 547
6 12 548
6 12 549
6 12 550
6 12 551
6 12 552
6 12 553
6 12 554
6 12 555
6 12 556
6 12 557
6 12 558
6 12 559
6 12 560
6 12 561
6 12 562
6 12 563
6 12 564
6 12 565
6 12 566
6 12 567
6 12 568
6 12 569
6 12 570
6 12 571
6 12 572
6 12 573
6 12 574
6 12 575
6 12 576
6 12 577
6 12 578
6 12 579
6 12 580
6 12 581
6 12 582
6 12 583
6 12 584
6 12 585
6 12 586
6 12 587
6 12 588
6 12 589
6 12 590
6 12 591
6 12 592
6 12 593
6 12 594
6 12 595
6 12 596
6 12 597
6 12 598
6 12 599
6 12 600
6 12 601
6 12 602
6 12 603
6 12 604
6 12 605
6 12 606
6 12 607
6 12 608
6 12 609
6 12 610
6 12 611
6 12 612
6 12 613
6 12 614
6 12 615
6 12 616
6 12 617
6 12 618
6 12 619
6 12 620
6 12 621
6 12 622
6 12 623
6 12 624
6 12 625
6 12 626
6 12 627
6 12 628
6 12 629
6 12 630
6 12 631
6 12 632
6 12 633
6 12 634
6 12 635
6 12 636
6 12 637
6 12 638
6 12 639
6 12 640
6 12 641
6 12 642
6 12 643
6 12 644
6 12 645
6 12 646
6 12 647
6 12 648
6 12 649
6 12 650
6 12 651
6 12 652
6 12 653
6 12 654
6 12 655
6 12 656
6 12 657
6 12 658
6 12 659
6 12 660
6 12 661
6 12 662
6 12 663
6 12 664
6 12 665
6 12 666
6 12 667
6 12 668
6 12 669
6 12 670
6 12 671
6 12 672
6 12 673
6 12 674
6 12 675
6 12 676
6 12 677
6 12 678
6 12 679
6 12 680
6 12 681
6 12 682
6 12 683
6 12 684
6 12 685
6 12 686
6 12 687
6 12 688
6 12 689
6 12 690
6 12 691
6 12 692
6 12 693
6 12 694
6 12 695
6 12 696
6 12 697
6 12 698
6 12 699
6 12 700
6 12 701
6 12 702
6 12 703
6 12 704
6 12 705
6 12 706
6 12 707
6 12 708
6 12 709
6 12 710
6 12 711
6 12 712
6 12 713
6 12 714
6 12 715
6 12 716
6 12 717
6 12 718
6 12 719
6 12 720
6 12 721
6 12 722
6 12 723
6 12 724
6 12 725
6 12 726
6 12 727
6 12 728
6 12 729
6 12 730
6 12 731
6 12 732
6 12 733
6 12 734
6 12 735
6 12 736
6 12 737
6 12 738
6 12 739
6 12 740
6 12 741
6 12 742
6 12 743
6 12 744
6 12 745
6 12 746
6 12 747
6 12 748
6 12 749
6 12 750
6 12 751
6 12 752
6 12 753
6 12 754
6 12 755
6 12 756
6 12 757
6 12 758
6 12 759
6 12 760
6 12 761
6 12 762
6 12 763
6 12 764
6 12 765
6 12 766
6 12 767
6 12 768
6 12 769
6 12 770
6 12 771
6 12 772
6 12 773
6 12 774
6 12 775
6 12 776
6 12 777
6 12 778
6 12 779
6 12 780
6 12 781
6 12 782
6 12 783
6 12 784
6 12 785
6 12 786
6 12 787
6 12 788
6 12 789
6 12 790
6 12 791
6 12 792
6 12 793
6 12 794
6 12 795
6 12 796
6 12 797
6 12 798
6 12 799
6 12 800
6 12 801
6 12 802
6 12 803
6 12 804
6 12 805
6 12 806
6 12 807
6 12 808
6 12 809
6 12 810
6 12 811
6 12 812
6 12 813
6 12 814
6 12 815
6 12 816
6 12 817
6 12 818
6 12 819
6 12 820
6 12 821
6 12 822
6 12 823
6 12 824
6 12 825
6 12 826
6 12 827
6 12 828
6 12 829
6 12 830
6 12 831
6 12 832
6 12 833
6 12 834
6 12 835
6 12 836
6 12 837
6 12 838
6 12 839
6 12 840
6 12 841
6 12 842
6 12 843
6 12 844
6 12 845
6 12 846
6 12 847
6 12 848
6 12 849
6 12 850
6 12 851
6 12 852
6 12 853
6 12 854
6 12 855
6 12 856
6 12 857
6 12 858
6 12 859
6 12 860
6 12 861
6 12 862
6 12 863
6 12 864
6 12 865
6 12 866
6 12 867
6 12 868
6 12 869
6 12 870
6 12 871
6 12 872
6 12 873
6 12 874
6 12 875
6 12 876
6 12 877
6 12 878
6 12 879
6 12 880
6 12 881
6 12 882
6 12 883
6 12 884
6 12 885
6 12 886
6 12 887
6 12 888
6 12 889
6 12 890
6 12 891
6 12 892
6 12 893
6 12 894
6 12 895
6 12 896
6 12 897
6 12 898
6 12 899
6 12 900
6 12 901
6 12 902
6 12 903
6 12 904
6 12 905
6 12 906
6 12 907
6 12 908
6 12 909
6 12 910
6 12 911
6 12 912
6 12 913
6 12 914
6 12 915
6 12 916
6 12 917
6 12 918
6 12 919
6 12 920
6 12 921
6 12 922
6 12 923
6 12 924
6 12 925
6 12 926
6 12 927
6 12 928
6 12 929
6 12 930
6 12 931
6 12 932
6 12 933
6 12 934
6 12 935
6 12 936
6 12 937
6 12 938
6 12 939
6 12 940
6 12 941
6 12 942
6 12 943
6 12 944
6 12 945
6 12 946
6 12 947
6 12 948
6 12 949
6 12 950
6 12 951
6 12 952
6 12 953
6 12 954
6 12 955
6 12 956
6 12 957
6 12 958
6 12 959
6 12 960
