4 12 1
4 12 2
4 12 3
4 12 4
4 12 5
4 12 6
4 12 7
4 12 8
4 12 9
4 12 10
4 12 11
4 12 12
4 12 13
4 12 14
4 12 15
4 12 16
4 12 17
4 12 18
4 12 19
4 12 20
4 12 21
4 12 22
4 12 23
4 12 24
4 12 25
4 12 26
4 12 27
4 12 28
4 12 29
4 12 30
4 12 31
4 12 32
4 12 33
4 12 34
4 12 35
4 12 36
4 12 37
4 12 38
4 12 39
4 12 40
4 12 41
4 12 42
4 12 43
4 12 44
4 12 45
4 12 46
4 12 47
4 12 48
4 12 49
4 12 50
4 12 51
4 12 52
4 12 53
4 12 54
4 12 55
4 12 56
4 12 57
4 12 58
4 12 59
4 12 60
4 12 61
4 12 62
4 12 63
4 12 64
4 12 65
4 12 66
4 12 67
4 12 68
4 12 69
4 12 70
4 12 71
4 12 72
4 12 73
4 12 74
4 12 75
4 12 76
4 12 77
4 12 78
4 12 79
4 12 80
4 12 81
4 12 82
4 12 83
4 12 84
4 12 85
4 12 86
4 12 87
4 12 88
4 12 89
4 12 90
4 12 91
4 12 92
4 12 93
4 12 94
4 12 95
4 12 96
4 12 97
4 12 98
4 12 99
4 12 100
4 12 101
4 12 102
4 12 103
4 12 104
4 12 105
4 12 106
4 12 107
4 12 108
4 12 109
4 12 110
4 12 111
4 12 112
4 12 113
4 12 114
4 12 115
4 12 116
4 12 117
4 12 118
4 12 119
4 12 120
4 12 121
4 12 122
4 12 123
4 12 124
4 12 125
4 12 126
4 12 127
4 12 128
4 12 129
4 12 130
4 12 131
4 12 132
4 12 133
4 12 134
4 12 135
4 12 136
4 12 137
4 12 138
4 12 139
4 12 140
4 12 141
4 12 142
4 12 143
4 12 144
4 12 145
4 12 146
4 12 147
4 12 148
4 12 149
4 12 150
4 12 151
4 12 152
4 12 153
4 12 154
4 12 155
4 12 156
4 12 157
4 12 158
4 12 159
4 12 160
4 12 161
4 12 162
4 12 163
4 12 164
4 12 165
4 12 166
4 12 167
4 12 168
4 12 169
4 12 170
4 12 171
4 12 172
4 12 173
4 12 174
4 12 175
4 12 176
4 12 177
4 12 178
4 12 179
4 12 180
4 12 181
4 12 182
4 12 183
4 12 184
4 12 185
4 12 186
4 12 187
4 12 188
4 12 189
4 12 190
4 12 191
4 12 192
4 12 193
4 12 194
4 12 195
4 12 196
4 12 197
4 12 198
4 12 199
4 12 200
4 12 201
4 12 202
4 12 203
4 12 204
4 12 205
4 12 206
4 12 207
4 12 208
4 12 209
4 12 210
4 12 211
4 12 212
4 12 213
4 12 214
4 12 215
4 12 216
4 12 217
4 12 218
4 12 219
4 12 220
4 12 221
4 12 222
4 12 223
4 12 224
4 12 225
4 12 226
4 12 227
4 12 228
4 12 229
4 12 230
4 12 231
4 12 232
4 12 233
4 12 234
4 12 235
4 12 236
4 12 237
4 12 238
4 12 239
4 12 240
4 12 241
4 12 242
4 12 243
4 12 244
4 12 245
4 12 246
4 12 247
4 12 248
4 12 249
4 12 250
4 12 251
4 12 252
4 12 253
4 12 254
4 12 255
4 12 256
4 12 257
4 12 258
4 12 259
4 12 260
4 12 261
4 12 262
4 12 263
4 12 264
4 12 265
4 12 266
4 12 267
4 12 268
4 12 269
4 12 270
4 12 271
4 12 272
4 12 273
4 12 274
4 12 275
4 12 276
4 12 277
4 12 278
4 12 279
4 12 280
4 12 281
4 12 282
4 12 283
4 12 284
4 12 285
4 12 286
4 12 287
4 12 288
4 12 289
4 12 290
4 12 291
4 12 292
4 12 293
4 12 294
4 12 295
4 12 296
4 12 297
4 12 298
4 12 299
4 12 300
4 12 301
4 12 302
4 12 303
4 12 304
4 12 305
4 12 306
4 12 307
4 12 308
4 12 309
4 12 310
4 12 311
4 12 312
4 12 313
4 12 314
4 12 315
4 12 316
4 12 317
4 12 318
4 12 319
4 12 320
4 12 321
4 12 322
4 12 323
4 12 324
4 12 325
4 12 326
4 12 327
4 12 328
4 12 329
4 12 330
4 12 331
4 12 332
4 12 333
4 12 334
4 12 335
4 12 336
4 12 337
4 12 338
4 12 339
4 12 340
4 12 341
4 12 342
4 12 343
4 12 344
4 12 345
4 12 346
4 12 347
4 12 348
4 12 349
4 12 350
4 12 351
4 12 352
4 12 353
4 12 354
4 12 355
4 12 356
4 12 357
4 12 358
4 12 359
4 12 360
4 12 361
4 12 362
4 12 363
4 12 364
4 12 365
4 12 366
4 12 367
4 12 368
4 12 369
4 12 370
4 12 371
4 12 372
4 12 373
4 12 374
4 12 375
4 12 376
4 12 377
4 12 378
4 12 379
4 12 380
4 12 381
4 12 382
4 12 383
4 12 384
4 12 385
4 12 386
4 12 387
4 12 388
4 12 389
4 12 390
4 12 391
4 12 392
4 12 393
4 12 394
4 12 395
4 12 396
4 12 397
4 12 398
4 12 399
4 12 400
4 12 401
4 12 402
4 12 403
4 12 404
4 12 405
4 12 406
4 12 407
4 12 408
4 12 409
4 12 410
4 12 411
4 12 412
4 12 413
4 12 414
4 12 415
4 12 416
4 12 417
4 12 418
4 12 419
4 12 420
4 12 421
4 12 422
4 12 423
4 12 424
4 12 425
4 12 426
4 12 427
4 12 428
4 12 429
4 12 430
4 12 431
4 12 432
4 12 433
4 12 434
4 12 435
4 12 436
4 12 437
4 12 438
4 12 439
4 12 440
4 12 441
4 12 442
4 12 443
4 12 444
4 12 445
4 12 446
4 12 447
4 12 448
4 12 449
4 12 450
4 12 451
4 12 452
4 12 453
4 12 454
4 12 455
4 12 456
4 12 457
4 12 458
4 12 459
4 12 460
4 12 461
4 12 462
4 12 463
4 12 464
4 12 465
4 12 466
4 12 467
4 12 468
4 12 469
4 12 470
4 12 471
4 12 472
4 12 473
4 12 474
4 12 475
4 12 476
4 12 477
4 12 478
4 12 479
4 12 480
4 12 481
4 12 482
4 12 483
4 12 484
4 12 485
4 12 486
4 12 487
4 12 488
4 12 489
4 12 490
4 12 491
4 12 492
4 12 493
4 12 494
4 12 495
4 12 496
4 12 497
4 12 498
4 12 499
4 12 500
4 12 501
4 12 502
4 12 503
4 12 504
4 12 505
4 12 506
4 12 507
4 12 508
4 12 509
4 12 510
4 12 511
4 12 512
4 12 513
4 12 514
4 12 515
4 12 516
4 12 517
4 12 518
4 12 519
4 12 520
4 12 521
4 12 522
4 12 523
4 12 524
4 12 525
4 12 526
4 12 527
4 12 528
4 12 529
4 12 530
4 12 531
4 12 532
4 12 533
4 12 534
4 12 535
4 12 536
4 12 537
4 12 538
4 12 539
4 12 540
4 12 541
4 12 542
4 12 543
4 12 544
4 12 545
4 12 546
4 12 547
4 12 548
4 12 549
4 12 550
4 12 551
4 12 552
4 12 553
4 12 554
4 12 555
4 12 556
4 12 557
4 12 558
4 12 559
4 12 560
4 12 561
4 12 562
4 12 563
4 12 564
4 12 565
4 12 566
4 12 567
4 12 568
4 12 569
4 12 570
4 12 571
4 12 572
4 12 573
4 12 574
4 12 575
4 12 576
4 12 577
4 12 578
4 12 579
4 12 580
4 12 581
4 12 582
4 12 583
4 12 584
4 12 585
4 12 586
4 12 587
4 12 588
4 12 589
4 12 590
4 12 591
4 12 592
4 12 593
4 12 594
4 12 595
4 12 596
4 12 597
4 12 598
4 12 599
4 12 600
4 12 601
4 12 602
4 12 603
4 12 604
4 12 605
4 12 606
4 12 607
4 12 608
4 12 609
4 12 610
4 12 611
4 12 612
4 12 613
4 12 614
4 12 615
4 12 616
4 12 617
4 12 618
4 12 619
4 12 620
4 12 621
4 12 622
4 12 623
4 12 624
4 12 625
4 12 626
4 12 627
4 12 628
4 12 629
4 12 630
4 12 631
4 12 632
4 12 633
4 12 634
4 12 635
4 12 636
4 12 637
4 12 638
4 12 639
4 12 640
4 12 641
4 12 642
4 12 643
4 12 644
4 12 645
4 12 646
4 12 647
4 12 648
4 12 649
4 12 650
4 12 651
4 12 652
4 12 653
4 12 654
4 12 655
4 12 656
4 12 657
4 12 658
4 12 659
4 12 660
4 12 661
4 12 662
4 12 663
4 12 664
4 12 665
4 12 666
4 12 667
4 12 668
4 12 669
4 12 670
4 12 671
4 12 672
4 12 673
4 12 674
4 12 675
4 12 676
4 12 677
4 12 678
4 12 679
4 12 680
4 12 681
4 12 682
4 12 683
4 12 684
4 12 685
4 12 686
4 12 687
4 12 688
4 12 689
4 12 690
4 12 691
4 12 692
4 12 693
4 12 694
4 12 695
4 12 696
4 12 697
4 12 698
4 12 699
4 12 700
4 12 701
4 12 702
4 12 703
4 12 704
4 12 705
4 12 706
4 12 707
4 12 708
4 12 709
4 12 710
4 12 711
4 12 712
4 12 713
4 12 714
4 12 715
4 12 716
4 12 717
4 12 718
4 12 719
4 12 720
4 12 721
4 12 722
4 12 723
4 12 724
4 12 725
4 12 726
4 12 727
4 12 728
4 12 729
4 12 730
4 12 731
4 12 732
4 12 733
4 12 734
4 12 735
4 12 736
4 12 737
4 12 738
4 12 739
4 12 740
4 12 741
4 12 742
4 12 743
4 12 744
4 12 745
4 12 746
4 12 747
4 12 748
4 12 749
4 12 750
4 12 751
4 12 752
4 12 753
4 12 754
4 12 755
4 12 756
4 12 757
4 12 758
4 12 759
4 12 760
4 12 761
4 12 762
4 12 763
4 12 764
4 12 765
4 12 766
4 12 767
4 12 768
4 12 769
4 12 770
4 12 771
4 12 772
4 12 773
4 12 774
4 12 775
4 12 776
4 12 777
4 12 778
4 12 779
4 12 780
4 12 781
4 12 782
4 12 783
4 12 784
4 12 785
4 12 786
4 12 787
4 12 788
4 12 789
4 12 790
4 12 791
4 12 792
4 12 793
4 12 794
4 12 795
4 12 796
4 12 797
4 12 798
4 12 799
4 12 800
4 12 801
4 12 802
4 12 803
4 12 804
4 12 805
4 12 806
4 12 807
4 12 808
4 12 809
4 12 810
4 12 811
4 12 812
4 12 813
4 12 814
4 12 815
4 12 816
4 12 817
4 12 818
4 12 819
4 12 820
4 12 821
4 12 822
4 12 823
4 12 824
4 12 825
4 12 826
4 12 827
4 12 828
4 12 829
4 12 830
4 12 831
4 12 832
4 12 833
4 12 834
4 12 835
4 12 836
4 12 837
4 12 838
4 12 839
4 12 840
4 12 841
4 12 842
4 12 843
4 12 844
4 12 845
4 12 846
4 12 847
4 12 848
4 12 849
4 12 850
4 12 851
4 12 852
4 12 853
4 12 854
4 12 855
4 12 856
4 12 857
4 12 858
4 12 859
4 12 860
4 12 861
4 12 862
4 12 863
4 12 864
4 12 865
4 12 866
4 12 867
4 12 868
4 12 869
4 12 870
4 12 871
4 12 872
4 12 873
4 12 874
4 12 875
4 12 876
4 12 877
4 12 878
4 12 879
4 12 880
4 12 881
4 12 882
4 12 883
4 12 884
4 12 885
4 12 886
4 12 887
4 12 888
4 12 889
4 12 890
4 12 891
4 12 892
4 12 893
4 12 894
4 12 895
4 12 896
4 12 897
4 12 898
4 12 899
4 12 900
4 12 901
4 12 902
4 12 903
4 12 904
4 12 905
4 12 906
4 12 907
4 12 908
4 12 909
4 12 910
4 12 911
4 12 912
4 12 913
4 12 914
4 12 915
4 12 916
4 12 917
4 12 918
4 12 919
4 12 920
4 12 921
4 12 922
4 12 923
4 12 924
4 12 925
4 12 926
4 12 927
4 12 928
4 12 929
4 12 930
4 12 931
4 12 932
4 12 933
4 12 934
4 12 935
4 12 936
4 12 937
4 12 938
4 12 939
4 12 940
4 12 941
4 12 942
4 12 943
4 12 944
4 12 945
4 12 946
4 12 947
4 12 948
4 12 949
4 12 950
4 12 951
4 12 952
4 12 953
4 12 954
4 12 955
4 12 956
4 12 957
4 12 958
4 12 959
4 12 960
