168 171 1
169 171 1
170 171 1
168 172 2
169 172 2
170 172 2
168 173 3
169 173 3
170 173 3
168 171 4
169 171 4
170 171 4
168 172 5
169 172 5
170 172 5
168 173 6
169 173 6
170 173 6
168 171 7
169 171 7
170 171 7
168 172 8
169 172 8
170 172 8
168 173 9
169 173 9
170 173 9
168 171 10
169 171 10
170 171 10
168 172 11
169 172 11
170 172 11
168 173 12
169 173 12
170 173 12
168 171 13
169 171 13
170 171 13
168 172 14
169 172 14
170 172 14
168 173 15
169 173 15
170 173 15
168 171 16
169 171 16
170 171 16
168 172 17
169 172 17
170 172 17
168 173 18
169 173 18
170 173 18
168 171 19
169 171 19
170 171 19
168 172 20
169 172 20
170 172 20
168 173 21
169 173 21
170 173 21
168 171 22
169 171 22
170 171 22
168 172 23
169 172 23
170 172 23
168 173 24
169 173 24
170 173 24
168 171 25
169 171 25
170 171 25
168 172 26
169 172 26
170 172 26
168 173 27
169 173 27
170 173 27
168 171 28
169 171 28
170 171 28
168 172 29
169 172 29
170 172 29
168 173 30
169 173 30
170 173 30
