74 77 1
75 77 1
76 77 1
74 78 2
75 78 2
76 78 2
74 79 3
75 79 3
76 79 3
74 77 4
75 77 4
76 77 4
74 78 5
75 78 5
76 78 5
74 79 6
75 79 6
76 79 6
74 77 7
75 77 7
76 77 7
74 78 8
75 78 8
76 78 8
74 79 9
75 79 9
76 79 9
74 77 10
75 77 10
76 77 10
74 78 11
75 78 11
76 78 11
74 79 12
75 79 12
76 79 12
74 77 13
75 77 13
76 77 13
74 78 14
75 78 14
76 78 14
74 79 15
75 79 15
76 79 15
74 77 16
75 77 16
76 77 16
74 78 17
75 78 17
76 78 17
74 79 18
75 79 18
76 79 18
74 77 19
75 77 19
76 77 19
74 78 20
75 78 20
76 78 20
74 79 21
75 79 21
76 79 21
74 77 22
75 77 22
76 77 22
74 78 23
75 78 23
76 78 23
74 79 24
75 79 24
76 79 24
74 77 25
75 77 25
76 77 25
74 78 26
75 78 26
76 78 26
74 79 27
75 79 27
76 79 27
74 77 28
75 77 28
76 77 28
74 78 29
75 78 29
76 78 29
74 79 30
75 79 30
76 79 30
