84 87 1
85 87 1
86 87 1
84 88 2
85 88 2
86 88 2
84 89 3
85 89 3
86 89 3
84 87 4
85 87 4
86 87 4
84 88 5
85 88 5
86 88 5
84 89 6
85 89 6
86 89 6
84 87 7
85 87 7
86 87 7
84 88 8
85 88 8
86 88 8
84 89 9
85 89 9
86 89 9
84 87 10
85 87 10
86 87 10
84 88 11
85 88 11
86 88 11
84 89 12
85 89 12
86 89 12
84 87 13
85 87 13
86 87 13
84 88 14
85 88 14
86 88 14
84 89 15
85 89 15
86 89 15
84 87 16
85 87 16
86 87 16
84 88 17
85 88 17
86 88 17
84 89 18
85 89 18
86 89 18
84 87 19
85 87 19
86 87 19
84 88 20
85 88 20
86 88 20
84 89 21
85 89 21
86 89 21
84 87 22
85 87 22
86 87 22
84 88 23
85 88 23
86 88 23
84 89 24
85 89 24
86 89 24
84 87 25
85 87 25
86 87 25
84 88 26
85 88 26
86 88 26
84 89 27
85 89 27
86 89 27
84 87 28
85 87 28
86 87 28
84 88 29
85 88 29
86 88 29
84 89 30
85 89 30
86 89 30
