192 195 1
193 195 1
194 195 1
192 196 2
193 196 2
194 196 2
192 197 3
193 197 3
194 197 3
192 195 4
193 195 4
194 195 4
192 196 5
193 196 5
194 196 5
192 197 6
193 197 6
194 197 6
192 195 7
193 195 7
194 195 7
192 196 8
193 196 8
194 196 8
192 197 9
193 197 9
194 197 9
192 195 10
193 195 10
194 195 10
192 196 11
193 196 11
194 196 11
192 197 12
193 197 12
194 197 12
192 195 13
193 195 13
194 195 13
192 196 14
193 196 14
194 196 14
192 197 15
193 197 15
194 197 15
192 195 16
193 195 16
194 195 16
192 196 17
193 196 17
194 196 17
192 197 18
193 197 18
194 197 18
192 195 19
193 195 19
194 195 19
192 196 20
193 196 20
194 196 20
192 197 21
193 197 21
194 197 21
192 195 22
193 195 22
194 195 22
192 196 23
193 196 23
194 196 23
192 197 24
193 197 24
194 197 24
192 195 25
193 195 25
194 195 25
192 196 26
193 196 26
194 196 26
192 197 27
193 197 27
194 197 27
192 195 28
193 195 28
194 195 28
192 196 29
193 196 29
194 196 29
192 197 30
193 197 30
194 197 30
