14 17 1
15 17 1
16 17 1
14 18 2
15 18 2
16 18 2
14 19 3
15 19 3
16 19 3
14 17 4
15 17 4
16 17 4
14 18 5
15 18 5
16 18 5
14 19 6
15 19 6
16 19 6
14 17 7
15 17 7
16 17 7
14 18 8
15 18 8
16 18 8
14 19 9
15 19 9
16 19 9
14 17 10
15 17 10
16 17 10
14 18 11
15 18 11
16 18 11
14 19 12
15 19 12
16 19 12
14 17 13
15 17 13
16 17 13
14 18 14
15 18 14
16 18 14
14 19 15
15 19 15
16 19 15
14 17 16
15 17 16
16 17 16
14 18 17
15 18 17
16 18 17
14 19 18
15 19 18
16 19 18
14 17 19
15 17 19
16 17 19
14 18 20
15 18 20
16 18 20
14 19 21
15 19 21
16 19 21
14 17 22
15 17 22
16 17 22
14 18 23
15 18 23
16 18 23
14 19 24
15 19 24
16 19 24
14 17 25
15 17 25
16 17 25
14 18 26
15 18 26
16 18 26
14 19 27
15 19 27
16 19 27
14 17 28
15 17 28
16 17 28
14 18 29
15 18 29
16 18 29
14 19 30
15 19 30
16 19 30
