200 203 1
201 203 1
202 203 1
200 204 2
201 204 2
202 204 2
200 205 3
201 205 3
202 205 3
200 203 4
201 203 4
202 203 4
200 204 5
201 204 5
202 204 5
200 205 6
201 205 6
202 205 6
200 203 7
201 203 7
202 203 7
200 204 8
201 204 8
202 204 8
200 205 9
201 205 9
202 205 9
200 203 10
201 203 10
202 203 10
200 204 11
201 204 11
202 204 11
200 205 12
201 205 12
202 205 12
200 203 13
201 203 13
202 203 13
200 204 14
201 204 14
202 204 14
200 205 15
201 205 15
202 205 15
200 203 16
201 203 16
202 203 16
200 204 17
201 204 17
202 204 17
200 205 18
201 205 18
202 205 18
200 203 19
201 203 19
202 203 19
200 204 20
201 204 20
202 204 20
200 205 21
201 205 21
202 205 21
200 203 22
201 203 22
202 203 22
200 204 23
201 204 23
202 204 23
200 205 24
201 205 24
202 205 24
200 203 25
201 203 25
202 203 25
200 204 26
201 204 26
202 204 26
200 205 27
201 205 27
202 205 27
200 203 28
201 203 28
202 203 28
200 204 29
201 204 29
202 204 29
200 205 30
201 205 30
202 205 30
