44 47 1
45 47 1
46 47 1
44 48 2
45 48 2
46 48 2
44 49 3
45 49 3
46 49 3
44 47 4
45 47 4
46 47 4
44 48 5
45 48 5
46 48 5
44 49 6
45 49 6
46 49 6
44 47 7
45 47 7
46 47 7
44 48 8
45 48 8
46 48 8
44 49 9
45 49 9
46 49 9
44 47 10
45 47 10
46 47 10
44 48 11
45 48 11
46 48 11
44 49 12
45 49 12
46 49 12
44 47 13
45 47 13
46 47 13
44 48 14
45 48 14
46 48 14
44 49 15
45 49 15
46 49 15
44 47 16
45 47 16
46 47 16
44 48 17
45 48 17
46 48 17
44 49 18
45 49 18
46 49 18
44 47 19
45 47 19
46 47 19
44 48 20
45 48 20
46 48 20
44 49 21
45 49 21
46 49 21
44 47 22
45 47 22
46 47 22
44 48 23
45 48 23
46 48 23
44 49 24
45 49 24
46 49 24
44 47 25
45 47 25
46 47 25
44 48 26
45 48 26
46 48 26
44 49 27
45 49 27
46 49 27
44 47 28
45 47 28
46 47 28
44 48 29
45 48 29
46 48 29
44 49 30
45 49 30
46 49 30
