6 416 1
7 416 1
6 416 2
7 416 2
6 416 3
7 416 3
6 416 4
7 416 4
6 416 5
7 416 5
6 416 6
7 416 6
6 416 7
7 416 7
6 416 8
7 416 8
6 416 9
7 416 9
6 416 10
7 416 10
6 416 11
7 416 11
6 416 12
7 416 12
6 416 13
7 416 13
6 416 14
7 416 14
6 416 15
7 416 15
6 416 16
7 416 16
6 416 17
7 416 17
6 416 18
7 416 18
6 416 19
7 416 19
6 416 20
7 416 20
6 416 21
7 416 21
6 416 22
7 416 22
6 416 23
7 416 23
6 416 24
7 416 24
6 416 25
7 416 25
6 416 26
7 416 26
6 416 27
7 416 27
6 416 28
7 416 28
6 416 29
7 416 29
6 416 30
7 416 30
6 416 31
7 416 31
6 416 32
7 416 32
6 416 33
7 416 33
6 416 34
7 416 34
6 416 35
7 416 35
6 416 36
7 416 36
6 416 37
7 416 37
6 416 38
7 416 38
6 416 39
7 416 39
6 416 40
7 416 40
6 416 41
7 416 41
6 416 42
7 416 42
6 416 43
7 416 43
6 416 44
7 416 44
6 416 45
7 416 45
6 416 46
7 416 46
6 416 47
7 416 47
6 416 48
7 416 48
6 416 49
7 416 49
6 416 50
7 416 50
6 416 51
7 416 51
6 416 52
7 416 52
6 416 53
7 416 53
6 416 54
7 416 54
6 416 55
7 416 55
6 416 56
7 416 56
6 416 57
7 416 57
6 416 58
7 416 58
6 416 59
7 416 59
6 416 60
7 416 60
6 416 61
7 416 61
6 416 62
7 416 62
6 416 63
7 416 63
6 416 64
7 416 64
6 416 65
7 416 65
6 416 66
7 416 66
6 416 67
7 416 67
6 416 68
7 416 68
6 416 69
7 416 69
6 416 70
7 416 70
6 416 71
7 416 71
6 416 72
7 416 72
6 416 73
7 416 73
6 416 74
7 416 74
6 416 75
7 416 75
6 416 76
7 416 76
6 416 77
7 416 77
6 416 78
7 416 78
6 416 79
7 416 79
6 416 80
7 416 80
6 416 81
7 416 81
6 416 82
7 416 82
6 416 83
7 416 83
6 416 84
7 416 84
6 416 85
7 416 85
6 416 86
7 416 86
6 416 87
7 416 87
6 416 88
7 416 88
6 416 89
7 416 89
6 416 90
7 416 90
6 416 91
7 416 91
6 416 92
7 416 92
6 416 93
7 416 93
6 416 94
7 416 94
6 416 95
7 416 95
6 416 96
7 416 96
6 416 97
7 416 97
6 416 98
7 416 98
6 416 99
7 416 99
6 416 100
7 416 100
6 416 101
7 416 101
6 416 102
7 416 102
6 416 103
7 416 103
6 416 104
7 416 104
6 416 105
7 416 105
6 416 106
7 416 106
6 416 107
7 416 107
6 416 108
7 416 108
6 416 109
7 416 109
6 416 110
7 416 110
6 416 111
7 416 111
6 416 112
7 416 112
6 416 113
7 416 113
6 416 114
7 416 114
6 416 115
7 416 115
6 416 116
7 416 116
6 416 117
7 416 117
6 416 118
7 416 118
6 416 119
7 416 119
6 416 120
7 416 120
6 416 121
7 416 121
6 416 122
7 416 122
