418 386 1
418 386 2
418 386 3
418 386 4
418 386 5
418 386 6
418 386 7
418 386 8
418 386 9
418 386 10
418 386 11
418 386 12
418 386 13
418 386 14
418 386 15
418 386 16
418 386 17
418 386 18
418 386 19
418 386 20
418 386 21
418 386 22
418 386 23
418 386 24
418 386 25
418 386 26
418 386 27
418 386 28
418 386 29
418 386 30
418 386 31
418 386 32
418 386 33
418 386 34
418 386 35
418 386 36
418 386 37
418 386 38
418 386 39
418 386 40
418 386 41
418 386 42
418 386 43
418 386 44
418 386 45
418 386 46
418 386 47
418 386 48
418 386 49
418 386 50
418 386 51
418 386 52
418 386 53
418 386 54
418 386 55
418 386 56
418 386 57
418 386 58
418 386 59
418 386 60
418 386 61
