418 400 1
418 400 2
418 400 3
418 400 4
418 400 5
418 400 6
418 400 7
418 400 8
418 400 9
418 400 10
418 400 11
418 400 12
418 400 13
418 400 14
418 400 15
418 400 16
418 400 17
418 400 18
418 400 19
418 400 20
418 400 21
418 400 22
418 400 23
418 400 24
418 400 25
418 400 26
418 400 27
418 400 28
418 400 29
418 400 30
418 400 31
418 400 32
418 400 33
418 400 34
418 400 35
418 400 36
418 400 37
418 400 38
418 400 39
418 400 40
418 400 41
418 400 42
418 400 43
418 400 44
418 400 45
418 400 46
418 400 47
418 400 48
418 400 49
418 400 50
418 400 51
418 400 52
418 400 53
418 400 54
418 400 55
418 400 56
418 400 57
418 400 58
418 400 59
418 400 60
418 400 61
