418 403 1
418 403 2
418 403 3
418 403 4
418 403 5
418 403 6
418 403 7
418 403 8
418 403 9
418 403 10
418 403 11
418 403 12
418 403 13
418 403 14
418 403 15
418 403 16
418 403 17
418 403 18
418 403 19
418 403 20
418 403 21
418 403 22
418 403 23
418 403 24
418 403 25
418 403 26
418 403 27
418 403 28
418 403 29
418 403 30
418 403 31
418 403 32
418 403 33
418 403 34
418 403 35
418 403 36
418 403 37
418 403 38
418 403 39
418 403 40
418 403 41
418 403 42
418 403 43
418 403 44
418 403 45
418 403 46
418 403 47
418 403 48
418 403 49
418 403 50
418 403 51
418 403 52
418 403 53
418 403 54
418 403 55
418 403 56
418 403 57
418 403 58
418 403 59
418 403 60
418 403 61
