418 395 1
418 395 2
418 395 3
418 395 4
418 395 5
418 395 6
418 395 7
418 395 8
418 395 9
418 395 10
418 395 11
418 395 12
418 395 13
418 395 14
418 395 15
418 395 16
418 395 17
418 395 18
418 395 19
418 395 20
418 395 21
418 395 22
418 395 23
418 395 24
418 395 25
418 395 26
418 395 27
418 395 28
418 395 29
418 395 30
418 395 31
418 395 32
418 395 33
418 395 34
418 395 35
418 395 36
418 395 37
418 395 38
418 395 39
418 395 40
418 395 41
418 395 42
418 395 43
418 395 44
418 395 45
418 395 46
418 395 47
418 395 48
418 395 49
418 395 50
418 395 51
418 395 52
418 395 53
418 395 54
418 395 55
418 395 56
418 395 57
418 395 58
418 395 59
418 395 60
418 395 61
