49 409 1
50 409 1
51 409 1
52 409 1
53 409 1
49 409 2
50 409 2
51 409 2
52 409 2
53 409 2
49 409 3
50 409 3
51 409 3
52 409 3
53 409 3
49 409 4
50 409 4
51 409 4
52 409 4
53 409 4
49 409 5
50 409 5
51 409 5
52 409 5
53 409 5
49 409 6
50 409 6
51 409 6
52 409 6
53 409 6
49 409 7
50 409 7
51 409 7
52 409 7
53 409 7
49 409 8
50 409 8
51 409 8
52 409 8
53 409 8
49 409 9
50 409 9
51 409 9
52 409 9
53 409 9
49 409 10
50 409 10
51 409 10
52 409 10
53 409 10
49 409 11
50 409 11
51 409 11
52 409 11
53 409 11
49 409 12
50 409 12
51 409 12
52 409 12
53 409 12
49 409 13
50 409 13
51 409 13
52 409 13
53 409 13
49 409 14
50 409 14
51 409 14
52 409 14
53 409 14
49 409 15
50 409 15
51 409 15
52 409 15
53 409 15
49 409 16
50 409 16
51 409 16
52 409 16
53 409 16
49 409 17
50 409 17
51 409 17
52 409 17
53 409 17
49 409 18
50 409 18
51 409 18
52 409 18
53 409 18
49 409 19
50 409 19
51 409 19
52 409 19
53 409 19
49 409 20
50 409 20
51 409 20
52 409 20
53 409 20
49 409 21
50 409 21
51 409 21
52 409 21
53 409 21
49 409 22
50 409 22
51 409 22
52 409 22
53 409 22
49 409 23
50 409 23
51 409 23
52 409 23
53 409 23
49 409 24
50 409 24
51 409 24
52 409 24
53 409 24
49 409 25
50 409 25
51 409 25
52 409 25
53 409 25
49 409 26
50 409 26
51 409 26
52 409 26
53 409 26
49 409 27
50 409 27
51 409 27
52 409 27
53 409 27
49 409 28
50 409 28
51 409 28
52 409 28
53 409 28
49 409 29
50 409 29
51 409 29
52 409 29
53 409 29
49 409 30
50 409 30
51 409 30
52 409 30
53 409 30
49 409 31
50 409 31
51 409 31
52 409 31
53 409 31
49 409 32
50 409 32
51 409 32
52 409 32
53 409 32
49 409 33
50 409 33
51 409 33
52 409 33
53 409 33
49 409 34
50 409 34
51 409 34
52 409 34
53 409 34
49 409 35
50 409 35
51 409 35
52 409 35
53 409 35
49 409 36
50 409 36
51 409 36
52 409 36
53 409 36
49 409 37
50 409 37
51 409 37
52 409 37
53 409 37
49 409 38
50 409 38
51 409 38
52 409 38
53 409 38
49 409 39
50 409 39
51 409 39
52 409 39
53 409 39
49 409 40
50 409 40
51 409 40
52 409 40
53 409 40
49 409 41
50 409 41
51 409 41
52 409 41
53 409 41
49 409 42
50 409 42
51 409 42
52 409 42
53 409 42
49 409 43
50 409 43
51 409 43
52 409 43
53 409 43
49 409 44
50 409 44
51 409 44
52 409 44
53 409 44
49 409 45
50 409 45
51 409 45
52 409 45
53 409 45
49 409 46
50 409 46
51 409 46
52 409 46
53 409 46
49 409 47
50 409 47
51 409 47
52 409 47
53 409 47
49 409 48
50 409 48
51 409 48
52 409 48
53 409 48
49 409 49
50 409 49
51 409 49
52 409 49
53 409 49
