150 392 1
151 392 1
150 392 2
151 392 2
150 392 3
151 392 3
150 392 4
151 392 4
150 392 5
151 392 5
150 392 6
151 392 6
150 392 7
151 392 7
150 392 8
151 392 8
150 392 9
151 392 9
150 392 10
151 392 10
150 392 11
151 392 11
150 392 12
151 392 12
150 392 13
151 392 13
150 392 14
151 392 14
150 392 15
151 392 15
150 392 16
151 392 16
150 392 17
151 392 17
150 392 18
151 392 18
150 392 19
151 392 19
150 392 20
151 392 20
150 392 21
151 392 21
150 392 22
151 392 22
150 392 23
151 392 23
150 392 24
151 392 24
150 392 25
151 392 25
150 392 26
151 392 26
150 392 27
151 392 27
150 392 28
151 392 28
150 392 29
151 392 29
150 392 30
151 392 30
150 392 31
151 392 31
150 392 32
151 392 32
150 392 33
151 392 33
150 392 34
151 392 34
150 392 35
151 392 35
150 392 36
151 392 36
150 392 37
151 392 37
150 392 38
151 392 38
150 392 39
151 392 39
150 392 40
151 392 40
150 392 41
151 392 41
150 392 42
151 392 42
150 392 43
151 392 43
150 392 44
151 392 44
150 392 45
151 392 45
150 392 46
151 392 46
150 392 47
151 392 47
150 392 48
151 392 48
150 392 49
151 392 49
150 392 50
151 392 50
150 392 51
151 392 51
150 392 52
151 392 52
150 392 53
151 392 53
150 392 54
151 392 54
150 392 55
151 392 55
150 392 56
151 392 56
150 392 57
151 392 57
150 392 58
151 392 58
150 392 59
151 392 59
150 392 60
151 392 60
150 392 61
151 392 61
150 392 62
151 392 62
150 392 63
151 392 63
150 392 64
151 392 64
150 392 65
151 392 65
150 392 66
151 392 66
150 392 67
151 392 67
150 392 68
151 392 68
150 392 69
151 392 69
150 392 70
151 392 70
150 392 71
151 392 71
150 392 72
151 392 72
150 392 73
151 392 73
150 392 74
151 392 74
150 392 75
151 392 75
150 392 76
151 392 76
150 392 77
151 392 77
150 392 78
151 392 78
150 392 79
151 392 79
150 392 80
151 392 80
150 392 81
151 392 81
150 392 82
151 392 82
150 392 83
151 392 83
150 392 84
151 392 84
150 392 85
151 392 85
150 392 86
151 392 86
150 392 87
151 392 87
150 392 88
151 392 88
150 392 89
151 392 89
150 392 90
151 392 90
150 392 91
151 392 91
150 392 92
151 392 92
150 392 93
151 392 93
150 392 94
151 392 94
150 392 95
151 392 95
150 392 96
151 392 96
150 392 97
151 392 97
150 392 98
151 392 98
150 392 99
151 392 99
150 392 100
151 392 100
150 392 101
151 392 101
150 392 102
151 392 102
150 392 103
151 392 103
150 392 104
151 392 104
150 392 105
151 392 105
150 392 106
151 392 106
150 392 107
151 392 107
150 392 108
151 392 108
150 392 109
151 392 109
150 392 110
151 392 110
150 392 111
151 392 111
150 392 112
151 392 112
150 392 113
151 392 113
150 392 114
151 392 114
150 392 115
151 392 115
150 392 116
151 392 116
150 392 117
151 392 117
150 392 118
151 392 118
150 392 119
151 392 119
150 392 120
151 392 120
150 392 121
151 392 121
150 392 122
151 392 122
