193 385 1
194 385 1
195 385 1
196 385 1
197 385 1
193 385 2
194 385 2
195 385 2
196 385 2
197 385 2
193 385 3
194 385 3
195 385 3
196 385 3
197 385 3
193 385 4
194 385 4
195 385 4
196 385 4
197 385 4
193 385 5
194 385 5
195 385 5
196 385 5
197 385 5
193 385 6
194 385 6
195 385 6
196 385 6
197 385 6
193 385 7
194 385 7
195 385 7
196 385 7
197 385 7
193 385 8
194 385 8
195 385 8
196 385 8
197 385 8
193 385 9
194 385 9
195 385 9
196 385 9
197 385 9
193 385 10
194 385 10
195 385 10
196 385 10
197 385 10
193 385 11
194 385 11
195 385 11
196 385 11
197 385 11
193 385 12
194 385 12
195 385 12
196 385 12
197 385 12
193 385 13
194 385 13
195 385 13
196 385 13
197 385 13
193 385 14
194 385 14
195 385 14
196 385 14
197 385 14
193 385 15
194 385 15
195 385 15
196 385 15
197 385 15
193 385 16
194 385 16
195 385 16
196 385 16
197 385 16
193 385 17
194 385 17
195 385 17
196 385 17
197 385 17
193 385 18
194 385 18
195 385 18
196 385 18
197 385 18
193 385 19
194 385 19
195 385 19
196 385 19
197 385 19
193 385 20
194 385 20
195 385 20
196 385 20
197 385 20
193 385 21
194 385 21
195 385 21
196 385 21
197 385 21
193 385 22
194 385 22
195 385 22
196 385 22
197 385 22
193 385 23
194 385 23
195 385 23
196 385 23
197 385 23
193 385 24
194 385 24
195 385 24
196 385 24
197 385 24
193 385 25
194 385 25
195 385 25
196 385 25
197 385 25
193 385 26
194 385 26
195 385 26
196 385 26
197 385 26
193 385 27
194 385 27
195 385 27
196 385 27
197 385 27
193 385 28
194 385 28
195 385 28
196 385 28
197 385 28
193 385 29
194 385 29
195 385 29
196 385 29
197 385 29
193 385 30
194 385 30
195 385 30
196 385 30
197 385 30
193 385 31
194 385 31
195 385 31
196 385 31
197 385 31
193 385 32
194 385 32
195 385 32
196 385 32
197 385 32
193 385 33
194 385 33
195 385 33
196 385 33
197 385 33
193 385 34
194 385 34
195 385 34
196 385 34
197 385 34
193 385 35
194 385 35
195 385 35
196 385 35
197 385 35
193 385 36
194 385 36
195 385 36
196 385 36
197 385 36
193 385 37
194 385 37
195 385 37
196 385 37
197 385 37
193 385 38
194 385 38
195 385 38
196 385 38
197 385 38
193 385 39
194 385 39
195 385 39
196 385 39
197 385 39
193 385 40
194 385 40
195 385 40
196 385 40
197 385 40
193 385 41
194 385 41
195 385 41
196 385 41
197 385 41
193 385 42
194 385 42
195 385 42
196 385 42
197 385 42
193 385 43
194 385 43
195 385 43
196 385 43
197 385 43
193 385 44
194 385 44
195 385 44
196 385 44
197 385 44
193 385 45
194 385 45
195 385 45
196 385 45
197 385 45
193 385 46
194 385 46
195 385 46
196 385 46
197 385 46
193 385 47
194 385 47
195 385 47
196 385 47
197 385 47
193 385 48
194 385 48
195 385 48
196 385 48
197 385 48
193 385 49
194 385 49
195 385 49
196 385 49
197 385 49
