114 398 1
115 398 1
114 398 2
115 398 2
114 398 3
115 398 3
114 398 4
115 398 4
114 398 5
115 398 5
114 398 6
115 398 6
114 398 7
115 398 7
114 398 8
115 398 8
114 398 9
115 398 9
114 398 10
115 398 10
114 398 11
115 398 11
114 398 12
115 398 12
114 398 13
115 398 13
114 398 14
115 398 14
114 398 15
115 398 15
114 398 16
115 398 16
114 398 17
115 398 17
114 398 18
115 398 18
114 398 19
115 398 19
114 398 20
115 398 20
114 398 21
115 398 21
114 398 22
115 398 22
114 398 23
115 398 23
114 398 24
115 398 24
114 398 25
115 398 25
114 398 26
115 398 26
114 398 27
115 398 27
114 398 28
115 398 28
114 398 29
115 398 29
114 398 30
115 398 30
114 398 31
115 398 31
114 398 32
115 398 32
114 398 33
115 398 33
114 398 34
115 398 34
114 398 35
115 398 35
114 398 36
115 398 36
114 398 37
115 398 37
114 398 38
115 398 38
114 398 39
115 398 39
114 398 40
115 398 40
114 398 41
115 398 41
114 398 42
115 398 42
114 398 43
115 398 43
114 398 44
115 398 44
114 398 45
115 398 45
114 398 46
115 398 46
114 398 47
115 398 47
114 398 48
115 398 48
114 398 49
115 398 49
114 398 50
115 398 50
114 398 51
115 398 51
114 398 52
115 398 52
114 398 53
115 398 53
114 398 54
115 398 54
114 398 55
115 398 55
114 398 56
115 398 56
114 398 57
115 398 57
114 398 58
115 398 58
114 398 59
115 398 59
114 398 60
115 398 60
114 398 61
115 398 61
114 398 62
115 398 62
114 398 63
115 398 63
114 398 64
115 398 64
114 398 65
115 398 65
114 398 66
115 398 66
114 398 67
115 398 67
114 398 68
115 398 68
114 398 69
115 398 69
114 398 70
115 398 70
114 398 71
115 398 71
114 398 72
115 398 72
114 398 73
115 398 73
114 398 74
115 398 74
114 398 75
115 398 75
114 398 76
115 398 76
114 398 77
115 398 77
114 398 78
115 398 78
114 398 79
115 398 79
114 398 80
115 398 80
114 398 81
115 398 81
114 398 82
115 398 82
114 398 83
115 398 83
114 398 84
115 398 84
114 398 85
115 398 85
114 398 86
115 398 86
114 398 87
115 398 87
114 398 88
115 398 88
114 398 89
115 398 89
114 398 90
115 398 90
114 398 91
115 398 91
114 398 92
115 398 92
114 398 93
115 398 93
114 398 94
115 398 94
114 398 95
115 398 95
114 398 96
115 398 96
114 398 97
115 398 97
114 398 98
115 398 98
114 398 99
115 398 99
114 398 100
115 398 100
114 398 101
115 398 101
114 398 102
115 398 102
114 398 103
115 398 103
114 398 104
115 398 104
114 398 105
115 398 105
114 398 106
115 398 106
114 398 107
115 398 107
114 398 108
115 398 108
114 398 109
115 398 109
114 398 110
115 398 110
114 398 111
115 398 111
114 398 112
115 398 112
114 398 113
115 398 113
114 398 114
115 398 114
114 398 115
115 398 115
114 398 116
115 398 116
114 398 117
115 398 117
114 398 118
115 398 118
114 398 119
115 398 119
114 398 120
115 398 120
114 398 121
115 398 121
114 398 122
115 398 122
