175 388 1
176 388 1
177 388 1
178 388 1
179 388 1
175 388 2
176 388 2
177 388 2
178 388 2
179 388 2
175 388 3
176 388 3
177 388 3
178 388 3
179 388 3
175 388 4
176 388 4
177 388 4
178 388 4
179 388 4
175 388 5
176 388 5
177 388 5
178 388 5
179 388 5
175 388 6
176 388 6
177 388 6
178 388 6
179 388 6
175 388 7
176 388 7
177 388 7
178 388 7
179 388 7
175 388 8
176 388 8
177 388 8
178 388 8
179 388 8
175 388 9
176 388 9
177 388 9
178 388 9
179 388 9
175 388 10
176 388 10
177 388 10
178 388 10
179 388 10
175 388 11
176 388 11
177 388 11
178 388 11
179 388 11
175 388 12
176 388 12
177 388 12
178 388 12
179 388 12
175 388 13
176 388 13
177 388 13
178 388 13
179 388 13
175 388 14
176 388 14
177 388 14
178 388 14
179 388 14
175 388 15
176 388 15
177 388 15
178 388 15
179 388 15
175 388 16
176 388 16
177 388 16
178 388 16
179 388 16
175 388 17
176 388 17
177 388 17
178 388 17
179 388 17
175 388 18
176 388 18
177 388 18
178 388 18
179 388 18
175 388 19
176 388 19
177 388 19
178 388 19
179 388 19
175 388 20
176 388 20
177 388 20
178 388 20
179 388 20
175 388 21
176 388 21
177 388 21
178 388 21
179 388 21
175 388 22
176 388 22
177 388 22
178 388 22
179 388 22
175 388 23
176 388 23
177 388 23
178 388 23
179 388 23
175 388 24
176 388 24
177 388 24
178 388 24
179 388 24
175 388 25
176 388 25
177 388 25
178 388 25
179 388 25
175 388 26
176 388 26
177 388 26
178 388 26
179 388 26
175 388 27
176 388 27
177 388 27
178 388 27
179 388 27
175 388 28
176 388 28
177 388 28
178 388 28
179 388 28
175 388 29
176 388 29
177 388 29
178 388 29
179 388 29
175 388 30
176 388 30
177 388 30
178 388 30
179 388 30
175 388 31
176 388 31
177 388 31
178 388 31
179 388 31
175 388 32
176 388 32
177 388 32
178 388 32
179 388 32
175 388 33
176 388 33
177 388 33
178 388 33
179 388 33
175 388 34
176 388 34
177 388 34
178 388 34
179 388 34
175 388 35
176 388 35
177 388 35
178 388 35
179 388 35
175 388 36
176 388 36
177 388 36
178 388 36
179 388 36
175 388 37
176 388 37
177 388 37
178 388 37
179 388 37
175 388 38
176 388 38
177 388 38
178 388 38
179 388 38
175 388 39
176 388 39
177 388 39
178 388 39
179 388 39
175 388 40
176 388 40
177 388 40
178 388 40
179 388 40
175 388 41
176 388 41
177 388 41
178 388 41
179 388 41
175 388 42
176 388 42
177 388 42
178 388 42
179 388 42
175 388 43
176 388 43
177 388 43
178 388 43
179 388 43
175 388 44
176 388 44
177 388 44
178 388 44
179 388 44
175 388 45
176 388 45
177 388 45
178 388 45
179 388 45
175 388 46
176 388 46
177 388 46
178 388 46
179 388 46
175 388 47
176 388 47
177 388 47
178 388 47
179 388 47
175 388 48
176 388 48
177 388 48
178 388 48
179 388 48
175 388 49
176 388 49
177 388 49
178 388 49
179 388 49
