418 404 1
418 404 2
418 404 3
418 404 4
418 404 5
418 404 6
418 404 7
418 404 8
418 404 9
418 404 10
418 404 11
418 404 12
418 404 13
418 404 14
418 404 15
418 404 16
418 404 17
418 404 18
418 404 19
418 404 20
418 404 21
418 404 22
418 404 23
418 404 24
418 404 25
418 404 26
418 404 27
418 404 28
418 404 29
418 404 30
418 404 31
418 404 32
418 404 33
418 404 34
418 404 35
418 404 36
418 404 37
418 404 38
418 404 39
418 404 40
418 404 41
418 404 42
418 404 43
418 404 44
418 404 45
418 404 46
418 404 47
418 404 48
418 404 49
418 404 50
418 404 51
418 404 52
418 404 53
418 404 54
418 404 55
418 404 56
418 404 57
418 404 58
418 404 59
418 404 60
418 404 61
