418 409 1
418 409 2
418 409 3
418 409 4
418 409 5
418 409 6
418 409 7
418 409 8
418 409 9
418 409 10
418 409 11
418 409 12
418 409 13
418 409 14
418 409 15
418 409 16
418 409 17
418 409 18
418 409 19
418 409 20
418 409 21
418 409 22
418 409 23
418 409 24
418 409 25
418 409 26
418 409 27
418 409 28
418 409 29
418 409 30
418 409 31
418 409 32
418 409 33
418 409 34
418 409 35
418 409 36
418 409 37
418 409 38
418 409 39
418 409 40
418 409 41
418 409 42
418 409 43
418 409 44
418 409 45
418 409 46
418 409 47
418 409 48
418 409 49
418 409 50
418 409 51
418 409 52
418 409 53
418 409 54
418 409 55
418 409 56
418 409 57
418 409 58
418 409 59
418 409 60
418 409 61
