418 389 1
418 389 2
418 389 3
418 389 4
418 389 5
418 389 6
418 389 7
418 389 8
418 389 9
418 389 10
418 389 11
418 389 12
418 389 13
418 389 14
418 389 15
418 389 16
418 389 17
418 389 18
418 389 19
418 389 20
418 389 21
418 389 22
418 389 23
418 389 24
418 389 25
418 389 26
418 389 27
418 389 28
418 389 29
418 389 30
418 389 31
418 389 32
418 389 33
418 389 34
418 389 35
418 389 36
418 389 37
418 389 38
418 389 39
418 389 40
418 389 41
418 389 42
418 389 43
418 389 44
418 389 45
418 389 46
418 389 47
418 389 48
418 389 49
418 389 50
418 389 51
418 389 52
418 389 53
418 389 54
418 389 55
418 389 56
418 389 57
418 389 58
418 389 59
418 389 60
418 389 61
