418 413 1
418 413 2
418 413 3
418 413 4
418 413 5
418 413 6
418 413 7
418 413 8
418 413 9
418 413 10
418 413 11
418 413 12
418 413 13
418 413 14
418 413 15
418 413 16
418 413 17
418 413 18
418 413 19
418 413 20
418 413 21
418 413 22
418 413 23
418 413 24
418 413 25
418 413 26
418 413 27
418 413 28
418 413 29
418 413 30
418 413 31
418 413 32
418 413 33
418 413 34
418 413 35
418 413 36
418 413 37
418 413 38
418 413 39
418 413 40
418 413 41
418 413 42
418 413 43
418 413 44
418 413 45
418 413 46
418 413 47
418 413 48
418 413 49
418 413 50
418 413 51
418 413 52
418 413 53
418 413 54
418 413 55
418 413 56
418 413 57
418 413 58
418 413 59
418 413 60
418 413 61
