418 406 1
418 406 2
418 406 3
418 406 4
418 406 5
418 406 6
418 406 7
418 406 8
418 406 9
418 406 10
418 406 11
418 406 12
418 406 13
418 406 14
418 406 15
418 406 16
418 406 17
418 406 18
418 406 19
418 406 20
418 406 21
418 406 22
418 406 23
418 406 24
418 406 25
418 406 26
418 406 27
418 406 28
418 406 29
418 406 30
418 406 31
418 406 32
418 406 33
418 406 34
418 406 35
418 406 36
418 406 37
418 406 38
418 406 39
418 406 40
418 406 41
418 406 42
418 406 43
418 406 44
418 406 45
418 406 46
418 406 47
418 406 48
418 406 49
418 406 50
418 406 51
418 406 52
418 406 53
418 406 54
418 406 55
418 406 56
418 406 57
418 406 58
418 406 59
418 406 60
418 406 61
