60 407 1
61 407 1
60 407 2
61 407 2
60 407 3
61 407 3
60 407 4
61 407 4
60 407 5
61 407 5
60 407 6
61 407 6
60 407 7
61 407 7
60 407 8
61 407 8
60 407 9
61 407 9
60 407 10
61 407 10
60 407 11
61 407 11
60 407 12
61 407 12
60 407 13
61 407 13
60 407 14
61 407 14
60 407 15
61 407 15
60 407 16
61 407 16
60 407 17
61 407 17
60 407 18
61 407 18
60 407 19
61 407 19
60 407 20
61 407 20
60 407 21
61 407 21
60 407 22
61 407 22
60 407 23
61 407 23
60 407 24
61 407 24
60 407 25
61 407 25
60 407 26
61 407 26
60 407 27
61 407 27
60 407 28
61 407 28
60 407 29
61 407 29
60 407 30
61 407 30
60 407 31
61 407 31
60 407 32
61 407 32
60 407 33
61 407 33
60 407 34
61 407 34
60 407 35
61 407 35
60 407 36
61 407 36
60 407 37
61 407 37
60 407 38
61 407 38
60 407 39
61 407 39
60 407 40
61 407 40
60 407 41
61 407 41
60 407 42
61 407 42
60 407 43
61 407 43
60 407 44
61 407 44
60 407 45
61 407 45
60 407 46
61 407 46
60 407 47
61 407 47
60 407 48
61 407 48
60 407 49
61 407 49
60 407 50
61 407 50
60 407 51
61 407 51
60 407 52
61 407 52
60 407 53
61 407 53
60 407 54
61 407 54
60 407 55
61 407 55
60 407 56
61 407 56
60 407 57
61 407 57
60 407 58
61 407 58
60 407 59
61 407 59
60 407 60
61 407 60
60 407 61
61 407 61
60 407 62
61 407 62
60 407 63
61 407 63
60 407 64
61 407 64
60 407 65
61 407 65
60 407 66
61 407 66
60 407 67
61 407 67
60 407 68
61 407 68
60 407 69
61 407 69
60 407 70
61 407 70
60 407 71
61 407 71
60 407 72
61 407 72
60 407 73
61 407 73
60 407 74
61 407 74
60 407 75
61 407 75
60 407 76
61 407 76
60 407 77
61 407 77
60 407 78
61 407 78
60 407 79
61 407 79
60 407 80
61 407 80
60 407 81
61 407 81
60 407 82
61 407 82
60 407 83
61 407 83
60 407 84
61 407 84
60 407 85
61 407 85
60 407 86
61 407 86
60 407 87
61 407 87
60 407 88
61 407 88
60 407 89
61 407 89
60 407 90
61 407 90
60 407 91
61 407 91
60 407 92
61 407 92
60 407 93
61 407 93
60 407 94
61 407 94
60 407 95
61 407 95
60 407 96
61 407 96
60 407 97
61 407 97
60 407 98
61 407 98
60 407 99
61 407 99
60 407 100
61 407 100
60 407 101
61 407 101
60 407 102
61 407 102
60 407 103
61 407 103
60 407 104
61 407 104
60 407 105
61 407 105
60 407 106
61 407 106
60 407 107
61 407 107
60 407 108
61 407 108
60 407 109
61 407 109
60 407 110
61 407 110
60 407 111
61 407 111
60 407 112
61 407 112
60 407 113
61 407 113
60 407 114
61 407 114
60 407 115
61 407 115
60 407 116
61 407 116
60 407 117
61 407 117
60 407 118
61 407 118
60 407 119
61 407 119
60 407 120
61 407 120
60 407 121
61 407 121
60 407 122
61 407 122
