418 394 1
418 394 2
418 394 3
418 394 4
418 394 5
418 394 6
418 394 7
418 394 8
418 394 9
418 394 10
418 394 11
418 394 12
418 394 13
418 394 14
418 394 15
418 394 16
418 394 17
418 394 18
418 394 19
418 394 20
418 394 21
418 394 22
418 394 23
418 394 24
418 394 25
418 394 26
418 394 27
418 394 28
418 394 29
418 394 30
418 394 31
418 394 32
418 394 33
418 394 34
418 394 35
418 394 36
418 394 37
418 394 38
418 394 39
418 394 40
418 394 41
418 394 42
418 394 43
418 394 44
418 394 45
418 394 46
418 394 47
418 394 48
418 394 49
418 394 50
418 394 51
418 394 52
418 394 53
418 394 54
418 394 55
418 394 56
418 394 57
418 394 58
418 394 59
418 394 60
418 394 61
