67 406 1
68 406 1
69 406 1
70 406 1
71 406 1
67 406 2
68 406 2
69 406 2
70 406 2
71 406 2
67 406 3
68 406 3
69 406 3
70 406 3
71 406 3
67 406 4
68 406 4
69 406 4
70 406 4
71 406 4
67 406 5
68 406 5
69 406 5
70 406 5
71 406 5
67 406 6
68 406 6
69 406 6
70 406 6
71 406 6
67 406 7
68 406 7
69 406 7
70 406 7
71 406 7
67 406 8
68 406 8
69 406 8
70 406 8
71 406 8
67 406 9
68 406 9
69 406 9
70 406 9
71 406 9
67 406 10
68 406 10
69 406 10
70 406 10
71 406 10
67 406 11
68 406 11
69 406 11
70 406 11
71 406 11
67 406 12
68 406 12
69 406 12
70 406 12
71 406 12
67 406 13
68 406 13
69 406 13
70 406 13
71 406 13
67 406 14
68 406 14
69 406 14
70 406 14
71 406 14
67 406 15
68 406 15
69 406 15
70 406 15
71 406 15
67 406 16
68 406 16
69 406 16
70 406 16
71 406 16
67 406 17
68 406 17
69 406 17
70 406 17
71 406 17
67 406 18
68 406 18
69 406 18
70 406 18
71 406 18
67 406 19
68 406 19
69 406 19
70 406 19
71 406 19
67 406 20
68 406 20
69 406 20
70 406 20
71 406 20
67 406 21
68 406 21
69 406 21
70 406 21
71 406 21
67 406 22
68 406 22
69 406 22
70 406 22
71 406 22
67 406 23
68 406 23
69 406 23
70 406 23
71 406 23
67 406 24
68 406 24
69 406 24
70 406 24
71 406 24
67 406 25
68 406 25
69 406 25
70 406 25
71 406 25
67 406 26
68 406 26
69 406 26
70 406 26
71 406 26
67 406 27
68 406 27
69 406 27
70 406 27
71 406 27
67 406 28
68 406 28
69 406 28
70 406 28
71 406 28
67 406 29
68 406 29
69 406 29
70 406 29
71 406 29
67 406 30
68 406 30
69 406 30
70 406 30
71 406 30
67 406 31
68 406 31
69 406 31
70 406 31
71 406 31
67 406 32
68 406 32
69 406 32
70 406 32
71 406 32
67 406 33
68 406 33
69 406 33
70 406 33
71 406 33
67 406 34
68 406 34
69 406 34
70 406 34
71 406 34
67 406 35
68 406 35
69 406 35
70 406 35
71 406 35
67 406 36
68 406 36
69 406 36
70 406 36
71 406 36
67 406 37
68 406 37
69 406 37
70 406 37
71 406 37
67 406 38
68 406 38
69 406 38
70 406 38
71 406 38
67 406 39
68 406 39
69 406 39
70 406 39
71 406 39
67 406 40
68 406 40
69 406 40
70 406 40
71 406 40
67 406 41
68 406 41
69 406 41
70 406 41
71 406 41
67 406 42
68 406 42
69 406 42
70 406 42
71 406 42
67 406 43
68 406 43
69 406 43
70 406 43
71 406 43
67 406 44
68 406 44
69 406 44
70 406 44
71 406 44
67 406 45
68 406 45
69 406 45
70 406 45
71 406 45
67 406 46
68 406 46
69 406 46
70 406 46
71 406 46
67 406 47
68 406 47
69 406 47
70 406 47
71 406 47
67 406 48
68 406 48
69 406 48
70 406 48
71 406 48
67 406 49
68 406 49
69 406 49
70 406 49
71 406 49
