157 391 1
158 391 1
159 391 1
160 391 1
161 391 1
157 391 2
158 391 2
159 391 2
160 391 2
161 391 2
157 391 3
158 391 3
159 391 3
160 391 3
161 391 3
157 391 4
158 391 4
159 391 4
160 391 4
161 391 4
157 391 5
158 391 5
159 391 5
160 391 5
161 391 5
157 391 6
158 391 6
159 391 6
160 391 6
161 391 6
157 391 7
158 391 7
159 391 7
160 391 7
161 391 7
157 391 8
158 391 8
159 391 8
160 391 8
161 391 8
157 391 9
158 391 9
159 391 9
160 391 9
161 391 9
157 391 10
158 391 10
159 391 10
160 391 10
161 391 10
157 391 11
158 391 11
159 391 11
160 391 11
161 391 11
157 391 12
158 391 12
159 391 12
160 391 12
161 391 12
157 391 13
158 391 13
159 391 13
160 391 13
161 391 13
157 391 14
158 391 14
159 391 14
160 391 14
161 391 14
157 391 15
158 391 15
159 391 15
160 391 15
161 391 15
157 391 16
158 391 16
159 391 16
160 391 16
161 391 16
157 391 17
158 391 17
159 391 17
160 391 17
161 391 17
157 391 18
158 391 18
159 391 18
160 391 18
161 391 18
157 391 19
158 391 19
159 391 19
160 391 19
161 391 19
157 391 20
158 391 20
159 391 20
160 391 20
161 391 20
157 391 21
158 391 21
159 391 21
160 391 21
161 391 21
157 391 22
158 391 22
159 391 22
160 391 22
161 391 22
157 391 23
158 391 23
159 391 23
160 391 23
161 391 23
157 391 24
158 391 24
159 391 24
160 391 24
161 391 24
157 391 25
158 391 25
159 391 25
160 391 25
161 391 25
157 391 26
158 391 26
159 391 26
160 391 26
161 391 26
157 391 27
158 391 27
159 391 27
160 391 27
161 391 27
157 391 28
158 391 28
159 391 28
160 391 28
161 391 28
157 391 29
158 391 29
159 391 29
160 391 29
161 391 29
157 391 30
158 391 30
159 391 30
160 391 30
161 391 30
157 391 31
158 391 31
159 391 31
160 391 31
161 391 31
157 391 32
158 391 32
159 391 32
160 391 32
161 391 32
157 391 33
158 391 33
159 391 33
160 391 33
161 391 33
157 391 34
158 391 34
159 391 34
160 391 34
161 391 34
157 391 35
158 391 35
159 391 35
160 391 35
161 391 35
157 391 36
158 391 36
159 391 36
160 391 36
161 391 36
157 391 37
158 391 37
159 391 37
160 391 37
161 391 37
157 391 38
158 391 38
159 391 38
160 391 38
161 391 38
157 391 39
158 391 39
159 391 39
160 391 39
161 391 39
157 391 40
158 391 40
159 391 40
160 391 40
161 391 40
157 391 41
158 391 41
159 391 41
160 391 41
161 391 41
157 391 42
158 391 42
159 391 42
160 391 42
161 391 42
157 391 43
158 391 43
159 391 43
160 391 43
161 391 43
157 391 44
158 391 44
159 391 44
160 391 44
161 391 44
157 391 45
158 391 45
159 391 45
160 391 45
161 391 45
157 391 46
158 391 46
159 391 46
160 391 46
161 391 46
157 391 47
158 391 47
159 391 47
160 391 47
161 391 47
157 391 48
158 391 48
159 391 48
160 391 48
161 391 48
157 391 49
158 391 49
159 391 49
160 391 49
161 391 49
