418 398 1
418 398 2
418 398 3
418 398 4
418 398 5
418 398 6
418 398 7
418 398 8
418 398 9
418 398 10
418 398 11
418 398 12
418 398 13
418 398 14
418 398 15
418 398 16
418 398 17
418 398 18
418 398 19
418 398 20
418 398 21
418 398 22
418 398 23
418 398 24
418 398 25
418 398 26
418 398 27
418 398 28
418 398 29
418 398 30
418 398 31
418 398 32
418 398 33
418 398 34
418 398 35
418 398 36
418 398 37
418 398 38
418 398 39
418 398 40
418 398 41
418 398 42
418 398 43
418 398 44
418 398 45
418 398 46
418 398 47
418 398 48
418 398 49
418 398 50
418 398 51
418 398 52
418 398 53
418 398 54
418 398 55
418 398 56
418 398 57
418 398 58
418 398 59
418 398 60
418 398 61
