186 386 1
187 386 1
186 386 2
187 386 2
186 386 3
187 386 3
186 386 4
187 386 4
186 386 5
187 386 5
186 386 6
187 386 6
186 386 7
187 386 7
186 386 8
187 386 8
186 386 9
187 386 9
186 386 10
187 386 10
186 386 11
187 386 11
186 386 12
187 386 12
186 386 13
187 386 13
186 386 14
187 386 14
186 386 15
187 386 15
186 386 16
187 386 16
186 386 17
187 386 17
186 386 18
187 386 18
186 386 19
187 386 19
186 386 20
187 386 20
186 386 21
187 386 21
186 386 22
187 386 22
186 386 23
187 386 23
186 386 24
187 386 24
186 386 25
187 386 25
186 386 26
187 386 26
186 386 27
187 386 27
186 386 28
187 386 28
186 386 29
187 386 29
186 386 30
187 386 30
186 386 31
187 386 31
186 386 32
187 386 32
186 386 33
187 386 33
186 386 34
187 386 34
186 386 35
187 386 35
186 386 36
187 386 36
186 386 37
187 386 37
186 386 38
187 386 38
186 386 39
187 386 39
186 386 40
187 386 40
186 386 41
187 386 41
186 386 42
187 386 42
186 386 43
187 386 43
186 386 44
187 386 44
186 386 45
187 386 45
186 386 46
187 386 46
186 386 47
187 386 47
186 386 48
187 386 48
186 386 49
187 386 49
186 386 50
187 386 50
186 386 51
187 386 51
186 386 52
187 386 52
186 386 53
187 386 53
186 386 54
187 386 54
186 386 55
187 386 55
186 386 56
187 386 56
186 386 57
187 386 57
186 386 58
187 386 58
186 386 59
187 386 59
186 386 60
187 386 60
186 386 61
187 386 61
186 386 62
187 386 62
186 386 63
187 386 63
186 386 64
187 386 64
186 386 65
187 386 65
186 386 66
187 386 66
186 386 67
187 386 67
186 386 68
187 386 68
186 386 69
187 386 69
186 386 70
187 386 70
186 386 71
187 386 71
186 386 72
187 386 72
186 386 73
187 386 73
186 386 74
187 386 74
186 386 75
187 386 75
186 386 76
187 386 76
186 386 77
187 386 77
186 386 78
187 386 78
186 386 79
187 386 79
186 386 80
187 386 80
186 386 81
187 386 81
186 386 82
187 386 82
186 386 83
187 386 83
186 386 84
187 386 84
186 386 85
187 386 85
186 386 86
187 386 86
186 386 87
187 386 87
186 386 88
187 386 88
186 386 89
187 386 89
186 386 90
187 386 90
186 386 91
187 386 91
186 386 92
187 386 92
186 386 93
187 386 93
186 386 94
187 386 94
186 386 95
187 386 95
186 386 96
187 386 96
186 386 97
187 386 97
186 386 98
187 386 98
186 386 99
187 386 99
186 386 100
187 386 100
186 386 101
187 386 101
186 386 102
187 386 102
186 386 103
187 386 103
186 386 104
187 386 104
186 386 105
187 386 105
186 386 106
187 386 106
186 386 107
187 386 107
186 386 108
187 386 108
186 386 109
187 386 109
186 386 110
187 386 110
186 386 111
187 386 111
186 386 112
187 386 112
186 386 113
187 386 113
186 386 114
187 386 114
186 386 115
187 386 115
186 386 116
187 386 116
186 386 117
187 386 117
186 386 118
187 386 118
186 386 119
187 386 119
186 386 120
187 386 120
186 386 121
187 386 121
186 386 122
187 386 122
