418 401 1
418 401 2
418 401 3
418 401 4
418 401 5
418 401 6
418 401 7
418 401 8
418 401 9
418 401 10
418 401 11
418 401 12
418 401 13
418 401 14
418 401 15
418 401 16
418 401 17
418 401 18
418 401 19
418 401 20
418 401 21
418 401 22
418 401 23
418 401 24
418 401 25
418 401 26
418 401 27
418 401 28
418 401 29
418 401 30
418 401 31
418 401 32
418 401 33
418 401 34
418 401 35
418 401 36
418 401 37
418 401 38
418 401 39
418 401 40
418 401 41
418 401 42
418 401 43
418 401 44
418 401 45
418 401 46
418 401 47
418 401 48
418 401 49
418 401 50
418 401 51
418 401 52
418 401 53
418 401 54
418 401 55
418 401 56
418 401 57
418 401 58
418 401 59
418 401 60
418 401 61
