204 383 1
205 383 1
204 383 2
205 383 2
204 383 3
205 383 3
204 383 4
205 383 4
204 383 5
205 383 5
204 383 6
205 383 6
204 383 7
205 383 7
204 383 8
205 383 8
204 383 9
205 383 9
204 383 10
205 383 10
204 383 11
205 383 11
204 383 12
205 383 12
204 383 13
205 383 13
204 383 14
205 383 14
204 383 15
205 383 15
204 383 16
205 383 16
204 383 17
205 383 17
204 383 18
205 383 18
204 383 19
205 383 19
204 383 20
205 383 20
204 383 21
205 383 21
204 383 22
205 383 22
204 383 23
205 383 23
204 383 24
205 383 24
204 383 25
205 383 25
204 383 26
205 383 26
204 383 27
205 383 27
204 383 28
205 383 28
204 383 29
205 383 29
204 383 30
205 383 30
204 383 31
205 383 31
204 383 32
205 383 32
204 383 33
205 383 33
204 383 34
205 383 34
204 383 35
205 383 35
204 383 36
205 383 36
204 383 37
205 383 37
204 383 38
205 383 38
204 383 39
205 383 39
204 383 40
205 383 40
204 383 41
205 383 41
204 383 42
205 383 42
204 383 43
205 383 43
204 383 44
205 383 44
204 383 45
205 383 45
204 383 46
205 383 46
204 383 47
205 383 47
204 383 48
205 383 48
204 383 49
205 383 49
204 383 50
205 383 50
204 383 51
205 383 51
204 383 52
205 383 52
204 383 53
205 383 53
204 383 54
205 383 54
204 383 55
205 383 55
204 383 56
205 383 56
204 383 57
205 383 57
204 383 58
205 383 58
204 383 59
205 383 59
204 383 60
205 383 60
204 383 61
205 383 61
204 383 62
205 383 62
204 383 63
205 383 63
204 383 64
205 383 64
204 383 65
205 383 65
204 383 66
205 383 66
204 383 67
205 383 67
204 383 68
205 383 68
204 383 69
205 383 69
204 383 70
205 383 70
204 383 71
205 383 71
204 383 72
205 383 72
204 383 73
205 383 73
204 383 74
205 383 74
204 383 75
205 383 75
204 383 76
205 383 76
204 383 77
205 383 77
204 383 78
205 383 78
204 383 79
205 383 79
204 383 80
205 383 80
204 383 81
205 383 81
204 383 82
205 383 82
204 383 83
205 383 83
204 383 84
205 383 84
204 383 85
205 383 85
204 383 86
205 383 86
204 383 87
205 383 87
204 383 88
205 383 88
204 383 89
205 383 89
204 383 90
205 383 90
204 383 91
205 383 91
204 383 92
205 383 92
204 383 93
205 383 93
204 383 94
205 383 94
204 383 95
205 383 95
204 383 96
205 383 96
204 383 97
205 383 97
204 383 98
205 383 98
204 383 99
205 383 99
204 383 100
205 383 100
204 383 101
205 383 101
204 383 102
205 383 102
204 383 103
205 383 103
204 383 104
205 383 104
204 383 105
205 383 105
204 383 106
205 383 106
204 383 107
205 383 107
204 383 108
205 383 108
204 383 109
205 383 109
204 383 110
205 383 110
204 383 111
205 383 111
204 383 112
205 383 112
204 383 113
205 383 113
204 383 114
205 383 114
204 383 115
205 383 115
204 383 116
205 383 116
204 383 117
205 383 117
204 383 118
205 383 118
204 383 119
205 383 119
204 383 120
205 383 120
204 383 121
205 383 121
204 383 122
205 383 122
