99 102 1
100 102 1
101 102 1
99 103 2
100 103 2
101 103 2
99 104 3
100 104 3
101 104 3
99 105 4
100 105 4
101 105 4
99 106 5
100 106 5
101 106 5
99 107 6
100 107 6
101 107 6
99 108 7
100 108 7
101 108 7
99 109 8
100 109 8
101 109 8
99 110 9
100 110 9
101 110 9
99 111 10
100 111 10
101 111 10
99 112 11
100 112 11
101 112 11
99 113 12
100 113 12
101 113 12
99 102 13
100 102 13
101 102 13
99 103 14
100 103 14
101 103 14
99 104 15
100 104 15
101 104 15
99 105 16
100 105 16
101 105 16
99 106 17
100 106 17
101 106 17
99 107 18
100 107 18
101 107 18
99 108 19
100 108 19
101 108 19
99 109 20
100 109 20
101 109 20
99 110 21
100 110 21
101 110 21
99 111 22
100 111 22
101 111 22
99 112 23
100 112 23
101 112 23
99 113 24
100 113 24
101 113 24
99 102 25
100 102 25
101 102 25
99 103 26
100 103 26
101 103 26
99 104 27
100 104 27
101 104 27
99 105 28
100 105 28
101 105 28
99 106 29
100 106 29
101 106 29
99 107 30
100 107 30
101 107 30
99 108 31
100 108 31
101 108 31
99 109 32
100 109 32
101 109 32
99 110 33
100 110 33
101 110 33
99 111 34
100 111 34
101 111 34
99 112 35
100 112 35
101 112 35
99 113 36
100 113 36
101 113 36
