15 16 1
15 16 2
15 16 3
15 16 4
15 16 5
15 16 6
15 16 7
15 16 8
15 16 9
15 16 10
15 16 11
15 16 12
15 16 13
15 16 14
15 16 15
15 16 16
15 16 17
15 16 18
15 16 19
15 16 20
15 16 21
15 16 22
15 16 23
15 16 24
15 16 25
15 16 26
15 16 27
15 16 28
15 16 29
15 16 30
15 16 31
15 16 32
15 16 33
15 16 34
15 16 35
15 16 36
15 16 37
15 16 38
15 16 39
15 16 40
15 16 41
15 16 42
15 16 43
15 16 44
15 16 45
15 16 46
15 16 47
15 16 48
15 16 49
15 16 50
15 16 51
15 16 52
15 16 53
15 16 54
15 16 55
15 16 56
15 16 57
15 16 58
15 16 59
15 16 60
15 16 61
15 16 62
15 16 63
15 16 64
15 16 65
15 16 66
15 16 67
15 16 68
15 16 69
15 16 70
15 16 71
15 16 72
15 16 73
15 16 74
15 16 75
15 16 76
15 16 77
15 16 78
15 16 79
15 16 80
15 16 81
15 16 82
15 16 83
15 16 84
15 16 85
15 16 86
15 16 87
15 16 88
15 16 89
15 16 90
15 16 91
15 16 92
15 16 93
15 16 94
15 16 95
15 16 96
15 16 97
15 16 98
