19 20 1
19 20 2
19 20 3
19 20 4
19 20 5
19 20 6
19 20 7
19 20 8
19 20 9
19 20 10
19 20 11
19 20 12
19 20 13
19 20 14
19 20 15
19 20 16
19 20 17
19 20 18
19 20 19
19 20 20
19 20 21
19 20 22
19 20 23
19 20 24
19 20 25
19 20 26
19 20 27
19 20 28
19 20 29
19 20 30
19 20 31
19 20 32
19 20 33
19 20 34
19 20 35
19 20 36
19 20 37
19 20 38
19 20 39
19 20 40
19 20 41
19 20 42
19 20 43
19 20 44
19 20 45
19 20 46
19 20 47
19 20 48
19 20 49
19 20 50
19 20 51
19 20 52
19 20 53
19 20 54
19 20 55
19 20 56
19 20 57
19 20 58
19 20 59
19 20 60
19 20 61
19 20 62
19 20 63
19 20 64
19 20 65
19 20 66
19 20 67
19 20 68
19 20 69
19 20 70
19 20 71
19 20 72
19 20 73
19 20 74
19 20 75
19 20 76
19 20 77
19 20 78
19 20 79
19 20 80
19 20 81
19 20 82
19 20 83
19 20 84
19 20 85
19 20 86
19 20 87
19 20 88
19 20 89
19 20 90
19 20 91
19 20 92
19 20 93
19 20 94
19 20 95
19 20 96
19 20 97
19 20 98
