34 35 1
34 35 2
34 35 3
34 35 4
34 35 5
34 35 6
34 35 7
34 35 8
34 35 9
34 35 10
34 35 11
34 35 12
34 35 13
34 35 14
34 35 15
34 35 16
34 35 17
34 35 18
34 35 19
34 35 20
34 35 21
34 35 22
34 35 23
34 35 24
34 35 25
34 35 26
34 35 27
34 35 28
34 35 29
34 35 30
34 35 31
34 35 32
34 35 33
34 35 34
34 35 35
34 35 36
34 35 37
34 35 38
34 35 39
34 35 40
34 35 41
34 35 42
34 35 43
34 35 44
34 35 45
34 35 46
34 35 47
34 35 48
34 35 49
34 35 50
34 35 51
34 35 52
34 35 53
34 35 54
34 35 55
34 35 56
34 35 57
34 35 58
34 35 59
34 35 60
34 35 61
34 35 62
34 35 63
34 35 64
34 35 65
34 35 66
34 35 67
34 35 68
34 35 69
34 35 70
34 35 71
34 35 72
34 35 73
34 35 74
34 35 75
34 35 76
34 35 77
34 35 78
34 35 79
34 35 80
34 35 81
34 35 82
34 35 83
34 35 84
34 35 85
34 35 86
34 35 87
34 35 88
34 35 89
34 35 90
34 35 91
34 35 92
34 35 93
34 35 94
34 35 95
34 35 96
34 35 97
34 35 98
