10 11 1
10 11 2
10 11 3
10 11 4
10 11 5
10 11 6
10 11 7
10 11 8
10 11 9
10 11 10
10 11 11
10 11 12
10 11 13
10 11 14
10 11 15
10 11 16
10 11 17
10 11 18
10 11 19
10 11 20
10 11 21
10 11 22
10 11 23
10 11 24
10 11 25
10 11 26
10 11 27
10 11 28
10 11 29
10 11 30
10 11 31
10 11 32
10 11 33
10 11 34
10 11 35
10 11 36
10 11 37
10 11 38
10 11 39
10 11 40
10 11 41
10 11 42
10 11 43
10 11 44
10 11 45
10 11 46
10 11 47
10 11 48
10 11 49
10 11 50
10 11 51
10 11 52
10 11 53
10 11 54
10 11 55
10 11 56
10 11 57
10 11 58
10 11 59
10 11 60
10 11 61
10 11 62
10 11 63
10 11 64
10 11 65
10 11 66
10 11 67
10 11 68
10 11 69
10 11 70
10 11 71
10 11 72
10 11 73
10 11 74
10 11 75
10 11 76
10 11 77
10 11 78
10 11 79
10 11 80
10 11 81
10 11 82
10 11 83
10 11 84
10 11 85
10 11 86
10 11 87
10 11 88
10 11 89
10 11 90
10 11 91
10 11 92
10 11 93
10 11 94
10 11 95
10 11 96
10 11 97
10 11 98
