55 57 1
56 57 1
55 58 2
56 58 2
55 57 3
56 57 3
55 58 4
56 58 4
55 57 5
56 57 5
55 58 6
56 58 6
55 57 7
56 57 7
55 58 8
56 58 8
55 57 9
56 57 9
55 58 10
56 58 10
55 57 11
56 57 11
55 58 12
56 58 12
55 57 13
56 57 13
55 58 14
56 58 14
55 57 15
56 57 15
55 58 16
56 58 16
55 57 17
56 57 17
55 58 18
56 58 18
55 57 19
56 57 19
55 58 20
56 58 20
55 57 21
56 57 21
55 58 22
56 58 22
55 57 23
56 57 23
55 58 24
56 58 24
55 57 25
56 57 25
55 58 26
56 58 26
55 57 27
56 57 27
55 58 28
56 58 28
55 57 29
56 57 29
55 58 30
56 58 30
55 57 31
56 57 31
55 58 32
56 58 32
55 57 33
56 57 33
55 58 34
56 58 34
55 57 35
56 57 35
55 58 36
56 58 36
55 57 37
56 57 37
55 58 38
56 58 38
55 57 39
56 57 39
55 58 40
56 58 40
55 57 41
56 57 41
55 58 42
56 58 42
55 57 43
56 57 43
55 58 44
56 58 44
55 57 45
56 57 45
55 58 46
56 58 46
55 57 47
56 57 47
55 58 48
56 58 48
