30 32 1
31 32 1
30 33 2
31 33 2
30 32 3
31 32 3
30 33 4
31 33 4
30 32 5
31 32 5
30 33 6
31 33 6
30 32 7
31 32 7
30 33 8
31 33 8
30 32 9
31 32 9
30 33 10
31 33 10
30 32 11
31 32 11
30 33 12
31 33 12
30 32 13
31 32 13
30 33 14
31 33 14
30 32 15
31 32 15
30 33 16
31 33 16
30 32 17
31 32 17
30 33 18
31 33 18
30 32 19
31 32 19
30 33 20
31 33 20
30 32 21
31 32 21
30 33 22
31 33 22
30 32 23
31 32 23
30 33 24
31 33 24
30 32 25
31 32 25
30 33 26
31 33 26
30 32 27
31 32 27
30 33 28
31 33 28
30 32 29
31 32 29
30 33 30
31 33 30
30 32 31
31 32 31
30 33 32
31 33 32
30 32 33
31 32 33
30 33 34
31 33 34
30 32 35
31 32 35
30 33 36
31 33 36
30 32 37
31 32 37
30 33 38
31 33 38
30 32 39
31 32 39
30 33 40
31 33 40
30 32 41
31 32 41
30 33 42
31 33 42
30 32 43
31 32 43
30 33 44
31 33 44
30 32 45
31 32 45
30 33 46
31 33 46
30 32 47
31 32 47
30 33 48
31 33 48
