45 47 1
46 47 1
45 48 2
46 48 2
45 47 3
46 47 3
45 48 4
46 48 4
45 47 5
46 47 5
45 48 6
46 48 6
45 47 7
46 47 7
45 48 8
46 48 8
45 47 9
46 47 9
45 48 10
46 48 10
45 47 11
46 47 11
45 48 12
46 48 12
45 47 13
46 47 13
45 48 14
46 48 14
45 47 15
46 47 15
45 48 16
46 48 16
45 47 17
46 47 17
45 48 18
46 48 18
45 47 19
46 47 19
45 48 20
46 48 20
45 47 21
46 47 21
45 48 22
46 48 22
45 47 23
46 47 23
45 48 24
46 48 24
45 47 25
46 47 25
45 48 26
46 48 26
45 47 27
46 47 27
45 48 28
46 48 28
45 47 29
46 47 29
45 48 30
46 48 30
45 47 31
46 47 31
45 48 32
46 48 32
45 47 33
46 47 33
45 48 34
46 48 34
45 47 35
46 47 35
45 48 36
46 48 36
45 47 37
46 47 37
45 48 38
46 48 38
45 47 39
46 47 39
45 48 40
46 48 40
45 47 41
46 47 41
45 48 42
46 48 42
45 47 43
46 47 43
45 48 44
46 48 44
45 47 45
46 47 45
45 48 46
46 48 46
45 47 47
46 47 47
45 48 48
46 48 48
