25 27 1
26 27 1
25 28 2
26 28 2
25 27 3
26 27 3
25 28 4
26 28 4
25 27 5
26 27 5
25 28 6
26 28 6
25 27 7
26 27 7
25 28 8
26 28 8
25 27 9
26 27 9
25 28 10
26 28 10
25 27 11
26 27 11
25 28 12
26 28 12
25 27 13
26 27 13
25 28 14
26 28 14
25 27 15
26 27 15
25 28 16
26 28 16
25 27 17
26 27 17
25 28 18
26 28 18
25 27 19
26 27 19
25 28 20
26 28 20
25 27 21
26 27 21
25 28 22
26 28 22
25 27 23
26 27 23
25 28 24
26 28 24
25 27 25
26 27 25
25 28 26
26 28 26
25 27 27
26 27 27
25 28 28
26 28 28
25 27 29
26 27 29
25 28 30
26 28 30
25 27 31
26 27 31
25 28 32
26 28 32
25 27 33
26 27 33
25 28 34
26 28 34
25 27 35
26 27 35
25 28 36
26 28 36
25 27 37
26 27 37
25 28 38
26 28 38
25 27 39
26 27 39
25 28 40
26 28 40
25 27 41
26 27 41
25 28 42
26 28 42
25 27 43
26 27 43
25 28 44
26 28 44
25 27 45
26 27 45
25 28 46
26 28 46
25 27 47
26 27 47
25 28 48
26 28 48
