40 4 1
40 4 2
40 4 3
40 4 4
40 4 5
40 4 6
40 4 7
40 4 8
40 4 9
40 4 10
40 4 11
40 4 12
40 4 13
40 4 14
40 4 15
40 4 16
40 4 17
40 4 18
40 4 19
40 4 20
40 4 21
40 4 22
40 4 23
40 4 24
40 4 25
40 4 26
40 4 27
40 4 28
40 4 29
40 4 30
40 4 31
40 4 32
40 4 33
40 4 34
40 4 35
40 4 36
40 4 37
40 4 38
40 4 39
40 4 40
40 4 41
40 4 42
40 4 43
40 4 44
40 4 45
40 4 46
40 4 47
40 4 48
40 4 49
40 4 50
40 4 51
40 4 52
40 4 53
40 4 54
40 4 55
40 4 56
40 4 57
40 4 58
40 4 59
40 4 60
40 4 61
40 4 62
40 4 63
40 4 64
40 4 65
40 4 66
40 4 67
40 4 68
40 4 69
40 4 70
40 4 71
40 4 72
40 4 73
40 4 74
40 4 75
40 4 76
40 4 77
40 4 78
40 4 79
40 4 80
40 4 81
40 4 82
40 4 83
40 4 84
40 4 85
40 4 86
40 4 87
40 4 88
40 4 89
40 4 90
40 4 91
40 4 92
40 4 93
40 4 94
40 4 95
40 4 96
40 4 97
40 4 98
40 4 99
40 4 100
40 4 101
40 4 102
40 4 103
40 4 104
40 4 105
40 4 106
40 4 107
40 4 108
40 4 109
40 4 110
40 4 111
40 4 112
40 4 113
40 4 114
40 4 115
40 4 116
40 4 117
40 4 118
40 4 119
40 4 120
40 4 121
40 4 122
40 4 123
40 4 124
40 4 125
40 4 126
40 4 127
40 4 128
40 4 129
40 4 130
40 4 131
40 4 132
40 4 133
40 4 134
40 4 135
40 4 136
40 4 137
40 4 138
40 4 139
40 4 140
40 4 141
40 4 142
40 4 143
40 4 144
40 4 145
40 4 146
40 4 147
40 4 148
40 4 149
40 4 150
40 4 151
40 4 152
40 4 153
40 4 154
40 4 155
40 4 156
40 4 157
40 4 158
40 4 159
40 4 160
40 4 161
40 4 162
40 4 163
40 4 164
40 4 165
40 4 166
40 4 167
40 4 168
40 4 169
40 4 170
40 4 171
40 4 172
40 4 173
40 4 174
40 4 175
40 4 176
40 4 177
40 4 178
40 4 179
40 4 180
40 4 181
40 4 182
40 4 183
40 4 184
40 4 185
40 4 186
40 4 187
40 4 188
40 4 189
40 4 190
40 4 191
40 4 192
40 4 193
40 4 194
40 4 195
40 4 196
40 4 197
40 4 198
40 4 199
40 4 200
40 4 201
40 4 202
40 4 203
40 4 204
40 4 205
40 4 206
40 4 207
40 4 208
40 4 209
40 4 210
40 4 211
40 4 212
40 4 213
40 4 214
40 4 215
40 4 216
40 4 217
40 4 218
40 4 219
40 4 220
40 4 221
40 4 222
40 4 223
40 4 224
40 4 225
40 4 226
40 4 227
40 4 228
40 4 229
40 4 230
40 4 231
40 4 232
40 4 233
40 4 234
40 4 235
40 4 236
40 4 237
40 4 238
40 4 239
40 4 240
40 4 241
40 4 242
40 4 243
40 4 244
40 4 245
40 4 246
40 4 247
40 4 248
40 4 249
40 4 250
40 4 251
40 4 252
40 4 253
40 4 254
40 4 255
40 4 256
40 4 257
40 4 258
40 4 259
40 4 260
40 4 261
40 4 262
40 4 263
40 4 264
40 4 265
40 4 266
40 4 267
40 4 268
40 4 269
40 4 270
40 4 271
40 4 272
40 4 273
40 4 274
40 4 275
40 4 276
40 4 277
40 4 278
40 4 279
40 4 280
40 4 281
40 4 282
40 4 283
40 4 284
40 4 285
40 4 286
40 4 287
40 4 288
40 4 289
40 4 290
40 4 291
40 4 292
40 4 293
40 4 294
40 4 295
40 4 296
40 4 297
40 4 298
40 4 299
40 4 300
40 4 301
40 4 302
40 4 303
40 4 304
40 4 305
40 4 306
40 4 307
40 4 308
40 4 309
40 4 310
40 4 311
40 4 312
40 4 313
40 4 314
40 4 315
40 4 316
40 4 317
40 4 318
40 4 319
40 4 320
40 4 321
40 4 322
40 4 323
40 4 324
40 4 325
40 4 326
40 4 327
40 4 328
40 4 329
40 4 330
40 4 331
40 4 332
40 4 333
40 4 334
40 4 335
40 4 336
40 4 337
40 4 338
40 4 339
40 4 340
40 4 341
40 4 342
40 4 343
40 4 344
40 4 345
40 4 346
40 4 347
40 4 348
40 4 349
40 4 350
40 4 351
40 4 352
40 4 353
40 4 354
40 4 355
40 4 356
40 4 357
40 4 358
40 4 359
40 4 360
40 4 361
40 4 362
40 4 363
40 4 364
40 4 365
40 4 366
40 4 367
40 4 368
40 4 369
40 4 370
40 4 371
40 4 372
40 4 373
40 4 374
40 4 375
40 4 376
40 4 377
40 4 378
40 4 379
40 4 380
40 4 381
40 4 382
40 4 383
40 4 384
40 4 385
40 4 386
40 4 387
40 4 388
40 4 389
40 4 390
40 4 391
40 4 392
40 4 393
40 4 394
40 4 395
40 4 396
40 4 397
40 4 398
40 4 399
40 4 400
40 4 401
40 4 402
40 4 403
40 4 404
40 4 405
40 4 406
40 4 407
40 4 408
40 4 409
40 4 410
40 4 411
40 4 412
40 4 413
40 4 414
40 4 415
40 4 416
40 4 417
40 4 418
40 4 419
40 4 420
40 4 421
40 4 422
40 4 423
40 4 424
40 4 425
40 4 426
40 4 427
40 4 428
40 4 429
40 4 430
40 4 431
40 4 432
40 4 433
40 4 434
40 4 435
40 4 436
40 4 437
40 4 438
40 4 439
40 4 440
40 4 441
40 4 442
40 4 443
40 4 444
40 4 445
40 4 446
40 4 447
40 4 448
40 4 449
40 4 450
40 4 451
40 4 452
40 4 453
40 4 454
40 4 455
40 4 456
40 4 457
40 4 458
40 4 459
40 4 460
40 4 461
40 4 462
40 4 463
40 4 464
40 4 465
40 4 466
40 4 467
40 4 468
40 4 469
40 4 470
40 4 471
40 4 472
40 4 473
40 4 474
40 4 475
40 4 476
40 4 477
40 4 478
40 4 479
40 4 480
40 4 481
40 4 482
40 4 483
40 4 484
40 4 485
40 4 486
40 4 487
40 4 488
40 4 489
40 4 490
40 4 491
40 4 492
40 4 493
40 4 494
40 4 495
40 4 496
40 4 497
40 4 498
40 4 499
40 4 500
40 4 501
40 4 502
40 4 503
40 4 504
40 4 505
40 4 506
40 4 507
40 4 508
40 4 509
40 4 510
40 4 511
40 4 512
40 4 513
40 4 514
40 4 515
40 4 516
40 4 517
40 4 518
40 4 519
40 4 520
40 4 521
40 4 522
40 4 523
40 4 524
40 4 525
40 4 526
40 4 527
40 4 528
40 4 529
40 4 530
40 4 531
40 4 532
40 4 533
40 4 534
40 4 535
40 4 536
40 4 537
40 4 538
40 4 539
40 4 540
40 4 541
40 4 542
40 4 543
40 4 544
40 4 545
40 4 546
40 4 547
40 4 548
40 4 549
40 4 550
40 4 551
40 4 552
40 4 553
40 4 554
40 4 555
40 4 556
40 4 557
40 4 558
40 4 559
40 4 560
40 4 561
40 4 562
40 4 563
40 4 564
40 4 565
40 4 566
40 4 567
40 4 568
40 4 569
40 4 570
40 4 571
40 4 572
40 4 573
40 4 574
40 4 575
40 4 576
40 4 577
40 4 578
40 4 579
40 4 580
40 4 581
40 4 582
40 4 583
40 4 584
40 4 585
40 4 586
40 4 587
40 4 588
40 4 589
40 4 590
40 4 591
40 4 592
40 4 593
40 4 594
40 4 595
40 4 596
40 4 597
40 4 598
40 4 599
40 4 600
40 4 601
40 4 602
40 4 603
40 4 604
40 4 605
40 4 606
40 4 607
40 4 608
40 4 609
40 4 610
40 4 611
40 4 612
40 4 613
40 4 614
40 4 615
40 4 616
40 4 617
40 4 618
40 4 619
40 4 620
40 4 621
40 4 622
40 4 623
40 4 624
40 4 625
40 4 626
40 4 627
40 4 628
40 4 629
40 4 630
40 4 631
40 4 632
40 4 633
40 4 634
40 4 635
40 4 636
40 4 637
40 4 638
40 4 639
40 4 640
40 4 641
40 4 642
40 4 643
40 4 644
40 4 645
40 4 646
40 4 647
40 4 648
40 4 649
40 4 650
40 4 651
40 4 652
40 4 653
40 4 654
40 4 655
40 4 656
40 4 657
40 4 658
40 4 659
40 4 660
40 4 661
40 4 662
40 4 663
40 4 664
40 4 665
40 4 666
40 4 667
40 4 668
40 4 669
40 4 670
40 4 671
40 4 672
40 4 673
40 4 674
40 4 675
40 4 676
40 4 677
40 4 678
40 4 679
40 4 680
40 4 681
40 4 682
40 4 683
40 4 684
40 4 685
40 4 686
40 4 687
40 4 688
40 4 689
40 4 690
40 4 691
40 4 692
40 4 693
40 4 694
40 4 695
40 4 696
40 4 697
40 4 698
40 4 699
40 4 700
40 4 701
40 4 702
40 4 703
40 4 704
40 4 705
40 4 706
40 4 707
40 4 708
40 4 709
40 4 710
40 4 711
40 4 712
40 4 713
40 4 714
40 4 715
40 4 716
40 4 717
40 4 718
40 4 719
40 4 720
40 4 721
40 4 722
40 4 723
40 4 724
40 4 725
40 4 726
40 4 727
40 4 728
40 4 729
40 4 730
40 4 731
40 4 732
40 4 733
40 4 734
40 4 735
40 4 736
40 4 737
40 4 738
40 4 739
40 4 740
40 4 741
40 4 742
40 4 743
40 4 744
40 4 745
40 4 746
40 4 747
40 4 748
40 4 749
40 4 750
40 4 751
40 4 752
40 4 753
40 4 754
40 4 755
40 4 756
40 4 757
40 4 758
40 4 759
40 4 760
40 4 761
40 4 762
40 4 763
40 4 764
40 4 765
40 4 766
40 4 767
40 4 768
40 4 769
40 4 770
40 4 771
40 4 772
40 4 773
40 4 774
40 4 775
40 4 776
40 4 777
40 4 778
40 4 779
40 4 780
40 4 781
40 4 782
40 4 783
40 4 784
40 4 785
40 4 786
40 4 787
40 4 788
40 4 789
40 4 790
40 4 791
40 4 792
40 4 793
40 4 794
40 4 795
40 4 796
40 4 797
40 4 798
40 4 799
40 4 800
40 4 801
40 4 802
40 4 803
40 4 804
40 4 805
40 4 806
40 4 807
40 4 808
40 4 809
40 4 810
40 4 811
40 4 812
40 4 813
40 4 814
40 4 815
40 4 816
40 4 817
40 4 818
40 4 819
40 4 820
40 4 821
40 4 822
40 4 823
40 4 824
40 4 825
40 4 826
40 4 827
40 4 828
40 4 829
40 4 830
40 4 831
40 4 832
40 4 833
40 4 834
40 4 835
40 4 836
40 4 837
40 4 838
40 4 839
40 4 840
40 4 841
40 4 842
40 4 843
40 4 844
40 4 845
40 4 846
40 4 847
40 4 848
40 4 849
40 4 850
40 4 851
40 4 852
40 4 853
40 4 854
40 4 855
40 4 856
40 4 857
40 4 858
40 4 859
40 4 860
40 4 861
40 4 862
40 4 863
40 4 864
40 4 865
40 4 866
40 4 867
40 4 868
40 4 869
40 4 870
40 4 871
40 4 872
40 4 873
40 4 874
40 4 875
40 4 876
40 4 877
40 4 878
40 4 879
40 4 880
40 4 881
40 4 882
40 4 883
40 4 884
40 4 885
40 4 886
40 4 887
40 4 888
40 4 889
40 4 890
40 4 891
40 4 892
40 4 893
40 4 894
40 4 895
40 4 896
40 4 897
40 4 898
40 4 899
40 4 900
40 4 901
40 4 902
40 4 903
40 4 904
40 4 905
40 4 906
40 4 907
40 4 908
40 4 909
40 4 910
40 4 911
40 4 912
40 4 913
40 4 914
40 4 915
40 4 916
40 4 917
40 4 918
40 4 919
40 4 920
40 4 921
40 4 922
40 4 923
40 4 924
40 4 925
40 4 926
40 4 927
40 4 928
40 4 929
40 4 930
40 4 931
40 4 932
40 4 933
40 4 934
40 4 935
40 4 936
40 4 937
40 4 938
40 4 939
40 4 940
40 4 941
40 4 942
40 4 943
40 4 944
40 4 945
40 4 946
40 4 947
40 4 948
40 4 949
40 4 950
40 4 951
40 4 952
40 4 953
40 4 954
40 4 955
40 4 956
40 4 957
40 4 958
40 4 959
40 4 960
40 4 961
40 4 962
40 4 963
40 4 964
40 4 965
40 4 966
40 4 967
40 4 968
40 4 969
40 4 970
40 4 971
40 4 972
40 4 973
40 4 974
40 4 975
40 4 976
40 4 977
40 4 978
40 4 979
40 4 980
40 4 981
40 4 982
40 4 983
40 4 984
40 4 985
40 4 986
40 4 987
40 4 988
40 4 989
40 4 990
40 4 991
40 4 992
40 4 993
40 4 994
40 4 995
40 4 996
40 4 997
40 4 998
40 4 999
40 4 1000
40 4 1001
40 4 1002
40 4 1003
40 4 1004
40 4 1005
40 4 1006
40 4 1007
40 4 1008
40 4 1009
40 4 1010
40 4 1011
40 4 1012
40 4 1013
40 4 1014
40 4 1015
40 4 1016
40 4 1017
40 4 1018
40 4 1019
40 4 1020
40 4 1021
40 4 1022
40 4 1023
40 4 1024
40 4 1025
40 4 1026
40 4 1027
40 4 1028
40 4 1029
40 4 1030
40 4 1031
40 4 1032
40 4 1033
40 4 1034
40 4 1035
40 4 1036
40 4 1037
40 4 1038
40 4 1039
40 4 1040
40 4 1041
40 4 1042
40 4 1043
40 4 1044
40 4 1045
40 4 1046
40 4 1047
40 4 1048
40 4 1049
40 4 1050
40 4 1051
40 4 1052
40 4 1053
40 4 1054
40 4 1055
40 4 1056
40 4 1057
40 4 1058
40 4 1059
40 4 1060
40 4 1061
40 4 1062
40 4 1063
40 4 1064
40 4 1065
40 4 1066
40 4 1067
40 4 1068
40 4 1069
40 4 1070
40 4 1071
40 4 1072
40 4 1073
40 4 1074
40 4 1075
40 4 1076
40 4 1077
40 4 1078
40 4 1079
40 4 1080
40 4 1081
40 4 1082
40 4 1083
40 4 1084
40 4 1085
40 4 1086
40 4 1087
40 4 1088
40 4 1089
40 4 1090
40 4 1091
40 4 1092
40 4 1093
40 4 1094
40 4 1095
40 4 1096
40 4 1097
40 4 1098
40 4 1099
40 4 1100
40 4 1101
40 4 1102
40 4 1103
40 4 1104
40 4 1105
40 4 1106
40 4 1107
40 4 1108
40 4 1109
40 4 1110
40 4 1111
40 4 1112
40 4 1113
40 4 1114
40 4 1115
40 4 1116
40 4 1117
40 4 1118
40 4 1119
40 4 1120
40 4 1121
40 4 1122
40 4 1123
40 4 1124
40 4 1125
40 4 1126
40 4 1127
40 4 1128
40 4 1129
40 4 1130
40 4 1131
40 4 1132
40 4 1133
40 4 1134
40 4 1135
40 4 1136
40 4 1137
40 4 1138
40 4 1139
40 4 1140
40 4 1141
40 4 1142
40 4 1143
40 4 1144
40 4 1145
40 4 1146
40 4 1147
40 4 1148
40 4 1149
40 4 1150
40 4 1151
40 4 1152
40 4 1153
40 4 1154
40 4 1155
40 4 1156
40 4 1157
40 4 1158
40 4 1159
40 4 1160
40 4 1161
40 4 1162
40 4 1163
40 4 1164
40 4 1165
40 4 1166
40 4 1167
40 4 1168
40 4 1169
40 4 1170
40 4 1171
40 4 1172
40 4 1173
40 4 1174
40 4 1175
40 4 1176
40 4 1177
40 4 1178
40 4 1179
40 4 1180
40 4 1181
40 4 1182
40 4 1183
40 4 1184
40 4 1185
40 4 1186
40 4 1187
40 4 1188
40 4 1189
40 4 1190
40 4 1191
40 4 1192
40 4 1193
40 4 1194
40 4 1195
40 4 1196
40 4 1197
40 4 1198
40 4 1199
40 4 1200
40 4 1201
40 4 1202
40 4 1203
40 4 1204
40 4 1205
40 4 1206
40 4 1207
40 4 1208
40 4 1209
40 4 1210
40 4 1211
40 4 1212
40 4 1213
40 4 1214
40 4 1215
40 4 1216
40 4 1217
40 4 1218
40 4 1219
40 4 1220
40 4 1221
40 4 1222
40 4 1223
40 4 1224
40 4 1225
40 4 1226
40 4 1227
40 4 1228
40 4 1229
40 4 1230
40 4 1231
40 4 1232
40 4 1233
40 4 1234
40 4 1235
40 4 1236
40 4 1237
40 4 1238
40 4 1239
40 4 1240
40 4 1241
40 4 1242
40 4 1243
40 4 1244
40 4 1245
40 4 1246
40 4 1247
40 4 1248
40 4 1249
40 4 1250
40 4 1251
40 4 1252
40 4 1253
40 4 1254
40 4 1255
40 4 1256
40 4 1257
40 4 1258
40 4 1259
40 4 1260
40 4 1261
40 4 1262
40 4 1263
40 4 1264
40 4 1265
40 4 1266
40 4 1267
40 4 1268
40 4 1269
40 4 1270
40 4 1271
40 4 1272
40 4 1273
40 4 1274
40 4 1275
40 4 1276
40 4 1277
40 4 1278
40 4 1279
40 4 1280
40 4 1281
40 4 1282
40 4 1283
40 4 1284
40 4 1285
40 4 1286
40 4 1287
40 4 1288
40 4 1289
40 4 1290
40 4 1291
40 4 1292
40 4 1293
40 4 1294
40 4 1295
40 4 1296
40 4 1297
40 4 1298
40 4 1299
40 4 1300
40 4 1301
40 4 1302
40 4 1303
40 4 1304
40 4 1305
40 4 1306
40 4 1307
40 4 1308
40 4 1309
40 4 1310
40 4 1311
40 4 1312
40 4 1313
40 4 1314
40 4 1315
40 4 1316
40 4 1317
40 4 1318
40 4 1319
40 4 1320
40 4 1321
40 4 1322
40 4 1323
40 4 1324
40 4 1325
40 4 1326
40 4 1327
40 4 1328
40 4 1329
40 4 1330
40 4 1331
40 4 1332
40 4 1333
40 4 1334
40 4 1335
40 4 1336
40 4 1337
40 4 1338
40 4 1339
40 4 1340
40 4 1341
40 4 1342
40 4 1343
40 4 1344
40 4 1345
40 4 1346
40 4 1347
40 4 1348
40 4 1349
40 4 1350
40 4 1351
40 4 1352
40 4 1353
40 4 1354
40 4 1355
40 4 1356
40 4 1357
40 4 1358
40 4 1359
40 4 1360
40 4 1361
40 4 1362
40 4 1363
40 4 1364
40 4 1365
40 4 1366
40 4 1367
40 4 1368
40 4 1369
40 4 1370
40 4 1371
40 4 1372
40 4 1373
40 4 1374
40 4 1375
40 4 1376
40 4 1377
40 4 1378
40 4 1379
40 4 1380
40 4 1381
40 4 1382
40 4 1383
40 4 1384
40 4 1385
40 4 1386
40 4 1387
40 4 1388
40 4 1389
40 4 1390
40 4 1391
40 4 1392
40 4 1393
40 4 1394
40 4 1395
40 4 1396
40 4 1397
40 4 1398
40 4 1399
40 4 1400
40 4 1401
40 4 1402
40 4 1403
40 4 1404
40 4 1405
40 4 1406
40 4 1407
40 4 1408
40 4 1409
40 4 1410
40 4 1411
40 4 1412
40 4 1413
40 4 1414
40 4 1415
40 4 1416
40 4 1417
40 4 1418
40 4 1419
40 4 1420
40 4 1421
40 4 1422
40 4 1423
40 4 1424
40 4 1425
40 4 1426
40 4 1427
40 4 1428
40 4 1429
40 4 1430
40 4 1431
40 4 1432
40 4 1433
40 4 1434
40 4 1435
40 4 1436
40 4 1437
40 4 1438
40 4 1439
40 4 1440
40 4 1441
40 4 1442
40 4 1443
40 4 1444
40 4 1445
40 4 1446
40 4 1447
40 4 1448
40 4 1449
40 4 1450
40 4 1451
40 4 1452
40 4 1453
40 4 1454
40 4 1455
40 4 1456
40 4 1457
40 4 1458
40 4 1459
40 4 1460
40 4 1461
40 4 1462
40 4 1463
40 4 1464
40 4 1465
40 4 1466
40 4 1467
40 4 1468
40 4 1469
40 4 1470
40 4 1471
40 4 1472
40 4 1473
40 4 1474
40 4 1475
40 4 1476
40 4 1477
40 4 1478
40 4 1479
40 4 1480
40 4 1481
40 4 1482
40 4 1483
40 4 1484
40 4 1485
40 4 1486
40 4 1487
40 4 1488
40 4 1489
40 4 1490
40 4 1491
40 4 1492
40 4 1493
40 4 1494
40 4 1495
40 4 1496
40 4 1497
40 4 1498
40 4 1499
40 4 1500
40 4 1501
40 4 1502
40 4 1503
40 4 1504
40 4 1505
40 4 1506
40 4 1507
40 4 1508
40 4 1509
40 4 1510
40 4 1511
40 4 1512
40 4 1513
40 4 1514
40 4 1515
40 4 1516
40 4 1517
40 4 1518
40 4 1519
40 4 1520
40 4 1521
40 4 1522
40 4 1523
40 4 1524
40 4 1525
40 4 1526
40 4 1527
40 4 1528
40 4 1529
40 4 1530
40 4 1531
40 4 1532
40 4 1533
40 4 1534
40 4 1535
40 4 1536
40 4 1537
40 4 1538
40 4 1539
40 4 1540
40 4 1541
40 4 1542
40 4 1543
40 4 1544
40 4 1545
40 4 1546
40 4 1547
40 4 1548
40 4 1549
40 4 1550
40 4 1551
40 4 1552
40 4 1553
40 4 1554
40 4 1555
40 4 1556
40 4 1557
40 4 1558
40 4 1559
40 4 1560
40 4 1561
40 4 1562
40 4 1563
40 4 1564
40 4 1565
40 4 1566
40 4 1567
40 4 1568
40 4 1569
40 4 1570
40 4 1571
40 4 1572
40 4 1573
40 4 1574
40 4 1575
40 4 1576
40 4 1577
40 4 1578
40 4 1579
40 4 1580
40 4 1581
40 4 1582
40 4 1583
40 4 1584
40 4 1585
40 4 1586
40 4 1587
40 4 1588
40 4 1589
40 4 1590
40 4 1591
40 4 1592
40 4 1593
40 4 1594
40 4 1595
40 4 1596
40 4 1597
40 4 1598
40 4 1599
40 4 1600
40 4 1601
40 4 1602
40 4 1603
40 4 1604
40 4 1605
40 4 1606
40 4 1607
40 4 1608
40 4 1609
40 4 1610
40 4 1611
40 4 1612
40 4 1613
40 4 1614
40 4 1615
40 4 1616
40 4 1617
40 4 1618
40 4 1619
40 4 1620
40 4 1621
40 4 1622
40 4 1623
40 4 1624
40 4 1625
40 4 1626
40 4 1627
40 4 1628
40 4 1629
40 4 1630
40 4 1631
40 4 1632
40 4 1633
40 4 1634
40 4 1635
40 4 1636
40 4 1637
40 4 1638
40 4 1639
40 4 1640
40 4 1641
40 4 1642
40 4 1643
40 4 1644
40 4 1645
40 4 1646
40 4 1647
40 4 1648
40 4 1649
40 4 1650
40 4 1651
40 4 1652
40 4 1653
40 4 1654
40 4 1655
40 4 1656
40 4 1657
40 4 1658
40 4 1659
40 4 1660
40 4 1661
40 4 1662
40 4 1663
40 4 1664
40 4 1665
40 4 1666
40 4 1667
40 4 1668
40 4 1669
40 4 1670
40 4 1671
40 4 1672
40 4 1673
40 4 1674
40 4 1675
40 4 1676
40 4 1677
40 4 1678
40 4 1679
40 4 1680
40 4 1681
40 4 1682
40 4 1683
40 4 1684
40 4 1685
40 4 1686
40 4 1687
40 4 1688
40 4 1689
40 4 1690
40 4 1691
40 4 1692
40 4 1693
40 4 1694
40 4 1695
40 4 1696
40 4 1697
40 4 1698
40 4 1699
40 4 1700
40 4 1701
40 4 1702
40 4 1703
40 4 1704
40 4 1705
40 4 1706
40 4 1707
40 4 1708
40 4 1709
40 4 1710
40 4 1711
40 4 1712
40 4 1713
40 4 1714
40 4 1715
40 4 1716
40 4 1717
40 4 1718
40 4 1719
40 4 1720
40 4 1721
40 4 1722
40 4 1723
40 4 1724
40 4 1725
40 4 1726
40 4 1727
40 4 1728
40 4 1729
40 4 1730
40 4 1731
40 4 1732
40 4 1733
40 4 1734
40 4 1735
40 4 1736
40 4 1737
40 4 1738
40 4 1739
40 4 1740
40 4 1741
40 4 1742
40 4 1743
40 4 1744
40 4 1745
40 4 1746
40 4 1747
40 4 1748
40 4 1749
40 4 1750
40 4 1751
40 4 1752
40 4 1753
40 4 1754
40 4 1755
40 4 1756
40 4 1757
40 4 1758
40 4 1759
40 4 1760
40 4 1761
40 4 1762
40 4 1763
40 4 1764
40 4 1765
40 4 1766
40 4 1767
40 4 1768
40 4 1769
40 4 1770
40 4 1771
40 4 1772
40 4 1773
40 4 1774
40 4 1775
40 4 1776
40 4 1777
40 4 1778
40 4 1779
40 4 1780
40 4 1781
40 4 1782
40 4 1783
40 4 1784
40 4 1785
40 4 1786
40 4 1787
40 4 1788
40 4 1789
40 4 1790
40 4 1791
40 4 1792
40 4 1793
40 4 1794
40 4 1795
40 4 1796
40 4 1797
40 4 1798
40 4 1799
40 4 1800
40 4 1801
40 4 1802
40 4 1803
40 4 1804
40 4 1805
40 4 1806
40 4 1807
40 4 1808
40 4 1809
40 4 1810
40 4 1811
40 4 1812
40 4 1813
40 4 1814
40 4 1815
40 4 1816
40 4 1817
40 4 1818
40 4 1819
40 4 1820
40 4 1821
40 4 1822
40 4 1823
40 4 1824
40 4 1825
40 4 1826
40 4 1827
40 4 1828
40 4 1829
40 4 1830
40 4 1831
40 4 1832
40 4 1833
40 4 1834
40 4 1835
40 4 1836
40 4 1837
40 4 1838
40 4 1839
40 4 1840
40 4 1841
40 4 1842
40 4 1843
40 4 1844
40 4 1845
40 4 1846
40 4 1847
40 4 1848
40 4 1849
40 4 1850
40 4 1851
40 4 1852
40 4 1853
40 4 1854
40 4 1855
40 4 1856
40 4 1857
40 4 1858
40 4 1859
40 4 1860
40 4 1861
40 4 1862
40 4 1863
40 4 1864
40 4 1865
40 4 1866
40 4 1867
40 4 1868
40 4 1869
40 4 1870
40 4 1871
40 4 1872
40 4 1873
40 4 1874
40 4 1875
40 4 1876
40 4 1877
40 4 1878
40 4 1879
40 4 1880
40 4 1881
40 4 1882
40 4 1883
40 4 1884
40 4 1885
40 4 1886
40 4 1887
40 4 1888
40 4 1889
40 4 1890
40 4 1891
40 4 1892
40 4 1893
40 4 1894
40 4 1895
40 4 1896
40 4 1897
40 4 1898
40 4 1899
40 4 1900
40 4 1901
40 4 1902
40 4 1903
40 4 1904
40 4 1905
40 4 1906
40 4 1907
40 4 1908
40 4 1909
40 4 1910
40 4 1911
40 4 1912
40 4 1913
40 4 1914
40 4 1915
40 4 1916
40 4 1917
40 4 1918
40 4 1919
40 4 1920
40 4 1921
40 4 1922
40 4 1923
40 4 1924
40 4 1925
40 4 1926
40 4 1927
40 4 1928
40 4 1929
40 4 1930
40 4 1931
40 4 1932
40 4 1933
40 4 1934
40 4 1935
40 4 1936
40 4 1937
40 4 1938
40 4 1939
40 4 1940
40 4 1941
40 4 1942
40 4 1943
40 4 1944
40 4 1945
40 4 1946
40 4 1947
40 4 1948
40 4 1949
40 4 1950
40 4 1951
40 4 1952
40 4 1953
40 4 1954
40 4 1955
40 4 1956
40 4 1957
40 4 1958
40 4 1959
40 4 1960
40 4 1961
40 4 1962
40 4 1963
40 4 1964
40 4 1965
40 4 1966
40 4 1967
40 4 1968
40 4 1969
40 4 1970
40 4 1971
40 4 1972
40 4 1973
40 4 1974
40 4 1975
40 4 1976
40 4 1977
40 4 1978
40 4 1979
40 4 1980
40 4 1981
40 4 1982
40 4 1983
40 4 1984
40 4 1985
40 4 1986
40 4 1987
40 4 1988
40 4 1989
40 4 1990
40 4 1991
40 4 1992
40 4 1993
40 4 1994
40 4 1995
40 4 1996
40 4 1997
40 4 1998
40 4 1999
40 4 2000
40 4 2001
40 4 2002
40 4 2003
40 4 2004
40 4 2005
40 4 2006
40 4 2007
40 4 2008
40 4 2009
40 4 2010
40 4 2011
40 4 2012
40 4 2013
40 4 2014
40 4 2015
40 4 2016
40 4 2017
40 4 2018
40 4 2019
40 4 2020
40 4 2021
40 4 2022
40 4 2023
40 4 2024
40 4 2025
40 4 2026
40 4 2027
40 4 2028
40 4 2029
40 4 2030
40 4 2031
40 4 2032
40 4 2033
40 4 2034
40 4 2035
40 4 2036
40 4 2037
40 4 2038
40 4 2039
40 4 2040
40 4 2041
40 4 2042
40 4 2043
40 4 2044
40 4 2045
40 4 2046
40 4 2047
40 4 2048
40 4 2049
40 4 2050
40 4 2051
40 4 2052
40 4 2053
40 4 2054
40 4 2055
40 4 2056
40 4 2057
40 4 2058
40 4 2059
40 4 2060
40 4 2061
40 4 2062
40 4 2063
40 4 2064
40 4 2065
40 4 2066
40 4 2067
40 4 2068
40 4 2069
40 4 2070
40 4 2071
40 4 2072
40 4 2073
40 4 2074
40 4 2075
40 4 2076
40 4 2077
40 4 2078
40 4 2079
40 4 2080
40 4 2081
40 4 2082
40 4 2083
40 4 2084
40 4 2085
40 4 2086
40 4 2087
40 4 2088
40 4 2089
40 4 2090
40 4 2091
40 4 2092
40 4 2093
40 4 2094
40 4 2095
40 4 2096
40 4 2097
40 4 2098
40 4 2099
40 4 2100
40 4 2101
40 4 2102
40 4 2103
40 4 2104
40 4 2105
40 4 2106
40 4 2107
40 4 2108
40 4 2109
40 4 2110
40 4 2111
40 4 2112
40 4 2113
40 4 2114
40 4 2115
40 4 2116
40 4 2117
40 4 2118
40 4 2119
40 4 2120
40 4 2121
40 4 2122
40 4 2123
40 4 2124
40 4 2125
40 4 2126
40 4 2127
40 4 2128
40 4 2129
40 4 2130
40 4 2131
40 4 2132
40 4 2133
40 4 2134
40 4 2135
40 4 2136
40 4 2137
40 4 2138
40 4 2139
40 4 2140
40 4 2141
40 4 2142
40 4 2143
40 4 2144
40 4 2145
40 4 2146
40 4 2147
40 4 2148
40 4 2149
40 4 2150
40 4 2151
40 4 2152
40 4 2153
40 4 2154
40 4 2155
40 4 2156
40 4 2157
40 4 2158
40 4 2159
40 4 2160
40 4 2161
40 4 2162
40 4 2163
40 4 2164
40 4 2165
40 4 2166
40 4 2167
40 4 2168
40 4 2169
40 4 2170
40 4 2171
40 4 2172
40 4 2173
40 4 2174
40 4 2175
40 4 2176
40 4 2177
40 4 2178
40 4 2179
40 4 2180
40 4 2181
40 4 2182
40 4 2183
40 4 2184
40 4 2185
40 4 2186
40 4 2187
40 4 2188
40 4 2189
40 4 2190
40 4 2191
40 4 2192
40 4 2193
40 4 2194
40 4 2195
40 4 2196
40 4 2197
40 4 2198
40 4 2199
40 4 2200
40 4 2201
40 4 2202
40 4 2203
40 4 2204
40 4 2205
40 4 2206
40 4 2207
40 4 2208
40 4 2209
40 4 2210
40 4 2211
40 4 2212
40 4 2213
40 4 2214
40 4 2215
40 4 2216
40 4 2217
40 4 2218
40 4 2219
40 4 2220
40 4 2221
40 4 2222
40 4 2223
40 4 2224
40 4 2225
40 4 2226
40 4 2227
40 4 2228
40 4 2229
40 4 2230
40 4 2231
40 4 2232
40 4 2233
40 4 2234
40 4 2235
40 4 2236
40 4 2237
40 4 2238
40 4 2239
40 4 2240
40 4 2241
40 4 2242
40 4 2243
40 4 2244
40 4 2245
40 4 2246
40 4 2247
40 4 2248
40 4 2249
40 4 2250
40 4 2251
40 4 2252
40 4 2253
40 4 2254
40 4 2255
40 4 2256
40 4 2257
40 4 2258
40 4 2259
40 4 2260
40 4 2261
40 4 2262
40 4 2263
40 4 2264
40 4 2265
40 4 2266
40 4 2267
40 4 2268
40 4 2269
40 4 2270
40 4 2271
40 4 2272
40 4 2273
40 4 2274
40 4 2275
40 4 2276
40 4 2277
40 4 2278
40 4 2279
40 4 2280
40 4 2281
40 4 2282
40 4 2283
40 4 2284
40 4 2285
40 4 2286
40 4 2287
40 4 2288
40 4 2289
40 4 2290
40 4 2291
40 4 2292
40 4 2293
40 4 2294
40 4 2295
40 4 2296
40 4 2297
40 4 2298
40 4 2299
40 4 2300
40 4 2301
40 4 2302
40 4 2303
40 4 2304
40 4 2305
40 4 2306
40 4 2307
40 4 2308
40 4 2309
40 4 2310
40 4 2311
40 4 2312
40 4 2313
40 4 2314
40 4 2315
40 4 2316
40 4 2317
40 4 2318
40 4 2319
40 4 2320
40 4 2321
40 4 2322
40 4 2323
40 4 2324
40 4 2325
40 4 2326
40 4 2327
40 4 2328
40 4 2329
40 4 2330
40 4 2331
40 4 2332
40 4 2333
40 4 2334
40 4 2335
40 4 2336
40 4 2337
40 4 2338
40 4 2339
40 4 2340
40 4 2341
40 4 2342
40 4 2343
40 4 2344
40 4 2345
40 4 2346
40 4 2347
40 4 2348
40 4 2349
40 4 2350
40 4 2351
40 4 2352
40 4 2353
40 4 2354
40 4 2355
40 4 2356
40 4 2357
40 4 2358
40 4 2359
40 4 2360
40 4 2361
40 4 2362
40 4 2363
40 4 2364
40 4 2365
40 4 2366
40 4 2367
40 4 2368
40 4 2369
40 4 2370
40 4 2371
40 4 2372
40 4 2373
40 4 2374
40 4 2375
40 4 2376
40 4 2377
40 4 2378
40 4 2379
40 4 2380
40 4 2381
40 4 2382
40 4 2383
40 4 2384
40 4 2385
40 4 2386
40 4 2387
40 4 2388
40 4 2389
40 4 2390
40 4 2391
40 4 2392
40 4 2393
40 4 2394
40 4 2395
40 4 2396
40 4 2397
40 4 2398
40 4 2399
40 4 2400
40 4 2401
40 4 2402
40 4 2403
40 4 2404
40 4 2405
40 4 2406
40 4 2407
40 4 2408
40 4 2409
40 4 2410
40 4 2411
40 4 2412
40 4 2413
40 4 2414
40 4 2415
40 4 2416
40 4 2417
40 4 2418
40 4 2419
40 4 2420
40 4 2421
40 4 2422
40 4 2423
40 4 2424
40 4 2425
40 4 2426
40 4 2427
40 4 2428
40 4 2429
40 4 2430
40 4 2431
40 4 2432
40 4 2433
40 4 2434
40 4 2435
40 4 2436
40 4 2437
40 4 2438
40 4 2439
40 4 2440
40 4 2441
40 4 2442
40 4 2443
40 4 2444
40 4 2445
40 4 2446
40 4 2447
40 4 2448
40 4 2449
40 4 2450
40 4 2451
40 4 2452
40 4 2453
40 4 2454
40 4 2455
40 4 2456
40 4 2457
