20 35 1
20 35 2
20 35 3
20 35 4
20 35 5
20 35 6
20 35 7
20 35 8
20 35 9
20 35 10
20 35 11
20 35 12
20 35 13
20 35 14
20 35 15
20 35 16
20 35 17
20 35 18
20 35 19
20 35 20
20 35 21
20 35 22
20 35 23
20 35 24
20 35 25
20 35 26
20 35 27
20 35 28
20 35 29
20 35 30
20 35 31
20 35 32
20 35 33
20 35 34
20 35 35
20 35 36
20 35 37
20 35 38
20 35 39
20 35 40
20 35 41
20 35 42
20 35 43
20 35 44
20 35 45
20 35 46
20 35 47
20 35 48
20 35 49
20 35 50
20 35 51
20 35 52
20 35 53
20 35 54
20 35 55
20 35 56
20 35 57
20 35 58
20 35 59
20 35 60
20 35 61
20 35 62
20 35 63
20 35 64
20 35 65
20 35 66
20 35 67
20 35 68
20 35 69
20 35 70
20 35 71
20 35 72
20 35 73
20 35 74
20 35 75
20 35 76
20 35 77
20 35 78
20 35 79
20 35 80
20 35 81
20 35 82
20 35 83
20 35 84
20 35 85
20 35 86
20 35 87
20 35 88
20 35 89
20 35 90
20 35 91
20 35 92
20 35 93
20 35 94
20 35 95
20 35 96
20 35 97
20 35 98
20 35 99
20 35 100
20 35 101
20 35 102
20 35 103
20 35 104
20 35 105
20 35 106
20 35 107
20 35 108
20 35 109
20 35 110
20 35 111
20 35 112
20 35 113
20 35 114
20 35 115
20 35 116
20 35 117
20 35 118
20 35 119
20 35 120
20 35 121
20 35 122
20 35 123
20 35 124
20 35 125
20 35 126
20 35 127
20 35 128
20 35 129
20 35 130
20 35 131
20 35 132
20 35 133
20 35 134
20 35 135
20 35 136
20 35 137
20 35 138
20 35 139
20 35 140
20 35 141
20 35 142
20 35 143
20 35 144
20 35 145
20 35 146
20 35 147
20 35 148
20 35 149
20 35 150
20 35 151
20 35 152
20 35 153
20 35 154
20 35 155
20 35 156
20 35 157
20 35 158
20 35 159
20 35 160
20 35 161
20 35 162
20 35 163
20 35 164
20 35 165
20 35 166
20 35 167
20 35 168
20 35 169
20 35 170
20 35 171
20 35 172
20 35 173
20 35 174
20 35 175
20 35 176
20 35 177
20 35 178
20 35 179
20 35 180
20 35 181
20 35 182
20 35 183
20 35 184
20 35 185
20 35 186
20 35 187
20 35 188
20 35 189
20 35 190
20 35 191
20 35 192
20 35 193
20 35 194
20 35 195
20 35 196
20 35 197
20 35 198
20 35 199
20 35 200
20 35 201
20 35 202
20 35 203
20 35 204
