7 40 1
7 40 2
7 40 3
7 40 4
7 40 5
7 40 6
7 40 7
7 40 8
7 40 9
7 40 10
7 40 11
7 40 12
7 40 13
7 40 14
7 40 15
7 40 16
7 40 17
7 40 18
7 40 19
7 40 20
7 40 21
7 40 22
7 40 23
7 40 24
7 40 25
7 40 26
7 40 27
7 40 28
7 40 29
7 40 30
7 40 31
7 40 32
7 40 33
7 40 34
7 40 35
7 40 36
7 40 37
7 40 38
7 40 39
7 40 40
7 40 41
7 40 42
7 40 43
7 40 44
7 40 45
7 40 46
7 40 47
7 40 48
7 40 49
7 40 50
7 40 51
7 40 52
7 40 53
7 40 54
7 40 55
7 40 56
7 40 57
7 40 58
7 40 59
7 40 60
7 40 61
7 40 62
7 40 63
7 40 64
7 40 65
7 40 66
7 40 67
7 40 68
7 40 69
7 40 70
7 40 71
7 40 72
7 40 73
7 40 74
7 40 75
7 40 76
7 40 77
7 40 78
7 40 79
7 40 80
7 40 81
7 40 82
7 40 83
7 40 84
7 40 85
7 40 86
7 40 87
7 40 88
7 40 89
7 40 90
7 40 91
7 40 92
7 40 93
7 40 94
7 40 95
7 40 96
7 40 97
7 40 98
7 40 99
7 40 100
7 40 101
7 40 102
7 40 103
7 40 104
7 40 105
7 40 106
7 40 107
7 40 108
7 40 109
7 40 110
7 40 111
7 40 112
7 40 113
7 40 114
7 40 115
7 40 116
7 40 117
7 40 118
7 40 119
7 40 120
7 40 121
7 40 122
7 40 123
7 40 124
7 40 125
7 40 126
7 40 127
7 40 128
7 40 129
7 40 130
7 40 131
7 40 132
7 40 133
7 40 134
7 40 135
7 40 136
7 40 137
7 40 138
7 40 139
7 40 140
7 40 141
7 40 142
7 40 143
7 40 144
7 40 145
7 40 146
7 40 147
7 40 148
7 40 149
7 40 150
7 40 151
7 40 152
7 40 153
7 40 154
7 40 155
7 40 156
7 40 157
7 40 158
7 40 159
7 40 160
7 40 161
7 40 162
7 40 163
7 40 164
7 40 165
7 40 166
7 40 167
7 40 168
7 40 169
7 40 170
7 40 171
7 40 172
7 40 173
7 40 174
7 40 175
7 40 176
7 40 177
7 40 178
7 40 179
7 40 180
7 40 181
7 40 182
7 40 183
7 40 184
7 40 185
7 40 186
7 40 187
7 40 188
7 40 189
7 40 190
7 40 191
7 40 192
7 40 193
7 40 194
7 40 195
7 40 196
7 40 197
7 40 198
7 40 199
7 40 200
7 40 201
7 40 202
7 40 203
7 40 204
7 40 205
7 40 206
7 40 207
7 40 208
7 40 209
7 40 210
7 40 211
7 40 212
7 40 213
7 40 214
7 40 215
7 40 216
7 40 217
7 40 218
7 40 219
7 40 220
7 40 221
7 40 222
7 40 223
7 40 224
7 40 225
7 40 226
7 40 227
7 40 228
7 40 229
7 40 230
7 40 231
7 40 232
7 40 233
7 40 234
7 40 235
7 40 236
7 40 237
7 40 238
7 40 239
7 40 240
7 40 241
7 40 242
7 40 243
7 40 244
7 40 245
7 40 246
7 40 247
7 40 248
7 40 249
7 40 250
7 40 251
7 40 252
7 40 253
7 40 254
7 40 255
7 40 256
7 40 257
7 40 258
7 40 259
7 40 260
7 40 261
7 40 262
7 40 263
7 40 264
7 40 265
7 40 266
7 40 267
7 40 268
7 40 269
7 40 270
7 40 271
7 40 272
7 40 273
7 40 274
7 40 275
7 40 276
7 40 277
7 40 278
7 40 279
7 40 280
7 40 281
7 40 282
7 40 283
7 40 284
7 40 285
7 40 286
7 40 287
7 40 288
7 40 289
7 40 290
7 40 291
7 40 292
7 40 293
7 40 294
7 40 295
7 40 296
7 40 297
7 40 298
7 40 299
7 40 300
7 40 301
7 40 302
7 40 303
7 40 304
7 40 305
7 40 306
7 40 307
7 40 308
7 40 309
7 40 310
7 40 311
7 40 312
7 40 313
7 40 314
7 40 315
7 40 316
7 40 317
7 40 318
7 40 319
7 40 320
7 40 321
7 40 322
7 40 323
7 40 324
7 40 325
7 40 326
7 40 327
7 40 328
7 40 329
7 40 330
7 40 331
7 40 332
7 40 333
7 40 334
7 40 335
7 40 336
7 40 337
7 40 338
7 40 339
7 40 340
7 40 341
7 40 342
7 40 343
7 40 344
7 40 345
7 40 346
7 40 347
7 40 348
7 40 349
7 40 350
7 40 351
7 40 352
7 40 353
7 40 354
7 40 355
7 40 356
7 40 357
7 40 358
7 40 359
7 40 360
7 40 361
7 40 362
7 40 363
7 40 364
7 40 365
7 40 366
7 40 367
7 40 368
7 40 369
7 40 370
7 40 371
7 40 372
7 40 373
7 40 374
7 40 375
7 40 376
7 40 377
7 40 378
7 40 379
7 40 380
7 40 381
7 40 382
7 40 383
7 40 384
7 40 385
7 40 386
7 40 387
7 40 388
7 40 389
7 40 390
7 40 391
7 40 392
7 40 393
7 40 394
7 40 395
7 40 396
7 40 397
7 40 398
7 40 399
7 40 400
7 40 401
7 40 402
7 40 403
7 40 404
7 40 405
7 40 406
7 40 407
7 40 408
7 40 409
