29 15 1
29 15 2
29 15 3
29 15 4
29 15 5
29 15 6
29 15 7
29 15 8
29 15 9
29 15 10
29 15 11
29 15 12
29 15 13
29 15 14
29 15 15
29 15 16
29 15 17
29 15 18
29 15 19
29 15 20
29 15 21
29 15 22
29 15 23
29 15 24
29 15 25
29 15 26
29 15 27
29 15 28
29 15 29
29 15 30
29 15 31
29 15 32
29 15 33
29 15 34
29 15 35
29 15 36
29 15 37
29 15 38
29 15 39
29 15 40
29 15 41
29 15 42
29 15 43
29 15 44
29 15 45
29 15 46
29 15 47
29 15 48
29 15 49
29 15 50
29 15 51
29 15 52
29 15 53
29 15 54
29 15 55
29 15 56
29 15 57
29 15 58
29 15 59
29 15 60
29 15 61
29 15 62
29 15 63
29 15 64
29 15 65
29 15 66
29 15 67
29 15 68
29 15 69
29 15 70
29 15 71
29 15 72
29 15 73
29 15 74
29 15 75
29 15 76
29 15 77
29 15 78
29 15 79
29 15 80
29 15 81
29 15 82
29 15 83
29 15 84
29 15 85
29 15 86
29 15 87
29 15 88
29 15 89
29 15 90
29 15 91
29 15 92
29 15 93
29 15 94
29 15 95
29 15 96
29 15 97
29 15 98
29 15 99
29 15 100
29 15 101
29 15 102
29 15 103
29 15 104
29 15 105
29 15 106
29 15 107
29 15 108
29 15 109
29 15 110
29 15 111
29 15 112
29 15 113
29 15 114
29 15 115
29 15 116
29 15 117
29 15 118
29 15 119
29 15 120
29 15 121
29 15 122
29 15 123
29 15 124
29 15 125
29 15 126
29 15 127
29 15 128
29 15 129
29 15 130
29 15 131
29 15 132
29 15 133
29 15 134
29 15 135
29 15 136
29 15 137
29 15 138
29 15 139
29 15 140
29 15 141
29 15 142
29 15 143
29 15 144
29 15 145
29 15 146
29 15 147
29 15 148
29 15 149
29 15 150
29 15 151
29 15 152
29 15 153
29 15 154
29 15 155
29 15 156
29 15 157
29 15 158
29 15 159
29 15 160
29 15 161
29 15 162
29 15 163
29 15 164
29 15 165
29 15 166
29 15 167
29 15 168
29 15 169
29 15 170
29 15 171
29 15 172
29 15 173
29 15 174
29 15 175
29 15 176
29 15 177
29 15 178
29 15 179
29 15 180
29 15 181
29 15 182
29 15 183
29 15 184
29 15 185
29 15 186
29 15 187
29 15 188
29 15 189
29 15 190
29 15 191
29 15 192
29 15 193
29 15 194
29 15 195
29 15 196
29 15 197
29 15 198
29 15 199
29 15 200
29 15 201
29 15 202
29 15 203
29 15 204
29 15 205
29 15 206
29 15 207
29 15 208
29 15 209
29 15 210
29 15 211
29 15 212
29 15 213
29 15 214
29 15 215
29 15 216
29 15 217
29 15 218
29 15 219
29 15 220
29 15 221
29 15 222
29 15 223
29 15 224
29 15 225
29 15 226
29 15 227
29 15 228
29 15 229
29 15 230
29 15 231
29 15 232
29 15 233
29 15 234
29 15 235
29 15 236
29 15 237
29 15 238
29 15 239
29 15 240
29 15 241
29 15 242
29 15 243
29 15 244
29 15 245
29 15 246
29 15 247
29 15 248
29 15 249
29 15 250
29 15 251
29 15 252
29 15 253
29 15 254
29 15 255
29 15 256
29 15 257
29 15 258
29 15 259
29 15 260
29 15 261
29 15 262
29 15 263
29 15 264
29 15 265
29 15 266
29 15 267
29 15 268
29 15 269
29 15 270
29 15 271
29 15 272
29 15 273
29 15 274
29 15 275
29 15 276
29 15 277
29 15 278
29 15 279
29 15 280
29 15 281
29 15 282
29 15 283
29 15 284
29 15 285
29 15 286
29 15 287
29 15 288
29 15 289
29 15 290
29 15 291
29 15 292
29 15 293
29 15 294
29 15 295
29 15 296
29 15 297
29 15 298
29 15 299
29 15 300
29 15 301
29 15 302
29 15 303
29 15 304
29 15 305
29 15 306
29 15 307
29 15 308
29 15 309
29 15 310
29 15 311
29 15 312
29 15 313
29 15 314
29 15 315
29 15 316
29 15 317
29 15 318
29 15 319
29 15 320
29 15 321
29 15 322
29 15 323
29 15 324
29 15 325
29 15 326
29 15 327
29 15 328
29 15 329
29 15 330
29 15 331
29 15 332
29 15 333
29 15 334
29 15 335
29 15 336
29 15 337
29 15 338
29 15 339
29 15 340
29 15 341
29 15 342
29 15 343
29 15 344
29 15 345
29 15 346
29 15 347
29 15 348
29 15 349
29 15 350
29 15 351
29 15 352
29 15 353
29 15 354
29 15 355
29 15 356
29 15 357
29 15 358
29 15 359
29 15 360
29 15 361
29 15 362
29 15 363
29 15 364
29 15 365
29 15 366
29 15 367
29 15 368
29 15 369
29 15 370
29 15 371
29 15 372
29 15 373
29 15 374
29 15 375
29 15 376
29 15 377
29 15 378
29 15 379
29 15 380
29 15 381
29 15 382
29 15 383
29 15 384
29 15 385
29 15 386
29 15 387
29 15 388
29 15 389
29 15 390
29 15 391
29 15 392
29 15 393
29 15 394
29 15 395
29 15 396
29 15 397
29 15 398
29 15 399
29 15 400
29 15 401
29 15 402
29 15 403
29 15 404
29 15 405
29 15 406
29 15 407
29 15 408
29 15 409
29 15 410
29 15 411
29 15 412
29 15 413
29 15 414
29 15 415
29 15 416
29 15 417
29 15 418
29 15 419
29 15 420
29 15 421
29 15 422
29 15 423
29 15 424
29 15 425
29 15 426
29 15 427
29 15 428
29 15 429
29 15 430
29 15 431
29 15 432
29 15 433
29 15 434
29 15 435
29 15 436
29 15 437
29 15 438
29 15 439
29 15 440
29 15 441
29 15 442
29 15 443
29 15 444
29 15 445
29 15 446
29 15 447
29 15 448
29 15 449
29 15 450
29 15 451
29 15 452
29 15 453
29 15 454
29 15 455
29 15 456
29 15 457
29 15 458
29 15 459
29 15 460
29 15 461
29 15 462
29 15 463
29 15 464
29 15 465
29 15 466
29 15 467
29 15 468
29 15 469
29 15 470
29 15 471
29 15 472
29 15 473
29 15 474
29 15 475
29 15 476
29 15 477
29 15 478
29 15 479
29 15 480
29 15 481
29 15 482
29 15 483
29 15 484
29 15 485
29 15 486
29 15 487
29 15 488
29 15 489
29 15 490
29 15 491
29 15 492
29 15 493
29 15 494
29 15 495
29 15 496
29 15 497
29 15 498
29 15 499
29 15 500
29 15 501
29 15 502
29 15 503
29 15 504
29 15 505
29 15 506
29 15 507
29 15 508
29 15 509
29 15 510
29 15 511
29 15 512
29 15 513
29 15 514
29 15 515
29 15 516
29 15 517
29 15 518
29 15 519
29 15 520
29 15 521
29 15 522
29 15 523
29 15 524
29 15 525
29 15 526
29 15 527
29 15 528
29 15 529
29 15 530
29 15 531
29 15 532
29 15 533
29 15 534
29 15 535
29 15 536
29 15 537
29 15 538
29 15 539
29 15 540
29 15 541
29 15 542
29 15 543
29 15 544
29 15 545
29 15 546
29 15 547
29 15 548
29 15 549
29 15 550
29 15 551
29 15 552
29 15 553
29 15 554
29 15 555
29 15 556
29 15 557
29 15 558
29 15 559
29 15 560
29 15 561
29 15 562
29 15 563
29 15 564
29 15 565
29 15 566
29 15 567
29 15 568
29 15 569
29 15 570
29 15 571
29 15 572
29 15 573
29 15 574
29 15 575
29 15 576
29 15 577
29 15 578
29 15 579
29 15 580
29 15 581
29 15 582
29 15 583
29 15 584
29 15 585
29 15 586
29 15 587
29 15 588
29 15 589
29 15 590
29 15 591
29 15 592
29 15 593
29 15 594
29 15 595
29 15 596
29 15 597
29 15 598
29 15 599
29 15 600
29 15 601
29 15 602
29 15 603
29 15 604
29 15 605
29 15 606
29 15 607
29 15 608
29 15 609
29 15 610
29 15 611
29 15 612
29 15 613
29 15 614
29 15 615
29 15 616
29 15 617
29 15 618
29 15 619
29 15 620
29 15 621
29 15 622
29 15 623
29 15 624
29 15 625
29 15 626
29 15 627
29 15 628
29 15 629
29 15 630
29 15 631
29 15 632
29 15 633
29 15 634
29 15 635
29 15 636
29 15 637
29 15 638
29 15 639
29 15 640
29 15 641
29 15 642
29 15 643
29 15 644
29 15 645
29 15 646
29 15 647
29 15 648
29 15 649
29 15 650
29 15 651
29 15 652
29 15 653
29 15 654
29 15 655
29 15 656
29 15 657
29 15 658
29 15 659
29 15 660
29 15 661
29 15 662
29 15 663
29 15 664
29 15 665
29 15 666
29 15 667
29 15 668
29 15 669
29 15 670
29 15 671
29 15 672
29 15 673
29 15 674
29 15 675
29 15 676
29 15 677
29 15 678
29 15 679
29 15 680
29 15 681
29 15 682
29 15 683
29 15 684
29 15 685
29 15 686
29 15 687
29 15 688
29 15 689
29 15 690
29 15 691
29 15 692
29 15 693
29 15 694
29 15 695
29 15 696
29 15 697
29 15 698
29 15 699
29 15 700
29 15 701
29 15 702
29 15 703
29 15 704
29 15 705
29 15 706
29 15 707
29 15 708
29 15 709
29 15 710
29 15 711
29 15 712
29 15 713
29 15 714
29 15 715
29 15 716
29 15 717
29 15 718
29 15 719
29 15 720
29 15 721
29 15 722
29 15 723
29 15 724
29 15 725
29 15 726
29 15 727
29 15 728
29 15 729
29 15 730
29 15 731
29 15 732
29 15 733
29 15 734
29 15 735
29 15 736
29 15 737
29 15 738
29 15 739
29 15 740
29 15 741
29 15 742
29 15 743
29 15 744
29 15 745
29 15 746
29 15 747
29 15 748
29 15 749
29 15 750
29 15 751
29 15 752
29 15 753
29 15 754
29 15 755
29 15 756
29 15 757
29 15 758
29 15 759
29 15 760
29 15 761
29 15 762
29 15 763
29 15 764
29 15 765
29 15 766
29 15 767
29 15 768
29 15 769
29 15 770
29 15 771
29 15 772
29 15 773
29 15 774
29 15 775
29 15 776
29 15 777
29 15 778
29 15 779
29 15 780
29 15 781
29 15 782
29 15 783
29 15 784
29 15 785
29 15 786
29 15 787
29 15 788
29 15 789
29 15 790
29 15 791
29 15 792
29 15 793
29 15 794
29 15 795
29 15 796
29 15 797
29 15 798
29 15 799
29 15 800
29 15 801
29 15 802
29 15 803
29 15 804
29 15 805
29 15 806
29 15 807
29 15 808
29 15 809
29 15 810
29 15 811
29 15 812
29 15 813
29 15 814
29 15 815
29 15 816
29 15 817
29 15 818
29 15 819
29 15 820
29 15 821
29 15 822
29 15 823
29 15 824
29 15 825
29 15 826
29 15 827
29 15 828
29 15 829
29 15 830
29 15 831
29 15 832
29 15 833
29 15 834
29 15 835
29 15 836
29 15 837
29 15 838
29 15 839
29 15 840
29 15 841
29 15 842
29 15 843
29 15 844
29 15 845
29 15 846
29 15 847
29 15 848
29 15 849
29 15 850
29 15 851
29 15 852
29 15 853
29 15 854
29 15 855
29 15 856
29 15 857
29 15 858
29 15 859
29 15 860
29 15 861
29 15 862
29 15 863
29 15 864
29 15 865
29 15 866
29 15 867
29 15 868
29 15 869
29 15 870
29 15 871
29 15 872
29 15 873
29 15 874
29 15 875
29 15 876
29 15 877
29 15 878
29 15 879
29 15 880
29 15 881
29 15 882
29 15 883
29 15 884
29 15 885
29 15 886
29 15 887
29 15 888
29 15 889
29 15 890
29 15 891
29 15 892
29 15 893
29 15 894
29 15 895
29 15 896
29 15 897
29 15 898
29 15 899
29 15 900
29 15 901
29 15 902
29 15 903
29 15 904
29 15 905
29 15 906
29 15 907
29 15 908
29 15 909
29 15 910
29 15 911
29 15 912
29 15 913
29 15 914
29 15 915
29 15 916
29 15 917
29 15 918
29 15 919
29 15 920
29 15 921
29 15 922
29 15 923
29 15 924
29 15 925
29 15 926
29 15 927
29 15 928
29 15 929
29 15 930
29 15 931
29 15 932
29 15 933
29 15 934
29 15 935
29 15 936
29 15 937
29 15 938
29 15 939
29 15 940
29 15 941
29 15 942
29 15 943
29 15 944
29 15 945
29 15 946
29 15 947
29 15 948
29 15 949
29 15 950
29 15 951
29 15 952
29 15 953
29 15 954
29 15 955
29 15 956
29 15 957
29 15 958
29 15 959
29 15 960
29 15 961
29 15 962
29 15 963
29 15 964
29 15 965
29 15 966
29 15 967
29 15 968
29 15 969
29 15 970
29 15 971
29 15 972
29 15 973
29 15 974
29 15 975
29 15 976
29 15 977
29 15 978
29 15 979
29 15 980
29 15 981
29 15 982
29 15 983
29 15 984
29 15 985
29 15 986
29 15 987
29 15 988
29 15 989
29 15 990
29 15 991
29 15 992
29 15 993
29 15 994
29 15 995
29 15 996
29 15 997
29 15 998
29 15 999
29 15 1000
29 15 1001
29 15 1002
29 15 1003
29 15 1004
29 15 1005
29 15 1006
29 15 1007
29 15 1008
29 15 1009
29 15 1010
29 15 1011
29 15 1012
29 15 1013
29 15 1014
29 15 1015
29 15 1016
29 15 1017
29 15 1018
29 15 1019
29 15 1020
29 15 1021
29 15 1022
29 15 1023
29 15 1024
29 15 1025
29 15 1026
29 15 1027
29 15 1028
29 15 1029
29 15 1030
29 15 1031
29 15 1032
29 15 1033
29 15 1034
29 15 1035
29 15 1036
29 15 1037
29 15 1038
29 15 1039
29 15 1040
29 15 1041
29 15 1042
29 15 1043
29 15 1044
29 15 1045
29 15 1046
29 15 1047
29 15 1048
29 15 1049
29 15 1050
29 15 1051
29 15 1052
29 15 1053
29 15 1054
29 15 1055
29 15 1056
29 15 1057
29 15 1058
29 15 1059
29 15 1060
29 15 1061
29 15 1062
29 15 1063
29 15 1064
29 15 1065
29 15 1066
29 15 1067
29 15 1068
29 15 1069
29 15 1070
29 15 1071
29 15 1072
29 15 1073
29 15 1074
29 15 1075
29 15 1076
29 15 1077
29 15 1078
29 15 1079
29 15 1080
29 15 1081
29 15 1082
29 15 1083
29 15 1084
29 15 1085
29 15 1086
29 15 1087
29 15 1088
29 15 1089
29 15 1090
29 15 1091
29 15 1092
29 15 1093
29 15 1094
29 15 1095
29 15 1096
29 15 1097
29 15 1098
29 15 1099
29 15 1100
29 15 1101
29 15 1102
29 15 1103
29 15 1104
29 15 1105
29 15 1106
29 15 1107
29 15 1108
29 15 1109
29 15 1110
29 15 1111
29 15 1112
29 15 1113
29 15 1114
29 15 1115
29 15 1116
29 15 1117
29 15 1118
29 15 1119
29 15 1120
29 15 1121
29 15 1122
29 15 1123
29 15 1124
29 15 1125
29 15 1126
29 15 1127
29 15 1128
29 15 1129
29 15 1130
29 15 1131
29 15 1132
29 15 1133
29 15 1134
29 15 1135
29 15 1136
29 15 1137
29 15 1138
29 15 1139
29 15 1140
29 15 1141
29 15 1142
29 15 1143
29 15 1144
29 15 1145
29 15 1146
29 15 1147
29 15 1148
29 15 1149
29 15 1150
29 15 1151
29 15 1152
29 15 1153
29 15 1154
29 15 1155
29 15 1156
29 15 1157
29 15 1158
29 15 1159
29 15 1160
29 15 1161
29 15 1162
29 15 1163
29 15 1164
29 15 1165
29 15 1166
29 15 1167
29 15 1168
29 15 1169
29 15 1170
29 15 1171
29 15 1172
29 15 1173
29 15 1174
29 15 1175
29 15 1176
29 15 1177
29 15 1178
29 15 1179
29 15 1180
29 15 1181
29 15 1182
29 15 1183
29 15 1184
29 15 1185
29 15 1186
29 15 1187
29 15 1188
29 15 1189
29 15 1190
29 15 1191
29 15 1192
29 15 1193
29 15 1194
29 15 1195
29 15 1196
29 15 1197
29 15 1198
29 15 1199
29 15 1200
29 15 1201
29 15 1202
29 15 1203
29 15 1204
29 15 1205
29 15 1206
29 15 1207
29 15 1208
29 15 1209
29 15 1210
29 15 1211
29 15 1212
29 15 1213
29 15 1214
29 15 1215
29 15 1216
29 15 1217
29 15 1218
29 15 1219
29 15 1220
29 15 1221
29 15 1222
29 15 1223
29 15 1224
29 15 1225
29 15 1226
29 15 1227
29 15 1228
29 15 1229
29 15 1230
29 15 1231
29 15 1232
29 15 1233
29 15 1234
29 15 1235
29 15 1236
29 15 1237
29 15 1238
29 15 1239
29 15 1240
29 15 1241
29 15 1242
29 15 1243
29 15 1244
29 15 1245
29 15 1246
29 15 1247
29 15 1248
29 15 1249
29 15 1250
29 15 1251
29 15 1252
29 15 1253
29 15 1254
29 15 1255
29 15 1256
29 15 1257
29 15 1258
29 15 1259
29 15 1260
29 15 1261
29 15 1262
29 15 1263
29 15 1264
29 15 1265
29 15 1266
29 15 1267
29 15 1268
29 15 1269
29 15 1270
29 15 1271
29 15 1272
29 15 1273
29 15 1274
29 15 1275
29 15 1276
29 15 1277
29 15 1278
29 15 1279
29 15 1280
29 15 1281
29 15 1282
29 15 1283
29 15 1284
29 15 1285
29 15 1286
29 15 1287
29 15 1288
29 15 1289
29 15 1290
29 15 1291
29 15 1292
29 15 1293
29 15 1294
29 15 1295
29 15 1296
29 15 1297
29 15 1298
29 15 1299
29 15 1300
29 15 1301
29 15 1302
29 15 1303
29 15 1304
29 15 1305
29 15 1306
29 15 1307
29 15 1308
29 15 1309
29 15 1310
29 15 1311
29 15 1312
29 15 1313
29 15 1314
29 15 1315
29 15 1316
29 15 1317
29 15 1318
29 15 1319
29 15 1320
29 15 1321
29 15 1322
29 15 1323
29 15 1324
29 15 1325
29 15 1326
29 15 1327
29 15 1328
29 15 1329
29 15 1330
29 15 1331
29 15 1332
29 15 1333
29 15 1334
29 15 1335
29 15 1336
29 15 1337
29 15 1338
29 15 1339
29 15 1340
29 15 1341
29 15 1342
29 15 1343
29 15 1344
29 15 1345
29 15 1346
29 15 1347
29 15 1348
29 15 1349
29 15 1350
29 15 1351
29 15 1352
29 15 1353
29 15 1354
29 15 1355
29 15 1356
29 15 1357
29 15 1358
29 15 1359
29 15 1360
29 15 1361
29 15 1362
29 15 1363
29 15 1364
29 15 1365
29 15 1366
29 15 1367
29 15 1368
29 15 1369
29 15 1370
29 15 1371
29 15 1372
29 15 1373
29 15 1374
29 15 1375
29 15 1376
29 15 1377
29 15 1378
29 15 1379
29 15 1380
29 15 1381
29 15 1382
29 15 1383
29 15 1384
29 15 1385
29 15 1386
29 15 1387
29 15 1388
29 15 1389
29 15 1390
29 15 1391
29 15 1392
29 15 1393
29 15 1394
29 15 1395
29 15 1396
29 15 1397
29 15 1398
29 15 1399
29 15 1400
29 15 1401
29 15 1402
29 15 1403
29 15 1404
29 15 1405
29 15 1406
29 15 1407
29 15 1408
29 15 1409
29 15 1410
29 15 1411
29 15 1412
29 15 1413
29 15 1414
29 15 1415
29 15 1416
29 15 1417
29 15 1418
29 15 1419
29 15 1420
29 15 1421
29 15 1422
29 15 1423
29 15 1424
29 15 1425
29 15 1426
29 15 1427
29 15 1428
29 15 1429
29 15 1430
29 15 1431
29 15 1432
29 15 1433
29 15 1434
29 15 1435
29 15 1436
29 15 1437
29 15 1438
29 15 1439
29 15 1440
29 15 1441
29 15 1442
29 15 1443
29 15 1444
29 15 1445
29 15 1446
29 15 1447
29 15 1448
29 15 1449
29 15 1450
29 15 1451
29 15 1452
29 15 1453
29 15 1454
29 15 1455
29 15 1456
29 15 1457
29 15 1458
29 15 1459
29 15 1460
29 15 1461
29 15 1462
29 15 1463
29 15 1464
29 15 1465
29 15 1466
29 15 1467
29 15 1468
29 15 1469
29 15 1470
29 15 1471
29 15 1472
29 15 1473
29 15 1474
29 15 1475
29 15 1476
29 15 1477
29 15 1478
29 15 1479
29 15 1480
29 15 1481
29 15 1482
29 15 1483
29 15 1484
29 15 1485
29 15 1486
29 15 1487
29 15 1488
29 15 1489
29 15 1490
29 15 1491
29 15 1492
29 15 1493
29 15 1494
29 15 1495
29 15 1496
29 15 1497
29 15 1498
29 15 1499
29 15 1500
29 15 1501
29 15 1502
29 15 1503
29 15 1504
29 15 1505
29 15 1506
29 15 1507
29 15 1508
29 15 1509
29 15 1510
29 15 1511
29 15 1512
29 15 1513
29 15 1514
29 15 1515
29 15 1516
29 15 1517
29 15 1518
29 15 1519
29 15 1520
29 15 1521
29 15 1522
29 15 1523
29 15 1524
29 15 1525
29 15 1526
29 15 1527
29 15 1528
29 15 1529
29 15 1530
29 15 1531
29 15 1532
29 15 1533
29 15 1534
29 15 1535
29 15 1536
29 15 1537
29 15 1538
29 15 1539
29 15 1540
29 15 1541
29 15 1542
29 15 1543
29 15 1544
29 15 1545
29 15 1546
29 15 1547
29 15 1548
29 15 1549
29 15 1550
29 15 1551
29 15 1552
29 15 1553
29 15 1554
29 15 1555
29 15 1556
29 15 1557
29 15 1558
29 15 1559
29 15 1560
29 15 1561
29 15 1562
29 15 1563
29 15 1564
29 15 1565
29 15 1566
29 15 1567
29 15 1568
29 15 1569
29 15 1570
29 15 1571
29 15 1572
29 15 1573
29 15 1574
29 15 1575
29 15 1576
29 15 1577
29 15 1578
29 15 1579
29 15 1580
29 15 1581
29 15 1582
29 15 1583
29 15 1584
29 15 1585
29 15 1586
29 15 1587
29 15 1588
29 15 1589
29 15 1590
29 15 1591
29 15 1592
29 15 1593
29 15 1594
29 15 1595
29 15 1596
29 15 1597
29 15 1598
29 15 1599
29 15 1600
29 15 1601
29 15 1602
29 15 1603
29 15 1604
29 15 1605
29 15 1606
29 15 1607
29 15 1608
29 15 1609
29 15 1610
29 15 1611
29 15 1612
29 15 1613
29 15 1614
29 15 1615
29 15 1616
29 15 1617
29 15 1618
29 15 1619
29 15 1620
29 15 1621
29 15 1622
29 15 1623
29 15 1624
29 15 1625
29 15 1626
29 15 1627
29 15 1628
29 15 1629
29 15 1630
29 15 1631
29 15 1632
29 15 1633
29 15 1634
29 15 1635
29 15 1636
29 15 1637
29 15 1638
29 15 1639
29 15 1640
29 15 1641
29 15 1642
29 15 1643
29 15 1644
29 15 1645
29 15 1646
29 15 1647
29 15 1648
29 15 1649
29 15 1650
29 15 1651
29 15 1652
29 15 1653
29 15 1654
29 15 1655
29 15 1656
29 15 1657
29 15 1658
29 15 1659
29 15 1660
29 15 1661
29 15 1662
29 15 1663
29 15 1664
29 15 1665
29 15 1666
29 15 1667
29 15 1668
29 15 1669
29 15 1670
29 15 1671
29 15 1672
29 15 1673
29 15 1674
29 15 1675
29 15 1676
29 15 1677
29 15 1678
29 15 1679
29 15 1680
29 15 1681
29 15 1682
29 15 1683
29 15 1684
29 15 1685
29 15 1686
29 15 1687
29 15 1688
29 15 1689
29 15 1690
29 15 1691
29 15 1692
29 15 1693
29 15 1694
29 15 1695
29 15 1696
29 15 1697
29 15 1698
29 15 1699
29 15 1700
29 15 1701
29 15 1702
29 15 1703
29 15 1704
29 15 1705
29 15 1706
29 15 1707
29 15 1708
29 15 1709
29 15 1710
29 15 1711
29 15 1712
29 15 1713
29 15 1714
29 15 1715
29 15 1716
29 15 1717
29 15 1718
29 15 1719
29 15 1720
29 15 1721
29 15 1722
29 15 1723
29 15 1724
29 15 1725
29 15 1726
29 15 1727
29 15 1728
29 15 1729
29 15 1730
29 15 1731
29 15 1732
29 15 1733
29 15 1734
29 15 1735
29 15 1736
29 15 1737
29 15 1738
29 15 1739
29 15 1740
29 15 1741
29 15 1742
29 15 1743
29 15 1744
29 15 1745
29 15 1746
29 15 1747
29 15 1748
29 15 1749
29 15 1750
29 15 1751
29 15 1752
29 15 1753
29 15 1754
29 15 1755
29 15 1756
29 15 1757
29 15 1758
29 15 1759
29 15 1760
29 15 1761
29 15 1762
29 15 1763
29 15 1764
29 15 1765
29 15 1766
29 15 1767
29 15 1768
29 15 1769
29 15 1770
29 15 1771
29 15 1772
29 15 1773
29 15 1774
29 15 1775
29 15 1776
29 15 1777
29 15 1778
29 15 1779
29 15 1780
29 15 1781
29 15 1782
29 15 1783
29 15 1784
29 15 1785
29 15 1786
29 15 1787
29 15 1788
29 15 1789
29 15 1790
29 15 1791
29 15 1792
29 15 1793
29 15 1794
29 15 1795
29 15 1796
29 15 1797
29 15 1798
29 15 1799
29 15 1800
29 15 1801
29 15 1802
29 15 1803
29 15 1804
29 15 1805
29 15 1806
29 15 1807
29 15 1808
29 15 1809
29 15 1810
29 15 1811
29 15 1812
29 15 1813
29 15 1814
29 15 1815
29 15 1816
29 15 1817
29 15 1818
29 15 1819
29 15 1820
29 15 1821
29 15 1822
29 15 1823
29 15 1824
29 15 1825
29 15 1826
29 15 1827
29 15 1828
29 15 1829
29 15 1830
29 15 1831
29 15 1832
29 15 1833
29 15 1834
29 15 1835
29 15 1836
29 15 1837
29 15 1838
29 15 1839
29 15 1840
29 15 1841
29 15 1842
29 15 1843
29 15 1844
29 15 1845
29 15 1846
29 15 1847
29 15 1848
29 15 1849
29 15 1850
29 15 1851
29 15 1852
29 15 1853
29 15 1854
29 15 1855
29 15 1856
29 15 1857
29 15 1858
29 15 1859
29 15 1860
29 15 1861
29 15 1862
29 15 1863
29 15 1864
29 15 1865
29 15 1866
29 15 1867
29 15 1868
29 15 1869
29 15 1870
29 15 1871
29 15 1872
29 15 1873
29 15 1874
29 15 1875
29 15 1876
29 15 1877
29 15 1878
29 15 1879
29 15 1880
29 15 1881
29 15 1882
29 15 1883
29 15 1884
29 15 1885
29 15 1886
29 15 1887
29 15 1888
29 15 1889
29 15 1890
29 15 1891
29 15 1892
29 15 1893
29 15 1894
29 15 1895
29 15 1896
29 15 1897
29 15 1898
29 15 1899
29 15 1900
29 15 1901
29 15 1902
29 15 1903
29 15 1904
29 15 1905
29 15 1906
29 15 1907
29 15 1908
29 15 1909
29 15 1910
29 15 1911
29 15 1912
29 15 1913
29 15 1914
29 15 1915
29 15 1916
29 15 1917
29 15 1918
29 15 1919
29 15 1920
29 15 1921
29 15 1922
29 15 1923
29 15 1924
29 15 1925
29 15 1926
29 15 1927
29 15 1928
29 15 1929
29 15 1930
29 15 1931
29 15 1932
29 15 1933
29 15 1934
29 15 1935
29 15 1936
29 15 1937
29 15 1938
29 15 1939
29 15 1940
29 15 1941
29 15 1942
29 15 1943
29 15 1944
29 15 1945
29 15 1946
29 15 1947
29 15 1948
29 15 1949
29 15 1950
29 15 1951
29 15 1952
29 15 1953
29 15 1954
29 15 1955
29 15 1956
29 15 1957
29 15 1958
29 15 1959
29 15 1960
29 15 1961
29 15 1962
29 15 1963
29 15 1964
29 15 1965
29 15 1966
29 15 1967
29 15 1968
29 15 1969
29 15 1970
29 15 1971
29 15 1972
29 15 1973
29 15 1974
29 15 1975
29 15 1976
29 15 1977
29 15 1978
29 15 1979
29 15 1980
29 15 1981
29 15 1982
29 15 1983
29 15 1984
29 15 1985
29 15 1986
29 15 1987
29 15 1988
29 15 1989
29 15 1990
29 15 1991
29 15 1992
29 15 1993
29 15 1994
29 15 1995
29 15 1996
29 15 1997
29 15 1998
29 15 1999
29 15 2000
29 15 2001
29 15 2002
29 15 2003
29 15 2004
29 15 2005
29 15 2006
29 15 2007
29 15 2008
29 15 2009
29 15 2010
29 15 2011
29 15 2012
29 15 2013
29 15 2014
29 15 2015
29 15 2016
29 15 2017
29 15 2018
29 15 2019
29 15 2020
29 15 2021
29 15 2022
29 15 2023
29 15 2024
29 15 2025
29 15 2026
29 15 2027
29 15 2028
29 15 2029
29 15 2030
29 15 2031
29 15 2032
29 15 2033
29 15 2034
29 15 2035
29 15 2036
29 15 2037
29 15 2038
29 15 2039
29 15 2040
29 15 2041
29 15 2042
29 15 2043
29 15 2044
29 15 2045
29 15 2046
29 15 2047
29 15 2048
29 15 2049
29 15 2050
29 15 2051
29 15 2052
29 15 2053
29 15 2054
29 15 2055
29 15 2056
29 15 2057
29 15 2058
29 15 2059
29 15 2060
29 15 2061
29 15 2062
29 15 2063
29 15 2064
29 15 2065
29 15 2066
29 15 2067
29 15 2068
29 15 2069
29 15 2070
29 15 2071
29 15 2072
29 15 2073
29 15 2074
29 15 2075
29 15 2076
29 15 2077
29 15 2078
29 15 2079
29 15 2080
29 15 2081
29 15 2082
29 15 2083
29 15 2084
29 15 2085
29 15 2086
29 15 2087
29 15 2088
29 15 2089
29 15 2090
29 15 2091
29 15 2092
29 15 2093
29 15 2094
29 15 2095
29 15 2096
29 15 2097
29 15 2098
29 15 2099
29 15 2100
29 15 2101
29 15 2102
29 15 2103
29 15 2104
29 15 2105
29 15 2106
29 15 2107
29 15 2108
29 15 2109
29 15 2110
29 15 2111
29 15 2112
29 15 2113
29 15 2114
29 15 2115
29 15 2116
29 15 2117
29 15 2118
29 15 2119
29 15 2120
29 15 2121
29 15 2122
29 15 2123
29 15 2124
29 15 2125
29 15 2126
29 15 2127
29 15 2128
29 15 2129
29 15 2130
29 15 2131
29 15 2132
29 15 2133
29 15 2134
29 15 2135
29 15 2136
29 15 2137
29 15 2138
29 15 2139
29 15 2140
29 15 2141
29 15 2142
29 15 2143
29 15 2144
29 15 2145
29 15 2146
29 15 2147
29 15 2148
29 15 2149
29 15 2150
29 15 2151
29 15 2152
29 15 2153
29 15 2154
29 15 2155
29 15 2156
29 15 2157
29 15 2158
29 15 2159
29 15 2160
29 15 2161
29 15 2162
29 15 2163
29 15 2164
29 15 2165
29 15 2166
29 15 2167
29 15 2168
29 15 2169
29 15 2170
29 15 2171
29 15 2172
29 15 2173
29 15 2174
29 15 2175
29 15 2176
29 15 2177
29 15 2178
29 15 2179
29 15 2180
29 15 2181
29 15 2182
29 15 2183
29 15 2184
29 15 2185
29 15 2186
29 15 2187
29 15 2188
29 15 2189
29 15 2190
29 15 2191
29 15 2192
29 15 2193
29 15 2194
29 15 2195
29 15 2196
29 15 2197
29 15 2198
29 15 2199
29 15 2200
29 15 2201
29 15 2202
29 15 2203
29 15 2204
29 15 2205
29 15 2206
29 15 2207
29 15 2208
29 15 2209
29 15 2210
29 15 2211
29 15 2212
29 15 2213
29 15 2214
29 15 2215
29 15 2216
29 15 2217
29 15 2218
29 15 2219
29 15 2220
29 15 2221
29 15 2222
29 15 2223
29 15 2224
29 15 2225
29 15 2226
29 15 2227
29 15 2228
29 15 2229
29 15 2230
29 15 2231
29 15 2232
29 15 2233
29 15 2234
29 15 2235
29 15 2236
29 15 2237
29 15 2238
29 15 2239
29 15 2240
29 15 2241
29 15 2242
29 15 2243
29 15 2244
29 15 2245
29 15 2246
29 15 2247
29 15 2248
29 15 2249
29 15 2250
29 15 2251
29 15 2252
29 15 2253
29 15 2254
29 15 2255
29 15 2256
29 15 2257
29 15 2258
29 15 2259
29 15 2260
29 15 2261
29 15 2262
29 15 2263
29 15 2264
29 15 2265
29 15 2266
29 15 2267
29 15 2268
29 15 2269
29 15 2270
29 15 2271
29 15 2272
29 15 2273
29 15 2274
29 15 2275
29 15 2276
29 15 2277
29 15 2278
29 15 2279
29 15 2280
29 15 2281
29 15 2282
29 15 2283
29 15 2284
29 15 2285
29 15 2286
29 15 2287
29 15 2288
29 15 2289
29 15 2290
29 15 2291
29 15 2292
29 15 2293
29 15 2294
29 15 2295
29 15 2296
29 15 2297
29 15 2298
29 15 2299
29 15 2300
29 15 2301
29 15 2302
29 15 2303
29 15 2304
29 15 2305
29 15 2306
29 15 2307
29 15 2308
29 15 2309
29 15 2310
29 15 2311
29 15 2312
29 15 2313
29 15 2314
29 15 2315
29 15 2316
29 15 2317
29 15 2318
29 15 2319
29 15 2320
29 15 2321
29 15 2322
29 15 2323
29 15 2324
29 15 2325
29 15 2326
29 15 2327
29 15 2328
29 15 2329
29 15 2330
29 15 2331
29 15 2332
29 15 2333
29 15 2334
29 15 2335
29 15 2336
29 15 2337
29 15 2338
29 15 2339
29 15 2340
29 15 2341
29 15 2342
29 15 2343
29 15 2344
29 15 2345
29 15 2346
29 15 2347
29 15 2348
29 15 2349
29 15 2350
29 15 2351
29 15 2352
29 15 2353
29 15 2354
29 15 2355
29 15 2356
29 15 2357
29 15 2358
29 15 2359
29 15 2360
29 15 2361
29 15 2362
29 15 2363
29 15 2364
29 15 2365
29 15 2366
29 15 2367
29 15 2368
29 15 2369
29 15 2370
29 15 2371
29 15 2372
29 15 2373
29 15 2374
29 15 2375
29 15 2376
29 15 2377
29 15 2378
29 15 2379
29 15 2380
29 15 2381
29 15 2382
29 15 2383
29 15 2384
29 15 2385
29 15 2386
29 15 2387
29 15 2388
29 15 2389
29 15 2390
29 15 2391
29 15 2392
29 15 2393
29 15 2394
29 15 2395
29 15 2396
29 15 2397
29 15 2398
29 15 2399
29 15 2400
29 15 2401
29 15 2402
29 15 2403
29 15 2404
29 15 2405
29 15 2406
29 15 2407
29 15 2408
29 15 2409
29 15 2410
29 15 2411
29 15 2412
29 15 2413
29 15 2414
29 15 2415
29 15 2416
29 15 2417
29 15 2418
29 15 2419
29 15 2420
29 15 2421
29 15 2422
29 15 2423
29 15 2424
29 15 2425
29 15 2426
29 15 2427
29 15 2428
29 15 2429
29 15 2430
29 15 2431
29 15 2432
29 15 2433
29 15 2434
29 15 2435
29 15 2436
29 15 2437
29 15 2438
29 15 2439
29 15 2440
29 15 2441
29 15 2442
29 15 2443
29 15 2444
29 15 2445
29 15 2446
29 15 2447
29 15 2448
29 15 2449
29 15 2450
29 15 2451
29 15 2452
29 15 2453
29 15 2454
29 15 2455
29 15 2456
29 15 2457
