17 30 1
17 30 2
17 30 3
17 30 4
17 30 5
17 30 6
17 30 7
17 30 8
17 30 9
17 30 10
17 30 11
17 30 12
17 30 13
17 30 14
17 30 15
17 30 16
17 30 17
17 30 18
17 30 19
17 30 20
17 30 21
17 30 22
17 30 23
17 30 24
17 30 25
17 30 26
17 30 27
17 30 28
17 30 29
17 30 30
17 30 31
17 30 32
17 30 33
17 30 34
17 30 35
17 30 36
17 30 37
17 30 38
17 30 39
17 30 40
17 30 41
17 30 42
17 30 43
17 30 44
17 30 45
17 30 46
17 30 47
17 30 48
17 30 49
17 30 50
17 30 51
17 30 52
17 30 53
17 30 54
17 30 55
17 30 56
17 30 57
17 30 58
17 30 59
17 30 60
17 30 61
17 30 62
17 30 63
17 30 64
17 30 65
17 30 66
17 30 67
17 30 68
17 30 69
17 30 70
17 30 71
17 30 72
17 30 73
17 30 74
17 30 75
17 30 76
17 30 77
17 30 78
17 30 79
17 30 80
17 30 81
17 30 82
17 30 83
17 30 84
17 30 85
17 30 86
17 30 87
17 30 88
17 30 89
17 30 90
17 30 91
17 30 92
17 30 93
17 30 94
17 30 95
17 30 96
17 30 97
17 30 98
17 30 99
17 30 100
17 30 101
17 30 102
17 30 103
17 30 104
17 30 105
17 30 106
17 30 107
17 30 108
17 30 109
17 30 110
17 30 111
17 30 112
17 30 113
17 30 114
17 30 115
17 30 116
17 30 117
17 30 118
17 30 119
17 30 120
17 30 121
17 30 122
17 30 123
17 30 124
17 30 125
17 30 126
17 30 127
17 30 128
17 30 129
17 30 130
17 30 131
17 30 132
17 30 133
17 30 134
17 30 135
17 30 136
17 30 137
17 30 138
17 30 139
17 30 140
17 30 141
17 30 142
17 30 143
17 30 144
17 30 145
17 30 146
17 30 147
17 30 148
17 30 149
17 30 150
17 30 151
17 30 152
17 30 153
17 30 154
17 30 155
17 30 156
17 30 157
17 30 158
17 30 159
17 30 160
17 30 161
17 30 162
17 30 163
17 30 164
17 30 165
17 30 166
17 30 167
17 30 168
17 30 169
17 30 170
17 30 171
17 30 172
17 30 173
17 30 174
17 30 175
17 30 176
17 30 177
17 30 178
17 30 179
17 30 180
17 30 181
17 30 182
17 30 183
17 30 184
17 30 185
17 30 186
17 30 187
17 30 188
17 30 189
17 30 190
17 30 191
17 30 192
17 30 193
17 30 194
17 30 195
17 30 196
17 30 197
17 30 198
17 30 199
17 30 200
17 30 201
17 30 202
17 30 203
17 30 204
