29 16 1
29 16 2
29 16 3
29 16 4
29 16 5
29 16 6
29 16 7
29 16 8
29 16 9
29 16 10
29 16 11
29 16 12
29 16 13
29 16 14
29 16 15
29 16 16
29 16 17
29 16 18
29 16 19
29 16 20
29 16 21
29 16 22
29 16 23
29 16 24
29 16 25
29 16 26
29 16 27
29 16 28
29 16 29
29 16 30
29 16 31
29 16 32
29 16 33
29 16 34
29 16 35
29 16 36
29 16 37
29 16 38
29 16 39
29 16 40
29 16 41
29 16 42
29 16 43
29 16 44
29 16 45
29 16 46
29 16 47
29 16 48
29 16 49
29 16 50
29 16 51
29 16 52
29 16 53
29 16 54
29 16 55
29 16 56
29 16 57
29 16 58
29 16 59
29 16 60
29 16 61
29 16 62
29 16 63
29 16 64
29 16 65
29 16 66
29 16 67
29 16 68
29 16 69
29 16 70
29 16 71
29 16 72
29 16 73
29 16 74
29 16 75
29 16 76
29 16 77
29 16 78
29 16 79
29 16 80
29 16 81
29 16 82
29 16 83
29 16 84
29 16 85
29 16 86
29 16 87
29 16 88
29 16 89
29 16 90
29 16 91
29 16 92
29 16 93
29 16 94
29 16 95
29 16 96
29 16 97
29 16 98
29 16 99
29 16 100
29 16 101
29 16 102
29 16 103
29 16 104
29 16 105
29 16 106
29 16 107
29 16 108
29 16 109
29 16 110
29 16 111
29 16 112
29 16 113
29 16 114
29 16 115
29 16 116
29 16 117
29 16 118
29 16 119
29 16 120
29 16 121
29 16 122
29 16 123
29 16 124
29 16 125
29 16 126
29 16 127
29 16 128
29 16 129
29 16 130
29 16 131
29 16 132
29 16 133
29 16 134
29 16 135
29 16 136
29 16 137
29 16 138
29 16 139
29 16 140
29 16 141
29 16 142
29 16 143
29 16 144
29 16 145
29 16 146
29 16 147
29 16 148
29 16 149
29 16 150
29 16 151
29 16 152
29 16 153
29 16 154
29 16 155
29 16 156
29 16 157
29 16 158
29 16 159
29 16 160
29 16 161
29 16 162
29 16 163
29 16 164
29 16 165
29 16 166
29 16 167
29 16 168
29 16 169
29 16 170
29 16 171
29 16 172
29 16 173
29 16 174
29 16 175
29 16 176
29 16 177
29 16 178
29 16 179
29 16 180
29 16 181
29 16 182
29 16 183
29 16 184
29 16 185
29 16 186
29 16 187
29 16 188
29 16 189
29 16 190
29 16 191
29 16 192
29 16 193
29 16 194
29 16 195
29 16 196
29 16 197
29 16 198
29 16 199
29 16 200
29 16 201
29 16 202
29 16 203
29 16 204
29 16 205
29 16 206
29 16 207
29 16 208
29 16 209
29 16 210
29 16 211
29 16 212
29 16 213
29 16 214
29 16 215
29 16 216
29 16 217
29 16 218
29 16 219
29 16 220
29 16 221
29 16 222
29 16 223
29 16 224
29 16 225
29 16 226
29 16 227
29 16 228
29 16 229
29 16 230
29 16 231
29 16 232
29 16 233
29 16 234
29 16 235
29 16 236
29 16 237
29 16 238
29 16 239
29 16 240
29 16 241
29 16 242
29 16 243
29 16 244
29 16 245
29 16 246
29 16 247
29 16 248
29 16 249
29 16 250
29 16 251
29 16 252
29 16 253
29 16 254
29 16 255
29 16 256
29 16 257
29 16 258
29 16 259
29 16 260
29 16 261
29 16 262
29 16 263
29 16 264
29 16 265
29 16 266
29 16 267
29 16 268
29 16 269
29 16 270
29 16 271
29 16 272
29 16 273
29 16 274
29 16 275
29 16 276
29 16 277
29 16 278
29 16 279
29 16 280
29 16 281
29 16 282
29 16 283
29 16 284
29 16 285
29 16 286
29 16 287
29 16 288
29 16 289
29 16 290
29 16 291
29 16 292
29 16 293
29 16 294
29 16 295
29 16 296
29 16 297
29 16 298
29 16 299
29 16 300
29 16 301
29 16 302
29 16 303
29 16 304
29 16 305
29 16 306
29 16 307
29 16 308
29 16 309
29 16 310
29 16 311
29 16 312
29 16 313
29 16 314
29 16 315
29 16 316
29 16 317
29 16 318
29 16 319
29 16 320
29 16 321
29 16 322
29 16 323
29 16 324
29 16 325
29 16 326
29 16 327
29 16 328
29 16 329
29 16 330
29 16 331
29 16 332
29 16 333
29 16 334
29 16 335
29 16 336
29 16 337
29 16 338
29 16 339
29 16 340
29 16 341
29 16 342
29 16 343
29 16 344
29 16 345
29 16 346
29 16 347
29 16 348
29 16 349
29 16 350
29 16 351
29 16 352
29 16 353
29 16 354
29 16 355
29 16 356
29 16 357
29 16 358
29 16 359
29 16 360
29 16 361
29 16 362
29 16 363
29 16 364
29 16 365
29 16 366
29 16 367
29 16 368
29 16 369
29 16 370
29 16 371
29 16 372
29 16 373
29 16 374
29 16 375
29 16 376
29 16 377
29 16 378
29 16 379
29 16 380
29 16 381
29 16 382
29 16 383
29 16 384
29 16 385
29 16 386
29 16 387
29 16 388
29 16 389
29 16 390
29 16 391
29 16 392
29 16 393
29 16 394
29 16 395
29 16 396
29 16 397
29 16 398
29 16 399
29 16 400
29 16 401
29 16 402
29 16 403
29 16 404
29 16 405
29 16 406
29 16 407
29 16 408
29 16 409
29 16 410
29 16 411
29 16 412
29 16 413
29 16 414
29 16 415
29 16 416
29 16 417
29 16 418
29 16 419
29 16 420
29 16 421
29 16 422
29 16 423
29 16 424
29 16 425
29 16 426
29 16 427
29 16 428
29 16 429
29 16 430
29 16 431
29 16 432
29 16 433
29 16 434
29 16 435
29 16 436
29 16 437
29 16 438
29 16 439
29 16 440
29 16 441
29 16 442
29 16 443
29 16 444
29 16 445
29 16 446
29 16 447
29 16 448
29 16 449
29 16 450
29 16 451
29 16 452
29 16 453
29 16 454
29 16 455
29 16 456
29 16 457
29 16 458
29 16 459
29 16 460
29 16 461
29 16 462
29 16 463
29 16 464
29 16 465
29 16 466
29 16 467
29 16 468
29 16 469
29 16 470
29 16 471
29 16 472
29 16 473
29 16 474
29 16 475
29 16 476
29 16 477
29 16 478
29 16 479
29 16 480
29 16 481
29 16 482
29 16 483
29 16 484
29 16 485
29 16 486
29 16 487
29 16 488
29 16 489
29 16 490
29 16 491
29 16 492
29 16 493
29 16 494
29 16 495
29 16 496
29 16 497
29 16 498
29 16 499
29 16 500
29 16 501
29 16 502
29 16 503
29 16 504
29 16 505
29 16 506
29 16 507
29 16 508
29 16 509
29 16 510
29 16 511
29 16 512
29 16 513
29 16 514
29 16 515
29 16 516
29 16 517
29 16 518
29 16 519
29 16 520
29 16 521
29 16 522
29 16 523
29 16 524
29 16 525
29 16 526
29 16 527
29 16 528
29 16 529
29 16 530
29 16 531
29 16 532
29 16 533
29 16 534
29 16 535
29 16 536
29 16 537
29 16 538
29 16 539
29 16 540
29 16 541
29 16 542
29 16 543
29 16 544
29 16 545
29 16 546
29 16 547
29 16 548
29 16 549
29 16 550
29 16 551
29 16 552
29 16 553
29 16 554
29 16 555
29 16 556
29 16 557
29 16 558
29 16 559
29 16 560
29 16 561
29 16 562
29 16 563
29 16 564
29 16 565
29 16 566
29 16 567
29 16 568
29 16 569
29 16 570
29 16 571
29 16 572
29 16 573
29 16 574
29 16 575
29 16 576
29 16 577
29 16 578
29 16 579
29 16 580
29 16 581
29 16 582
29 16 583
29 16 584
29 16 585
29 16 586
29 16 587
29 16 588
29 16 589
29 16 590
29 16 591
29 16 592
29 16 593
29 16 594
29 16 595
29 16 596
29 16 597
29 16 598
29 16 599
29 16 600
29 16 601
29 16 602
29 16 603
29 16 604
29 16 605
29 16 606
29 16 607
29 16 608
29 16 609
29 16 610
29 16 611
29 16 612
29 16 613
29 16 614
29 16 615
29 16 616
29 16 617
29 16 618
29 16 619
29 16 620
29 16 621
29 16 622
29 16 623
29 16 624
29 16 625
29 16 626
29 16 627
29 16 628
29 16 629
29 16 630
29 16 631
29 16 632
29 16 633
29 16 634
29 16 635
29 16 636
29 16 637
29 16 638
29 16 639
29 16 640
29 16 641
29 16 642
29 16 643
29 16 644
29 16 645
29 16 646
29 16 647
29 16 648
29 16 649
29 16 650
29 16 651
29 16 652
29 16 653
29 16 654
29 16 655
29 16 656
29 16 657
29 16 658
29 16 659
29 16 660
29 16 661
29 16 662
29 16 663
29 16 664
29 16 665
29 16 666
29 16 667
29 16 668
29 16 669
29 16 670
29 16 671
29 16 672
29 16 673
29 16 674
29 16 675
29 16 676
29 16 677
29 16 678
29 16 679
29 16 680
29 16 681
29 16 682
29 16 683
29 16 684
29 16 685
29 16 686
29 16 687
29 16 688
29 16 689
29 16 690
29 16 691
29 16 692
29 16 693
29 16 694
29 16 695
29 16 696
29 16 697
29 16 698
29 16 699
29 16 700
29 16 701
29 16 702
29 16 703
29 16 704
29 16 705
29 16 706
29 16 707
29 16 708
29 16 709
29 16 710
29 16 711
29 16 712
29 16 713
29 16 714
29 16 715
29 16 716
29 16 717
29 16 718
29 16 719
29 16 720
29 16 721
29 16 722
29 16 723
29 16 724
29 16 725
29 16 726
29 16 727
29 16 728
29 16 729
29 16 730
29 16 731
29 16 732
29 16 733
29 16 734
29 16 735
29 16 736
29 16 737
29 16 738
29 16 739
29 16 740
29 16 741
29 16 742
29 16 743
29 16 744
29 16 745
29 16 746
29 16 747
29 16 748
29 16 749
29 16 750
29 16 751
29 16 752
29 16 753
29 16 754
29 16 755
29 16 756
29 16 757
29 16 758
29 16 759
29 16 760
29 16 761
29 16 762
29 16 763
29 16 764
29 16 765
29 16 766
29 16 767
29 16 768
29 16 769
29 16 770
29 16 771
29 16 772
29 16 773
29 16 774
29 16 775
29 16 776
29 16 777
29 16 778
29 16 779
29 16 780
29 16 781
29 16 782
29 16 783
29 16 784
29 16 785
29 16 786
29 16 787
29 16 788
29 16 789
29 16 790
29 16 791
29 16 792
29 16 793
29 16 794
29 16 795
29 16 796
29 16 797
29 16 798
29 16 799
29 16 800
29 16 801
29 16 802
29 16 803
29 16 804
29 16 805
29 16 806
29 16 807
29 16 808
29 16 809
29 16 810
29 16 811
29 16 812
29 16 813
29 16 814
29 16 815
29 16 816
29 16 817
29 16 818
29 16 819
29 16 820
29 16 821
29 16 822
29 16 823
29 16 824
29 16 825
29 16 826
29 16 827
29 16 828
29 16 829
29 16 830
29 16 831
29 16 832
29 16 833
29 16 834
29 16 835
29 16 836
29 16 837
29 16 838
29 16 839
29 16 840
29 16 841
29 16 842
29 16 843
29 16 844
29 16 845
29 16 846
29 16 847
29 16 848
29 16 849
29 16 850
29 16 851
29 16 852
29 16 853
29 16 854
29 16 855
29 16 856
29 16 857
29 16 858
29 16 859
29 16 860
29 16 861
29 16 862
29 16 863
29 16 864
29 16 865
29 16 866
29 16 867
29 16 868
29 16 869
29 16 870
29 16 871
29 16 872
29 16 873
29 16 874
29 16 875
29 16 876
29 16 877
29 16 878
29 16 879
29 16 880
29 16 881
29 16 882
29 16 883
29 16 884
29 16 885
29 16 886
29 16 887
29 16 888
29 16 889
29 16 890
29 16 891
29 16 892
29 16 893
29 16 894
29 16 895
29 16 896
29 16 897
29 16 898
29 16 899
29 16 900
29 16 901
29 16 902
29 16 903
29 16 904
29 16 905
29 16 906
29 16 907
29 16 908
29 16 909
29 16 910
29 16 911
29 16 912
29 16 913
29 16 914
29 16 915
29 16 916
29 16 917
29 16 918
29 16 919
29 16 920
29 16 921
29 16 922
29 16 923
29 16 924
29 16 925
29 16 926
29 16 927
29 16 928
29 16 929
29 16 930
29 16 931
29 16 932
29 16 933
29 16 934
29 16 935
29 16 936
29 16 937
29 16 938
29 16 939
29 16 940
29 16 941
29 16 942
29 16 943
29 16 944
29 16 945
29 16 946
29 16 947
29 16 948
29 16 949
29 16 950
29 16 951
29 16 952
29 16 953
29 16 954
29 16 955
29 16 956
29 16 957
29 16 958
29 16 959
29 16 960
29 16 961
29 16 962
29 16 963
29 16 964
29 16 965
29 16 966
29 16 967
29 16 968
29 16 969
29 16 970
29 16 971
29 16 972
29 16 973
29 16 974
29 16 975
29 16 976
29 16 977
29 16 978
29 16 979
29 16 980
29 16 981
29 16 982
29 16 983
29 16 984
29 16 985
29 16 986
29 16 987
29 16 988
29 16 989
29 16 990
29 16 991
29 16 992
29 16 993
29 16 994
29 16 995
29 16 996
29 16 997
29 16 998
29 16 999
29 16 1000
29 16 1001
29 16 1002
29 16 1003
29 16 1004
29 16 1005
29 16 1006
29 16 1007
29 16 1008
29 16 1009
29 16 1010
29 16 1011
29 16 1012
29 16 1013
29 16 1014
29 16 1015
29 16 1016
29 16 1017
29 16 1018
29 16 1019
29 16 1020
29 16 1021
29 16 1022
29 16 1023
29 16 1024
29 16 1025
29 16 1026
29 16 1027
29 16 1028
29 16 1029
29 16 1030
29 16 1031
29 16 1032
29 16 1033
29 16 1034
29 16 1035
29 16 1036
29 16 1037
29 16 1038
29 16 1039
29 16 1040
29 16 1041
29 16 1042
29 16 1043
29 16 1044
29 16 1045
29 16 1046
29 16 1047
29 16 1048
29 16 1049
29 16 1050
29 16 1051
29 16 1052
29 16 1053
29 16 1054
29 16 1055
29 16 1056
29 16 1057
29 16 1058
29 16 1059
29 16 1060
29 16 1061
29 16 1062
29 16 1063
29 16 1064
29 16 1065
29 16 1066
29 16 1067
29 16 1068
29 16 1069
29 16 1070
29 16 1071
29 16 1072
29 16 1073
29 16 1074
29 16 1075
29 16 1076
29 16 1077
29 16 1078
29 16 1079
29 16 1080
29 16 1081
29 16 1082
29 16 1083
29 16 1084
29 16 1085
29 16 1086
29 16 1087
29 16 1088
29 16 1089
29 16 1090
29 16 1091
29 16 1092
29 16 1093
29 16 1094
29 16 1095
29 16 1096
29 16 1097
29 16 1098
29 16 1099
29 16 1100
29 16 1101
29 16 1102
29 16 1103
29 16 1104
29 16 1105
29 16 1106
29 16 1107
29 16 1108
29 16 1109
29 16 1110
29 16 1111
29 16 1112
29 16 1113
29 16 1114
29 16 1115
29 16 1116
29 16 1117
29 16 1118
29 16 1119
29 16 1120
29 16 1121
29 16 1122
29 16 1123
29 16 1124
29 16 1125
29 16 1126
29 16 1127
29 16 1128
29 16 1129
29 16 1130
29 16 1131
29 16 1132
29 16 1133
29 16 1134
29 16 1135
29 16 1136
29 16 1137
29 16 1138
29 16 1139
29 16 1140
29 16 1141
29 16 1142
29 16 1143
29 16 1144
29 16 1145
29 16 1146
29 16 1147
29 16 1148
29 16 1149
29 16 1150
29 16 1151
29 16 1152
29 16 1153
29 16 1154
29 16 1155
29 16 1156
29 16 1157
29 16 1158
29 16 1159
29 16 1160
29 16 1161
29 16 1162
29 16 1163
29 16 1164
29 16 1165
29 16 1166
29 16 1167
29 16 1168
29 16 1169
29 16 1170
29 16 1171
29 16 1172
29 16 1173
29 16 1174
29 16 1175
29 16 1176
29 16 1177
29 16 1178
29 16 1179
29 16 1180
29 16 1181
29 16 1182
29 16 1183
29 16 1184
29 16 1185
29 16 1186
29 16 1187
29 16 1188
29 16 1189
29 16 1190
29 16 1191
29 16 1192
29 16 1193
29 16 1194
29 16 1195
29 16 1196
29 16 1197
29 16 1198
29 16 1199
29 16 1200
29 16 1201
29 16 1202
29 16 1203
29 16 1204
29 16 1205
29 16 1206
29 16 1207
29 16 1208
29 16 1209
29 16 1210
29 16 1211
29 16 1212
29 16 1213
29 16 1214
29 16 1215
29 16 1216
29 16 1217
29 16 1218
29 16 1219
29 16 1220
29 16 1221
29 16 1222
29 16 1223
29 16 1224
29 16 1225
29 16 1226
29 16 1227
29 16 1228
29 16 1229
29 16 1230
29 16 1231
29 16 1232
29 16 1233
29 16 1234
29 16 1235
29 16 1236
29 16 1237
29 16 1238
29 16 1239
29 16 1240
29 16 1241
29 16 1242
29 16 1243
29 16 1244
29 16 1245
29 16 1246
29 16 1247
29 16 1248
29 16 1249
29 16 1250
29 16 1251
29 16 1252
29 16 1253
29 16 1254
29 16 1255
29 16 1256
29 16 1257
29 16 1258
29 16 1259
29 16 1260
29 16 1261
29 16 1262
29 16 1263
29 16 1264
29 16 1265
29 16 1266
29 16 1267
29 16 1268
29 16 1269
29 16 1270
29 16 1271
29 16 1272
29 16 1273
29 16 1274
29 16 1275
29 16 1276
29 16 1277
29 16 1278
29 16 1279
29 16 1280
29 16 1281
29 16 1282
29 16 1283
29 16 1284
29 16 1285
29 16 1286
29 16 1287
29 16 1288
29 16 1289
29 16 1290
29 16 1291
29 16 1292
29 16 1293
29 16 1294
29 16 1295
29 16 1296
29 16 1297
29 16 1298
29 16 1299
29 16 1300
29 16 1301
29 16 1302
29 16 1303
29 16 1304
29 16 1305
29 16 1306
29 16 1307
29 16 1308
29 16 1309
29 16 1310
29 16 1311
29 16 1312
29 16 1313
29 16 1314
29 16 1315
29 16 1316
29 16 1317
29 16 1318
29 16 1319
29 16 1320
29 16 1321
29 16 1322
29 16 1323
29 16 1324
29 16 1325
29 16 1326
29 16 1327
29 16 1328
29 16 1329
29 16 1330
29 16 1331
29 16 1332
29 16 1333
29 16 1334
29 16 1335
29 16 1336
29 16 1337
29 16 1338
29 16 1339
29 16 1340
29 16 1341
29 16 1342
29 16 1343
29 16 1344
29 16 1345
29 16 1346
29 16 1347
29 16 1348
29 16 1349
29 16 1350
29 16 1351
29 16 1352
29 16 1353
29 16 1354
29 16 1355
29 16 1356
29 16 1357
29 16 1358
29 16 1359
29 16 1360
29 16 1361
29 16 1362
29 16 1363
29 16 1364
29 16 1365
29 16 1366
29 16 1367
29 16 1368
29 16 1369
29 16 1370
29 16 1371
29 16 1372
29 16 1373
29 16 1374
29 16 1375
29 16 1376
29 16 1377
29 16 1378
29 16 1379
29 16 1380
29 16 1381
29 16 1382
29 16 1383
29 16 1384
29 16 1385
29 16 1386
29 16 1387
29 16 1388
29 16 1389
29 16 1390
29 16 1391
29 16 1392
29 16 1393
29 16 1394
29 16 1395
29 16 1396
29 16 1397
29 16 1398
29 16 1399
29 16 1400
29 16 1401
29 16 1402
29 16 1403
29 16 1404
29 16 1405
29 16 1406
29 16 1407
29 16 1408
29 16 1409
29 16 1410
29 16 1411
29 16 1412
29 16 1413
29 16 1414
29 16 1415
29 16 1416
29 16 1417
29 16 1418
29 16 1419
29 16 1420
29 16 1421
29 16 1422
29 16 1423
29 16 1424
29 16 1425
29 16 1426
29 16 1427
29 16 1428
29 16 1429
29 16 1430
29 16 1431
29 16 1432
29 16 1433
29 16 1434
29 16 1435
29 16 1436
29 16 1437
29 16 1438
29 16 1439
29 16 1440
29 16 1441
29 16 1442
29 16 1443
29 16 1444
29 16 1445
29 16 1446
29 16 1447
29 16 1448
29 16 1449
29 16 1450
29 16 1451
29 16 1452
29 16 1453
29 16 1454
29 16 1455
29 16 1456
29 16 1457
29 16 1458
29 16 1459
29 16 1460
29 16 1461
29 16 1462
29 16 1463
29 16 1464
29 16 1465
29 16 1466
29 16 1467
29 16 1468
29 16 1469
29 16 1470
29 16 1471
29 16 1472
29 16 1473
29 16 1474
29 16 1475
29 16 1476
29 16 1477
29 16 1478
29 16 1479
29 16 1480
29 16 1481
29 16 1482
29 16 1483
29 16 1484
29 16 1485
29 16 1486
29 16 1487
29 16 1488
29 16 1489
29 16 1490
29 16 1491
29 16 1492
29 16 1493
29 16 1494
29 16 1495
29 16 1496
29 16 1497
29 16 1498
29 16 1499
29 16 1500
29 16 1501
29 16 1502
29 16 1503
29 16 1504
29 16 1505
29 16 1506
29 16 1507
29 16 1508
29 16 1509
29 16 1510
29 16 1511
29 16 1512
29 16 1513
29 16 1514
29 16 1515
29 16 1516
29 16 1517
29 16 1518
29 16 1519
29 16 1520
29 16 1521
29 16 1522
29 16 1523
29 16 1524
29 16 1525
29 16 1526
29 16 1527
29 16 1528
29 16 1529
29 16 1530
29 16 1531
29 16 1532
29 16 1533
29 16 1534
29 16 1535
29 16 1536
29 16 1537
29 16 1538
29 16 1539
29 16 1540
29 16 1541
29 16 1542
29 16 1543
29 16 1544
29 16 1545
29 16 1546
29 16 1547
29 16 1548
29 16 1549
29 16 1550
29 16 1551
29 16 1552
29 16 1553
29 16 1554
29 16 1555
29 16 1556
29 16 1557
29 16 1558
29 16 1559
29 16 1560
29 16 1561
29 16 1562
29 16 1563
29 16 1564
29 16 1565
29 16 1566
29 16 1567
29 16 1568
29 16 1569
29 16 1570
29 16 1571
29 16 1572
29 16 1573
29 16 1574
29 16 1575
29 16 1576
29 16 1577
29 16 1578
29 16 1579
29 16 1580
29 16 1581
29 16 1582
29 16 1583
29 16 1584
29 16 1585
29 16 1586
29 16 1587
29 16 1588
29 16 1589
29 16 1590
29 16 1591
29 16 1592
29 16 1593
29 16 1594
29 16 1595
29 16 1596
29 16 1597
29 16 1598
29 16 1599
29 16 1600
29 16 1601
29 16 1602
29 16 1603
29 16 1604
29 16 1605
29 16 1606
29 16 1607
29 16 1608
29 16 1609
29 16 1610
29 16 1611
29 16 1612
29 16 1613
29 16 1614
29 16 1615
29 16 1616
29 16 1617
29 16 1618
29 16 1619
29 16 1620
29 16 1621
29 16 1622
29 16 1623
29 16 1624
29 16 1625
29 16 1626
29 16 1627
29 16 1628
29 16 1629
29 16 1630
29 16 1631
29 16 1632
29 16 1633
29 16 1634
29 16 1635
29 16 1636
29 16 1637
29 16 1638
29 16 1639
29 16 1640
29 16 1641
29 16 1642
29 16 1643
29 16 1644
29 16 1645
29 16 1646
29 16 1647
29 16 1648
29 16 1649
29 16 1650
29 16 1651
29 16 1652
29 16 1653
29 16 1654
29 16 1655
29 16 1656
29 16 1657
29 16 1658
29 16 1659
29 16 1660
29 16 1661
29 16 1662
29 16 1663
29 16 1664
29 16 1665
29 16 1666
29 16 1667
29 16 1668
29 16 1669
29 16 1670
29 16 1671
29 16 1672
29 16 1673
29 16 1674
29 16 1675
29 16 1676
29 16 1677
29 16 1678
29 16 1679
29 16 1680
29 16 1681
29 16 1682
29 16 1683
29 16 1684
29 16 1685
29 16 1686
29 16 1687
29 16 1688
29 16 1689
29 16 1690
29 16 1691
29 16 1692
29 16 1693
29 16 1694
29 16 1695
29 16 1696
29 16 1697
29 16 1698
29 16 1699
29 16 1700
29 16 1701
29 16 1702
29 16 1703
29 16 1704
29 16 1705
29 16 1706
29 16 1707
29 16 1708
29 16 1709
29 16 1710
29 16 1711
29 16 1712
29 16 1713
29 16 1714
29 16 1715
29 16 1716
29 16 1717
29 16 1718
29 16 1719
29 16 1720
29 16 1721
29 16 1722
29 16 1723
29 16 1724
29 16 1725
29 16 1726
29 16 1727
29 16 1728
29 16 1729
29 16 1730
29 16 1731
29 16 1732
29 16 1733
29 16 1734
29 16 1735
29 16 1736
29 16 1737
29 16 1738
29 16 1739
29 16 1740
29 16 1741
29 16 1742
29 16 1743
29 16 1744
29 16 1745
29 16 1746
29 16 1747
29 16 1748
29 16 1749
29 16 1750
29 16 1751
29 16 1752
29 16 1753
29 16 1754
29 16 1755
29 16 1756
29 16 1757
29 16 1758
29 16 1759
29 16 1760
29 16 1761
29 16 1762
29 16 1763
29 16 1764
29 16 1765
29 16 1766
29 16 1767
29 16 1768
29 16 1769
29 16 1770
29 16 1771
29 16 1772
29 16 1773
29 16 1774
29 16 1775
29 16 1776
29 16 1777
29 16 1778
29 16 1779
29 16 1780
29 16 1781
29 16 1782
29 16 1783
29 16 1784
29 16 1785
29 16 1786
29 16 1787
29 16 1788
29 16 1789
29 16 1790
29 16 1791
29 16 1792
29 16 1793
29 16 1794
29 16 1795
29 16 1796
29 16 1797
29 16 1798
29 16 1799
29 16 1800
29 16 1801
29 16 1802
29 16 1803
29 16 1804
29 16 1805
29 16 1806
29 16 1807
29 16 1808
29 16 1809
29 16 1810
29 16 1811
29 16 1812
29 16 1813
29 16 1814
29 16 1815
29 16 1816
29 16 1817
29 16 1818
29 16 1819
29 16 1820
29 16 1821
29 16 1822
29 16 1823
29 16 1824
29 16 1825
29 16 1826
29 16 1827
29 16 1828
29 16 1829
29 16 1830
29 16 1831
29 16 1832
29 16 1833
29 16 1834
29 16 1835
29 16 1836
29 16 1837
29 16 1838
29 16 1839
29 16 1840
29 16 1841
29 16 1842
29 16 1843
29 16 1844
29 16 1845
29 16 1846
29 16 1847
29 16 1848
29 16 1849
29 16 1850
29 16 1851
29 16 1852
29 16 1853
29 16 1854
29 16 1855
29 16 1856
29 16 1857
29 16 1858
29 16 1859
29 16 1860
29 16 1861
29 16 1862
29 16 1863
29 16 1864
29 16 1865
29 16 1866
29 16 1867
29 16 1868
29 16 1869
29 16 1870
29 16 1871
29 16 1872
29 16 1873
29 16 1874
29 16 1875
29 16 1876
29 16 1877
29 16 1878
29 16 1879
29 16 1880
29 16 1881
29 16 1882
29 16 1883
29 16 1884
29 16 1885
29 16 1886
29 16 1887
29 16 1888
29 16 1889
29 16 1890
29 16 1891
29 16 1892
29 16 1893
29 16 1894
29 16 1895
29 16 1896
29 16 1897
29 16 1898
29 16 1899
29 16 1900
29 16 1901
29 16 1902
29 16 1903
29 16 1904
29 16 1905
29 16 1906
29 16 1907
29 16 1908
29 16 1909
29 16 1910
29 16 1911
29 16 1912
29 16 1913
29 16 1914
29 16 1915
29 16 1916
29 16 1917
29 16 1918
29 16 1919
29 16 1920
29 16 1921
29 16 1922
29 16 1923
29 16 1924
29 16 1925
29 16 1926
29 16 1927
29 16 1928
29 16 1929
29 16 1930
29 16 1931
29 16 1932
29 16 1933
29 16 1934
29 16 1935
29 16 1936
29 16 1937
29 16 1938
29 16 1939
29 16 1940
29 16 1941
29 16 1942
29 16 1943
29 16 1944
29 16 1945
29 16 1946
29 16 1947
29 16 1948
29 16 1949
29 16 1950
29 16 1951
29 16 1952
29 16 1953
29 16 1954
29 16 1955
29 16 1956
29 16 1957
29 16 1958
29 16 1959
29 16 1960
29 16 1961
29 16 1962
29 16 1963
29 16 1964
29 16 1965
29 16 1966
29 16 1967
29 16 1968
29 16 1969
29 16 1970
29 16 1971
29 16 1972
29 16 1973
29 16 1974
29 16 1975
29 16 1976
29 16 1977
29 16 1978
29 16 1979
29 16 1980
29 16 1981
29 16 1982
29 16 1983
29 16 1984
29 16 1985
29 16 1986
29 16 1987
29 16 1988
29 16 1989
29 16 1990
29 16 1991
29 16 1992
29 16 1993
29 16 1994
29 16 1995
29 16 1996
29 16 1997
29 16 1998
29 16 1999
29 16 2000
29 16 2001
29 16 2002
29 16 2003
29 16 2004
29 16 2005
29 16 2006
29 16 2007
29 16 2008
29 16 2009
29 16 2010
29 16 2011
29 16 2012
29 16 2013
29 16 2014
29 16 2015
29 16 2016
29 16 2017
29 16 2018
29 16 2019
29 16 2020
29 16 2021
29 16 2022
29 16 2023
29 16 2024
29 16 2025
29 16 2026
29 16 2027
29 16 2028
29 16 2029
29 16 2030
29 16 2031
29 16 2032
29 16 2033
29 16 2034
29 16 2035
29 16 2036
29 16 2037
29 16 2038
29 16 2039
29 16 2040
29 16 2041
29 16 2042
29 16 2043
29 16 2044
29 16 2045
29 16 2046
29 16 2047
29 16 2048
29 16 2049
29 16 2050
29 16 2051
29 16 2052
29 16 2053
29 16 2054
29 16 2055
29 16 2056
29 16 2057
29 16 2058
29 16 2059
29 16 2060
29 16 2061
29 16 2062
29 16 2063
29 16 2064
29 16 2065
29 16 2066
29 16 2067
29 16 2068
29 16 2069
29 16 2070
29 16 2071
29 16 2072
29 16 2073
29 16 2074
29 16 2075
29 16 2076
29 16 2077
29 16 2078
29 16 2079
29 16 2080
29 16 2081
29 16 2082
29 16 2083
29 16 2084
29 16 2085
29 16 2086
29 16 2087
29 16 2088
29 16 2089
29 16 2090
29 16 2091
29 16 2092
29 16 2093
29 16 2094
29 16 2095
29 16 2096
29 16 2097
29 16 2098
29 16 2099
29 16 2100
29 16 2101
29 16 2102
29 16 2103
29 16 2104
29 16 2105
29 16 2106
29 16 2107
29 16 2108
29 16 2109
29 16 2110
29 16 2111
29 16 2112
29 16 2113
29 16 2114
29 16 2115
29 16 2116
29 16 2117
29 16 2118
29 16 2119
29 16 2120
29 16 2121
29 16 2122
29 16 2123
29 16 2124
29 16 2125
29 16 2126
29 16 2127
29 16 2128
29 16 2129
29 16 2130
29 16 2131
29 16 2132
29 16 2133
29 16 2134
29 16 2135
29 16 2136
29 16 2137
29 16 2138
29 16 2139
29 16 2140
29 16 2141
29 16 2142
29 16 2143
29 16 2144
29 16 2145
29 16 2146
29 16 2147
29 16 2148
29 16 2149
29 16 2150
29 16 2151
29 16 2152
29 16 2153
29 16 2154
29 16 2155
29 16 2156
29 16 2157
29 16 2158
29 16 2159
29 16 2160
29 16 2161
29 16 2162
29 16 2163
29 16 2164
29 16 2165
29 16 2166
29 16 2167
29 16 2168
29 16 2169
29 16 2170
29 16 2171
29 16 2172
29 16 2173
29 16 2174
29 16 2175
29 16 2176
29 16 2177
29 16 2178
29 16 2179
29 16 2180
29 16 2181
29 16 2182
29 16 2183
29 16 2184
29 16 2185
29 16 2186
29 16 2187
29 16 2188
29 16 2189
29 16 2190
29 16 2191
29 16 2192
29 16 2193
29 16 2194
29 16 2195
29 16 2196
29 16 2197
29 16 2198
29 16 2199
29 16 2200
29 16 2201
29 16 2202
29 16 2203
29 16 2204
29 16 2205
29 16 2206
29 16 2207
29 16 2208
29 16 2209
29 16 2210
29 16 2211
29 16 2212
29 16 2213
29 16 2214
29 16 2215
29 16 2216
29 16 2217
29 16 2218
29 16 2219
29 16 2220
29 16 2221
29 16 2222
29 16 2223
29 16 2224
29 16 2225
29 16 2226
29 16 2227
29 16 2228
29 16 2229
29 16 2230
29 16 2231
29 16 2232
29 16 2233
29 16 2234
29 16 2235
29 16 2236
29 16 2237
29 16 2238
29 16 2239
29 16 2240
29 16 2241
29 16 2242
29 16 2243
29 16 2244
29 16 2245
29 16 2246
29 16 2247
29 16 2248
29 16 2249
29 16 2250
29 16 2251
29 16 2252
29 16 2253
29 16 2254
29 16 2255
29 16 2256
29 16 2257
29 16 2258
29 16 2259
29 16 2260
29 16 2261
29 16 2262
29 16 2263
29 16 2264
29 16 2265
29 16 2266
29 16 2267
29 16 2268
29 16 2269
29 16 2270
29 16 2271
29 16 2272
29 16 2273
29 16 2274
29 16 2275
29 16 2276
29 16 2277
29 16 2278
29 16 2279
29 16 2280
29 16 2281
29 16 2282
29 16 2283
29 16 2284
29 16 2285
29 16 2286
29 16 2287
29 16 2288
29 16 2289
29 16 2290
29 16 2291
29 16 2292
29 16 2293
29 16 2294
29 16 2295
29 16 2296
29 16 2297
29 16 2298
29 16 2299
29 16 2300
29 16 2301
29 16 2302
29 16 2303
29 16 2304
29 16 2305
29 16 2306
29 16 2307
29 16 2308
29 16 2309
29 16 2310
29 16 2311
29 16 2312
29 16 2313
29 16 2314
29 16 2315
29 16 2316
29 16 2317
29 16 2318
29 16 2319
29 16 2320
29 16 2321
29 16 2322
29 16 2323
29 16 2324
29 16 2325
29 16 2326
29 16 2327
29 16 2328
29 16 2329
29 16 2330
29 16 2331
29 16 2332
29 16 2333
29 16 2334
29 16 2335
29 16 2336
29 16 2337
29 16 2338
29 16 2339
29 16 2340
29 16 2341
29 16 2342
29 16 2343
29 16 2344
29 16 2345
29 16 2346
29 16 2347
29 16 2348
29 16 2349
29 16 2350
29 16 2351
29 16 2352
29 16 2353
29 16 2354
29 16 2355
29 16 2356
29 16 2357
29 16 2358
29 16 2359
29 16 2360
29 16 2361
29 16 2362
29 16 2363
29 16 2364
29 16 2365
29 16 2366
29 16 2367
29 16 2368
29 16 2369
29 16 2370
29 16 2371
29 16 2372
29 16 2373
29 16 2374
29 16 2375
29 16 2376
29 16 2377
29 16 2378
29 16 2379
29 16 2380
29 16 2381
29 16 2382
29 16 2383
29 16 2384
29 16 2385
29 16 2386
29 16 2387
29 16 2388
29 16 2389
29 16 2390
29 16 2391
29 16 2392
29 16 2393
29 16 2394
29 16 2395
29 16 2396
29 16 2397
29 16 2398
29 16 2399
29 16 2400
29 16 2401
29 16 2402
29 16 2403
29 16 2404
29 16 2405
29 16 2406
29 16 2407
29 16 2408
29 16 2409
29 16 2410
29 16 2411
29 16 2412
29 16 2413
29 16 2414
29 16 2415
29 16 2416
29 16 2417
29 16 2418
29 16 2419
29 16 2420
29 16 2421
29 16 2422
29 16 2423
29 16 2424
29 16 2425
29 16 2426
29 16 2427
29 16 2428
29 16 2429
29 16 2430
29 16 2431
29 16 2432
29 16 2433
29 16 2434
29 16 2435
29 16 2436
29 16 2437
29 16 2438
29 16 2439
29 16 2440
29 16 2441
29 16 2442
29 16 2443
29 16 2444
29 16 2445
29 16 2446
29 16 2447
29 16 2448
29 16 2449
29 16 2450
29 16 2451
29 16 2452
29 16 2453
29 16 2454
29 16 2455
29 16 2456
29 16 2457
