15 28 1
15 28 2
15 28 3
15 28 4
15 28 5
15 28 6
15 28 7
15 28 8
15 28 9
15 28 10
15 28 11
15 28 12
15 28 13
15 28 14
15 28 15
15 28 16
15 28 17
15 28 18
15 28 19
15 28 20
15 28 21
15 28 22
15 28 23
15 28 24
15 28 25
15 28 26
15 28 27
15 28 28
15 28 29
15 28 30
15 28 31
15 28 32
15 28 33
15 28 34
15 28 35
15 28 36
15 28 37
15 28 38
15 28 39
15 28 40
15 28 41
15 28 42
15 28 43
15 28 44
15 28 45
15 28 46
15 28 47
15 28 48
15 28 49
15 28 50
15 28 51
15 28 52
15 28 53
15 28 54
15 28 55
15 28 56
15 28 57
15 28 58
15 28 59
15 28 60
15 28 61
15 28 62
15 28 63
15 28 64
15 28 65
15 28 66
15 28 67
15 28 68
15 28 69
15 28 70
15 28 71
15 28 72
15 28 73
15 28 74
15 28 75
15 28 76
15 28 77
15 28 78
15 28 79
15 28 80
15 28 81
15 28 82
15 28 83
15 28 84
15 28 85
15 28 86
15 28 87
15 28 88
15 28 89
15 28 90
15 28 91
15 28 92
15 28 93
15 28 94
15 28 95
15 28 96
15 28 97
15 28 98
15 28 99
15 28 100
15 28 101
15 28 102
15 28 103
15 28 104
15 28 105
15 28 106
15 28 107
15 28 108
15 28 109
15 28 110
15 28 111
15 28 112
15 28 113
15 28 114
15 28 115
15 28 116
15 28 117
15 28 118
15 28 119
15 28 120
15 28 121
15 28 122
15 28 123
15 28 124
15 28 125
15 28 126
15 28 127
15 28 128
15 28 129
15 28 130
15 28 131
15 28 132
15 28 133
15 28 134
15 28 135
15 28 136
15 28 137
15 28 138
15 28 139
15 28 140
15 28 141
15 28 142
15 28 143
15 28 144
15 28 145
15 28 146
15 28 147
15 28 148
15 28 149
15 28 150
15 28 151
15 28 152
15 28 153
15 28 154
15 28 155
15 28 156
15 28 157
15 28 158
15 28 159
15 28 160
15 28 161
15 28 162
15 28 163
15 28 164
15 28 165
15 28 166
15 28 167
15 28 168
15 28 169
15 28 170
15 28 171
15 28 172
15 28 173
15 28 174
15 28 175
15 28 176
15 28 177
15 28 178
15 28 179
15 28 180
15 28 181
15 28 182
15 28 183
15 28 184
15 28 185
15 28 186
15 28 187
15 28 188
15 28 189
15 28 190
15 28 191
15 28 192
15 28 193
15 28 194
15 28 195
15 28 196
15 28 197
15 28 198
15 28 199
15 28 200
15 28 201
15 28 202
15 28 203
15 28 204
15 28 205
15 28 206
15 28 207
15 28 208
15 28 209
15 28 210
15 28 211
15 28 212
15 28 213
15 28 214
15 28 215
15 28 216
15 28 217
15 28 218
15 28 219
15 28 220
15 28 221
15 28 222
15 28 223
15 28 224
15 28 225
15 28 226
15 28 227
15 28 228
15 28 229
15 28 230
15 28 231
15 28 232
15 28 233
15 28 234
15 28 235
15 28 236
15 28 237
15 28 238
15 28 239
15 28 240
15 28 241
15 28 242
15 28 243
15 28 244
15 28 245
15 28 246
15 28 247
15 28 248
15 28 249
15 28 250
15 28 251
15 28 252
15 28 253
15 28 254
15 28 255
15 28 256
15 28 257
15 28 258
15 28 259
15 28 260
15 28 261
15 28 262
15 28 263
15 28 264
15 28 265
15 28 266
15 28 267
15 28 268
15 28 269
15 28 270
15 28 271
15 28 272
15 28 273
15 28 274
15 28 275
15 28 276
15 28 277
15 28 278
15 28 279
15 28 280
15 28 281
15 28 282
15 28 283
15 28 284
15 28 285
15 28 286
15 28 287
15 28 288
15 28 289
15 28 290
15 28 291
15 28 292
15 28 293
15 28 294
15 28 295
15 28 296
15 28 297
15 28 298
15 28 299
15 28 300
15 28 301
15 28 302
15 28 303
15 28 304
15 28 305
15 28 306
15 28 307
15 28 308
15 28 309
15 28 310
15 28 311
15 28 312
15 28 313
15 28 314
15 28 315
15 28 316
15 28 317
15 28 318
15 28 319
15 28 320
15 28 321
15 28 322
15 28 323
15 28 324
15 28 325
15 28 326
15 28 327
15 28 328
15 28 329
15 28 330
15 28 331
15 28 332
15 28 333
15 28 334
15 28 335
15 28 336
15 28 337
15 28 338
15 28 339
15 28 340
15 28 341
15 28 342
15 28 343
15 28 344
15 28 345
15 28 346
15 28 347
15 28 348
15 28 349
15 28 350
15 28 351
15 28 352
15 28 353
15 28 354
15 28 355
15 28 356
15 28 357
15 28 358
15 28 359
15 28 360
15 28 361
15 28 362
15 28 363
15 28 364
15 28 365
15 28 366
15 28 367
15 28 368
15 28 369
15 28 370
15 28 371
15 28 372
15 28 373
15 28 374
15 28 375
15 28 376
15 28 377
15 28 378
15 28 379
15 28 380
15 28 381
15 28 382
15 28 383
15 28 384
15 28 385
15 28 386
15 28 387
15 28 388
15 28 389
15 28 390
15 28 391
15 28 392
15 28 393
15 28 394
15 28 395
15 28 396
15 28 397
15 28 398
15 28 399
15 28 400
15 28 401
15 28 402
15 28 403
15 28 404
15 28 405
15 28 406
15 28 407
15 28 408
15 28 409
15 28 410
15 28 411
15 28 412
15 28 413
15 28 414
15 28 415
15 28 416
15 28 417
15 28 418
15 28 419
15 28 420
15 28 421
15 28 422
15 28 423
15 28 424
15 28 425
15 28 426
15 28 427
15 28 428
15 28 429
15 28 430
15 28 431
15 28 432
15 28 433
15 28 434
15 28 435
15 28 436
15 28 437
15 28 438
15 28 439
15 28 440
15 28 441
15 28 442
15 28 443
15 28 444
15 28 445
15 28 446
15 28 447
15 28 448
15 28 449
15 28 450
15 28 451
15 28 452
15 28 453
15 28 454
15 28 455
15 28 456
15 28 457
15 28 458
15 28 459
15 28 460
15 28 461
15 28 462
15 28 463
15 28 464
15 28 465
15 28 466
15 28 467
15 28 468
15 28 469
15 28 470
15 28 471
15 28 472
15 28 473
15 28 474
15 28 475
15 28 476
15 28 477
15 28 478
15 28 479
15 28 480
15 28 481
15 28 482
15 28 483
15 28 484
15 28 485
15 28 486
15 28 487
15 28 488
15 28 489
15 28 490
15 28 491
15 28 492
15 28 493
15 28 494
15 28 495
15 28 496
15 28 497
15 28 498
15 28 499
15 28 500
15 28 501
15 28 502
15 28 503
15 28 504
15 28 505
15 28 506
15 28 507
15 28 508
15 28 509
15 28 510
15 28 511
15 28 512
15 28 513
15 28 514
15 28 515
15 28 516
15 28 517
15 28 518
15 28 519
15 28 520
15 28 521
15 28 522
15 28 523
15 28 524
15 28 525
15 28 526
15 28 527
15 28 528
15 28 529
15 28 530
15 28 531
15 28 532
15 28 533
15 28 534
15 28 535
15 28 536
15 28 537
15 28 538
15 28 539
15 28 540
15 28 541
15 28 542
15 28 543
15 28 544
15 28 545
15 28 546
15 28 547
15 28 548
15 28 549
15 28 550
15 28 551
15 28 552
15 28 553
15 28 554
15 28 555
15 28 556
15 28 557
15 28 558
15 28 559
15 28 560
15 28 561
15 28 562
15 28 563
15 28 564
15 28 565
15 28 566
15 28 567
15 28 568
15 28 569
15 28 570
15 28 571
15 28 572
15 28 573
15 28 574
15 28 575
15 28 576
15 28 577
15 28 578
15 28 579
15 28 580
15 28 581
15 28 582
15 28 583
15 28 584
15 28 585
15 28 586
15 28 587
15 28 588
15 28 589
15 28 590
15 28 591
15 28 592
15 28 593
15 28 594
15 28 595
15 28 596
15 28 597
15 28 598
15 28 599
15 28 600
15 28 601
15 28 602
15 28 603
15 28 604
15 28 605
15 28 606
15 28 607
15 28 608
15 28 609
15 28 610
15 28 611
15 28 612
15 28 613
15 28 614
15 28 615
15 28 616
15 28 617
15 28 618
15 28 619
15 28 620
15 28 621
15 28 622
15 28 623
15 28 624
15 28 625
15 28 626
15 28 627
15 28 628
15 28 629
15 28 630
15 28 631
15 28 632
15 28 633
15 28 634
15 28 635
15 28 636
15 28 637
15 28 638
15 28 639
15 28 640
15 28 641
15 28 642
15 28 643
15 28 644
15 28 645
15 28 646
15 28 647
15 28 648
15 28 649
15 28 650
15 28 651
15 28 652
15 28 653
15 28 654
15 28 655
15 28 656
15 28 657
15 28 658
15 28 659
15 28 660
15 28 661
15 28 662
15 28 663
15 28 664
15 28 665
15 28 666
15 28 667
15 28 668
15 28 669
15 28 670
15 28 671
15 28 672
15 28 673
15 28 674
15 28 675
15 28 676
15 28 677
15 28 678
15 28 679
15 28 680
15 28 681
15 28 682
15 28 683
15 28 684
15 28 685
15 28 686
15 28 687
15 28 688
15 28 689
15 28 690
15 28 691
15 28 692
15 28 693
15 28 694
15 28 695
15 28 696
15 28 697
15 28 698
15 28 699
15 28 700
15 28 701
15 28 702
15 28 703
15 28 704
15 28 705
15 28 706
15 28 707
15 28 708
15 28 709
15 28 710
15 28 711
15 28 712
15 28 713
15 28 714
15 28 715
15 28 716
15 28 717
15 28 718
15 28 719
15 28 720
15 28 721
15 28 722
15 28 723
15 28 724
15 28 725
15 28 726
15 28 727
15 28 728
15 28 729
15 28 730
15 28 731
15 28 732
15 28 733
15 28 734
15 28 735
15 28 736
15 28 737
15 28 738
15 28 739
15 28 740
15 28 741
15 28 742
15 28 743
15 28 744
15 28 745
15 28 746
15 28 747
15 28 748
15 28 749
15 28 750
15 28 751
15 28 752
15 28 753
15 28 754
15 28 755
15 28 756
15 28 757
15 28 758
15 28 759
15 28 760
15 28 761
15 28 762
15 28 763
15 28 764
15 28 765
15 28 766
15 28 767
15 28 768
15 28 769
15 28 770
15 28 771
15 28 772
15 28 773
15 28 774
15 28 775
15 28 776
15 28 777
15 28 778
15 28 779
15 28 780
15 28 781
15 28 782
15 28 783
15 28 784
15 28 785
15 28 786
15 28 787
15 28 788
15 28 789
15 28 790
15 28 791
15 28 792
15 28 793
15 28 794
15 28 795
15 28 796
15 28 797
15 28 798
15 28 799
15 28 800
15 28 801
15 28 802
15 28 803
15 28 804
15 28 805
15 28 806
15 28 807
15 28 808
15 28 809
15 28 810
15 28 811
15 28 812
15 28 813
15 28 814
15 28 815
15 28 816
15 28 817
15 28 818
15 28 819
15 28 820
15 28 821
15 28 822
15 28 823
15 28 824
15 28 825
15 28 826
15 28 827
15 28 828
15 28 829
15 28 830
15 28 831
15 28 832
15 28 833
15 28 834
15 28 835
15 28 836
15 28 837
15 28 838
15 28 839
15 28 840
15 28 841
15 28 842
15 28 843
15 28 844
15 28 845
15 28 846
15 28 847
15 28 848
15 28 849
15 28 850
15 28 851
15 28 852
15 28 853
15 28 854
15 28 855
15 28 856
15 28 857
15 28 858
15 28 859
15 28 860
15 28 861
15 28 862
15 28 863
15 28 864
15 28 865
15 28 866
15 28 867
15 28 868
15 28 869
15 28 870
15 28 871
15 28 872
15 28 873
15 28 874
15 28 875
15 28 876
15 28 877
15 28 878
15 28 879
15 28 880
15 28 881
15 28 882
15 28 883
15 28 884
15 28 885
15 28 886
15 28 887
15 28 888
15 28 889
15 28 890
15 28 891
15 28 892
15 28 893
15 28 894
15 28 895
15 28 896
15 28 897
15 28 898
15 28 899
15 28 900
15 28 901
15 28 902
15 28 903
15 28 904
15 28 905
15 28 906
15 28 907
15 28 908
15 28 909
15 28 910
15 28 911
15 28 912
15 28 913
15 28 914
15 28 915
15 28 916
15 28 917
15 28 918
15 28 919
15 28 920
15 28 921
15 28 922
15 28 923
15 28 924
15 28 925
15 28 926
15 28 927
15 28 928
15 28 929
15 28 930
15 28 931
15 28 932
15 28 933
15 28 934
15 28 935
15 28 936
15 28 937
15 28 938
15 28 939
15 28 940
15 28 941
15 28 942
15 28 943
15 28 944
15 28 945
15 28 946
15 28 947
15 28 948
15 28 949
15 28 950
15 28 951
15 28 952
15 28 953
15 28 954
15 28 955
15 28 956
15 28 957
15 28 958
15 28 959
15 28 960
15 28 961
15 28 962
15 28 963
15 28 964
15 28 965
15 28 966
15 28 967
15 28 968
15 28 969
15 28 970
15 28 971
15 28 972
15 28 973
15 28 974
15 28 975
15 28 976
15 28 977
15 28 978
15 28 979
15 28 980
15 28 981
15 28 982
15 28 983
15 28 984
15 28 985
15 28 986
15 28 987
15 28 988
15 28 989
15 28 990
15 28 991
15 28 992
15 28 993
15 28 994
15 28 995
15 28 996
15 28 997
15 28 998
15 28 999
15 28 1000
15 28 1001
15 28 1002
15 28 1003
15 28 1004
15 28 1005
15 28 1006
15 28 1007
15 28 1008
15 28 1009
15 28 1010
15 28 1011
15 28 1012
15 28 1013
15 28 1014
15 28 1015
15 28 1016
15 28 1017
15 28 1018
15 28 1019
15 28 1020
15 28 1021
15 28 1022
15 28 1023
15 28 1024
15 28 1025
15 28 1026
15 28 1027
15 28 1028
15 28 1029
15 28 1030
15 28 1031
15 28 1032
15 28 1033
15 28 1034
15 28 1035
15 28 1036
15 28 1037
15 28 1038
15 28 1039
15 28 1040
15 28 1041
15 28 1042
15 28 1043
15 28 1044
15 28 1045
15 28 1046
15 28 1047
15 28 1048
15 28 1049
15 28 1050
15 28 1051
15 28 1052
15 28 1053
15 28 1054
15 28 1055
15 28 1056
15 28 1057
15 28 1058
15 28 1059
15 28 1060
15 28 1061
15 28 1062
15 28 1063
15 28 1064
15 28 1065
15 28 1066
15 28 1067
15 28 1068
15 28 1069
15 28 1070
15 28 1071
15 28 1072
15 28 1073
15 28 1074
15 28 1075
15 28 1076
15 28 1077
15 28 1078
15 28 1079
15 28 1080
15 28 1081
15 28 1082
15 28 1083
15 28 1084
15 28 1085
15 28 1086
15 28 1087
15 28 1088
15 28 1089
15 28 1090
15 28 1091
15 28 1092
15 28 1093
15 28 1094
15 28 1095
15 28 1096
15 28 1097
15 28 1098
15 28 1099
15 28 1100
15 28 1101
15 28 1102
15 28 1103
15 28 1104
15 28 1105
15 28 1106
15 28 1107
15 28 1108
15 28 1109
15 28 1110
15 28 1111
15 28 1112
15 28 1113
15 28 1114
15 28 1115
15 28 1116
15 28 1117
15 28 1118
15 28 1119
15 28 1120
15 28 1121
15 28 1122
15 28 1123
15 28 1124
15 28 1125
15 28 1126
15 28 1127
15 28 1128
15 28 1129
15 28 1130
15 28 1131
15 28 1132
15 28 1133
15 28 1134
15 28 1135
15 28 1136
15 28 1137
15 28 1138
15 28 1139
15 28 1140
15 28 1141
15 28 1142
15 28 1143
15 28 1144
15 28 1145
15 28 1146
15 28 1147
15 28 1148
15 28 1149
15 28 1150
15 28 1151
15 28 1152
15 28 1153
15 28 1154
15 28 1155
15 28 1156
15 28 1157
15 28 1158
15 28 1159
15 28 1160
15 28 1161
15 28 1162
15 28 1163
15 28 1164
15 28 1165
15 28 1166
15 28 1167
15 28 1168
15 28 1169
15 28 1170
15 28 1171
15 28 1172
15 28 1173
15 28 1174
15 28 1175
15 28 1176
15 28 1177
15 28 1178
15 28 1179
15 28 1180
15 28 1181
15 28 1182
15 28 1183
15 28 1184
15 28 1185
15 28 1186
15 28 1187
15 28 1188
15 28 1189
15 28 1190
15 28 1191
15 28 1192
15 28 1193
15 28 1194
15 28 1195
15 28 1196
15 28 1197
15 28 1198
15 28 1199
15 28 1200
15 28 1201
15 28 1202
15 28 1203
15 28 1204
15 28 1205
15 28 1206
15 28 1207
15 28 1208
15 28 1209
15 28 1210
15 28 1211
15 28 1212
15 28 1213
15 28 1214
15 28 1215
15 28 1216
15 28 1217
15 28 1218
15 28 1219
15 28 1220
15 28 1221
15 28 1222
15 28 1223
15 28 1224
15 28 1225
15 28 1226
15 28 1227
15 28 1228
15 28 1229
15 28 1230
15 28 1231
15 28 1232
15 28 1233
15 28 1234
15 28 1235
15 28 1236
15 28 1237
15 28 1238
15 28 1239
15 28 1240
15 28 1241
15 28 1242
15 28 1243
15 28 1244
15 28 1245
15 28 1246
15 28 1247
15 28 1248
15 28 1249
15 28 1250
15 28 1251
15 28 1252
15 28 1253
15 28 1254
15 28 1255
15 28 1256
15 28 1257
15 28 1258
15 28 1259
15 28 1260
15 28 1261
15 28 1262
15 28 1263
15 28 1264
15 28 1265
15 28 1266
15 28 1267
15 28 1268
15 28 1269
15 28 1270
15 28 1271
15 28 1272
15 28 1273
15 28 1274
15 28 1275
15 28 1276
15 28 1277
15 28 1278
15 28 1279
15 28 1280
15 28 1281
15 28 1282
15 28 1283
15 28 1284
15 28 1285
15 28 1286
15 28 1287
15 28 1288
15 28 1289
15 28 1290
15 28 1291
15 28 1292
15 28 1293
15 28 1294
15 28 1295
15 28 1296
15 28 1297
15 28 1298
15 28 1299
15 28 1300
15 28 1301
15 28 1302
15 28 1303
15 28 1304
15 28 1305
15 28 1306
15 28 1307
15 28 1308
15 28 1309
15 28 1310
15 28 1311
15 28 1312
15 28 1313
15 28 1314
15 28 1315
15 28 1316
15 28 1317
15 28 1318
15 28 1319
15 28 1320
15 28 1321
15 28 1322
15 28 1323
15 28 1324
15 28 1325
15 28 1326
15 28 1327
15 28 1328
15 28 1329
15 28 1330
15 28 1331
15 28 1332
15 28 1333
15 28 1334
15 28 1335
15 28 1336
15 28 1337
15 28 1338
15 28 1339
15 28 1340
15 28 1341
15 28 1342
15 28 1343
15 28 1344
15 28 1345
15 28 1346
15 28 1347
15 28 1348
15 28 1349
15 28 1350
15 28 1351
15 28 1352
15 28 1353
15 28 1354
15 28 1355
15 28 1356
15 28 1357
15 28 1358
15 28 1359
15 28 1360
15 28 1361
15 28 1362
15 28 1363
15 28 1364
15 28 1365
15 28 1366
15 28 1367
15 28 1368
15 28 1369
15 28 1370
15 28 1371
15 28 1372
15 28 1373
15 28 1374
15 28 1375
15 28 1376
15 28 1377
15 28 1378
15 28 1379
15 28 1380
15 28 1381
15 28 1382
15 28 1383
15 28 1384
15 28 1385
15 28 1386
15 28 1387
15 28 1388
15 28 1389
15 28 1390
15 28 1391
15 28 1392
15 28 1393
15 28 1394
15 28 1395
15 28 1396
15 28 1397
15 28 1398
15 28 1399
15 28 1400
15 28 1401
15 28 1402
15 28 1403
15 28 1404
15 28 1405
15 28 1406
15 28 1407
15 28 1408
15 28 1409
15 28 1410
15 28 1411
15 28 1412
15 28 1413
15 28 1414
15 28 1415
15 28 1416
15 28 1417
15 28 1418
15 28 1419
15 28 1420
15 28 1421
15 28 1422
15 28 1423
15 28 1424
15 28 1425
15 28 1426
15 28 1427
15 28 1428
15 28 1429
15 28 1430
15 28 1431
15 28 1432
15 28 1433
15 28 1434
15 28 1435
15 28 1436
15 28 1437
15 28 1438
15 28 1439
15 28 1440
15 28 1441
15 28 1442
15 28 1443
15 28 1444
15 28 1445
15 28 1446
15 28 1447
15 28 1448
15 28 1449
15 28 1450
15 28 1451
15 28 1452
15 28 1453
15 28 1454
15 28 1455
15 28 1456
15 28 1457
15 28 1458
15 28 1459
15 28 1460
15 28 1461
15 28 1462
15 28 1463
15 28 1464
15 28 1465
15 28 1466
15 28 1467
15 28 1468
15 28 1469
15 28 1470
15 28 1471
15 28 1472
15 28 1473
15 28 1474
15 28 1475
15 28 1476
15 28 1477
15 28 1478
15 28 1479
15 28 1480
15 28 1481
15 28 1482
15 28 1483
15 28 1484
15 28 1485
15 28 1486
15 28 1487
15 28 1488
15 28 1489
15 28 1490
15 28 1491
15 28 1492
15 28 1493
15 28 1494
15 28 1495
15 28 1496
15 28 1497
15 28 1498
15 28 1499
15 28 1500
15 28 1501
15 28 1502
15 28 1503
15 28 1504
15 28 1505
15 28 1506
15 28 1507
15 28 1508
15 28 1509
15 28 1510
15 28 1511
15 28 1512
15 28 1513
15 28 1514
15 28 1515
15 28 1516
15 28 1517
15 28 1518
15 28 1519
15 28 1520
15 28 1521
15 28 1522
15 28 1523
15 28 1524
15 28 1525
15 28 1526
15 28 1527
15 28 1528
15 28 1529
15 28 1530
15 28 1531
15 28 1532
15 28 1533
15 28 1534
15 28 1535
15 28 1536
15 28 1537
15 28 1538
15 28 1539
15 28 1540
15 28 1541
15 28 1542
15 28 1543
15 28 1544
15 28 1545
15 28 1546
15 28 1547
15 28 1548
15 28 1549
15 28 1550
15 28 1551
15 28 1552
15 28 1553
15 28 1554
15 28 1555
15 28 1556
15 28 1557
15 28 1558
15 28 1559
15 28 1560
15 28 1561
15 28 1562
15 28 1563
15 28 1564
15 28 1565
15 28 1566
15 28 1567
15 28 1568
15 28 1569
15 28 1570
15 28 1571
15 28 1572
15 28 1573
15 28 1574
15 28 1575
15 28 1576
15 28 1577
15 28 1578
15 28 1579
15 28 1580
15 28 1581
15 28 1582
15 28 1583
15 28 1584
15 28 1585
15 28 1586
15 28 1587
15 28 1588
15 28 1589
15 28 1590
15 28 1591
15 28 1592
15 28 1593
15 28 1594
15 28 1595
15 28 1596
15 28 1597
15 28 1598
15 28 1599
15 28 1600
15 28 1601
15 28 1602
15 28 1603
15 28 1604
15 28 1605
15 28 1606
15 28 1607
15 28 1608
15 28 1609
15 28 1610
15 28 1611
15 28 1612
15 28 1613
15 28 1614
15 28 1615
15 28 1616
15 28 1617
15 28 1618
15 28 1619
15 28 1620
15 28 1621
15 28 1622
15 28 1623
15 28 1624
15 28 1625
15 28 1626
15 28 1627
15 28 1628
15 28 1629
15 28 1630
15 28 1631
15 28 1632
15 28 1633
15 28 1634
15 28 1635
15 28 1636
15 28 1637
15 28 1638
15 28 1639
15 28 1640
15 28 1641
15 28 1642
15 28 1643
15 28 1644
15 28 1645
15 28 1646
15 28 1647
15 28 1648
15 28 1649
15 28 1650
15 28 1651
15 28 1652
15 28 1653
15 28 1654
15 28 1655
15 28 1656
15 28 1657
15 28 1658
15 28 1659
15 28 1660
15 28 1661
15 28 1662
15 28 1663
15 28 1664
15 28 1665
15 28 1666
15 28 1667
15 28 1668
15 28 1669
15 28 1670
15 28 1671
15 28 1672
15 28 1673
15 28 1674
15 28 1675
15 28 1676
15 28 1677
15 28 1678
15 28 1679
15 28 1680
15 28 1681
15 28 1682
15 28 1683
15 28 1684
15 28 1685
15 28 1686
15 28 1687
15 28 1688
15 28 1689
15 28 1690
15 28 1691
15 28 1692
15 28 1693
15 28 1694
15 28 1695
15 28 1696
15 28 1697
15 28 1698
15 28 1699
15 28 1700
15 28 1701
15 28 1702
15 28 1703
15 28 1704
15 28 1705
15 28 1706
15 28 1707
15 28 1708
15 28 1709
15 28 1710
15 28 1711
15 28 1712
15 28 1713
15 28 1714
15 28 1715
15 28 1716
15 28 1717
15 28 1718
15 28 1719
15 28 1720
15 28 1721
15 28 1722
15 28 1723
15 28 1724
15 28 1725
15 28 1726
15 28 1727
15 28 1728
15 28 1729
15 28 1730
15 28 1731
15 28 1732
15 28 1733
15 28 1734
15 28 1735
15 28 1736
15 28 1737
15 28 1738
15 28 1739
15 28 1740
15 28 1741
15 28 1742
15 28 1743
15 28 1744
15 28 1745
15 28 1746
15 28 1747
15 28 1748
15 28 1749
15 28 1750
15 28 1751
15 28 1752
15 28 1753
15 28 1754
15 28 1755
15 28 1756
15 28 1757
15 28 1758
15 28 1759
15 28 1760
15 28 1761
15 28 1762
15 28 1763
15 28 1764
15 28 1765
15 28 1766
15 28 1767
15 28 1768
15 28 1769
15 28 1770
15 28 1771
15 28 1772
15 28 1773
15 28 1774
15 28 1775
15 28 1776
15 28 1777
15 28 1778
15 28 1779
15 28 1780
15 28 1781
15 28 1782
15 28 1783
15 28 1784
15 28 1785
15 28 1786
15 28 1787
15 28 1788
15 28 1789
15 28 1790
15 28 1791
15 28 1792
15 28 1793
15 28 1794
15 28 1795
15 28 1796
15 28 1797
15 28 1798
15 28 1799
15 28 1800
15 28 1801
15 28 1802
15 28 1803
15 28 1804
15 28 1805
15 28 1806
15 28 1807
15 28 1808
15 28 1809
15 28 1810
15 28 1811
15 28 1812
15 28 1813
15 28 1814
15 28 1815
15 28 1816
15 28 1817
15 28 1818
15 28 1819
15 28 1820
15 28 1821
15 28 1822
15 28 1823
15 28 1824
15 28 1825
15 28 1826
15 28 1827
15 28 1828
15 28 1829
15 28 1830
15 28 1831
15 28 1832
15 28 1833
15 28 1834
15 28 1835
15 28 1836
15 28 1837
15 28 1838
15 28 1839
15 28 1840
15 28 1841
15 28 1842
15 28 1843
15 28 1844
15 28 1845
15 28 1846
15 28 1847
15 28 1848
15 28 1849
15 28 1850
15 28 1851
15 28 1852
15 28 1853
15 28 1854
15 28 1855
15 28 1856
15 28 1857
15 28 1858
15 28 1859
15 28 1860
15 28 1861
15 28 1862
15 28 1863
15 28 1864
15 28 1865
15 28 1866
15 28 1867
15 28 1868
15 28 1869
15 28 1870
15 28 1871
15 28 1872
15 28 1873
15 28 1874
15 28 1875
15 28 1876
15 28 1877
15 28 1878
15 28 1879
15 28 1880
15 28 1881
15 28 1882
15 28 1883
15 28 1884
15 28 1885
15 28 1886
15 28 1887
15 28 1888
15 28 1889
15 28 1890
15 28 1891
15 28 1892
15 28 1893
15 28 1894
15 28 1895
15 28 1896
15 28 1897
15 28 1898
15 28 1899
15 28 1900
15 28 1901
15 28 1902
15 28 1903
15 28 1904
15 28 1905
15 28 1906
15 28 1907
15 28 1908
15 28 1909
15 28 1910
15 28 1911
15 28 1912
15 28 1913
15 28 1914
15 28 1915
15 28 1916
15 28 1917
15 28 1918
15 28 1919
15 28 1920
15 28 1921
15 28 1922
15 28 1923
15 28 1924
15 28 1925
15 28 1926
15 28 1927
15 28 1928
15 28 1929
15 28 1930
15 28 1931
15 28 1932
15 28 1933
15 28 1934
15 28 1935
15 28 1936
15 28 1937
15 28 1938
15 28 1939
15 28 1940
15 28 1941
15 28 1942
15 28 1943
15 28 1944
15 28 1945
15 28 1946
15 28 1947
15 28 1948
15 28 1949
15 28 1950
15 28 1951
15 28 1952
15 28 1953
15 28 1954
15 28 1955
15 28 1956
15 28 1957
15 28 1958
15 28 1959
15 28 1960
15 28 1961
15 28 1962
15 28 1963
15 28 1964
15 28 1965
15 28 1966
15 28 1967
15 28 1968
15 28 1969
15 28 1970
15 28 1971
15 28 1972
15 28 1973
15 28 1974
15 28 1975
15 28 1976
15 28 1977
15 28 1978
15 28 1979
15 28 1980
15 28 1981
15 28 1982
15 28 1983
15 28 1984
15 28 1985
15 28 1986
15 28 1987
15 28 1988
15 28 1989
15 28 1990
15 28 1991
15 28 1992
15 28 1993
15 28 1994
15 28 1995
15 28 1996
15 28 1997
15 28 1998
15 28 1999
15 28 2000
15 28 2001
15 28 2002
15 28 2003
15 28 2004
15 28 2005
15 28 2006
15 28 2007
15 28 2008
15 28 2009
15 28 2010
15 28 2011
15 28 2012
15 28 2013
15 28 2014
15 28 2015
15 28 2016
15 28 2017
15 28 2018
15 28 2019
15 28 2020
15 28 2021
15 28 2022
15 28 2023
15 28 2024
15 28 2025
15 28 2026
15 28 2027
15 28 2028
15 28 2029
15 28 2030
15 28 2031
15 28 2032
15 28 2033
15 28 2034
15 28 2035
15 28 2036
15 28 2037
15 28 2038
15 28 2039
15 28 2040
15 28 2041
15 28 2042
15 28 2043
15 28 2044
15 28 2045
15 28 2046
15 28 2047
15 28 2048
15 28 2049
15 28 2050
15 28 2051
15 28 2052
15 28 2053
15 28 2054
15 28 2055
15 28 2056
15 28 2057
15 28 2058
15 28 2059
15 28 2060
15 28 2061
15 28 2062
15 28 2063
15 28 2064
15 28 2065
15 28 2066
15 28 2067
15 28 2068
15 28 2069
15 28 2070
15 28 2071
15 28 2072
15 28 2073
15 28 2074
15 28 2075
15 28 2076
15 28 2077
15 28 2078
15 28 2079
15 28 2080
15 28 2081
15 28 2082
15 28 2083
15 28 2084
15 28 2085
15 28 2086
15 28 2087
15 28 2088
15 28 2089
15 28 2090
15 28 2091
15 28 2092
15 28 2093
15 28 2094
15 28 2095
15 28 2096
15 28 2097
15 28 2098
15 28 2099
15 28 2100
15 28 2101
15 28 2102
15 28 2103
15 28 2104
15 28 2105
15 28 2106
15 28 2107
15 28 2108
15 28 2109
15 28 2110
15 28 2111
15 28 2112
15 28 2113
15 28 2114
15 28 2115
15 28 2116
15 28 2117
15 28 2118
15 28 2119
15 28 2120
15 28 2121
15 28 2122
15 28 2123
15 28 2124
15 28 2125
15 28 2126
15 28 2127
15 28 2128
15 28 2129
15 28 2130
15 28 2131
15 28 2132
15 28 2133
15 28 2134
15 28 2135
15 28 2136
15 28 2137
15 28 2138
15 28 2139
15 28 2140
15 28 2141
15 28 2142
15 28 2143
15 28 2144
15 28 2145
15 28 2146
15 28 2147
15 28 2148
15 28 2149
15 28 2150
15 28 2151
15 28 2152
15 28 2153
15 28 2154
15 28 2155
15 28 2156
15 28 2157
15 28 2158
15 28 2159
15 28 2160
15 28 2161
15 28 2162
15 28 2163
15 28 2164
15 28 2165
15 28 2166
15 28 2167
15 28 2168
15 28 2169
15 28 2170
15 28 2171
15 28 2172
15 28 2173
15 28 2174
15 28 2175
15 28 2176
15 28 2177
15 28 2178
15 28 2179
15 28 2180
15 28 2181
15 28 2182
15 28 2183
15 28 2184
15 28 2185
15 28 2186
15 28 2187
15 28 2188
15 28 2189
15 28 2190
15 28 2191
15 28 2192
15 28 2193
15 28 2194
15 28 2195
15 28 2196
15 28 2197
15 28 2198
15 28 2199
15 28 2200
15 28 2201
15 28 2202
15 28 2203
15 28 2204
15 28 2205
15 28 2206
15 28 2207
15 28 2208
15 28 2209
15 28 2210
15 28 2211
15 28 2212
15 28 2213
15 28 2214
15 28 2215
15 28 2216
15 28 2217
15 28 2218
15 28 2219
15 28 2220
15 28 2221
15 28 2222
15 28 2223
15 28 2224
15 28 2225
15 28 2226
15 28 2227
15 28 2228
15 28 2229
15 28 2230
15 28 2231
15 28 2232
15 28 2233
15 28 2234
15 28 2235
15 28 2236
15 28 2237
15 28 2238
15 28 2239
15 28 2240
15 28 2241
15 28 2242
15 28 2243
15 28 2244
15 28 2245
15 28 2246
15 28 2247
15 28 2248
15 28 2249
15 28 2250
15 28 2251
15 28 2252
15 28 2253
15 28 2254
15 28 2255
15 28 2256
15 28 2257
15 28 2258
15 28 2259
15 28 2260
15 28 2261
15 28 2262
15 28 2263
15 28 2264
15 28 2265
15 28 2266
15 28 2267
15 28 2268
15 28 2269
15 28 2270
15 28 2271
15 28 2272
15 28 2273
15 28 2274
15 28 2275
15 28 2276
15 28 2277
15 28 2278
15 28 2279
15 28 2280
15 28 2281
15 28 2282
15 28 2283
15 28 2284
15 28 2285
15 28 2286
15 28 2287
15 28 2288
15 28 2289
15 28 2290
15 28 2291
15 28 2292
15 28 2293
15 28 2294
15 28 2295
15 28 2296
15 28 2297
15 28 2298
15 28 2299
15 28 2300
15 28 2301
15 28 2302
15 28 2303
15 28 2304
15 28 2305
15 28 2306
15 28 2307
15 28 2308
15 28 2309
15 28 2310
15 28 2311
15 28 2312
15 28 2313
15 28 2314
15 28 2315
15 28 2316
15 28 2317
15 28 2318
15 28 2319
15 28 2320
15 28 2321
15 28 2322
15 28 2323
15 28 2324
15 28 2325
15 28 2326
15 28 2327
15 28 2328
15 28 2329
15 28 2330
15 28 2331
15 28 2332
15 28 2333
15 28 2334
15 28 2335
15 28 2336
15 28 2337
15 28 2338
15 28 2339
15 28 2340
15 28 2341
15 28 2342
15 28 2343
15 28 2344
15 28 2345
15 28 2346
15 28 2347
15 28 2348
15 28 2349
15 28 2350
15 28 2351
15 28 2352
15 28 2353
15 28 2354
15 28 2355
15 28 2356
15 28 2357
15 28 2358
15 28 2359
15 28 2360
15 28 2361
15 28 2362
15 28 2363
15 28 2364
15 28 2365
15 28 2366
15 28 2367
15 28 2368
15 28 2369
15 28 2370
15 28 2371
15 28 2372
15 28 2373
15 28 2374
15 28 2375
15 28 2376
15 28 2377
15 28 2378
15 28 2379
15 28 2380
15 28 2381
15 28 2382
15 28 2383
15 28 2384
15 28 2385
15 28 2386
15 28 2387
15 28 2388
15 28 2389
15 28 2390
15 28 2391
15 28 2392
15 28 2393
15 28 2394
15 28 2395
15 28 2396
15 28 2397
15 28 2398
15 28 2399
15 28 2400
15 28 2401
15 28 2402
15 28 2403
15 28 2404
15 28 2405
15 28 2406
15 28 2407
15 28 2408
15 28 2409
15 28 2410
15 28 2411
15 28 2412
15 28 2413
15 28 2414
15 28 2415
15 28 2416
15 28 2417
15 28 2418
15 28 2419
15 28 2420
15 28 2421
15 28 2422
15 28 2423
15 28 2424
15 28 2425
15 28 2426
15 28 2427
15 28 2428
15 28 2429
15 28 2430
15 28 2431
15 28 2432
15 28 2433
15 28 2434
15 28 2435
15 28 2436
15 28 2437
15 28 2438
15 28 2439
15 28 2440
15 28 2441
15 28 2442
15 28 2443
15 28 2444
15 28 2445
15 28 2446
15 28 2447
15 28 2448
15 28 2449
15 28 2450
15 28 2451
15 28 2452
15 28 2453
15 28 2454
15 28 2455
15 28 2456
15 28 2457
