15 29 1
15 29 2
15 29 3
15 29 4
15 29 5
15 29 6
15 29 7
15 29 8
15 29 9
15 29 10
15 29 11
15 29 12
15 29 13
15 29 14
15 29 15
15 29 16
15 29 17
15 29 18
15 29 19
15 29 20
15 29 21
15 29 22
15 29 23
15 29 24
15 29 25
15 29 26
15 29 27
15 29 28
15 29 29
15 29 30
15 29 31
15 29 32
15 29 33
15 29 34
15 29 35
15 29 36
15 29 37
15 29 38
15 29 39
15 29 40
15 29 41
15 29 42
15 29 43
15 29 44
15 29 45
15 29 46
15 29 47
15 29 48
15 29 49
15 29 50
15 29 51
15 29 52
15 29 53
15 29 54
15 29 55
15 29 56
15 29 57
15 29 58
15 29 59
15 29 60
15 29 61
15 29 62
15 29 63
15 29 64
15 29 65
15 29 66
15 29 67
15 29 68
15 29 69
15 29 70
15 29 71
15 29 72
15 29 73
15 29 74
15 29 75
15 29 76
15 29 77
15 29 78
15 29 79
15 29 80
15 29 81
15 29 82
15 29 83
15 29 84
15 29 85
15 29 86
15 29 87
15 29 88
15 29 89
15 29 90
15 29 91
15 29 92
15 29 93
15 29 94
15 29 95
15 29 96
15 29 97
15 29 98
15 29 99
15 29 100
15 29 101
15 29 102
15 29 103
15 29 104
15 29 105
15 29 106
15 29 107
15 29 108
15 29 109
15 29 110
15 29 111
15 29 112
15 29 113
15 29 114
15 29 115
15 29 116
15 29 117
15 29 118
15 29 119
15 29 120
15 29 121
15 29 122
15 29 123
15 29 124
15 29 125
15 29 126
15 29 127
15 29 128
15 29 129
15 29 130
15 29 131
15 29 132
15 29 133
15 29 134
15 29 135
15 29 136
15 29 137
15 29 138
15 29 139
15 29 140
15 29 141
15 29 142
15 29 143
15 29 144
15 29 145
15 29 146
15 29 147
15 29 148
15 29 149
15 29 150
15 29 151
15 29 152
15 29 153
15 29 154
15 29 155
15 29 156
15 29 157
15 29 158
15 29 159
15 29 160
15 29 161
15 29 162
15 29 163
15 29 164
15 29 165
15 29 166
15 29 167
15 29 168
15 29 169
15 29 170
15 29 171
15 29 172
15 29 173
15 29 174
15 29 175
15 29 176
15 29 177
15 29 178
15 29 179
15 29 180
15 29 181
15 29 182
15 29 183
15 29 184
15 29 185
15 29 186
15 29 187
15 29 188
15 29 189
15 29 190
15 29 191
15 29 192
15 29 193
15 29 194
15 29 195
15 29 196
15 29 197
15 29 198
15 29 199
15 29 200
15 29 201
15 29 202
15 29 203
15 29 204
15 29 205
15 29 206
15 29 207
15 29 208
15 29 209
15 29 210
15 29 211
15 29 212
15 29 213
15 29 214
15 29 215
15 29 216
15 29 217
15 29 218
15 29 219
15 29 220
15 29 221
15 29 222
15 29 223
15 29 224
15 29 225
15 29 226
15 29 227
15 29 228
15 29 229
15 29 230
15 29 231
15 29 232
15 29 233
15 29 234
15 29 235
15 29 236
15 29 237
15 29 238
15 29 239
15 29 240
15 29 241
15 29 242
15 29 243
15 29 244
15 29 245
15 29 246
15 29 247
15 29 248
15 29 249
15 29 250
15 29 251
15 29 252
15 29 253
15 29 254
15 29 255
15 29 256
15 29 257
15 29 258
15 29 259
15 29 260
15 29 261
15 29 262
15 29 263
15 29 264
15 29 265
15 29 266
15 29 267
15 29 268
15 29 269
15 29 270
15 29 271
15 29 272
15 29 273
15 29 274
15 29 275
15 29 276
15 29 277
15 29 278
15 29 279
15 29 280
15 29 281
15 29 282
15 29 283
15 29 284
15 29 285
15 29 286
15 29 287
15 29 288
15 29 289
15 29 290
15 29 291
15 29 292
15 29 293
15 29 294
15 29 295
15 29 296
15 29 297
15 29 298
15 29 299
15 29 300
15 29 301
15 29 302
15 29 303
15 29 304
15 29 305
15 29 306
15 29 307
15 29 308
15 29 309
15 29 310
15 29 311
15 29 312
15 29 313
15 29 314
15 29 315
15 29 316
15 29 317
15 29 318
15 29 319
15 29 320
15 29 321
15 29 322
15 29 323
15 29 324
15 29 325
15 29 326
15 29 327
15 29 328
15 29 329
15 29 330
15 29 331
15 29 332
15 29 333
15 29 334
15 29 335
15 29 336
15 29 337
15 29 338
15 29 339
15 29 340
15 29 341
15 29 342
15 29 343
15 29 344
15 29 345
15 29 346
15 29 347
15 29 348
15 29 349
15 29 350
15 29 351
15 29 352
15 29 353
15 29 354
15 29 355
15 29 356
15 29 357
15 29 358
15 29 359
15 29 360
15 29 361
15 29 362
15 29 363
15 29 364
15 29 365
15 29 366
15 29 367
15 29 368
15 29 369
15 29 370
15 29 371
15 29 372
15 29 373
15 29 374
15 29 375
15 29 376
15 29 377
15 29 378
15 29 379
15 29 380
15 29 381
15 29 382
15 29 383
15 29 384
15 29 385
15 29 386
15 29 387
15 29 388
15 29 389
15 29 390
15 29 391
15 29 392
15 29 393
15 29 394
15 29 395
15 29 396
15 29 397
15 29 398
15 29 399
15 29 400
15 29 401
15 29 402
15 29 403
15 29 404
15 29 405
15 29 406
15 29 407
15 29 408
15 29 409
15 29 410
15 29 411
15 29 412
15 29 413
15 29 414
15 29 415
15 29 416
15 29 417
15 29 418
15 29 419
15 29 420
15 29 421
15 29 422
15 29 423
15 29 424
15 29 425
15 29 426
15 29 427
15 29 428
15 29 429
15 29 430
15 29 431
15 29 432
15 29 433
15 29 434
15 29 435
15 29 436
15 29 437
15 29 438
15 29 439
15 29 440
15 29 441
15 29 442
15 29 443
15 29 444
15 29 445
15 29 446
15 29 447
15 29 448
15 29 449
15 29 450
15 29 451
15 29 452
15 29 453
15 29 454
15 29 455
15 29 456
15 29 457
15 29 458
15 29 459
15 29 460
15 29 461
15 29 462
15 29 463
15 29 464
15 29 465
15 29 466
15 29 467
15 29 468
15 29 469
15 29 470
15 29 471
15 29 472
15 29 473
15 29 474
15 29 475
15 29 476
15 29 477
15 29 478
15 29 479
15 29 480
15 29 481
15 29 482
15 29 483
15 29 484
15 29 485
15 29 486
15 29 487
15 29 488
15 29 489
15 29 490
15 29 491
15 29 492
15 29 493
15 29 494
15 29 495
15 29 496
15 29 497
15 29 498
15 29 499
15 29 500
15 29 501
15 29 502
15 29 503
15 29 504
15 29 505
15 29 506
15 29 507
15 29 508
15 29 509
15 29 510
15 29 511
15 29 512
15 29 513
15 29 514
15 29 515
15 29 516
15 29 517
15 29 518
15 29 519
15 29 520
15 29 521
15 29 522
15 29 523
15 29 524
15 29 525
15 29 526
15 29 527
15 29 528
15 29 529
15 29 530
15 29 531
15 29 532
15 29 533
15 29 534
15 29 535
15 29 536
15 29 537
15 29 538
15 29 539
15 29 540
15 29 541
15 29 542
15 29 543
15 29 544
15 29 545
15 29 546
15 29 547
15 29 548
15 29 549
15 29 550
15 29 551
15 29 552
15 29 553
15 29 554
15 29 555
15 29 556
15 29 557
15 29 558
15 29 559
15 29 560
15 29 561
15 29 562
15 29 563
15 29 564
15 29 565
15 29 566
15 29 567
15 29 568
15 29 569
15 29 570
15 29 571
15 29 572
15 29 573
15 29 574
15 29 575
15 29 576
15 29 577
15 29 578
15 29 579
15 29 580
15 29 581
15 29 582
15 29 583
15 29 584
15 29 585
15 29 586
15 29 587
15 29 588
15 29 589
15 29 590
15 29 591
15 29 592
15 29 593
15 29 594
15 29 595
15 29 596
15 29 597
15 29 598
15 29 599
15 29 600
15 29 601
15 29 602
15 29 603
15 29 604
15 29 605
15 29 606
15 29 607
15 29 608
15 29 609
15 29 610
15 29 611
15 29 612
15 29 613
15 29 614
15 29 615
15 29 616
15 29 617
15 29 618
15 29 619
15 29 620
15 29 621
15 29 622
15 29 623
15 29 624
15 29 625
15 29 626
15 29 627
15 29 628
15 29 629
15 29 630
15 29 631
15 29 632
15 29 633
15 29 634
15 29 635
15 29 636
15 29 637
15 29 638
15 29 639
15 29 640
15 29 641
15 29 642
15 29 643
15 29 644
15 29 645
15 29 646
15 29 647
15 29 648
15 29 649
15 29 650
15 29 651
15 29 652
15 29 653
15 29 654
15 29 655
15 29 656
15 29 657
15 29 658
15 29 659
15 29 660
15 29 661
15 29 662
15 29 663
15 29 664
15 29 665
15 29 666
15 29 667
15 29 668
15 29 669
15 29 670
15 29 671
15 29 672
15 29 673
15 29 674
15 29 675
15 29 676
15 29 677
15 29 678
15 29 679
15 29 680
15 29 681
15 29 682
15 29 683
15 29 684
15 29 685
15 29 686
15 29 687
15 29 688
15 29 689
15 29 690
15 29 691
15 29 692
15 29 693
15 29 694
15 29 695
15 29 696
15 29 697
15 29 698
15 29 699
15 29 700
15 29 701
15 29 702
15 29 703
15 29 704
15 29 705
15 29 706
15 29 707
15 29 708
15 29 709
15 29 710
15 29 711
15 29 712
15 29 713
15 29 714
15 29 715
15 29 716
15 29 717
15 29 718
15 29 719
15 29 720
15 29 721
15 29 722
15 29 723
15 29 724
15 29 725
15 29 726
15 29 727
15 29 728
15 29 729
15 29 730
15 29 731
15 29 732
15 29 733
15 29 734
15 29 735
15 29 736
15 29 737
15 29 738
15 29 739
15 29 740
15 29 741
15 29 742
15 29 743
15 29 744
15 29 745
15 29 746
15 29 747
15 29 748
15 29 749
15 29 750
15 29 751
15 29 752
15 29 753
15 29 754
15 29 755
15 29 756
15 29 757
15 29 758
15 29 759
15 29 760
15 29 761
15 29 762
15 29 763
15 29 764
15 29 765
15 29 766
15 29 767
15 29 768
15 29 769
15 29 770
15 29 771
15 29 772
15 29 773
15 29 774
15 29 775
15 29 776
15 29 777
15 29 778
15 29 779
15 29 780
15 29 781
15 29 782
15 29 783
15 29 784
15 29 785
15 29 786
15 29 787
15 29 788
15 29 789
15 29 790
15 29 791
15 29 792
15 29 793
15 29 794
15 29 795
15 29 796
15 29 797
15 29 798
15 29 799
15 29 800
15 29 801
15 29 802
15 29 803
15 29 804
15 29 805
15 29 806
15 29 807
15 29 808
15 29 809
15 29 810
15 29 811
15 29 812
15 29 813
15 29 814
15 29 815
15 29 816
15 29 817
15 29 818
15 29 819
15 29 820
15 29 821
15 29 822
15 29 823
15 29 824
15 29 825
15 29 826
15 29 827
15 29 828
15 29 829
15 29 830
15 29 831
15 29 832
15 29 833
15 29 834
15 29 835
15 29 836
15 29 837
15 29 838
15 29 839
15 29 840
15 29 841
15 29 842
15 29 843
15 29 844
15 29 845
15 29 846
15 29 847
15 29 848
15 29 849
15 29 850
15 29 851
15 29 852
15 29 853
15 29 854
15 29 855
15 29 856
15 29 857
15 29 858
15 29 859
15 29 860
15 29 861
15 29 862
15 29 863
15 29 864
15 29 865
15 29 866
15 29 867
15 29 868
15 29 869
15 29 870
15 29 871
15 29 872
15 29 873
15 29 874
15 29 875
15 29 876
15 29 877
15 29 878
15 29 879
15 29 880
15 29 881
15 29 882
15 29 883
15 29 884
15 29 885
15 29 886
15 29 887
15 29 888
15 29 889
15 29 890
15 29 891
15 29 892
15 29 893
15 29 894
15 29 895
15 29 896
15 29 897
15 29 898
15 29 899
15 29 900
15 29 901
15 29 902
15 29 903
15 29 904
15 29 905
15 29 906
15 29 907
15 29 908
15 29 909
15 29 910
15 29 911
15 29 912
15 29 913
15 29 914
15 29 915
15 29 916
15 29 917
15 29 918
15 29 919
15 29 920
15 29 921
15 29 922
15 29 923
15 29 924
15 29 925
15 29 926
15 29 927
15 29 928
15 29 929
15 29 930
15 29 931
15 29 932
15 29 933
15 29 934
15 29 935
15 29 936
15 29 937
15 29 938
15 29 939
15 29 940
15 29 941
15 29 942
15 29 943
15 29 944
15 29 945
15 29 946
15 29 947
15 29 948
15 29 949
15 29 950
15 29 951
15 29 952
15 29 953
15 29 954
15 29 955
15 29 956
15 29 957
15 29 958
15 29 959
15 29 960
15 29 961
15 29 962
15 29 963
15 29 964
15 29 965
15 29 966
15 29 967
15 29 968
15 29 969
15 29 970
15 29 971
15 29 972
15 29 973
15 29 974
15 29 975
15 29 976
15 29 977
15 29 978
15 29 979
15 29 980
15 29 981
15 29 982
15 29 983
15 29 984
15 29 985
15 29 986
15 29 987
15 29 988
15 29 989
15 29 990
15 29 991
15 29 992
15 29 993
15 29 994
15 29 995
15 29 996
15 29 997
15 29 998
15 29 999
15 29 1000
15 29 1001
15 29 1002
15 29 1003
15 29 1004
15 29 1005
15 29 1006
15 29 1007
15 29 1008
15 29 1009
15 29 1010
15 29 1011
15 29 1012
15 29 1013
15 29 1014
15 29 1015
15 29 1016
15 29 1017
15 29 1018
15 29 1019
15 29 1020
15 29 1021
15 29 1022
15 29 1023
15 29 1024
15 29 1025
15 29 1026
15 29 1027
15 29 1028
15 29 1029
15 29 1030
15 29 1031
15 29 1032
15 29 1033
15 29 1034
15 29 1035
15 29 1036
15 29 1037
15 29 1038
15 29 1039
15 29 1040
15 29 1041
15 29 1042
15 29 1043
15 29 1044
15 29 1045
15 29 1046
15 29 1047
15 29 1048
15 29 1049
15 29 1050
15 29 1051
15 29 1052
15 29 1053
15 29 1054
15 29 1055
15 29 1056
15 29 1057
15 29 1058
15 29 1059
15 29 1060
15 29 1061
15 29 1062
15 29 1063
15 29 1064
15 29 1065
15 29 1066
15 29 1067
15 29 1068
15 29 1069
15 29 1070
15 29 1071
15 29 1072
15 29 1073
15 29 1074
15 29 1075
15 29 1076
15 29 1077
15 29 1078
15 29 1079
15 29 1080
15 29 1081
15 29 1082
15 29 1083
15 29 1084
15 29 1085
15 29 1086
15 29 1087
15 29 1088
15 29 1089
15 29 1090
15 29 1091
15 29 1092
15 29 1093
15 29 1094
15 29 1095
15 29 1096
15 29 1097
15 29 1098
15 29 1099
15 29 1100
15 29 1101
15 29 1102
15 29 1103
15 29 1104
15 29 1105
15 29 1106
15 29 1107
15 29 1108
15 29 1109
15 29 1110
15 29 1111
15 29 1112
15 29 1113
15 29 1114
15 29 1115
15 29 1116
15 29 1117
15 29 1118
15 29 1119
15 29 1120
15 29 1121
15 29 1122
15 29 1123
15 29 1124
15 29 1125
15 29 1126
15 29 1127
15 29 1128
15 29 1129
15 29 1130
15 29 1131
15 29 1132
15 29 1133
15 29 1134
15 29 1135
15 29 1136
15 29 1137
15 29 1138
15 29 1139
15 29 1140
15 29 1141
15 29 1142
15 29 1143
15 29 1144
15 29 1145
15 29 1146
15 29 1147
15 29 1148
15 29 1149
15 29 1150
15 29 1151
15 29 1152
15 29 1153
15 29 1154
15 29 1155
15 29 1156
15 29 1157
15 29 1158
15 29 1159
15 29 1160
15 29 1161
15 29 1162
15 29 1163
15 29 1164
15 29 1165
15 29 1166
15 29 1167
15 29 1168
15 29 1169
15 29 1170
15 29 1171
15 29 1172
15 29 1173
15 29 1174
15 29 1175
15 29 1176
15 29 1177
15 29 1178
15 29 1179
15 29 1180
15 29 1181
15 29 1182
15 29 1183
15 29 1184
15 29 1185
15 29 1186
15 29 1187
15 29 1188
15 29 1189
15 29 1190
15 29 1191
15 29 1192
15 29 1193
15 29 1194
15 29 1195
15 29 1196
15 29 1197
15 29 1198
15 29 1199
15 29 1200
15 29 1201
15 29 1202
15 29 1203
15 29 1204
15 29 1205
15 29 1206
15 29 1207
15 29 1208
15 29 1209
15 29 1210
15 29 1211
15 29 1212
15 29 1213
15 29 1214
15 29 1215
15 29 1216
15 29 1217
15 29 1218
15 29 1219
15 29 1220
15 29 1221
15 29 1222
15 29 1223
15 29 1224
15 29 1225
15 29 1226
15 29 1227
15 29 1228
15 29 1229
15 29 1230
15 29 1231
15 29 1232
15 29 1233
15 29 1234
15 29 1235
15 29 1236
15 29 1237
15 29 1238
15 29 1239
15 29 1240
15 29 1241
15 29 1242
15 29 1243
15 29 1244
15 29 1245
15 29 1246
15 29 1247
15 29 1248
15 29 1249
15 29 1250
15 29 1251
15 29 1252
15 29 1253
15 29 1254
15 29 1255
15 29 1256
15 29 1257
15 29 1258
15 29 1259
15 29 1260
15 29 1261
15 29 1262
15 29 1263
15 29 1264
15 29 1265
15 29 1266
15 29 1267
15 29 1268
15 29 1269
15 29 1270
15 29 1271
15 29 1272
15 29 1273
15 29 1274
15 29 1275
15 29 1276
15 29 1277
15 29 1278
15 29 1279
15 29 1280
15 29 1281
15 29 1282
15 29 1283
15 29 1284
15 29 1285
15 29 1286
15 29 1287
15 29 1288
15 29 1289
15 29 1290
15 29 1291
15 29 1292
15 29 1293
15 29 1294
15 29 1295
15 29 1296
15 29 1297
15 29 1298
15 29 1299
15 29 1300
15 29 1301
15 29 1302
15 29 1303
15 29 1304
15 29 1305
15 29 1306
15 29 1307
15 29 1308
15 29 1309
15 29 1310
15 29 1311
15 29 1312
15 29 1313
15 29 1314
15 29 1315
15 29 1316
15 29 1317
15 29 1318
15 29 1319
15 29 1320
15 29 1321
15 29 1322
15 29 1323
15 29 1324
15 29 1325
15 29 1326
15 29 1327
15 29 1328
15 29 1329
15 29 1330
15 29 1331
15 29 1332
15 29 1333
15 29 1334
15 29 1335
15 29 1336
15 29 1337
15 29 1338
15 29 1339
15 29 1340
15 29 1341
15 29 1342
15 29 1343
15 29 1344
15 29 1345
15 29 1346
15 29 1347
15 29 1348
15 29 1349
15 29 1350
15 29 1351
15 29 1352
15 29 1353
15 29 1354
15 29 1355
15 29 1356
15 29 1357
15 29 1358
15 29 1359
15 29 1360
15 29 1361
15 29 1362
15 29 1363
15 29 1364
15 29 1365
15 29 1366
15 29 1367
15 29 1368
15 29 1369
15 29 1370
15 29 1371
15 29 1372
15 29 1373
15 29 1374
15 29 1375
15 29 1376
15 29 1377
15 29 1378
15 29 1379
15 29 1380
15 29 1381
15 29 1382
15 29 1383
15 29 1384
15 29 1385
15 29 1386
15 29 1387
15 29 1388
15 29 1389
15 29 1390
15 29 1391
15 29 1392
15 29 1393
15 29 1394
15 29 1395
15 29 1396
15 29 1397
15 29 1398
15 29 1399
15 29 1400
15 29 1401
15 29 1402
15 29 1403
15 29 1404
15 29 1405
15 29 1406
15 29 1407
15 29 1408
15 29 1409
15 29 1410
15 29 1411
15 29 1412
15 29 1413
15 29 1414
15 29 1415
15 29 1416
15 29 1417
15 29 1418
15 29 1419
15 29 1420
15 29 1421
15 29 1422
15 29 1423
15 29 1424
15 29 1425
15 29 1426
15 29 1427
15 29 1428
15 29 1429
15 29 1430
15 29 1431
15 29 1432
15 29 1433
15 29 1434
15 29 1435
15 29 1436
15 29 1437
15 29 1438
15 29 1439
15 29 1440
15 29 1441
15 29 1442
15 29 1443
15 29 1444
15 29 1445
15 29 1446
15 29 1447
15 29 1448
15 29 1449
15 29 1450
15 29 1451
15 29 1452
15 29 1453
15 29 1454
15 29 1455
15 29 1456
15 29 1457
15 29 1458
15 29 1459
15 29 1460
15 29 1461
15 29 1462
15 29 1463
15 29 1464
15 29 1465
15 29 1466
15 29 1467
15 29 1468
15 29 1469
15 29 1470
15 29 1471
15 29 1472
15 29 1473
15 29 1474
15 29 1475
15 29 1476
15 29 1477
15 29 1478
15 29 1479
15 29 1480
15 29 1481
15 29 1482
15 29 1483
15 29 1484
15 29 1485
15 29 1486
15 29 1487
15 29 1488
15 29 1489
15 29 1490
15 29 1491
15 29 1492
15 29 1493
15 29 1494
15 29 1495
15 29 1496
15 29 1497
15 29 1498
15 29 1499
15 29 1500
15 29 1501
15 29 1502
15 29 1503
15 29 1504
15 29 1505
15 29 1506
15 29 1507
15 29 1508
15 29 1509
15 29 1510
15 29 1511
15 29 1512
15 29 1513
15 29 1514
15 29 1515
15 29 1516
15 29 1517
15 29 1518
15 29 1519
15 29 1520
15 29 1521
15 29 1522
15 29 1523
15 29 1524
15 29 1525
15 29 1526
15 29 1527
15 29 1528
15 29 1529
15 29 1530
15 29 1531
15 29 1532
15 29 1533
15 29 1534
15 29 1535
15 29 1536
15 29 1537
15 29 1538
15 29 1539
15 29 1540
15 29 1541
15 29 1542
15 29 1543
15 29 1544
15 29 1545
15 29 1546
15 29 1547
15 29 1548
15 29 1549
15 29 1550
15 29 1551
15 29 1552
15 29 1553
15 29 1554
15 29 1555
15 29 1556
15 29 1557
15 29 1558
15 29 1559
15 29 1560
15 29 1561
15 29 1562
15 29 1563
15 29 1564
15 29 1565
15 29 1566
15 29 1567
15 29 1568
15 29 1569
15 29 1570
15 29 1571
15 29 1572
15 29 1573
15 29 1574
15 29 1575
15 29 1576
15 29 1577
15 29 1578
15 29 1579
15 29 1580
15 29 1581
15 29 1582
15 29 1583
15 29 1584
15 29 1585
15 29 1586
15 29 1587
15 29 1588
15 29 1589
15 29 1590
15 29 1591
15 29 1592
15 29 1593
15 29 1594
15 29 1595
15 29 1596
15 29 1597
15 29 1598
15 29 1599
15 29 1600
15 29 1601
15 29 1602
15 29 1603
15 29 1604
15 29 1605
15 29 1606
15 29 1607
15 29 1608
15 29 1609
15 29 1610
15 29 1611
15 29 1612
15 29 1613
15 29 1614
15 29 1615
15 29 1616
15 29 1617
15 29 1618
15 29 1619
15 29 1620
15 29 1621
15 29 1622
15 29 1623
15 29 1624
15 29 1625
15 29 1626
15 29 1627
15 29 1628
15 29 1629
15 29 1630
15 29 1631
15 29 1632
15 29 1633
15 29 1634
15 29 1635
15 29 1636
15 29 1637
15 29 1638
15 29 1639
15 29 1640
15 29 1641
15 29 1642
15 29 1643
15 29 1644
15 29 1645
15 29 1646
15 29 1647
15 29 1648
15 29 1649
15 29 1650
15 29 1651
15 29 1652
15 29 1653
15 29 1654
15 29 1655
15 29 1656
15 29 1657
15 29 1658
15 29 1659
15 29 1660
15 29 1661
15 29 1662
15 29 1663
15 29 1664
15 29 1665
15 29 1666
15 29 1667
15 29 1668
15 29 1669
15 29 1670
15 29 1671
15 29 1672
15 29 1673
15 29 1674
15 29 1675
15 29 1676
15 29 1677
15 29 1678
15 29 1679
15 29 1680
15 29 1681
15 29 1682
15 29 1683
15 29 1684
15 29 1685
15 29 1686
15 29 1687
15 29 1688
15 29 1689
15 29 1690
15 29 1691
15 29 1692
15 29 1693
15 29 1694
15 29 1695
15 29 1696
15 29 1697
15 29 1698
15 29 1699
15 29 1700
15 29 1701
15 29 1702
15 29 1703
15 29 1704
15 29 1705
15 29 1706
15 29 1707
15 29 1708
15 29 1709
15 29 1710
15 29 1711
15 29 1712
15 29 1713
15 29 1714
15 29 1715
15 29 1716
15 29 1717
15 29 1718
15 29 1719
15 29 1720
15 29 1721
15 29 1722
15 29 1723
15 29 1724
15 29 1725
15 29 1726
15 29 1727
15 29 1728
15 29 1729
15 29 1730
15 29 1731
15 29 1732
15 29 1733
15 29 1734
15 29 1735
15 29 1736
15 29 1737
15 29 1738
15 29 1739
15 29 1740
15 29 1741
15 29 1742
15 29 1743
15 29 1744
15 29 1745
15 29 1746
15 29 1747
15 29 1748
15 29 1749
15 29 1750
15 29 1751
15 29 1752
15 29 1753
15 29 1754
15 29 1755
15 29 1756
15 29 1757
15 29 1758
15 29 1759
15 29 1760
15 29 1761
15 29 1762
15 29 1763
15 29 1764
15 29 1765
15 29 1766
15 29 1767
15 29 1768
15 29 1769
15 29 1770
15 29 1771
15 29 1772
15 29 1773
15 29 1774
15 29 1775
15 29 1776
15 29 1777
15 29 1778
15 29 1779
15 29 1780
15 29 1781
15 29 1782
15 29 1783
15 29 1784
15 29 1785
15 29 1786
15 29 1787
15 29 1788
15 29 1789
15 29 1790
15 29 1791
15 29 1792
15 29 1793
15 29 1794
15 29 1795
15 29 1796
15 29 1797
15 29 1798
15 29 1799
15 29 1800
15 29 1801
15 29 1802
15 29 1803
15 29 1804
15 29 1805
15 29 1806
15 29 1807
15 29 1808
15 29 1809
15 29 1810
15 29 1811
15 29 1812
15 29 1813
15 29 1814
15 29 1815
15 29 1816
15 29 1817
15 29 1818
15 29 1819
15 29 1820
15 29 1821
15 29 1822
15 29 1823
15 29 1824
15 29 1825
15 29 1826
15 29 1827
15 29 1828
15 29 1829
15 29 1830
15 29 1831
15 29 1832
15 29 1833
15 29 1834
15 29 1835
15 29 1836
15 29 1837
15 29 1838
15 29 1839
15 29 1840
15 29 1841
15 29 1842
15 29 1843
15 29 1844
15 29 1845
15 29 1846
15 29 1847
15 29 1848
15 29 1849
15 29 1850
15 29 1851
15 29 1852
15 29 1853
15 29 1854
15 29 1855
15 29 1856
15 29 1857
15 29 1858
15 29 1859
15 29 1860
15 29 1861
15 29 1862
15 29 1863
15 29 1864
15 29 1865
15 29 1866
15 29 1867
15 29 1868
15 29 1869
15 29 1870
15 29 1871
15 29 1872
15 29 1873
15 29 1874
15 29 1875
15 29 1876
15 29 1877
15 29 1878
15 29 1879
15 29 1880
15 29 1881
15 29 1882
15 29 1883
15 29 1884
15 29 1885
15 29 1886
15 29 1887
15 29 1888
15 29 1889
15 29 1890
15 29 1891
15 29 1892
15 29 1893
15 29 1894
15 29 1895
15 29 1896
15 29 1897
15 29 1898
15 29 1899
15 29 1900
15 29 1901
15 29 1902
15 29 1903
15 29 1904
15 29 1905
15 29 1906
15 29 1907
15 29 1908
15 29 1909
15 29 1910
15 29 1911
15 29 1912
15 29 1913
15 29 1914
15 29 1915
15 29 1916
15 29 1917
15 29 1918
15 29 1919
15 29 1920
15 29 1921
15 29 1922
15 29 1923
15 29 1924
15 29 1925
15 29 1926
15 29 1927
15 29 1928
15 29 1929
15 29 1930
15 29 1931
15 29 1932
15 29 1933
15 29 1934
15 29 1935
15 29 1936
15 29 1937
15 29 1938
15 29 1939
15 29 1940
15 29 1941
15 29 1942
15 29 1943
15 29 1944
15 29 1945
15 29 1946
15 29 1947
15 29 1948
15 29 1949
15 29 1950
15 29 1951
15 29 1952
15 29 1953
15 29 1954
15 29 1955
15 29 1956
15 29 1957
15 29 1958
15 29 1959
15 29 1960
15 29 1961
15 29 1962
15 29 1963
15 29 1964
15 29 1965
15 29 1966
15 29 1967
15 29 1968
15 29 1969
15 29 1970
15 29 1971
15 29 1972
15 29 1973
15 29 1974
15 29 1975
15 29 1976
15 29 1977
15 29 1978
15 29 1979
15 29 1980
15 29 1981
15 29 1982
15 29 1983
15 29 1984
15 29 1985
15 29 1986
15 29 1987
15 29 1988
15 29 1989
15 29 1990
15 29 1991
15 29 1992
15 29 1993
15 29 1994
15 29 1995
15 29 1996
15 29 1997
15 29 1998
15 29 1999
15 29 2000
15 29 2001
15 29 2002
15 29 2003
15 29 2004
15 29 2005
15 29 2006
15 29 2007
15 29 2008
15 29 2009
15 29 2010
15 29 2011
15 29 2012
15 29 2013
15 29 2014
15 29 2015
15 29 2016
15 29 2017
15 29 2018
15 29 2019
15 29 2020
15 29 2021
15 29 2022
15 29 2023
15 29 2024
15 29 2025
15 29 2026
15 29 2027
15 29 2028
15 29 2029
15 29 2030
15 29 2031
15 29 2032
15 29 2033
15 29 2034
15 29 2035
15 29 2036
15 29 2037
15 29 2038
15 29 2039
15 29 2040
15 29 2041
15 29 2042
15 29 2043
15 29 2044
15 29 2045
15 29 2046
15 29 2047
15 29 2048
15 29 2049
15 29 2050
15 29 2051
15 29 2052
15 29 2053
15 29 2054
15 29 2055
15 29 2056
15 29 2057
15 29 2058
15 29 2059
15 29 2060
15 29 2061
15 29 2062
15 29 2063
15 29 2064
15 29 2065
15 29 2066
15 29 2067
15 29 2068
15 29 2069
15 29 2070
15 29 2071
15 29 2072
15 29 2073
15 29 2074
15 29 2075
15 29 2076
15 29 2077
15 29 2078
15 29 2079
15 29 2080
15 29 2081
15 29 2082
15 29 2083
15 29 2084
15 29 2085
15 29 2086
15 29 2087
15 29 2088
15 29 2089
15 29 2090
15 29 2091
15 29 2092
15 29 2093
15 29 2094
15 29 2095
15 29 2096
15 29 2097
15 29 2098
15 29 2099
15 29 2100
15 29 2101
15 29 2102
15 29 2103
15 29 2104
15 29 2105
15 29 2106
15 29 2107
15 29 2108
15 29 2109
15 29 2110
15 29 2111
15 29 2112
15 29 2113
15 29 2114
15 29 2115
15 29 2116
15 29 2117
15 29 2118
15 29 2119
15 29 2120
15 29 2121
15 29 2122
15 29 2123
15 29 2124
15 29 2125
15 29 2126
15 29 2127
15 29 2128
15 29 2129
15 29 2130
15 29 2131
15 29 2132
15 29 2133
15 29 2134
15 29 2135
15 29 2136
15 29 2137
15 29 2138
15 29 2139
15 29 2140
15 29 2141
15 29 2142
15 29 2143
15 29 2144
15 29 2145
15 29 2146
15 29 2147
15 29 2148
15 29 2149
15 29 2150
15 29 2151
15 29 2152
15 29 2153
15 29 2154
15 29 2155
15 29 2156
15 29 2157
15 29 2158
15 29 2159
15 29 2160
15 29 2161
15 29 2162
15 29 2163
15 29 2164
15 29 2165
15 29 2166
15 29 2167
15 29 2168
15 29 2169
15 29 2170
15 29 2171
15 29 2172
15 29 2173
15 29 2174
15 29 2175
15 29 2176
15 29 2177
15 29 2178
15 29 2179
15 29 2180
15 29 2181
15 29 2182
15 29 2183
15 29 2184
15 29 2185
15 29 2186
15 29 2187
15 29 2188
15 29 2189
15 29 2190
15 29 2191
15 29 2192
15 29 2193
15 29 2194
15 29 2195
15 29 2196
15 29 2197
15 29 2198
15 29 2199
15 29 2200
15 29 2201
15 29 2202
15 29 2203
15 29 2204
15 29 2205
15 29 2206
15 29 2207
15 29 2208
15 29 2209
15 29 2210
15 29 2211
15 29 2212
15 29 2213
15 29 2214
15 29 2215
15 29 2216
15 29 2217
15 29 2218
15 29 2219
15 29 2220
15 29 2221
15 29 2222
15 29 2223
15 29 2224
15 29 2225
15 29 2226
15 29 2227
15 29 2228
15 29 2229
15 29 2230
15 29 2231
15 29 2232
15 29 2233
15 29 2234
15 29 2235
15 29 2236
15 29 2237
15 29 2238
15 29 2239
15 29 2240
15 29 2241
15 29 2242
15 29 2243
15 29 2244
15 29 2245
15 29 2246
15 29 2247
15 29 2248
15 29 2249
15 29 2250
15 29 2251
15 29 2252
15 29 2253
15 29 2254
15 29 2255
15 29 2256
15 29 2257
15 29 2258
15 29 2259
15 29 2260
15 29 2261
15 29 2262
15 29 2263
15 29 2264
15 29 2265
15 29 2266
15 29 2267
15 29 2268
15 29 2269
15 29 2270
15 29 2271
15 29 2272
15 29 2273
15 29 2274
15 29 2275
15 29 2276
15 29 2277
15 29 2278
15 29 2279
15 29 2280
15 29 2281
15 29 2282
15 29 2283
15 29 2284
15 29 2285
15 29 2286
15 29 2287
15 29 2288
15 29 2289
15 29 2290
15 29 2291
15 29 2292
15 29 2293
15 29 2294
15 29 2295
15 29 2296
15 29 2297
15 29 2298
15 29 2299
15 29 2300
15 29 2301
15 29 2302
15 29 2303
15 29 2304
15 29 2305
15 29 2306
15 29 2307
15 29 2308
15 29 2309
15 29 2310
15 29 2311
15 29 2312
15 29 2313
15 29 2314
15 29 2315
15 29 2316
15 29 2317
15 29 2318
15 29 2319
15 29 2320
15 29 2321
15 29 2322
15 29 2323
15 29 2324
15 29 2325
15 29 2326
15 29 2327
15 29 2328
15 29 2329
15 29 2330
15 29 2331
15 29 2332
15 29 2333
15 29 2334
15 29 2335
15 29 2336
15 29 2337
15 29 2338
15 29 2339
15 29 2340
15 29 2341
15 29 2342
15 29 2343
15 29 2344
15 29 2345
15 29 2346
15 29 2347
15 29 2348
15 29 2349
15 29 2350
15 29 2351
15 29 2352
15 29 2353
15 29 2354
15 29 2355
15 29 2356
15 29 2357
15 29 2358
15 29 2359
15 29 2360
15 29 2361
15 29 2362
15 29 2363
15 29 2364
15 29 2365
15 29 2366
15 29 2367
15 29 2368
15 29 2369
15 29 2370
15 29 2371
15 29 2372
15 29 2373
15 29 2374
15 29 2375
15 29 2376
15 29 2377
15 29 2378
15 29 2379
15 29 2380
15 29 2381
15 29 2382
15 29 2383
15 29 2384
15 29 2385
15 29 2386
15 29 2387
15 29 2388
15 29 2389
15 29 2390
15 29 2391
15 29 2392
15 29 2393
15 29 2394
15 29 2395
15 29 2396
15 29 2397
15 29 2398
15 29 2399
15 29 2400
15 29 2401
15 29 2402
15 29 2403
15 29 2404
15 29 2405
15 29 2406
15 29 2407
15 29 2408
15 29 2409
15 29 2410
15 29 2411
15 29 2412
15 29 2413
15 29 2414
15 29 2415
15 29 2416
15 29 2417
15 29 2418
15 29 2419
15 29 2420
15 29 2421
15 29 2422
15 29 2423
15 29 2424
15 29 2425
15 29 2426
15 29 2427
15 29 2428
15 29 2429
15 29 2430
15 29 2431
15 29 2432
15 29 2433
15 29 2434
15 29 2435
15 29 2436
15 29 2437
15 29 2438
15 29 2439
15 29 2440
15 29 2441
15 29 2442
15 29 2443
15 29 2444
15 29 2445
15 29 2446
15 29 2447
15 29 2448
15 29 2449
15 29 2450
15 29 2451
15 29 2452
15 29 2453
15 29 2454
15 29 2455
15 29 2456
15 29 2457
