21 35 1
21 35 2
21 35 3
21 35 4
21 35 5
21 35 6
21 35 7
21 35 8
21 35 9
21 35 10
21 35 11
21 35 12
21 35 13
21 35 14
21 35 15
21 35 16
21 35 17
21 35 18
21 35 19
21 35 20
21 35 21
21 35 22
21 35 23
21 35 24
21 35 25
21 35 26
21 35 27
21 35 28
21 35 29
21 35 30
21 35 31
21 35 32
21 35 33
21 35 34
21 35 35
21 35 36
21 35 37
21 35 38
21 35 39
21 35 40
21 35 41
21 35 42
21 35 43
21 35 44
21 35 45
21 35 46
21 35 47
21 35 48
21 35 49
21 35 50
21 35 51
21 35 52
21 35 53
21 35 54
21 35 55
21 35 56
21 35 57
21 35 58
21 35 59
21 35 60
21 35 61
21 35 62
21 35 63
21 35 64
21 35 65
21 35 66
21 35 67
21 35 68
21 35 69
21 35 70
21 35 71
21 35 72
21 35 73
21 35 74
21 35 75
21 35 76
21 35 77
21 35 78
21 35 79
21 35 80
21 35 81
21 35 82
21 35 83
21 35 84
21 35 85
21 35 86
21 35 87
21 35 88
21 35 89
21 35 90
21 35 91
21 35 92
21 35 93
21 35 94
21 35 95
21 35 96
21 35 97
21 35 98
21 35 99
21 35 100
21 35 101
21 35 102
21 35 103
21 35 104
21 35 105
21 35 106
21 35 107
21 35 108
21 35 109
21 35 110
21 35 111
21 35 112
21 35 113
21 35 114
21 35 115
21 35 116
21 35 117
21 35 118
21 35 119
21 35 120
21 35 121
21 35 122
21 35 123
21 35 124
21 35 125
21 35 126
21 35 127
21 35 128
21 35 129
21 35 130
21 35 131
21 35 132
21 35 133
21 35 134
21 35 135
21 35 136
21 35 137
21 35 138
21 35 139
21 35 140
21 35 141
21 35 142
21 35 143
21 35 144
21 35 145
21 35 146
21 35 147
21 35 148
21 35 149
21 35 150
21 35 151
21 35 152
21 35 153
21 35 154
21 35 155
21 35 156
21 35 157
21 35 158
21 35 159
21 35 160
21 35 161
21 35 162
21 35 163
21 35 164
21 35 165
21 35 166
21 35 167
21 35 168
21 35 169
21 35 170
21 35 171
21 35 172
21 35 173
21 35 174
21 35 175
21 35 176
21 35 177
21 35 178
21 35 179
21 35 180
21 35 181
21 35 182
21 35 183
21 35 184
21 35 185
21 35 186
21 35 187
21 35 188
21 35 189
21 35 190
21 35 191
21 35 192
21 35 193
21 35 194
21 35 195
21 35 196
21 35 197
21 35 198
21 35 199
21 35 200
21 35 201
21 35 202
21 35 203
21 35 204
21 35 205
21 35 206
21 35 207
21 35 208
21 35 209
21 35 210
21 35 211
21 35 212
21 35 213
21 35 214
21 35 215
21 35 216
21 35 217
21 35 218
21 35 219
21 35 220
21 35 221
21 35 222
21 35 223
21 35 224
21 35 225
21 35 226
21 35 227
21 35 228
21 35 229
21 35 230
21 35 231
21 35 232
21 35 233
21 35 234
21 35 235
21 35 236
21 35 237
21 35 238
21 35 239
21 35 240
21 35 241
21 35 242
21 35 243
21 35 244
21 35 245
21 35 246
21 35 247
21 35 248
21 35 249
21 35 250
21 35 251
21 35 252
21 35 253
21 35 254
21 35 255
21 35 256
21 35 257
21 35 258
21 35 259
21 35 260
21 35 261
21 35 262
21 35 263
21 35 264
21 35 265
21 35 266
21 35 267
21 35 268
21 35 269
21 35 270
21 35 271
21 35 272
21 35 273
21 35 274
21 35 275
21 35 276
21 35 277
21 35 278
21 35 279
21 35 280
21 35 281
21 35 282
21 35 283
21 35 284
21 35 285
21 35 286
21 35 287
21 35 288
21 35 289
21 35 290
21 35 291
21 35 292
21 35 293
21 35 294
21 35 295
21 35 296
21 35 297
21 35 298
21 35 299
21 35 300
21 35 301
21 35 302
21 35 303
21 35 304
21 35 305
21 35 306
21 35 307
21 35 308
21 35 309
21 35 310
21 35 311
21 35 312
21 35 313
21 35 314
21 35 315
21 35 316
21 35 317
21 35 318
21 35 319
21 35 320
21 35 321
21 35 322
21 35 323
21 35 324
21 35 325
21 35 326
21 35 327
21 35 328
21 35 329
21 35 330
21 35 331
21 35 332
21 35 333
21 35 334
21 35 335
21 35 336
21 35 337
21 35 338
21 35 339
21 35 340
21 35 341
21 35 342
21 35 343
21 35 344
21 35 345
21 35 346
21 35 347
21 35 348
21 35 349
21 35 350
21 35 351
21 35 352
21 35 353
21 35 354
21 35 355
21 35 356
21 35 357
21 35 358
21 35 359
21 35 360
21 35 361
21 35 362
21 35 363
21 35 364
21 35 365
21 35 366
21 35 367
21 35 368
21 35 369
21 35 370
21 35 371
21 35 372
21 35 373
21 35 374
21 35 375
21 35 376
21 35 377
21 35 378
21 35 379
21 35 380
21 35 381
21 35 382
21 35 383
21 35 384
21 35 385
21 35 386
21 35 387
21 35 388
21 35 389
21 35 390
21 35 391
21 35 392
21 35 393
21 35 394
21 35 395
21 35 396
21 35 397
21 35 398
21 35 399
21 35 400
21 35 401
21 35 402
21 35 403
21 35 404
21 35 405
21 35 406
21 35 407
21 35 408
21 35 409
21 35 410
21 35 411
21 35 412
21 35 413
21 35 414
21 35 415
21 35 416
21 35 417
21 35 418
21 35 419
21 35 420
21 35 421
21 35 422
21 35 423
21 35 424
21 35 425
21 35 426
21 35 427
21 35 428
21 35 429
21 35 430
21 35 431
21 35 432
21 35 433
21 35 434
21 35 435
21 35 436
21 35 437
21 35 438
21 35 439
21 35 440
21 35 441
21 35 442
21 35 443
21 35 444
21 35 445
21 35 446
21 35 447
21 35 448
21 35 449
21 35 450
21 35 451
21 35 452
21 35 453
21 35 454
21 35 455
21 35 456
21 35 457
21 35 458
21 35 459
21 35 460
21 35 461
21 35 462
21 35 463
21 35 464
21 35 465
21 35 466
21 35 467
21 35 468
21 35 469
21 35 470
21 35 471
21 35 472
21 35 473
21 35 474
21 35 475
21 35 476
21 35 477
21 35 478
21 35 479
21 35 480
21 35 481
21 35 482
21 35 483
21 35 484
21 35 485
21 35 486
21 35 487
21 35 488
21 35 489
21 35 490
21 35 491
21 35 492
21 35 493
21 35 494
21 35 495
21 35 496
21 35 497
21 35 498
21 35 499
21 35 500
21 35 501
21 35 502
21 35 503
21 35 504
21 35 505
21 35 506
21 35 507
21 35 508
21 35 509
21 35 510
21 35 511
21 35 512
21 35 513
21 35 514
21 35 515
21 35 516
21 35 517
21 35 518
21 35 519
21 35 520
21 35 521
21 35 522
21 35 523
21 35 524
21 35 525
21 35 526
21 35 527
21 35 528
21 35 529
21 35 530
21 35 531
21 35 532
21 35 533
21 35 534
21 35 535
21 35 536
21 35 537
21 35 538
21 35 539
21 35 540
21 35 541
21 35 542
21 35 543
21 35 544
21 35 545
21 35 546
21 35 547
21 35 548
21 35 549
21 35 550
21 35 551
21 35 552
21 35 553
21 35 554
21 35 555
21 35 556
21 35 557
21 35 558
21 35 559
21 35 560
21 35 561
21 35 562
21 35 563
21 35 564
21 35 565
21 35 566
21 35 567
21 35 568
21 35 569
21 35 570
21 35 571
21 35 572
21 35 573
21 35 574
21 35 575
21 35 576
21 35 577
21 35 578
21 35 579
21 35 580
21 35 581
21 35 582
21 35 583
21 35 584
21 35 585
21 35 586
21 35 587
21 35 588
21 35 589
21 35 590
21 35 591
21 35 592
21 35 593
21 35 594
21 35 595
21 35 596
21 35 597
21 35 598
21 35 599
21 35 600
21 35 601
21 35 602
21 35 603
21 35 604
21 35 605
21 35 606
21 35 607
21 35 608
21 35 609
21 35 610
21 35 611
21 35 612
21 35 613
21 35 614
21 35 615
21 35 616
21 35 617
21 35 618
21 35 619
21 35 620
21 35 621
21 35 622
21 35 623
21 35 624
21 35 625
21 35 626
21 35 627
21 35 628
21 35 629
21 35 630
21 35 631
21 35 632
21 35 633
21 35 634
21 35 635
21 35 636
21 35 637
21 35 638
21 35 639
21 35 640
21 35 641
21 35 642
21 35 643
21 35 644
21 35 645
21 35 646
21 35 647
21 35 648
21 35 649
21 35 650
21 35 651
21 35 652
21 35 653
21 35 654
21 35 655
21 35 656
21 35 657
21 35 658
21 35 659
21 35 660
21 35 661
21 35 662
21 35 663
21 35 664
21 35 665
21 35 666
21 35 667
21 35 668
21 35 669
21 35 670
21 35 671
21 35 672
21 35 673
21 35 674
21 35 675
21 35 676
21 35 677
21 35 678
21 35 679
21 35 680
21 35 681
21 35 682
21 35 683
21 35 684
21 35 685
21 35 686
21 35 687
21 35 688
21 35 689
21 35 690
21 35 691
21 35 692
21 35 693
21 35 694
21 35 695
21 35 696
21 35 697
21 35 698
21 35 699
21 35 700
21 35 701
21 35 702
21 35 703
21 35 704
21 35 705
21 35 706
21 35 707
21 35 708
21 35 709
21 35 710
21 35 711
21 35 712
21 35 713
21 35 714
21 35 715
21 35 716
21 35 717
21 35 718
21 35 719
21 35 720
21 35 721
21 35 722
21 35 723
21 35 724
21 35 725
21 35 726
21 35 727
21 35 728
21 35 729
21 35 730
21 35 731
21 35 732
21 35 733
21 35 734
21 35 735
21 35 736
21 35 737
21 35 738
21 35 739
21 35 740
21 35 741
21 35 742
21 35 743
21 35 744
21 35 745
21 35 746
21 35 747
21 35 748
21 35 749
21 35 750
21 35 751
21 35 752
21 35 753
21 35 754
21 35 755
21 35 756
21 35 757
21 35 758
21 35 759
21 35 760
21 35 761
21 35 762
21 35 763
21 35 764
21 35 765
21 35 766
21 35 767
21 35 768
21 35 769
21 35 770
21 35 771
21 35 772
21 35 773
21 35 774
21 35 775
21 35 776
21 35 777
21 35 778
21 35 779
21 35 780
21 35 781
21 35 782
21 35 783
21 35 784
21 35 785
21 35 786
21 35 787
21 35 788
21 35 789
21 35 790
21 35 791
21 35 792
21 35 793
21 35 794
21 35 795
21 35 796
21 35 797
21 35 798
21 35 799
21 35 800
21 35 801
21 35 802
21 35 803
21 35 804
21 35 805
21 35 806
21 35 807
21 35 808
21 35 809
21 35 810
21 35 811
21 35 812
21 35 813
21 35 814
21 35 815
21 35 816
21 35 817
21 35 818
21 35 819
21 35 820
21 35 821
21 35 822
21 35 823
21 35 824
21 35 825
21 35 826
21 35 827
21 35 828
21 35 829
21 35 830
21 35 831
21 35 832
21 35 833
21 35 834
21 35 835
21 35 836
21 35 837
21 35 838
21 35 839
21 35 840
21 35 841
21 35 842
21 35 843
21 35 844
21 35 845
21 35 846
21 35 847
21 35 848
21 35 849
21 35 850
21 35 851
21 35 852
21 35 853
21 35 854
21 35 855
21 35 856
21 35 857
21 35 858
21 35 859
21 35 860
21 35 861
21 35 862
21 35 863
21 35 864
21 35 865
21 35 866
21 35 867
21 35 868
21 35 869
21 35 870
21 35 871
21 35 872
21 35 873
21 35 874
21 35 875
21 35 876
21 35 877
21 35 878
21 35 879
21 35 880
21 35 881
21 35 882
21 35 883
21 35 884
21 35 885
21 35 886
21 35 887
21 35 888
21 35 889
21 35 890
21 35 891
21 35 892
21 35 893
21 35 894
21 35 895
21 35 896
21 35 897
21 35 898
21 35 899
21 35 900
21 35 901
21 35 902
21 35 903
21 35 904
21 35 905
21 35 906
21 35 907
21 35 908
21 35 909
21 35 910
21 35 911
21 35 912
21 35 913
21 35 914
21 35 915
21 35 916
21 35 917
21 35 918
21 35 919
21 35 920
21 35 921
21 35 922
21 35 923
21 35 924
21 35 925
21 35 926
21 35 927
21 35 928
21 35 929
21 35 930
21 35 931
21 35 932
21 35 933
21 35 934
21 35 935
21 35 936
21 35 937
21 35 938
21 35 939
21 35 940
21 35 941
21 35 942
21 35 943
21 35 944
21 35 945
21 35 946
21 35 947
21 35 948
21 35 949
21 35 950
21 35 951
21 35 952
21 35 953
21 35 954
21 35 955
21 35 956
21 35 957
21 35 958
21 35 959
21 35 960
21 35 961
21 35 962
21 35 963
21 35 964
21 35 965
21 35 966
21 35 967
21 35 968
21 35 969
21 35 970
21 35 971
21 35 972
21 35 973
21 35 974
21 35 975
21 35 976
21 35 977
21 35 978
21 35 979
21 35 980
21 35 981
21 35 982
21 35 983
21 35 984
21 35 985
21 35 986
21 35 987
21 35 988
21 35 989
21 35 990
21 35 991
21 35 992
21 35 993
21 35 994
21 35 995
21 35 996
21 35 997
21 35 998
21 35 999
21 35 1000
21 35 1001
21 35 1002
21 35 1003
21 35 1004
21 35 1005
21 35 1006
21 35 1007
21 35 1008
21 35 1009
21 35 1010
21 35 1011
21 35 1012
21 35 1013
21 35 1014
21 35 1015
21 35 1016
21 35 1017
21 35 1018
21 35 1019
21 35 1020
21 35 1021
21 35 1022
21 35 1023
21 35 1024
21 35 1025
21 35 1026
21 35 1027
21 35 1028
21 35 1029
21 35 1030
21 35 1031
21 35 1032
21 35 1033
21 35 1034
21 35 1035
21 35 1036
21 35 1037
21 35 1038
21 35 1039
21 35 1040
21 35 1041
21 35 1042
21 35 1043
21 35 1044
21 35 1045
21 35 1046
21 35 1047
21 35 1048
21 35 1049
21 35 1050
21 35 1051
21 35 1052
21 35 1053
21 35 1054
21 35 1055
21 35 1056
21 35 1057
21 35 1058
21 35 1059
21 35 1060
21 35 1061
21 35 1062
21 35 1063
21 35 1064
21 35 1065
21 35 1066
21 35 1067
21 35 1068
21 35 1069
21 35 1070
21 35 1071
21 35 1072
21 35 1073
21 35 1074
21 35 1075
21 35 1076
21 35 1077
21 35 1078
21 35 1079
21 35 1080
21 35 1081
21 35 1082
21 35 1083
21 35 1084
21 35 1085
21 35 1086
21 35 1087
21 35 1088
21 35 1089
21 35 1090
21 35 1091
21 35 1092
21 35 1093
21 35 1094
21 35 1095
21 35 1096
21 35 1097
21 35 1098
21 35 1099
21 35 1100
21 35 1101
21 35 1102
21 35 1103
21 35 1104
21 35 1105
21 35 1106
21 35 1107
21 35 1108
21 35 1109
21 35 1110
21 35 1111
21 35 1112
21 35 1113
21 35 1114
21 35 1115
21 35 1116
21 35 1117
21 35 1118
21 35 1119
21 35 1120
21 35 1121
21 35 1122
21 35 1123
21 35 1124
21 35 1125
21 35 1126
21 35 1127
21 35 1128
21 35 1129
21 35 1130
21 35 1131
21 35 1132
21 35 1133
21 35 1134
21 35 1135
21 35 1136
21 35 1137
21 35 1138
21 35 1139
21 35 1140
21 35 1141
21 35 1142
21 35 1143
21 35 1144
21 35 1145
21 35 1146
21 35 1147
21 35 1148
21 35 1149
21 35 1150
21 35 1151
21 35 1152
21 35 1153
21 35 1154
21 35 1155
21 35 1156
21 35 1157
21 35 1158
21 35 1159
21 35 1160
21 35 1161
21 35 1162
21 35 1163
21 35 1164
21 35 1165
21 35 1166
21 35 1167
21 35 1168
21 35 1169
21 35 1170
21 35 1171
21 35 1172
21 35 1173
21 35 1174
21 35 1175
21 35 1176
21 35 1177
21 35 1178
21 35 1179
21 35 1180
21 35 1181
21 35 1182
21 35 1183
21 35 1184
21 35 1185
21 35 1186
21 35 1187
21 35 1188
21 35 1189
21 35 1190
21 35 1191
21 35 1192
21 35 1193
21 35 1194
21 35 1195
21 35 1196
21 35 1197
21 35 1198
21 35 1199
21 35 1200
21 35 1201
21 35 1202
21 35 1203
21 35 1204
21 35 1205
21 35 1206
21 35 1207
21 35 1208
21 35 1209
21 35 1210
21 35 1211
21 35 1212
21 35 1213
21 35 1214
21 35 1215
21 35 1216
21 35 1217
21 35 1218
21 35 1219
21 35 1220
21 35 1221
21 35 1222
21 35 1223
21 35 1224
21 35 1225
21 35 1226
21 35 1227
21 35 1228
21 35 1229
21 35 1230
21 35 1231
21 35 1232
21 35 1233
21 35 1234
21 35 1235
21 35 1236
21 35 1237
21 35 1238
21 35 1239
21 35 1240
21 35 1241
21 35 1242
21 35 1243
21 35 1244
21 35 1245
21 35 1246
21 35 1247
21 35 1248
21 35 1249
21 35 1250
21 35 1251
21 35 1252
21 35 1253
21 35 1254
21 35 1255
21 35 1256
21 35 1257
21 35 1258
21 35 1259
21 35 1260
21 35 1261
21 35 1262
21 35 1263
21 35 1264
21 35 1265
21 35 1266
21 35 1267
21 35 1268
21 35 1269
21 35 1270
21 35 1271
21 35 1272
21 35 1273
21 35 1274
21 35 1275
21 35 1276
21 35 1277
21 35 1278
21 35 1279
21 35 1280
21 35 1281
21 35 1282
21 35 1283
21 35 1284
21 35 1285
21 35 1286
21 35 1287
21 35 1288
21 35 1289
21 35 1290
21 35 1291
21 35 1292
21 35 1293
21 35 1294
21 35 1295
21 35 1296
21 35 1297
21 35 1298
21 35 1299
21 35 1300
21 35 1301
21 35 1302
21 35 1303
21 35 1304
21 35 1305
21 35 1306
21 35 1307
21 35 1308
21 35 1309
21 35 1310
21 35 1311
21 35 1312
21 35 1313
21 35 1314
21 35 1315
21 35 1316
21 35 1317
21 35 1318
21 35 1319
21 35 1320
21 35 1321
21 35 1322
21 35 1323
21 35 1324
21 35 1325
21 35 1326
21 35 1327
21 35 1328
21 35 1329
21 35 1330
21 35 1331
21 35 1332
21 35 1333
21 35 1334
21 35 1335
21 35 1336
21 35 1337
21 35 1338
21 35 1339
21 35 1340
21 35 1341
21 35 1342
21 35 1343
21 35 1344
21 35 1345
21 35 1346
21 35 1347
21 35 1348
21 35 1349
21 35 1350
21 35 1351
21 35 1352
21 35 1353
21 35 1354
21 35 1355
21 35 1356
21 35 1357
21 35 1358
21 35 1359
21 35 1360
21 35 1361
21 35 1362
21 35 1363
21 35 1364
21 35 1365
21 35 1366
21 35 1367
21 35 1368
21 35 1369
21 35 1370
21 35 1371
21 35 1372
21 35 1373
21 35 1374
21 35 1375
21 35 1376
21 35 1377
21 35 1378
21 35 1379
21 35 1380
21 35 1381
21 35 1382
21 35 1383
21 35 1384
21 35 1385
21 35 1386
21 35 1387
21 35 1388
21 35 1389
21 35 1390
21 35 1391
21 35 1392
21 35 1393
21 35 1394
21 35 1395
21 35 1396
21 35 1397
21 35 1398
21 35 1399
21 35 1400
21 35 1401
21 35 1402
21 35 1403
21 35 1404
21 35 1405
21 35 1406
21 35 1407
21 35 1408
21 35 1409
21 35 1410
21 35 1411
21 35 1412
21 35 1413
21 35 1414
21 35 1415
21 35 1416
21 35 1417
21 35 1418
21 35 1419
21 35 1420
21 35 1421
21 35 1422
21 35 1423
21 35 1424
21 35 1425
21 35 1426
21 35 1427
21 35 1428
21 35 1429
21 35 1430
21 35 1431
21 35 1432
21 35 1433
21 35 1434
21 35 1435
21 35 1436
21 35 1437
21 35 1438
21 35 1439
21 35 1440
21 35 1441
21 35 1442
21 35 1443
21 35 1444
21 35 1445
21 35 1446
21 35 1447
21 35 1448
21 35 1449
21 35 1450
21 35 1451
21 35 1452
21 35 1453
21 35 1454
21 35 1455
21 35 1456
21 35 1457
21 35 1458
21 35 1459
21 35 1460
21 35 1461
21 35 1462
21 35 1463
21 35 1464
21 35 1465
21 35 1466
21 35 1467
21 35 1468
21 35 1469
21 35 1470
21 35 1471
21 35 1472
21 35 1473
21 35 1474
21 35 1475
21 35 1476
21 35 1477
21 35 1478
21 35 1479
21 35 1480
21 35 1481
21 35 1482
21 35 1483
21 35 1484
21 35 1485
21 35 1486
21 35 1487
21 35 1488
21 35 1489
21 35 1490
21 35 1491
21 35 1492
21 35 1493
21 35 1494
21 35 1495
21 35 1496
21 35 1497
21 35 1498
21 35 1499
21 35 1500
21 35 1501
21 35 1502
21 35 1503
21 35 1504
21 35 1505
21 35 1506
21 35 1507
21 35 1508
21 35 1509
21 35 1510
21 35 1511
21 35 1512
21 35 1513
21 35 1514
21 35 1515
21 35 1516
21 35 1517
21 35 1518
21 35 1519
21 35 1520
21 35 1521
21 35 1522
21 35 1523
21 35 1524
21 35 1525
21 35 1526
21 35 1527
21 35 1528
21 35 1529
21 35 1530
21 35 1531
21 35 1532
21 35 1533
21 35 1534
21 35 1535
21 35 1536
21 35 1537
21 35 1538
21 35 1539
21 35 1540
21 35 1541
21 35 1542
21 35 1543
21 35 1544
21 35 1545
21 35 1546
21 35 1547
21 35 1548
21 35 1549
21 35 1550
21 35 1551
21 35 1552
21 35 1553
21 35 1554
21 35 1555
21 35 1556
21 35 1557
21 35 1558
21 35 1559
21 35 1560
21 35 1561
21 35 1562
21 35 1563
21 35 1564
21 35 1565
21 35 1566
21 35 1567
21 35 1568
21 35 1569
21 35 1570
21 35 1571
21 35 1572
21 35 1573
21 35 1574
21 35 1575
21 35 1576
21 35 1577
21 35 1578
21 35 1579
21 35 1580
21 35 1581
21 35 1582
21 35 1583
21 35 1584
21 35 1585
21 35 1586
21 35 1587
21 35 1588
21 35 1589
21 35 1590
21 35 1591
21 35 1592
21 35 1593
21 35 1594
21 35 1595
21 35 1596
21 35 1597
21 35 1598
21 35 1599
21 35 1600
21 35 1601
21 35 1602
21 35 1603
21 35 1604
21 35 1605
21 35 1606
21 35 1607
21 35 1608
21 35 1609
21 35 1610
21 35 1611
21 35 1612
21 35 1613
21 35 1614
21 35 1615
21 35 1616
21 35 1617
21 35 1618
21 35 1619
21 35 1620
21 35 1621
21 35 1622
21 35 1623
21 35 1624
21 35 1625
21 35 1626
21 35 1627
21 35 1628
21 35 1629
21 35 1630
21 35 1631
21 35 1632
21 35 1633
21 35 1634
21 35 1635
21 35 1636
21 35 1637
21 35 1638
21 35 1639
21 35 1640
21 35 1641
21 35 1642
21 35 1643
21 35 1644
21 35 1645
21 35 1646
21 35 1647
21 35 1648
21 35 1649
21 35 1650
21 35 1651
21 35 1652
21 35 1653
21 35 1654
21 35 1655
21 35 1656
21 35 1657
21 35 1658
21 35 1659
21 35 1660
21 35 1661
21 35 1662
21 35 1663
21 35 1664
21 35 1665
21 35 1666
21 35 1667
21 35 1668
21 35 1669
21 35 1670
21 35 1671
21 35 1672
21 35 1673
21 35 1674
21 35 1675
21 35 1676
21 35 1677
21 35 1678
21 35 1679
21 35 1680
21 35 1681
21 35 1682
21 35 1683
21 35 1684
21 35 1685
21 35 1686
21 35 1687
21 35 1688
21 35 1689
21 35 1690
21 35 1691
21 35 1692
21 35 1693
21 35 1694
21 35 1695
21 35 1696
21 35 1697
21 35 1698
21 35 1699
21 35 1700
21 35 1701
21 35 1702
21 35 1703
21 35 1704
21 35 1705
21 35 1706
21 35 1707
21 35 1708
21 35 1709
21 35 1710
21 35 1711
21 35 1712
21 35 1713
21 35 1714
21 35 1715
21 35 1716
21 35 1717
21 35 1718
21 35 1719
21 35 1720
21 35 1721
21 35 1722
21 35 1723
21 35 1724
21 35 1725
21 35 1726
21 35 1727
21 35 1728
21 35 1729
21 35 1730
21 35 1731
21 35 1732
21 35 1733
21 35 1734
21 35 1735
21 35 1736
21 35 1737
21 35 1738
21 35 1739
21 35 1740
21 35 1741
21 35 1742
21 35 1743
21 35 1744
21 35 1745
21 35 1746
21 35 1747
21 35 1748
21 35 1749
21 35 1750
21 35 1751
21 35 1752
21 35 1753
21 35 1754
21 35 1755
21 35 1756
21 35 1757
21 35 1758
21 35 1759
21 35 1760
21 35 1761
21 35 1762
21 35 1763
21 35 1764
21 35 1765
21 35 1766
21 35 1767
21 35 1768
21 35 1769
21 35 1770
21 35 1771
21 35 1772
21 35 1773
21 35 1774
21 35 1775
21 35 1776
21 35 1777
21 35 1778
21 35 1779
21 35 1780
21 35 1781
21 35 1782
21 35 1783
21 35 1784
21 35 1785
21 35 1786
21 35 1787
21 35 1788
21 35 1789
21 35 1790
21 35 1791
21 35 1792
21 35 1793
21 35 1794
21 35 1795
21 35 1796
21 35 1797
21 35 1798
21 35 1799
21 35 1800
21 35 1801
21 35 1802
21 35 1803
21 35 1804
21 35 1805
21 35 1806
21 35 1807
21 35 1808
21 35 1809
21 35 1810
21 35 1811
21 35 1812
21 35 1813
21 35 1814
21 35 1815
21 35 1816
21 35 1817
21 35 1818
21 35 1819
21 35 1820
21 35 1821
21 35 1822
21 35 1823
21 35 1824
21 35 1825
21 35 1826
21 35 1827
21 35 1828
21 35 1829
21 35 1830
21 35 1831
21 35 1832
21 35 1833
21 35 1834
21 35 1835
21 35 1836
21 35 1837
21 35 1838
21 35 1839
21 35 1840
21 35 1841
21 35 1842
21 35 1843
21 35 1844
21 35 1845
21 35 1846
21 35 1847
21 35 1848
21 35 1849
21 35 1850
21 35 1851
21 35 1852
21 35 1853
21 35 1854
21 35 1855
21 35 1856
21 35 1857
21 35 1858
21 35 1859
21 35 1860
21 35 1861
21 35 1862
21 35 1863
21 35 1864
21 35 1865
21 35 1866
21 35 1867
21 35 1868
21 35 1869
21 35 1870
21 35 1871
21 35 1872
21 35 1873
21 35 1874
21 35 1875
21 35 1876
21 35 1877
21 35 1878
21 35 1879
21 35 1880
21 35 1881
21 35 1882
21 35 1883
21 35 1884
21 35 1885
21 35 1886
21 35 1887
21 35 1888
21 35 1889
21 35 1890
21 35 1891
21 35 1892
21 35 1893
21 35 1894
21 35 1895
21 35 1896
21 35 1897
21 35 1898
21 35 1899
21 35 1900
21 35 1901
21 35 1902
21 35 1903
21 35 1904
21 35 1905
21 35 1906
21 35 1907
21 35 1908
21 35 1909
21 35 1910
21 35 1911
21 35 1912
21 35 1913
21 35 1914
21 35 1915
21 35 1916
21 35 1917
21 35 1918
21 35 1919
21 35 1920
21 35 1921
21 35 1922
21 35 1923
21 35 1924
21 35 1925
21 35 1926
21 35 1927
21 35 1928
21 35 1929
21 35 1930
21 35 1931
21 35 1932
21 35 1933
21 35 1934
21 35 1935
21 35 1936
21 35 1937
21 35 1938
21 35 1939
21 35 1940
21 35 1941
21 35 1942
21 35 1943
21 35 1944
21 35 1945
21 35 1946
21 35 1947
21 35 1948
21 35 1949
21 35 1950
21 35 1951
21 35 1952
21 35 1953
21 35 1954
21 35 1955
21 35 1956
21 35 1957
21 35 1958
21 35 1959
21 35 1960
21 35 1961
21 35 1962
21 35 1963
21 35 1964
21 35 1965
21 35 1966
21 35 1967
21 35 1968
21 35 1969
21 35 1970
21 35 1971
21 35 1972
21 35 1973
21 35 1974
21 35 1975
21 35 1976
21 35 1977
21 35 1978
21 35 1979
21 35 1980
21 35 1981
21 35 1982
21 35 1983
21 35 1984
21 35 1985
21 35 1986
21 35 1987
21 35 1988
21 35 1989
21 35 1990
21 35 1991
21 35 1992
21 35 1993
21 35 1994
21 35 1995
21 35 1996
21 35 1997
21 35 1998
21 35 1999
21 35 2000
21 35 2001
21 35 2002
21 35 2003
21 35 2004
21 35 2005
21 35 2006
21 35 2007
21 35 2008
21 35 2009
21 35 2010
21 35 2011
21 35 2012
21 35 2013
21 35 2014
21 35 2015
21 35 2016
21 35 2017
21 35 2018
21 35 2019
21 35 2020
21 35 2021
21 35 2022
21 35 2023
21 35 2024
21 35 2025
21 35 2026
21 35 2027
21 35 2028
21 35 2029
21 35 2030
21 35 2031
21 35 2032
21 35 2033
21 35 2034
21 35 2035
21 35 2036
21 35 2037
21 35 2038
21 35 2039
21 35 2040
21 35 2041
21 35 2042
21 35 2043
21 35 2044
21 35 2045
21 35 2046
21 35 2047
21 35 2048
21 35 2049
21 35 2050
21 35 2051
21 35 2052
21 35 2053
21 35 2054
21 35 2055
21 35 2056
21 35 2057
21 35 2058
21 35 2059
21 35 2060
21 35 2061
21 35 2062
21 35 2063
21 35 2064
21 35 2065
21 35 2066
21 35 2067
21 35 2068
21 35 2069
21 35 2070
21 35 2071
21 35 2072
21 35 2073
21 35 2074
21 35 2075
21 35 2076
21 35 2077
21 35 2078
21 35 2079
21 35 2080
21 35 2081
21 35 2082
21 35 2083
21 35 2084
21 35 2085
21 35 2086
21 35 2087
21 35 2088
21 35 2089
21 35 2090
21 35 2091
21 35 2092
21 35 2093
21 35 2094
21 35 2095
21 35 2096
21 35 2097
21 35 2098
21 35 2099
21 35 2100
21 35 2101
21 35 2102
21 35 2103
21 35 2104
21 35 2105
21 35 2106
21 35 2107
21 35 2108
21 35 2109
21 35 2110
21 35 2111
21 35 2112
21 35 2113
21 35 2114
21 35 2115
21 35 2116
21 35 2117
21 35 2118
21 35 2119
21 35 2120
21 35 2121
21 35 2122
21 35 2123
21 35 2124
21 35 2125
21 35 2126
21 35 2127
21 35 2128
21 35 2129
21 35 2130
21 35 2131
21 35 2132
21 35 2133
21 35 2134
21 35 2135
21 35 2136
21 35 2137
21 35 2138
21 35 2139
21 35 2140
21 35 2141
21 35 2142
21 35 2143
21 35 2144
21 35 2145
21 35 2146
21 35 2147
21 35 2148
21 35 2149
21 35 2150
21 35 2151
21 35 2152
21 35 2153
21 35 2154
21 35 2155
21 35 2156
21 35 2157
21 35 2158
21 35 2159
21 35 2160
21 35 2161
21 35 2162
21 35 2163
21 35 2164
21 35 2165
21 35 2166
21 35 2167
21 35 2168
21 35 2169
21 35 2170
21 35 2171
21 35 2172
21 35 2173
21 35 2174
21 35 2175
21 35 2176
21 35 2177
21 35 2178
21 35 2179
21 35 2180
21 35 2181
21 35 2182
21 35 2183
21 35 2184
21 35 2185
21 35 2186
21 35 2187
21 35 2188
21 35 2189
21 35 2190
21 35 2191
21 35 2192
21 35 2193
21 35 2194
21 35 2195
21 35 2196
21 35 2197
21 35 2198
21 35 2199
21 35 2200
21 35 2201
21 35 2202
21 35 2203
21 35 2204
21 35 2205
21 35 2206
21 35 2207
21 35 2208
21 35 2209
21 35 2210
21 35 2211
21 35 2212
21 35 2213
21 35 2214
21 35 2215
21 35 2216
21 35 2217
21 35 2218
21 35 2219
21 35 2220
21 35 2221
21 35 2222
21 35 2223
21 35 2224
21 35 2225
21 35 2226
21 35 2227
21 35 2228
21 35 2229
21 35 2230
21 35 2231
21 35 2232
21 35 2233
21 35 2234
21 35 2235
21 35 2236
21 35 2237
21 35 2238
21 35 2239
21 35 2240
21 35 2241
21 35 2242
21 35 2243
21 35 2244
21 35 2245
21 35 2246
21 35 2247
21 35 2248
21 35 2249
21 35 2250
21 35 2251
21 35 2252
21 35 2253
21 35 2254
21 35 2255
21 35 2256
21 35 2257
21 35 2258
21 35 2259
21 35 2260
21 35 2261
21 35 2262
21 35 2263
21 35 2264
21 35 2265
21 35 2266
21 35 2267
21 35 2268
21 35 2269
21 35 2270
21 35 2271
21 35 2272
21 35 2273
21 35 2274
21 35 2275
21 35 2276
21 35 2277
21 35 2278
21 35 2279
21 35 2280
21 35 2281
21 35 2282
21 35 2283
21 35 2284
21 35 2285
21 35 2286
21 35 2287
21 35 2288
21 35 2289
21 35 2290
21 35 2291
21 35 2292
21 35 2293
21 35 2294
21 35 2295
21 35 2296
21 35 2297
21 35 2298
21 35 2299
21 35 2300
21 35 2301
21 35 2302
21 35 2303
21 35 2304
21 35 2305
21 35 2306
21 35 2307
21 35 2308
21 35 2309
21 35 2310
21 35 2311
21 35 2312
21 35 2313
21 35 2314
21 35 2315
21 35 2316
21 35 2317
21 35 2318
21 35 2319
21 35 2320
21 35 2321
21 35 2322
21 35 2323
21 35 2324
21 35 2325
21 35 2326
21 35 2327
21 35 2328
21 35 2329
21 35 2330
21 35 2331
21 35 2332
21 35 2333
21 35 2334
21 35 2335
21 35 2336
21 35 2337
21 35 2338
21 35 2339
21 35 2340
21 35 2341
21 35 2342
21 35 2343
21 35 2344
21 35 2345
21 35 2346
21 35 2347
21 35 2348
21 35 2349
21 35 2350
21 35 2351
21 35 2352
21 35 2353
21 35 2354
21 35 2355
21 35 2356
21 35 2357
21 35 2358
21 35 2359
21 35 2360
21 35 2361
21 35 2362
21 35 2363
21 35 2364
21 35 2365
21 35 2366
21 35 2367
21 35 2368
21 35 2369
21 35 2370
21 35 2371
21 35 2372
21 35 2373
21 35 2374
21 35 2375
21 35 2376
21 35 2377
21 35 2378
21 35 2379
21 35 2380
21 35 2381
21 35 2382
21 35 2383
21 35 2384
21 35 2385
21 35 2386
21 35 2387
21 35 2388
21 35 2389
21 35 2390
21 35 2391
21 35 2392
21 35 2393
21 35 2394
21 35 2395
21 35 2396
21 35 2397
21 35 2398
21 35 2399
21 35 2400
21 35 2401
21 35 2402
21 35 2403
21 35 2404
21 35 2405
21 35 2406
21 35 2407
21 35 2408
21 35 2409
21 35 2410
21 35 2411
21 35 2412
21 35 2413
21 35 2414
21 35 2415
21 35 2416
21 35 2417
21 35 2418
21 35 2419
21 35 2420
21 35 2421
21 35 2422
21 35 2423
21 35 2424
21 35 2425
21 35 2426
21 35 2427
21 35 2428
21 35 2429
21 35 2430
21 35 2431
21 35 2432
21 35 2433
21 35 2434
21 35 2435
21 35 2436
21 35 2437
21 35 2438
21 35 2439
21 35 2440
21 35 2441
21 35 2442
21 35 2443
21 35 2444
21 35 2445
21 35 2446
21 35 2447
21 35 2448
21 35 2449
21 35 2450
21 35 2451
21 35 2452
21 35 2453
21 35 2454
21 35 2455
21 35 2456
21 35 2457
