11 40 1
11 40 2
11 40 3
11 40 4
11 40 5
11 40 6
11 40 7
11 40 8
11 40 9
11 40 10
11 40 11
11 40 12
11 40 13
11 40 14
11 40 15
11 40 16
11 40 17
11 40 18
11 40 19
11 40 20
11 40 21
11 40 22
11 40 23
11 40 24
11 40 25
11 40 26
11 40 27
11 40 28
11 40 29
11 40 30
11 40 31
11 40 32
11 40 33
11 40 34
11 40 35
11 40 36
11 40 37
11 40 38
11 40 39
11 40 40
11 40 41
11 40 42
11 40 43
11 40 44
11 40 45
11 40 46
11 40 47
11 40 48
11 40 49
11 40 50
11 40 51
11 40 52
11 40 53
11 40 54
11 40 55
11 40 56
11 40 57
11 40 58
11 40 59
11 40 60
11 40 61
11 40 62
11 40 63
11 40 64
11 40 65
11 40 66
11 40 67
11 40 68
11 40 69
11 40 70
11 40 71
11 40 72
11 40 73
11 40 74
11 40 75
11 40 76
11 40 77
11 40 78
11 40 79
11 40 80
11 40 81
11 40 82
11 40 83
11 40 84
11 40 85
11 40 86
11 40 87
11 40 88
11 40 89
11 40 90
11 40 91
11 40 92
11 40 93
11 40 94
11 40 95
11 40 96
11 40 97
11 40 98
11 40 99
11 40 100
11 40 101
11 40 102
11 40 103
11 40 104
11 40 105
11 40 106
11 40 107
11 40 108
11 40 109
11 40 110
11 40 111
11 40 112
11 40 113
11 40 114
11 40 115
11 40 116
11 40 117
11 40 118
11 40 119
11 40 120
11 40 121
11 40 122
11 40 123
11 40 124
11 40 125
11 40 126
11 40 127
11 40 128
11 40 129
11 40 130
11 40 131
11 40 132
11 40 133
11 40 134
11 40 135
11 40 136
11 40 137
11 40 138
11 40 139
11 40 140
11 40 141
11 40 142
11 40 143
11 40 144
11 40 145
11 40 146
11 40 147
11 40 148
11 40 149
11 40 150
11 40 151
11 40 152
11 40 153
11 40 154
11 40 155
11 40 156
11 40 157
11 40 158
11 40 159
11 40 160
11 40 161
11 40 162
11 40 163
11 40 164
11 40 165
11 40 166
11 40 167
11 40 168
11 40 169
11 40 170
11 40 171
11 40 172
11 40 173
11 40 174
11 40 175
11 40 176
11 40 177
11 40 178
11 40 179
11 40 180
11 40 181
11 40 182
11 40 183
11 40 184
11 40 185
11 40 186
11 40 187
11 40 188
11 40 189
11 40 190
11 40 191
11 40 192
11 40 193
11 40 194
11 40 195
11 40 196
11 40 197
11 40 198
11 40 199
11 40 200
11 40 201
11 40 202
11 40 203
11 40 204
