11 40 1
11 40 2
11 40 3
11 40 4
11 40 5
11 40 6
11 40 7
11 40 8
11 40 9
11 40 10
11 40 11
11 40 12
11 40 13
11 40 14
11 40 15
11 40 16
11 40 17
11 40 18
11 40 19
11 40 20
11 40 21
11 40 22
11 40 23
11 40 24
11 40 25
11 40 26
11 40 27
11 40 28
11 40 29
11 40 30
11 40 31
11 40 32
11 40 33
11 40 34
11 40 35
11 40 36
11 40 37
11 40 38
11 40 39
11 40 40
11 40 41
11 40 42
11 40 43
11 40 44
11 40 45
11 40 46
11 40 47
11 40 48
11 40 49
11 40 50
11 40 51
11 40 52
11 40 53
11 40 54
11 40 55
11 40 56
11 40 57
11 40 58
11 40 59
11 40 60
11 40 61
11 40 62
11 40 63
11 40 64
11 40 65
11 40 66
11 40 67
11 40 68
11 40 69
11 40 70
11 40 71
11 40 72
11 40 73
11 40 74
11 40 75
11 40 76
11 40 77
11 40 78
11 40 79
11 40 80
11 40 81
11 40 82
11 40 83
11 40 84
11 40 85
11 40 86
11 40 87
11 40 88
11 40 89
11 40 90
11 40 91
11 40 92
11 40 93
11 40 94
11 40 95
11 40 96
11 40 97
11 40 98
11 40 99
11 40 100
11 40 101
11 40 102
11 40 103
11 40 104
11 40 105
11 40 106
11 40 107
11 40 108
11 40 109
11 40 110
11 40 111
11 40 112
11 40 113
11 40 114
11 40 115
11 40 116
11 40 117
11 40 118
11 40 119
11 40 120
11 40 121
11 40 122
11 40 123
11 40 124
11 40 125
11 40 126
11 40 127
11 40 128
11 40 129
11 40 130
11 40 131
11 40 132
11 40 133
11 40 134
11 40 135
11 40 136
11 40 137
11 40 138
11 40 139
11 40 140
11 40 141
11 40 142
11 40 143
11 40 144
11 40 145
11 40 146
11 40 147
11 40 148
11 40 149
11 40 150
11 40 151
11 40 152
11 40 153
11 40 154
11 40 155
11 40 156
11 40 157
11 40 158
11 40 159
11 40 160
11 40 161
11 40 162
11 40 163
11 40 164
11 40 165
11 40 166
11 40 167
11 40 168
11 40 169
11 40 170
11 40 171
11 40 172
11 40 173
11 40 174
11 40 175
11 40 176
11 40 177
11 40 178
11 40 179
11 40 180
11 40 181
11 40 182
11 40 183
11 40 184
11 40 185
11 40 186
11 40 187
11 40 188
11 40 189
11 40 190
11 40 191
11 40 192
11 40 193
11 40 194
11 40 195
11 40 196
11 40 197
11 40 198
11 40 199
11 40 200
11 40 201
11 40 202
11 40 203
11 40 204
11 40 205
11 40 206
11 40 207
11 40 208
11 40 209
11 40 210
11 40 211
11 40 212
11 40 213
11 40 214
11 40 215
11 40 216
11 40 217
11 40 218
11 40 219
11 40 220
11 40 221
11 40 222
11 40 223
11 40 224
11 40 225
11 40 226
11 40 227
11 40 228
11 40 229
11 40 230
11 40 231
11 40 232
11 40 233
11 40 234
11 40 235
11 40 236
11 40 237
11 40 238
11 40 239
11 40 240
11 40 241
11 40 242
11 40 243
11 40 244
11 40 245
11 40 246
11 40 247
11 40 248
11 40 249
11 40 250
11 40 251
11 40 252
11 40 253
11 40 254
11 40 255
11 40 256
11 40 257
11 40 258
11 40 259
11 40 260
11 40 261
11 40 262
11 40 263
11 40 264
11 40 265
11 40 266
11 40 267
11 40 268
11 40 269
11 40 270
11 40 271
11 40 272
11 40 273
11 40 274
11 40 275
11 40 276
11 40 277
11 40 278
11 40 279
11 40 280
11 40 281
11 40 282
11 40 283
11 40 284
11 40 285
11 40 286
11 40 287
11 40 288
11 40 289
11 40 290
11 40 291
11 40 292
11 40 293
11 40 294
11 40 295
11 40 296
11 40 297
11 40 298
11 40 299
11 40 300
11 40 301
11 40 302
11 40 303
11 40 304
11 40 305
11 40 306
11 40 307
11 40 308
11 40 309
11 40 310
11 40 311
11 40 312
11 40 313
11 40 314
11 40 315
11 40 316
11 40 317
11 40 318
11 40 319
11 40 320
11 40 321
11 40 322
11 40 323
11 40 324
11 40 325
11 40 326
11 40 327
11 40 328
11 40 329
11 40 330
11 40 331
11 40 332
11 40 333
11 40 334
11 40 335
11 40 336
11 40 337
11 40 338
11 40 339
11 40 340
11 40 341
11 40 342
11 40 343
11 40 344
11 40 345
11 40 346
11 40 347
11 40 348
11 40 349
11 40 350
11 40 351
11 40 352
11 40 353
11 40 354
11 40 355
11 40 356
11 40 357
11 40 358
11 40 359
11 40 360
11 40 361
11 40 362
11 40 363
11 40 364
11 40 365
11 40 366
11 40 367
11 40 368
11 40 369
11 40 370
11 40 371
11 40 372
11 40 373
11 40 374
11 40 375
11 40 376
11 40 377
11 40 378
11 40 379
11 40 380
11 40 381
11 40 382
11 40 383
11 40 384
11 40 385
11 40 386
11 40 387
11 40 388
11 40 389
11 40 390
11 40 391
11 40 392
11 40 393
11 40 394
11 40 395
11 40 396
11 40 397
11 40 398
11 40 399
11 40 400
11 40 401
11 40 402
11 40 403
11 40 404
11 40 405
11 40 406
11 40 407
11 40 408
11 40 409
11 40 410
11 40 411
11 40 412
11 40 413
11 40 414
11 40 415
11 40 416
11 40 417
11 40 418
11 40 419
11 40 420
11 40 421
11 40 422
11 40 423
11 40 424
11 40 425
11 40 426
11 40 427
11 40 428
11 40 429
11 40 430
11 40 431
11 40 432
11 40 433
11 40 434
11 40 435
11 40 436
11 40 437
11 40 438
11 40 439
11 40 440
11 40 441
11 40 442
11 40 443
11 40 444
11 40 445
11 40 446
11 40 447
11 40 448
11 40 449
11 40 450
11 40 451
11 40 452
11 40 453
11 40 454
11 40 455
11 40 456
11 40 457
11 40 458
11 40 459
11 40 460
11 40 461
11 40 462
11 40 463
11 40 464
11 40 465
11 40 466
11 40 467
11 40 468
11 40 469
11 40 470
11 40 471
11 40 472
11 40 473
11 40 474
11 40 475
11 40 476
11 40 477
11 40 478
11 40 479
11 40 480
11 40 481
11 40 482
11 40 483
11 40 484
11 40 485
11 40 486
11 40 487
11 40 488
11 40 489
11 40 490
11 40 491
11 40 492
11 40 493
11 40 494
11 40 495
11 40 496
11 40 497
11 40 498
11 40 499
11 40 500
11 40 501
11 40 502
11 40 503
11 40 504
11 40 505
11 40 506
11 40 507
11 40 508
11 40 509
11 40 510
11 40 511
11 40 512
11 40 513
11 40 514
11 40 515
11 40 516
11 40 517
11 40 518
11 40 519
11 40 520
11 40 521
11 40 522
11 40 523
11 40 524
11 40 525
11 40 526
11 40 527
11 40 528
11 40 529
11 40 530
11 40 531
11 40 532
11 40 533
11 40 534
11 40 535
11 40 536
11 40 537
11 40 538
11 40 539
11 40 540
11 40 541
11 40 542
11 40 543
11 40 544
11 40 545
11 40 546
11 40 547
11 40 548
11 40 549
11 40 550
11 40 551
11 40 552
11 40 553
11 40 554
11 40 555
11 40 556
11 40 557
11 40 558
11 40 559
11 40 560
11 40 561
11 40 562
11 40 563
11 40 564
11 40 565
11 40 566
11 40 567
11 40 568
11 40 569
11 40 570
11 40 571
11 40 572
11 40 573
11 40 574
11 40 575
11 40 576
11 40 577
11 40 578
11 40 579
11 40 580
11 40 581
11 40 582
11 40 583
11 40 584
11 40 585
11 40 586
11 40 587
11 40 588
11 40 589
11 40 590
11 40 591
11 40 592
11 40 593
11 40 594
11 40 595
11 40 596
11 40 597
11 40 598
11 40 599
11 40 600
11 40 601
11 40 602
11 40 603
11 40 604
11 40 605
11 40 606
11 40 607
11 40 608
11 40 609
11 40 610
11 40 611
11 40 612
11 40 613
11 40 614
11 40 615
11 40 616
11 40 617
11 40 618
11 40 619
11 40 620
11 40 621
11 40 622
11 40 623
11 40 624
11 40 625
11 40 626
11 40 627
11 40 628
11 40 629
11 40 630
11 40 631
11 40 632
11 40 633
11 40 634
11 40 635
11 40 636
11 40 637
11 40 638
11 40 639
11 40 640
11 40 641
11 40 642
11 40 643
11 40 644
11 40 645
11 40 646
11 40 647
11 40 648
11 40 649
11 40 650
11 40 651
11 40 652
11 40 653
11 40 654
11 40 655
11 40 656
11 40 657
11 40 658
11 40 659
11 40 660
11 40 661
11 40 662
11 40 663
11 40 664
11 40 665
11 40 666
11 40 667
11 40 668
11 40 669
11 40 670
11 40 671
11 40 672
11 40 673
11 40 674
11 40 675
11 40 676
11 40 677
11 40 678
11 40 679
11 40 680
11 40 681
11 40 682
11 40 683
11 40 684
11 40 685
11 40 686
11 40 687
11 40 688
11 40 689
11 40 690
11 40 691
11 40 692
11 40 693
11 40 694
11 40 695
11 40 696
11 40 697
11 40 698
11 40 699
11 40 700
11 40 701
11 40 702
11 40 703
11 40 704
11 40 705
11 40 706
11 40 707
11 40 708
11 40 709
11 40 710
11 40 711
11 40 712
11 40 713
11 40 714
11 40 715
11 40 716
11 40 717
11 40 718
11 40 719
11 40 720
11 40 721
11 40 722
11 40 723
11 40 724
11 40 725
11 40 726
11 40 727
11 40 728
11 40 729
11 40 730
11 40 731
11 40 732
11 40 733
11 40 734
11 40 735
11 40 736
11 40 737
11 40 738
11 40 739
11 40 740
11 40 741
11 40 742
11 40 743
11 40 744
11 40 745
11 40 746
11 40 747
11 40 748
11 40 749
11 40 750
11 40 751
11 40 752
11 40 753
11 40 754
11 40 755
11 40 756
11 40 757
11 40 758
11 40 759
11 40 760
11 40 761
11 40 762
11 40 763
11 40 764
11 40 765
11 40 766
11 40 767
11 40 768
11 40 769
11 40 770
11 40 771
11 40 772
11 40 773
11 40 774
11 40 775
11 40 776
11 40 777
11 40 778
11 40 779
11 40 780
11 40 781
11 40 782
11 40 783
11 40 784
11 40 785
11 40 786
11 40 787
11 40 788
11 40 789
11 40 790
11 40 791
11 40 792
11 40 793
11 40 794
11 40 795
11 40 796
11 40 797
11 40 798
11 40 799
11 40 800
11 40 801
11 40 802
11 40 803
11 40 804
11 40 805
11 40 806
11 40 807
11 40 808
11 40 809
11 40 810
11 40 811
11 40 812
11 40 813
11 40 814
11 40 815
11 40 816
11 40 817
11 40 818
11 40 819
11 40 820
11 40 821
11 40 822
11 40 823
11 40 824
11 40 825
11 40 826
11 40 827
11 40 828
11 40 829
11 40 830
11 40 831
11 40 832
11 40 833
11 40 834
11 40 835
11 40 836
11 40 837
11 40 838
11 40 839
11 40 840
11 40 841
11 40 842
11 40 843
11 40 844
11 40 845
11 40 846
11 40 847
11 40 848
11 40 849
11 40 850
11 40 851
11 40 852
11 40 853
11 40 854
11 40 855
11 40 856
11 40 857
11 40 858
11 40 859
11 40 860
11 40 861
11 40 862
11 40 863
11 40 864
11 40 865
11 40 866
11 40 867
11 40 868
11 40 869
11 40 870
11 40 871
11 40 872
11 40 873
11 40 874
11 40 875
11 40 876
11 40 877
11 40 878
11 40 879
11 40 880
11 40 881
11 40 882
11 40 883
11 40 884
11 40 885
11 40 886
11 40 887
11 40 888
11 40 889
11 40 890
11 40 891
11 40 892
11 40 893
11 40 894
11 40 895
11 40 896
11 40 897
11 40 898
11 40 899
11 40 900
11 40 901
11 40 902
11 40 903
11 40 904
11 40 905
11 40 906
11 40 907
11 40 908
11 40 909
11 40 910
11 40 911
11 40 912
11 40 913
11 40 914
11 40 915
11 40 916
11 40 917
11 40 918
11 40 919
11 40 920
11 40 921
11 40 922
11 40 923
11 40 924
11 40 925
11 40 926
11 40 927
11 40 928
11 40 929
11 40 930
11 40 931
11 40 932
11 40 933
11 40 934
11 40 935
11 40 936
11 40 937
11 40 938
11 40 939
11 40 940
11 40 941
11 40 942
11 40 943
11 40 944
11 40 945
11 40 946
11 40 947
11 40 948
11 40 949
11 40 950
11 40 951
11 40 952
11 40 953
11 40 954
11 40 955
11 40 956
11 40 957
11 40 958
11 40 959
11 40 960
11 40 961
11 40 962
11 40 963
11 40 964
11 40 965
11 40 966
11 40 967
11 40 968
11 40 969
11 40 970
11 40 971
11 40 972
11 40 973
11 40 974
11 40 975
11 40 976
11 40 977
11 40 978
11 40 979
11 40 980
11 40 981
11 40 982
11 40 983
11 40 984
11 40 985
11 40 986
11 40 987
11 40 988
11 40 989
11 40 990
11 40 991
11 40 992
11 40 993
11 40 994
11 40 995
11 40 996
11 40 997
11 40 998
11 40 999
11 40 1000
11 40 1001
11 40 1002
11 40 1003
11 40 1004
11 40 1005
11 40 1006
11 40 1007
11 40 1008
11 40 1009
11 40 1010
11 40 1011
11 40 1012
11 40 1013
11 40 1014
11 40 1015
11 40 1016
11 40 1017
11 40 1018
11 40 1019
11 40 1020
11 40 1021
11 40 1022
11 40 1023
11 40 1024
11 40 1025
11 40 1026
11 40 1027
11 40 1028
11 40 1029
11 40 1030
11 40 1031
11 40 1032
11 40 1033
11 40 1034
11 40 1035
11 40 1036
11 40 1037
11 40 1038
11 40 1039
11 40 1040
11 40 1041
11 40 1042
11 40 1043
11 40 1044
11 40 1045
11 40 1046
11 40 1047
11 40 1048
11 40 1049
11 40 1050
11 40 1051
11 40 1052
11 40 1053
11 40 1054
11 40 1055
11 40 1056
11 40 1057
11 40 1058
11 40 1059
11 40 1060
11 40 1061
11 40 1062
11 40 1063
11 40 1064
11 40 1065
11 40 1066
11 40 1067
11 40 1068
11 40 1069
11 40 1070
11 40 1071
11 40 1072
11 40 1073
11 40 1074
11 40 1075
11 40 1076
11 40 1077
11 40 1078
11 40 1079
11 40 1080
11 40 1081
11 40 1082
11 40 1083
11 40 1084
11 40 1085
11 40 1086
11 40 1087
11 40 1088
11 40 1089
11 40 1090
11 40 1091
11 40 1092
11 40 1093
11 40 1094
11 40 1095
11 40 1096
11 40 1097
11 40 1098
11 40 1099
11 40 1100
11 40 1101
11 40 1102
11 40 1103
11 40 1104
11 40 1105
11 40 1106
11 40 1107
11 40 1108
11 40 1109
11 40 1110
11 40 1111
11 40 1112
11 40 1113
11 40 1114
11 40 1115
11 40 1116
11 40 1117
11 40 1118
11 40 1119
11 40 1120
11 40 1121
11 40 1122
11 40 1123
11 40 1124
11 40 1125
11 40 1126
11 40 1127
11 40 1128
11 40 1129
11 40 1130
11 40 1131
11 40 1132
11 40 1133
11 40 1134
11 40 1135
11 40 1136
11 40 1137
11 40 1138
11 40 1139
11 40 1140
11 40 1141
11 40 1142
11 40 1143
11 40 1144
11 40 1145
11 40 1146
11 40 1147
11 40 1148
11 40 1149
11 40 1150
11 40 1151
11 40 1152
11 40 1153
11 40 1154
11 40 1155
11 40 1156
11 40 1157
11 40 1158
11 40 1159
11 40 1160
11 40 1161
11 40 1162
11 40 1163
11 40 1164
11 40 1165
11 40 1166
11 40 1167
11 40 1168
11 40 1169
11 40 1170
11 40 1171
11 40 1172
11 40 1173
11 40 1174
11 40 1175
11 40 1176
11 40 1177
11 40 1178
11 40 1179
11 40 1180
11 40 1181
11 40 1182
11 40 1183
11 40 1184
11 40 1185
11 40 1186
11 40 1187
11 40 1188
11 40 1189
11 40 1190
11 40 1191
11 40 1192
11 40 1193
11 40 1194
11 40 1195
11 40 1196
11 40 1197
11 40 1198
11 40 1199
11 40 1200
11 40 1201
11 40 1202
11 40 1203
11 40 1204
11 40 1205
11 40 1206
11 40 1207
11 40 1208
11 40 1209
11 40 1210
11 40 1211
11 40 1212
11 40 1213
11 40 1214
11 40 1215
11 40 1216
11 40 1217
11 40 1218
11 40 1219
11 40 1220
11 40 1221
11 40 1222
11 40 1223
11 40 1224
11 40 1225
11 40 1226
11 40 1227
11 40 1228
11 40 1229
11 40 1230
11 40 1231
11 40 1232
11 40 1233
11 40 1234
11 40 1235
11 40 1236
11 40 1237
11 40 1238
11 40 1239
11 40 1240
11 40 1241
11 40 1242
11 40 1243
11 40 1244
11 40 1245
11 40 1246
11 40 1247
11 40 1248
11 40 1249
11 40 1250
11 40 1251
11 40 1252
11 40 1253
11 40 1254
11 40 1255
11 40 1256
11 40 1257
11 40 1258
11 40 1259
11 40 1260
11 40 1261
11 40 1262
11 40 1263
11 40 1264
11 40 1265
11 40 1266
11 40 1267
11 40 1268
11 40 1269
11 40 1270
11 40 1271
11 40 1272
11 40 1273
11 40 1274
11 40 1275
11 40 1276
11 40 1277
11 40 1278
11 40 1279
11 40 1280
11 40 1281
11 40 1282
11 40 1283
11 40 1284
11 40 1285
11 40 1286
11 40 1287
11 40 1288
11 40 1289
11 40 1290
11 40 1291
11 40 1292
11 40 1293
11 40 1294
11 40 1295
11 40 1296
11 40 1297
11 40 1298
11 40 1299
11 40 1300
11 40 1301
11 40 1302
11 40 1303
11 40 1304
11 40 1305
11 40 1306
11 40 1307
11 40 1308
11 40 1309
11 40 1310
11 40 1311
11 40 1312
11 40 1313
11 40 1314
11 40 1315
11 40 1316
11 40 1317
11 40 1318
11 40 1319
11 40 1320
11 40 1321
11 40 1322
11 40 1323
11 40 1324
11 40 1325
11 40 1326
11 40 1327
11 40 1328
11 40 1329
11 40 1330
11 40 1331
11 40 1332
11 40 1333
11 40 1334
11 40 1335
11 40 1336
11 40 1337
11 40 1338
11 40 1339
11 40 1340
11 40 1341
11 40 1342
11 40 1343
11 40 1344
11 40 1345
11 40 1346
11 40 1347
11 40 1348
11 40 1349
11 40 1350
11 40 1351
11 40 1352
11 40 1353
11 40 1354
11 40 1355
11 40 1356
11 40 1357
11 40 1358
11 40 1359
11 40 1360
11 40 1361
11 40 1362
11 40 1363
11 40 1364
11 40 1365
11 40 1366
11 40 1367
11 40 1368
11 40 1369
11 40 1370
11 40 1371
11 40 1372
11 40 1373
11 40 1374
11 40 1375
11 40 1376
11 40 1377
11 40 1378
11 40 1379
11 40 1380
11 40 1381
11 40 1382
11 40 1383
11 40 1384
11 40 1385
11 40 1386
11 40 1387
11 40 1388
11 40 1389
11 40 1390
11 40 1391
11 40 1392
11 40 1393
11 40 1394
11 40 1395
11 40 1396
11 40 1397
11 40 1398
11 40 1399
11 40 1400
11 40 1401
11 40 1402
11 40 1403
11 40 1404
11 40 1405
11 40 1406
11 40 1407
11 40 1408
11 40 1409
11 40 1410
11 40 1411
11 40 1412
11 40 1413
11 40 1414
11 40 1415
11 40 1416
11 40 1417
11 40 1418
11 40 1419
11 40 1420
11 40 1421
11 40 1422
11 40 1423
11 40 1424
11 40 1425
11 40 1426
11 40 1427
11 40 1428
11 40 1429
11 40 1430
11 40 1431
11 40 1432
11 40 1433
11 40 1434
11 40 1435
11 40 1436
11 40 1437
11 40 1438
11 40 1439
11 40 1440
11 40 1441
11 40 1442
11 40 1443
11 40 1444
11 40 1445
11 40 1446
11 40 1447
11 40 1448
11 40 1449
11 40 1450
11 40 1451
11 40 1452
11 40 1453
11 40 1454
11 40 1455
11 40 1456
11 40 1457
11 40 1458
11 40 1459
11 40 1460
11 40 1461
11 40 1462
11 40 1463
11 40 1464
11 40 1465
11 40 1466
11 40 1467
11 40 1468
11 40 1469
11 40 1470
11 40 1471
11 40 1472
11 40 1473
11 40 1474
11 40 1475
11 40 1476
11 40 1477
11 40 1478
11 40 1479
11 40 1480
11 40 1481
11 40 1482
11 40 1483
11 40 1484
11 40 1485
11 40 1486
11 40 1487
11 40 1488
11 40 1489
11 40 1490
11 40 1491
11 40 1492
11 40 1493
11 40 1494
11 40 1495
11 40 1496
11 40 1497
11 40 1498
11 40 1499
11 40 1500
11 40 1501
11 40 1502
11 40 1503
11 40 1504
11 40 1505
11 40 1506
11 40 1507
11 40 1508
11 40 1509
11 40 1510
11 40 1511
11 40 1512
11 40 1513
11 40 1514
11 40 1515
11 40 1516
11 40 1517
11 40 1518
11 40 1519
11 40 1520
11 40 1521
11 40 1522
11 40 1523
11 40 1524
11 40 1525
11 40 1526
11 40 1527
11 40 1528
11 40 1529
11 40 1530
11 40 1531
11 40 1532
11 40 1533
11 40 1534
11 40 1535
11 40 1536
11 40 1537
11 40 1538
11 40 1539
11 40 1540
11 40 1541
11 40 1542
11 40 1543
11 40 1544
11 40 1545
11 40 1546
11 40 1547
11 40 1548
11 40 1549
11 40 1550
11 40 1551
11 40 1552
11 40 1553
11 40 1554
11 40 1555
11 40 1556
11 40 1557
11 40 1558
11 40 1559
11 40 1560
11 40 1561
11 40 1562
11 40 1563
11 40 1564
11 40 1565
11 40 1566
11 40 1567
11 40 1568
11 40 1569
11 40 1570
11 40 1571
11 40 1572
11 40 1573
11 40 1574
11 40 1575
11 40 1576
11 40 1577
11 40 1578
11 40 1579
11 40 1580
11 40 1581
11 40 1582
11 40 1583
11 40 1584
11 40 1585
11 40 1586
11 40 1587
11 40 1588
11 40 1589
11 40 1590
11 40 1591
11 40 1592
11 40 1593
11 40 1594
11 40 1595
11 40 1596
11 40 1597
11 40 1598
11 40 1599
11 40 1600
11 40 1601
11 40 1602
11 40 1603
11 40 1604
11 40 1605
11 40 1606
11 40 1607
11 40 1608
11 40 1609
11 40 1610
11 40 1611
11 40 1612
11 40 1613
11 40 1614
11 40 1615
11 40 1616
11 40 1617
11 40 1618
11 40 1619
11 40 1620
11 40 1621
11 40 1622
11 40 1623
11 40 1624
11 40 1625
11 40 1626
11 40 1627
11 40 1628
11 40 1629
11 40 1630
11 40 1631
11 40 1632
11 40 1633
11 40 1634
11 40 1635
11 40 1636
11 40 1637
11 40 1638
11 40 1639
11 40 1640
11 40 1641
11 40 1642
11 40 1643
11 40 1644
11 40 1645
11 40 1646
11 40 1647
11 40 1648
11 40 1649
11 40 1650
11 40 1651
11 40 1652
11 40 1653
11 40 1654
11 40 1655
11 40 1656
11 40 1657
11 40 1658
11 40 1659
11 40 1660
11 40 1661
11 40 1662
11 40 1663
11 40 1664
11 40 1665
11 40 1666
11 40 1667
11 40 1668
11 40 1669
11 40 1670
11 40 1671
11 40 1672
11 40 1673
11 40 1674
11 40 1675
11 40 1676
11 40 1677
11 40 1678
11 40 1679
11 40 1680
11 40 1681
11 40 1682
11 40 1683
11 40 1684
11 40 1685
11 40 1686
11 40 1687
11 40 1688
11 40 1689
11 40 1690
11 40 1691
11 40 1692
11 40 1693
11 40 1694
11 40 1695
11 40 1696
11 40 1697
11 40 1698
11 40 1699
11 40 1700
11 40 1701
11 40 1702
11 40 1703
11 40 1704
11 40 1705
11 40 1706
11 40 1707
11 40 1708
11 40 1709
11 40 1710
11 40 1711
11 40 1712
11 40 1713
11 40 1714
11 40 1715
11 40 1716
11 40 1717
11 40 1718
11 40 1719
11 40 1720
11 40 1721
11 40 1722
11 40 1723
11 40 1724
11 40 1725
11 40 1726
11 40 1727
11 40 1728
11 40 1729
11 40 1730
11 40 1731
11 40 1732
11 40 1733
11 40 1734
11 40 1735
11 40 1736
11 40 1737
11 40 1738
11 40 1739
11 40 1740
11 40 1741
11 40 1742
11 40 1743
11 40 1744
11 40 1745
11 40 1746
11 40 1747
11 40 1748
11 40 1749
11 40 1750
11 40 1751
11 40 1752
11 40 1753
11 40 1754
11 40 1755
11 40 1756
11 40 1757
11 40 1758
11 40 1759
11 40 1760
11 40 1761
11 40 1762
11 40 1763
11 40 1764
11 40 1765
11 40 1766
11 40 1767
11 40 1768
11 40 1769
11 40 1770
11 40 1771
11 40 1772
11 40 1773
11 40 1774
11 40 1775
11 40 1776
11 40 1777
11 40 1778
11 40 1779
11 40 1780
11 40 1781
11 40 1782
11 40 1783
11 40 1784
11 40 1785
11 40 1786
11 40 1787
11 40 1788
11 40 1789
11 40 1790
11 40 1791
11 40 1792
11 40 1793
11 40 1794
11 40 1795
11 40 1796
11 40 1797
11 40 1798
11 40 1799
11 40 1800
11 40 1801
11 40 1802
11 40 1803
11 40 1804
11 40 1805
11 40 1806
11 40 1807
11 40 1808
11 40 1809
11 40 1810
11 40 1811
11 40 1812
11 40 1813
11 40 1814
11 40 1815
11 40 1816
11 40 1817
11 40 1818
11 40 1819
11 40 1820
11 40 1821
11 40 1822
11 40 1823
11 40 1824
11 40 1825
11 40 1826
11 40 1827
11 40 1828
11 40 1829
11 40 1830
11 40 1831
11 40 1832
11 40 1833
11 40 1834
11 40 1835
11 40 1836
11 40 1837
11 40 1838
11 40 1839
11 40 1840
11 40 1841
11 40 1842
11 40 1843
11 40 1844
11 40 1845
11 40 1846
11 40 1847
11 40 1848
11 40 1849
11 40 1850
11 40 1851
11 40 1852
11 40 1853
11 40 1854
11 40 1855
11 40 1856
11 40 1857
11 40 1858
11 40 1859
11 40 1860
11 40 1861
11 40 1862
11 40 1863
11 40 1864
11 40 1865
11 40 1866
11 40 1867
11 40 1868
11 40 1869
11 40 1870
11 40 1871
11 40 1872
11 40 1873
11 40 1874
11 40 1875
11 40 1876
11 40 1877
11 40 1878
11 40 1879
11 40 1880
11 40 1881
11 40 1882
11 40 1883
11 40 1884
11 40 1885
11 40 1886
11 40 1887
11 40 1888
11 40 1889
11 40 1890
11 40 1891
11 40 1892
11 40 1893
11 40 1894
11 40 1895
11 40 1896
11 40 1897
11 40 1898
11 40 1899
11 40 1900
11 40 1901
11 40 1902
11 40 1903
11 40 1904
11 40 1905
11 40 1906
11 40 1907
11 40 1908
11 40 1909
11 40 1910
11 40 1911
11 40 1912
11 40 1913
11 40 1914
11 40 1915
11 40 1916
11 40 1917
11 40 1918
11 40 1919
11 40 1920
11 40 1921
11 40 1922
11 40 1923
11 40 1924
11 40 1925
11 40 1926
11 40 1927
11 40 1928
11 40 1929
11 40 1930
11 40 1931
11 40 1932
11 40 1933
11 40 1934
11 40 1935
11 40 1936
11 40 1937
11 40 1938
11 40 1939
11 40 1940
11 40 1941
11 40 1942
11 40 1943
11 40 1944
11 40 1945
11 40 1946
11 40 1947
11 40 1948
11 40 1949
11 40 1950
11 40 1951
11 40 1952
11 40 1953
11 40 1954
11 40 1955
11 40 1956
11 40 1957
11 40 1958
11 40 1959
11 40 1960
11 40 1961
11 40 1962
11 40 1963
11 40 1964
11 40 1965
11 40 1966
11 40 1967
11 40 1968
11 40 1969
11 40 1970
11 40 1971
11 40 1972
11 40 1973
11 40 1974
11 40 1975
11 40 1976
11 40 1977
11 40 1978
11 40 1979
11 40 1980
11 40 1981
11 40 1982
11 40 1983
11 40 1984
11 40 1985
11 40 1986
11 40 1987
11 40 1988
11 40 1989
11 40 1990
11 40 1991
11 40 1992
11 40 1993
11 40 1994
11 40 1995
11 40 1996
11 40 1997
11 40 1998
11 40 1999
11 40 2000
11 40 2001
11 40 2002
11 40 2003
11 40 2004
11 40 2005
11 40 2006
11 40 2007
11 40 2008
11 40 2009
11 40 2010
11 40 2011
11 40 2012
11 40 2013
11 40 2014
11 40 2015
11 40 2016
11 40 2017
11 40 2018
11 40 2019
11 40 2020
11 40 2021
11 40 2022
11 40 2023
11 40 2024
11 40 2025
11 40 2026
11 40 2027
11 40 2028
11 40 2029
11 40 2030
11 40 2031
11 40 2032
11 40 2033
11 40 2034
11 40 2035
11 40 2036
11 40 2037
11 40 2038
11 40 2039
11 40 2040
11 40 2041
11 40 2042
11 40 2043
11 40 2044
11 40 2045
11 40 2046
11 40 2047
11 40 2048
11 40 2049
11 40 2050
11 40 2051
11 40 2052
11 40 2053
11 40 2054
11 40 2055
11 40 2056
11 40 2057
11 40 2058
11 40 2059
11 40 2060
11 40 2061
11 40 2062
11 40 2063
11 40 2064
11 40 2065
11 40 2066
11 40 2067
11 40 2068
11 40 2069
11 40 2070
11 40 2071
11 40 2072
11 40 2073
11 40 2074
11 40 2075
11 40 2076
11 40 2077
11 40 2078
11 40 2079
11 40 2080
11 40 2081
11 40 2082
11 40 2083
11 40 2084
11 40 2085
11 40 2086
11 40 2087
11 40 2088
11 40 2089
11 40 2090
11 40 2091
11 40 2092
11 40 2093
11 40 2094
11 40 2095
11 40 2096
11 40 2097
11 40 2098
11 40 2099
11 40 2100
11 40 2101
11 40 2102
11 40 2103
11 40 2104
11 40 2105
11 40 2106
11 40 2107
11 40 2108
11 40 2109
11 40 2110
11 40 2111
11 40 2112
11 40 2113
11 40 2114
11 40 2115
11 40 2116
11 40 2117
11 40 2118
11 40 2119
11 40 2120
11 40 2121
11 40 2122
11 40 2123
11 40 2124
11 40 2125
11 40 2126
11 40 2127
11 40 2128
11 40 2129
11 40 2130
11 40 2131
11 40 2132
11 40 2133
11 40 2134
11 40 2135
11 40 2136
11 40 2137
11 40 2138
11 40 2139
11 40 2140
11 40 2141
11 40 2142
11 40 2143
11 40 2144
11 40 2145
11 40 2146
11 40 2147
11 40 2148
11 40 2149
11 40 2150
11 40 2151
11 40 2152
11 40 2153
11 40 2154
11 40 2155
11 40 2156
11 40 2157
11 40 2158
11 40 2159
11 40 2160
11 40 2161
11 40 2162
11 40 2163
11 40 2164
11 40 2165
11 40 2166
11 40 2167
11 40 2168
11 40 2169
11 40 2170
11 40 2171
11 40 2172
11 40 2173
11 40 2174
11 40 2175
11 40 2176
11 40 2177
11 40 2178
11 40 2179
11 40 2180
11 40 2181
11 40 2182
11 40 2183
11 40 2184
11 40 2185
11 40 2186
11 40 2187
11 40 2188
11 40 2189
11 40 2190
11 40 2191
11 40 2192
11 40 2193
11 40 2194
11 40 2195
11 40 2196
11 40 2197
11 40 2198
11 40 2199
11 40 2200
11 40 2201
11 40 2202
11 40 2203
11 40 2204
11 40 2205
11 40 2206
11 40 2207
11 40 2208
11 40 2209
11 40 2210
11 40 2211
11 40 2212
11 40 2213
11 40 2214
11 40 2215
11 40 2216
11 40 2217
11 40 2218
11 40 2219
11 40 2220
11 40 2221
11 40 2222
11 40 2223
11 40 2224
11 40 2225
11 40 2226
11 40 2227
11 40 2228
11 40 2229
11 40 2230
11 40 2231
11 40 2232
11 40 2233
11 40 2234
11 40 2235
11 40 2236
11 40 2237
11 40 2238
11 40 2239
11 40 2240
11 40 2241
11 40 2242
11 40 2243
11 40 2244
11 40 2245
11 40 2246
11 40 2247
11 40 2248
11 40 2249
11 40 2250
11 40 2251
11 40 2252
11 40 2253
11 40 2254
11 40 2255
11 40 2256
11 40 2257
11 40 2258
11 40 2259
11 40 2260
11 40 2261
11 40 2262
11 40 2263
11 40 2264
11 40 2265
11 40 2266
11 40 2267
11 40 2268
11 40 2269
11 40 2270
11 40 2271
11 40 2272
11 40 2273
11 40 2274
11 40 2275
11 40 2276
11 40 2277
11 40 2278
11 40 2279
11 40 2280
11 40 2281
11 40 2282
11 40 2283
11 40 2284
11 40 2285
11 40 2286
11 40 2287
11 40 2288
11 40 2289
11 40 2290
11 40 2291
11 40 2292
11 40 2293
11 40 2294
11 40 2295
11 40 2296
11 40 2297
11 40 2298
11 40 2299
11 40 2300
11 40 2301
11 40 2302
11 40 2303
11 40 2304
11 40 2305
11 40 2306
11 40 2307
11 40 2308
11 40 2309
11 40 2310
11 40 2311
11 40 2312
11 40 2313
11 40 2314
11 40 2315
11 40 2316
11 40 2317
11 40 2318
11 40 2319
11 40 2320
11 40 2321
11 40 2322
11 40 2323
11 40 2324
11 40 2325
11 40 2326
11 40 2327
11 40 2328
11 40 2329
11 40 2330
11 40 2331
11 40 2332
11 40 2333
11 40 2334
11 40 2335
11 40 2336
11 40 2337
11 40 2338
11 40 2339
11 40 2340
11 40 2341
11 40 2342
11 40 2343
11 40 2344
11 40 2345
11 40 2346
11 40 2347
11 40 2348
11 40 2349
11 40 2350
11 40 2351
11 40 2352
11 40 2353
11 40 2354
11 40 2355
11 40 2356
11 40 2357
11 40 2358
11 40 2359
11 40 2360
11 40 2361
11 40 2362
11 40 2363
11 40 2364
11 40 2365
11 40 2366
11 40 2367
11 40 2368
11 40 2369
11 40 2370
11 40 2371
11 40 2372
11 40 2373
11 40 2374
11 40 2375
11 40 2376
11 40 2377
11 40 2378
11 40 2379
11 40 2380
11 40 2381
11 40 2382
11 40 2383
11 40 2384
11 40 2385
11 40 2386
11 40 2387
11 40 2388
11 40 2389
11 40 2390
11 40 2391
11 40 2392
11 40 2393
11 40 2394
11 40 2395
11 40 2396
11 40 2397
11 40 2398
11 40 2399
11 40 2400
11 40 2401
11 40 2402
11 40 2403
11 40 2404
11 40 2405
11 40 2406
11 40 2407
11 40 2408
11 40 2409
11 40 2410
11 40 2411
11 40 2412
11 40 2413
11 40 2414
11 40 2415
11 40 2416
11 40 2417
11 40 2418
11 40 2419
11 40 2420
11 40 2421
11 40 2422
11 40 2423
11 40 2424
11 40 2425
11 40 2426
11 40 2427
11 40 2428
11 40 2429
11 40 2430
11 40 2431
11 40 2432
11 40 2433
11 40 2434
11 40 2435
11 40 2436
11 40 2437
11 40 2438
11 40 2439
11 40 2440
11 40 2441
11 40 2442
11 40 2443
11 40 2444
11 40 2445
11 40 2446
11 40 2447
11 40 2448
11 40 2449
11 40 2450
11 40 2451
11 40 2452
11 40 2453
11 40 2454
11 40 2455
11 40 2456
11 40 2457
