19 34 1
19 34 2
19 34 3
19 34 4
19 34 5
19 34 6
19 34 7
19 34 8
19 34 9
19 34 10
19 34 11
19 34 12
19 34 13
19 34 14
19 34 15
19 34 16
19 34 17
19 34 18
19 34 19
19 34 20
19 34 21
19 34 22
19 34 23
19 34 24
19 34 25
19 34 26
19 34 27
19 34 28
19 34 29
19 34 30
19 34 31
19 34 32
19 34 33
19 34 34
19 34 35
19 34 36
19 34 37
19 34 38
19 34 39
19 34 40
19 34 41
19 34 42
19 34 43
19 34 44
19 34 45
19 34 46
19 34 47
19 34 48
19 34 49
19 34 50
19 34 51
19 34 52
19 34 53
19 34 54
19 34 55
19 34 56
19 34 57
19 34 58
19 34 59
19 34 60
19 34 61
19 34 62
19 34 63
19 34 64
19 34 65
19 34 66
19 34 67
19 34 68
19 34 69
19 34 70
19 34 71
19 34 72
19 34 73
19 34 74
19 34 75
19 34 76
19 34 77
19 34 78
19 34 79
19 34 80
19 34 81
19 34 82
19 34 83
19 34 84
19 34 85
19 34 86
19 34 87
19 34 88
19 34 89
19 34 90
19 34 91
19 34 92
19 34 93
19 34 94
19 34 95
19 34 96
19 34 97
19 34 98
19 34 99
19 34 100
19 34 101
19 34 102
19 34 103
19 34 104
19 34 105
19 34 106
19 34 107
19 34 108
19 34 109
19 34 110
19 34 111
19 34 112
19 34 113
19 34 114
19 34 115
19 34 116
19 34 117
19 34 118
19 34 119
19 34 120
19 34 121
19 34 122
19 34 123
19 34 124
19 34 125
19 34 126
19 34 127
19 34 128
19 34 129
19 34 130
19 34 131
19 34 132
19 34 133
19 34 134
19 34 135
19 34 136
19 34 137
19 34 138
19 34 139
19 34 140
19 34 141
19 34 142
19 34 143
19 34 144
19 34 145
19 34 146
19 34 147
19 34 148
19 34 149
19 34 150
19 34 151
19 34 152
19 34 153
19 34 154
19 34 155
19 34 156
19 34 157
19 34 158
19 34 159
19 34 160
19 34 161
19 34 162
19 34 163
19 34 164
19 34 165
19 34 166
19 34 167
19 34 168
19 34 169
19 34 170
19 34 171
19 34 172
19 34 173
19 34 174
19 34 175
19 34 176
19 34 177
19 34 178
19 34 179
19 34 180
19 34 181
19 34 182
19 34 183
19 34 184
19 34 185
19 34 186
19 34 187
19 34 188
19 34 189
19 34 190
19 34 191
19 34 192
19 34 193
19 34 194
19 34 195
19 34 196
19 34 197
19 34 198
19 34 199
19 34 200
19 34 201
19 34 202
19 34 203
19 34 204
