9 40 1
9 40 2
9 40 3
9 40 4
9 40 5
9 40 6
9 40 7
9 40 8
9 40 9
9 40 10
9 40 11
9 40 12
9 40 13
9 40 14
9 40 15
9 40 16
9 40 17
9 40 18
9 40 19
9 40 20
9 40 21
9 40 22
9 40 23
9 40 24
9 40 25
9 40 26
9 40 27
9 40 28
9 40 29
9 40 30
9 40 31
9 40 32
9 40 33
9 40 34
9 40 35
9 40 36
9 40 37
9 40 38
9 40 39
9 40 40
9 40 41
9 40 42
9 40 43
9 40 44
9 40 45
9 40 46
9 40 47
9 40 48
9 40 49
9 40 50
9 40 51
9 40 52
9 40 53
9 40 54
9 40 55
9 40 56
9 40 57
9 40 58
9 40 59
9 40 60
9 40 61
9 40 62
9 40 63
9 40 64
9 40 65
9 40 66
9 40 67
9 40 68
9 40 69
9 40 70
9 40 71
9 40 72
9 40 73
9 40 74
9 40 75
9 40 76
9 40 77
9 40 78
9 40 79
9 40 80
9 40 81
9 40 82
9 40 83
9 40 84
9 40 85
9 40 86
9 40 87
9 40 88
9 40 89
9 40 90
9 40 91
9 40 92
9 40 93
9 40 94
9 40 95
9 40 96
9 40 97
9 40 98
9 40 99
9 40 100
9 40 101
9 40 102
9 40 103
9 40 104
9 40 105
9 40 106
9 40 107
9 40 108
9 40 109
9 40 110
9 40 111
9 40 112
9 40 113
9 40 114
9 40 115
9 40 116
9 40 117
9 40 118
9 40 119
9 40 120
9 40 121
9 40 122
9 40 123
9 40 124
9 40 125
9 40 126
9 40 127
9 40 128
9 40 129
9 40 130
9 40 131
9 40 132
9 40 133
9 40 134
9 40 135
9 40 136
9 40 137
9 40 138
9 40 139
9 40 140
9 40 141
9 40 142
9 40 143
9 40 144
9 40 145
9 40 146
9 40 147
9 40 148
9 40 149
9 40 150
9 40 151
9 40 152
9 40 153
9 40 154
9 40 155
9 40 156
9 40 157
9 40 158
9 40 159
9 40 160
9 40 161
9 40 162
9 40 163
9 40 164
9 40 165
9 40 166
9 40 167
9 40 168
9 40 169
9 40 170
9 40 171
9 40 172
9 40 173
9 40 174
9 40 175
9 40 176
9 40 177
9 40 178
9 40 179
9 40 180
9 40 181
9 40 182
9 40 183
9 40 184
9 40 185
9 40 186
9 40 187
9 40 188
9 40 189
9 40 190
9 40 191
9 40 192
9 40 193
9 40 194
9 40 195
9 40 196
9 40 197
9 40 198
9 40 199
9 40 200
9 40 201
9 40 202
9 40 203
9 40 204
