1 40 1
1 40 2
1 40 3
1 40 4
1 40 5
1 40 6
1 40 7
1 40 8
1 40 9
1 40 10
1 40 11
1 40 12
1 40 13
1 40 14
1 40 15
1 40 16
1 40 17
1 40 18
1 40 19
1 40 20
1 40 21
1 40 22
1 40 23
1 40 24
1 40 25
1 40 26
1 40 27
1 40 28
1 40 29
1 40 30
1 40 31
1 40 32
1 40 33
1 40 34
1 40 35
1 40 36
1 40 37
1 40 38
1 40 39
1 40 40
1 40 41
1 40 42
1 40 43
1 40 44
1 40 45
1 40 46
1 40 47
1 40 48
1 40 49
1 40 50
1 40 51
1 40 52
1 40 53
1 40 54
1 40 55
1 40 56
1 40 57
1 40 58
1 40 59
1 40 60
1 40 61
1 40 62
1 40 63
1 40 64
1 40 65
1 40 66
1 40 67
1 40 68
1 40 69
1 40 70
1 40 71
1 40 72
1 40 73
1 40 74
1 40 75
1 40 76
1 40 77
1 40 78
1 40 79
1 40 80
1 40 81
1 40 82
1 40 83
1 40 84
1 40 85
1 40 86
1 40 87
1 40 88
1 40 89
1 40 90
1 40 91
1 40 92
1 40 93
1 40 94
1 40 95
1 40 96
1 40 97
1 40 98
1 40 99
1 40 100
1 40 101
1 40 102
1 40 103
1 40 104
1 40 105
1 40 106
1 40 107
1 40 108
1 40 109
1 40 110
1 40 111
1 40 112
1 40 113
1 40 114
1 40 115
1 40 116
1 40 117
1 40 118
1 40 119
1 40 120
1 40 121
1 40 122
1 40 123
1 40 124
1 40 125
1 40 126
1 40 127
1 40 128
1 40 129
1 40 130
1 40 131
1 40 132
1 40 133
1 40 134
1 40 135
1 40 136
1 40 137
1 40 138
1 40 139
1 40 140
1 40 141
1 40 142
1 40 143
1 40 144
1 40 145
1 40 146
1 40 147
1 40 148
1 40 149
1 40 150
1 40 151
1 40 152
1 40 153
1 40 154
1 40 155
1 40 156
1 40 157
1 40 158
1 40 159
1 40 160
1 40 161
1 40 162
1 40 163
1 40 164
1 40 165
1 40 166
1 40 167
1 40 168
1 40 169
1 40 170
1 40 171
1 40 172
1 40 173
1 40 174
1 40 175
1 40 176
1 40 177
1 40 178
1 40 179
1 40 180
1 40 181
1 40 182
1 40 183
1 40 184
1 40 185
1 40 186
1 40 187
1 40 188
1 40 189
1 40 190
1 40 191
1 40 192
1 40 193
1 40 194
1 40 195
1 40 196
1 40 197
1 40 198
1 40 199
1 40 200
1 40 201
1 40 202
1 40 203
1 40 204
