36 40 1
36 40 2
36 40 3
36 40 4
36 40 5
36 40 6
36 40 7
36 40 8
36 40 9
36 40 10
36 40 11
36 40 12
36 40 13
36 40 14
36 40 15
36 40 16
36 40 17
36 40 18
36 40 19
36 40 20
36 40 21
36 40 22
36 40 23
36 40 24
36 40 25
36 40 26
36 40 27
36 40 28
36 40 29
36 40 30
36 40 31
36 40 32
36 40 33
36 40 34
36 40 35
36 40 36
36 40 37
36 40 38
36 40 39
36 40 40
36 40 41
36 40 42
36 40 43
36 40 44
36 40 45
36 40 46
36 40 47
36 40 48
36 40 49
36 40 50
36 40 51
36 40 52
36 40 53
36 40 54
36 40 55
36 40 56
36 40 57
36 40 58
36 40 59
36 40 60
36 40 61
36 40 62
36 40 63
36 40 64
36 40 65
36 40 66
36 40 67
36 40 68
36 40 69
36 40 70
36 40 71
36 40 72
36 40 73
36 40 74
36 40 75
36 40 76
36 40 77
36 40 78
36 40 79
36 40 80
36 40 81
36 40 82
36 40 83
36 40 84
36 40 85
36 40 86
36 40 87
36 40 88
36 40 89
36 40 90
36 40 91
36 40 92
36 40 93
36 40 94
36 40 95
36 40 96
36 40 97
36 40 98
36 40 99
36 40 100
36 40 101
36 40 102
