14 26 1
14 26 2
14 26 3
14 26 4
14 26 5
14 26 6
14 26 7
14 26 8
14 26 9
14 26 10
14 26 11
14 26 12
14 26 13
14 26 14
14 26 15
14 26 16
14 26 17
14 26 18
14 26 19
14 26 20
14 26 21
14 26 22
14 26 23
14 26 24
14 26 25
14 26 26
14 26 27
14 26 28
14 26 29
14 26 30
14 26 31
14 26 32
14 26 33
14 26 34
14 26 35
14 26 36
14 26 37
14 26 38
14 26 39
14 26 40
14 26 41
14 26 42
14 26 43
14 26 44
14 26 45
14 26 46
14 26 47
14 26 48
14 26 49
14 26 50
14 26 51
14 26 52
14 26 53
14 26 54
14 26 55
14 26 56
14 26 57
14 26 58
14 26 59
14 26 60
14 26 61
14 26 62
14 26 63
14 26 64
14 26 65
14 26 66
14 26 67
14 26 68
14 26 69
14 26 70
14 26 71
14 26 72
14 26 73
14 26 74
14 26 75
14 26 76
14 26 77
14 26 78
14 26 79
14 26 80
14 26 81
14 26 82
14 26 83
14 26 84
14 26 85
14 26 86
14 26 87
14 26 88
14 26 89
14 26 90
14 26 91
14 26 92
14 26 93
14 26 94
14 26 95
14 26 96
14 26 97
14 26 98
14 26 99
14 26 100
14 26 101
14 26 102
14 26 103
14 26 104
14 26 105
14 26 106
14 26 107
14 26 108
14 26 109
14 26 110
14 26 111
14 26 112
14 26 113
14 26 114
14 26 115
14 26 116
14 26 117
14 26 118
14 26 119
14 26 120
14 26 121
14 26 122
14 26 123
14 26 124
14 26 125
14 26 126
14 26 127
14 26 128
14 26 129
14 26 130
14 26 131
14 26 132
14 26 133
14 26 134
14 26 135
14 26 136
14 26 137
14 26 138
14 26 139
14 26 140
14 26 141
14 26 142
14 26 143
14 26 144
14 26 145
14 26 146
14 26 147
14 26 148
14 26 149
14 26 150
14 26 151
14 26 152
14 26 153
14 26 154
14 26 155
14 26 156
14 26 157
14 26 158
14 26 159
14 26 160
14 26 161
14 26 162
14 26 163
14 26 164
14 26 165
14 26 166
14 26 167
14 26 168
14 26 169
14 26 170
14 26 171
14 26 172
14 26 173
14 26 174
14 26 175
14 26 176
14 26 177
14 26 178
14 26 179
14 26 180
14 26 181
14 26 182
14 26 183
14 26 184
14 26 185
14 26 186
14 26 187
14 26 188
14 26 189
14 26 190
14 26 191
14 26 192
14 26 193
14 26 194
14 26 195
14 26 196
14 26 197
14 26 198
14 26 199
14 26 200
14 26 201
14 26 202
14 26 203
14 26 204
14 26 205
14 26 206
14 26 207
14 26 208
14 26 209
14 26 210
14 26 211
14 26 212
14 26 213
14 26 214
14 26 215
14 26 216
14 26 217
14 26 218
14 26 219
14 26 220
14 26 221
14 26 222
14 26 223
14 26 224
14 26 225
14 26 226
14 26 227
14 26 228
14 26 229
14 26 230
14 26 231
14 26 232
14 26 233
14 26 234
14 26 235
14 26 236
14 26 237
14 26 238
14 26 239
14 26 240
14 26 241
14 26 242
14 26 243
14 26 244
14 26 245
14 26 246
14 26 247
14 26 248
14 26 249
14 26 250
14 26 251
14 26 252
14 26 253
14 26 254
14 26 255
14 26 256
14 26 257
14 26 258
14 26 259
14 26 260
14 26 261
14 26 262
14 26 263
14 26 264
14 26 265
14 26 266
14 26 267
14 26 268
14 26 269
14 26 270
14 26 271
14 26 272
14 26 273
14 26 274
14 26 275
14 26 276
14 26 277
14 26 278
14 26 279
14 26 280
14 26 281
14 26 282
14 26 283
14 26 284
14 26 285
14 26 286
14 26 287
14 26 288
14 26 289
14 26 290
14 26 291
14 26 292
14 26 293
14 26 294
14 26 295
14 26 296
14 26 297
14 26 298
14 26 299
14 26 300
14 26 301
14 26 302
14 26 303
14 26 304
14 26 305
14 26 306
14 26 307
14 26 308
14 26 309
14 26 310
14 26 311
14 26 312
14 26 313
14 26 314
14 26 315
14 26 316
14 26 317
14 26 318
14 26 319
14 26 320
14 26 321
14 26 322
14 26 323
14 26 324
14 26 325
14 26 326
14 26 327
14 26 328
14 26 329
14 26 330
14 26 331
14 26 332
14 26 333
14 26 334
14 26 335
14 26 336
14 26 337
14 26 338
14 26 339
14 26 340
14 26 341
14 26 342
14 26 343
14 26 344
14 26 345
14 26 346
14 26 347
14 26 348
14 26 349
14 26 350
14 26 351
14 26 352
14 26 353
14 26 354
14 26 355
14 26 356
14 26 357
14 26 358
14 26 359
14 26 360
14 26 361
14 26 362
14 26 363
14 26 364
14 26 365
14 26 366
14 26 367
14 26 368
14 26 369
14 26 370
14 26 371
14 26 372
14 26 373
14 26 374
14 26 375
14 26 376
14 26 377
14 26 378
14 26 379
14 26 380
14 26 381
14 26 382
14 26 383
14 26 384
14 26 385
14 26 386
14 26 387
14 26 388
14 26 389
14 26 390
14 26 391
14 26 392
14 26 393
14 26 394
14 26 395
14 26 396
14 26 397
14 26 398
14 26 399
14 26 400
14 26 401
14 26 402
14 26 403
14 26 404
14 26 405
14 26 406
14 26 407
14 26 408
14 26 409
14 26 410
14 26 411
14 26 412
14 26 413
14 26 414
14 26 415
14 26 416
14 26 417
14 26 418
14 26 419
14 26 420
14 26 421
14 26 422
14 26 423
14 26 424
14 26 425
14 26 426
14 26 427
14 26 428
14 26 429
14 26 430
14 26 431
14 26 432
14 26 433
14 26 434
14 26 435
14 26 436
14 26 437
14 26 438
14 26 439
14 26 440
14 26 441
14 26 442
14 26 443
14 26 444
14 26 445
14 26 446
14 26 447
14 26 448
14 26 449
14 26 450
14 26 451
14 26 452
14 26 453
14 26 454
14 26 455
14 26 456
14 26 457
14 26 458
14 26 459
14 26 460
14 26 461
14 26 462
14 26 463
14 26 464
14 26 465
14 26 466
14 26 467
14 26 468
14 26 469
14 26 470
14 26 471
14 26 472
14 26 473
14 26 474
14 26 475
14 26 476
14 26 477
14 26 478
14 26 479
14 26 480
14 26 481
14 26 482
14 26 483
14 26 484
14 26 485
14 26 486
14 26 487
14 26 488
14 26 489
14 26 490
14 26 491
14 26 492
14 26 493
14 26 494
14 26 495
14 26 496
14 26 497
14 26 498
14 26 499
14 26 500
14 26 501
14 26 502
14 26 503
14 26 504
14 26 505
14 26 506
14 26 507
14 26 508
14 26 509
14 26 510
14 26 511
14 26 512
14 26 513
14 26 514
14 26 515
14 26 516
14 26 517
14 26 518
14 26 519
14 26 520
14 26 521
14 26 522
14 26 523
14 26 524
14 26 525
14 26 526
14 26 527
14 26 528
14 26 529
14 26 530
14 26 531
14 26 532
14 26 533
14 26 534
14 26 535
14 26 536
14 26 537
14 26 538
14 26 539
14 26 540
14 26 541
14 26 542
14 26 543
14 26 544
14 26 545
14 26 546
14 26 547
14 26 548
14 26 549
14 26 550
14 26 551
14 26 552
14 26 553
14 26 554
14 26 555
14 26 556
14 26 557
14 26 558
14 26 559
14 26 560
14 26 561
14 26 562
14 26 563
14 26 564
14 26 565
14 26 566
14 26 567
14 26 568
14 26 569
14 26 570
14 26 571
14 26 572
14 26 573
14 26 574
14 26 575
14 26 576
14 26 577
14 26 578
14 26 579
14 26 580
14 26 581
14 26 582
14 26 583
14 26 584
14 26 585
14 26 586
14 26 587
14 26 588
14 26 589
14 26 590
14 26 591
14 26 592
14 26 593
14 26 594
14 26 595
14 26 596
14 26 597
14 26 598
14 26 599
14 26 600
14 26 601
14 26 602
14 26 603
14 26 604
14 26 605
14 26 606
14 26 607
14 26 608
14 26 609
14 26 610
14 26 611
14 26 612
14 26 613
14 26 614
14 26 615
14 26 616
14 26 617
14 26 618
14 26 619
14 26 620
14 26 621
14 26 622
14 26 623
14 26 624
14 26 625
14 26 626
14 26 627
14 26 628
14 26 629
14 26 630
14 26 631
14 26 632
14 26 633
14 26 634
14 26 635
14 26 636
14 26 637
14 26 638
14 26 639
14 26 640
14 26 641
14 26 642
14 26 643
14 26 644
14 26 645
14 26 646
14 26 647
14 26 648
14 26 649
14 26 650
14 26 651
14 26 652
14 26 653
14 26 654
14 26 655
14 26 656
14 26 657
14 26 658
14 26 659
14 26 660
14 26 661
14 26 662
14 26 663
14 26 664
14 26 665
14 26 666
14 26 667
14 26 668
14 26 669
14 26 670
14 26 671
14 26 672
14 26 673
14 26 674
14 26 675
14 26 676
14 26 677
14 26 678
14 26 679
14 26 680
14 26 681
14 26 682
14 26 683
14 26 684
14 26 685
14 26 686
14 26 687
14 26 688
14 26 689
14 26 690
14 26 691
14 26 692
14 26 693
14 26 694
14 26 695
14 26 696
14 26 697
14 26 698
14 26 699
14 26 700
14 26 701
14 26 702
14 26 703
14 26 704
14 26 705
14 26 706
14 26 707
14 26 708
14 26 709
14 26 710
14 26 711
14 26 712
14 26 713
14 26 714
14 26 715
14 26 716
14 26 717
14 26 718
14 26 719
14 26 720
14 26 721
14 26 722
14 26 723
14 26 724
14 26 725
14 26 726
14 26 727
14 26 728
14 26 729
14 26 730
14 26 731
14 26 732
14 26 733
14 26 734
14 26 735
14 26 736
14 26 737
14 26 738
14 26 739
14 26 740
14 26 741
14 26 742
14 26 743
14 26 744
14 26 745
14 26 746
14 26 747
14 26 748
14 26 749
14 26 750
14 26 751
14 26 752
14 26 753
14 26 754
14 26 755
14 26 756
14 26 757
14 26 758
14 26 759
14 26 760
14 26 761
14 26 762
14 26 763
14 26 764
14 26 765
14 26 766
14 26 767
14 26 768
14 26 769
14 26 770
14 26 771
14 26 772
14 26 773
14 26 774
14 26 775
14 26 776
14 26 777
14 26 778
14 26 779
14 26 780
14 26 781
14 26 782
14 26 783
14 26 784
14 26 785
14 26 786
14 26 787
14 26 788
14 26 789
14 26 790
14 26 791
14 26 792
14 26 793
14 26 794
14 26 795
14 26 796
14 26 797
14 26 798
14 26 799
14 26 800
14 26 801
14 26 802
14 26 803
14 26 804
14 26 805
14 26 806
14 26 807
14 26 808
14 26 809
14 26 810
14 26 811
14 26 812
14 26 813
14 26 814
14 26 815
14 26 816
14 26 817
14 26 818
14 26 819
14 26 820
14 26 821
14 26 822
14 26 823
14 26 824
14 26 825
14 26 826
14 26 827
14 26 828
14 26 829
14 26 830
14 26 831
14 26 832
14 26 833
14 26 834
14 26 835
14 26 836
14 26 837
14 26 838
14 26 839
14 26 840
14 26 841
14 26 842
14 26 843
14 26 844
14 26 845
14 26 846
14 26 847
14 26 848
14 26 849
14 26 850
14 26 851
14 26 852
14 26 853
14 26 854
14 26 855
14 26 856
14 26 857
14 26 858
14 26 859
14 26 860
14 26 861
14 26 862
14 26 863
14 26 864
14 26 865
14 26 866
14 26 867
14 26 868
14 26 869
14 26 870
14 26 871
14 26 872
14 26 873
14 26 874
14 26 875
14 26 876
14 26 877
14 26 878
14 26 879
14 26 880
14 26 881
14 26 882
14 26 883
14 26 884
14 26 885
14 26 886
14 26 887
14 26 888
14 26 889
14 26 890
14 26 891
14 26 892
14 26 893
14 26 894
14 26 895
14 26 896
14 26 897
14 26 898
14 26 899
14 26 900
14 26 901
14 26 902
14 26 903
14 26 904
14 26 905
14 26 906
14 26 907
14 26 908
14 26 909
14 26 910
14 26 911
14 26 912
14 26 913
14 26 914
14 26 915
14 26 916
14 26 917
14 26 918
14 26 919
14 26 920
14 26 921
14 26 922
14 26 923
14 26 924
14 26 925
14 26 926
14 26 927
14 26 928
14 26 929
14 26 930
14 26 931
14 26 932
14 26 933
14 26 934
14 26 935
14 26 936
14 26 937
14 26 938
14 26 939
14 26 940
14 26 941
14 26 942
14 26 943
14 26 944
14 26 945
14 26 946
14 26 947
14 26 948
14 26 949
14 26 950
14 26 951
14 26 952
14 26 953
14 26 954
14 26 955
14 26 956
14 26 957
14 26 958
14 26 959
14 26 960
14 26 961
14 26 962
14 26 963
14 26 964
14 26 965
14 26 966
14 26 967
14 26 968
14 26 969
14 26 970
14 26 971
14 26 972
14 26 973
14 26 974
14 26 975
14 26 976
14 26 977
14 26 978
14 26 979
14 26 980
14 26 981
14 26 982
14 26 983
14 26 984
14 26 985
14 26 986
14 26 987
14 26 988
14 26 989
14 26 990
14 26 991
14 26 992
14 26 993
14 26 994
14 26 995
14 26 996
14 26 997
14 26 998
14 26 999
14 26 1000
14 26 1001
14 26 1002
14 26 1003
14 26 1004
14 26 1005
14 26 1006
14 26 1007
14 26 1008
14 26 1009
14 26 1010
14 26 1011
14 26 1012
14 26 1013
14 26 1014
14 26 1015
14 26 1016
14 26 1017
14 26 1018
14 26 1019
14 26 1020
14 26 1021
14 26 1022
14 26 1023
14 26 1024
14 26 1025
14 26 1026
14 26 1027
14 26 1028
14 26 1029
14 26 1030
14 26 1031
14 26 1032
14 26 1033
14 26 1034
14 26 1035
14 26 1036
14 26 1037
14 26 1038
14 26 1039
14 26 1040
14 26 1041
14 26 1042
14 26 1043
14 26 1044
14 26 1045
14 26 1046
14 26 1047
14 26 1048
14 26 1049
14 26 1050
14 26 1051
14 26 1052
14 26 1053
14 26 1054
14 26 1055
14 26 1056
14 26 1057
14 26 1058
14 26 1059
14 26 1060
14 26 1061
14 26 1062
14 26 1063
14 26 1064
14 26 1065
14 26 1066
14 26 1067
14 26 1068
14 26 1069
14 26 1070
14 26 1071
14 26 1072
14 26 1073
14 26 1074
14 26 1075
14 26 1076
14 26 1077
14 26 1078
14 26 1079
14 26 1080
14 26 1081
14 26 1082
14 26 1083
14 26 1084
14 26 1085
14 26 1086
14 26 1087
14 26 1088
14 26 1089
14 26 1090
14 26 1091
14 26 1092
14 26 1093
14 26 1094
14 26 1095
14 26 1096
14 26 1097
14 26 1098
14 26 1099
14 26 1100
14 26 1101
14 26 1102
14 26 1103
14 26 1104
14 26 1105
14 26 1106
14 26 1107
14 26 1108
14 26 1109
14 26 1110
14 26 1111
14 26 1112
14 26 1113
14 26 1114
14 26 1115
14 26 1116
14 26 1117
14 26 1118
14 26 1119
14 26 1120
14 26 1121
14 26 1122
14 26 1123
14 26 1124
14 26 1125
14 26 1126
14 26 1127
14 26 1128
14 26 1129
14 26 1130
14 26 1131
14 26 1132
14 26 1133
14 26 1134
14 26 1135
14 26 1136
14 26 1137
14 26 1138
14 26 1139
14 26 1140
14 26 1141
14 26 1142
14 26 1143
14 26 1144
14 26 1145
14 26 1146
14 26 1147
14 26 1148
14 26 1149
14 26 1150
14 26 1151
14 26 1152
14 26 1153
14 26 1154
14 26 1155
14 26 1156
14 26 1157
14 26 1158
14 26 1159
14 26 1160
14 26 1161
14 26 1162
14 26 1163
14 26 1164
14 26 1165
14 26 1166
14 26 1167
14 26 1168
14 26 1169
14 26 1170
14 26 1171
14 26 1172
14 26 1173
14 26 1174
14 26 1175
14 26 1176
14 26 1177
14 26 1178
14 26 1179
14 26 1180
14 26 1181
14 26 1182
14 26 1183
14 26 1184
14 26 1185
14 26 1186
14 26 1187
14 26 1188
14 26 1189
14 26 1190
14 26 1191
14 26 1192
14 26 1193
14 26 1194
14 26 1195
14 26 1196
14 26 1197
14 26 1198
14 26 1199
14 26 1200
14 26 1201
14 26 1202
14 26 1203
14 26 1204
14 26 1205
14 26 1206
14 26 1207
14 26 1208
14 26 1209
14 26 1210
14 26 1211
14 26 1212
14 26 1213
14 26 1214
14 26 1215
14 26 1216
14 26 1217
14 26 1218
14 26 1219
14 26 1220
14 26 1221
14 26 1222
14 26 1223
14 26 1224
14 26 1225
14 26 1226
14 26 1227
14 26 1228
14 26 1229
14 26 1230
14 26 1231
14 26 1232
14 26 1233
14 26 1234
14 26 1235
14 26 1236
14 26 1237
14 26 1238
14 26 1239
14 26 1240
14 26 1241
14 26 1242
14 26 1243
14 26 1244
14 26 1245
14 26 1246
14 26 1247
14 26 1248
14 26 1249
14 26 1250
14 26 1251
14 26 1252
14 26 1253
14 26 1254
14 26 1255
14 26 1256
14 26 1257
14 26 1258
14 26 1259
14 26 1260
14 26 1261
14 26 1262
14 26 1263
14 26 1264
14 26 1265
14 26 1266
14 26 1267
14 26 1268
14 26 1269
14 26 1270
14 26 1271
14 26 1272
14 26 1273
14 26 1274
14 26 1275
14 26 1276
14 26 1277
14 26 1278
14 26 1279
14 26 1280
14 26 1281
14 26 1282
14 26 1283
14 26 1284
14 26 1285
14 26 1286
14 26 1287
14 26 1288
14 26 1289
14 26 1290
14 26 1291
14 26 1292
14 26 1293
14 26 1294
14 26 1295
14 26 1296
14 26 1297
14 26 1298
14 26 1299
14 26 1300
14 26 1301
14 26 1302
14 26 1303
14 26 1304
14 26 1305
14 26 1306
14 26 1307
14 26 1308
14 26 1309
14 26 1310
14 26 1311
14 26 1312
14 26 1313
14 26 1314
14 26 1315
14 26 1316
14 26 1317
14 26 1318
14 26 1319
14 26 1320
14 26 1321
14 26 1322
14 26 1323
14 26 1324
14 26 1325
14 26 1326
14 26 1327
14 26 1328
14 26 1329
14 26 1330
14 26 1331
14 26 1332
14 26 1333
14 26 1334
14 26 1335
14 26 1336
14 26 1337
14 26 1338
14 26 1339
14 26 1340
14 26 1341
14 26 1342
14 26 1343
14 26 1344
14 26 1345
14 26 1346
14 26 1347
14 26 1348
14 26 1349
14 26 1350
14 26 1351
14 26 1352
14 26 1353
14 26 1354
14 26 1355
14 26 1356
14 26 1357
14 26 1358
14 26 1359
14 26 1360
14 26 1361
14 26 1362
14 26 1363
14 26 1364
14 26 1365
14 26 1366
14 26 1367
14 26 1368
14 26 1369
14 26 1370
14 26 1371
14 26 1372
14 26 1373
14 26 1374
14 26 1375
14 26 1376
14 26 1377
14 26 1378
14 26 1379
14 26 1380
14 26 1381
14 26 1382
14 26 1383
14 26 1384
14 26 1385
14 26 1386
14 26 1387
14 26 1388
14 26 1389
14 26 1390
14 26 1391
14 26 1392
14 26 1393
14 26 1394
14 26 1395
14 26 1396
14 26 1397
14 26 1398
14 26 1399
14 26 1400
14 26 1401
14 26 1402
14 26 1403
14 26 1404
14 26 1405
14 26 1406
14 26 1407
14 26 1408
14 26 1409
14 26 1410
14 26 1411
14 26 1412
14 26 1413
14 26 1414
14 26 1415
14 26 1416
14 26 1417
14 26 1418
14 26 1419
14 26 1420
14 26 1421
14 26 1422
14 26 1423
14 26 1424
14 26 1425
14 26 1426
14 26 1427
14 26 1428
14 26 1429
14 26 1430
14 26 1431
14 26 1432
14 26 1433
14 26 1434
14 26 1435
14 26 1436
14 26 1437
14 26 1438
14 26 1439
14 26 1440
14 26 1441
14 26 1442
14 26 1443
14 26 1444
14 26 1445
14 26 1446
14 26 1447
14 26 1448
14 26 1449
14 26 1450
14 26 1451
14 26 1452
14 26 1453
14 26 1454
14 26 1455
14 26 1456
14 26 1457
14 26 1458
14 26 1459
14 26 1460
14 26 1461
14 26 1462
14 26 1463
14 26 1464
14 26 1465
14 26 1466
14 26 1467
14 26 1468
14 26 1469
14 26 1470
14 26 1471
14 26 1472
14 26 1473
14 26 1474
14 26 1475
14 26 1476
14 26 1477
14 26 1478
14 26 1479
14 26 1480
14 26 1481
14 26 1482
14 26 1483
14 26 1484
14 26 1485
14 26 1486
14 26 1487
14 26 1488
14 26 1489
14 26 1490
14 26 1491
14 26 1492
14 26 1493
14 26 1494
14 26 1495
14 26 1496
14 26 1497
14 26 1498
14 26 1499
14 26 1500
14 26 1501
14 26 1502
14 26 1503
14 26 1504
14 26 1505
14 26 1506
14 26 1507
14 26 1508
14 26 1509
14 26 1510
14 26 1511
14 26 1512
14 26 1513
14 26 1514
14 26 1515
14 26 1516
14 26 1517
14 26 1518
14 26 1519
14 26 1520
14 26 1521
14 26 1522
14 26 1523
14 26 1524
14 26 1525
14 26 1526
14 26 1527
14 26 1528
14 26 1529
14 26 1530
14 26 1531
14 26 1532
14 26 1533
14 26 1534
14 26 1535
14 26 1536
14 26 1537
14 26 1538
14 26 1539
14 26 1540
14 26 1541
14 26 1542
14 26 1543
14 26 1544
14 26 1545
14 26 1546
14 26 1547
14 26 1548
14 26 1549
14 26 1550
14 26 1551
14 26 1552
14 26 1553
14 26 1554
14 26 1555
14 26 1556
14 26 1557
14 26 1558
14 26 1559
14 26 1560
14 26 1561
14 26 1562
14 26 1563
14 26 1564
14 26 1565
14 26 1566
14 26 1567
14 26 1568
14 26 1569
14 26 1570
14 26 1571
14 26 1572
14 26 1573
14 26 1574
14 26 1575
14 26 1576
14 26 1577
14 26 1578
14 26 1579
14 26 1580
14 26 1581
14 26 1582
14 26 1583
14 26 1584
14 26 1585
14 26 1586
14 26 1587
14 26 1588
14 26 1589
14 26 1590
14 26 1591
14 26 1592
14 26 1593
14 26 1594
14 26 1595
14 26 1596
14 26 1597
14 26 1598
14 26 1599
14 26 1600
14 26 1601
14 26 1602
14 26 1603
14 26 1604
14 26 1605
14 26 1606
14 26 1607
14 26 1608
14 26 1609
14 26 1610
14 26 1611
14 26 1612
14 26 1613
14 26 1614
14 26 1615
14 26 1616
14 26 1617
14 26 1618
14 26 1619
14 26 1620
14 26 1621
14 26 1622
14 26 1623
14 26 1624
14 26 1625
14 26 1626
14 26 1627
14 26 1628
14 26 1629
14 26 1630
14 26 1631
14 26 1632
14 26 1633
14 26 1634
14 26 1635
14 26 1636
14 26 1637
14 26 1638
14 26 1639
14 26 1640
14 26 1641
14 26 1642
14 26 1643
14 26 1644
14 26 1645
14 26 1646
14 26 1647
14 26 1648
14 26 1649
14 26 1650
14 26 1651
14 26 1652
14 26 1653
14 26 1654
14 26 1655
14 26 1656
14 26 1657
14 26 1658
14 26 1659
14 26 1660
14 26 1661
14 26 1662
14 26 1663
14 26 1664
14 26 1665
14 26 1666
14 26 1667
14 26 1668
14 26 1669
14 26 1670
14 26 1671
14 26 1672
14 26 1673
14 26 1674
14 26 1675
14 26 1676
14 26 1677
14 26 1678
14 26 1679
14 26 1680
14 26 1681
14 26 1682
14 26 1683
14 26 1684
14 26 1685
14 26 1686
14 26 1687
14 26 1688
14 26 1689
14 26 1690
14 26 1691
14 26 1692
14 26 1693
14 26 1694
14 26 1695
14 26 1696
14 26 1697
14 26 1698
14 26 1699
14 26 1700
14 26 1701
14 26 1702
14 26 1703
14 26 1704
14 26 1705
14 26 1706
14 26 1707
14 26 1708
14 26 1709
14 26 1710
14 26 1711
14 26 1712
14 26 1713
14 26 1714
14 26 1715
14 26 1716
14 26 1717
14 26 1718
14 26 1719
14 26 1720
14 26 1721
14 26 1722
14 26 1723
14 26 1724
14 26 1725
14 26 1726
14 26 1727
14 26 1728
14 26 1729
14 26 1730
14 26 1731
14 26 1732
14 26 1733
14 26 1734
14 26 1735
14 26 1736
14 26 1737
14 26 1738
14 26 1739
14 26 1740
14 26 1741
14 26 1742
14 26 1743
14 26 1744
14 26 1745
14 26 1746
14 26 1747
14 26 1748
14 26 1749
14 26 1750
14 26 1751
14 26 1752
14 26 1753
14 26 1754
14 26 1755
14 26 1756
14 26 1757
14 26 1758
14 26 1759
14 26 1760
14 26 1761
14 26 1762
14 26 1763
14 26 1764
14 26 1765
14 26 1766
14 26 1767
14 26 1768
14 26 1769
14 26 1770
14 26 1771
14 26 1772
14 26 1773
14 26 1774
14 26 1775
14 26 1776
14 26 1777
14 26 1778
14 26 1779
14 26 1780
14 26 1781
14 26 1782
14 26 1783
14 26 1784
14 26 1785
14 26 1786
14 26 1787
14 26 1788
14 26 1789
14 26 1790
14 26 1791
14 26 1792
14 26 1793
14 26 1794
14 26 1795
14 26 1796
14 26 1797
14 26 1798
14 26 1799
14 26 1800
14 26 1801
14 26 1802
14 26 1803
14 26 1804
14 26 1805
14 26 1806
14 26 1807
14 26 1808
14 26 1809
14 26 1810
14 26 1811
14 26 1812
14 26 1813
14 26 1814
14 26 1815
14 26 1816
14 26 1817
14 26 1818
14 26 1819
14 26 1820
14 26 1821
14 26 1822
14 26 1823
14 26 1824
14 26 1825
14 26 1826
14 26 1827
14 26 1828
14 26 1829
14 26 1830
14 26 1831
14 26 1832
14 26 1833
14 26 1834
14 26 1835
14 26 1836
14 26 1837
14 26 1838
14 26 1839
14 26 1840
14 26 1841
14 26 1842
14 26 1843
14 26 1844
14 26 1845
14 26 1846
14 26 1847
14 26 1848
14 26 1849
14 26 1850
14 26 1851
14 26 1852
14 26 1853
14 26 1854
14 26 1855
14 26 1856
14 26 1857
14 26 1858
14 26 1859
14 26 1860
14 26 1861
14 26 1862
14 26 1863
14 26 1864
14 26 1865
14 26 1866
14 26 1867
14 26 1868
14 26 1869
14 26 1870
14 26 1871
14 26 1872
14 26 1873
14 26 1874
14 26 1875
14 26 1876
14 26 1877
14 26 1878
14 26 1879
14 26 1880
14 26 1881
14 26 1882
14 26 1883
14 26 1884
14 26 1885
14 26 1886
14 26 1887
14 26 1888
14 26 1889
14 26 1890
14 26 1891
14 26 1892
14 26 1893
14 26 1894
14 26 1895
14 26 1896
14 26 1897
14 26 1898
14 26 1899
14 26 1900
14 26 1901
14 26 1902
14 26 1903
14 26 1904
14 26 1905
14 26 1906
14 26 1907
14 26 1908
14 26 1909
14 26 1910
14 26 1911
14 26 1912
14 26 1913
14 26 1914
14 26 1915
14 26 1916
14 26 1917
14 26 1918
14 26 1919
14 26 1920
14 26 1921
14 26 1922
14 26 1923
14 26 1924
14 26 1925
14 26 1926
14 26 1927
14 26 1928
14 26 1929
14 26 1930
14 26 1931
14 26 1932
14 26 1933
14 26 1934
14 26 1935
14 26 1936
14 26 1937
14 26 1938
14 26 1939
14 26 1940
14 26 1941
14 26 1942
14 26 1943
14 26 1944
14 26 1945
14 26 1946
14 26 1947
14 26 1948
14 26 1949
14 26 1950
14 26 1951
14 26 1952
14 26 1953
14 26 1954
14 26 1955
14 26 1956
14 26 1957
14 26 1958
14 26 1959
14 26 1960
14 26 1961
14 26 1962
14 26 1963
14 26 1964
14 26 1965
14 26 1966
14 26 1967
14 26 1968
14 26 1969
14 26 1970
14 26 1971
14 26 1972
14 26 1973
14 26 1974
14 26 1975
14 26 1976
14 26 1977
14 26 1978
14 26 1979
14 26 1980
14 26 1981
14 26 1982
14 26 1983
14 26 1984
14 26 1985
14 26 1986
14 26 1987
14 26 1988
14 26 1989
14 26 1990
14 26 1991
14 26 1992
14 26 1993
14 26 1994
14 26 1995
14 26 1996
14 26 1997
14 26 1998
14 26 1999
14 26 2000
14 26 2001
14 26 2002
14 26 2003
14 26 2004
14 26 2005
14 26 2006
14 26 2007
14 26 2008
14 26 2009
14 26 2010
14 26 2011
14 26 2012
14 26 2013
14 26 2014
14 26 2015
14 26 2016
14 26 2017
14 26 2018
14 26 2019
14 26 2020
14 26 2021
14 26 2022
14 26 2023
14 26 2024
14 26 2025
14 26 2026
14 26 2027
14 26 2028
14 26 2029
14 26 2030
14 26 2031
14 26 2032
14 26 2033
14 26 2034
14 26 2035
14 26 2036
14 26 2037
14 26 2038
14 26 2039
14 26 2040
14 26 2041
14 26 2042
14 26 2043
14 26 2044
14 26 2045
14 26 2046
14 26 2047
14 26 2048
14 26 2049
14 26 2050
14 26 2051
14 26 2052
14 26 2053
14 26 2054
14 26 2055
14 26 2056
14 26 2057
14 26 2058
14 26 2059
14 26 2060
14 26 2061
14 26 2062
14 26 2063
14 26 2064
14 26 2065
14 26 2066
14 26 2067
14 26 2068
14 26 2069
14 26 2070
14 26 2071
14 26 2072
14 26 2073
14 26 2074
14 26 2075
14 26 2076
14 26 2077
14 26 2078
14 26 2079
14 26 2080
14 26 2081
14 26 2082
14 26 2083
14 26 2084
14 26 2085
14 26 2086
14 26 2087
14 26 2088
14 26 2089
14 26 2090
14 26 2091
14 26 2092
14 26 2093
14 26 2094
14 26 2095
14 26 2096
14 26 2097
14 26 2098
14 26 2099
14 26 2100
14 26 2101
14 26 2102
14 26 2103
14 26 2104
14 26 2105
14 26 2106
14 26 2107
14 26 2108
14 26 2109
14 26 2110
14 26 2111
14 26 2112
14 26 2113
14 26 2114
14 26 2115
14 26 2116
14 26 2117
14 26 2118
14 26 2119
14 26 2120
14 26 2121
14 26 2122
14 26 2123
14 26 2124
14 26 2125
14 26 2126
14 26 2127
14 26 2128
14 26 2129
14 26 2130
14 26 2131
14 26 2132
14 26 2133
14 26 2134
14 26 2135
14 26 2136
14 26 2137
14 26 2138
14 26 2139
14 26 2140
14 26 2141
14 26 2142
14 26 2143
14 26 2144
14 26 2145
14 26 2146
14 26 2147
14 26 2148
14 26 2149
14 26 2150
14 26 2151
14 26 2152
14 26 2153
14 26 2154
14 26 2155
14 26 2156
14 26 2157
14 26 2158
14 26 2159
14 26 2160
14 26 2161
14 26 2162
14 26 2163
14 26 2164
14 26 2165
14 26 2166
14 26 2167
14 26 2168
14 26 2169
14 26 2170
14 26 2171
14 26 2172
14 26 2173
14 26 2174
14 26 2175
14 26 2176
14 26 2177
14 26 2178
14 26 2179
14 26 2180
14 26 2181
14 26 2182
14 26 2183
14 26 2184
14 26 2185
14 26 2186
14 26 2187
14 26 2188
14 26 2189
14 26 2190
14 26 2191
14 26 2192
14 26 2193
14 26 2194
14 26 2195
14 26 2196
14 26 2197
14 26 2198
14 26 2199
14 26 2200
14 26 2201
14 26 2202
14 26 2203
14 26 2204
14 26 2205
14 26 2206
14 26 2207
14 26 2208
14 26 2209
14 26 2210
14 26 2211
14 26 2212
14 26 2213
14 26 2214
14 26 2215
14 26 2216
14 26 2217
14 26 2218
14 26 2219
14 26 2220
14 26 2221
14 26 2222
14 26 2223
14 26 2224
14 26 2225
14 26 2226
14 26 2227
14 26 2228
14 26 2229
14 26 2230
14 26 2231
14 26 2232
14 26 2233
14 26 2234
14 26 2235
14 26 2236
14 26 2237
14 26 2238
14 26 2239
14 26 2240
14 26 2241
14 26 2242
14 26 2243
14 26 2244
14 26 2245
14 26 2246
14 26 2247
14 26 2248
14 26 2249
14 26 2250
14 26 2251
14 26 2252
14 26 2253
14 26 2254
14 26 2255
14 26 2256
14 26 2257
14 26 2258
14 26 2259
14 26 2260
14 26 2261
14 26 2262
14 26 2263
14 26 2264
14 26 2265
14 26 2266
14 26 2267
14 26 2268
14 26 2269
14 26 2270
14 26 2271
14 26 2272
14 26 2273
14 26 2274
14 26 2275
14 26 2276
14 26 2277
14 26 2278
14 26 2279
14 26 2280
14 26 2281
14 26 2282
14 26 2283
14 26 2284
14 26 2285
14 26 2286
14 26 2287
14 26 2288
14 26 2289
14 26 2290
14 26 2291
14 26 2292
14 26 2293
14 26 2294
14 26 2295
14 26 2296
14 26 2297
14 26 2298
14 26 2299
14 26 2300
14 26 2301
14 26 2302
14 26 2303
14 26 2304
14 26 2305
14 26 2306
14 26 2307
14 26 2308
14 26 2309
14 26 2310
14 26 2311
14 26 2312
14 26 2313
14 26 2314
14 26 2315
14 26 2316
14 26 2317
14 26 2318
14 26 2319
14 26 2320
14 26 2321
14 26 2322
14 26 2323
14 26 2324
14 26 2325
14 26 2326
14 26 2327
14 26 2328
14 26 2329
14 26 2330
14 26 2331
14 26 2332
14 26 2333
14 26 2334
14 26 2335
14 26 2336
14 26 2337
14 26 2338
14 26 2339
14 26 2340
14 26 2341
14 26 2342
14 26 2343
14 26 2344
14 26 2345
14 26 2346
14 26 2347
14 26 2348
14 26 2349
14 26 2350
14 26 2351
14 26 2352
14 26 2353
14 26 2354
14 26 2355
14 26 2356
14 26 2357
14 26 2358
14 26 2359
14 26 2360
14 26 2361
14 26 2362
14 26 2363
14 26 2364
14 26 2365
14 26 2366
14 26 2367
14 26 2368
14 26 2369
14 26 2370
14 26 2371
14 26 2372
14 26 2373
14 26 2374
14 26 2375
14 26 2376
14 26 2377
14 26 2378
14 26 2379
14 26 2380
14 26 2381
14 26 2382
14 26 2383
14 26 2384
14 26 2385
14 26 2386
14 26 2387
14 26 2388
14 26 2389
14 26 2390
14 26 2391
14 26 2392
14 26 2393
14 26 2394
14 26 2395
14 26 2396
14 26 2397
14 26 2398
14 26 2399
14 26 2400
14 26 2401
14 26 2402
14 26 2403
14 26 2404
14 26 2405
14 26 2406
14 26 2407
14 26 2408
14 26 2409
14 26 2410
14 26 2411
14 26 2412
14 26 2413
14 26 2414
14 26 2415
14 26 2416
14 26 2417
14 26 2418
14 26 2419
14 26 2420
14 26 2421
14 26 2422
14 26 2423
14 26 2424
14 26 2425
14 26 2426
14 26 2427
14 26 2428
14 26 2429
14 26 2430
14 26 2431
14 26 2432
14 26 2433
14 26 2434
14 26 2435
14 26 2436
14 26 2437
14 26 2438
14 26 2439
14 26 2440
14 26 2441
14 26 2442
14 26 2443
14 26 2444
14 26 2445
14 26 2446
14 26 2447
14 26 2448
14 26 2449
14 26 2450
14 26 2451
14 26 2452
14 26 2453
14 26 2454
14 26 2455
14 26 2456
14 26 2457
