37 40 1
37 40 2
37 40 3
37 40 4
37 40 5
37 40 6
37 40 7
37 40 8
37 40 9
37 40 10
37 40 11
37 40 12
37 40 13
37 40 14
37 40 15
37 40 16
37 40 17
37 40 18
37 40 19
37 40 20
37 40 21
37 40 22
37 40 23
37 40 24
37 40 25
37 40 26
37 40 27
37 40 28
37 40 29
37 40 30
37 40 31
37 40 32
37 40 33
37 40 34
37 40 35
37 40 36
37 40 37
37 40 38
37 40 39
37 40 40
37 40 41
37 40 42
37 40 43
37 40 44
37 40 45
37 40 46
37 40 47
37 40 48
37 40 49
37 40 50
37 40 51
37 40 52
37 40 53
37 40 54
37 40 55
37 40 56
37 40 57
37 40 58
37 40 59
37 40 60
37 40 61
37 40 62
37 40 63
37 40 64
37 40 65
37 40 66
37 40 67
37 40 68
37 40 69
37 40 70
37 40 71
37 40 72
37 40 73
37 40 74
37 40 75
37 40 76
37 40 77
37 40 78
37 40 79
37 40 80
37 40 81
37 40 82
37 40 83
37 40 84
37 40 85
37 40 86
37 40 87
37 40 88
37 40 89
37 40 90
37 40 91
37 40 92
37 40 93
37 40 94
37 40 95
37 40 96
37 40 97
37 40 98
37 40 99
37 40 100
37 40 101
37 40 102
37 40 103
37 40 104
37 40 105
37 40 106
37 40 107
37 40 108
37 40 109
37 40 110
37 40 111
37 40 112
37 40 113
37 40 114
37 40 115
37 40 116
37 40 117
37 40 118
37 40 119
37 40 120
37 40 121
37 40 122
37 40 123
37 40 124
37 40 125
37 40 126
37 40 127
37 40 128
37 40 129
37 40 130
37 40 131
37 40 132
37 40 133
37 40 134
37 40 135
37 40 136
37 40 137
37 40 138
37 40 139
37 40 140
37 40 141
37 40 142
37 40 143
37 40 144
37 40 145
37 40 146
37 40 147
37 40 148
37 40 149
37 40 150
37 40 151
37 40 152
37 40 153
37 40 154
37 40 155
37 40 156
37 40 157
37 40 158
37 40 159
37 40 160
37 40 161
37 40 162
37 40 163
37 40 164
37 40 165
37 40 166
37 40 167
37 40 168
37 40 169
37 40 170
37 40 171
37 40 172
37 40 173
37 40 174
37 40 175
37 40 176
37 40 177
37 40 178
37 40 179
37 40 180
37 40 181
37 40 182
37 40 183
37 40 184
37 40 185
37 40 186
37 40 187
37 40 188
37 40 189
37 40 190
37 40 191
37 40 192
37 40 193
37 40 194
37 40 195
37 40 196
37 40 197
37 40 198
37 40 199
37 40 200
37 40 201
37 40 202
37 40 203
37 40 204
37 40 205
37 40 206
37 40 207
37 40 208
37 40 209
37 40 210
37 40 211
37 40 212
37 40 213
37 40 214
37 40 215
37 40 216
37 40 217
37 40 218
37 40 219
37 40 220
37 40 221
37 40 222
37 40 223
37 40 224
37 40 225
37 40 226
37 40 227
37 40 228
37 40 229
37 40 230
37 40 231
37 40 232
37 40 233
37 40 234
37 40 235
37 40 236
37 40 237
37 40 238
37 40 239
37 40 240
37 40 241
37 40 242
37 40 243
37 40 244
37 40 245
37 40 246
37 40 247
37 40 248
37 40 249
37 40 250
37 40 251
37 40 252
37 40 253
37 40 254
37 40 255
37 40 256
37 40 257
37 40 258
37 40 259
37 40 260
37 40 261
37 40 262
37 40 263
37 40 264
37 40 265
37 40 266
37 40 267
37 40 268
37 40 269
37 40 270
37 40 271
37 40 272
37 40 273
37 40 274
37 40 275
37 40 276
37 40 277
37 40 278
37 40 279
37 40 280
37 40 281
37 40 282
37 40 283
37 40 284
37 40 285
37 40 286
37 40 287
37 40 288
37 40 289
37 40 290
37 40 291
37 40 292
37 40 293
37 40 294
37 40 295
37 40 296
37 40 297
37 40 298
37 40 299
37 40 300
37 40 301
37 40 302
37 40 303
37 40 304
37 40 305
37 40 306
37 40 307
37 40 308
37 40 309
37 40 310
37 40 311
37 40 312
37 40 313
37 40 314
37 40 315
37 40 316
37 40 317
37 40 318
37 40 319
37 40 320
37 40 321
37 40 322
37 40 323
37 40 324
37 40 325
37 40 326
37 40 327
37 40 328
37 40 329
37 40 330
37 40 331
37 40 332
37 40 333
37 40 334
37 40 335
37 40 336
37 40 337
37 40 338
37 40 339
37 40 340
37 40 341
37 40 342
37 40 343
37 40 344
37 40 345
37 40 346
37 40 347
37 40 348
37 40 349
37 40 350
37 40 351
37 40 352
37 40 353
37 40 354
37 40 355
37 40 356
37 40 357
37 40 358
37 40 359
37 40 360
37 40 361
37 40 362
37 40 363
37 40 364
37 40 365
37 40 366
37 40 367
37 40 368
37 40 369
37 40 370
37 40 371
37 40 372
37 40 373
37 40 374
37 40 375
37 40 376
37 40 377
37 40 378
37 40 379
37 40 380
37 40 381
37 40 382
37 40 383
37 40 384
37 40 385
37 40 386
37 40 387
37 40 388
37 40 389
37 40 390
37 40 391
37 40 392
37 40 393
37 40 394
37 40 395
37 40 396
37 40 397
37 40 398
37 40 399
37 40 400
37 40 401
37 40 402
37 40 403
37 40 404
37 40 405
37 40 406
37 40 407
37 40 408
37 40 409
37 40 410
37 40 411
37 40 412
37 40 413
37 40 414
37 40 415
37 40 416
37 40 417
37 40 418
37 40 419
37 40 420
37 40 421
37 40 422
37 40 423
37 40 424
37 40 425
37 40 426
37 40 427
37 40 428
37 40 429
37 40 430
37 40 431
37 40 432
37 40 433
37 40 434
37 40 435
37 40 436
37 40 437
37 40 438
37 40 439
37 40 440
37 40 441
37 40 442
37 40 443
37 40 444
37 40 445
37 40 446
37 40 447
37 40 448
37 40 449
37 40 450
37 40 451
37 40 452
37 40 453
37 40 454
37 40 455
37 40 456
37 40 457
37 40 458
37 40 459
37 40 460
37 40 461
37 40 462
37 40 463
37 40 464
37 40 465
37 40 466
37 40 467
37 40 468
37 40 469
37 40 470
37 40 471
37 40 472
37 40 473
37 40 474
37 40 475
37 40 476
37 40 477
37 40 478
37 40 479
37 40 480
37 40 481
37 40 482
37 40 483
37 40 484
37 40 485
37 40 486
37 40 487
37 40 488
37 40 489
37 40 490
37 40 491
37 40 492
37 40 493
37 40 494
37 40 495
37 40 496
37 40 497
37 40 498
37 40 499
37 40 500
37 40 501
37 40 502
37 40 503
37 40 504
37 40 505
37 40 506
37 40 507
37 40 508
37 40 509
37 40 510
37 40 511
37 40 512
37 40 513
37 40 514
37 40 515
37 40 516
37 40 517
37 40 518
37 40 519
37 40 520
37 40 521
37 40 522
37 40 523
37 40 524
37 40 525
37 40 526
37 40 527
37 40 528
37 40 529
37 40 530
37 40 531
37 40 532
37 40 533
37 40 534
37 40 535
37 40 536
37 40 537
37 40 538
37 40 539
37 40 540
37 40 541
37 40 542
37 40 543
37 40 544
37 40 545
37 40 546
37 40 547
37 40 548
37 40 549
37 40 550
37 40 551
37 40 552
37 40 553
37 40 554
37 40 555
37 40 556
37 40 557
37 40 558
37 40 559
37 40 560
37 40 561
37 40 562
37 40 563
37 40 564
37 40 565
37 40 566
37 40 567
37 40 568
37 40 569
37 40 570
37 40 571
37 40 572
37 40 573
37 40 574
37 40 575
37 40 576
37 40 577
37 40 578
37 40 579
37 40 580
37 40 581
37 40 582
37 40 583
37 40 584
37 40 585
37 40 586
37 40 587
37 40 588
37 40 589
37 40 590
37 40 591
37 40 592
37 40 593
37 40 594
37 40 595
37 40 596
37 40 597
37 40 598
37 40 599
37 40 600
37 40 601
37 40 602
37 40 603
37 40 604
37 40 605
37 40 606
37 40 607
37 40 608
37 40 609
37 40 610
37 40 611
37 40 612
37 40 613
37 40 614
37 40 615
37 40 616
37 40 617
37 40 618
37 40 619
37 40 620
37 40 621
37 40 622
37 40 623
37 40 624
37 40 625
37 40 626
37 40 627
37 40 628
37 40 629
37 40 630
37 40 631
37 40 632
37 40 633
37 40 634
37 40 635
37 40 636
37 40 637
37 40 638
37 40 639
37 40 640
37 40 641
37 40 642
37 40 643
37 40 644
37 40 645
37 40 646
37 40 647
37 40 648
37 40 649
37 40 650
37 40 651
37 40 652
37 40 653
37 40 654
37 40 655
37 40 656
37 40 657
37 40 658
37 40 659
37 40 660
37 40 661
37 40 662
37 40 663
37 40 664
37 40 665
37 40 666
37 40 667
37 40 668
37 40 669
37 40 670
37 40 671
37 40 672
37 40 673
37 40 674
37 40 675
37 40 676
37 40 677
37 40 678
37 40 679
37 40 680
37 40 681
37 40 682
37 40 683
37 40 684
37 40 685
37 40 686
37 40 687
37 40 688
37 40 689
37 40 690
37 40 691
37 40 692
37 40 693
37 40 694
37 40 695
37 40 696
37 40 697
37 40 698
37 40 699
37 40 700
37 40 701
37 40 702
37 40 703
37 40 704
37 40 705
37 40 706
37 40 707
37 40 708
37 40 709
37 40 710
37 40 711
37 40 712
37 40 713
37 40 714
37 40 715
37 40 716
37 40 717
37 40 718
37 40 719
37 40 720
37 40 721
37 40 722
37 40 723
37 40 724
37 40 725
37 40 726
37 40 727
37 40 728
37 40 729
37 40 730
37 40 731
37 40 732
37 40 733
37 40 734
37 40 735
37 40 736
37 40 737
37 40 738
37 40 739
37 40 740
37 40 741
37 40 742
37 40 743
37 40 744
37 40 745
37 40 746
37 40 747
37 40 748
37 40 749
37 40 750
37 40 751
37 40 752
37 40 753
37 40 754
37 40 755
37 40 756
37 40 757
37 40 758
37 40 759
37 40 760
37 40 761
37 40 762
37 40 763
37 40 764
37 40 765
37 40 766
37 40 767
37 40 768
37 40 769
37 40 770
37 40 771
37 40 772
37 40 773
37 40 774
37 40 775
37 40 776
37 40 777
37 40 778
37 40 779
37 40 780
37 40 781
37 40 782
37 40 783
37 40 784
37 40 785
37 40 786
37 40 787
37 40 788
37 40 789
37 40 790
37 40 791
37 40 792
37 40 793
37 40 794
37 40 795
37 40 796
37 40 797
37 40 798
37 40 799
37 40 800
37 40 801
37 40 802
37 40 803
37 40 804
37 40 805
37 40 806
37 40 807
37 40 808
37 40 809
37 40 810
37 40 811
37 40 812
37 40 813
37 40 814
37 40 815
37 40 816
37 40 817
37 40 818
37 40 819
37 40 820
37 40 821
37 40 822
37 40 823
37 40 824
37 40 825
37 40 826
37 40 827
37 40 828
37 40 829
37 40 830
37 40 831
37 40 832
37 40 833
37 40 834
37 40 835
37 40 836
37 40 837
37 40 838
37 40 839
37 40 840
37 40 841
37 40 842
37 40 843
37 40 844
37 40 845
37 40 846
37 40 847
37 40 848
37 40 849
37 40 850
37 40 851
37 40 852
37 40 853
37 40 854
37 40 855
37 40 856
37 40 857
37 40 858
37 40 859
37 40 860
37 40 861
37 40 862
37 40 863
37 40 864
37 40 865
37 40 866
37 40 867
37 40 868
37 40 869
37 40 870
37 40 871
37 40 872
37 40 873
37 40 874
37 40 875
37 40 876
37 40 877
37 40 878
37 40 879
37 40 880
37 40 881
37 40 882
37 40 883
37 40 884
37 40 885
37 40 886
37 40 887
37 40 888
37 40 889
37 40 890
37 40 891
37 40 892
37 40 893
37 40 894
37 40 895
37 40 896
37 40 897
37 40 898
37 40 899
37 40 900
37 40 901
37 40 902
37 40 903
37 40 904
37 40 905
37 40 906
37 40 907
37 40 908
37 40 909
37 40 910
37 40 911
37 40 912
37 40 913
37 40 914
37 40 915
37 40 916
37 40 917
37 40 918
37 40 919
37 40 920
37 40 921
37 40 922
37 40 923
37 40 924
37 40 925
37 40 926
37 40 927
37 40 928
37 40 929
37 40 930
37 40 931
37 40 932
37 40 933
37 40 934
37 40 935
37 40 936
37 40 937
37 40 938
37 40 939
37 40 940
37 40 941
37 40 942
37 40 943
37 40 944
37 40 945
37 40 946
37 40 947
37 40 948
37 40 949
37 40 950
37 40 951
37 40 952
37 40 953
37 40 954
37 40 955
37 40 956
37 40 957
37 40 958
37 40 959
37 40 960
37 40 961
37 40 962
37 40 963
37 40 964
37 40 965
37 40 966
37 40 967
37 40 968
37 40 969
37 40 970
37 40 971
37 40 972
37 40 973
37 40 974
37 40 975
37 40 976
37 40 977
37 40 978
37 40 979
37 40 980
37 40 981
37 40 982
37 40 983
37 40 984
37 40 985
37 40 986
37 40 987
37 40 988
37 40 989
37 40 990
37 40 991
37 40 992
37 40 993
37 40 994
37 40 995
37 40 996
37 40 997
37 40 998
37 40 999
37 40 1000
37 40 1001
37 40 1002
37 40 1003
37 40 1004
37 40 1005
37 40 1006
37 40 1007
37 40 1008
37 40 1009
37 40 1010
37 40 1011
37 40 1012
37 40 1013
37 40 1014
37 40 1015
37 40 1016
37 40 1017
37 40 1018
37 40 1019
37 40 1020
37 40 1021
37 40 1022
37 40 1023
37 40 1024
37 40 1025
37 40 1026
37 40 1027
37 40 1028
37 40 1029
37 40 1030
37 40 1031
37 40 1032
37 40 1033
37 40 1034
37 40 1035
37 40 1036
37 40 1037
37 40 1038
37 40 1039
37 40 1040
37 40 1041
37 40 1042
37 40 1043
37 40 1044
37 40 1045
37 40 1046
37 40 1047
37 40 1048
37 40 1049
37 40 1050
37 40 1051
37 40 1052
37 40 1053
37 40 1054
37 40 1055
37 40 1056
37 40 1057
37 40 1058
37 40 1059
37 40 1060
37 40 1061
37 40 1062
37 40 1063
37 40 1064
37 40 1065
37 40 1066
37 40 1067
37 40 1068
37 40 1069
37 40 1070
37 40 1071
37 40 1072
37 40 1073
37 40 1074
37 40 1075
37 40 1076
37 40 1077
37 40 1078
37 40 1079
37 40 1080
37 40 1081
37 40 1082
37 40 1083
37 40 1084
37 40 1085
37 40 1086
37 40 1087
37 40 1088
37 40 1089
37 40 1090
37 40 1091
37 40 1092
37 40 1093
37 40 1094
37 40 1095
37 40 1096
37 40 1097
37 40 1098
37 40 1099
37 40 1100
37 40 1101
37 40 1102
37 40 1103
37 40 1104
37 40 1105
37 40 1106
37 40 1107
37 40 1108
37 40 1109
37 40 1110
37 40 1111
37 40 1112
37 40 1113
37 40 1114
37 40 1115
37 40 1116
37 40 1117
37 40 1118
37 40 1119
37 40 1120
37 40 1121
37 40 1122
37 40 1123
37 40 1124
37 40 1125
37 40 1126
37 40 1127
37 40 1128
37 40 1129
37 40 1130
37 40 1131
37 40 1132
37 40 1133
37 40 1134
37 40 1135
37 40 1136
37 40 1137
37 40 1138
37 40 1139
37 40 1140
37 40 1141
37 40 1142
37 40 1143
37 40 1144
37 40 1145
37 40 1146
37 40 1147
37 40 1148
37 40 1149
37 40 1150
37 40 1151
37 40 1152
37 40 1153
37 40 1154
37 40 1155
37 40 1156
37 40 1157
37 40 1158
37 40 1159
37 40 1160
37 40 1161
37 40 1162
37 40 1163
37 40 1164
37 40 1165
37 40 1166
37 40 1167
37 40 1168
37 40 1169
37 40 1170
37 40 1171
37 40 1172
37 40 1173
37 40 1174
37 40 1175
37 40 1176
37 40 1177
37 40 1178
37 40 1179
37 40 1180
37 40 1181
37 40 1182
37 40 1183
37 40 1184
37 40 1185
37 40 1186
37 40 1187
37 40 1188
37 40 1189
37 40 1190
37 40 1191
37 40 1192
37 40 1193
37 40 1194
37 40 1195
37 40 1196
37 40 1197
37 40 1198
37 40 1199
37 40 1200
37 40 1201
37 40 1202
37 40 1203
37 40 1204
37 40 1205
37 40 1206
37 40 1207
37 40 1208
37 40 1209
37 40 1210
37 40 1211
37 40 1212
37 40 1213
37 40 1214
37 40 1215
37 40 1216
37 40 1217
37 40 1218
37 40 1219
37 40 1220
37 40 1221
37 40 1222
37 40 1223
37 40 1224
37 40 1225
37 40 1226
37 40 1227
37 40 1228
37 40 1229
37 40 1230
37 40 1231
37 40 1232
37 40 1233
37 40 1234
37 40 1235
37 40 1236
37 40 1237
37 40 1238
37 40 1239
37 40 1240
37 40 1241
37 40 1242
37 40 1243
37 40 1244
37 40 1245
37 40 1246
37 40 1247
37 40 1248
37 40 1249
37 40 1250
37 40 1251
37 40 1252
37 40 1253
37 40 1254
37 40 1255
37 40 1256
37 40 1257
37 40 1258
37 40 1259
37 40 1260
37 40 1261
37 40 1262
37 40 1263
37 40 1264
37 40 1265
37 40 1266
37 40 1267
37 40 1268
37 40 1269
37 40 1270
37 40 1271
37 40 1272
37 40 1273
37 40 1274
37 40 1275
37 40 1276
37 40 1277
37 40 1278
37 40 1279
37 40 1280
37 40 1281
37 40 1282
37 40 1283
37 40 1284
37 40 1285
37 40 1286
37 40 1287
37 40 1288
37 40 1289
37 40 1290
37 40 1291
37 40 1292
37 40 1293
37 40 1294
37 40 1295
37 40 1296
37 40 1297
37 40 1298
37 40 1299
37 40 1300
37 40 1301
37 40 1302
37 40 1303
37 40 1304
37 40 1305
37 40 1306
37 40 1307
37 40 1308
37 40 1309
37 40 1310
37 40 1311
37 40 1312
37 40 1313
37 40 1314
37 40 1315
37 40 1316
37 40 1317
37 40 1318
37 40 1319
37 40 1320
37 40 1321
37 40 1322
37 40 1323
37 40 1324
37 40 1325
37 40 1326
37 40 1327
37 40 1328
37 40 1329
37 40 1330
37 40 1331
37 40 1332
37 40 1333
37 40 1334
37 40 1335
37 40 1336
37 40 1337
37 40 1338
37 40 1339
37 40 1340
37 40 1341
37 40 1342
37 40 1343
37 40 1344
37 40 1345
37 40 1346
37 40 1347
37 40 1348
37 40 1349
37 40 1350
37 40 1351
37 40 1352
37 40 1353
37 40 1354
37 40 1355
37 40 1356
37 40 1357
37 40 1358
37 40 1359
37 40 1360
37 40 1361
37 40 1362
37 40 1363
37 40 1364
37 40 1365
37 40 1366
37 40 1367
37 40 1368
37 40 1369
37 40 1370
37 40 1371
37 40 1372
37 40 1373
37 40 1374
37 40 1375
37 40 1376
37 40 1377
37 40 1378
37 40 1379
37 40 1380
37 40 1381
37 40 1382
37 40 1383
37 40 1384
37 40 1385
37 40 1386
37 40 1387
37 40 1388
37 40 1389
37 40 1390
37 40 1391
37 40 1392
37 40 1393
37 40 1394
37 40 1395
37 40 1396
37 40 1397
37 40 1398
37 40 1399
37 40 1400
37 40 1401
37 40 1402
37 40 1403
37 40 1404
37 40 1405
37 40 1406
37 40 1407
37 40 1408
37 40 1409
37 40 1410
37 40 1411
37 40 1412
37 40 1413
37 40 1414
37 40 1415
37 40 1416
37 40 1417
37 40 1418
37 40 1419
37 40 1420
37 40 1421
37 40 1422
37 40 1423
37 40 1424
37 40 1425
37 40 1426
37 40 1427
37 40 1428
37 40 1429
37 40 1430
37 40 1431
37 40 1432
37 40 1433
37 40 1434
37 40 1435
37 40 1436
37 40 1437
37 40 1438
37 40 1439
37 40 1440
37 40 1441
37 40 1442
37 40 1443
37 40 1444
37 40 1445
37 40 1446
37 40 1447
37 40 1448
37 40 1449
37 40 1450
37 40 1451
37 40 1452
37 40 1453
37 40 1454
37 40 1455
37 40 1456
37 40 1457
37 40 1458
37 40 1459
37 40 1460
37 40 1461
37 40 1462
37 40 1463
37 40 1464
37 40 1465
37 40 1466
37 40 1467
37 40 1468
37 40 1469
37 40 1470
37 40 1471
37 40 1472
37 40 1473
37 40 1474
37 40 1475
37 40 1476
37 40 1477
37 40 1478
37 40 1479
37 40 1480
37 40 1481
37 40 1482
37 40 1483
37 40 1484
37 40 1485
37 40 1486
37 40 1487
37 40 1488
37 40 1489
37 40 1490
37 40 1491
37 40 1492
37 40 1493
37 40 1494
37 40 1495
37 40 1496
37 40 1497
37 40 1498
37 40 1499
37 40 1500
37 40 1501
37 40 1502
37 40 1503
37 40 1504
37 40 1505
37 40 1506
37 40 1507
37 40 1508
37 40 1509
37 40 1510
37 40 1511
37 40 1512
37 40 1513
37 40 1514
37 40 1515
37 40 1516
37 40 1517
37 40 1518
37 40 1519
37 40 1520
37 40 1521
37 40 1522
37 40 1523
37 40 1524
37 40 1525
37 40 1526
37 40 1527
37 40 1528
37 40 1529
37 40 1530
37 40 1531
37 40 1532
37 40 1533
37 40 1534
37 40 1535
37 40 1536
37 40 1537
37 40 1538
37 40 1539
37 40 1540
37 40 1541
37 40 1542
37 40 1543
37 40 1544
37 40 1545
37 40 1546
37 40 1547
37 40 1548
37 40 1549
37 40 1550
37 40 1551
37 40 1552
37 40 1553
37 40 1554
37 40 1555
37 40 1556
37 40 1557
37 40 1558
37 40 1559
37 40 1560
37 40 1561
37 40 1562
37 40 1563
37 40 1564
37 40 1565
37 40 1566
37 40 1567
37 40 1568
37 40 1569
37 40 1570
37 40 1571
37 40 1572
37 40 1573
37 40 1574
37 40 1575
37 40 1576
37 40 1577
37 40 1578
37 40 1579
37 40 1580
37 40 1581
37 40 1582
37 40 1583
37 40 1584
37 40 1585
37 40 1586
37 40 1587
37 40 1588
37 40 1589
37 40 1590
37 40 1591
37 40 1592
37 40 1593
37 40 1594
37 40 1595
37 40 1596
37 40 1597
37 40 1598
37 40 1599
37 40 1600
37 40 1601
37 40 1602
37 40 1603
37 40 1604
37 40 1605
37 40 1606
37 40 1607
37 40 1608
37 40 1609
37 40 1610
37 40 1611
37 40 1612
37 40 1613
37 40 1614
37 40 1615
37 40 1616
37 40 1617
37 40 1618
37 40 1619
37 40 1620
37 40 1621
37 40 1622
37 40 1623
37 40 1624
37 40 1625
37 40 1626
37 40 1627
37 40 1628
37 40 1629
37 40 1630
37 40 1631
37 40 1632
37 40 1633
37 40 1634
37 40 1635
37 40 1636
37 40 1637
37 40 1638
37 40 1639
37 40 1640
37 40 1641
37 40 1642
37 40 1643
37 40 1644
37 40 1645
37 40 1646
37 40 1647
37 40 1648
37 40 1649
37 40 1650
37 40 1651
37 40 1652
37 40 1653
37 40 1654
37 40 1655
37 40 1656
37 40 1657
37 40 1658
37 40 1659
37 40 1660
37 40 1661
37 40 1662
37 40 1663
37 40 1664
37 40 1665
37 40 1666
37 40 1667
37 40 1668
37 40 1669
37 40 1670
37 40 1671
37 40 1672
37 40 1673
37 40 1674
37 40 1675
37 40 1676
37 40 1677
37 40 1678
37 40 1679
37 40 1680
37 40 1681
37 40 1682
37 40 1683
37 40 1684
37 40 1685
37 40 1686
37 40 1687
37 40 1688
37 40 1689
37 40 1690
37 40 1691
37 40 1692
37 40 1693
37 40 1694
37 40 1695
37 40 1696
37 40 1697
37 40 1698
37 40 1699
37 40 1700
37 40 1701
37 40 1702
37 40 1703
37 40 1704
37 40 1705
37 40 1706
37 40 1707
37 40 1708
37 40 1709
37 40 1710
37 40 1711
37 40 1712
37 40 1713
37 40 1714
37 40 1715
37 40 1716
37 40 1717
37 40 1718
37 40 1719
37 40 1720
37 40 1721
37 40 1722
37 40 1723
37 40 1724
37 40 1725
37 40 1726
37 40 1727
37 40 1728
37 40 1729
37 40 1730
37 40 1731
37 40 1732
37 40 1733
37 40 1734
37 40 1735
37 40 1736
37 40 1737
37 40 1738
37 40 1739
37 40 1740
37 40 1741
37 40 1742
37 40 1743
37 40 1744
37 40 1745
37 40 1746
37 40 1747
37 40 1748
37 40 1749
37 40 1750
37 40 1751
37 40 1752
37 40 1753
37 40 1754
37 40 1755
37 40 1756
37 40 1757
37 40 1758
37 40 1759
37 40 1760
37 40 1761
37 40 1762
37 40 1763
37 40 1764
37 40 1765
37 40 1766
37 40 1767
37 40 1768
37 40 1769
37 40 1770
37 40 1771
37 40 1772
37 40 1773
37 40 1774
37 40 1775
37 40 1776
37 40 1777
37 40 1778
37 40 1779
37 40 1780
37 40 1781
37 40 1782
37 40 1783
37 40 1784
37 40 1785
37 40 1786
37 40 1787
37 40 1788
37 40 1789
37 40 1790
37 40 1791
37 40 1792
37 40 1793
37 40 1794
37 40 1795
37 40 1796
37 40 1797
37 40 1798
37 40 1799
37 40 1800
37 40 1801
37 40 1802
37 40 1803
37 40 1804
37 40 1805
37 40 1806
37 40 1807
37 40 1808
37 40 1809
37 40 1810
37 40 1811
37 40 1812
37 40 1813
37 40 1814
37 40 1815
37 40 1816
37 40 1817
37 40 1818
37 40 1819
37 40 1820
37 40 1821
37 40 1822
37 40 1823
37 40 1824
37 40 1825
37 40 1826
37 40 1827
37 40 1828
37 40 1829
37 40 1830
37 40 1831
37 40 1832
37 40 1833
37 40 1834
37 40 1835
37 40 1836
37 40 1837
37 40 1838
37 40 1839
37 40 1840
37 40 1841
37 40 1842
37 40 1843
37 40 1844
37 40 1845
37 40 1846
37 40 1847
37 40 1848
37 40 1849
37 40 1850
37 40 1851
37 40 1852
37 40 1853
37 40 1854
37 40 1855
37 40 1856
37 40 1857
37 40 1858
37 40 1859
37 40 1860
37 40 1861
37 40 1862
37 40 1863
37 40 1864
37 40 1865
37 40 1866
37 40 1867
37 40 1868
37 40 1869
37 40 1870
37 40 1871
37 40 1872
37 40 1873
37 40 1874
37 40 1875
37 40 1876
37 40 1877
37 40 1878
37 40 1879
37 40 1880
37 40 1881
37 40 1882
37 40 1883
37 40 1884
37 40 1885
37 40 1886
37 40 1887
37 40 1888
37 40 1889
37 40 1890
37 40 1891
37 40 1892
37 40 1893
37 40 1894
37 40 1895
37 40 1896
37 40 1897
37 40 1898
37 40 1899
37 40 1900
37 40 1901
37 40 1902
37 40 1903
37 40 1904
37 40 1905
37 40 1906
37 40 1907
37 40 1908
37 40 1909
37 40 1910
37 40 1911
37 40 1912
37 40 1913
37 40 1914
37 40 1915
37 40 1916
37 40 1917
37 40 1918
37 40 1919
37 40 1920
37 40 1921
37 40 1922
37 40 1923
37 40 1924
37 40 1925
37 40 1926
37 40 1927
37 40 1928
37 40 1929
37 40 1930
37 40 1931
37 40 1932
37 40 1933
37 40 1934
37 40 1935
37 40 1936
37 40 1937
37 40 1938
37 40 1939
37 40 1940
37 40 1941
37 40 1942
37 40 1943
37 40 1944
37 40 1945
37 40 1946
37 40 1947
37 40 1948
37 40 1949
37 40 1950
37 40 1951
37 40 1952
37 40 1953
37 40 1954
37 40 1955
37 40 1956
37 40 1957
37 40 1958
37 40 1959
37 40 1960
37 40 1961
37 40 1962
37 40 1963
37 40 1964
37 40 1965
37 40 1966
37 40 1967
37 40 1968
37 40 1969
37 40 1970
37 40 1971
37 40 1972
37 40 1973
37 40 1974
37 40 1975
37 40 1976
37 40 1977
37 40 1978
37 40 1979
37 40 1980
37 40 1981
37 40 1982
37 40 1983
37 40 1984
37 40 1985
37 40 1986
37 40 1987
37 40 1988
37 40 1989
37 40 1990
37 40 1991
37 40 1992
37 40 1993
37 40 1994
37 40 1995
37 40 1996
37 40 1997
37 40 1998
37 40 1999
37 40 2000
37 40 2001
37 40 2002
37 40 2003
37 40 2004
37 40 2005
37 40 2006
37 40 2007
37 40 2008
37 40 2009
37 40 2010
37 40 2011
37 40 2012
37 40 2013
37 40 2014
37 40 2015
37 40 2016
37 40 2017
37 40 2018
37 40 2019
37 40 2020
37 40 2021
37 40 2022
37 40 2023
37 40 2024
37 40 2025
37 40 2026
37 40 2027
37 40 2028
37 40 2029
37 40 2030
37 40 2031
37 40 2032
37 40 2033
37 40 2034
37 40 2035
37 40 2036
37 40 2037
37 40 2038
37 40 2039
37 40 2040
37 40 2041
37 40 2042
37 40 2043
37 40 2044
37 40 2045
37 40 2046
37 40 2047
37 40 2048
37 40 2049
37 40 2050
37 40 2051
37 40 2052
37 40 2053
37 40 2054
37 40 2055
37 40 2056
37 40 2057
37 40 2058
37 40 2059
37 40 2060
37 40 2061
37 40 2062
37 40 2063
37 40 2064
37 40 2065
37 40 2066
37 40 2067
37 40 2068
37 40 2069
37 40 2070
37 40 2071
37 40 2072
37 40 2073
37 40 2074
37 40 2075
37 40 2076
37 40 2077
37 40 2078
37 40 2079
37 40 2080
37 40 2081
37 40 2082
37 40 2083
37 40 2084
37 40 2085
37 40 2086
37 40 2087
37 40 2088
37 40 2089
37 40 2090
37 40 2091
37 40 2092
37 40 2093
37 40 2094
37 40 2095
37 40 2096
37 40 2097
37 40 2098
37 40 2099
37 40 2100
37 40 2101
37 40 2102
37 40 2103
37 40 2104
37 40 2105
37 40 2106
37 40 2107
37 40 2108
37 40 2109
37 40 2110
37 40 2111
37 40 2112
37 40 2113
37 40 2114
37 40 2115
37 40 2116
37 40 2117
37 40 2118
37 40 2119
37 40 2120
37 40 2121
37 40 2122
37 40 2123
37 40 2124
37 40 2125
37 40 2126
37 40 2127
37 40 2128
37 40 2129
37 40 2130
37 40 2131
37 40 2132
37 40 2133
37 40 2134
37 40 2135
37 40 2136
37 40 2137
37 40 2138
37 40 2139
37 40 2140
37 40 2141
37 40 2142
37 40 2143
37 40 2144
37 40 2145
37 40 2146
37 40 2147
37 40 2148
37 40 2149
37 40 2150
37 40 2151
37 40 2152
37 40 2153
37 40 2154
37 40 2155
37 40 2156
37 40 2157
37 40 2158
37 40 2159
37 40 2160
37 40 2161
37 40 2162
37 40 2163
37 40 2164
37 40 2165
37 40 2166
37 40 2167
37 40 2168
37 40 2169
37 40 2170
37 40 2171
37 40 2172
37 40 2173
37 40 2174
37 40 2175
37 40 2176
37 40 2177
37 40 2178
37 40 2179
37 40 2180
37 40 2181
37 40 2182
37 40 2183
37 40 2184
37 40 2185
37 40 2186
37 40 2187
37 40 2188
37 40 2189
37 40 2190
37 40 2191
37 40 2192
37 40 2193
37 40 2194
37 40 2195
37 40 2196
37 40 2197
37 40 2198
37 40 2199
37 40 2200
37 40 2201
37 40 2202
37 40 2203
37 40 2204
37 40 2205
37 40 2206
37 40 2207
37 40 2208
37 40 2209
37 40 2210
37 40 2211
37 40 2212
37 40 2213
37 40 2214
37 40 2215
37 40 2216
37 40 2217
37 40 2218
37 40 2219
37 40 2220
37 40 2221
37 40 2222
37 40 2223
37 40 2224
37 40 2225
37 40 2226
37 40 2227
37 40 2228
37 40 2229
37 40 2230
37 40 2231
37 40 2232
37 40 2233
37 40 2234
37 40 2235
37 40 2236
37 40 2237
37 40 2238
37 40 2239
37 40 2240
37 40 2241
37 40 2242
37 40 2243
37 40 2244
37 40 2245
37 40 2246
37 40 2247
37 40 2248
37 40 2249
37 40 2250
37 40 2251
37 40 2252
37 40 2253
37 40 2254
37 40 2255
37 40 2256
37 40 2257
37 40 2258
37 40 2259
37 40 2260
37 40 2261
37 40 2262
37 40 2263
37 40 2264
37 40 2265
37 40 2266
37 40 2267
37 40 2268
37 40 2269
37 40 2270
37 40 2271
37 40 2272
37 40 2273
37 40 2274
37 40 2275
37 40 2276
37 40 2277
37 40 2278
37 40 2279
37 40 2280
37 40 2281
37 40 2282
37 40 2283
37 40 2284
37 40 2285
37 40 2286
37 40 2287
37 40 2288
37 40 2289
37 40 2290
37 40 2291
37 40 2292
37 40 2293
37 40 2294
37 40 2295
37 40 2296
37 40 2297
37 40 2298
37 40 2299
37 40 2300
37 40 2301
37 40 2302
37 40 2303
37 40 2304
37 40 2305
37 40 2306
37 40 2307
37 40 2308
37 40 2309
37 40 2310
37 40 2311
37 40 2312
37 40 2313
37 40 2314
37 40 2315
37 40 2316
37 40 2317
37 40 2318
37 40 2319
37 40 2320
37 40 2321
37 40 2322
37 40 2323
37 40 2324
37 40 2325
37 40 2326
37 40 2327
37 40 2328
37 40 2329
37 40 2330
37 40 2331
37 40 2332
37 40 2333
37 40 2334
37 40 2335
37 40 2336
37 40 2337
37 40 2338
37 40 2339
37 40 2340
37 40 2341
37 40 2342
37 40 2343
37 40 2344
37 40 2345
37 40 2346
37 40 2347
37 40 2348
37 40 2349
37 40 2350
37 40 2351
37 40 2352
37 40 2353
37 40 2354
37 40 2355
37 40 2356
37 40 2357
37 40 2358
37 40 2359
37 40 2360
37 40 2361
37 40 2362
37 40 2363
37 40 2364
37 40 2365
37 40 2366
37 40 2367
37 40 2368
37 40 2369
37 40 2370
37 40 2371
37 40 2372
37 40 2373
37 40 2374
37 40 2375
37 40 2376
37 40 2377
37 40 2378
37 40 2379
37 40 2380
37 40 2381
37 40 2382
37 40 2383
37 40 2384
37 40 2385
37 40 2386
37 40 2387
37 40 2388
37 40 2389
37 40 2390
37 40 2391
37 40 2392
37 40 2393
37 40 2394
37 40 2395
37 40 2396
37 40 2397
37 40 2398
37 40 2399
37 40 2400
37 40 2401
37 40 2402
37 40 2403
37 40 2404
37 40 2405
37 40 2406
37 40 2407
37 40 2408
37 40 2409
37 40 2410
37 40 2411
37 40 2412
37 40 2413
37 40 2414
37 40 2415
37 40 2416
37 40 2417
37 40 2418
37 40 2419
37 40 2420
37 40 2421
37 40 2422
37 40 2423
37 40 2424
37 40 2425
37 40 2426
37 40 2427
37 40 2428
37 40 2429
37 40 2430
37 40 2431
37 40 2432
37 40 2433
37 40 2434
37 40 2435
37 40 2436
37 40 2437
37 40 2438
37 40 2439
37 40 2440
37 40 2441
37 40 2442
37 40 2443
37 40 2444
37 40 2445
37 40 2446
37 40 2447
37 40 2448
37 40 2449
37 40 2450
37 40 2451
37 40 2452
37 40 2453
37 40 2454
37 40 2455
37 40 2456
37 40 2457
