19 33 1
19 33 2
19 33 3
19 33 4
19 33 5
19 33 6
19 33 7
19 33 8
19 33 9
19 33 10
19 33 11
19 33 12
19 33 13
19 33 14
19 33 15
19 33 16
19 33 17
19 33 18
19 33 19
19 33 20
19 33 21
19 33 22
19 33 23
19 33 24
19 33 25
19 33 26
19 33 27
19 33 28
19 33 29
19 33 30
19 33 31
19 33 32
19 33 33
19 33 34
19 33 35
19 33 36
19 33 37
19 33 38
19 33 39
19 33 40
19 33 41
19 33 42
19 33 43
19 33 44
19 33 45
19 33 46
19 33 47
19 33 48
19 33 49
19 33 50
19 33 51
19 33 52
19 33 53
19 33 54
19 33 55
19 33 56
19 33 57
19 33 58
19 33 59
19 33 60
19 33 61
19 33 62
19 33 63
19 33 64
19 33 65
19 33 66
19 33 67
19 33 68
19 33 69
19 33 70
19 33 71
19 33 72
19 33 73
19 33 74
19 33 75
19 33 76
19 33 77
19 33 78
19 33 79
19 33 80
19 33 81
19 33 82
19 33 83
19 33 84
19 33 85
19 33 86
19 33 87
19 33 88
19 33 89
19 33 90
19 33 91
19 33 92
19 33 93
19 33 94
19 33 95
19 33 96
19 33 97
19 33 98
19 33 99
19 33 100
19 33 101
19 33 102
19 33 103
19 33 104
19 33 105
19 33 106
19 33 107
19 33 108
19 33 109
19 33 110
19 33 111
19 33 112
19 33 113
19 33 114
19 33 115
19 33 116
19 33 117
19 33 118
19 33 119
19 33 120
19 33 121
19 33 122
19 33 123
19 33 124
19 33 125
19 33 126
19 33 127
19 33 128
19 33 129
19 33 130
19 33 131
19 33 132
19 33 133
19 33 134
19 33 135
19 33 136
19 33 137
19 33 138
19 33 139
19 33 140
19 33 141
19 33 142
19 33 143
19 33 144
19 33 145
19 33 146
19 33 147
19 33 148
19 33 149
19 33 150
19 33 151
19 33 152
19 33 153
19 33 154
19 33 155
19 33 156
19 33 157
19 33 158
19 33 159
19 33 160
19 33 161
19 33 162
19 33 163
19 33 164
19 33 165
19 33 166
19 33 167
19 33 168
19 33 169
19 33 170
19 33 171
19 33 172
19 33 173
19 33 174
19 33 175
19 33 176
19 33 177
19 33 178
19 33 179
19 33 180
19 33 181
19 33 182
19 33 183
19 33 184
19 33 185
19 33 186
19 33 187
19 33 188
19 33 189
19 33 190
19 33 191
19 33 192
19 33 193
19 33 194
19 33 195
19 33 196
19 33 197
19 33 198
19 33 199
19 33 200
19 33 201
19 33 202
19 33 203
19 33 204
19 33 205
19 33 206
19 33 207
19 33 208
19 33 209
19 33 210
19 33 211
19 33 212
19 33 213
19 33 214
19 33 215
19 33 216
19 33 217
19 33 218
19 33 219
19 33 220
19 33 221
19 33 222
19 33 223
19 33 224
19 33 225
19 33 226
19 33 227
19 33 228
19 33 229
19 33 230
19 33 231
19 33 232
19 33 233
19 33 234
19 33 235
19 33 236
19 33 237
19 33 238
19 33 239
19 33 240
19 33 241
19 33 242
19 33 243
19 33 244
19 33 245
19 33 246
19 33 247
19 33 248
19 33 249
19 33 250
19 33 251
19 33 252
19 33 253
19 33 254
19 33 255
19 33 256
19 33 257
19 33 258
19 33 259
19 33 260
19 33 261
19 33 262
19 33 263
19 33 264
19 33 265
19 33 266
19 33 267
19 33 268
19 33 269
19 33 270
19 33 271
19 33 272
19 33 273
19 33 274
19 33 275
19 33 276
19 33 277
19 33 278
19 33 279
19 33 280
19 33 281
19 33 282
19 33 283
19 33 284
19 33 285
19 33 286
19 33 287
19 33 288
19 33 289
19 33 290
19 33 291
19 33 292
19 33 293
19 33 294
19 33 295
19 33 296
19 33 297
19 33 298
19 33 299
19 33 300
19 33 301
19 33 302
19 33 303
19 33 304
19 33 305
19 33 306
19 33 307
19 33 308
19 33 309
19 33 310
19 33 311
19 33 312
19 33 313
19 33 314
19 33 315
19 33 316
19 33 317
19 33 318
19 33 319
19 33 320
19 33 321
19 33 322
19 33 323
19 33 324
19 33 325
19 33 326
19 33 327
19 33 328
19 33 329
19 33 330
19 33 331
19 33 332
19 33 333
19 33 334
19 33 335
19 33 336
19 33 337
19 33 338
19 33 339
19 33 340
19 33 341
19 33 342
19 33 343
19 33 344
19 33 345
19 33 346
19 33 347
19 33 348
19 33 349
19 33 350
19 33 351
19 33 352
19 33 353
19 33 354
19 33 355
19 33 356
19 33 357
19 33 358
19 33 359
19 33 360
19 33 361
19 33 362
19 33 363
19 33 364
19 33 365
19 33 366
19 33 367
19 33 368
19 33 369
19 33 370
19 33 371
19 33 372
19 33 373
19 33 374
19 33 375
19 33 376
19 33 377
19 33 378
19 33 379
19 33 380
19 33 381
19 33 382
19 33 383
19 33 384
19 33 385
19 33 386
19 33 387
19 33 388
19 33 389
19 33 390
19 33 391
19 33 392
19 33 393
19 33 394
19 33 395
19 33 396
19 33 397
19 33 398
19 33 399
19 33 400
19 33 401
19 33 402
19 33 403
19 33 404
19 33 405
19 33 406
19 33 407
19 33 408
19 33 409
19 33 410
19 33 411
19 33 412
19 33 413
19 33 414
19 33 415
19 33 416
19 33 417
19 33 418
19 33 419
19 33 420
19 33 421
19 33 422
19 33 423
19 33 424
19 33 425
19 33 426
19 33 427
19 33 428
19 33 429
19 33 430
19 33 431
19 33 432
19 33 433
19 33 434
19 33 435
19 33 436
19 33 437
19 33 438
19 33 439
19 33 440
19 33 441
19 33 442
19 33 443
19 33 444
19 33 445
19 33 446
19 33 447
19 33 448
19 33 449
19 33 450
19 33 451
19 33 452
19 33 453
19 33 454
19 33 455
19 33 456
19 33 457
19 33 458
19 33 459
19 33 460
19 33 461
19 33 462
19 33 463
19 33 464
19 33 465
19 33 466
19 33 467
19 33 468
19 33 469
19 33 470
19 33 471
19 33 472
19 33 473
19 33 474
19 33 475
19 33 476
19 33 477
19 33 478
19 33 479
19 33 480
19 33 481
19 33 482
19 33 483
19 33 484
19 33 485
19 33 486
19 33 487
19 33 488
19 33 489
19 33 490
19 33 491
19 33 492
19 33 493
19 33 494
19 33 495
19 33 496
19 33 497
19 33 498
19 33 499
19 33 500
19 33 501
19 33 502
19 33 503
19 33 504
19 33 505
19 33 506
19 33 507
19 33 508
19 33 509
19 33 510
19 33 511
19 33 512
19 33 513
19 33 514
19 33 515
19 33 516
19 33 517
19 33 518
19 33 519
19 33 520
19 33 521
19 33 522
19 33 523
19 33 524
19 33 525
19 33 526
19 33 527
19 33 528
19 33 529
19 33 530
19 33 531
19 33 532
19 33 533
19 33 534
19 33 535
19 33 536
19 33 537
19 33 538
19 33 539
19 33 540
19 33 541
19 33 542
19 33 543
19 33 544
19 33 545
19 33 546
19 33 547
19 33 548
19 33 549
19 33 550
19 33 551
19 33 552
19 33 553
19 33 554
19 33 555
19 33 556
19 33 557
19 33 558
19 33 559
19 33 560
19 33 561
19 33 562
19 33 563
19 33 564
19 33 565
19 33 566
19 33 567
19 33 568
19 33 569
19 33 570
19 33 571
19 33 572
19 33 573
19 33 574
19 33 575
19 33 576
19 33 577
19 33 578
19 33 579
19 33 580
19 33 581
19 33 582
19 33 583
19 33 584
19 33 585
19 33 586
19 33 587
19 33 588
19 33 589
19 33 590
19 33 591
19 33 592
19 33 593
19 33 594
19 33 595
19 33 596
19 33 597
19 33 598
19 33 599
19 33 600
19 33 601
19 33 602
19 33 603
19 33 604
19 33 605
19 33 606
19 33 607
19 33 608
19 33 609
19 33 610
19 33 611
19 33 612
19 33 613
19 33 614
19 33 615
19 33 616
19 33 617
19 33 618
19 33 619
19 33 620
19 33 621
19 33 622
19 33 623
19 33 624
19 33 625
19 33 626
19 33 627
19 33 628
19 33 629
19 33 630
19 33 631
19 33 632
19 33 633
19 33 634
19 33 635
19 33 636
19 33 637
19 33 638
19 33 639
19 33 640
19 33 641
19 33 642
19 33 643
19 33 644
19 33 645
19 33 646
19 33 647
19 33 648
19 33 649
19 33 650
19 33 651
19 33 652
19 33 653
19 33 654
19 33 655
19 33 656
19 33 657
19 33 658
19 33 659
19 33 660
19 33 661
19 33 662
19 33 663
19 33 664
19 33 665
19 33 666
19 33 667
19 33 668
19 33 669
19 33 670
19 33 671
19 33 672
19 33 673
19 33 674
19 33 675
19 33 676
19 33 677
19 33 678
19 33 679
19 33 680
19 33 681
19 33 682
19 33 683
19 33 684
19 33 685
19 33 686
19 33 687
19 33 688
19 33 689
19 33 690
19 33 691
19 33 692
19 33 693
19 33 694
19 33 695
19 33 696
19 33 697
19 33 698
19 33 699
19 33 700
19 33 701
19 33 702
19 33 703
19 33 704
19 33 705
19 33 706
19 33 707
19 33 708
19 33 709
19 33 710
19 33 711
19 33 712
19 33 713
19 33 714
19 33 715
19 33 716
19 33 717
19 33 718
19 33 719
19 33 720
19 33 721
19 33 722
19 33 723
19 33 724
19 33 725
19 33 726
19 33 727
19 33 728
19 33 729
19 33 730
19 33 731
19 33 732
19 33 733
19 33 734
19 33 735
19 33 736
19 33 737
19 33 738
19 33 739
19 33 740
19 33 741
19 33 742
19 33 743
19 33 744
19 33 745
19 33 746
19 33 747
19 33 748
19 33 749
19 33 750
19 33 751
19 33 752
19 33 753
19 33 754
19 33 755
19 33 756
19 33 757
19 33 758
19 33 759
19 33 760
19 33 761
19 33 762
19 33 763
19 33 764
19 33 765
19 33 766
19 33 767
19 33 768
19 33 769
19 33 770
19 33 771
19 33 772
19 33 773
19 33 774
19 33 775
19 33 776
19 33 777
19 33 778
19 33 779
19 33 780
19 33 781
19 33 782
19 33 783
19 33 784
19 33 785
19 33 786
19 33 787
19 33 788
19 33 789
19 33 790
19 33 791
19 33 792
19 33 793
19 33 794
19 33 795
19 33 796
19 33 797
19 33 798
19 33 799
19 33 800
19 33 801
19 33 802
19 33 803
19 33 804
19 33 805
19 33 806
19 33 807
19 33 808
19 33 809
19 33 810
19 33 811
19 33 812
19 33 813
19 33 814
19 33 815
19 33 816
19 33 817
19 33 818
19 33 819
19 33 820
19 33 821
19 33 822
19 33 823
19 33 824
19 33 825
19 33 826
19 33 827
19 33 828
19 33 829
19 33 830
19 33 831
19 33 832
19 33 833
19 33 834
19 33 835
19 33 836
19 33 837
19 33 838
19 33 839
19 33 840
19 33 841
19 33 842
19 33 843
19 33 844
19 33 845
19 33 846
19 33 847
19 33 848
19 33 849
19 33 850
19 33 851
19 33 852
19 33 853
19 33 854
19 33 855
19 33 856
19 33 857
19 33 858
19 33 859
19 33 860
19 33 861
19 33 862
19 33 863
19 33 864
19 33 865
19 33 866
19 33 867
19 33 868
19 33 869
19 33 870
19 33 871
19 33 872
19 33 873
19 33 874
19 33 875
19 33 876
19 33 877
19 33 878
19 33 879
19 33 880
19 33 881
19 33 882
19 33 883
19 33 884
19 33 885
19 33 886
19 33 887
19 33 888
19 33 889
19 33 890
19 33 891
19 33 892
19 33 893
19 33 894
19 33 895
19 33 896
19 33 897
19 33 898
19 33 899
19 33 900
19 33 901
19 33 902
19 33 903
19 33 904
19 33 905
19 33 906
19 33 907
19 33 908
19 33 909
19 33 910
19 33 911
19 33 912
19 33 913
19 33 914
19 33 915
19 33 916
19 33 917
19 33 918
19 33 919
19 33 920
19 33 921
19 33 922
19 33 923
19 33 924
19 33 925
19 33 926
19 33 927
19 33 928
19 33 929
19 33 930
19 33 931
19 33 932
19 33 933
19 33 934
19 33 935
19 33 936
19 33 937
19 33 938
19 33 939
19 33 940
19 33 941
19 33 942
19 33 943
19 33 944
19 33 945
19 33 946
19 33 947
19 33 948
19 33 949
19 33 950
19 33 951
19 33 952
19 33 953
19 33 954
19 33 955
19 33 956
19 33 957
19 33 958
19 33 959
19 33 960
19 33 961
19 33 962
19 33 963
19 33 964
19 33 965
19 33 966
19 33 967
19 33 968
19 33 969
19 33 970
19 33 971
19 33 972
19 33 973
19 33 974
19 33 975
19 33 976
19 33 977
19 33 978
19 33 979
19 33 980
19 33 981
19 33 982
19 33 983
19 33 984
19 33 985
19 33 986
19 33 987
19 33 988
19 33 989
19 33 990
19 33 991
19 33 992
19 33 993
19 33 994
19 33 995
19 33 996
19 33 997
19 33 998
19 33 999
19 33 1000
19 33 1001
19 33 1002
19 33 1003
19 33 1004
19 33 1005
19 33 1006
19 33 1007
19 33 1008
19 33 1009
19 33 1010
19 33 1011
19 33 1012
19 33 1013
19 33 1014
19 33 1015
19 33 1016
19 33 1017
19 33 1018
19 33 1019
19 33 1020
19 33 1021
19 33 1022
19 33 1023
19 33 1024
19 33 1025
19 33 1026
19 33 1027
19 33 1028
19 33 1029
19 33 1030
19 33 1031
19 33 1032
19 33 1033
19 33 1034
19 33 1035
19 33 1036
19 33 1037
19 33 1038
19 33 1039
19 33 1040
19 33 1041
19 33 1042
19 33 1043
19 33 1044
19 33 1045
19 33 1046
19 33 1047
19 33 1048
19 33 1049
19 33 1050
19 33 1051
19 33 1052
19 33 1053
19 33 1054
19 33 1055
19 33 1056
19 33 1057
19 33 1058
19 33 1059
19 33 1060
19 33 1061
19 33 1062
19 33 1063
19 33 1064
19 33 1065
19 33 1066
19 33 1067
19 33 1068
19 33 1069
19 33 1070
19 33 1071
19 33 1072
19 33 1073
19 33 1074
19 33 1075
19 33 1076
19 33 1077
19 33 1078
19 33 1079
19 33 1080
19 33 1081
19 33 1082
19 33 1083
19 33 1084
19 33 1085
19 33 1086
19 33 1087
19 33 1088
19 33 1089
19 33 1090
19 33 1091
19 33 1092
19 33 1093
19 33 1094
19 33 1095
19 33 1096
19 33 1097
19 33 1098
19 33 1099
19 33 1100
19 33 1101
19 33 1102
19 33 1103
19 33 1104
19 33 1105
19 33 1106
19 33 1107
19 33 1108
19 33 1109
19 33 1110
19 33 1111
19 33 1112
19 33 1113
19 33 1114
19 33 1115
19 33 1116
19 33 1117
19 33 1118
19 33 1119
19 33 1120
19 33 1121
19 33 1122
19 33 1123
19 33 1124
19 33 1125
19 33 1126
19 33 1127
19 33 1128
19 33 1129
19 33 1130
19 33 1131
19 33 1132
19 33 1133
19 33 1134
19 33 1135
19 33 1136
19 33 1137
19 33 1138
19 33 1139
19 33 1140
19 33 1141
19 33 1142
19 33 1143
19 33 1144
19 33 1145
19 33 1146
19 33 1147
19 33 1148
19 33 1149
19 33 1150
19 33 1151
19 33 1152
19 33 1153
19 33 1154
19 33 1155
19 33 1156
19 33 1157
19 33 1158
19 33 1159
19 33 1160
19 33 1161
19 33 1162
19 33 1163
19 33 1164
19 33 1165
19 33 1166
19 33 1167
19 33 1168
19 33 1169
19 33 1170
19 33 1171
19 33 1172
19 33 1173
19 33 1174
19 33 1175
19 33 1176
19 33 1177
19 33 1178
19 33 1179
19 33 1180
19 33 1181
19 33 1182
19 33 1183
19 33 1184
19 33 1185
19 33 1186
19 33 1187
19 33 1188
19 33 1189
19 33 1190
19 33 1191
19 33 1192
19 33 1193
19 33 1194
19 33 1195
19 33 1196
19 33 1197
19 33 1198
19 33 1199
19 33 1200
19 33 1201
19 33 1202
19 33 1203
19 33 1204
19 33 1205
19 33 1206
19 33 1207
19 33 1208
19 33 1209
19 33 1210
19 33 1211
19 33 1212
19 33 1213
19 33 1214
19 33 1215
19 33 1216
19 33 1217
19 33 1218
19 33 1219
19 33 1220
19 33 1221
19 33 1222
19 33 1223
19 33 1224
19 33 1225
19 33 1226
19 33 1227
19 33 1228
19 33 1229
19 33 1230
19 33 1231
19 33 1232
19 33 1233
19 33 1234
19 33 1235
19 33 1236
19 33 1237
19 33 1238
19 33 1239
19 33 1240
19 33 1241
19 33 1242
19 33 1243
19 33 1244
19 33 1245
19 33 1246
19 33 1247
19 33 1248
19 33 1249
19 33 1250
19 33 1251
19 33 1252
19 33 1253
19 33 1254
19 33 1255
19 33 1256
19 33 1257
19 33 1258
19 33 1259
19 33 1260
19 33 1261
19 33 1262
19 33 1263
19 33 1264
19 33 1265
19 33 1266
19 33 1267
19 33 1268
19 33 1269
19 33 1270
19 33 1271
19 33 1272
19 33 1273
19 33 1274
19 33 1275
19 33 1276
19 33 1277
19 33 1278
19 33 1279
19 33 1280
19 33 1281
19 33 1282
19 33 1283
19 33 1284
19 33 1285
19 33 1286
19 33 1287
19 33 1288
19 33 1289
19 33 1290
19 33 1291
19 33 1292
19 33 1293
19 33 1294
19 33 1295
19 33 1296
19 33 1297
19 33 1298
19 33 1299
19 33 1300
19 33 1301
19 33 1302
19 33 1303
19 33 1304
19 33 1305
19 33 1306
19 33 1307
19 33 1308
19 33 1309
19 33 1310
19 33 1311
19 33 1312
19 33 1313
19 33 1314
19 33 1315
19 33 1316
19 33 1317
19 33 1318
19 33 1319
19 33 1320
19 33 1321
19 33 1322
19 33 1323
19 33 1324
19 33 1325
19 33 1326
19 33 1327
19 33 1328
19 33 1329
19 33 1330
19 33 1331
19 33 1332
19 33 1333
19 33 1334
19 33 1335
19 33 1336
19 33 1337
19 33 1338
19 33 1339
19 33 1340
19 33 1341
19 33 1342
19 33 1343
19 33 1344
19 33 1345
19 33 1346
19 33 1347
19 33 1348
19 33 1349
19 33 1350
19 33 1351
19 33 1352
19 33 1353
19 33 1354
19 33 1355
19 33 1356
19 33 1357
19 33 1358
19 33 1359
19 33 1360
19 33 1361
19 33 1362
19 33 1363
19 33 1364
19 33 1365
19 33 1366
19 33 1367
19 33 1368
19 33 1369
19 33 1370
19 33 1371
19 33 1372
19 33 1373
19 33 1374
19 33 1375
19 33 1376
19 33 1377
19 33 1378
19 33 1379
19 33 1380
19 33 1381
19 33 1382
19 33 1383
19 33 1384
19 33 1385
19 33 1386
19 33 1387
19 33 1388
19 33 1389
19 33 1390
19 33 1391
19 33 1392
19 33 1393
19 33 1394
19 33 1395
19 33 1396
19 33 1397
19 33 1398
19 33 1399
19 33 1400
19 33 1401
19 33 1402
19 33 1403
19 33 1404
19 33 1405
19 33 1406
19 33 1407
19 33 1408
19 33 1409
19 33 1410
19 33 1411
19 33 1412
19 33 1413
19 33 1414
19 33 1415
19 33 1416
19 33 1417
19 33 1418
19 33 1419
19 33 1420
19 33 1421
19 33 1422
19 33 1423
19 33 1424
19 33 1425
19 33 1426
19 33 1427
19 33 1428
19 33 1429
19 33 1430
19 33 1431
19 33 1432
19 33 1433
19 33 1434
19 33 1435
19 33 1436
19 33 1437
19 33 1438
19 33 1439
19 33 1440
19 33 1441
19 33 1442
19 33 1443
19 33 1444
19 33 1445
19 33 1446
19 33 1447
19 33 1448
19 33 1449
19 33 1450
19 33 1451
19 33 1452
19 33 1453
19 33 1454
19 33 1455
19 33 1456
19 33 1457
19 33 1458
19 33 1459
19 33 1460
19 33 1461
19 33 1462
19 33 1463
19 33 1464
19 33 1465
19 33 1466
19 33 1467
19 33 1468
19 33 1469
19 33 1470
19 33 1471
19 33 1472
19 33 1473
19 33 1474
19 33 1475
19 33 1476
19 33 1477
19 33 1478
19 33 1479
19 33 1480
19 33 1481
19 33 1482
19 33 1483
19 33 1484
19 33 1485
19 33 1486
19 33 1487
19 33 1488
19 33 1489
19 33 1490
19 33 1491
19 33 1492
19 33 1493
19 33 1494
19 33 1495
19 33 1496
19 33 1497
19 33 1498
19 33 1499
19 33 1500
19 33 1501
19 33 1502
19 33 1503
19 33 1504
19 33 1505
19 33 1506
19 33 1507
19 33 1508
19 33 1509
19 33 1510
19 33 1511
19 33 1512
19 33 1513
19 33 1514
19 33 1515
19 33 1516
19 33 1517
19 33 1518
19 33 1519
19 33 1520
19 33 1521
19 33 1522
19 33 1523
19 33 1524
19 33 1525
19 33 1526
19 33 1527
19 33 1528
19 33 1529
19 33 1530
19 33 1531
19 33 1532
19 33 1533
19 33 1534
19 33 1535
19 33 1536
19 33 1537
19 33 1538
19 33 1539
19 33 1540
19 33 1541
19 33 1542
19 33 1543
19 33 1544
19 33 1545
19 33 1546
19 33 1547
19 33 1548
19 33 1549
19 33 1550
19 33 1551
19 33 1552
19 33 1553
19 33 1554
19 33 1555
19 33 1556
19 33 1557
19 33 1558
19 33 1559
19 33 1560
19 33 1561
19 33 1562
19 33 1563
19 33 1564
19 33 1565
19 33 1566
19 33 1567
19 33 1568
19 33 1569
19 33 1570
19 33 1571
19 33 1572
19 33 1573
19 33 1574
19 33 1575
19 33 1576
19 33 1577
19 33 1578
19 33 1579
19 33 1580
19 33 1581
19 33 1582
19 33 1583
19 33 1584
19 33 1585
19 33 1586
19 33 1587
19 33 1588
19 33 1589
19 33 1590
19 33 1591
19 33 1592
19 33 1593
19 33 1594
19 33 1595
19 33 1596
19 33 1597
19 33 1598
19 33 1599
19 33 1600
19 33 1601
19 33 1602
19 33 1603
19 33 1604
19 33 1605
19 33 1606
19 33 1607
19 33 1608
19 33 1609
19 33 1610
19 33 1611
19 33 1612
19 33 1613
19 33 1614
19 33 1615
19 33 1616
19 33 1617
19 33 1618
19 33 1619
19 33 1620
19 33 1621
19 33 1622
19 33 1623
19 33 1624
19 33 1625
19 33 1626
19 33 1627
19 33 1628
19 33 1629
19 33 1630
19 33 1631
19 33 1632
19 33 1633
19 33 1634
19 33 1635
19 33 1636
19 33 1637
19 33 1638
19 33 1639
19 33 1640
19 33 1641
19 33 1642
19 33 1643
19 33 1644
19 33 1645
19 33 1646
19 33 1647
19 33 1648
19 33 1649
19 33 1650
19 33 1651
19 33 1652
19 33 1653
19 33 1654
19 33 1655
19 33 1656
19 33 1657
19 33 1658
19 33 1659
19 33 1660
19 33 1661
19 33 1662
19 33 1663
19 33 1664
19 33 1665
19 33 1666
19 33 1667
19 33 1668
19 33 1669
19 33 1670
19 33 1671
19 33 1672
19 33 1673
19 33 1674
19 33 1675
19 33 1676
19 33 1677
19 33 1678
19 33 1679
19 33 1680
19 33 1681
19 33 1682
19 33 1683
19 33 1684
19 33 1685
19 33 1686
19 33 1687
19 33 1688
19 33 1689
19 33 1690
19 33 1691
19 33 1692
19 33 1693
19 33 1694
19 33 1695
19 33 1696
19 33 1697
19 33 1698
19 33 1699
19 33 1700
19 33 1701
19 33 1702
19 33 1703
19 33 1704
19 33 1705
19 33 1706
19 33 1707
19 33 1708
19 33 1709
19 33 1710
19 33 1711
19 33 1712
19 33 1713
19 33 1714
19 33 1715
19 33 1716
19 33 1717
19 33 1718
19 33 1719
19 33 1720
19 33 1721
19 33 1722
19 33 1723
19 33 1724
19 33 1725
19 33 1726
19 33 1727
19 33 1728
19 33 1729
19 33 1730
19 33 1731
19 33 1732
19 33 1733
19 33 1734
19 33 1735
19 33 1736
19 33 1737
19 33 1738
19 33 1739
19 33 1740
19 33 1741
19 33 1742
19 33 1743
19 33 1744
19 33 1745
19 33 1746
19 33 1747
19 33 1748
19 33 1749
19 33 1750
19 33 1751
19 33 1752
19 33 1753
19 33 1754
19 33 1755
19 33 1756
19 33 1757
19 33 1758
19 33 1759
19 33 1760
19 33 1761
19 33 1762
19 33 1763
19 33 1764
19 33 1765
19 33 1766
19 33 1767
19 33 1768
19 33 1769
19 33 1770
19 33 1771
19 33 1772
19 33 1773
19 33 1774
19 33 1775
19 33 1776
19 33 1777
19 33 1778
19 33 1779
19 33 1780
19 33 1781
19 33 1782
19 33 1783
19 33 1784
19 33 1785
19 33 1786
19 33 1787
19 33 1788
19 33 1789
19 33 1790
19 33 1791
19 33 1792
19 33 1793
19 33 1794
19 33 1795
19 33 1796
19 33 1797
19 33 1798
19 33 1799
19 33 1800
19 33 1801
19 33 1802
19 33 1803
19 33 1804
19 33 1805
19 33 1806
19 33 1807
19 33 1808
19 33 1809
19 33 1810
19 33 1811
19 33 1812
19 33 1813
19 33 1814
19 33 1815
19 33 1816
19 33 1817
19 33 1818
19 33 1819
19 33 1820
19 33 1821
19 33 1822
19 33 1823
19 33 1824
19 33 1825
19 33 1826
19 33 1827
19 33 1828
19 33 1829
19 33 1830
19 33 1831
19 33 1832
19 33 1833
19 33 1834
19 33 1835
19 33 1836
19 33 1837
19 33 1838
19 33 1839
19 33 1840
19 33 1841
19 33 1842
19 33 1843
19 33 1844
19 33 1845
19 33 1846
19 33 1847
19 33 1848
19 33 1849
19 33 1850
19 33 1851
19 33 1852
19 33 1853
19 33 1854
19 33 1855
19 33 1856
19 33 1857
19 33 1858
19 33 1859
19 33 1860
19 33 1861
19 33 1862
19 33 1863
19 33 1864
19 33 1865
19 33 1866
19 33 1867
19 33 1868
19 33 1869
19 33 1870
19 33 1871
19 33 1872
19 33 1873
19 33 1874
19 33 1875
19 33 1876
19 33 1877
19 33 1878
19 33 1879
19 33 1880
19 33 1881
19 33 1882
19 33 1883
19 33 1884
19 33 1885
19 33 1886
19 33 1887
19 33 1888
19 33 1889
19 33 1890
19 33 1891
19 33 1892
19 33 1893
19 33 1894
19 33 1895
19 33 1896
19 33 1897
19 33 1898
19 33 1899
19 33 1900
19 33 1901
19 33 1902
19 33 1903
19 33 1904
19 33 1905
19 33 1906
19 33 1907
19 33 1908
19 33 1909
19 33 1910
19 33 1911
19 33 1912
19 33 1913
19 33 1914
19 33 1915
19 33 1916
19 33 1917
19 33 1918
19 33 1919
19 33 1920
19 33 1921
19 33 1922
19 33 1923
19 33 1924
19 33 1925
19 33 1926
19 33 1927
19 33 1928
19 33 1929
19 33 1930
19 33 1931
19 33 1932
19 33 1933
19 33 1934
19 33 1935
19 33 1936
19 33 1937
19 33 1938
19 33 1939
19 33 1940
19 33 1941
19 33 1942
19 33 1943
19 33 1944
19 33 1945
19 33 1946
19 33 1947
19 33 1948
19 33 1949
19 33 1950
19 33 1951
19 33 1952
19 33 1953
19 33 1954
19 33 1955
19 33 1956
19 33 1957
19 33 1958
19 33 1959
19 33 1960
19 33 1961
19 33 1962
19 33 1963
19 33 1964
19 33 1965
19 33 1966
19 33 1967
19 33 1968
19 33 1969
19 33 1970
19 33 1971
19 33 1972
19 33 1973
19 33 1974
19 33 1975
19 33 1976
19 33 1977
19 33 1978
19 33 1979
19 33 1980
19 33 1981
19 33 1982
19 33 1983
19 33 1984
19 33 1985
19 33 1986
19 33 1987
19 33 1988
19 33 1989
19 33 1990
19 33 1991
19 33 1992
19 33 1993
19 33 1994
19 33 1995
19 33 1996
19 33 1997
19 33 1998
19 33 1999
19 33 2000
19 33 2001
19 33 2002
19 33 2003
19 33 2004
19 33 2005
19 33 2006
19 33 2007
19 33 2008
19 33 2009
19 33 2010
19 33 2011
19 33 2012
19 33 2013
19 33 2014
19 33 2015
19 33 2016
19 33 2017
19 33 2018
19 33 2019
19 33 2020
19 33 2021
19 33 2022
19 33 2023
19 33 2024
19 33 2025
19 33 2026
19 33 2027
19 33 2028
19 33 2029
19 33 2030
19 33 2031
19 33 2032
19 33 2033
19 33 2034
19 33 2035
19 33 2036
19 33 2037
19 33 2038
19 33 2039
19 33 2040
19 33 2041
19 33 2042
19 33 2043
19 33 2044
19 33 2045
19 33 2046
19 33 2047
19 33 2048
19 33 2049
19 33 2050
19 33 2051
19 33 2052
19 33 2053
19 33 2054
19 33 2055
19 33 2056
19 33 2057
19 33 2058
19 33 2059
19 33 2060
19 33 2061
19 33 2062
19 33 2063
19 33 2064
19 33 2065
19 33 2066
19 33 2067
19 33 2068
19 33 2069
19 33 2070
19 33 2071
19 33 2072
19 33 2073
19 33 2074
19 33 2075
19 33 2076
19 33 2077
19 33 2078
19 33 2079
19 33 2080
19 33 2081
19 33 2082
19 33 2083
19 33 2084
19 33 2085
19 33 2086
19 33 2087
19 33 2088
19 33 2089
19 33 2090
19 33 2091
19 33 2092
19 33 2093
19 33 2094
19 33 2095
19 33 2096
19 33 2097
19 33 2098
19 33 2099
19 33 2100
19 33 2101
19 33 2102
19 33 2103
19 33 2104
19 33 2105
19 33 2106
19 33 2107
19 33 2108
19 33 2109
19 33 2110
19 33 2111
19 33 2112
19 33 2113
19 33 2114
19 33 2115
19 33 2116
19 33 2117
19 33 2118
19 33 2119
19 33 2120
19 33 2121
19 33 2122
19 33 2123
19 33 2124
19 33 2125
19 33 2126
19 33 2127
19 33 2128
19 33 2129
19 33 2130
19 33 2131
19 33 2132
19 33 2133
19 33 2134
19 33 2135
19 33 2136
19 33 2137
19 33 2138
19 33 2139
19 33 2140
19 33 2141
19 33 2142
19 33 2143
19 33 2144
19 33 2145
19 33 2146
19 33 2147
19 33 2148
19 33 2149
19 33 2150
19 33 2151
19 33 2152
19 33 2153
19 33 2154
19 33 2155
19 33 2156
19 33 2157
19 33 2158
19 33 2159
19 33 2160
19 33 2161
19 33 2162
19 33 2163
19 33 2164
19 33 2165
19 33 2166
19 33 2167
19 33 2168
19 33 2169
19 33 2170
19 33 2171
19 33 2172
19 33 2173
19 33 2174
19 33 2175
19 33 2176
19 33 2177
19 33 2178
19 33 2179
19 33 2180
19 33 2181
19 33 2182
19 33 2183
19 33 2184
19 33 2185
19 33 2186
19 33 2187
19 33 2188
19 33 2189
19 33 2190
19 33 2191
19 33 2192
19 33 2193
19 33 2194
19 33 2195
19 33 2196
19 33 2197
19 33 2198
19 33 2199
19 33 2200
19 33 2201
19 33 2202
19 33 2203
19 33 2204
19 33 2205
19 33 2206
19 33 2207
19 33 2208
19 33 2209
19 33 2210
19 33 2211
19 33 2212
19 33 2213
19 33 2214
19 33 2215
19 33 2216
19 33 2217
19 33 2218
19 33 2219
19 33 2220
19 33 2221
19 33 2222
19 33 2223
19 33 2224
19 33 2225
19 33 2226
19 33 2227
19 33 2228
19 33 2229
19 33 2230
19 33 2231
19 33 2232
19 33 2233
19 33 2234
19 33 2235
19 33 2236
19 33 2237
19 33 2238
19 33 2239
19 33 2240
19 33 2241
19 33 2242
19 33 2243
19 33 2244
19 33 2245
19 33 2246
19 33 2247
19 33 2248
19 33 2249
19 33 2250
19 33 2251
19 33 2252
19 33 2253
19 33 2254
19 33 2255
19 33 2256
19 33 2257
19 33 2258
19 33 2259
19 33 2260
19 33 2261
19 33 2262
19 33 2263
19 33 2264
19 33 2265
19 33 2266
19 33 2267
19 33 2268
19 33 2269
19 33 2270
19 33 2271
19 33 2272
19 33 2273
19 33 2274
19 33 2275
19 33 2276
19 33 2277
19 33 2278
19 33 2279
19 33 2280
19 33 2281
19 33 2282
19 33 2283
19 33 2284
19 33 2285
19 33 2286
19 33 2287
19 33 2288
19 33 2289
19 33 2290
19 33 2291
19 33 2292
19 33 2293
19 33 2294
19 33 2295
19 33 2296
19 33 2297
19 33 2298
19 33 2299
19 33 2300
19 33 2301
19 33 2302
19 33 2303
19 33 2304
19 33 2305
19 33 2306
19 33 2307
19 33 2308
19 33 2309
19 33 2310
19 33 2311
19 33 2312
19 33 2313
19 33 2314
19 33 2315
19 33 2316
19 33 2317
19 33 2318
19 33 2319
19 33 2320
19 33 2321
19 33 2322
19 33 2323
19 33 2324
19 33 2325
19 33 2326
19 33 2327
19 33 2328
19 33 2329
19 33 2330
19 33 2331
19 33 2332
19 33 2333
19 33 2334
19 33 2335
19 33 2336
19 33 2337
19 33 2338
19 33 2339
19 33 2340
19 33 2341
19 33 2342
19 33 2343
19 33 2344
19 33 2345
19 33 2346
19 33 2347
19 33 2348
19 33 2349
19 33 2350
19 33 2351
19 33 2352
19 33 2353
19 33 2354
19 33 2355
19 33 2356
19 33 2357
19 33 2358
19 33 2359
19 33 2360
19 33 2361
19 33 2362
19 33 2363
19 33 2364
19 33 2365
19 33 2366
19 33 2367
19 33 2368
19 33 2369
19 33 2370
19 33 2371
19 33 2372
19 33 2373
19 33 2374
19 33 2375
19 33 2376
19 33 2377
19 33 2378
19 33 2379
19 33 2380
19 33 2381
19 33 2382
19 33 2383
19 33 2384
19 33 2385
19 33 2386
19 33 2387
19 33 2388
19 33 2389
19 33 2390
19 33 2391
19 33 2392
19 33 2393
19 33 2394
19 33 2395
19 33 2396
19 33 2397
19 33 2398
19 33 2399
19 33 2400
19 33 2401
19 33 2402
19 33 2403
19 33 2404
19 33 2405
19 33 2406
19 33 2407
19 33 2408
19 33 2409
19 33 2410
19 33 2411
19 33 2412
19 33 2413
19 33 2414
19 33 2415
19 33 2416
19 33 2417
19 33 2418
19 33 2419
19 33 2420
19 33 2421
19 33 2422
19 33 2423
19 33 2424
19 33 2425
19 33 2426
19 33 2427
19 33 2428
19 33 2429
19 33 2430
19 33 2431
19 33 2432
19 33 2433
19 33 2434
19 33 2435
19 33 2436
19 33 2437
19 33 2438
19 33 2439
19 33 2440
19 33 2441
19 33 2442
19 33 2443
19 33 2444
19 33 2445
19 33 2446
19 33 2447
19 33 2448
19 33 2449
19 33 2450
19 33 2451
19 33 2452
19 33 2453
19 33 2454
19 33 2455
19 33 2456
19 33 2457
