37 22 1
37 22 2
37 22 3
37 22 4
37 22 5
37 22 6
37 22 7
37 22 8
37 22 9
37 22 10
37 22 11
37 22 12
37 22 13
37 22 14
37 22 15
37 22 16
37 22 17
37 22 18
37 22 19
37 22 20
37 22 21
37 22 22
37 22 23
37 22 24
37 22 25
37 22 26
37 22 27
37 22 28
37 22 29
37 22 30
37 22 31
37 22 32
37 22 33
37 22 34
37 22 35
37 22 36
37 22 37
37 22 38
37 22 39
37 22 40
37 22 41
37 22 42
37 22 43
37 22 44
37 22 45
37 22 46
37 22 47
37 22 48
37 22 49
37 22 50
37 22 51
37 22 52
37 22 53
37 22 54
37 22 55
37 22 56
37 22 57
37 22 58
37 22 59
37 22 60
37 22 61
37 22 62
37 22 63
37 22 64
37 22 65
37 22 66
37 22 67
37 22 68
37 22 69
37 22 70
37 22 71
37 22 72
37 22 73
37 22 74
37 22 75
37 22 76
37 22 77
37 22 78
37 22 79
37 22 80
37 22 81
37 22 82
37 22 83
37 22 84
37 22 85
37 22 86
37 22 87
37 22 88
37 22 89
37 22 90
37 22 91
37 22 92
37 22 93
37 22 94
37 22 95
37 22 96
37 22 97
37 22 98
37 22 99
37 22 100
37 22 101
37 22 102
37 22 103
37 22 104
37 22 105
37 22 106
37 22 107
37 22 108
37 22 109
37 22 110
37 22 111
37 22 112
37 22 113
37 22 114
37 22 115
37 22 116
37 22 117
37 22 118
37 22 119
37 22 120
37 22 121
37 22 122
37 22 123
37 22 124
37 22 125
37 22 126
37 22 127
37 22 128
37 22 129
37 22 130
37 22 131
37 22 132
37 22 133
37 22 134
37 22 135
37 22 136
37 22 137
37 22 138
37 22 139
37 22 140
37 22 141
37 22 142
37 22 143
37 22 144
37 22 145
37 22 146
37 22 147
37 22 148
37 22 149
37 22 150
37 22 151
37 22 152
37 22 153
37 22 154
37 22 155
37 22 156
37 22 157
37 22 158
37 22 159
37 22 160
37 22 161
37 22 162
37 22 163
37 22 164
37 22 165
37 22 166
37 22 167
37 22 168
37 22 169
37 22 170
37 22 171
37 22 172
37 22 173
37 22 174
37 22 175
37 22 176
37 22 177
37 22 178
37 22 179
37 22 180
37 22 181
37 22 182
37 22 183
37 22 184
37 22 185
37 22 186
37 22 187
37 22 188
37 22 189
37 22 190
37 22 191
37 22 192
37 22 193
37 22 194
37 22 195
37 22 196
37 22 197
37 22 198
37 22 199
37 22 200
37 22 201
37 22 202
37 22 203
37 22 204
37 22 205
37 22 206
37 22 207
37 22 208
37 22 209
37 22 210
37 22 211
37 22 212
37 22 213
37 22 214
37 22 215
37 22 216
37 22 217
37 22 218
37 22 219
37 22 220
37 22 221
37 22 222
37 22 223
37 22 224
37 22 225
37 22 226
37 22 227
37 22 228
37 22 229
37 22 230
37 22 231
37 22 232
37 22 233
37 22 234
37 22 235
37 22 236
37 22 237
37 22 238
37 22 239
37 22 240
37 22 241
37 22 242
37 22 243
37 22 244
37 22 245
37 22 246
37 22 247
37 22 248
37 22 249
37 22 250
37 22 251
37 22 252
37 22 253
37 22 254
37 22 255
37 22 256
37 22 257
37 22 258
37 22 259
37 22 260
37 22 261
37 22 262
37 22 263
37 22 264
37 22 265
37 22 266
37 22 267
37 22 268
37 22 269
37 22 270
37 22 271
37 22 272
37 22 273
37 22 274
37 22 275
37 22 276
37 22 277
37 22 278
37 22 279
37 22 280
37 22 281
37 22 282
37 22 283
37 22 284
37 22 285
37 22 286
37 22 287
37 22 288
37 22 289
37 22 290
37 22 291
37 22 292
37 22 293
37 22 294
37 22 295
37 22 296
37 22 297
37 22 298
37 22 299
37 22 300
37 22 301
37 22 302
37 22 303
37 22 304
37 22 305
37 22 306
37 22 307
37 22 308
37 22 309
37 22 310
37 22 311
37 22 312
37 22 313
37 22 314
37 22 315
37 22 316
37 22 317
37 22 318
37 22 319
37 22 320
37 22 321
37 22 322
37 22 323
37 22 324
37 22 325
37 22 326
37 22 327
37 22 328
37 22 329
37 22 330
37 22 331
37 22 332
37 22 333
37 22 334
37 22 335
37 22 336
37 22 337
37 22 338
37 22 339
37 22 340
37 22 341
37 22 342
37 22 343
37 22 344
37 22 345
37 22 346
37 22 347
37 22 348
37 22 349
37 22 350
37 22 351
37 22 352
37 22 353
37 22 354
37 22 355
37 22 356
37 22 357
37 22 358
37 22 359
37 22 360
37 22 361
37 22 362
37 22 363
37 22 364
37 22 365
37 22 366
37 22 367
37 22 368
37 22 369
37 22 370
37 22 371
37 22 372
37 22 373
37 22 374
37 22 375
37 22 376
37 22 377
37 22 378
37 22 379
37 22 380
37 22 381
37 22 382
37 22 383
37 22 384
37 22 385
37 22 386
37 22 387
37 22 388
37 22 389
37 22 390
37 22 391
37 22 392
37 22 393
37 22 394
37 22 395
37 22 396
37 22 397
37 22 398
37 22 399
37 22 400
37 22 401
37 22 402
37 22 403
37 22 404
37 22 405
37 22 406
37 22 407
37 22 408
37 22 409
37 22 410
37 22 411
37 22 412
37 22 413
37 22 414
37 22 415
37 22 416
37 22 417
37 22 418
37 22 419
37 22 420
37 22 421
37 22 422
37 22 423
37 22 424
37 22 425
37 22 426
37 22 427
37 22 428
37 22 429
37 22 430
37 22 431
37 22 432
37 22 433
37 22 434
37 22 435
37 22 436
37 22 437
37 22 438
37 22 439
37 22 440
37 22 441
37 22 442
37 22 443
37 22 444
37 22 445
37 22 446
37 22 447
37 22 448
37 22 449
37 22 450
37 22 451
37 22 452
37 22 453
37 22 454
37 22 455
37 22 456
37 22 457
37 22 458
37 22 459
37 22 460
37 22 461
37 22 462
37 22 463
37 22 464
37 22 465
37 22 466
37 22 467
37 22 468
37 22 469
37 22 470
37 22 471
37 22 472
37 22 473
37 22 474
37 22 475
37 22 476
37 22 477
37 22 478
37 22 479
37 22 480
37 22 481
37 22 482
37 22 483
37 22 484
37 22 485
37 22 486
37 22 487
37 22 488
37 22 489
37 22 490
37 22 491
37 22 492
37 22 493
37 22 494
37 22 495
37 22 496
37 22 497
37 22 498
37 22 499
37 22 500
37 22 501
37 22 502
37 22 503
37 22 504
37 22 505
37 22 506
37 22 507
37 22 508
37 22 509
37 22 510
37 22 511
37 22 512
37 22 513
37 22 514
37 22 515
37 22 516
37 22 517
37 22 518
37 22 519
37 22 520
37 22 521
37 22 522
37 22 523
37 22 524
37 22 525
37 22 526
37 22 527
37 22 528
37 22 529
37 22 530
37 22 531
37 22 532
37 22 533
37 22 534
37 22 535
37 22 536
37 22 537
37 22 538
37 22 539
37 22 540
37 22 541
37 22 542
37 22 543
37 22 544
37 22 545
37 22 546
37 22 547
37 22 548
37 22 549
37 22 550
37 22 551
37 22 552
37 22 553
37 22 554
37 22 555
37 22 556
37 22 557
37 22 558
37 22 559
37 22 560
37 22 561
37 22 562
37 22 563
37 22 564
37 22 565
37 22 566
37 22 567
37 22 568
37 22 569
37 22 570
37 22 571
37 22 572
37 22 573
37 22 574
37 22 575
37 22 576
37 22 577
37 22 578
37 22 579
37 22 580
37 22 581
37 22 582
37 22 583
37 22 584
37 22 585
37 22 586
37 22 587
37 22 588
37 22 589
37 22 590
37 22 591
37 22 592
37 22 593
37 22 594
37 22 595
37 22 596
37 22 597
37 22 598
37 22 599
37 22 600
37 22 601
37 22 602
37 22 603
37 22 604
37 22 605
37 22 606
37 22 607
37 22 608
37 22 609
37 22 610
37 22 611
37 22 612
37 22 613
37 22 614
37 22 615
37 22 616
37 22 617
37 22 618
37 22 619
37 22 620
37 22 621
37 22 622
37 22 623
37 22 624
37 22 625
37 22 626
37 22 627
37 22 628
37 22 629
37 22 630
37 22 631
37 22 632
37 22 633
37 22 634
37 22 635
37 22 636
37 22 637
37 22 638
37 22 639
37 22 640
37 22 641
37 22 642
37 22 643
37 22 644
37 22 645
37 22 646
37 22 647
37 22 648
37 22 649
37 22 650
37 22 651
37 22 652
37 22 653
37 22 654
37 22 655
37 22 656
37 22 657
37 22 658
37 22 659
37 22 660
37 22 661
37 22 662
37 22 663
37 22 664
37 22 665
37 22 666
37 22 667
37 22 668
37 22 669
37 22 670
37 22 671
37 22 672
37 22 673
37 22 674
37 22 675
37 22 676
37 22 677
37 22 678
37 22 679
37 22 680
37 22 681
37 22 682
37 22 683
37 22 684
37 22 685
37 22 686
37 22 687
37 22 688
37 22 689
37 22 690
37 22 691
37 22 692
37 22 693
37 22 694
37 22 695
37 22 696
37 22 697
37 22 698
37 22 699
37 22 700
37 22 701
37 22 702
37 22 703
37 22 704
37 22 705
37 22 706
37 22 707
37 22 708
37 22 709
37 22 710
37 22 711
37 22 712
37 22 713
37 22 714
37 22 715
37 22 716
37 22 717
37 22 718
37 22 719
37 22 720
37 22 721
37 22 722
37 22 723
37 22 724
37 22 725
37 22 726
37 22 727
37 22 728
37 22 729
37 22 730
37 22 731
37 22 732
37 22 733
37 22 734
37 22 735
37 22 736
37 22 737
37 22 738
37 22 739
37 22 740
37 22 741
37 22 742
37 22 743
37 22 744
37 22 745
37 22 746
37 22 747
37 22 748
37 22 749
37 22 750
37 22 751
37 22 752
37 22 753
37 22 754
37 22 755
37 22 756
37 22 757
37 22 758
37 22 759
37 22 760
37 22 761
37 22 762
37 22 763
37 22 764
37 22 765
37 22 766
37 22 767
37 22 768
37 22 769
37 22 770
37 22 771
37 22 772
37 22 773
37 22 774
37 22 775
37 22 776
37 22 777
37 22 778
37 22 779
37 22 780
37 22 781
37 22 782
37 22 783
37 22 784
37 22 785
37 22 786
37 22 787
37 22 788
37 22 789
37 22 790
37 22 791
37 22 792
37 22 793
37 22 794
37 22 795
37 22 796
37 22 797
37 22 798
37 22 799
37 22 800
37 22 801
37 22 802
37 22 803
37 22 804
37 22 805
37 22 806
37 22 807
37 22 808
37 22 809
37 22 810
37 22 811
37 22 812
37 22 813
37 22 814
37 22 815
37 22 816
37 22 817
37 22 818
37 22 819
37 22 820
37 22 821
37 22 822
37 22 823
37 22 824
37 22 825
37 22 826
37 22 827
37 22 828
37 22 829
37 22 830
37 22 831
37 22 832
37 22 833
37 22 834
37 22 835
37 22 836
37 22 837
37 22 838
37 22 839
37 22 840
37 22 841
37 22 842
37 22 843
37 22 844
37 22 845
37 22 846
37 22 847
37 22 848
37 22 849
37 22 850
37 22 851
37 22 852
37 22 853
37 22 854
37 22 855
37 22 856
37 22 857
37 22 858
37 22 859
37 22 860
37 22 861
37 22 862
37 22 863
37 22 864
37 22 865
37 22 866
37 22 867
37 22 868
37 22 869
37 22 870
37 22 871
37 22 872
37 22 873
37 22 874
37 22 875
37 22 876
37 22 877
37 22 878
37 22 879
37 22 880
37 22 881
37 22 882
37 22 883
37 22 884
37 22 885
37 22 886
37 22 887
37 22 888
37 22 889
37 22 890
37 22 891
37 22 892
37 22 893
37 22 894
37 22 895
37 22 896
37 22 897
37 22 898
37 22 899
37 22 900
37 22 901
37 22 902
37 22 903
37 22 904
37 22 905
37 22 906
37 22 907
37 22 908
37 22 909
37 22 910
37 22 911
37 22 912
37 22 913
37 22 914
37 22 915
37 22 916
37 22 917
37 22 918
37 22 919
37 22 920
37 22 921
37 22 922
37 22 923
37 22 924
37 22 925
37 22 926
37 22 927
37 22 928
37 22 929
37 22 930
37 22 931
37 22 932
37 22 933
37 22 934
37 22 935
37 22 936
37 22 937
37 22 938
37 22 939
37 22 940
37 22 941
37 22 942
37 22 943
37 22 944
37 22 945
37 22 946
37 22 947
37 22 948
37 22 949
37 22 950
37 22 951
37 22 952
37 22 953
37 22 954
37 22 955
37 22 956
37 22 957
37 22 958
37 22 959
37 22 960
37 22 961
37 22 962
37 22 963
37 22 964
37 22 965
37 22 966
37 22 967
37 22 968
37 22 969
37 22 970
37 22 971
37 22 972
37 22 973
37 22 974
37 22 975
37 22 976
37 22 977
37 22 978
37 22 979
37 22 980
37 22 981
37 22 982
37 22 983
37 22 984
37 22 985
37 22 986
37 22 987
37 22 988
37 22 989
37 22 990
37 22 991
37 22 992
37 22 993
37 22 994
37 22 995
37 22 996
37 22 997
37 22 998
37 22 999
37 22 1000
37 22 1001
37 22 1002
37 22 1003
37 22 1004
37 22 1005
37 22 1006
37 22 1007
37 22 1008
37 22 1009
37 22 1010
37 22 1011
37 22 1012
37 22 1013
37 22 1014
37 22 1015
37 22 1016
37 22 1017
37 22 1018
37 22 1019
37 22 1020
37 22 1021
37 22 1022
37 22 1023
37 22 1024
37 22 1025
37 22 1026
37 22 1027
37 22 1028
37 22 1029
37 22 1030
37 22 1031
37 22 1032
37 22 1033
37 22 1034
37 22 1035
37 22 1036
37 22 1037
37 22 1038
37 22 1039
37 22 1040
37 22 1041
37 22 1042
37 22 1043
37 22 1044
37 22 1045
37 22 1046
37 22 1047
37 22 1048
37 22 1049
37 22 1050
37 22 1051
37 22 1052
37 22 1053
37 22 1054
37 22 1055
37 22 1056
37 22 1057
37 22 1058
37 22 1059
37 22 1060
37 22 1061
37 22 1062
37 22 1063
37 22 1064
37 22 1065
37 22 1066
37 22 1067
37 22 1068
37 22 1069
37 22 1070
37 22 1071
37 22 1072
37 22 1073
37 22 1074
37 22 1075
37 22 1076
37 22 1077
37 22 1078
37 22 1079
37 22 1080
37 22 1081
37 22 1082
37 22 1083
37 22 1084
37 22 1085
37 22 1086
37 22 1087
37 22 1088
37 22 1089
37 22 1090
37 22 1091
37 22 1092
37 22 1093
37 22 1094
37 22 1095
37 22 1096
37 22 1097
37 22 1098
37 22 1099
37 22 1100
37 22 1101
37 22 1102
37 22 1103
37 22 1104
37 22 1105
37 22 1106
37 22 1107
37 22 1108
37 22 1109
37 22 1110
37 22 1111
37 22 1112
37 22 1113
37 22 1114
37 22 1115
37 22 1116
37 22 1117
37 22 1118
37 22 1119
37 22 1120
37 22 1121
37 22 1122
37 22 1123
37 22 1124
37 22 1125
37 22 1126
37 22 1127
37 22 1128
37 22 1129
37 22 1130
37 22 1131
37 22 1132
37 22 1133
37 22 1134
37 22 1135
37 22 1136
37 22 1137
37 22 1138
37 22 1139
37 22 1140
37 22 1141
37 22 1142
37 22 1143
37 22 1144
37 22 1145
37 22 1146
37 22 1147
37 22 1148
37 22 1149
37 22 1150
37 22 1151
37 22 1152
37 22 1153
37 22 1154
37 22 1155
37 22 1156
37 22 1157
37 22 1158
37 22 1159
37 22 1160
37 22 1161
37 22 1162
37 22 1163
37 22 1164
37 22 1165
37 22 1166
37 22 1167
37 22 1168
37 22 1169
37 22 1170
37 22 1171
37 22 1172
37 22 1173
37 22 1174
37 22 1175
37 22 1176
37 22 1177
37 22 1178
37 22 1179
37 22 1180
37 22 1181
37 22 1182
37 22 1183
37 22 1184
37 22 1185
37 22 1186
37 22 1187
37 22 1188
37 22 1189
37 22 1190
37 22 1191
37 22 1192
37 22 1193
37 22 1194
37 22 1195
37 22 1196
37 22 1197
37 22 1198
37 22 1199
37 22 1200
37 22 1201
37 22 1202
37 22 1203
37 22 1204
37 22 1205
37 22 1206
37 22 1207
37 22 1208
37 22 1209
37 22 1210
37 22 1211
37 22 1212
37 22 1213
37 22 1214
37 22 1215
37 22 1216
37 22 1217
37 22 1218
37 22 1219
37 22 1220
37 22 1221
37 22 1222
37 22 1223
37 22 1224
37 22 1225
37 22 1226
37 22 1227
37 22 1228
37 22 1229
37 22 1230
37 22 1231
37 22 1232
37 22 1233
37 22 1234
37 22 1235
37 22 1236
37 22 1237
37 22 1238
37 22 1239
37 22 1240
37 22 1241
37 22 1242
37 22 1243
37 22 1244
37 22 1245
37 22 1246
37 22 1247
37 22 1248
37 22 1249
37 22 1250
37 22 1251
37 22 1252
37 22 1253
37 22 1254
37 22 1255
37 22 1256
37 22 1257
37 22 1258
37 22 1259
37 22 1260
37 22 1261
37 22 1262
37 22 1263
37 22 1264
37 22 1265
37 22 1266
37 22 1267
37 22 1268
37 22 1269
37 22 1270
37 22 1271
37 22 1272
37 22 1273
37 22 1274
37 22 1275
37 22 1276
37 22 1277
37 22 1278
37 22 1279
37 22 1280
37 22 1281
37 22 1282
37 22 1283
37 22 1284
37 22 1285
37 22 1286
37 22 1287
37 22 1288
37 22 1289
37 22 1290
37 22 1291
37 22 1292
37 22 1293
37 22 1294
37 22 1295
37 22 1296
37 22 1297
37 22 1298
37 22 1299
37 22 1300
37 22 1301
37 22 1302
37 22 1303
37 22 1304
37 22 1305
37 22 1306
37 22 1307
37 22 1308
37 22 1309
37 22 1310
37 22 1311
37 22 1312
37 22 1313
37 22 1314
37 22 1315
37 22 1316
37 22 1317
37 22 1318
37 22 1319
37 22 1320
37 22 1321
37 22 1322
37 22 1323
37 22 1324
37 22 1325
37 22 1326
37 22 1327
37 22 1328
37 22 1329
37 22 1330
37 22 1331
37 22 1332
37 22 1333
37 22 1334
37 22 1335
37 22 1336
37 22 1337
37 22 1338
37 22 1339
37 22 1340
37 22 1341
37 22 1342
37 22 1343
37 22 1344
37 22 1345
37 22 1346
37 22 1347
37 22 1348
37 22 1349
37 22 1350
37 22 1351
37 22 1352
37 22 1353
37 22 1354
37 22 1355
37 22 1356
37 22 1357
37 22 1358
37 22 1359
37 22 1360
37 22 1361
37 22 1362
37 22 1363
37 22 1364
37 22 1365
37 22 1366
37 22 1367
37 22 1368
37 22 1369
37 22 1370
37 22 1371
37 22 1372
37 22 1373
37 22 1374
37 22 1375
37 22 1376
37 22 1377
37 22 1378
37 22 1379
37 22 1380
37 22 1381
37 22 1382
37 22 1383
37 22 1384
37 22 1385
37 22 1386
37 22 1387
37 22 1388
37 22 1389
37 22 1390
37 22 1391
37 22 1392
37 22 1393
37 22 1394
37 22 1395
37 22 1396
37 22 1397
37 22 1398
37 22 1399
37 22 1400
37 22 1401
37 22 1402
37 22 1403
37 22 1404
37 22 1405
37 22 1406
37 22 1407
37 22 1408
37 22 1409
37 22 1410
37 22 1411
37 22 1412
37 22 1413
37 22 1414
37 22 1415
37 22 1416
37 22 1417
37 22 1418
37 22 1419
37 22 1420
37 22 1421
37 22 1422
37 22 1423
37 22 1424
37 22 1425
37 22 1426
37 22 1427
37 22 1428
37 22 1429
37 22 1430
37 22 1431
37 22 1432
37 22 1433
37 22 1434
37 22 1435
37 22 1436
37 22 1437
37 22 1438
37 22 1439
37 22 1440
37 22 1441
37 22 1442
37 22 1443
37 22 1444
37 22 1445
37 22 1446
37 22 1447
37 22 1448
37 22 1449
37 22 1450
37 22 1451
37 22 1452
37 22 1453
37 22 1454
37 22 1455
37 22 1456
37 22 1457
37 22 1458
37 22 1459
37 22 1460
37 22 1461
37 22 1462
37 22 1463
37 22 1464
37 22 1465
37 22 1466
37 22 1467
37 22 1468
37 22 1469
37 22 1470
37 22 1471
37 22 1472
37 22 1473
37 22 1474
37 22 1475
37 22 1476
37 22 1477
37 22 1478
37 22 1479
37 22 1480
37 22 1481
37 22 1482
37 22 1483
37 22 1484
37 22 1485
37 22 1486
37 22 1487
37 22 1488
37 22 1489
37 22 1490
37 22 1491
37 22 1492
37 22 1493
37 22 1494
37 22 1495
37 22 1496
37 22 1497
37 22 1498
37 22 1499
37 22 1500
37 22 1501
37 22 1502
37 22 1503
37 22 1504
37 22 1505
37 22 1506
37 22 1507
37 22 1508
37 22 1509
37 22 1510
37 22 1511
37 22 1512
37 22 1513
37 22 1514
37 22 1515
37 22 1516
37 22 1517
37 22 1518
37 22 1519
37 22 1520
37 22 1521
37 22 1522
37 22 1523
37 22 1524
37 22 1525
37 22 1526
37 22 1527
37 22 1528
37 22 1529
37 22 1530
37 22 1531
37 22 1532
37 22 1533
37 22 1534
37 22 1535
37 22 1536
37 22 1537
37 22 1538
37 22 1539
37 22 1540
37 22 1541
37 22 1542
37 22 1543
37 22 1544
37 22 1545
37 22 1546
37 22 1547
37 22 1548
37 22 1549
37 22 1550
37 22 1551
37 22 1552
37 22 1553
37 22 1554
37 22 1555
37 22 1556
37 22 1557
37 22 1558
37 22 1559
37 22 1560
37 22 1561
37 22 1562
37 22 1563
37 22 1564
37 22 1565
37 22 1566
37 22 1567
37 22 1568
37 22 1569
37 22 1570
37 22 1571
37 22 1572
37 22 1573
37 22 1574
37 22 1575
37 22 1576
37 22 1577
37 22 1578
37 22 1579
37 22 1580
37 22 1581
37 22 1582
37 22 1583
37 22 1584
37 22 1585
37 22 1586
37 22 1587
37 22 1588
37 22 1589
37 22 1590
37 22 1591
37 22 1592
37 22 1593
37 22 1594
37 22 1595
37 22 1596
37 22 1597
37 22 1598
37 22 1599
37 22 1600
37 22 1601
37 22 1602
37 22 1603
37 22 1604
37 22 1605
37 22 1606
37 22 1607
37 22 1608
37 22 1609
37 22 1610
37 22 1611
37 22 1612
37 22 1613
37 22 1614
37 22 1615
37 22 1616
37 22 1617
37 22 1618
37 22 1619
37 22 1620
37 22 1621
37 22 1622
37 22 1623
37 22 1624
37 22 1625
37 22 1626
37 22 1627
37 22 1628
37 22 1629
37 22 1630
37 22 1631
37 22 1632
37 22 1633
37 22 1634
37 22 1635
37 22 1636
37 22 1637
37 22 1638
37 22 1639
37 22 1640
37 22 1641
37 22 1642
37 22 1643
37 22 1644
37 22 1645
37 22 1646
37 22 1647
37 22 1648
37 22 1649
37 22 1650
37 22 1651
37 22 1652
37 22 1653
37 22 1654
37 22 1655
37 22 1656
37 22 1657
37 22 1658
37 22 1659
37 22 1660
37 22 1661
37 22 1662
37 22 1663
37 22 1664
37 22 1665
37 22 1666
37 22 1667
37 22 1668
37 22 1669
37 22 1670
37 22 1671
37 22 1672
37 22 1673
37 22 1674
37 22 1675
37 22 1676
37 22 1677
37 22 1678
37 22 1679
37 22 1680
37 22 1681
37 22 1682
37 22 1683
37 22 1684
37 22 1685
37 22 1686
37 22 1687
37 22 1688
37 22 1689
37 22 1690
37 22 1691
37 22 1692
37 22 1693
37 22 1694
37 22 1695
37 22 1696
37 22 1697
37 22 1698
37 22 1699
37 22 1700
37 22 1701
37 22 1702
37 22 1703
37 22 1704
37 22 1705
37 22 1706
37 22 1707
37 22 1708
37 22 1709
37 22 1710
37 22 1711
37 22 1712
37 22 1713
37 22 1714
37 22 1715
37 22 1716
37 22 1717
37 22 1718
37 22 1719
37 22 1720
37 22 1721
37 22 1722
37 22 1723
37 22 1724
37 22 1725
37 22 1726
37 22 1727
37 22 1728
37 22 1729
37 22 1730
37 22 1731
37 22 1732
37 22 1733
37 22 1734
37 22 1735
37 22 1736
37 22 1737
37 22 1738
37 22 1739
37 22 1740
37 22 1741
37 22 1742
37 22 1743
37 22 1744
37 22 1745
37 22 1746
37 22 1747
37 22 1748
37 22 1749
37 22 1750
37 22 1751
37 22 1752
37 22 1753
37 22 1754
37 22 1755
37 22 1756
37 22 1757
37 22 1758
37 22 1759
37 22 1760
37 22 1761
37 22 1762
37 22 1763
37 22 1764
37 22 1765
37 22 1766
37 22 1767
37 22 1768
37 22 1769
37 22 1770
37 22 1771
37 22 1772
37 22 1773
37 22 1774
37 22 1775
37 22 1776
37 22 1777
37 22 1778
37 22 1779
37 22 1780
37 22 1781
37 22 1782
37 22 1783
37 22 1784
37 22 1785
37 22 1786
37 22 1787
37 22 1788
37 22 1789
37 22 1790
37 22 1791
37 22 1792
37 22 1793
37 22 1794
37 22 1795
37 22 1796
37 22 1797
37 22 1798
37 22 1799
37 22 1800
37 22 1801
37 22 1802
37 22 1803
37 22 1804
37 22 1805
37 22 1806
37 22 1807
37 22 1808
37 22 1809
37 22 1810
37 22 1811
37 22 1812
37 22 1813
37 22 1814
37 22 1815
37 22 1816
37 22 1817
37 22 1818
37 22 1819
37 22 1820
37 22 1821
37 22 1822
37 22 1823
37 22 1824
37 22 1825
37 22 1826
37 22 1827
37 22 1828
37 22 1829
37 22 1830
37 22 1831
37 22 1832
37 22 1833
37 22 1834
37 22 1835
37 22 1836
37 22 1837
37 22 1838
37 22 1839
37 22 1840
37 22 1841
37 22 1842
37 22 1843
37 22 1844
37 22 1845
37 22 1846
37 22 1847
37 22 1848
37 22 1849
37 22 1850
37 22 1851
37 22 1852
37 22 1853
37 22 1854
37 22 1855
37 22 1856
37 22 1857
37 22 1858
37 22 1859
37 22 1860
37 22 1861
37 22 1862
37 22 1863
37 22 1864
37 22 1865
37 22 1866
37 22 1867
37 22 1868
37 22 1869
37 22 1870
37 22 1871
37 22 1872
37 22 1873
37 22 1874
37 22 1875
37 22 1876
37 22 1877
37 22 1878
37 22 1879
37 22 1880
37 22 1881
37 22 1882
37 22 1883
37 22 1884
37 22 1885
37 22 1886
37 22 1887
37 22 1888
37 22 1889
37 22 1890
37 22 1891
37 22 1892
37 22 1893
37 22 1894
37 22 1895
37 22 1896
37 22 1897
37 22 1898
37 22 1899
37 22 1900
37 22 1901
37 22 1902
37 22 1903
37 22 1904
37 22 1905
37 22 1906
37 22 1907
37 22 1908
37 22 1909
37 22 1910
37 22 1911
37 22 1912
37 22 1913
37 22 1914
37 22 1915
37 22 1916
37 22 1917
37 22 1918
37 22 1919
37 22 1920
37 22 1921
37 22 1922
37 22 1923
37 22 1924
37 22 1925
37 22 1926
37 22 1927
37 22 1928
37 22 1929
37 22 1930
37 22 1931
37 22 1932
37 22 1933
37 22 1934
37 22 1935
37 22 1936
37 22 1937
37 22 1938
37 22 1939
37 22 1940
37 22 1941
37 22 1942
37 22 1943
37 22 1944
37 22 1945
37 22 1946
37 22 1947
37 22 1948
37 22 1949
37 22 1950
37 22 1951
37 22 1952
37 22 1953
37 22 1954
37 22 1955
37 22 1956
37 22 1957
37 22 1958
37 22 1959
37 22 1960
37 22 1961
37 22 1962
37 22 1963
37 22 1964
37 22 1965
37 22 1966
37 22 1967
37 22 1968
37 22 1969
37 22 1970
37 22 1971
37 22 1972
37 22 1973
37 22 1974
37 22 1975
37 22 1976
37 22 1977
37 22 1978
37 22 1979
37 22 1980
37 22 1981
37 22 1982
37 22 1983
37 22 1984
37 22 1985
37 22 1986
37 22 1987
37 22 1988
37 22 1989
37 22 1990
37 22 1991
37 22 1992
37 22 1993
37 22 1994
37 22 1995
37 22 1996
37 22 1997
37 22 1998
37 22 1999
37 22 2000
37 22 2001
37 22 2002
37 22 2003
37 22 2004
37 22 2005
37 22 2006
37 22 2007
37 22 2008
37 22 2009
37 22 2010
37 22 2011
37 22 2012
37 22 2013
37 22 2014
37 22 2015
37 22 2016
37 22 2017
37 22 2018
37 22 2019
37 22 2020
37 22 2021
37 22 2022
37 22 2023
37 22 2024
37 22 2025
37 22 2026
37 22 2027
37 22 2028
37 22 2029
37 22 2030
37 22 2031
37 22 2032
37 22 2033
37 22 2034
37 22 2035
37 22 2036
37 22 2037
37 22 2038
37 22 2039
37 22 2040
37 22 2041
37 22 2042
37 22 2043
37 22 2044
37 22 2045
37 22 2046
37 22 2047
37 22 2048
37 22 2049
37 22 2050
37 22 2051
37 22 2052
37 22 2053
37 22 2054
37 22 2055
37 22 2056
37 22 2057
37 22 2058
37 22 2059
37 22 2060
37 22 2061
37 22 2062
37 22 2063
37 22 2064
37 22 2065
37 22 2066
37 22 2067
37 22 2068
37 22 2069
37 22 2070
37 22 2071
37 22 2072
37 22 2073
37 22 2074
37 22 2075
37 22 2076
37 22 2077
37 22 2078
37 22 2079
37 22 2080
37 22 2081
37 22 2082
37 22 2083
37 22 2084
37 22 2085
37 22 2086
37 22 2087
37 22 2088
37 22 2089
37 22 2090
37 22 2091
37 22 2092
37 22 2093
37 22 2094
37 22 2095
37 22 2096
37 22 2097
37 22 2098
37 22 2099
37 22 2100
37 22 2101
37 22 2102
37 22 2103
37 22 2104
37 22 2105
37 22 2106
37 22 2107
37 22 2108
37 22 2109
37 22 2110
37 22 2111
37 22 2112
37 22 2113
37 22 2114
37 22 2115
37 22 2116
37 22 2117
37 22 2118
37 22 2119
37 22 2120
37 22 2121
37 22 2122
37 22 2123
37 22 2124
37 22 2125
37 22 2126
37 22 2127
37 22 2128
37 22 2129
37 22 2130
37 22 2131
37 22 2132
37 22 2133
37 22 2134
37 22 2135
37 22 2136
37 22 2137
37 22 2138
37 22 2139
37 22 2140
37 22 2141
37 22 2142
37 22 2143
37 22 2144
37 22 2145
37 22 2146
37 22 2147
37 22 2148
37 22 2149
37 22 2150
37 22 2151
37 22 2152
37 22 2153
37 22 2154
37 22 2155
37 22 2156
37 22 2157
37 22 2158
37 22 2159
37 22 2160
37 22 2161
37 22 2162
37 22 2163
37 22 2164
37 22 2165
37 22 2166
37 22 2167
37 22 2168
37 22 2169
37 22 2170
37 22 2171
37 22 2172
37 22 2173
37 22 2174
37 22 2175
37 22 2176
37 22 2177
37 22 2178
37 22 2179
37 22 2180
37 22 2181
37 22 2182
37 22 2183
37 22 2184
37 22 2185
37 22 2186
37 22 2187
37 22 2188
37 22 2189
37 22 2190
37 22 2191
37 22 2192
37 22 2193
37 22 2194
37 22 2195
37 22 2196
37 22 2197
37 22 2198
37 22 2199
37 22 2200
37 22 2201
37 22 2202
37 22 2203
37 22 2204
37 22 2205
37 22 2206
37 22 2207
37 22 2208
37 22 2209
37 22 2210
37 22 2211
37 22 2212
37 22 2213
37 22 2214
37 22 2215
37 22 2216
37 22 2217
37 22 2218
37 22 2219
37 22 2220
37 22 2221
37 22 2222
37 22 2223
37 22 2224
37 22 2225
37 22 2226
37 22 2227
37 22 2228
37 22 2229
37 22 2230
37 22 2231
37 22 2232
37 22 2233
37 22 2234
37 22 2235
37 22 2236
37 22 2237
37 22 2238
37 22 2239
37 22 2240
37 22 2241
37 22 2242
37 22 2243
37 22 2244
37 22 2245
37 22 2246
37 22 2247
37 22 2248
37 22 2249
37 22 2250
37 22 2251
37 22 2252
37 22 2253
37 22 2254
37 22 2255
37 22 2256
37 22 2257
37 22 2258
37 22 2259
37 22 2260
37 22 2261
37 22 2262
37 22 2263
37 22 2264
37 22 2265
37 22 2266
37 22 2267
37 22 2268
37 22 2269
37 22 2270
37 22 2271
37 22 2272
37 22 2273
37 22 2274
37 22 2275
37 22 2276
37 22 2277
37 22 2278
37 22 2279
37 22 2280
37 22 2281
37 22 2282
37 22 2283
37 22 2284
37 22 2285
37 22 2286
37 22 2287
37 22 2288
37 22 2289
37 22 2290
37 22 2291
37 22 2292
37 22 2293
37 22 2294
37 22 2295
37 22 2296
37 22 2297
37 22 2298
37 22 2299
37 22 2300
37 22 2301
37 22 2302
37 22 2303
37 22 2304
37 22 2305
37 22 2306
37 22 2307
37 22 2308
37 22 2309
37 22 2310
37 22 2311
37 22 2312
37 22 2313
37 22 2314
37 22 2315
37 22 2316
37 22 2317
37 22 2318
37 22 2319
37 22 2320
37 22 2321
37 22 2322
37 22 2323
37 22 2324
37 22 2325
37 22 2326
37 22 2327
37 22 2328
37 22 2329
37 22 2330
37 22 2331
37 22 2332
37 22 2333
37 22 2334
37 22 2335
37 22 2336
37 22 2337
37 22 2338
37 22 2339
37 22 2340
37 22 2341
37 22 2342
37 22 2343
37 22 2344
37 22 2345
37 22 2346
37 22 2347
37 22 2348
37 22 2349
37 22 2350
37 22 2351
37 22 2352
37 22 2353
37 22 2354
37 22 2355
37 22 2356
37 22 2357
37 22 2358
37 22 2359
37 22 2360
37 22 2361
37 22 2362
37 22 2363
37 22 2364
37 22 2365
37 22 2366
37 22 2367
37 22 2368
37 22 2369
37 22 2370
37 22 2371
37 22 2372
37 22 2373
37 22 2374
37 22 2375
37 22 2376
37 22 2377
37 22 2378
37 22 2379
37 22 2380
37 22 2381
37 22 2382
37 22 2383
37 22 2384
37 22 2385
37 22 2386
37 22 2387
37 22 2388
37 22 2389
37 22 2390
37 22 2391
37 22 2392
37 22 2393
37 22 2394
37 22 2395
37 22 2396
37 22 2397
37 22 2398
37 22 2399
37 22 2400
37 22 2401
37 22 2402
37 22 2403
37 22 2404
37 22 2405
37 22 2406
37 22 2407
37 22 2408
37 22 2409
37 22 2410
37 22 2411
37 22 2412
37 22 2413
37 22 2414
37 22 2415
37 22 2416
37 22 2417
37 22 2418
37 22 2419
37 22 2420
37 22 2421
37 22 2422
37 22 2423
37 22 2424
37 22 2425
37 22 2426
37 22 2427
37 22 2428
37 22 2429
37 22 2430
37 22 2431
37 22 2432
37 22 2433
37 22 2434
37 22 2435
37 22 2436
37 22 2437
37 22 2438
37 22 2439
37 22 2440
37 22 2441
37 22 2442
37 22 2443
37 22 2444
37 22 2445
37 22 2446
37 22 2447
37 22 2448
37 22 2449
37 22 2450
37 22 2451
37 22 2452
37 22 2453
37 22 2454
37 22 2455
37 22 2456
37 22 2457
