15 29 1
15 29 2
15 29 3
15 29 4
15 29 5
15 29 6
15 29 7
15 29 8
15 29 9
15 29 10
15 29 11
15 29 12
15 29 13
15 29 14
15 29 15
15 29 16
15 29 17
15 29 18
15 29 19
15 29 20
15 29 21
15 29 22
15 29 23
15 29 24
15 29 25
15 29 26
15 29 27
15 29 28
15 29 29
15 29 30
15 29 31
15 29 32
15 29 33
15 29 34
15 29 35
15 29 36
15 29 37
15 29 38
15 29 39
15 29 40
15 29 41
15 29 42
15 29 43
15 29 44
15 29 45
15 29 46
15 29 47
15 29 48
15 29 49
15 29 50
15 29 51
15 29 52
15 29 53
15 29 54
15 29 55
15 29 56
15 29 57
15 29 58
15 29 59
15 29 60
15 29 61
15 29 62
15 29 63
15 29 64
15 29 65
15 29 66
15 29 67
15 29 68
15 29 69
15 29 70
15 29 71
15 29 72
15 29 73
15 29 74
15 29 75
15 29 76
15 29 77
15 29 78
15 29 79
15 29 80
15 29 81
15 29 82
15 29 83
15 29 84
15 29 85
15 29 86
15 29 87
15 29 88
15 29 89
15 29 90
15 29 91
15 29 92
15 29 93
15 29 94
15 29 95
15 29 96
15 29 97
15 29 98
15 29 99
15 29 100
15 29 101
15 29 102
15 29 103
15 29 104
15 29 105
15 29 106
15 29 107
15 29 108
15 29 109
15 29 110
15 29 111
15 29 112
15 29 113
15 29 114
15 29 115
15 29 116
15 29 117
15 29 118
15 29 119
15 29 120
15 29 121
15 29 122
15 29 123
15 29 124
15 29 125
15 29 126
15 29 127
15 29 128
15 29 129
15 29 130
15 29 131
15 29 132
15 29 133
15 29 134
15 29 135
15 29 136
15 29 137
15 29 138
15 29 139
15 29 140
15 29 141
15 29 142
15 29 143
15 29 144
15 29 145
15 29 146
15 29 147
15 29 148
15 29 149
15 29 150
15 29 151
15 29 152
15 29 153
15 29 154
15 29 155
15 29 156
15 29 157
15 29 158
15 29 159
15 29 160
15 29 161
15 29 162
15 29 163
15 29 164
15 29 165
15 29 166
15 29 167
15 29 168
15 29 169
15 29 170
15 29 171
15 29 172
15 29 173
15 29 174
15 29 175
15 29 176
15 29 177
15 29 178
15 29 179
15 29 180
15 29 181
15 29 182
15 29 183
15 29 184
15 29 185
15 29 186
15 29 187
15 29 188
15 29 189
15 29 190
15 29 191
15 29 192
15 29 193
15 29 194
15 29 195
15 29 196
15 29 197
15 29 198
15 29 199
15 29 200
15 29 201
15 29 202
15 29 203
15 29 204
