22 37 1
22 37 2
22 37 3
22 37 4
22 37 5
22 37 6
22 37 7
22 37 8
22 37 9
22 37 10
22 37 11
22 37 12
22 37 13
22 37 14
22 37 15
22 37 16
22 37 17
22 37 18
22 37 19
22 37 20
22 37 21
22 37 22
22 37 23
22 37 24
22 37 25
22 37 26
22 37 27
22 37 28
22 37 29
22 37 30
22 37 31
22 37 32
22 37 33
22 37 34
22 37 35
22 37 36
22 37 37
22 37 38
22 37 39
22 37 40
22 37 41
22 37 42
22 37 43
22 37 44
22 37 45
22 37 46
22 37 47
22 37 48
22 37 49
22 37 50
22 37 51
22 37 52
22 37 53
22 37 54
22 37 55
22 37 56
22 37 57
22 37 58
22 37 59
22 37 60
22 37 61
22 37 62
22 37 63
22 37 64
22 37 65
22 37 66
22 37 67
22 37 68
22 37 69
22 37 70
22 37 71
22 37 72
22 37 73
22 37 74
22 37 75
22 37 76
22 37 77
22 37 78
22 37 79
22 37 80
22 37 81
22 37 82
22 37 83
22 37 84
22 37 85
22 37 86
22 37 87
22 37 88
22 37 89
22 37 90
22 37 91
22 37 92
22 37 93
22 37 94
22 37 95
22 37 96
22 37 97
22 37 98
22 37 99
22 37 100
22 37 101
22 37 102
22 37 103
22 37 104
22 37 105
22 37 106
22 37 107
22 37 108
22 37 109
22 37 110
22 37 111
22 37 112
22 37 113
22 37 114
22 37 115
22 37 116
22 37 117
22 37 118
22 37 119
22 37 120
22 37 121
22 37 122
22 37 123
22 37 124
22 37 125
22 37 126
22 37 127
22 37 128
22 37 129
22 37 130
22 37 131
22 37 132
22 37 133
22 37 134
22 37 135
22 37 136
22 37 137
22 37 138
22 37 139
22 37 140
22 37 141
22 37 142
22 37 143
22 37 144
22 37 145
22 37 146
22 37 147
22 37 148
22 37 149
22 37 150
22 37 151
22 37 152
22 37 153
22 37 154
22 37 155
22 37 156
22 37 157
22 37 158
22 37 159
22 37 160
22 37 161
22 37 162
22 37 163
22 37 164
22 37 165
22 37 166
22 37 167
22 37 168
22 37 169
22 37 170
22 37 171
22 37 172
22 37 173
22 37 174
22 37 175
22 37 176
22 37 177
22 37 178
22 37 179
22 37 180
22 37 181
22 37 182
22 37 183
22 37 184
22 37 185
22 37 186
22 37 187
22 37 188
22 37 189
22 37 190
22 37 191
22 37 192
22 37 193
22 37 194
22 37 195
22 37 196
22 37 197
22 37 198
22 37 199
22 37 200
22 37 201
22 37 202
22 37 203
22 37 204
22 37 205
22 37 206
22 37 207
22 37 208
22 37 209
22 37 210
22 37 211
22 37 212
22 37 213
22 37 214
22 37 215
22 37 216
22 37 217
22 37 218
22 37 219
22 37 220
22 37 221
22 37 222
22 37 223
22 37 224
22 37 225
22 37 226
22 37 227
22 37 228
22 37 229
22 37 230
22 37 231
22 37 232
22 37 233
22 37 234
22 37 235
22 37 236
22 37 237
22 37 238
22 37 239
22 37 240
22 37 241
22 37 242
22 37 243
22 37 244
22 37 245
22 37 246
22 37 247
22 37 248
22 37 249
22 37 250
22 37 251
22 37 252
22 37 253
22 37 254
22 37 255
22 37 256
22 37 257
22 37 258
22 37 259
22 37 260
22 37 261
22 37 262
22 37 263
22 37 264
22 37 265
22 37 266
22 37 267
22 37 268
22 37 269
22 37 270
22 37 271
22 37 272
22 37 273
22 37 274
22 37 275
22 37 276
22 37 277
22 37 278
22 37 279
22 37 280
22 37 281
22 37 282
22 37 283
22 37 284
22 37 285
22 37 286
22 37 287
22 37 288
22 37 289
22 37 290
22 37 291
22 37 292
22 37 293
22 37 294
22 37 295
22 37 296
22 37 297
22 37 298
22 37 299
22 37 300
22 37 301
22 37 302
22 37 303
22 37 304
22 37 305
22 37 306
22 37 307
22 37 308
22 37 309
22 37 310
22 37 311
22 37 312
22 37 313
22 37 314
22 37 315
22 37 316
22 37 317
22 37 318
22 37 319
22 37 320
22 37 321
22 37 322
22 37 323
22 37 324
22 37 325
22 37 326
22 37 327
22 37 328
22 37 329
22 37 330
22 37 331
22 37 332
22 37 333
22 37 334
22 37 335
22 37 336
22 37 337
22 37 338
22 37 339
22 37 340
22 37 341
22 37 342
22 37 343
22 37 344
22 37 345
22 37 346
22 37 347
22 37 348
22 37 349
22 37 350
22 37 351
22 37 352
22 37 353
22 37 354
22 37 355
22 37 356
22 37 357
22 37 358
22 37 359
22 37 360
22 37 361
22 37 362
22 37 363
22 37 364
22 37 365
22 37 366
22 37 367
22 37 368
22 37 369
22 37 370
22 37 371
22 37 372
22 37 373
22 37 374
22 37 375
22 37 376
22 37 377
22 37 378
22 37 379
22 37 380
22 37 381
22 37 382
22 37 383
22 37 384
22 37 385
22 37 386
22 37 387
22 37 388
22 37 389
22 37 390
22 37 391
22 37 392
22 37 393
22 37 394
22 37 395
22 37 396
22 37 397
22 37 398
22 37 399
22 37 400
22 37 401
22 37 402
22 37 403
22 37 404
22 37 405
22 37 406
22 37 407
22 37 408
22 37 409
22 37 410
22 37 411
22 37 412
22 37 413
22 37 414
22 37 415
22 37 416
22 37 417
22 37 418
22 37 419
22 37 420
22 37 421
22 37 422
22 37 423
22 37 424
22 37 425
22 37 426
22 37 427
22 37 428
22 37 429
22 37 430
22 37 431
22 37 432
22 37 433
22 37 434
22 37 435
22 37 436
22 37 437
22 37 438
22 37 439
22 37 440
22 37 441
22 37 442
22 37 443
22 37 444
22 37 445
22 37 446
22 37 447
22 37 448
22 37 449
22 37 450
22 37 451
22 37 452
22 37 453
22 37 454
22 37 455
22 37 456
22 37 457
22 37 458
22 37 459
22 37 460
22 37 461
22 37 462
22 37 463
22 37 464
22 37 465
22 37 466
22 37 467
22 37 468
22 37 469
22 37 470
22 37 471
22 37 472
22 37 473
22 37 474
22 37 475
22 37 476
22 37 477
22 37 478
22 37 479
22 37 480
22 37 481
22 37 482
22 37 483
22 37 484
22 37 485
22 37 486
22 37 487
22 37 488
22 37 489
22 37 490
22 37 491
22 37 492
22 37 493
22 37 494
22 37 495
22 37 496
22 37 497
22 37 498
22 37 499
22 37 500
22 37 501
22 37 502
22 37 503
22 37 504
22 37 505
22 37 506
22 37 507
22 37 508
22 37 509
22 37 510
22 37 511
22 37 512
22 37 513
22 37 514
22 37 515
22 37 516
22 37 517
22 37 518
22 37 519
22 37 520
22 37 521
22 37 522
22 37 523
22 37 524
22 37 525
22 37 526
22 37 527
22 37 528
22 37 529
22 37 530
22 37 531
22 37 532
22 37 533
22 37 534
22 37 535
22 37 536
22 37 537
22 37 538
22 37 539
22 37 540
22 37 541
22 37 542
22 37 543
22 37 544
22 37 545
22 37 546
22 37 547
22 37 548
22 37 549
22 37 550
22 37 551
22 37 552
22 37 553
22 37 554
22 37 555
22 37 556
22 37 557
22 37 558
22 37 559
22 37 560
22 37 561
22 37 562
22 37 563
22 37 564
22 37 565
22 37 566
22 37 567
22 37 568
22 37 569
22 37 570
22 37 571
22 37 572
22 37 573
22 37 574
22 37 575
22 37 576
22 37 577
22 37 578
22 37 579
22 37 580
22 37 581
22 37 582
22 37 583
22 37 584
22 37 585
22 37 586
22 37 587
22 37 588
22 37 589
22 37 590
22 37 591
22 37 592
22 37 593
22 37 594
22 37 595
22 37 596
22 37 597
22 37 598
22 37 599
22 37 600
22 37 601
22 37 602
22 37 603
22 37 604
22 37 605
22 37 606
22 37 607
22 37 608
22 37 609
22 37 610
22 37 611
22 37 612
22 37 613
22 37 614
22 37 615
22 37 616
22 37 617
22 37 618
22 37 619
22 37 620
22 37 621
22 37 622
22 37 623
22 37 624
22 37 625
22 37 626
22 37 627
22 37 628
22 37 629
22 37 630
22 37 631
22 37 632
22 37 633
22 37 634
22 37 635
22 37 636
22 37 637
22 37 638
22 37 639
22 37 640
22 37 641
22 37 642
22 37 643
22 37 644
22 37 645
22 37 646
22 37 647
22 37 648
22 37 649
22 37 650
22 37 651
22 37 652
22 37 653
22 37 654
22 37 655
22 37 656
22 37 657
22 37 658
22 37 659
22 37 660
22 37 661
22 37 662
22 37 663
22 37 664
22 37 665
22 37 666
22 37 667
22 37 668
22 37 669
22 37 670
22 37 671
22 37 672
22 37 673
22 37 674
22 37 675
22 37 676
22 37 677
22 37 678
22 37 679
22 37 680
22 37 681
22 37 682
22 37 683
22 37 684
22 37 685
22 37 686
22 37 687
22 37 688
22 37 689
22 37 690
22 37 691
22 37 692
22 37 693
22 37 694
22 37 695
22 37 696
22 37 697
22 37 698
22 37 699
22 37 700
22 37 701
22 37 702
22 37 703
22 37 704
22 37 705
22 37 706
22 37 707
22 37 708
22 37 709
22 37 710
22 37 711
22 37 712
22 37 713
22 37 714
22 37 715
22 37 716
22 37 717
22 37 718
22 37 719
22 37 720
22 37 721
22 37 722
22 37 723
22 37 724
22 37 725
22 37 726
22 37 727
22 37 728
22 37 729
22 37 730
22 37 731
22 37 732
22 37 733
22 37 734
22 37 735
22 37 736
22 37 737
22 37 738
22 37 739
22 37 740
22 37 741
22 37 742
22 37 743
22 37 744
22 37 745
22 37 746
22 37 747
22 37 748
22 37 749
22 37 750
22 37 751
22 37 752
22 37 753
22 37 754
22 37 755
22 37 756
22 37 757
22 37 758
22 37 759
22 37 760
22 37 761
22 37 762
22 37 763
22 37 764
22 37 765
22 37 766
22 37 767
22 37 768
22 37 769
22 37 770
22 37 771
22 37 772
22 37 773
22 37 774
22 37 775
22 37 776
22 37 777
22 37 778
22 37 779
22 37 780
22 37 781
22 37 782
22 37 783
22 37 784
22 37 785
22 37 786
22 37 787
22 37 788
22 37 789
22 37 790
22 37 791
22 37 792
22 37 793
22 37 794
22 37 795
22 37 796
22 37 797
22 37 798
22 37 799
22 37 800
22 37 801
22 37 802
22 37 803
22 37 804
22 37 805
22 37 806
22 37 807
22 37 808
22 37 809
22 37 810
22 37 811
22 37 812
22 37 813
22 37 814
22 37 815
22 37 816
22 37 817
22 37 818
22 37 819
22 37 820
22 37 821
22 37 822
22 37 823
22 37 824
22 37 825
22 37 826
22 37 827
22 37 828
22 37 829
22 37 830
22 37 831
22 37 832
22 37 833
22 37 834
22 37 835
22 37 836
22 37 837
22 37 838
22 37 839
22 37 840
22 37 841
22 37 842
22 37 843
22 37 844
22 37 845
22 37 846
22 37 847
22 37 848
22 37 849
22 37 850
22 37 851
22 37 852
22 37 853
22 37 854
22 37 855
22 37 856
22 37 857
22 37 858
22 37 859
22 37 860
22 37 861
22 37 862
22 37 863
22 37 864
22 37 865
22 37 866
22 37 867
22 37 868
22 37 869
22 37 870
22 37 871
22 37 872
22 37 873
22 37 874
22 37 875
22 37 876
22 37 877
22 37 878
22 37 879
22 37 880
22 37 881
22 37 882
22 37 883
22 37 884
22 37 885
22 37 886
22 37 887
22 37 888
22 37 889
22 37 890
22 37 891
22 37 892
22 37 893
22 37 894
22 37 895
22 37 896
22 37 897
22 37 898
22 37 899
22 37 900
22 37 901
22 37 902
22 37 903
22 37 904
22 37 905
22 37 906
22 37 907
22 37 908
22 37 909
22 37 910
22 37 911
22 37 912
22 37 913
22 37 914
22 37 915
22 37 916
22 37 917
22 37 918
22 37 919
22 37 920
22 37 921
22 37 922
22 37 923
22 37 924
22 37 925
22 37 926
22 37 927
22 37 928
22 37 929
22 37 930
22 37 931
22 37 932
22 37 933
22 37 934
22 37 935
22 37 936
22 37 937
22 37 938
22 37 939
22 37 940
22 37 941
22 37 942
22 37 943
22 37 944
22 37 945
22 37 946
22 37 947
22 37 948
22 37 949
22 37 950
22 37 951
22 37 952
22 37 953
22 37 954
22 37 955
22 37 956
22 37 957
22 37 958
22 37 959
22 37 960
22 37 961
22 37 962
22 37 963
22 37 964
22 37 965
22 37 966
22 37 967
22 37 968
22 37 969
22 37 970
22 37 971
22 37 972
22 37 973
22 37 974
22 37 975
22 37 976
22 37 977
22 37 978
22 37 979
22 37 980
22 37 981
22 37 982
22 37 983
22 37 984
22 37 985
22 37 986
22 37 987
22 37 988
22 37 989
22 37 990
22 37 991
22 37 992
22 37 993
22 37 994
22 37 995
22 37 996
22 37 997
22 37 998
22 37 999
22 37 1000
22 37 1001
22 37 1002
22 37 1003
22 37 1004
22 37 1005
22 37 1006
22 37 1007
22 37 1008
22 37 1009
22 37 1010
22 37 1011
22 37 1012
22 37 1013
22 37 1014
22 37 1015
22 37 1016
22 37 1017
22 37 1018
22 37 1019
22 37 1020
22 37 1021
22 37 1022
22 37 1023
22 37 1024
22 37 1025
22 37 1026
22 37 1027
22 37 1028
22 37 1029
22 37 1030
22 37 1031
22 37 1032
22 37 1033
22 37 1034
22 37 1035
22 37 1036
22 37 1037
22 37 1038
22 37 1039
22 37 1040
22 37 1041
22 37 1042
22 37 1043
22 37 1044
22 37 1045
22 37 1046
22 37 1047
22 37 1048
22 37 1049
22 37 1050
22 37 1051
22 37 1052
22 37 1053
22 37 1054
22 37 1055
22 37 1056
22 37 1057
22 37 1058
22 37 1059
22 37 1060
22 37 1061
22 37 1062
22 37 1063
22 37 1064
22 37 1065
22 37 1066
22 37 1067
22 37 1068
22 37 1069
22 37 1070
22 37 1071
22 37 1072
22 37 1073
22 37 1074
22 37 1075
22 37 1076
22 37 1077
22 37 1078
22 37 1079
22 37 1080
22 37 1081
22 37 1082
22 37 1083
22 37 1084
22 37 1085
22 37 1086
22 37 1087
22 37 1088
22 37 1089
22 37 1090
22 37 1091
22 37 1092
22 37 1093
22 37 1094
22 37 1095
22 37 1096
22 37 1097
22 37 1098
22 37 1099
22 37 1100
22 37 1101
22 37 1102
22 37 1103
22 37 1104
22 37 1105
22 37 1106
22 37 1107
22 37 1108
22 37 1109
22 37 1110
22 37 1111
22 37 1112
22 37 1113
22 37 1114
22 37 1115
22 37 1116
22 37 1117
22 37 1118
22 37 1119
22 37 1120
22 37 1121
22 37 1122
22 37 1123
22 37 1124
22 37 1125
22 37 1126
22 37 1127
22 37 1128
22 37 1129
22 37 1130
22 37 1131
22 37 1132
22 37 1133
22 37 1134
22 37 1135
22 37 1136
22 37 1137
22 37 1138
22 37 1139
22 37 1140
22 37 1141
22 37 1142
22 37 1143
22 37 1144
22 37 1145
22 37 1146
22 37 1147
22 37 1148
22 37 1149
22 37 1150
22 37 1151
22 37 1152
22 37 1153
22 37 1154
22 37 1155
22 37 1156
22 37 1157
22 37 1158
22 37 1159
22 37 1160
22 37 1161
22 37 1162
22 37 1163
22 37 1164
22 37 1165
22 37 1166
22 37 1167
22 37 1168
22 37 1169
22 37 1170
22 37 1171
22 37 1172
22 37 1173
22 37 1174
22 37 1175
22 37 1176
22 37 1177
22 37 1178
22 37 1179
22 37 1180
22 37 1181
22 37 1182
22 37 1183
22 37 1184
22 37 1185
22 37 1186
22 37 1187
22 37 1188
22 37 1189
22 37 1190
22 37 1191
22 37 1192
22 37 1193
22 37 1194
22 37 1195
22 37 1196
22 37 1197
22 37 1198
22 37 1199
22 37 1200
22 37 1201
22 37 1202
22 37 1203
22 37 1204
22 37 1205
22 37 1206
22 37 1207
22 37 1208
22 37 1209
22 37 1210
22 37 1211
22 37 1212
22 37 1213
22 37 1214
22 37 1215
22 37 1216
22 37 1217
22 37 1218
22 37 1219
22 37 1220
22 37 1221
22 37 1222
22 37 1223
22 37 1224
22 37 1225
22 37 1226
22 37 1227
22 37 1228
22 37 1229
22 37 1230
22 37 1231
22 37 1232
22 37 1233
22 37 1234
22 37 1235
22 37 1236
22 37 1237
22 37 1238
22 37 1239
22 37 1240
22 37 1241
22 37 1242
22 37 1243
22 37 1244
22 37 1245
22 37 1246
22 37 1247
22 37 1248
22 37 1249
22 37 1250
22 37 1251
22 37 1252
22 37 1253
22 37 1254
22 37 1255
22 37 1256
22 37 1257
22 37 1258
22 37 1259
22 37 1260
22 37 1261
22 37 1262
22 37 1263
22 37 1264
22 37 1265
22 37 1266
22 37 1267
22 37 1268
22 37 1269
22 37 1270
22 37 1271
22 37 1272
22 37 1273
22 37 1274
22 37 1275
22 37 1276
22 37 1277
22 37 1278
22 37 1279
22 37 1280
22 37 1281
22 37 1282
22 37 1283
22 37 1284
22 37 1285
22 37 1286
22 37 1287
22 37 1288
22 37 1289
22 37 1290
22 37 1291
22 37 1292
22 37 1293
22 37 1294
22 37 1295
22 37 1296
22 37 1297
22 37 1298
22 37 1299
22 37 1300
22 37 1301
22 37 1302
22 37 1303
22 37 1304
22 37 1305
22 37 1306
22 37 1307
22 37 1308
22 37 1309
22 37 1310
22 37 1311
22 37 1312
22 37 1313
22 37 1314
22 37 1315
22 37 1316
22 37 1317
22 37 1318
22 37 1319
22 37 1320
22 37 1321
22 37 1322
22 37 1323
22 37 1324
22 37 1325
22 37 1326
22 37 1327
22 37 1328
22 37 1329
22 37 1330
22 37 1331
22 37 1332
22 37 1333
22 37 1334
22 37 1335
22 37 1336
22 37 1337
22 37 1338
22 37 1339
22 37 1340
22 37 1341
22 37 1342
22 37 1343
22 37 1344
22 37 1345
22 37 1346
22 37 1347
22 37 1348
22 37 1349
22 37 1350
22 37 1351
22 37 1352
22 37 1353
22 37 1354
22 37 1355
22 37 1356
22 37 1357
22 37 1358
22 37 1359
22 37 1360
22 37 1361
22 37 1362
22 37 1363
22 37 1364
22 37 1365
22 37 1366
22 37 1367
22 37 1368
22 37 1369
22 37 1370
22 37 1371
22 37 1372
22 37 1373
22 37 1374
22 37 1375
22 37 1376
22 37 1377
22 37 1378
22 37 1379
22 37 1380
22 37 1381
22 37 1382
22 37 1383
22 37 1384
22 37 1385
22 37 1386
22 37 1387
22 37 1388
22 37 1389
22 37 1390
22 37 1391
22 37 1392
22 37 1393
22 37 1394
22 37 1395
22 37 1396
22 37 1397
22 37 1398
22 37 1399
22 37 1400
22 37 1401
22 37 1402
22 37 1403
22 37 1404
22 37 1405
22 37 1406
22 37 1407
22 37 1408
22 37 1409
22 37 1410
22 37 1411
22 37 1412
22 37 1413
22 37 1414
22 37 1415
22 37 1416
22 37 1417
22 37 1418
22 37 1419
22 37 1420
22 37 1421
22 37 1422
22 37 1423
22 37 1424
22 37 1425
22 37 1426
22 37 1427
22 37 1428
22 37 1429
22 37 1430
22 37 1431
22 37 1432
22 37 1433
22 37 1434
22 37 1435
22 37 1436
22 37 1437
22 37 1438
22 37 1439
22 37 1440
22 37 1441
22 37 1442
22 37 1443
22 37 1444
22 37 1445
22 37 1446
22 37 1447
22 37 1448
22 37 1449
22 37 1450
22 37 1451
22 37 1452
22 37 1453
22 37 1454
22 37 1455
22 37 1456
22 37 1457
22 37 1458
22 37 1459
22 37 1460
22 37 1461
22 37 1462
22 37 1463
22 37 1464
22 37 1465
22 37 1466
22 37 1467
22 37 1468
22 37 1469
22 37 1470
22 37 1471
22 37 1472
22 37 1473
22 37 1474
22 37 1475
22 37 1476
22 37 1477
22 37 1478
22 37 1479
22 37 1480
22 37 1481
22 37 1482
22 37 1483
22 37 1484
22 37 1485
22 37 1486
22 37 1487
22 37 1488
22 37 1489
22 37 1490
22 37 1491
22 37 1492
22 37 1493
22 37 1494
22 37 1495
22 37 1496
22 37 1497
22 37 1498
22 37 1499
22 37 1500
22 37 1501
22 37 1502
22 37 1503
22 37 1504
22 37 1505
22 37 1506
22 37 1507
22 37 1508
22 37 1509
22 37 1510
22 37 1511
22 37 1512
22 37 1513
22 37 1514
22 37 1515
22 37 1516
22 37 1517
22 37 1518
22 37 1519
22 37 1520
22 37 1521
22 37 1522
22 37 1523
22 37 1524
22 37 1525
22 37 1526
22 37 1527
22 37 1528
22 37 1529
22 37 1530
22 37 1531
22 37 1532
22 37 1533
22 37 1534
22 37 1535
22 37 1536
22 37 1537
22 37 1538
22 37 1539
22 37 1540
22 37 1541
22 37 1542
22 37 1543
22 37 1544
22 37 1545
22 37 1546
22 37 1547
22 37 1548
22 37 1549
22 37 1550
22 37 1551
22 37 1552
22 37 1553
22 37 1554
22 37 1555
22 37 1556
22 37 1557
22 37 1558
22 37 1559
22 37 1560
22 37 1561
22 37 1562
22 37 1563
22 37 1564
22 37 1565
22 37 1566
22 37 1567
22 37 1568
22 37 1569
22 37 1570
22 37 1571
22 37 1572
22 37 1573
22 37 1574
22 37 1575
22 37 1576
22 37 1577
22 37 1578
22 37 1579
22 37 1580
22 37 1581
22 37 1582
22 37 1583
22 37 1584
22 37 1585
22 37 1586
22 37 1587
22 37 1588
22 37 1589
22 37 1590
22 37 1591
22 37 1592
22 37 1593
22 37 1594
22 37 1595
22 37 1596
22 37 1597
22 37 1598
22 37 1599
22 37 1600
22 37 1601
22 37 1602
22 37 1603
22 37 1604
22 37 1605
22 37 1606
22 37 1607
22 37 1608
22 37 1609
22 37 1610
22 37 1611
22 37 1612
22 37 1613
22 37 1614
22 37 1615
22 37 1616
22 37 1617
22 37 1618
22 37 1619
22 37 1620
22 37 1621
22 37 1622
22 37 1623
22 37 1624
22 37 1625
22 37 1626
22 37 1627
22 37 1628
22 37 1629
22 37 1630
22 37 1631
22 37 1632
22 37 1633
22 37 1634
22 37 1635
22 37 1636
22 37 1637
22 37 1638
22 37 1639
22 37 1640
22 37 1641
22 37 1642
22 37 1643
22 37 1644
22 37 1645
22 37 1646
22 37 1647
22 37 1648
22 37 1649
22 37 1650
22 37 1651
22 37 1652
22 37 1653
22 37 1654
22 37 1655
22 37 1656
22 37 1657
22 37 1658
22 37 1659
22 37 1660
22 37 1661
22 37 1662
22 37 1663
22 37 1664
22 37 1665
22 37 1666
22 37 1667
22 37 1668
22 37 1669
22 37 1670
22 37 1671
22 37 1672
22 37 1673
22 37 1674
22 37 1675
22 37 1676
22 37 1677
22 37 1678
22 37 1679
22 37 1680
22 37 1681
22 37 1682
22 37 1683
22 37 1684
22 37 1685
22 37 1686
22 37 1687
22 37 1688
22 37 1689
22 37 1690
22 37 1691
22 37 1692
22 37 1693
22 37 1694
22 37 1695
22 37 1696
22 37 1697
22 37 1698
22 37 1699
22 37 1700
22 37 1701
22 37 1702
22 37 1703
22 37 1704
22 37 1705
22 37 1706
22 37 1707
22 37 1708
22 37 1709
22 37 1710
22 37 1711
22 37 1712
22 37 1713
22 37 1714
22 37 1715
22 37 1716
22 37 1717
22 37 1718
22 37 1719
22 37 1720
22 37 1721
22 37 1722
22 37 1723
22 37 1724
22 37 1725
22 37 1726
22 37 1727
22 37 1728
22 37 1729
22 37 1730
22 37 1731
22 37 1732
22 37 1733
22 37 1734
22 37 1735
22 37 1736
22 37 1737
22 37 1738
22 37 1739
22 37 1740
22 37 1741
22 37 1742
22 37 1743
22 37 1744
22 37 1745
22 37 1746
22 37 1747
22 37 1748
22 37 1749
22 37 1750
22 37 1751
22 37 1752
22 37 1753
22 37 1754
22 37 1755
22 37 1756
22 37 1757
22 37 1758
22 37 1759
22 37 1760
22 37 1761
22 37 1762
22 37 1763
22 37 1764
22 37 1765
22 37 1766
22 37 1767
22 37 1768
22 37 1769
22 37 1770
22 37 1771
22 37 1772
22 37 1773
22 37 1774
22 37 1775
22 37 1776
22 37 1777
22 37 1778
22 37 1779
22 37 1780
22 37 1781
22 37 1782
22 37 1783
22 37 1784
22 37 1785
22 37 1786
22 37 1787
22 37 1788
22 37 1789
22 37 1790
22 37 1791
22 37 1792
22 37 1793
22 37 1794
22 37 1795
22 37 1796
22 37 1797
22 37 1798
22 37 1799
22 37 1800
22 37 1801
22 37 1802
22 37 1803
22 37 1804
22 37 1805
22 37 1806
22 37 1807
22 37 1808
22 37 1809
22 37 1810
22 37 1811
22 37 1812
22 37 1813
22 37 1814
22 37 1815
22 37 1816
22 37 1817
22 37 1818
22 37 1819
22 37 1820
22 37 1821
22 37 1822
22 37 1823
22 37 1824
22 37 1825
22 37 1826
22 37 1827
22 37 1828
22 37 1829
22 37 1830
22 37 1831
22 37 1832
22 37 1833
22 37 1834
22 37 1835
22 37 1836
22 37 1837
22 37 1838
22 37 1839
22 37 1840
22 37 1841
22 37 1842
22 37 1843
22 37 1844
22 37 1845
22 37 1846
22 37 1847
22 37 1848
22 37 1849
22 37 1850
22 37 1851
22 37 1852
22 37 1853
22 37 1854
22 37 1855
22 37 1856
22 37 1857
22 37 1858
22 37 1859
22 37 1860
22 37 1861
22 37 1862
22 37 1863
22 37 1864
22 37 1865
22 37 1866
22 37 1867
22 37 1868
22 37 1869
22 37 1870
22 37 1871
22 37 1872
22 37 1873
22 37 1874
22 37 1875
22 37 1876
22 37 1877
22 37 1878
22 37 1879
22 37 1880
22 37 1881
22 37 1882
22 37 1883
22 37 1884
22 37 1885
22 37 1886
22 37 1887
22 37 1888
22 37 1889
22 37 1890
22 37 1891
22 37 1892
22 37 1893
22 37 1894
22 37 1895
22 37 1896
22 37 1897
22 37 1898
22 37 1899
22 37 1900
22 37 1901
22 37 1902
22 37 1903
22 37 1904
22 37 1905
22 37 1906
22 37 1907
22 37 1908
22 37 1909
22 37 1910
22 37 1911
22 37 1912
22 37 1913
22 37 1914
22 37 1915
22 37 1916
22 37 1917
22 37 1918
22 37 1919
22 37 1920
22 37 1921
22 37 1922
22 37 1923
22 37 1924
22 37 1925
22 37 1926
22 37 1927
22 37 1928
22 37 1929
22 37 1930
22 37 1931
22 37 1932
22 37 1933
22 37 1934
22 37 1935
22 37 1936
22 37 1937
22 37 1938
22 37 1939
22 37 1940
22 37 1941
22 37 1942
22 37 1943
22 37 1944
22 37 1945
22 37 1946
22 37 1947
22 37 1948
22 37 1949
22 37 1950
22 37 1951
22 37 1952
22 37 1953
22 37 1954
22 37 1955
22 37 1956
22 37 1957
22 37 1958
22 37 1959
22 37 1960
22 37 1961
22 37 1962
22 37 1963
22 37 1964
22 37 1965
22 37 1966
22 37 1967
22 37 1968
22 37 1969
22 37 1970
22 37 1971
22 37 1972
22 37 1973
22 37 1974
22 37 1975
22 37 1976
22 37 1977
22 37 1978
22 37 1979
22 37 1980
22 37 1981
22 37 1982
22 37 1983
22 37 1984
22 37 1985
22 37 1986
22 37 1987
22 37 1988
22 37 1989
22 37 1990
22 37 1991
22 37 1992
22 37 1993
22 37 1994
22 37 1995
22 37 1996
22 37 1997
22 37 1998
22 37 1999
22 37 2000
22 37 2001
22 37 2002
22 37 2003
22 37 2004
22 37 2005
22 37 2006
22 37 2007
22 37 2008
22 37 2009
22 37 2010
22 37 2011
22 37 2012
22 37 2013
22 37 2014
22 37 2015
22 37 2016
22 37 2017
22 37 2018
22 37 2019
22 37 2020
22 37 2021
22 37 2022
22 37 2023
22 37 2024
22 37 2025
22 37 2026
22 37 2027
22 37 2028
22 37 2029
22 37 2030
22 37 2031
22 37 2032
22 37 2033
22 37 2034
22 37 2035
22 37 2036
22 37 2037
22 37 2038
22 37 2039
22 37 2040
22 37 2041
22 37 2042
22 37 2043
22 37 2044
22 37 2045
22 37 2046
22 37 2047
22 37 2048
22 37 2049
22 37 2050
22 37 2051
22 37 2052
22 37 2053
22 37 2054
22 37 2055
22 37 2056
22 37 2057
22 37 2058
22 37 2059
22 37 2060
22 37 2061
22 37 2062
22 37 2063
22 37 2064
22 37 2065
22 37 2066
22 37 2067
22 37 2068
22 37 2069
22 37 2070
22 37 2071
22 37 2072
22 37 2073
22 37 2074
22 37 2075
22 37 2076
22 37 2077
22 37 2078
22 37 2079
22 37 2080
22 37 2081
22 37 2082
22 37 2083
22 37 2084
22 37 2085
22 37 2086
22 37 2087
22 37 2088
22 37 2089
22 37 2090
22 37 2091
22 37 2092
22 37 2093
22 37 2094
22 37 2095
22 37 2096
22 37 2097
22 37 2098
22 37 2099
22 37 2100
22 37 2101
22 37 2102
22 37 2103
22 37 2104
22 37 2105
22 37 2106
22 37 2107
22 37 2108
22 37 2109
22 37 2110
22 37 2111
22 37 2112
22 37 2113
22 37 2114
22 37 2115
22 37 2116
22 37 2117
22 37 2118
22 37 2119
22 37 2120
22 37 2121
22 37 2122
22 37 2123
22 37 2124
22 37 2125
22 37 2126
22 37 2127
22 37 2128
22 37 2129
22 37 2130
22 37 2131
22 37 2132
22 37 2133
22 37 2134
22 37 2135
22 37 2136
22 37 2137
22 37 2138
22 37 2139
22 37 2140
22 37 2141
22 37 2142
22 37 2143
22 37 2144
22 37 2145
22 37 2146
22 37 2147
22 37 2148
22 37 2149
22 37 2150
22 37 2151
22 37 2152
22 37 2153
22 37 2154
22 37 2155
22 37 2156
22 37 2157
22 37 2158
22 37 2159
22 37 2160
22 37 2161
22 37 2162
22 37 2163
22 37 2164
22 37 2165
22 37 2166
22 37 2167
22 37 2168
22 37 2169
22 37 2170
22 37 2171
22 37 2172
22 37 2173
22 37 2174
22 37 2175
22 37 2176
22 37 2177
22 37 2178
22 37 2179
22 37 2180
22 37 2181
22 37 2182
22 37 2183
22 37 2184
22 37 2185
22 37 2186
22 37 2187
22 37 2188
22 37 2189
22 37 2190
22 37 2191
22 37 2192
22 37 2193
22 37 2194
22 37 2195
22 37 2196
22 37 2197
22 37 2198
22 37 2199
22 37 2200
22 37 2201
22 37 2202
22 37 2203
22 37 2204
22 37 2205
22 37 2206
22 37 2207
22 37 2208
22 37 2209
22 37 2210
22 37 2211
22 37 2212
22 37 2213
22 37 2214
22 37 2215
22 37 2216
22 37 2217
22 37 2218
22 37 2219
22 37 2220
22 37 2221
22 37 2222
22 37 2223
22 37 2224
22 37 2225
22 37 2226
22 37 2227
22 37 2228
22 37 2229
22 37 2230
22 37 2231
22 37 2232
22 37 2233
22 37 2234
22 37 2235
22 37 2236
22 37 2237
22 37 2238
22 37 2239
22 37 2240
22 37 2241
22 37 2242
22 37 2243
22 37 2244
22 37 2245
22 37 2246
22 37 2247
22 37 2248
22 37 2249
22 37 2250
22 37 2251
22 37 2252
22 37 2253
22 37 2254
22 37 2255
22 37 2256
22 37 2257
22 37 2258
22 37 2259
22 37 2260
22 37 2261
22 37 2262
22 37 2263
22 37 2264
22 37 2265
22 37 2266
22 37 2267
22 37 2268
22 37 2269
22 37 2270
22 37 2271
22 37 2272
22 37 2273
22 37 2274
22 37 2275
22 37 2276
22 37 2277
22 37 2278
22 37 2279
22 37 2280
22 37 2281
22 37 2282
22 37 2283
22 37 2284
22 37 2285
22 37 2286
22 37 2287
22 37 2288
22 37 2289
22 37 2290
22 37 2291
22 37 2292
22 37 2293
22 37 2294
22 37 2295
22 37 2296
22 37 2297
22 37 2298
22 37 2299
22 37 2300
22 37 2301
22 37 2302
22 37 2303
22 37 2304
22 37 2305
22 37 2306
22 37 2307
22 37 2308
22 37 2309
22 37 2310
22 37 2311
22 37 2312
22 37 2313
22 37 2314
22 37 2315
22 37 2316
22 37 2317
22 37 2318
22 37 2319
22 37 2320
22 37 2321
22 37 2322
22 37 2323
22 37 2324
22 37 2325
22 37 2326
22 37 2327
22 37 2328
22 37 2329
22 37 2330
22 37 2331
22 37 2332
22 37 2333
22 37 2334
22 37 2335
22 37 2336
22 37 2337
22 37 2338
22 37 2339
22 37 2340
22 37 2341
22 37 2342
22 37 2343
22 37 2344
22 37 2345
22 37 2346
22 37 2347
22 37 2348
22 37 2349
22 37 2350
22 37 2351
22 37 2352
22 37 2353
22 37 2354
22 37 2355
22 37 2356
22 37 2357
22 37 2358
22 37 2359
22 37 2360
22 37 2361
22 37 2362
22 37 2363
22 37 2364
22 37 2365
22 37 2366
22 37 2367
22 37 2368
22 37 2369
22 37 2370
22 37 2371
22 37 2372
22 37 2373
22 37 2374
22 37 2375
22 37 2376
22 37 2377
22 37 2378
22 37 2379
22 37 2380
22 37 2381
22 37 2382
22 37 2383
22 37 2384
22 37 2385
22 37 2386
22 37 2387
22 37 2388
22 37 2389
22 37 2390
22 37 2391
22 37 2392
22 37 2393
22 37 2394
22 37 2395
22 37 2396
22 37 2397
22 37 2398
22 37 2399
22 37 2400
22 37 2401
22 37 2402
22 37 2403
22 37 2404
22 37 2405
22 37 2406
22 37 2407
22 37 2408
22 37 2409
22 37 2410
22 37 2411
22 37 2412
22 37 2413
22 37 2414
22 37 2415
22 37 2416
22 37 2417
22 37 2418
22 37 2419
22 37 2420
22 37 2421
22 37 2422
22 37 2423
22 37 2424
22 37 2425
22 37 2426
22 37 2427
22 37 2428
22 37 2429
22 37 2430
22 37 2431
22 37 2432
22 37 2433
22 37 2434
22 37 2435
22 37 2436
22 37 2437
22 37 2438
22 37 2439
22 37 2440
22 37 2441
22 37 2442
22 37 2443
22 37 2444
22 37 2445
22 37 2446
22 37 2447
22 37 2448
22 37 2449
22 37 2450
22 37 2451
22 37 2452
22 37 2453
22 37 2454
22 37 2455
22 37 2456
22 37 2457
