35 40 1
35 40 2
35 40 3
35 40 4
35 40 5
35 40 6
35 40 7
35 40 8
35 40 9
35 40 10
35 40 11
35 40 12
35 40 13
35 40 14
35 40 15
35 40 16
35 40 17
35 40 18
35 40 19
35 40 20
35 40 21
35 40 22
35 40 23
35 40 24
35 40 25
35 40 26
35 40 27
35 40 28
35 40 29
35 40 30
35 40 31
35 40 32
35 40 33
35 40 34
35 40 35
35 40 36
35 40 37
35 40 38
35 40 39
35 40 40
35 40 41
35 40 42
35 40 43
35 40 44
35 40 45
35 40 46
35 40 47
35 40 48
35 40 49
35 40 50
35 40 51
35 40 52
35 40 53
35 40 54
35 40 55
35 40 56
35 40 57
35 40 58
35 40 59
35 40 60
35 40 61
35 40 62
35 40 63
35 40 64
35 40 65
35 40 66
35 40 67
35 40 68
35 40 69
35 40 70
35 40 71
35 40 72
35 40 73
35 40 74
35 40 75
35 40 76
35 40 77
35 40 78
35 40 79
35 40 80
35 40 81
35 40 82
35 40 83
35 40 84
35 40 85
35 40 86
35 40 87
35 40 88
35 40 89
35 40 90
35 40 91
35 40 92
35 40 93
35 40 94
35 40 95
35 40 96
35 40 97
35 40 98
35 40 99
35 40 100
35 40 101
35 40 102
