8 40 1
8 40 2
8 40 3
8 40 4
8 40 5
8 40 6
8 40 7
8 40 8
8 40 9
8 40 10
8 40 11
8 40 12
8 40 13
8 40 14
8 40 15
8 40 16
8 40 17
8 40 18
8 40 19
8 40 20
8 40 21
8 40 22
8 40 23
8 40 24
8 40 25
8 40 26
8 40 27
8 40 28
8 40 29
8 40 30
8 40 31
8 40 32
8 40 33
8 40 34
8 40 35
8 40 36
8 40 37
8 40 38
8 40 39
8 40 40
8 40 41
8 40 42
8 40 43
8 40 44
8 40 45
8 40 46
8 40 47
8 40 48
8 40 49
8 40 50
8 40 51
8 40 52
8 40 53
8 40 54
8 40 55
8 40 56
8 40 57
8 40 58
8 40 59
8 40 60
8 40 61
8 40 62
8 40 63
8 40 64
8 40 65
8 40 66
8 40 67
8 40 68
8 40 69
8 40 70
8 40 71
8 40 72
8 40 73
8 40 74
8 40 75
8 40 76
8 40 77
8 40 78
8 40 79
8 40 80
8 40 81
8 40 82
8 40 83
8 40 84
8 40 85
8 40 86
8 40 87
8 40 88
8 40 89
8 40 90
8 40 91
8 40 92
8 40 93
8 40 94
8 40 95
8 40 96
8 40 97
8 40 98
8 40 99
8 40 100
8 40 101
8 40 102
8 40 103
8 40 104
8 40 105
8 40 106
8 40 107
8 40 108
8 40 109
8 40 110
8 40 111
8 40 112
8 40 113
8 40 114
8 40 115
8 40 116
8 40 117
8 40 118
8 40 119
8 40 120
8 40 121
8 40 122
8 40 123
8 40 124
8 40 125
8 40 126
8 40 127
8 40 128
8 40 129
8 40 130
8 40 131
8 40 132
8 40 133
8 40 134
8 40 135
8 40 136
8 40 137
8 40 138
8 40 139
8 40 140
8 40 141
8 40 142
8 40 143
8 40 144
8 40 145
8 40 146
8 40 147
8 40 148
8 40 149
8 40 150
8 40 151
8 40 152
8 40 153
8 40 154
8 40 155
8 40 156
8 40 157
8 40 158
8 40 159
8 40 160
8 40 161
8 40 162
8 40 163
8 40 164
8 40 165
8 40 166
8 40 167
8 40 168
8 40 169
8 40 170
8 40 171
8 40 172
8 40 173
8 40 174
8 40 175
8 40 176
8 40 177
8 40 178
8 40 179
8 40 180
8 40 181
8 40 182
8 40 183
8 40 184
8 40 185
8 40 186
8 40 187
8 40 188
8 40 189
8 40 190
8 40 191
8 40 192
8 40 193
8 40 194
8 40 195
8 40 196
8 40 197
8 40 198
8 40 199
8 40 200
8 40 201
8 40 202
8 40 203
8 40 204
8 40 205
8 40 206
8 40 207
8 40 208
8 40 209
8 40 210
8 40 211
8 40 212
8 40 213
8 40 214
8 40 215
8 40 216
8 40 217
8 40 218
8 40 219
8 40 220
8 40 221
8 40 222
8 40 223
8 40 224
8 40 225
8 40 226
8 40 227
8 40 228
8 40 229
8 40 230
8 40 231
8 40 232
8 40 233
8 40 234
8 40 235
8 40 236
8 40 237
8 40 238
8 40 239
8 40 240
8 40 241
8 40 242
8 40 243
8 40 244
8 40 245
8 40 246
8 40 247
8 40 248
8 40 249
8 40 250
8 40 251
8 40 252
8 40 253
8 40 254
8 40 255
8 40 256
8 40 257
8 40 258
8 40 259
8 40 260
8 40 261
8 40 262
8 40 263
8 40 264
8 40 265
8 40 266
8 40 267
8 40 268
8 40 269
8 40 270
8 40 271
8 40 272
8 40 273
8 40 274
8 40 275
8 40 276
8 40 277
8 40 278
8 40 279
8 40 280
8 40 281
8 40 282
8 40 283
8 40 284
8 40 285
8 40 286
8 40 287
8 40 288
8 40 289
8 40 290
8 40 291
8 40 292
8 40 293
8 40 294
8 40 295
8 40 296
8 40 297
8 40 298
8 40 299
8 40 300
8 40 301
8 40 302
8 40 303
8 40 304
8 40 305
8 40 306
8 40 307
8 40 308
8 40 309
8 40 310
8 40 311
8 40 312
8 40 313
8 40 314
8 40 315
8 40 316
8 40 317
8 40 318
8 40 319
8 40 320
8 40 321
8 40 322
8 40 323
8 40 324
8 40 325
8 40 326
8 40 327
8 40 328
8 40 329
8 40 330
8 40 331
8 40 332
8 40 333
8 40 334
8 40 335
8 40 336
8 40 337
8 40 338
8 40 339
8 40 340
8 40 341
8 40 342
8 40 343
8 40 344
8 40 345
8 40 346
8 40 347
8 40 348
8 40 349
8 40 350
8 40 351
8 40 352
8 40 353
8 40 354
8 40 355
8 40 356
8 40 357
8 40 358
8 40 359
8 40 360
8 40 361
8 40 362
8 40 363
8 40 364
8 40 365
8 40 366
8 40 367
8 40 368
8 40 369
8 40 370
8 40 371
8 40 372
8 40 373
8 40 374
8 40 375
8 40 376
8 40 377
8 40 378
8 40 379
8 40 380
8 40 381
8 40 382
8 40 383
8 40 384
8 40 385
8 40 386
8 40 387
8 40 388
8 40 389
8 40 390
8 40 391
8 40 392
8 40 393
8 40 394
8 40 395
8 40 396
8 40 397
8 40 398
8 40 399
8 40 400
8 40 401
8 40 402
8 40 403
8 40 404
8 40 405
8 40 406
8 40 407
8 40 408
8 40 409
