18 32 1
18 32 2
18 32 3
18 32 4
18 32 5
18 32 6
18 32 7
18 32 8
18 32 9
18 32 10
18 32 11
18 32 12
18 32 13
18 32 14
18 32 15
18 32 16
18 32 17
18 32 18
18 32 19
18 32 20
18 32 21
18 32 22
18 32 23
18 32 24
18 32 25
18 32 26
18 32 27
18 32 28
18 32 29
18 32 30
18 32 31
18 32 32
18 32 33
18 32 34
18 32 35
18 32 36
18 32 37
18 32 38
18 32 39
18 32 40
18 32 41
18 32 42
18 32 43
18 32 44
18 32 45
18 32 46
18 32 47
18 32 48
18 32 49
18 32 50
18 32 51
18 32 52
18 32 53
18 32 54
18 32 55
18 32 56
18 32 57
18 32 58
18 32 59
18 32 60
18 32 61
18 32 62
18 32 63
18 32 64
18 32 65
18 32 66
18 32 67
18 32 68
18 32 69
18 32 70
18 32 71
18 32 72
18 32 73
18 32 74
18 32 75
18 32 76
18 32 77
18 32 78
18 32 79
18 32 80
18 32 81
18 32 82
18 32 83
18 32 84
18 32 85
18 32 86
18 32 87
18 32 88
18 32 89
18 32 90
18 32 91
18 32 92
18 32 93
18 32 94
18 32 95
18 32 96
18 32 97
18 32 98
18 32 99
18 32 100
18 32 101
18 32 102
18 32 103
18 32 104
18 32 105
18 32 106
18 32 107
18 32 108
18 32 109
18 32 110
18 32 111
18 32 112
18 32 113
18 32 114
18 32 115
18 32 116
18 32 117
18 32 118
18 32 119
18 32 120
18 32 121
18 32 122
18 32 123
18 32 124
18 32 125
18 32 126
18 32 127
18 32 128
18 32 129
18 32 130
18 32 131
18 32 132
18 32 133
18 32 134
18 32 135
18 32 136
18 32 137
18 32 138
18 32 139
18 32 140
18 32 141
18 32 142
18 32 143
18 32 144
18 32 145
18 32 146
18 32 147
18 32 148
18 32 149
18 32 150
18 32 151
18 32 152
18 32 153
18 32 154
18 32 155
18 32 156
18 32 157
18 32 158
18 32 159
18 32 160
18 32 161
18 32 162
18 32 163
18 32 164
18 32 165
18 32 166
18 32 167
18 32 168
18 32 169
18 32 170
18 32 171
18 32 172
18 32 173
18 32 174
18 32 175
18 32 176
18 32 177
18 32 178
18 32 179
18 32 180
18 32 181
18 32 182
18 32 183
18 32 184
18 32 185
18 32 186
18 32 187
18 32 188
18 32 189
18 32 190
18 32 191
18 32 192
18 32 193
18 32 194
18 32 195
18 32 196
18 32 197
18 32 198
18 32 199
18 32 200
18 32 201
18 32 202
18 32 203
18 32 204
