25 12 1
25 12 2
25 12 3
25 12 4
25 12 5
25 12 6
25 12 7
25 12 8
25 12 9
25 12 10
25 12 11
25 12 12
25 12 13
25 12 14
25 12 15
25 12 16
25 12 17
25 12 18
25 12 19
25 12 20
25 12 21
25 12 22
25 12 23
25 12 24
25 12 25
25 12 26
25 12 27
25 12 28
25 12 29
25 12 30
25 12 31
25 12 32
25 12 33
25 12 34
25 12 35
25 12 36
25 12 37
25 12 38
25 12 39
25 12 40
25 12 41
25 12 42
25 12 43
25 12 44
25 12 45
25 12 46
25 12 47
25 12 48
25 12 49
25 12 50
25 12 51
25 12 52
25 12 53
25 12 54
25 12 55
25 12 56
25 12 57
25 12 58
25 12 59
25 12 60
25 12 61
25 12 62
25 12 63
25 12 64
25 12 65
25 12 66
25 12 67
25 12 68
25 12 69
25 12 70
25 12 71
25 12 72
25 12 73
25 12 74
25 12 75
25 12 76
25 12 77
25 12 78
25 12 79
25 12 80
25 12 81
25 12 82
25 12 83
25 12 84
25 12 85
25 12 86
25 12 87
25 12 88
25 12 89
25 12 90
25 12 91
25 12 92
25 12 93
25 12 94
25 12 95
25 12 96
25 12 97
25 12 98
25 12 99
25 12 100
25 12 101
25 12 102
25 12 103
25 12 104
25 12 105
25 12 106
25 12 107
25 12 108
25 12 109
25 12 110
25 12 111
25 12 112
25 12 113
25 12 114
25 12 115
25 12 116
25 12 117
25 12 118
25 12 119
25 12 120
25 12 121
25 12 122
25 12 123
25 12 124
25 12 125
25 12 126
25 12 127
25 12 128
25 12 129
25 12 130
25 12 131
25 12 132
25 12 133
25 12 134
25 12 135
25 12 136
25 12 137
25 12 138
25 12 139
25 12 140
25 12 141
25 12 142
25 12 143
25 12 144
25 12 145
25 12 146
25 12 147
25 12 148
25 12 149
25 12 150
25 12 151
25 12 152
25 12 153
25 12 154
25 12 155
25 12 156
25 12 157
25 12 158
25 12 159
25 12 160
25 12 161
25 12 162
25 12 163
25 12 164
25 12 165
25 12 166
25 12 167
25 12 168
25 12 169
25 12 170
25 12 171
25 12 172
25 12 173
25 12 174
25 12 175
25 12 176
25 12 177
25 12 178
25 12 179
25 12 180
25 12 181
25 12 182
25 12 183
25 12 184
25 12 185
25 12 186
25 12 187
25 12 188
25 12 189
25 12 190
25 12 191
25 12 192
25 12 193
25 12 194
25 12 195
25 12 196
25 12 197
25 12 198
25 12 199
25 12 200
25 12 201
25 12 202
25 12 203
25 12 204
25 12 205
25 12 206
25 12 207
25 12 208
25 12 209
25 12 210
25 12 211
25 12 212
25 12 213
25 12 214
25 12 215
25 12 216
25 12 217
25 12 218
25 12 219
25 12 220
25 12 221
25 12 222
25 12 223
25 12 224
25 12 225
25 12 226
25 12 227
25 12 228
25 12 229
25 12 230
25 12 231
25 12 232
25 12 233
25 12 234
25 12 235
25 12 236
25 12 237
25 12 238
25 12 239
25 12 240
25 12 241
25 12 242
25 12 243
25 12 244
25 12 245
25 12 246
25 12 247
25 12 248
25 12 249
25 12 250
25 12 251
25 12 252
25 12 253
25 12 254
25 12 255
25 12 256
25 12 257
25 12 258
25 12 259
25 12 260
25 12 261
25 12 262
25 12 263
25 12 264
25 12 265
25 12 266
25 12 267
25 12 268
25 12 269
25 12 270
25 12 271
25 12 272
25 12 273
25 12 274
25 12 275
25 12 276
25 12 277
25 12 278
25 12 279
25 12 280
25 12 281
25 12 282
25 12 283
25 12 284
25 12 285
25 12 286
25 12 287
25 12 288
25 12 289
25 12 290
25 12 291
25 12 292
25 12 293
25 12 294
25 12 295
25 12 296
25 12 297
25 12 298
25 12 299
25 12 300
25 12 301
25 12 302
25 12 303
25 12 304
25 12 305
25 12 306
25 12 307
25 12 308
25 12 309
25 12 310
25 12 311
25 12 312
25 12 313
25 12 314
25 12 315
25 12 316
25 12 317
25 12 318
25 12 319
25 12 320
25 12 321
25 12 322
25 12 323
25 12 324
25 12 325
25 12 326
25 12 327
25 12 328
25 12 329
25 12 330
25 12 331
25 12 332
25 12 333
25 12 334
25 12 335
25 12 336
25 12 337
25 12 338
25 12 339
25 12 340
25 12 341
25 12 342
25 12 343
25 12 344
25 12 345
25 12 346
25 12 347
25 12 348
25 12 349
25 12 350
25 12 351
25 12 352
25 12 353
25 12 354
25 12 355
25 12 356
25 12 357
25 12 358
25 12 359
25 12 360
25 12 361
25 12 362
25 12 363
25 12 364
25 12 365
25 12 366
25 12 367
25 12 368
25 12 369
25 12 370
25 12 371
25 12 372
25 12 373
25 12 374
25 12 375
25 12 376
25 12 377
25 12 378
25 12 379
25 12 380
25 12 381
25 12 382
25 12 383
25 12 384
25 12 385
25 12 386
25 12 387
25 12 388
25 12 389
25 12 390
25 12 391
25 12 392
25 12 393
25 12 394
25 12 395
25 12 396
25 12 397
25 12 398
25 12 399
25 12 400
25 12 401
25 12 402
25 12 403
25 12 404
25 12 405
25 12 406
25 12 407
25 12 408
25 12 409
25 12 410
25 12 411
25 12 412
25 12 413
25 12 414
25 12 415
25 12 416
25 12 417
25 12 418
25 12 419
25 12 420
25 12 421
25 12 422
25 12 423
25 12 424
25 12 425
25 12 426
25 12 427
25 12 428
25 12 429
25 12 430
25 12 431
25 12 432
25 12 433
25 12 434
25 12 435
25 12 436
25 12 437
25 12 438
25 12 439
25 12 440
25 12 441
25 12 442
25 12 443
25 12 444
25 12 445
25 12 446
25 12 447
25 12 448
25 12 449
25 12 450
25 12 451
25 12 452
25 12 453
25 12 454
25 12 455
25 12 456
25 12 457
25 12 458
25 12 459
25 12 460
25 12 461
25 12 462
25 12 463
25 12 464
25 12 465
25 12 466
25 12 467
25 12 468
25 12 469
25 12 470
25 12 471
25 12 472
25 12 473
25 12 474
25 12 475
25 12 476
25 12 477
25 12 478
25 12 479
25 12 480
25 12 481
25 12 482
25 12 483
25 12 484
25 12 485
25 12 486
25 12 487
25 12 488
25 12 489
25 12 490
25 12 491
25 12 492
25 12 493
25 12 494
25 12 495
25 12 496
25 12 497
25 12 498
25 12 499
25 12 500
25 12 501
25 12 502
25 12 503
25 12 504
25 12 505
25 12 506
25 12 507
25 12 508
25 12 509
25 12 510
25 12 511
25 12 512
25 12 513
25 12 514
25 12 515
25 12 516
25 12 517
25 12 518
25 12 519
25 12 520
25 12 521
25 12 522
25 12 523
25 12 524
25 12 525
25 12 526
25 12 527
25 12 528
25 12 529
25 12 530
25 12 531
25 12 532
25 12 533
25 12 534
25 12 535
25 12 536
25 12 537
25 12 538
25 12 539
25 12 540
25 12 541
25 12 542
25 12 543
25 12 544
25 12 545
25 12 546
25 12 547
25 12 548
25 12 549
25 12 550
25 12 551
25 12 552
25 12 553
25 12 554
25 12 555
25 12 556
25 12 557
25 12 558
25 12 559
25 12 560
25 12 561
25 12 562
25 12 563
25 12 564
25 12 565
25 12 566
25 12 567
25 12 568
25 12 569
25 12 570
25 12 571
25 12 572
25 12 573
25 12 574
25 12 575
25 12 576
25 12 577
25 12 578
25 12 579
25 12 580
25 12 581
25 12 582
25 12 583
25 12 584
25 12 585
25 12 586
25 12 587
25 12 588
25 12 589
25 12 590
25 12 591
25 12 592
25 12 593
25 12 594
25 12 595
25 12 596
25 12 597
25 12 598
25 12 599
25 12 600
25 12 601
25 12 602
25 12 603
25 12 604
25 12 605
25 12 606
25 12 607
25 12 608
25 12 609
25 12 610
25 12 611
25 12 612
25 12 613
25 12 614
25 12 615
25 12 616
25 12 617
25 12 618
25 12 619
25 12 620
25 12 621
25 12 622
25 12 623
25 12 624
25 12 625
25 12 626
25 12 627
25 12 628
25 12 629
25 12 630
25 12 631
25 12 632
25 12 633
25 12 634
25 12 635
25 12 636
25 12 637
25 12 638
25 12 639
25 12 640
25 12 641
25 12 642
25 12 643
25 12 644
25 12 645
25 12 646
25 12 647
25 12 648
25 12 649
25 12 650
25 12 651
25 12 652
25 12 653
25 12 654
25 12 655
25 12 656
25 12 657
25 12 658
25 12 659
25 12 660
25 12 661
25 12 662
25 12 663
25 12 664
25 12 665
25 12 666
25 12 667
25 12 668
25 12 669
25 12 670
25 12 671
25 12 672
25 12 673
25 12 674
25 12 675
25 12 676
25 12 677
25 12 678
25 12 679
25 12 680
25 12 681
25 12 682
25 12 683
25 12 684
25 12 685
25 12 686
25 12 687
25 12 688
25 12 689
25 12 690
25 12 691
25 12 692
25 12 693
25 12 694
25 12 695
25 12 696
25 12 697
25 12 698
25 12 699
25 12 700
25 12 701
25 12 702
25 12 703
25 12 704
25 12 705
25 12 706
25 12 707
25 12 708
25 12 709
25 12 710
25 12 711
25 12 712
25 12 713
25 12 714
25 12 715
25 12 716
25 12 717
25 12 718
25 12 719
25 12 720
25 12 721
25 12 722
25 12 723
25 12 724
25 12 725
25 12 726
25 12 727
25 12 728
25 12 729
25 12 730
25 12 731
25 12 732
25 12 733
25 12 734
25 12 735
25 12 736
25 12 737
25 12 738
25 12 739
25 12 740
25 12 741
25 12 742
25 12 743
25 12 744
25 12 745
25 12 746
25 12 747
25 12 748
25 12 749
25 12 750
25 12 751
25 12 752
25 12 753
25 12 754
25 12 755
25 12 756
25 12 757
25 12 758
25 12 759
25 12 760
25 12 761
25 12 762
25 12 763
25 12 764
25 12 765
25 12 766
25 12 767
25 12 768
25 12 769
25 12 770
25 12 771
25 12 772
25 12 773
25 12 774
25 12 775
25 12 776
25 12 777
25 12 778
25 12 779
25 12 780
25 12 781
25 12 782
25 12 783
25 12 784
25 12 785
25 12 786
25 12 787
25 12 788
25 12 789
25 12 790
25 12 791
25 12 792
25 12 793
25 12 794
25 12 795
25 12 796
25 12 797
25 12 798
25 12 799
25 12 800
25 12 801
25 12 802
25 12 803
25 12 804
25 12 805
25 12 806
25 12 807
25 12 808
25 12 809
25 12 810
25 12 811
25 12 812
25 12 813
25 12 814
25 12 815
25 12 816
25 12 817
25 12 818
25 12 819
25 12 820
25 12 821
25 12 822
25 12 823
25 12 824
25 12 825
25 12 826
25 12 827
25 12 828
25 12 829
25 12 830
25 12 831
25 12 832
25 12 833
25 12 834
25 12 835
25 12 836
25 12 837
25 12 838
25 12 839
25 12 840
25 12 841
25 12 842
25 12 843
25 12 844
25 12 845
25 12 846
25 12 847
25 12 848
25 12 849
25 12 850
25 12 851
25 12 852
25 12 853
25 12 854
25 12 855
25 12 856
25 12 857
25 12 858
25 12 859
25 12 860
25 12 861
25 12 862
25 12 863
25 12 864
25 12 865
25 12 866
25 12 867
25 12 868
25 12 869
25 12 870
25 12 871
25 12 872
25 12 873
25 12 874
25 12 875
25 12 876
25 12 877
25 12 878
25 12 879
25 12 880
25 12 881
25 12 882
25 12 883
25 12 884
25 12 885
25 12 886
25 12 887
25 12 888
25 12 889
25 12 890
25 12 891
25 12 892
25 12 893
25 12 894
25 12 895
25 12 896
25 12 897
25 12 898
25 12 899
25 12 900
25 12 901
25 12 902
25 12 903
25 12 904
25 12 905
25 12 906
25 12 907
25 12 908
25 12 909
25 12 910
25 12 911
25 12 912
25 12 913
25 12 914
25 12 915
25 12 916
25 12 917
25 12 918
25 12 919
25 12 920
25 12 921
25 12 922
25 12 923
25 12 924
25 12 925
25 12 926
25 12 927
25 12 928
25 12 929
25 12 930
25 12 931
25 12 932
25 12 933
25 12 934
25 12 935
25 12 936
25 12 937
25 12 938
25 12 939
25 12 940
25 12 941
25 12 942
25 12 943
25 12 944
25 12 945
25 12 946
25 12 947
25 12 948
25 12 949
25 12 950
25 12 951
25 12 952
25 12 953
25 12 954
25 12 955
25 12 956
25 12 957
25 12 958
25 12 959
25 12 960
25 12 961
25 12 962
25 12 963
25 12 964
25 12 965
25 12 966
25 12 967
25 12 968
25 12 969
25 12 970
25 12 971
25 12 972
25 12 973
25 12 974
25 12 975
25 12 976
25 12 977
25 12 978
25 12 979
25 12 980
25 12 981
25 12 982
25 12 983
25 12 984
25 12 985
25 12 986
25 12 987
25 12 988
25 12 989
25 12 990
25 12 991
25 12 992
25 12 993
25 12 994
25 12 995
25 12 996
25 12 997
25 12 998
25 12 999
25 12 1000
25 12 1001
25 12 1002
25 12 1003
25 12 1004
25 12 1005
25 12 1006
25 12 1007
25 12 1008
25 12 1009
25 12 1010
25 12 1011
25 12 1012
25 12 1013
25 12 1014
25 12 1015
25 12 1016
25 12 1017
25 12 1018
25 12 1019
25 12 1020
25 12 1021
25 12 1022
25 12 1023
25 12 1024
25 12 1025
25 12 1026
25 12 1027
25 12 1028
25 12 1029
25 12 1030
25 12 1031
25 12 1032
25 12 1033
25 12 1034
25 12 1035
25 12 1036
25 12 1037
25 12 1038
25 12 1039
25 12 1040
25 12 1041
25 12 1042
25 12 1043
25 12 1044
25 12 1045
25 12 1046
25 12 1047
25 12 1048
25 12 1049
25 12 1050
25 12 1051
25 12 1052
25 12 1053
25 12 1054
25 12 1055
25 12 1056
25 12 1057
25 12 1058
25 12 1059
25 12 1060
25 12 1061
25 12 1062
25 12 1063
25 12 1064
25 12 1065
25 12 1066
25 12 1067
25 12 1068
25 12 1069
25 12 1070
25 12 1071
25 12 1072
25 12 1073
25 12 1074
25 12 1075
25 12 1076
25 12 1077
25 12 1078
25 12 1079
25 12 1080
25 12 1081
25 12 1082
25 12 1083
25 12 1084
25 12 1085
25 12 1086
25 12 1087
25 12 1088
25 12 1089
25 12 1090
25 12 1091
25 12 1092
25 12 1093
25 12 1094
25 12 1095
25 12 1096
25 12 1097
25 12 1098
25 12 1099
25 12 1100
25 12 1101
25 12 1102
25 12 1103
25 12 1104
25 12 1105
25 12 1106
25 12 1107
25 12 1108
25 12 1109
25 12 1110
25 12 1111
25 12 1112
25 12 1113
25 12 1114
25 12 1115
25 12 1116
25 12 1117
25 12 1118
25 12 1119
25 12 1120
25 12 1121
25 12 1122
25 12 1123
25 12 1124
25 12 1125
25 12 1126
25 12 1127
25 12 1128
25 12 1129
25 12 1130
25 12 1131
25 12 1132
25 12 1133
25 12 1134
25 12 1135
25 12 1136
25 12 1137
25 12 1138
25 12 1139
25 12 1140
25 12 1141
25 12 1142
25 12 1143
25 12 1144
25 12 1145
25 12 1146
25 12 1147
25 12 1148
25 12 1149
25 12 1150
25 12 1151
25 12 1152
25 12 1153
25 12 1154
25 12 1155
25 12 1156
25 12 1157
25 12 1158
25 12 1159
25 12 1160
25 12 1161
25 12 1162
25 12 1163
25 12 1164
25 12 1165
25 12 1166
25 12 1167
25 12 1168
25 12 1169
25 12 1170
25 12 1171
25 12 1172
25 12 1173
25 12 1174
25 12 1175
25 12 1176
25 12 1177
25 12 1178
25 12 1179
25 12 1180
25 12 1181
25 12 1182
25 12 1183
25 12 1184
25 12 1185
25 12 1186
25 12 1187
25 12 1188
25 12 1189
25 12 1190
25 12 1191
25 12 1192
25 12 1193
25 12 1194
25 12 1195
25 12 1196
25 12 1197
25 12 1198
25 12 1199
25 12 1200
25 12 1201
25 12 1202
25 12 1203
25 12 1204
25 12 1205
25 12 1206
25 12 1207
25 12 1208
25 12 1209
25 12 1210
25 12 1211
25 12 1212
25 12 1213
25 12 1214
25 12 1215
25 12 1216
25 12 1217
25 12 1218
25 12 1219
25 12 1220
25 12 1221
25 12 1222
25 12 1223
25 12 1224
25 12 1225
25 12 1226
25 12 1227
25 12 1228
25 12 1229
25 12 1230
25 12 1231
25 12 1232
25 12 1233
25 12 1234
25 12 1235
25 12 1236
25 12 1237
25 12 1238
25 12 1239
25 12 1240
25 12 1241
25 12 1242
25 12 1243
25 12 1244
25 12 1245
25 12 1246
25 12 1247
25 12 1248
25 12 1249
25 12 1250
25 12 1251
25 12 1252
25 12 1253
25 12 1254
25 12 1255
25 12 1256
25 12 1257
25 12 1258
25 12 1259
25 12 1260
25 12 1261
25 12 1262
25 12 1263
25 12 1264
25 12 1265
25 12 1266
25 12 1267
25 12 1268
25 12 1269
25 12 1270
25 12 1271
25 12 1272
25 12 1273
25 12 1274
25 12 1275
25 12 1276
25 12 1277
25 12 1278
25 12 1279
25 12 1280
25 12 1281
25 12 1282
25 12 1283
25 12 1284
25 12 1285
25 12 1286
25 12 1287
25 12 1288
25 12 1289
25 12 1290
25 12 1291
25 12 1292
25 12 1293
25 12 1294
25 12 1295
25 12 1296
25 12 1297
25 12 1298
25 12 1299
25 12 1300
25 12 1301
25 12 1302
25 12 1303
25 12 1304
25 12 1305
25 12 1306
25 12 1307
25 12 1308
25 12 1309
25 12 1310
25 12 1311
25 12 1312
25 12 1313
25 12 1314
25 12 1315
25 12 1316
25 12 1317
25 12 1318
25 12 1319
25 12 1320
25 12 1321
25 12 1322
25 12 1323
25 12 1324
25 12 1325
25 12 1326
25 12 1327
25 12 1328
25 12 1329
25 12 1330
25 12 1331
25 12 1332
25 12 1333
25 12 1334
25 12 1335
25 12 1336
25 12 1337
25 12 1338
25 12 1339
25 12 1340
25 12 1341
25 12 1342
25 12 1343
25 12 1344
25 12 1345
25 12 1346
25 12 1347
25 12 1348
25 12 1349
25 12 1350
25 12 1351
25 12 1352
25 12 1353
25 12 1354
25 12 1355
25 12 1356
25 12 1357
25 12 1358
25 12 1359
25 12 1360
25 12 1361
25 12 1362
25 12 1363
25 12 1364
25 12 1365
25 12 1366
25 12 1367
25 12 1368
25 12 1369
25 12 1370
25 12 1371
25 12 1372
25 12 1373
25 12 1374
25 12 1375
25 12 1376
25 12 1377
25 12 1378
25 12 1379
25 12 1380
25 12 1381
25 12 1382
25 12 1383
25 12 1384
25 12 1385
25 12 1386
25 12 1387
25 12 1388
25 12 1389
25 12 1390
25 12 1391
25 12 1392
25 12 1393
25 12 1394
25 12 1395
25 12 1396
25 12 1397
25 12 1398
25 12 1399
25 12 1400
25 12 1401
25 12 1402
25 12 1403
25 12 1404
25 12 1405
25 12 1406
25 12 1407
25 12 1408
25 12 1409
25 12 1410
25 12 1411
25 12 1412
25 12 1413
25 12 1414
25 12 1415
25 12 1416
25 12 1417
25 12 1418
25 12 1419
25 12 1420
25 12 1421
25 12 1422
25 12 1423
25 12 1424
25 12 1425
25 12 1426
25 12 1427
25 12 1428
25 12 1429
25 12 1430
25 12 1431
25 12 1432
25 12 1433
25 12 1434
25 12 1435
25 12 1436
25 12 1437
25 12 1438
25 12 1439
25 12 1440
25 12 1441
25 12 1442
25 12 1443
25 12 1444
25 12 1445
25 12 1446
25 12 1447
25 12 1448
25 12 1449
25 12 1450
25 12 1451
25 12 1452
25 12 1453
25 12 1454
25 12 1455
25 12 1456
25 12 1457
25 12 1458
25 12 1459
25 12 1460
25 12 1461
25 12 1462
25 12 1463
25 12 1464
25 12 1465
25 12 1466
25 12 1467
25 12 1468
25 12 1469
25 12 1470
25 12 1471
25 12 1472
25 12 1473
25 12 1474
25 12 1475
25 12 1476
25 12 1477
25 12 1478
25 12 1479
25 12 1480
25 12 1481
25 12 1482
25 12 1483
25 12 1484
25 12 1485
25 12 1486
25 12 1487
25 12 1488
25 12 1489
25 12 1490
25 12 1491
25 12 1492
25 12 1493
25 12 1494
25 12 1495
25 12 1496
25 12 1497
25 12 1498
25 12 1499
25 12 1500
25 12 1501
25 12 1502
25 12 1503
25 12 1504
25 12 1505
25 12 1506
25 12 1507
25 12 1508
25 12 1509
25 12 1510
25 12 1511
25 12 1512
25 12 1513
25 12 1514
25 12 1515
25 12 1516
25 12 1517
25 12 1518
25 12 1519
25 12 1520
25 12 1521
25 12 1522
25 12 1523
25 12 1524
25 12 1525
25 12 1526
25 12 1527
25 12 1528
25 12 1529
25 12 1530
25 12 1531
25 12 1532
25 12 1533
25 12 1534
25 12 1535
25 12 1536
25 12 1537
25 12 1538
25 12 1539
25 12 1540
25 12 1541
25 12 1542
25 12 1543
25 12 1544
25 12 1545
25 12 1546
25 12 1547
25 12 1548
25 12 1549
25 12 1550
25 12 1551
25 12 1552
25 12 1553
25 12 1554
25 12 1555
25 12 1556
25 12 1557
25 12 1558
25 12 1559
25 12 1560
25 12 1561
25 12 1562
25 12 1563
25 12 1564
25 12 1565
25 12 1566
25 12 1567
25 12 1568
25 12 1569
25 12 1570
25 12 1571
25 12 1572
25 12 1573
25 12 1574
25 12 1575
25 12 1576
25 12 1577
25 12 1578
25 12 1579
25 12 1580
25 12 1581
25 12 1582
25 12 1583
25 12 1584
25 12 1585
25 12 1586
25 12 1587
25 12 1588
25 12 1589
25 12 1590
25 12 1591
25 12 1592
25 12 1593
25 12 1594
25 12 1595
25 12 1596
25 12 1597
25 12 1598
25 12 1599
25 12 1600
25 12 1601
25 12 1602
25 12 1603
25 12 1604
25 12 1605
25 12 1606
25 12 1607
25 12 1608
25 12 1609
25 12 1610
25 12 1611
25 12 1612
25 12 1613
25 12 1614
25 12 1615
25 12 1616
25 12 1617
25 12 1618
25 12 1619
25 12 1620
25 12 1621
25 12 1622
25 12 1623
25 12 1624
25 12 1625
25 12 1626
25 12 1627
25 12 1628
25 12 1629
25 12 1630
25 12 1631
25 12 1632
25 12 1633
25 12 1634
25 12 1635
25 12 1636
25 12 1637
25 12 1638
25 12 1639
25 12 1640
25 12 1641
25 12 1642
25 12 1643
25 12 1644
25 12 1645
25 12 1646
25 12 1647
25 12 1648
25 12 1649
25 12 1650
25 12 1651
25 12 1652
25 12 1653
25 12 1654
25 12 1655
25 12 1656
25 12 1657
25 12 1658
25 12 1659
25 12 1660
25 12 1661
25 12 1662
25 12 1663
25 12 1664
25 12 1665
25 12 1666
25 12 1667
25 12 1668
25 12 1669
25 12 1670
25 12 1671
25 12 1672
25 12 1673
25 12 1674
25 12 1675
25 12 1676
25 12 1677
25 12 1678
25 12 1679
25 12 1680
25 12 1681
25 12 1682
25 12 1683
25 12 1684
25 12 1685
25 12 1686
25 12 1687
25 12 1688
25 12 1689
25 12 1690
25 12 1691
25 12 1692
25 12 1693
25 12 1694
25 12 1695
25 12 1696
25 12 1697
25 12 1698
25 12 1699
25 12 1700
25 12 1701
25 12 1702
25 12 1703
25 12 1704
25 12 1705
25 12 1706
25 12 1707
25 12 1708
25 12 1709
25 12 1710
25 12 1711
25 12 1712
25 12 1713
25 12 1714
25 12 1715
25 12 1716
25 12 1717
25 12 1718
25 12 1719
25 12 1720
25 12 1721
25 12 1722
25 12 1723
25 12 1724
25 12 1725
25 12 1726
25 12 1727
25 12 1728
25 12 1729
25 12 1730
25 12 1731
25 12 1732
25 12 1733
25 12 1734
25 12 1735
25 12 1736
25 12 1737
25 12 1738
25 12 1739
25 12 1740
25 12 1741
25 12 1742
25 12 1743
25 12 1744
25 12 1745
25 12 1746
25 12 1747
25 12 1748
25 12 1749
25 12 1750
25 12 1751
25 12 1752
25 12 1753
25 12 1754
25 12 1755
25 12 1756
25 12 1757
25 12 1758
25 12 1759
25 12 1760
25 12 1761
25 12 1762
25 12 1763
25 12 1764
25 12 1765
25 12 1766
25 12 1767
25 12 1768
25 12 1769
25 12 1770
25 12 1771
25 12 1772
25 12 1773
25 12 1774
25 12 1775
25 12 1776
25 12 1777
25 12 1778
25 12 1779
25 12 1780
25 12 1781
25 12 1782
25 12 1783
25 12 1784
25 12 1785
25 12 1786
25 12 1787
25 12 1788
25 12 1789
25 12 1790
25 12 1791
25 12 1792
25 12 1793
25 12 1794
25 12 1795
25 12 1796
25 12 1797
25 12 1798
25 12 1799
25 12 1800
25 12 1801
25 12 1802
25 12 1803
25 12 1804
25 12 1805
25 12 1806
25 12 1807
25 12 1808
25 12 1809
25 12 1810
25 12 1811
25 12 1812
25 12 1813
25 12 1814
25 12 1815
25 12 1816
25 12 1817
25 12 1818
25 12 1819
25 12 1820
25 12 1821
25 12 1822
25 12 1823
25 12 1824
25 12 1825
25 12 1826
25 12 1827
25 12 1828
25 12 1829
25 12 1830
25 12 1831
25 12 1832
25 12 1833
25 12 1834
25 12 1835
25 12 1836
25 12 1837
25 12 1838
25 12 1839
25 12 1840
25 12 1841
25 12 1842
25 12 1843
25 12 1844
25 12 1845
25 12 1846
25 12 1847
25 12 1848
25 12 1849
25 12 1850
25 12 1851
25 12 1852
25 12 1853
25 12 1854
25 12 1855
25 12 1856
25 12 1857
25 12 1858
25 12 1859
25 12 1860
25 12 1861
25 12 1862
25 12 1863
25 12 1864
25 12 1865
25 12 1866
25 12 1867
25 12 1868
25 12 1869
25 12 1870
25 12 1871
25 12 1872
25 12 1873
25 12 1874
25 12 1875
25 12 1876
25 12 1877
25 12 1878
25 12 1879
25 12 1880
25 12 1881
25 12 1882
25 12 1883
25 12 1884
25 12 1885
25 12 1886
25 12 1887
25 12 1888
25 12 1889
25 12 1890
25 12 1891
25 12 1892
25 12 1893
25 12 1894
25 12 1895
25 12 1896
25 12 1897
25 12 1898
25 12 1899
25 12 1900
25 12 1901
25 12 1902
25 12 1903
25 12 1904
25 12 1905
25 12 1906
25 12 1907
25 12 1908
25 12 1909
25 12 1910
25 12 1911
25 12 1912
25 12 1913
25 12 1914
25 12 1915
25 12 1916
25 12 1917
25 12 1918
25 12 1919
25 12 1920
25 12 1921
25 12 1922
25 12 1923
25 12 1924
25 12 1925
25 12 1926
25 12 1927
25 12 1928
25 12 1929
25 12 1930
25 12 1931
25 12 1932
25 12 1933
25 12 1934
25 12 1935
25 12 1936
25 12 1937
25 12 1938
25 12 1939
25 12 1940
25 12 1941
25 12 1942
25 12 1943
25 12 1944
25 12 1945
25 12 1946
25 12 1947
25 12 1948
25 12 1949
25 12 1950
25 12 1951
25 12 1952
25 12 1953
25 12 1954
25 12 1955
25 12 1956
25 12 1957
25 12 1958
25 12 1959
25 12 1960
25 12 1961
25 12 1962
25 12 1963
25 12 1964
25 12 1965
25 12 1966
25 12 1967
25 12 1968
25 12 1969
25 12 1970
25 12 1971
25 12 1972
25 12 1973
25 12 1974
25 12 1975
25 12 1976
25 12 1977
25 12 1978
25 12 1979
25 12 1980
25 12 1981
25 12 1982
25 12 1983
25 12 1984
25 12 1985
25 12 1986
25 12 1987
25 12 1988
25 12 1989
25 12 1990
25 12 1991
25 12 1992
25 12 1993
25 12 1994
25 12 1995
25 12 1996
25 12 1997
25 12 1998
25 12 1999
25 12 2000
25 12 2001
25 12 2002
25 12 2003
25 12 2004
25 12 2005
25 12 2006
25 12 2007
25 12 2008
25 12 2009
25 12 2010
25 12 2011
25 12 2012
25 12 2013
25 12 2014
25 12 2015
25 12 2016
25 12 2017
25 12 2018
25 12 2019
25 12 2020
25 12 2021
25 12 2022
25 12 2023
25 12 2024
25 12 2025
25 12 2026
25 12 2027
25 12 2028
25 12 2029
25 12 2030
25 12 2031
25 12 2032
25 12 2033
25 12 2034
25 12 2035
25 12 2036
25 12 2037
25 12 2038
25 12 2039
25 12 2040
25 12 2041
25 12 2042
25 12 2043
25 12 2044
25 12 2045
25 12 2046
25 12 2047
25 12 2048
25 12 2049
25 12 2050
25 12 2051
25 12 2052
25 12 2053
25 12 2054
25 12 2055
25 12 2056
25 12 2057
25 12 2058
25 12 2059
25 12 2060
25 12 2061
25 12 2062
25 12 2063
25 12 2064
25 12 2065
25 12 2066
25 12 2067
25 12 2068
25 12 2069
25 12 2070
25 12 2071
25 12 2072
25 12 2073
25 12 2074
25 12 2075
25 12 2076
25 12 2077
25 12 2078
25 12 2079
25 12 2080
25 12 2081
25 12 2082
25 12 2083
25 12 2084
25 12 2085
25 12 2086
25 12 2087
25 12 2088
25 12 2089
25 12 2090
25 12 2091
25 12 2092
25 12 2093
25 12 2094
25 12 2095
25 12 2096
25 12 2097
25 12 2098
25 12 2099
25 12 2100
25 12 2101
25 12 2102
25 12 2103
25 12 2104
25 12 2105
25 12 2106
25 12 2107
25 12 2108
25 12 2109
25 12 2110
25 12 2111
25 12 2112
25 12 2113
25 12 2114
25 12 2115
25 12 2116
25 12 2117
25 12 2118
25 12 2119
25 12 2120
25 12 2121
25 12 2122
25 12 2123
25 12 2124
25 12 2125
25 12 2126
25 12 2127
25 12 2128
25 12 2129
25 12 2130
25 12 2131
25 12 2132
25 12 2133
25 12 2134
25 12 2135
25 12 2136
25 12 2137
25 12 2138
25 12 2139
25 12 2140
25 12 2141
25 12 2142
25 12 2143
25 12 2144
25 12 2145
25 12 2146
25 12 2147
25 12 2148
25 12 2149
25 12 2150
25 12 2151
25 12 2152
25 12 2153
25 12 2154
25 12 2155
25 12 2156
25 12 2157
25 12 2158
25 12 2159
25 12 2160
25 12 2161
25 12 2162
25 12 2163
25 12 2164
25 12 2165
25 12 2166
25 12 2167
25 12 2168
25 12 2169
25 12 2170
25 12 2171
25 12 2172
25 12 2173
25 12 2174
25 12 2175
25 12 2176
25 12 2177
25 12 2178
25 12 2179
25 12 2180
25 12 2181
25 12 2182
25 12 2183
25 12 2184
25 12 2185
25 12 2186
25 12 2187
25 12 2188
25 12 2189
25 12 2190
25 12 2191
25 12 2192
25 12 2193
25 12 2194
25 12 2195
25 12 2196
25 12 2197
25 12 2198
25 12 2199
25 12 2200
25 12 2201
25 12 2202
25 12 2203
25 12 2204
25 12 2205
25 12 2206
25 12 2207
25 12 2208
25 12 2209
25 12 2210
25 12 2211
25 12 2212
25 12 2213
25 12 2214
25 12 2215
25 12 2216
25 12 2217
25 12 2218
25 12 2219
25 12 2220
25 12 2221
25 12 2222
25 12 2223
25 12 2224
25 12 2225
25 12 2226
25 12 2227
25 12 2228
25 12 2229
25 12 2230
25 12 2231
25 12 2232
25 12 2233
25 12 2234
25 12 2235
25 12 2236
25 12 2237
25 12 2238
25 12 2239
25 12 2240
25 12 2241
25 12 2242
25 12 2243
25 12 2244
25 12 2245
25 12 2246
25 12 2247
25 12 2248
25 12 2249
25 12 2250
25 12 2251
25 12 2252
25 12 2253
25 12 2254
25 12 2255
25 12 2256
25 12 2257
25 12 2258
25 12 2259
25 12 2260
25 12 2261
25 12 2262
25 12 2263
25 12 2264
25 12 2265
25 12 2266
25 12 2267
25 12 2268
25 12 2269
25 12 2270
25 12 2271
25 12 2272
25 12 2273
25 12 2274
25 12 2275
25 12 2276
25 12 2277
25 12 2278
25 12 2279
25 12 2280
25 12 2281
25 12 2282
25 12 2283
25 12 2284
25 12 2285
25 12 2286
25 12 2287
25 12 2288
25 12 2289
25 12 2290
25 12 2291
25 12 2292
25 12 2293
25 12 2294
25 12 2295
25 12 2296
25 12 2297
25 12 2298
25 12 2299
25 12 2300
25 12 2301
25 12 2302
25 12 2303
25 12 2304
25 12 2305
25 12 2306
25 12 2307
25 12 2308
25 12 2309
25 12 2310
25 12 2311
25 12 2312
25 12 2313
25 12 2314
25 12 2315
25 12 2316
25 12 2317
25 12 2318
25 12 2319
25 12 2320
25 12 2321
25 12 2322
25 12 2323
25 12 2324
25 12 2325
25 12 2326
25 12 2327
25 12 2328
25 12 2329
25 12 2330
25 12 2331
25 12 2332
25 12 2333
25 12 2334
25 12 2335
25 12 2336
25 12 2337
25 12 2338
25 12 2339
25 12 2340
25 12 2341
25 12 2342
25 12 2343
25 12 2344
25 12 2345
25 12 2346
25 12 2347
25 12 2348
25 12 2349
25 12 2350
25 12 2351
25 12 2352
25 12 2353
25 12 2354
25 12 2355
25 12 2356
25 12 2357
25 12 2358
25 12 2359
25 12 2360
25 12 2361
25 12 2362
25 12 2363
25 12 2364
25 12 2365
25 12 2366
25 12 2367
25 12 2368
25 12 2369
25 12 2370
25 12 2371
25 12 2372
25 12 2373
25 12 2374
25 12 2375
25 12 2376
25 12 2377
25 12 2378
25 12 2379
25 12 2380
25 12 2381
25 12 2382
25 12 2383
25 12 2384
25 12 2385
25 12 2386
25 12 2387
25 12 2388
25 12 2389
25 12 2390
25 12 2391
25 12 2392
25 12 2393
25 12 2394
25 12 2395
25 12 2396
25 12 2397
25 12 2398
25 12 2399
25 12 2400
25 12 2401
25 12 2402
25 12 2403
25 12 2404
25 12 2405
25 12 2406
25 12 2407
25 12 2408
25 12 2409
25 12 2410
25 12 2411
25 12 2412
25 12 2413
25 12 2414
25 12 2415
25 12 2416
25 12 2417
25 12 2418
25 12 2419
25 12 2420
25 12 2421
25 12 2422
25 12 2423
25 12 2424
25 12 2425
25 12 2426
25 12 2427
25 12 2428
25 12 2429
25 12 2430
25 12 2431
25 12 2432
25 12 2433
25 12 2434
25 12 2435
25 12 2436
25 12 2437
25 12 2438
25 12 2439
25 12 2440
25 12 2441
25 12 2442
25 12 2443
25 12 2444
25 12 2445
25 12 2446
25 12 2447
25 12 2448
25 12 2449
25 12 2450
25 12 2451
25 12 2452
25 12 2453
25 12 2454
25 12 2455
25 12 2456
25 12 2457
