40 2 1
40 2 2
40 2 3
40 2 4
40 2 5
40 2 6
40 2 7
40 2 8
40 2 9
40 2 10
40 2 11
40 2 12
40 2 13
40 2 14
40 2 15
40 2 16
40 2 17
40 2 18
40 2 19
40 2 20
40 2 21
40 2 22
40 2 23
40 2 24
40 2 25
40 2 26
40 2 27
40 2 28
40 2 29
40 2 30
40 2 31
40 2 32
40 2 33
40 2 34
40 2 35
40 2 36
40 2 37
40 2 38
40 2 39
40 2 40
40 2 41
40 2 42
40 2 43
40 2 44
40 2 45
40 2 46
40 2 47
40 2 48
40 2 49
40 2 50
40 2 51
40 2 52
40 2 53
40 2 54
40 2 55
40 2 56
40 2 57
40 2 58
40 2 59
40 2 60
40 2 61
40 2 62
40 2 63
40 2 64
40 2 65
40 2 66
40 2 67
40 2 68
40 2 69
40 2 70
40 2 71
40 2 72
40 2 73
40 2 74
40 2 75
40 2 76
40 2 77
40 2 78
40 2 79
40 2 80
40 2 81
40 2 82
40 2 83
40 2 84
40 2 85
40 2 86
40 2 87
40 2 88
40 2 89
40 2 90
40 2 91
40 2 92
40 2 93
40 2 94
40 2 95
40 2 96
40 2 97
40 2 98
40 2 99
40 2 100
40 2 101
40 2 102
40 2 103
40 2 104
40 2 105
40 2 106
40 2 107
40 2 108
40 2 109
40 2 110
40 2 111
40 2 112
40 2 113
40 2 114
40 2 115
40 2 116
40 2 117
40 2 118
40 2 119
40 2 120
40 2 121
40 2 122
40 2 123
40 2 124
40 2 125
40 2 126
40 2 127
40 2 128
40 2 129
40 2 130
40 2 131
40 2 132
40 2 133
40 2 134
40 2 135
40 2 136
40 2 137
40 2 138
40 2 139
40 2 140
40 2 141
40 2 142
40 2 143
40 2 144
40 2 145
40 2 146
40 2 147
40 2 148
40 2 149
40 2 150
40 2 151
40 2 152
40 2 153
40 2 154
40 2 155
40 2 156
40 2 157
40 2 158
40 2 159
40 2 160
40 2 161
40 2 162
40 2 163
40 2 164
40 2 165
40 2 166
40 2 167
40 2 168
40 2 169
40 2 170
40 2 171
40 2 172
40 2 173
40 2 174
40 2 175
40 2 176
40 2 177
40 2 178
40 2 179
40 2 180
40 2 181
40 2 182
40 2 183
40 2 184
40 2 185
40 2 186
40 2 187
40 2 188
40 2 189
40 2 190
40 2 191
40 2 192
40 2 193
40 2 194
40 2 195
40 2 196
40 2 197
40 2 198
40 2 199
40 2 200
40 2 201
40 2 202
40 2 203
40 2 204
40 2 205
40 2 206
40 2 207
40 2 208
40 2 209
40 2 210
40 2 211
40 2 212
40 2 213
40 2 214
40 2 215
40 2 216
40 2 217
40 2 218
40 2 219
40 2 220
40 2 221
40 2 222
40 2 223
40 2 224
40 2 225
40 2 226
40 2 227
40 2 228
40 2 229
40 2 230
40 2 231
40 2 232
40 2 233
40 2 234
40 2 235
40 2 236
40 2 237
40 2 238
40 2 239
40 2 240
40 2 241
40 2 242
40 2 243
40 2 244
40 2 245
40 2 246
40 2 247
40 2 248
40 2 249
40 2 250
40 2 251
40 2 252
40 2 253
40 2 254
40 2 255
40 2 256
40 2 257
40 2 258
40 2 259
40 2 260
40 2 261
40 2 262
40 2 263
40 2 264
40 2 265
40 2 266
40 2 267
40 2 268
40 2 269
40 2 270
40 2 271
40 2 272
40 2 273
40 2 274
40 2 275
40 2 276
40 2 277
40 2 278
40 2 279
40 2 280
40 2 281
40 2 282
40 2 283
40 2 284
40 2 285
40 2 286
40 2 287
40 2 288
40 2 289
40 2 290
40 2 291
40 2 292
40 2 293
40 2 294
40 2 295
40 2 296
40 2 297
40 2 298
40 2 299
40 2 300
40 2 301
40 2 302
40 2 303
40 2 304
40 2 305
40 2 306
40 2 307
40 2 308
40 2 309
40 2 310
40 2 311
40 2 312
40 2 313
40 2 314
40 2 315
40 2 316
40 2 317
40 2 318
40 2 319
40 2 320
40 2 321
40 2 322
40 2 323
40 2 324
40 2 325
40 2 326
40 2 327
40 2 328
40 2 329
40 2 330
40 2 331
40 2 332
40 2 333
40 2 334
40 2 335
40 2 336
40 2 337
40 2 338
40 2 339
40 2 340
40 2 341
40 2 342
40 2 343
40 2 344
40 2 345
40 2 346
40 2 347
40 2 348
40 2 349
40 2 350
40 2 351
40 2 352
40 2 353
40 2 354
40 2 355
40 2 356
40 2 357
40 2 358
40 2 359
40 2 360
40 2 361
40 2 362
40 2 363
40 2 364
40 2 365
40 2 366
40 2 367
40 2 368
40 2 369
40 2 370
40 2 371
40 2 372
40 2 373
40 2 374
40 2 375
40 2 376
40 2 377
40 2 378
40 2 379
40 2 380
40 2 381
40 2 382
40 2 383
40 2 384
40 2 385
40 2 386
40 2 387
40 2 388
40 2 389
40 2 390
40 2 391
40 2 392
40 2 393
40 2 394
40 2 395
40 2 396
40 2 397
40 2 398
40 2 399
40 2 400
40 2 401
40 2 402
40 2 403
40 2 404
40 2 405
40 2 406
40 2 407
40 2 408
40 2 409
40 2 410
40 2 411
40 2 412
40 2 413
40 2 414
40 2 415
40 2 416
40 2 417
40 2 418
40 2 419
40 2 420
40 2 421
40 2 422
40 2 423
40 2 424
40 2 425
40 2 426
40 2 427
40 2 428
40 2 429
40 2 430
40 2 431
40 2 432
40 2 433
40 2 434
40 2 435
40 2 436
40 2 437
40 2 438
40 2 439
40 2 440
40 2 441
40 2 442
40 2 443
40 2 444
40 2 445
40 2 446
40 2 447
40 2 448
40 2 449
40 2 450
40 2 451
40 2 452
40 2 453
40 2 454
40 2 455
40 2 456
40 2 457
40 2 458
40 2 459
40 2 460
40 2 461
40 2 462
40 2 463
40 2 464
40 2 465
40 2 466
40 2 467
40 2 468
40 2 469
40 2 470
40 2 471
40 2 472
40 2 473
40 2 474
40 2 475
40 2 476
40 2 477
40 2 478
40 2 479
40 2 480
40 2 481
40 2 482
40 2 483
40 2 484
40 2 485
40 2 486
40 2 487
40 2 488
40 2 489
40 2 490
40 2 491
40 2 492
40 2 493
40 2 494
40 2 495
40 2 496
40 2 497
40 2 498
40 2 499
40 2 500
40 2 501
40 2 502
40 2 503
40 2 504
40 2 505
40 2 506
40 2 507
40 2 508
40 2 509
40 2 510
40 2 511
40 2 512
40 2 513
40 2 514
40 2 515
40 2 516
40 2 517
40 2 518
40 2 519
40 2 520
40 2 521
40 2 522
40 2 523
40 2 524
40 2 525
40 2 526
40 2 527
40 2 528
40 2 529
40 2 530
40 2 531
40 2 532
40 2 533
40 2 534
40 2 535
40 2 536
40 2 537
40 2 538
40 2 539
40 2 540
40 2 541
40 2 542
40 2 543
40 2 544
40 2 545
40 2 546
40 2 547
40 2 548
40 2 549
40 2 550
40 2 551
40 2 552
40 2 553
40 2 554
40 2 555
40 2 556
40 2 557
40 2 558
40 2 559
40 2 560
40 2 561
40 2 562
40 2 563
40 2 564
40 2 565
40 2 566
40 2 567
40 2 568
40 2 569
40 2 570
40 2 571
40 2 572
40 2 573
40 2 574
40 2 575
40 2 576
40 2 577
40 2 578
40 2 579
40 2 580
40 2 581
40 2 582
40 2 583
40 2 584
40 2 585
40 2 586
40 2 587
40 2 588
40 2 589
40 2 590
40 2 591
40 2 592
40 2 593
40 2 594
40 2 595
40 2 596
40 2 597
40 2 598
40 2 599
40 2 600
40 2 601
40 2 602
40 2 603
40 2 604
40 2 605
40 2 606
40 2 607
40 2 608
40 2 609
40 2 610
40 2 611
40 2 612
40 2 613
40 2 614
40 2 615
40 2 616
40 2 617
40 2 618
40 2 619
40 2 620
40 2 621
40 2 622
40 2 623
40 2 624
40 2 625
40 2 626
40 2 627
40 2 628
40 2 629
40 2 630
40 2 631
40 2 632
40 2 633
40 2 634
40 2 635
40 2 636
40 2 637
40 2 638
40 2 639
40 2 640
40 2 641
40 2 642
40 2 643
40 2 644
40 2 645
40 2 646
40 2 647
40 2 648
40 2 649
40 2 650
40 2 651
40 2 652
40 2 653
40 2 654
40 2 655
40 2 656
40 2 657
40 2 658
40 2 659
40 2 660
40 2 661
40 2 662
40 2 663
40 2 664
40 2 665
40 2 666
40 2 667
40 2 668
40 2 669
40 2 670
40 2 671
40 2 672
40 2 673
40 2 674
40 2 675
40 2 676
40 2 677
40 2 678
40 2 679
40 2 680
40 2 681
40 2 682
40 2 683
40 2 684
40 2 685
40 2 686
40 2 687
40 2 688
40 2 689
40 2 690
40 2 691
40 2 692
40 2 693
40 2 694
40 2 695
40 2 696
40 2 697
40 2 698
40 2 699
40 2 700
40 2 701
40 2 702
40 2 703
40 2 704
40 2 705
40 2 706
40 2 707
40 2 708
40 2 709
40 2 710
40 2 711
40 2 712
40 2 713
40 2 714
40 2 715
40 2 716
40 2 717
40 2 718
40 2 719
40 2 720
40 2 721
40 2 722
40 2 723
40 2 724
40 2 725
40 2 726
40 2 727
40 2 728
40 2 729
40 2 730
40 2 731
40 2 732
40 2 733
40 2 734
40 2 735
40 2 736
40 2 737
40 2 738
40 2 739
40 2 740
40 2 741
40 2 742
40 2 743
40 2 744
40 2 745
40 2 746
40 2 747
40 2 748
40 2 749
40 2 750
40 2 751
40 2 752
40 2 753
40 2 754
40 2 755
40 2 756
40 2 757
40 2 758
40 2 759
40 2 760
40 2 761
40 2 762
40 2 763
40 2 764
40 2 765
40 2 766
40 2 767
40 2 768
40 2 769
40 2 770
40 2 771
40 2 772
40 2 773
40 2 774
40 2 775
40 2 776
40 2 777
40 2 778
40 2 779
40 2 780
40 2 781
40 2 782
40 2 783
40 2 784
40 2 785
40 2 786
40 2 787
40 2 788
40 2 789
40 2 790
40 2 791
40 2 792
40 2 793
40 2 794
40 2 795
40 2 796
40 2 797
40 2 798
40 2 799
40 2 800
40 2 801
40 2 802
40 2 803
40 2 804
40 2 805
40 2 806
40 2 807
40 2 808
40 2 809
40 2 810
40 2 811
40 2 812
40 2 813
40 2 814
40 2 815
40 2 816
40 2 817
40 2 818
40 2 819
40 2 820
40 2 821
40 2 822
40 2 823
40 2 824
40 2 825
40 2 826
40 2 827
40 2 828
40 2 829
40 2 830
40 2 831
40 2 832
40 2 833
40 2 834
40 2 835
40 2 836
40 2 837
40 2 838
40 2 839
40 2 840
40 2 841
40 2 842
40 2 843
40 2 844
40 2 845
40 2 846
40 2 847
40 2 848
40 2 849
40 2 850
40 2 851
40 2 852
40 2 853
40 2 854
40 2 855
40 2 856
40 2 857
40 2 858
40 2 859
40 2 860
40 2 861
40 2 862
40 2 863
40 2 864
40 2 865
40 2 866
40 2 867
40 2 868
40 2 869
40 2 870
40 2 871
40 2 872
40 2 873
40 2 874
40 2 875
40 2 876
40 2 877
40 2 878
40 2 879
40 2 880
40 2 881
40 2 882
40 2 883
40 2 884
40 2 885
40 2 886
40 2 887
40 2 888
40 2 889
40 2 890
40 2 891
40 2 892
40 2 893
40 2 894
40 2 895
40 2 896
40 2 897
40 2 898
40 2 899
40 2 900
40 2 901
40 2 902
40 2 903
40 2 904
40 2 905
40 2 906
40 2 907
40 2 908
40 2 909
40 2 910
40 2 911
40 2 912
40 2 913
40 2 914
40 2 915
40 2 916
40 2 917
40 2 918
40 2 919
40 2 920
40 2 921
40 2 922
40 2 923
40 2 924
40 2 925
40 2 926
40 2 927
40 2 928
40 2 929
40 2 930
40 2 931
40 2 932
40 2 933
40 2 934
40 2 935
40 2 936
40 2 937
40 2 938
40 2 939
40 2 940
40 2 941
40 2 942
40 2 943
40 2 944
40 2 945
40 2 946
40 2 947
40 2 948
40 2 949
40 2 950
40 2 951
40 2 952
40 2 953
40 2 954
40 2 955
40 2 956
40 2 957
40 2 958
40 2 959
40 2 960
40 2 961
40 2 962
40 2 963
40 2 964
40 2 965
40 2 966
40 2 967
40 2 968
40 2 969
40 2 970
40 2 971
40 2 972
40 2 973
40 2 974
40 2 975
40 2 976
40 2 977
40 2 978
40 2 979
40 2 980
40 2 981
40 2 982
40 2 983
40 2 984
40 2 985
40 2 986
40 2 987
40 2 988
40 2 989
40 2 990
40 2 991
40 2 992
40 2 993
40 2 994
40 2 995
40 2 996
40 2 997
40 2 998
40 2 999
40 2 1000
40 2 1001
40 2 1002
40 2 1003
40 2 1004
40 2 1005
40 2 1006
40 2 1007
40 2 1008
40 2 1009
40 2 1010
40 2 1011
40 2 1012
40 2 1013
40 2 1014
40 2 1015
40 2 1016
40 2 1017
40 2 1018
40 2 1019
40 2 1020
40 2 1021
40 2 1022
40 2 1023
40 2 1024
40 2 1025
40 2 1026
40 2 1027
40 2 1028
40 2 1029
40 2 1030
40 2 1031
40 2 1032
40 2 1033
40 2 1034
40 2 1035
40 2 1036
40 2 1037
40 2 1038
40 2 1039
40 2 1040
40 2 1041
40 2 1042
40 2 1043
40 2 1044
40 2 1045
40 2 1046
40 2 1047
40 2 1048
40 2 1049
40 2 1050
40 2 1051
40 2 1052
40 2 1053
40 2 1054
40 2 1055
40 2 1056
40 2 1057
40 2 1058
40 2 1059
40 2 1060
40 2 1061
40 2 1062
40 2 1063
40 2 1064
40 2 1065
40 2 1066
40 2 1067
40 2 1068
40 2 1069
40 2 1070
40 2 1071
40 2 1072
40 2 1073
40 2 1074
40 2 1075
40 2 1076
40 2 1077
40 2 1078
40 2 1079
40 2 1080
40 2 1081
40 2 1082
40 2 1083
40 2 1084
40 2 1085
40 2 1086
40 2 1087
40 2 1088
40 2 1089
40 2 1090
40 2 1091
40 2 1092
40 2 1093
40 2 1094
40 2 1095
40 2 1096
40 2 1097
40 2 1098
40 2 1099
40 2 1100
40 2 1101
40 2 1102
40 2 1103
40 2 1104
40 2 1105
40 2 1106
40 2 1107
40 2 1108
40 2 1109
40 2 1110
40 2 1111
40 2 1112
40 2 1113
40 2 1114
40 2 1115
40 2 1116
40 2 1117
40 2 1118
40 2 1119
40 2 1120
40 2 1121
40 2 1122
40 2 1123
40 2 1124
40 2 1125
40 2 1126
40 2 1127
40 2 1128
40 2 1129
40 2 1130
40 2 1131
40 2 1132
40 2 1133
40 2 1134
40 2 1135
40 2 1136
40 2 1137
40 2 1138
40 2 1139
40 2 1140
40 2 1141
40 2 1142
40 2 1143
40 2 1144
40 2 1145
40 2 1146
40 2 1147
40 2 1148
40 2 1149
40 2 1150
40 2 1151
40 2 1152
40 2 1153
40 2 1154
40 2 1155
40 2 1156
40 2 1157
40 2 1158
40 2 1159
40 2 1160
40 2 1161
40 2 1162
40 2 1163
40 2 1164
40 2 1165
40 2 1166
40 2 1167
40 2 1168
40 2 1169
40 2 1170
40 2 1171
40 2 1172
40 2 1173
40 2 1174
40 2 1175
40 2 1176
40 2 1177
40 2 1178
40 2 1179
40 2 1180
40 2 1181
40 2 1182
40 2 1183
40 2 1184
40 2 1185
40 2 1186
40 2 1187
40 2 1188
40 2 1189
40 2 1190
40 2 1191
40 2 1192
40 2 1193
40 2 1194
40 2 1195
40 2 1196
40 2 1197
40 2 1198
40 2 1199
40 2 1200
40 2 1201
40 2 1202
40 2 1203
40 2 1204
40 2 1205
40 2 1206
40 2 1207
40 2 1208
40 2 1209
40 2 1210
40 2 1211
40 2 1212
40 2 1213
40 2 1214
40 2 1215
40 2 1216
40 2 1217
40 2 1218
40 2 1219
40 2 1220
40 2 1221
40 2 1222
40 2 1223
40 2 1224
40 2 1225
40 2 1226
40 2 1227
40 2 1228
40 2 1229
40 2 1230
40 2 1231
40 2 1232
40 2 1233
40 2 1234
40 2 1235
40 2 1236
40 2 1237
40 2 1238
40 2 1239
40 2 1240
40 2 1241
40 2 1242
40 2 1243
40 2 1244
40 2 1245
40 2 1246
40 2 1247
40 2 1248
40 2 1249
40 2 1250
40 2 1251
40 2 1252
40 2 1253
40 2 1254
40 2 1255
40 2 1256
40 2 1257
40 2 1258
40 2 1259
40 2 1260
40 2 1261
40 2 1262
40 2 1263
40 2 1264
40 2 1265
40 2 1266
40 2 1267
40 2 1268
40 2 1269
40 2 1270
40 2 1271
40 2 1272
40 2 1273
40 2 1274
40 2 1275
40 2 1276
40 2 1277
40 2 1278
40 2 1279
40 2 1280
40 2 1281
40 2 1282
40 2 1283
40 2 1284
40 2 1285
40 2 1286
40 2 1287
40 2 1288
40 2 1289
40 2 1290
40 2 1291
40 2 1292
40 2 1293
40 2 1294
40 2 1295
40 2 1296
40 2 1297
40 2 1298
40 2 1299
40 2 1300
40 2 1301
40 2 1302
40 2 1303
40 2 1304
40 2 1305
40 2 1306
40 2 1307
40 2 1308
40 2 1309
40 2 1310
40 2 1311
40 2 1312
40 2 1313
40 2 1314
40 2 1315
40 2 1316
40 2 1317
40 2 1318
40 2 1319
40 2 1320
40 2 1321
40 2 1322
40 2 1323
40 2 1324
40 2 1325
40 2 1326
40 2 1327
40 2 1328
40 2 1329
40 2 1330
40 2 1331
40 2 1332
40 2 1333
40 2 1334
40 2 1335
40 2 1336
40 2 1337
40 2 1338
40 2 1339
40 2 1340
40 2 1341
40 2 1342
40 2 1343
40 2 1344
40 2 1345
40 2 1346
40 2 1347
40 2 1348
40 2 1349
40 2 1350
40 2 1351
40 2 1352
40 2 1353
40 2 1354
40 2 1355
40 2 1356
40 2 1357
40 2 1358
40 2 1359
40 2 1360
40 2 1361
40 2 1362
40 2 1363
40 2 1364
40 2 1365
40 2 1366
40 2 1367
40 2 1368
40 2 1369
40 2 1370
40 2 1371
40 2 1372
40 2 1373
40 2 1374
40 2 1375
40 2 1376
40 2 1377
40 2 1378
40 2 1379
40 2 1380
40 2 1381
40 2 1382
40 2 1383
40 2 1384
40 2 1385
40 2 1386
40 2 1387
40 2 1388
40 2 1389
40 2 1390
40 2 1391
40 2 1392
40 2 1393
40 2 1394
40 2 1395
40 2 1396
40 2 1397
40 2 1398
40 2 1399
40 2 1400
40 2 1401
40 2 1402
40 2 1403
40 2 1404
40 2 1405
40 2 1406
40 2 1407
40 2 1408
40 2 1409
40 2 1410
40 2 1411
40 2 1412
40 2 1413
40 2 1414
40 2 1415
40 2 1416
40 2 1417
40 2 1418
40 2 1419
40 2 1420
40 2 1421
40 2 1422
40 2 1423
40 2 1424
40 2 1425
40 2 1426
40 2 1427
40 2 1428
40 2 1429
40 2 1430
40 2 1431
40 2 1432
40 2 1433
40 2 1434
40 2 1435
40 2 1436
40 2 1437
40 2 1438
40 2 1439
40 2 1440
40 2 1441
40 2 1442
40 2 1443
40 2 1444
40 2 1445
40 2 1446
40 2 1447
40 2 1448
40 2 1449
40 2 1450
40 2 1451
40 2 1452
40 2 1453
40 2 1454
40 2 1455
40 2 1456
40 2 1457
40 2 1458
40 2 1459
40 2 1460
40 2 1461
40 2 1462
40 2 1463
40 2 1464
40 2 1465
40 2 1466
40 2 1467
40 2 1468
40 2 1469
40 2 1470
40 2 1471
40 2 1472
40 2 1473
40 2 1474
40 2 1475
40 2 1476
40 2 1477
40 2 1478
40 2 1479
40 2 1480
40 2 1481
40 2 1482
40 2 1483
40 2 1484
40 2 1485
40 2 1486
40 2 1487
40 2 1488
40 2 1489
40 2 1490
40 2 1491
40 2 1492
40 2 1493
40 2 1494
40 2 1495
40 2 1496
40 2 1497
40 2 1498
40 2 1499
40 2 1500
40 2 1501
40 2 1502
40 2 1503
40 2 1504
40 2 1505
40 2 1506
40 2 1507
40 2 1508
40 2 1509
40 2 1510
40 2 1511
40 2 1512
40 2 1513
40 2 1514
40 2 1515
40 2 1516
40 2 1517
40 2 1518
40 2 1519
40 2 1520
40 2 1521
40 2 1522
40 2 1523
40 2 1524
40 2 1525
40 2 1526
40 2 1527
40 2 1528
40 2 1529
40 2 1530
40 2 1531
40 2 1532
40 2 1533
40 2 1534
40 2 1535
40 2 1536
40 2 1537
40 2 1538
40 2 1539
40 2 1540
40 2 1541
40 2 1542
40 2 1543
40 2 1544
40 2 1545
40 2 1546
40 2 1547
40 2 1548
40 2 1549
40 2 1550
40 2 1551
40 2 1552
40 2 1553
40 2 1554
40 2 1555
40 2 1556
40 2 1557
40 2 1558
40 2 1559
40 2 1560
40 2 1561
40 2 1562
40 2 1563
40 2 1564
40 2 1565
40 2 1566
40 2 1567
40 2 1568
40 2 1569
40 2 1570
40 2 1571
40 2 1572
40 2 1573
40 2 1574
40 2 1575
40 2 1576
40 2 1577
40 2 1578
40 2 1579
40 2 1580
40 2 1581
40 2 1582
40 2 1583
40 2 1584
40 2 1585
40 2 1586
40 2 1587
40 2 1588
40 2 1589
40 2 1590
40 2 1591
40 2 1592
40 2 1593
40 2 1594
40 2 1595
40 2 1596
40 2 1597
40 2 1598
40 2 1599
40 2 1600
40 2 1601
40 2 1602
40 2 1603
40 2 1604
40 2 1605
40 2 1606
40 2 1607
40 2 1608
40 2 1609
40 2 1610
40 2 1611
40 2 1612
40 2 1613
40 2 1614
40 2 1615
40 2 1616
40 2 1617
40 2 1618
40 2 1619
40 2 1620
40 2 1621
40 2 1622
40 2 1623
40 2 1624
40 2 1625
40 2 1626
40 2 1627
40 2 1628
40 2 1629
40 2 1630
40 2 1631
40 2 1632
40 2 1633
40 2 1634
40 2 1635
40 2 1636
40 2 1637
40 2 1638
40 2 1639
40 2 1640
40 2 1641
40 2 1642
40 2 1643
40 2 1644
40 2 1645
40 2 1646
40 2 1647
40 2 1648
40 2 1649
40 2 1650
40 2 1651
40 2 1652
40 2 1653
40 2 1654
40 2 1655
40 2 1656
40 2 1657
40 2 1658
40 2 1659
40 2 1660
40 2 1661
40 2 1662
40 2 1663
40 2 1664
40 2 1665
40 2 1666
40 2 1667
40 2 1668
40 2 1669
40 2 1670
40 2 1671
40 2 1672
40 2 1673
40 2 1674
40 2 1675
40 2 1676
40 2 1677
40 2 1678
40 2 1679
40 2 1680
40 2 1681
40 2 1682
40 2 1683
40 2 1684
40 2 1685
40 2 1686
40 2 1687
40 2 1688
40 2 1689
40 2 1690
40 2 1691
40 2 1692
40 2 1693
40 2 1694
40 2 1695
40 2 1696
40 2 1697
40 2 1698
40 2 1699
40 2 1700
40 2 1701
40 2 1702
40 2 1703
40 2 1704
40 2 1705
40 2 1706
40 2 1707
40 2 1708
40 2 1709
40 2 1710
40 2 1711
40 2 1712
40 2 1713
40 2 1714
40 2 1715
40 2 1716
40 2 1717
40 2 1718
40 2 1719
40 2 1720
40 2 1721
40 2 1722
40 2 1723
40 2 1724
40 2 1725
40 2 1726
40 2 1727
40 2 1728
40 2 1729
40 2 1730
40 2 1731
40 2 1732
40 2 1733
40 2 1734
40 2 1735
40 2 1736
40 2 1737
40 2 1738
40 2 1739
40 2 1740
40 2 1741
40 2 1742
40 2 1743
40 2 1744
40 2 1745
40 2 1746
40 2 1747
40 2 1748
40 2 1749
40 2 1750
40 2 1751
40 2 1752
40 2 1753
40 2 1754
40 2 1755
40 2 1756
40 2 1757
40 2 1758
40 2 1759
40 2 1760
40 2 1761
40 2 1762
40 2 1763
40 2 1764
40 2 1765
40 2 1766
40 2 1767
40 2 1768
40 2 1769
40 2 1770
40 2 1771
40 2 1772
40 2 1773
40 2 1774
40 2 1775
40 2 1776
40 2 1777
40 2 1778
40 2 1779
40 2 1780
40 2 1781
40 2 1782
40 2 1783
40 2 1784
40 2 1785
40 2 1786
40 2 1787
40 2 1788
40 2 1789
40 2 1790
40 2 1791
40 2 1792
40 2 1793
40 2 1794
40 2 1795
40 2 1796
40 2 1797
40 2 1798
40 2 1799
40 2 1800
40 2 1801
40 2 1802
40 2 1803
40 2 1804
40 2 1805
40 2 1806
40 2 1807
40 2 1808
40 2 1809
40 2 1810
40 2 1811
40 2 1812
40 2 1813
40 2 1814
40 2 1815
40 2 1816
40 2 1817
40 2 1818
40 2 1819
40 2 1820
40 2 1821
40 2 1822
40 2 1823
40 2 1824
40 2 1825
40 2 1826
40 2 1827
40 2 1828
40 2 1829
40 2 1830
40 2 1831
40 2 1832
40 2 1833
40 2 1834
40 2 1835
40 2 1836
40 2 1837
40 2 1838
40 2 1839
40 2 1840
40 2 1841
40 2 1842
40 2 1843
40 2 1844
40 2 1845
40 2 1846
40 2 1847
40 2 1848
40 2 1849
40 2 1850
40 2 1851
40 2 1852
40 2 1853
40 2 1854
40 2 1855
40 2 1856
40 2 1857
40 2 1858
40 2 1859
40 2 1860
40 2 1861
40 2 1862
40 2 1863
40 2 1864
40 2 1865
40 2 1866
40 2 1867
40 2 1868
40 2 1869
40 2 1870
40 2 1871
40 2 1872
40 2 1873
40 2 1874
40 2 1875
40 2 1876
40 2 1877
40 2 1878
40 2 1879
40 2 1880
40 2 1881
40 2 1882
40 2 1883
40 2 1884
40 2 1885
40 2 1886
40 2 1887
40 2 1888
40 2 1889
40 2 1890
40 2 1891
40 2 1892
40 2 1893
40 2 1894
40 2 1895
40 2 1896
40 2 1897
40 2 1898
40 2 1899
40 2 1900
40 2 1901
40 2 1902
40 2 1903
40 2 1904
40 2 1905
40 2 1906
40 2 1907
40 2 1908
40 2 1909
40 2 1910
40 2 1911
40 2 1912
40 2 1913
40 2 1914
40 2 1915
40 2 1916
40 2 1917
40 2 1918
40 2 1919
40 2 1920
40 2 1921
40 2 1922
40 2 1923
40 2 1924
40 2 1925
40 2 1926
40 2 1927
40 2 1928
40 2 1929
40 2 1930
40 2 1931
40 2 1932
40 2 1933
40 2 1934
40 2 1935
40 2 1936
40 2 1937
40 2 1938
40 2 1939
40 2 1940
40 2 1941
40 2 1942
40 2 1943
40 2 1944
40 2 1945
40 2 1946
40 2 1947
40 2 1948
40 2 1949
40 2 1950
40 2 1951
40 2 1952
40 2 1953
40 2 1954
40 2 1955
40 2 1956
40 2 1957
40 2 1958
40 2 1959
40 2 1960
40 2 1961
40 2 1962
40 2 1963
40 2 1964
40 2 1965
40 2 1966
40 2 1967
40 2 1968
40 2 1969
40 2 1970
40 2 1971
40 2 1972
40 2 1973
40 2 1974
40 2 1975
40 2 1976
40 2 1977
40 2 1978
40 2 1979
40 2 1980
40 2 1981
40 2 1982
40 2 1983
40 2 1984
40 2 1985
40 2 1986
40 2 1987
40 2 1988
40 2 1989
40 2 1990
40 2 1991
40 2 1992
40 2 1993
40 2 1994
40 2 1995
40 2 1996
40 2 1997
40 2 1998
40 2 1999
40 2 2000
40 2 2001
40 2 2002
40 2 2003
40 2 2004
40 2 2005
40 2 2006
40 2 2007
40 2 2008
40 2 2009
40 2 2010
40 2 2011
40 2 2012
40 2 2013
40 2 2014
40 2 2015
40 2 2016
40 2 2017
40 2 2018
40 2 2019
40 2 2020
40 2 2021
40 2 2022
40 2 2023
40 2 2024
40 2 2025
40 2 2026
40 2 2027
40 2 2028
40 2 2029
40 2 2030
40 2 2031
40 2 2032
40 2 2033
40 2 2034
40 2 2035
40 2 2036
40 2 2037
40 2 2038
40 2 2039
40 2 2040
40 2 2041
40 2 2042
40 2 2043
40 2 2044
40 2 2045
40 2 2046
40 2 2047
40 2 2048
40 2 2049
40 2 2050
40 2 2051
40 2 2052
40 2 2053
40 2 2054
40 2 2055
40 2 2056
40 2 2057
40 2 2058
40 2 2059
40 2 2060
40 2 2061
40 2 2062
40 2 2063
40 2 2064
40 2 2065
40 2 2066
40 2 2067
40 2 2068
40 2 2069
40 2 2070
40 2 2071
40 2 2072
40 2 2073
40 2 2074
40 2 2075
40 2 2076
40 2 2077
40 2 2078
40 2 2079
40 2 2080
40 2 2081
40 2 2082
40 2 2083
40 2 2084
40 2 2085
40 2 2086
40 2 2087
40 2 2088
40 2 2089
40 2 2090
40 2 2091
40 2 2092
40 2 2093
40 2 2094
40 2 2095
40 2 2096
40 2 2097
40 2 2098
40 2 2099
40 2 2100
40 2 2101
40 2 2102
40 2 2103
40 2 2104
40 2 2105
40 2 2106
40 2 2107
40 2 2108
40 2 2109
40 2 2110
40 2 2111
40 2 2112
40 2 2113
40 2 2114
40 2 2115
40 2 2116
40 2 2117
40 2 2118
40 2 2119
40 2 2120
40 2 2121
40 2 2122
40 2 2123
40 2 2124
40 2 2125
40 2 2126
40 2 2127
40 2 2128
40 2 2129
40 2 2130
40 2 2131
40 2 2132
40 2 2133
40 2 2134
40 2 2135
40 2 2136
40 2 2137
40 2 2138
40 2 2139
40 2 2140
40 2 2141
40 2 2142
40 2 2143
40 2 2144
40 2 2145
40 2 2146
40 2 2147
40 2 2148
40 2 2149
40 2 2150
40 2 2151
40 2 2152
40 2 2153
40 2 2154
40 2 2155
40 2 2156
40 2 2157
40 2 2158
40 2 2159
40 2 2160
40 2 2161
40 2 2162
40 2 2163
40 2 2164
40 2 2165
40 2 2166
40 2 2167
40 2 2168
40 2 2169
40 2 2170
40 2 2171
40 2 2172
40 2 2173
40 2 2174
40 2 2175
40 2 2176
40 2 2177
40 2 2178
40 2 2179
40 2 2180
40 2 2181
40 2 2182
40 2 2183
40 2 2184
40 2 2185
40 2 2186
40 2 2187
40 2 2188
40 2 2189
40 2 2190
40 2 2191
40 2 2192
40 2 2193
40 2 2194
40 2 2195
40 2 2196
40 2 2197
40 2 2198
40 2 2199
40 2 2200
40 2 2201
40 2 2202
40 2 2203
40 2 2204
40 2 2205
40 2 2206
40 2 2207
40 2 2208
40 2 2209
40 2 2210
40 2 2211
40 2 2212
40 2 2213
40 2 2214
40 2 2215
40 2 2216
40 2 2217
40 2 2218
40 2 2219
40 2 2220
40 2 2221
40 2 2222
40 2 2223
40 2 2224
40 2 2225
40 2 2226
40 2 2227
40 2 2228
40 2 2229
40 2 2230
40 2 2231
40 2 2232
40 2 2233
40 2 2234
40 2 2235
40 2 2236
40 2 2237
40 2 2238
40 2 2239
40 2 2240
40 2 2241
40 2 2242
40 2 2243
40 2 2244
40 2 2245
40 2 2246
40 2 2247
40 2 2248
40 2 2249
40 2 2250
40 2 2251
40 2 2252
40 2 2253
40 2 2254
40 2 2255
40 2 2256
40 2 2257
40 2 2258
40 2 2259
40 2 2260
40 2 2261
40 2 2262
40 2 2263
40 2 2264
40 2 2265
40 2 2266
40 2 2267
40 2 2268
40 2 2269
40 2 2270
40 2 2271
40 2 2272
40 2 2273
40 2 2274
40 2 2275
40 2 2276
40 2 2277
40 2 2278
40 2 2279
40 2 2280
40 2 2281
40 2 2282
40 2 2283
40 2 2284
40 2 2285
40 2 2286
40 2 2287
40 2 2288
40 2 2289
40 2 2290
40 2 2291
40 2 2292
40 2 2293
40 2 2294
40 2 2295
40 2 2296
40 2 2297
40 2 2298
40 2 2299
40 2 2300
40 2 2301
40 2 2302
40 2 2303
40 2 2304
40 2 2305
40 2 2306
40 2 2307
40 2 2308
40 2 2309
40 2 2310
40 2 2311
40 2 2312
40 2 2313
40 2 2314
40 2 2315
40 2 2316
40 2 2317
40 2 2318
40 2 2319
40 2 2320
40 2 2321
40 2 2322
40 2 2323
40 2 2324
40 2 2325
40 2 2326
40 2 2327
40 2 2328
40 2 2329
40 2 2330
40 2 2331
40 2 2332
40 2 2333
40 2 2334
40 2 2335
40 2 2336
40 2 2337
40 2 2338
40 2 2339
40 2 2340
40 2 2341
40 2 2342
40 2 2343
40 2 2344
40 2 2345
40 2 2346
40 2 2347
40 2 2348
40 2 2349
40 2 2350
40 2 2351
40 2 2352
40 2 2353
40 2 2354
40 2 2355
40 2 2356
40 2 2357
40 2 2358
40 2 2359
40 2 2360
40 2 2361
40 2 2362
40 2 2363
40 2 2364
40 2 2365
40 2 2366
40 2 2367
40 2 2368
40 2 2369
40 2 2370
40 2 2371
40 2 2372
40 2 2373
40 2 2374
40 2 2375
40 2 2376
40 2 2377
40 2 2378
40 2 2379
40 2 2380
40 2 2381
40 2 2382
40 2 2383
40 2 2384
40 2 2385
40 2 2386
40 2 2387
40 2 2388
40 2 2389
40 2 2390
40 2 2391
40 2 2392
40 2 2393
40 2 2394
40 2 2395
40 2 2396
40 2 2397
40 2 2398
40 2 2399
40 2 2400
40 2 2401
40 2 2402
40 2 2403
40 2 2404
40 2 2405
40 2 2406
40 2 2407
40 2 2408
40 2 2409
40 2 2410
40 2 2411
40 2 2412
40 2 2413
40 2 2414
40 2 2415
40 2 2416
40 2 2417
40 2 2418
40 2 2419
40 2 2420
40 2 2421
40 2 2422
40 2 2423
40 2 2424
40 2 2425
40 2 2426
40 2 2427
40 2 2428
40 2 2429
40 2 2430
40 2 2431
40 2 2432
40 2 2433
40 2 2434
40 2 2435
40 2 2436
40 2 2437
40 2 2438
40 2 2439
40 2 2440
40 2 2441
40 2 2442
40 2 2443
40 2 2444
40 2 2445
40 2 2446
40 2 2447
40 2 2448
40 2 2449
40 2 2450
40 2 2451
40 2 2452
40 2 2453
40 2 2454
40 2 2455
40 2 2456
40 2 2457
