40 9 1
40 9 2
40 9 3
40 9 4
40 9 5
40 9 6
40 9 7
40 9 8
40 9 9
40 9 10
40 9 11
40 9 12
40 9 13
40 9 14
40 9 15
40 9 16
40 9 17
40 9 18
40 9 19
40 9 20
40 9 21
40 9 22
40 9 23
40 9 24
40 9 25
40 9 26
40 9 27
40 9 28
40 9 29
40 9 30
40 9 31
40 9 32
40 9 33
40 9 34
40 9 35
40 9 36
40 9 37
40 9 38
40 9 39
40 9 40
40 9 41
40 9 42
40 9 43
40 9 44
40 9 45
40 9 46
40 9 47
40 9 48
40 9 49
40 9 50
40 9 51
40 9 52
40 9 53
40 9 54
40 9 55
40 9 56
40 9 57
40 9 58
40 9 59
40 9 60
40 9 61
40 9 62
40 9 63
40 9 64
40 9 65
40 9 66
40 9 67
40 9 68
40 9 69
40 9 70
40 9 71
40 9 72
40 9 73
40 9 74
40 9 75
40 9 76
40 9 77
40 9 78
40 9 79
40 9 80
40 9 81
40 9 82
40 9 83
40 9 84
40 9 85
40 9 86
40 9 87
40 9 88
40 9 89
40 9 90
40 9 91
40 9 92
40 9 93
40 9 94
40 9 95
40 9 96
40 9 97
40 9 98
40 9 99
40 9 100
40 9 101
40 9 102
40 9 103
40 9 104
40 9 105
40 9 106
40 9 107
40 9 108
40 9 109
40 9 110
40 9 111
40 9 112
40 9 113
40 9 114
40 9 115
40 9 116
40 9 117
40 9 118
40 9 119
40 9 120
40 9 121
40 9 122
40 9 123
40 9 124
40 9 125
40 9 126
40 9 127
40 9 128
40 9 129
40 9 130
40 9 131
40 9 132
40 9 133
40 9 134
40 9 135
40 9 136
40 9 137
40 9 138
40 9 139
40 9 140
40 9 141
40 9 142
40 9 143
40 9 144
40 9 145
40 9 146
40 9 147
40 9 148
40 9 149
40 9 150
40 9 151
40 9 152
40 9 153
40 9 154
40 9 155
40 9 156
40 9 157
40 9 158
40 9 159
40 9 160
40 9 161
40 9 162
40 9 163
40 9 164
40 9 165
40 9 166
40 9 167
40 9 168
40 9 169
40 9 170
40 9 171
40 9 172
40 9 173
40 9 174
40 9 175
40 9 176
40 9 177
40 9 178
40 9 179
40 9 180
40 9 181
40 9 182
40 9 183
40 9 184
40 9 185
40 9 186
40 9 187
40 9 188
40 9 189
40 9 190
40 9 191
40 9 192
40 9 193
40 9 194
40 9 195
40 9 196
40 9 197
40 9 198
40 9 199
40 9 200
40 9 201
40 9 202
40 9 203
40 9 204
40 9 205
40 9 206
40 9 207
40 9 208
40 9 209
40 9 210
40 9 211
40 9 212
40 9 213
40 9 214
40 9 215
40 9 216
40 9 217
40 9 218
40 9 219
40 9 220
40 9 221
40 9 222
40 9 223
40 9 224
40 9 225
40 9 226
40 9 227
40 9 228
40 9 229
40 9 230
40 9 231
40 9 232
40 9 233
40 9 234
40 9 235
40 9 236
40 9 237
40 9 238
40 9 239
40 9 240
40 9 241
40 9 242
40 9 243
40 9 244
40 9 245
40 9 246
40 9 247
40 9 248
40 9 249
40 9 250
40 9 251
40 9 252
40 9 253
40 9 254
40 9 255
40 9 256
40 9 257
40 9 258
40 9 259
40 9 260
40 9 261
40 9 262
40 9 263
40 9 264
40 9 265
40 9 266
40 9 267
40 9 268
40 9 269
40 9 270
40 9 271
40 9 272
40 9 273
40 9 274
40 9 275
40 9 276
40 9 277
40 9 278
40 9 279
40 9 280
40 9 281
40 9 282
40 9 283
40 9 284
40 9 285
40 9 286
40 9 287
40 9 288
40 9 289
40 9 290
40 9 291
40 9 292
40 9 293
40 9 294
40 9 295
40 9 296
40 9 297
40 9 298
40 9 299
40 9 300
40 9 301
40 9 302
40 9 303
40 9 304
40 9 305
40 9 306
40 9 307
40 9 308
40 9 309
40 9 310
40 9 311
40 9 312
40 9 313
40 9 314
40 9 315
40 9 316
40 9 317
40 9 318
40 9 319
40 9 320
40 9 321
40 9 322
40 9 323
40 9 324
40 9 325
40 9 326
40 9 327
40 9 328
40 9 329
40 9 330
40 9 331
40 9 332
40 9 333
40 9 334
40 9 335
40 9 336
40 9 337
40 9 338
40 9 339
40 9 340
40 9 341
40 9 342
40 9 343
40 9 344
40 9 345
40 9 346
40 9 347
40 9 348
40 9 349
40 9 350
40 9 351
40 9 352
40 9 353
40 9 354
40 9 355
40 9 356
40 9 357
40 9 358
40 9 359
40 9 360
40 9 361
40 9 362
40 9 363
40 9 364
40 9 365
40 9 366
40 9 367
40 9 368
40 9 369
40 9 370
40 9 371
40 9 372
40 9 373
40 9 374
40 9 375
40 9 376
40 9 377
40 9 378
40 9 379
40 9 380
40 9 381
40 9 382
40 9 383
40 9 384
40 9 385
40 9 386
40 9 387
40 9 388
40 9 389
40 9 390
40 9 391
40 9 392
40 9 393
40 9 394
40 9 395
40 9 396
40 9 397
40 9 398
40 9 399
40 9 400
40 9 401
40 9 402
40 9 403
40 9 404
40 9 405
40 9 406
40 9 407
40 9 408
40 9 409
40 9 410
40 9 411
40 9 412
40 9 413
40 9 414
40 9 415
40 9 416
40 9 417
40 9 418
40 9 419
40 9 420
40 9 421
40 9 422
40 9 423
40 9 424
40 9 425
40 9 426
40 9 427
40 9 428
40 9 429
40 9 430
40 9 431
40 9 432
40 9 433
40 9 434
40 9 435
40 9 436
40 9 437
40 9 438
40 9 439
40 9 440
40 9 441
40 9 442
40 9 443
40 9 444
40 9 445
40 9 446
40 9 447
40 9 448
40 9 449
40 9 450
40 9 451
40 9 452
40 9 453
40 9 454
40 9 455
40 9 456
40 9 457
40 9 458
40 9 459
40 9 460
40 9 461
40 9 462
40 9 463
40 9 464
40 9 465
40 9 466
40 9 467
40 9 468
40 9 469
40 9 470
40 9 471
40 9 472
40 9 473
40 9 474
40 9 475
40 9 476
40 9 477
40 9 478
40 9 479
40 9 480
40 9 481
40 9 482
40 9 483
40 9 484
40 9 485
40 9 486
40 9 487
40 9 488
40 9 489
40 9 490
40 9 491
40 9 492
40 9 493
40 9 494
40 9 495
40 9 496
40 9 497
40 9 498
40 9 499
40 9 500
40 9 501
40 9 502
40 9 503
40 9 504
40 9 505
40 9 506
40 9 507
40 9 508
40 9 509
40 9 510
40 9 511
40 9 512
40 9 513
40 9 514
40 9 515
40 9 516
40 9 517
40 9 518
40 9 519
40 9 520
40 9 521
40 9 522
40 9 523
40 9 524
40 9 525
40 9 526
40 9 527
40 9 528
40 9 529
40 9 530
40 9 531
40 9 532
40 9 533
40 9 534
40 9 535
40 9 536
40 9 537
40 9 538
40 9 539
40 9 540
40 9 541
40 9 542
40 9 543
40 9 544
40 9 545
40 9 546
40 9 547
40 9 548
40 9 549
40 9 550
40 9 551
40 9 552
40 9 553
40 9 554
40 9 555
40 9 556
40 9 557
40 9 558
40 9 559
40 9 560
40 9 561
40 9 562
40 9 563
40 9 564
40 9 565
40 9 566
40 9 567
40 9 568
40 9 569
40 9 570
40 9 571
40 9 572
40 9 573
40 9 574
40 9 575
40 9 576
40 9 577
40 9 578
40 9 579
40 9 580
40 9 581
40 9 582
40 9 583
40 9 584
40 9 585
40 9 586
40 9 587
40 9 588
40 9 589
40 9 590
40 9 591
40 9 592
40 9 593
40 9 594
40 9 595
40 9 596
40 9 597
40 9 598
40 9 599
40 9 600
40 9 601
40 9 602
40 9 603
40 9 604
40 9 605
40 9 606
40 9 607
40 9 608
40 9 609
40 9 610
40 9 611
40 9 612
40 9 613
40 9 614
40 9 615
40 9 616
40 9 617
40 9 618
40 9 619
40 9 620
40 9 621
40 9 622
40 9 623
40 9 624
40 9 625
40 9 626
40 9 627
40 9 628
40 9 629
40 9 630
40 9 631
40 9 632
40 9 633
40 9 634
40 9 635
40 9 636
40 9 637
40 9 638
40 9 639
40 9 640
40 9 641
40 9 642
40 9 643
40 9 644
40 9 645
40 9 646
40 9 647
40 9 648
40 9 649
40 9 650
40 9 651
40 9 652
40 9 653
40 9 654
40 9 655
40 9 656
40 9 657
40 9 658
40 9 659
40 9 660
40 9 661
40 9 662
40 9 663
40 9 664
40 9 665
40 9 666
40 9 667
40 9 668
40 9 669
40 9 670
40 9 671
40 9 672
40 9 673
40 9 674
40 9 675
40 9 676
40 9 677
40 9 678
40 9 679
40 9 680
40 9 681
40 9 682
40 9 683
40 9 684
40 9 685
40 9 686
40 9 687
40 9 688
40 9 689
40 9 690
40 9 691
40 9 692
40 9 693
40 9 694
40 9 695
40 9 696
40 9 697
40 9 698
40 9 699
40 9 700
40 9 701
40 9 702
40 9 703
40 9 704
40 9 705
40 9 706
40 9 707
40 9 708
40 9 709
40 9 710
40 9 711
40 9 712
40 9 713
40 9 714
40 9 715
40 9 716
40 9 717
40 9 718
40 9 719
40 9 720
40 9 721
40 9 722
40 9 723
40 9 724
40 9 725
40 9 726
40 9 727
40 9 728
40 9 729
40 9 730
40 9 731
40 9 732
40 9 733
40 9 734
40 9 735
40 9 736
40 9 737
40 9 738
40 9 739
40 9 740
40 9 741
40 9 742
40 9 743
40 9 744
40 9 745
40 9 746
40 9 747
40 9 748
40 9 749
40 9 750
40 9 751
40 9 752
40 9 753
40 9 754
40 9 755
40 9 756
40 9 757
40 9 758
40 9 759
40 9 760
40 9 761
40 9 762
40 9 763
40 9 764
40 9 765
40 9 766
40 9 767
40 9 768
40 9 769
40 9 770
40 9 771
40 9 772
40 9 773
40 9 774
40 9 775
40 9 776
40 9 777
40 9 778
40 9 779
40 9 780
40 9 781
40 9 782
40 9 783
40 9 784
40 9 785
40 9 786
40 9 787
40 9 788
40 9 789
40 9 790
40 9 791
40 9 792
40 9 793
40 9 794
40 9 795
40 9 796
40 9 797
40 9 798
40 9 799
40 9 800
40 9 801
40 9 802
40 9 803
40 9 804
40 9 805
40 9 806
40 9 807
40 9 808
40 9 809
40 9 810
40 9 811
40 9 812
40 9 813
40 9 814
40 9 815
40 9 816
40 9 817
40 9 818
40 9 819
40 9 820
40 9 821
40 9 822
40 9 823
40 9 824
40 9 825
40 9 826
40 9 827
40 9 828
40 9 829
40 9 830
40 9 831
40 9 832
40 9 833
40 9 834
40 9 835
40 9 836
40 9 837
40 9 838
40 9 839
40 9 840
40 9 841
40 9 842
40 9 843
40 9 844
40 9 845
40 9 846
40 9 847
40 9 848
40 9 849
40 9 850
40 9 851
40 9 852
40 9 853
40 9 854
40 9 855
40 9 856
40 9 857
40 9 858
40 9 859
40 9 860
40 9 861
40 9 862
40 9 863
40 9 864
40 9 865
40 9 866
40 9 867
40 9 868
40 9 869
40 9 870
40 9 871
40 9 872
40 9 873
40 9 874
40 9 875
40 9 876
40 9 877
40 9 878
40 9 879
40 9 880
40 9 881
40 9 882
40 9 883
40 9 884
40 9 885
40 9 886
40 9 887
40 9 888
40 9 889
40 9 890
40 9 891
40 9 892
40 9 893
40 9 894
40 9 895
40 9 896
40 9 897
40 9 898
40 9 899
40 9 900
40 9 901
40 9 902
40 9 903
40 9 904
40 9 905
40 9 906
40 9 907
40 9 908
40 9 909
40 9 910
40 9 911
40 9 912
40 9 913
40 9 914
40 9 915
40 9 916
40 9 917
40 9 918
40 9 919
40 9 920
40 9 921
40 9 922
40 9 923
40 9 924
40 9 925
40 9 926
40 9 927
40 9 928
40 9 929
40 9 930
40 9 931
40 9 932
40 9 933
40 9 934
40 9 935
40 9 936
40 9 937
40 9 938
40 9 939
40 9 940
40 9 941
40 9 942
40 9 943
40 9 944
40 9 945
40 9 946
40 9 947
40 9 948
40 9 949
40 9 950
40 9 951
40 9 952
40 9 953
40 9 954
40 9 955
40 9 956
40 9 957
40 9 958
40 9 959
40 9 960
40 9 961
40 9 962
40 9 963
40 9 964
40 9 965
40 9 966
40 9 967
40 9 968
40 9 969
40 9 970
40 9 971
40 9 972
40 9 973
40 9 974
40 9 975
40 9 976
40 9 977
40 9 978
40 9 979
40 9 980
40 9 981
40 9 982
40 9 983
40 9 984
40 9 985
40 9 986
40 9 987
40 9 988
40 9 989
40 9 990
40 9 991
40 9 992
40 9 993
40 9 994
40 9 995
40 9 996
40 9 997
40 9 998
40 9 999
40 9 1000
40 9 1001
40 9 1002
40 9 1003
40 9 1004
40 9 1005
40 9 1006
40 9 1007
40 9 1008
40 9 1009
40 9 1010
40 9 1011
40 9 1012
40 9 1013
40 9 1014
40 9 1015
40 9 1016
40 9 1017
40 9 1018
40 9 1019
40 9 1020
40 9 1021
40 9 1022
40 9 1023
40 9 1024
40 9 1025
40 9 1026
40 9 1027
40 9 1028
40 9 1029
40 9 1030
40 9 1031
40 9 1032
40 9 1033
40 9 1034
40 9 1035
40 9 1036
40 9 1037
40 9 1038
40 9 1039
40 9 1040
40 9 1041
40 9 1042
40 9 1043
40 9 1044
40 9 1045
40 9 1046
40 9 1047
40 9 1048
40 9 1049
40 9 1050
40 9 1051
40 9 1052
40 9 1053
40 9 1054
40 9 1055
40 9 1056
40 9 1057
40 9 1058
40 9 1059
40 9 1060
40 9 1061
40 9 1062
40 9 1063
40 9 1064
40 9 1065
40 9 1066
40 9 1067
40 9 1068
40 9 1069
40 9 1070
40 9 1071
40 9 1072
40 9 1073
40 9 1074
40 9 1075
40 9 1076
40 9 1077
40 9 1078
40 9 1079
40 9 1080
40 9 1081
40 9 1082
40 9 1083
40 9 1084
40 9 1085
40 9 1086
40 9 1087
40 9 1088
40 9 1089
40 9 1090
40 9 1091
40 9 1092
40 9 1093
40 9 1094
40 9 1095
40 9 1096
40 9 1097
40 9 1098
40 9 1099
40 9 1100
40 9 1101
40 9 1102
40 9 1103
40 9 1104
40 9 1105
40 9 1106
40 9 1107
40 9 1108
40 9 1109
40 9 1110
40 9 1111
40 9 1112
40 9 1113
40 9 1114
40 9 1115
40 9 1116
40 9 1117
40 9 1118
40 9 1119
40 9 1120
40 9 1121
40 9 1122
40 9 1123
40 9 1124
40 9 1125
40 9 1126
40 9 1127
40 9 1128
40 9 1129
40 9 1130
40 9 1131
40 9 1132
40 9 1133
40 9 1134
40 9 1135
40 9 1136
40 9 1137
40 9 1138
40 9 1139
40 9 1140
40 9 1141
40 9 1142
40 9 1143
40 9 1144
40 9 1145
40 9 1146
40 9 1147
40 9 1148
40 9 1149
40 9 1150
40 9 1151
40 9 1152
40 9 1153
40 9 1154
40 9 1155
40 9 1156
40 9 1157
40 9 1158
40 9 1159
40 9 1160
40 9 1161
40 9 1162
40 9 1163
40 9 1164
40 9 1165
40 9 1166
40 9 1167
40 9 1168
40 9 1169
40 9 1170
40 9 1171
40 9 1172
40 9 1173
40 9 1174
40 9 1175
40 9 1176
40 9 1177
40 9 1178
40 9 1179
40 9 1180
40 9 1181
40 9 1182
40 9 1183
40 9 1184
40 9 1185
40 9 1186
40 9 1187
40 9 1188
40 9 1189
40 9 1190
40 9 1191
40 9 1192
40 9 1193
40 9 1194
40 9 1195
40 9 1196
40 9 1197
40 9 1198
40 9 1199
40 9 1200
40 9 1201
40 9 1202
40 9 1203
40 9 1204
40 9 1205
40 9 1206
40 9 1207
40 9 1208
40 9 1209
40 9 1210
40 9 1211
40 9 1212
40 9 1213
40 9 1214
40 9 1215
40 9 1216
40 9 1217
40 9 1218
40 9 1219
40 9 1220
40 9 1221
40 9 1222
40 9 1223
40 9 1224
40 9 1225
40 9 1226
40 9 1227
40 9 1228
40 9 1229
40 9 1230
40 9 1231
40 9 1232
40 9 1233
40 9 1234
40 9 1235
40 9 1236
40 9 1237
40 9 1238
40 9 1239
40 9 1240
40 9 1241
40 9 1242
40 9 1243
40 9 1244
40 9 1245
40 9 1246
40 9 1247
40 9 1248
40 9 1249
40 9 1250
40 9 1251
40 9 1252
40 9 1253
40 9 1254
40 9 1255
40 9 1256
40 9 1257
40 9 1258
40 9 1259
40 9 1260
40 9 1261
40 9 1262
40 9 1263
40 9 1264
40 9 1265
40 9 1266
40 9 1267
40 9 1268
40 9 1269
40 9 1270
40 9 1271
40 9 1272
40 9 1273
40 9 1274
40 9 1275
40 9 1276
40 9 1277
40 9 1278
40 9 1279
40 9 1280
40 9 1281
40 9 1282
40 9 1283
40 9 1284
40 9 1285
40 9 1286
40 9 1287
40 9 1288
40 9 1289
40 9 1290
40 9 1291
40 9 1292
40 9 1293
40 9 1294
40 9 1295
40 9 1296
40 9 1297
40 9 1298
40 9 1299
40 9 1300
40 9 1301
40 9 1302
40 9 1303
40 9 1304
40 9 1305
40 9 1306
40 9 1307
40 9 1308
40 9 1309
40 9 1310
40 9 1311
40 9 1312
40 9 1313
40 9 1314
40 9 1315
40 9 1316
40 9 1317
40 9 1318
40 9 1319
40 9 1320
40 9 1321
40 9 1322
40 9 1323
40 9 1324
40 9 1325
40 9 1326
40 9 1327
40 9 1328
40 9 1329
40 9 1330
40 9 1331
40 9 1332
40 9 1333
40 9 1334
40 9 1335
40 9 1336
40 9 1337
40 9 1338
40 9 1339
40 9 1340
40 9 1341
40 9 1342
40 9 1343
40 9 1344
40 9 1345
40 9 1346
40 9 1347
40 9 1348
40 9 1349
40 9 1350
40 9 1351
40 9 1352
40 9 1353
40 9 1354
40 9 1355
40 9 1356
40 9 1357
40 9 1358
40 9 1359
40 9 1360
40 9 1361
40 9 1362
40 9 1363
40 9 1364
40 9 1365
40 9 1366
40 9 1367
40 9 1368
40 9 1369
40 9 1370
40 9 1371
40 9 1372
40 9 1373
40 9 1374
40 9 1375
40 9 1376
40 9 1377
40 9 1378
40 9 1379
40 9 1380
40 9 1381
40 9 1382
40 9 1383
40 9 1384
40 9 1385
40 9 1386
40 9 1387
40 9 1388
40 9 1389
40 9 1390
40 9 1391
40 9 1392
40 9 1393
40 9 1394
40 9 1395
40 9 1396
40 9 1397
40 9 1398
40 9 1399
40 9 1400
40 9 1401
40 9 1402
40 9 1403
40 9 1404
40 9 1405
40 9 1406
40 9 1407
40 9 1408
40 9 1409
40 9 1410
40 9 1411
40 9 1412
40 9 1413
40 9 1414
40 9 1415
40 9 1416
40 9 1417
40 9 1418
40 9 1419
40 9 1420
40 9 1421
40 9 1422
40 9 1423
40 9 1424
40 9 1425
40 9 1426
40 9 1427
40 9 1428
40 9 1429
40 9 1430
40 9 1431
40 9 1432
40 9 1433
40 9 1434
40 9 1435
40 9 1436
40 9 1437
40 9 1438
40 9 1439
40 9 1440
40 9 1441
40 9 1442
40 9 1443
40 9 1444
40 9 1445
40 9 1446
40 9 1447
40 9 1448
40 9 1449
40 9 1450
40 9 1451
40 9 1452
40 9 1453
40 9 1454
40 9 1455
40 9 1456
40 9 1457
40 9 1458
40 9 1459
40 9 1460
40 9 1461
40 9 1462
40 9 1463
40 9 1464
40 9 1465
40 9 1466
40 9 1467
40 9 1468
40 9 1469
40 9 1470
40 9 1471
40 9 1472
40 9 1473
40 9 1474
40 9 1475
40 9 1476
40 9 1477
40 9 1478
40 9 1479
40 9 1480
40 9 1481
40 9 1482
40 9 1483
40 9 1484
40 9 1485
40 9 1486
40 9 1487
40 9 1488
40 9 1489
40 9 1490
40 9 1491
40 9 1492
40 9 1493
40 9 1494
40 9 1495
40 9 1496
40 9 1497
40 9 1498
40 9 1499
40 9 1500
40 9 1501
40 9 1502
40 9 1503
40 9 1504
40 9 1505
40 9 1506
40 9 1507
40 9 1508
40 9 1509
40 9 1510
40 9 1511
40 9 1512
40 9 1513
40 9 1514
40 9 1515
40 9 1516
40 9 1517
40 9 1518
40 9 1519
40 9 1520
40 9 1521
40 9 1522
40 9 1523
40 9 1524
40 9 1525
40 9 1526
40 9 1527
40 9 1528
40 9 1529
40 9 1530
40 9 1531
40 9 1532
40 9 1533
40 9 1534
40 9 1535
40 9 1536
40 9 1537
40 9 1538
40 9 1539
40 9 1540
40 9 1541
40 9 1542
40 9 1543
40 9 1544
40 9 1545
40 9 1546
40 9 1547
40 9 1548
40 9 1549
40 9 1550
40 9 1551
40 9 1552
40 9 1553
40 9 1554
40 9 1555
40 9 1556
40 9 1557
40 9 1558
40 9 1559
40 9 1560
40 9 1561
40 9 1562
40 9 1563
40 9 1564
40 9 1565
40 9 1566
40 9 1567
40 9 1568
40 9 1569
40 9 1570
40 9 1571
40 9 1572
40 9 1573
40 9 1574
40 9 1575
40 9 1576
40 9 1577
40 9 1578
40 9 1579
40 9 1580
40 9 1581
40 9 1582
40 9 1583
40 9 1584
40 9 1585
40 9 1586
40 9 1587
40 9 1588
40 9 1589
40 9 1590
40 9 1591
40 9 1592
40 9 1593
40 9 1594
40 9 1595
40 9 1596
40 9 1597
40 9 1598
40 9 1599
40 9 1600
40 9 1601
40 9 1602
40 9 1603
40 9 1604
40 9 1605
40 9 1606
40 9 1607
40 9 1608
40 9 1609
40 9 1610
40 9 1611
40 9 1612
40 9 1613
40 9 1614
40 9 1615
40 9 1616
40 9 1617
40 9 1618
40 9 1619
40 9 1620
40 9 1621
40 9 1622
40 9 1623
40 9 1624
40 9 1625
40 9 1626
40 9 1627
40 9 1628
40 9 1629
40 9 1630
40 9 1631
40 9 1632
40 9 1633
40 9 1634
40 9 1635
40 9 1636
40 9 1637
40 9 1638
40 9 1639
40 9 1640
40 9 1641
40 9 1642
40 9 1643
40 9 1644
40 9 1645
40 9 1646
40 9 1647
40 9 1648
40 9 1649
40 9 1650
40 9 1651
40 9 1652
40 9 1653
40 9 1654
40 9 1655
40 9 1656
40 9 1657
40 9 1658
40 9 1659
40 9 1660
40 9 1661
40 9 1662
40 9 1663
40 9 1664
40 9 1665
40 9 1666
40 9 1667
40 9 1668
40 9 1669
40 9 1670
40 9 1671
40 9 1672
40 9 1673
40 9 1674
40 9 1675
40 9 1676
40 9 1677
40 9 1678
40 9 1679
40 9 1680
40 9 1681
40 9 1682
40 9 1683
40 9 1684
40 9 1685
40 9 1686
40 9 1687
40 9 1688
40 9 1689
40 9 1690
40 9 1691
40 9 1692
40 9 1693
40 9 1694
40 9 1695
40 9 1696
40 9 1697
40 9 1698
40 9 1699
40 9 1700
40 9 1701
40 9 1702
40 9 1703
40 9 1704
40 9 1705
40 9 1706
40 9 1707
40 9 1708
40 9 1709
40 9 1710
40 9 1711
40 9 1712
40 9 1713
40 9 1714
40 9 1715
40 9 1716
40 9 1717
40 9 1718
40 9 1719
40 9 1720
40 9 1721
40 9 1722
40 9 1723
40 9 1724
40 9 1725
40 9 1726
40 9 1727
40 9 1728
40 9 1729
40 9 1730
40 9 1731
40 9 1732
40 9 1733
40 9 1734
40 9 1735
40 9 1736
40 9 1737
40 9 1738
40 9 1739
40 9 1740
40 9 1741
40 9 1742
40 9 1743
40 9 1744
40 9 1745
40 9 1746
40 9 1747
40 9 1748
40 9 1749
40 9 1750
40 9 1751
40 9 1752
40 9 1753
40 9 1754
40 9 1755
40 9 1756
40 9 1757
40 9 1758
40 9 1759
40 9 1760
40 9 1761
40 9 1762
40 9 1763
40 9 1764
40 9 1765
40 9 1766
40 9 1767
40 9 1768
40 9 1769
40 9 1770
40 9 1771
40 9 1772
40 9 1773
40 9 1774
40 9 1775
40 9 1776
40 9 1777
40 9 1778
40 9 1779
40 9 1780
40 9 1781
40 9 1782
40 9 1783
40 9 1784
40 9 1785
40 9 1786
40 9 1787
40 9 1788
40 9 1789
40 9 1790
40 9 1791
40 9 1792
40 9 1793
40 9 1794
40 9 1795
40 9 1796
40 9 1797
40 9 1798
40 9 1799
40 9 1800
40 9 1801
40 9 1802
40 9 1803
40 9 1804
40 9 1805
40 9 1806
40 9 1807
40 9 1808
40 9 1809
40 9 1810
40 9 1811
40 9 1812
40 9 1813
40 9 1814
40 9 1815
40 9 1816
40 9 1817
40 9 1818
40 9 1819
40 9 1820
40 9 1821
40 9 1822
40 9 1823
40 9 1824
40 9 1825
40 9 1826
40 9 1827
40 9 1828
40 9 1829
40 9 1830
40 9 1831
40 9 1832
40 9 1833
40 9 1834
40 9 1835
40 9 1836
40 9 1837
40 9 1838
40 9 1839
40 9 1840
40 9 1841
40 9 1842
40 9 1843
40 9 1844
40 9 1845
40 9 1846
40 9 1847
40 9 1848
40 9 1849
40 9 1850
40 9 1851
40 9 1852
40 9 1853
40 9 1854
40 9 1855
40 9 1856
40 9 1857
40 9 1858
40 9 1859
40 9 1860
40 9 1861
40 9 1862
40 9 1863
40 9 1864
40 9 1865
40 9 1866
40 9 1867
40 9 1868
40 9 1869
40 9 1870
40 9 1871
40 9 1872
40 9 1873
40 9 1874
40 9 1875
40 9 1876
40 9 1877
40 9 1878
40 9 1879
40 9 1880
40 9 1881
40 9 1882
40 9 1883
40 9 1884
40 9 1885
40 9 1886
40 9 1887
40 9 1888
40 9 1889
40 9 1890
40 9 1891
40 9 1892
40 9 1893
40 9 1894
40 9 1895
40 9 1896
40 9 1897
40 9 1898
40 9 1899
40 9 1900
40 9 1901
40 9 1902
40 9 1903
40 9 1904
40 9 1905
40 9 1906
40 9 1907
40 9 1908
40 9 1909
40 9 1910
40 9 1911
40 9 1912
40 9 1913
40 9 1914
40 9 1915
40 9 1916
40 9 1917
40 9 1918
40 9 1919
40 9 1920
40 9 1921
40 9 1922
40 9 1923
40 9 1924
40 9 1925
40 9 1926
40 9 1927
40 9 1928
40 9 1929
40 9 1930
40 9 1931
40 9 1932
40 9 1933
40 9 1934
40 9 1935
40 9 1936
40 9 1937
40 9 1938
40 9 1939
40 9 1940
40 9 1941
40 9 1942
40 9 1943
40 9 1944
40 9 1945
40 9 1946
40 9 1947
40 9 1948
40 9 1949
40 9 1950
40 9 1951
40 9 1952
40 9 1953
40 9 1954
40 9 1955
40 9 1956
40 9 1957
40 9 1958
40 9 1959
40 9 1960
40 9 1961
40 9 1962
40 9 1963
40 9 1964
40 9 1965
40 9 1966
40 9 1967
40 9 1968
40 9 1969
40 9 1970
40 9 1971
40 9 1972
40 9 1973
40 9 1974
40 9 1975
40 9 1976
40 9 1977
40 9 1978
40 9 1979
40 9 1980
40 9 1981
40 9 1982
40 9 1983
40 9 1984
40 9 1985
40 9 1986
40 9 1987
40 9 1988
40 9 1989
40 9 1990
40 9 1991
40 9 1992
40 9 1993
40 9 1994
40 9 1995
40 9 1996
40 9 1997
40 9 1998
40 9 1999
40 9 2000
40 9 2001
40 9 2002
40 9 2003
40 9 2004
40 9 2005
40 9 2006
40 9 2007
40 9 2008
40 9 2009
40 9 2010
40 9 2011
40 9 2012
40 9 2013
40 9 2014
40 9 2015
40 9 2016
40 9 2017
40 9 2018
40 9 2019
40 9 2020
40 9 2021
40 9 2022
40 9 2023
40 9 2024
40 9 2025
40 9 2026
40 9 2027
40 9 2028
40 9 2029
40 9 2030
40 9 2031
40 9 2032
40 9 2033
40 9 2034
40 9 2035
40 9 2036
40 9 2037
40 9 2038
40 9 2039
40 9 2040
40 9 2041
40 9 2042
40 9 2043
40 9 2044
40 9 2045
40 9 2046
40 9 2047
40 9 2048
40 9 2049
40 9 2050
40 9 2051
40 9 2052
40 9 2053
40 9 2054
40 9 2055
40 9 2056
40 9 2057
40 9 2058
40 9 2059
40 9 2060
40 9 2061
40 9 2062
40 9 2063
40 9 2064
40 9 2065
40 9 2066
40 9 2067
40 9 2068
40 9 2069
40 9 2070
40 9 2071
40 9 2072
40 9 2073
40 9 2074
40 9 2075
40 9 2076
40 9 2077
40 9 2078
40 9 2079
40 9 2080
40 9 2081
40 9 2082
40 9 2083
40 9 2084
40 9 2085
40 9 2086
40 9 2087
40 9 2088
40 9 2089
40 9 2090
40 9 2091
40 9 2092
40 9 2093
40 9 2094
40 9 2095
40 9 2096
40 9 2097
40 9 2098
40 9 2099
40 9 2100
40 9 2101
40 9 2102
40 9 2103
40 9 2104
40 9 2105
40 9 2106
40 9 2107
40 9 2108
40 9 2109
40 9 2110
40 9 2111
40 9 2112
40 9 2113
40 9 2114
40 9 2115
40 9 2116
40 9 2117
40 9 2118
40 9 2119
40 9 2120
40 9 2121
40 9 2122
40 9 2123
40 9 2124
40 9 2125
40 9 2126
40 9 2127
40 9 2128
40 9 2129
40 9 2130
40 9 2131
40 9 2132
40 9 2133
40 9 2134
40 9 2135
40 9 2136
40 9 2137
40 9 2138
40 9 2139
40 9 2140
40 9 2141
40 9 2142
40 9 2143
40 9 2144
40 9 2145
40 9 2146
40 9 2147
40 9 2148
40 9 2149
40 9 2150
40 9 2151
40 9 2152
40 9 2153
40 9 2154
40 9 2155
40 9 2156
40 9 2157
40 9 2158
40 9 2159
40 9 2160
40 9 2161
40 9 2162
40 9 2163
40 9 2164
40 9 2165
40 9 2166
40 9 2167
40 9 2168
40 9 2169
40 9 2170
40 9 2171
40 9 2172
40 9 2173
40 9 2174
40 9 2175
40 9 2176
40 9 2177
40 9 2178
40 9 2179
40 9 2180
40 9 2181
40 9 2182
40 9 2183
40 9 2184
40 9 2185
40 9 2186
40 9 2187
40 9 2188
40 9 2189
40 9 2190
40 9 2191
40 9 2192
40 9 2193
40 9 2194
40 9 2195
40 9 2196
40 9 2197
40 9 2198
40 9 2199
40 9 2200
40 9 2201
40 9 2202
40 9 2203
40 9 2204
40 9 2205
40 9 2206
40 9 2207
40 9 2208
40 9 2209
40 9 2210
40 9 2211
40 9 2212
40 9 2213
40 9 2214
40 9 2215
40 9 2216
40 9 2217
40 9 2218
40 9 2219
40 9 2220
40 9 2221
40 9 2222
40 9 2223
40 9 2224
40 9 2225
40 9 2226
40 9 2227
40 9 2228
40 9 2229
40 9 2230
40 9 2231
40 9 2232
40 9 2233
40 9 2234
40 9 2235
40 9 2236
40 9 2237
40 9 2238
40 9 2239
40 9 2240
40 9 2241
40 9 2242
40 9 2243
40 9 2244
40 9 2245
40 9 2246
40 9 2247
40 9 2248
40 9 2249
40 9 2250
40 9 2251
40 9 2252
40 9 2253
40 9 2254
40 9 2255
40 9 2256
40 9 2257
40 9 2258
40 9 2259
40 9 2260
40 9 2261
40 9 2262
40 9 2263
40 9 2264
40 9 2265
40 9 2266
40 9 2267
40 9 2268
40 9 2269
40 9 2270
40 9 2271
40 9 2272
40 9 2273
40 9 2274
40 9 2275
40 9 2276
40 9 2277
40 9 2278
40 9 2279
40 9 2280
40 9 2281
40 9 2282
40 9 2283
40 9 2284
40 9 2285
40 9 2286
40 9 2287
40 9 2288
40 9 2289
40 9 2290
40 9 2291
40 9 2292
40 9 2293
40 9 2294
40 9 2295
40 9 2296
40 9 2297
40 9 2298
40 9 2299
40 9 2300
40 9 2301
40 9 2302
40 9 2303
40 9 2304
40 9 2305
40 9 2306
40 9 2307
40 9 2308
40 9 2309
40 9 2310
40 9 2311
40 9 2312
40 9 2313
40 9 2314
40 9 2315
40 9 2316
40 9 2317
40 9 2318
40 9 2319
40 9 2320
40 9 2321
40 9 2322
40 9 2323
40 9 2324
40 9 2325
40 9 2326
40 9 2327
40 9 2328
40 9 2329
40 9 2330
40 9 2331
40 9 2332
40 9 2333
40 9 2334
40 9 2335
40 9 2336
40 9 2337
40 9 2338
40 9 2339
40 9 2340
40 9 2341
40 9 2342
40 9 2343
40 9 2344
40 9 2345
40 9 2346
40 9 2347
40 9 2348
40 9 2349
40 9 2350
40 9 2351
40 9 2352
40 9 2353
40 9 2354
40 9 2355
40 9 2356
40 9 2357
40 9 2358
40 9 2359
40 9 2360
40 9 2361
40 9 2362
40 9 2363
40 9 2364
40 9 2365
40 9 2366
40 9 2367
40 9 2368
40 9 2369
40 9 2370
40 9 2371
40 9 2372
40 9 2373
40 9 2374
40 9 2375
40 9 2376
40 9 2377
40 9 2378
40 9 2379
40 9 2380
40 9 2381
40 9 2382
40 9 2383
40 9 2384
40 9 2385
40 9 2386
40 9 2387
40 9 2388
40 9 2389
40 9 2390
40 9 2391
40 9 2392
40 9 2393
40 9 2394
40 9 2395
40 9 2396
40 9 2397
40 9 2398
40 9 2399
40 9 2400
40 9 2401
40 9 2402
40 9 2403
40 9 2404
40 9 2405
40 9 2406
40 9 2407
40 9 2408
40 9 2409
40 9 2410
40 9 2411
40 9 2412
40 9 2413
40 9 2414
40 9 2415
40 9 2416
40 9 2417
40 9 2418
40 9 2419
40 9 2420
40 9 2421
40 9 2422
40 9 2423
40 9 2424
40 9 2425
40 9 2426
40 9 2427
40 9 2428
40 9 2429
40 9 2430
40 9 2431
40 9 2432
40 9 2433
40 9 2434
40 9 2435
40 9 2436
40 9 2437
40 9 2438
40 9 2439
40 9 2440
40 9 2441
40 9 2442
40 9 2443
40 9 2444
40 9 2445
40 9 2446
40 9 2447
40 9 2448
40 9 2449
40 9 2450
40 9 2451
40 9 2452
40 9 2453
40 9 2454
40 9 2455
40 9 2456
40 9 2457
