30 40 1
30 40 2
30 40 3
30 40 4
30 40 5
30 40 6
30 40 7
30 40 8
30 40 9
30 40 10
30 40 11
30 40 12
30 40 13
30 40 14
30 40 15
30 40 16
30 40 17
30 40 18
30 40 19
30 40 20
30 40 21
30 40 22
30 40 23
30 40 24
30 40 25
30 40 26
30 40 27
30 40 28
30 40 29
30 40 30
30 40 31
30 40 32
30 40 33
30 40 34
30 40 35
30 40 36
30 40 37
30 40 38
30 40 39
30 40 40
30 40 41
30 40 42
30 40 43
30 40 44
30 40 45
30 40 46
30 40 47
30 40 48
30 40 49
30 40 50
30 40 51
30 40 52
30 40 53
30 40 54
30 40 55
30 40 56
30 40 57
30 40 58
30 40 59
30 40 60
30 40 61
30 40 62
30 40 63
30 40 64
30 40 65
30 40 66
30 40 67
30 40 68
30 40 69
30 40 70
30 40 71
30 40 72
30 40 73
30 40 74
30 40 75
30 40 76
30 40 77
30 40 78
30 40 79
30 40 80
30 40 81
30 40 82
30 40 83
30 40 84
30 40 85
30 40 86
30 40 87
30 40 88
30 40 89
30 40 90
30 40 91
30 40 92
30 40 93
30 40 94
30 40 95
30 40 96
30 40 97
30 40 98
30 40 99
30 40 100
30 40 101
30 40 102
