40 10 1
40 10 2
40 10 3
40 10 4
40 10 5
40 10 6
40 10 7
40 10 8
40 10 9
40 10 10
40 10 11
40 10 12
40 10 13
40 10 14
40 10 15
40 10 16
40 10 17
40 10 18
40 10 19
40 10 20
40 10 21
40 10 22
40 10 23
40 10 24
40 10 25
40 10 26
40 10 27
40 10 28
40 10 29
40 10 30
40 10 31
40 10 32
40 10 33
40 10 34
40 10 35
40 10 36
40 10 37
40 10 38
40 10 39
40 10 40
40 10 41
40 10 42
40 10 43
40 10 44
40 10 45
40 10 46
40 10 47
40 10 48
40 10 49
40 10 50
40 10 51
40 10 52
40 10 53
40 10 54
40 10 55
40 10 56
40 10 57
40 10 58
40 10 59
40 10 60
40 10 61
40 10 62
40 10 63
40 10 64
40 10 65
40 10 66
40 10 67
40 10 68
40 10 69
40 10 70
40 10 71
40 10 72
40 10 73
40 10 74
40 10 75
40 10 76
40 10 77
40 10 78
40 10 79
40 10 80
40 10 81
40 10 82
40 10 83
40 10 84
40 10 85
40 10 86
40 10 87
40 10 88
40 10 89
40 10 90
40 10 91
40 10 92
40 10 93
40 10 94
40 10 95
40 10 96
40 10 97
40 10 98
40 10 99
40 10 100
40 10 101
40 10 102
40 10 103
40 10 104
40 10 105
40 10 106
40 10 107
40 10 108
40 10 109
40 10 110
40 10 111
40 10 112
40 10 113
40 10 114
40 10 115
40 10 116
40 10 117
40 10 118
40 10 119
40 10 120
40 10 121
40 10 122
40 10 123
40 10 124
40 10 125
40 10 126
40 10 127
40 10 128
40 10 129
40 10 130
40 10 131
40 10 132
40 10 133
40 10 134
40 10 135
40 10 136
40 10 137
40 10 138
40 10 139
40 10 140
40 10 141
40 10 142
40 10 143
40 10 144
40 10 145
40 10 146
40 10 147
40 10 148
40 10 149
40 10 150
40 10 151
40 10 152
40 10 153
40 10 154
40 10 155
40 10 156
40 10 157
40 10 158
40 10 159
40 10 160
40 10 161
40 10 162
40 10 163
40 10 164
40 10 165
40 10 166
40 10 167
40 10 168
40 10 169
40 10 170
40 10 171
40 10 172
40 10 173
40 10 174
40 10 175
40 10 176
40 10 177
40 10 178
40 10 179
40 10 180
40 10 181
40 10 182
40 10 183
40 10 184
40 10 185
40 10 186
40 10 187
40 10 188
40 10 189
40 10 190
40 10 191
40 10 192
40 10 193
40 10 194
40 10 195
40 10 196
40 10 197
40 10 198
40 10 199
40 10 200
40 10 201
40 10 202
40 10 203
40 10 204
40 10 205
40 10 206
40 10 207
40 10 208
40 10 209
40 10 210
40 10 211
40 10 212
40 10 213
40 10 214
40 10 215
40 10 216
40 10 217
40 10 218
40 10 219
40 10 220
40 10 221
40 10 222
40 10 223
40 10 224
40 10 225
40 10 226
40 10 227
40 10 228
40 10 229
40 10 230
40 10 231
40 10 232
40 10 233
40 10 234
40 10 235
40 10 236
40 10 237
40 10 238
40 10 239
40 10 240
40 10 241
40 10 242
40 10 243
40 10 244
40 10 245
40 10 246
40 10 247
40 10 248
40 10 249
40 10 250
40 10 251
40 10 252
40 10 253
40 10 254
40 10 255
40 10 256
40 10 257
40 10 258
40 10 259
40 10 260
40 10 261
40 10 262
40 10 263
40 10 264
40 10 265
40 10 266
40 10 267
40 10 268
40 10 269
40 10 270
40 10 271
40 10 272
40 10 273
40 10 274
40 10 275
40 10 276
40 10 277
40 10 278
40 10 279
40 10 280
40 10 281
40 10 282
40 10 283
40 10 284
40 10 285
40 10 286
40 10 287
40 10 288
40 10 289
40 10 290
40 10 291
40 10 292
40 10 293
40 10 294
40 10 295
40 10 296
40 10 297
40 10 298
40 10 299
40 10 300
40 10 301
40 10 302
40 10 303
40 10 304
40 10 305
40 10 306
40 10 307
40 10 308
40 10 309
40 10 310
40 10 311
40 10 312
40 10 313
40 10 314
40 10 315
40 10 316
40 10 317
40 10 318
40 10 319
40 10 320
40 10 321
40 10 322
40 10 323
40 10 324
40 10 325
40 10 326
40 10 327
40 10 328
40 10 329
40 10 330
40 10 331
40 10 332
40 10 333
40 10 334
40 10 335
40 10 336
40 10 337
40 10 338
40 10 339
40 10 340
40 10 341
40 10 342
40 10 343
40 10 344
40 10 345
40 10 346
40 10 347
40 10 348
40 10 349
40 10 350
40 10 351
40 10 352
40 10 353
40 10 354
40 10 355
40 10 356
40 10 357
40 10 358
40 10 359
40 10 360
40 10 361
40 10 362
40 10 363
40 10 364
40 10 365
40 10 366
40 10 367
40 10 368
40 10 369
40 10 370
40 10 371
40 10 372
40 10 373
40 10 374
40 10 375
40 10 376
40 10 377
40 10 378
40 10 379
40 10 380
40 10 381
40 10 382
40 10 383
40 10 384
40 10 385
40 10 386
40 10 387
40 10 388
40 10 389
40 10 390
40 10 391
40 10 392
40 10 393
40 10 394
40 10 395
40 10 396
40 10 397
40 10 398
40 10 399
40 10 400
40 10 401
40 10 402
40 10 403
40 10 404
40 10 405
40 10 406
40 10 407
40 10 408
40 10 409
40 10 410
40 10 411
40 10 412
40 10 413
40 10 414
40 10 415
40 10 416
40 10 417
40 10 418
40 10 419
40 10 420
40 10 421
40 10 422
40 10 423
40 10 424
40 10 425
40 10 426
40 10 427
40 10 428
40 10 429
40 10 430
40 10 431
40 10 432
40 10 433
40 10 434
40 10 435
40 10 436
40 10 437
40 10 438
40 10 439
40 10 440
40 10 441
40 10 442
40 10 443
40 10 444
40 10 445
40 10 446
40 10 447
40 10 448
40 10 449
40 10 450
40 10 451
40 10 452
40 10 453
40 10 454
40 10 455
40 10 456
40 10 457
40 10 458
40 10 459
40 10 460
40 10 461
40 10 462
40 10 463
40 10 464
40 10 465
40 10 466
40 10 467
40 10 468
40 10 469
40 10 470
40 10 471
40 10 472
40 10 473
40 10 474
40 10 475
40 10 476
40 10 477
40 10 478
40 10 479
40 10 480
40 10 481
40 10 482
40 10 483
40 10 484
40 10 485
40 10 486
40 10 487
40 10 488
40 10 489
40 10 490
40 10 491
40 10 492
40 10 493
40 10 494
40 10 495
40 10 496
40 10 497
40 10 498
40 10 499
40 10 500
40 10 501
40 10 502
40 10 503
40 10 504
40 10 505
40 10 506
40 10 507
40 10 508
40 10 509
40 10 510
40 10 511
40 10 512
40 10 513
40 10 514
40 10 515
40 10 516
40 10 517
40 10 518
40 10 519
40 10 520
40 10 521
40 10 522
40 10 523
40 10 524
40 10 525
40 10 526
40 10 527
40 10 528
40 10 529
40 10 530
40 10 531
40 10 532
40 10 533
40 10 534
40 10 535
40 10 536
40 10 537
40 10 538
40 10 539
40 10 540
40 10 541
40 10 542
40 10 543
40 10 544
40 10 545
40 10 546
40 10 547
40 10 548
40 10 549
40 10 550
40 10 551
40 10 552
40 10 553
40 10 554
40 10 555
40 10 556
40 10 557
40 10 558
40 10 559
40 10 560
40 10 561
40 10 562
40 10 563
40 10 564
40 10 565
40 10 566
40 10 567
40 10 568
40 10 569
40 10 570
40 10 571
40 10 572
40 10 573
40 10 574
40 10 575
40 10 576
40 10 577
40 10 578
40 10 579
40 10 580
40 10 581
40 10 582
40 10 583
40 10 584
40 10 585
40 10 586
40 10 587
40 10 588
40 10 589
40 10 590
40 10 591
40 10 592
40 10 593
40 10 594
40 10 595
40 10 596
40 10 597
40 10 598
40 10 599
40 10 600
40 10 601
40 10 602
40 10 603
40 10 604
40 10 605
40 10 606
40 10 607
40 10 608
40 10 609
40 10 610
40 10 611
40 10 612
40 10 613
40 10 614
40 10 615
40 10 616
40 10 617
40 10 618
40 10 619
40 10 620
40 10 621
40 10 622
40 10 623
40 10 624
40 10 625
40 10 626
40 10 627
40 10 628
40 10 629
40 10 630
40 10 631
40 10 632
40 10 633
40 10 634
40 10 635
40 10 636
40 10 637
40 10 638
40 10 639
40 10 640
40 10 641
40 10 642
40 10 643
40 10 644
40 10 645
40 10 646
40 10 647
40 10 648
40 10 649
40 10 650
40 10 651
40 10 652
40 10 653
40 10 654
40 10 655
40 10 656
40 10 657
40 10 658
40 10 659
40 10 660
40 10 661
40 10 662
40 10 663
40 10 664
40 10 665
40 10 666
40 10 667
40 10 668
40 10 669
40 10 670
40 10 671
40 10 672
40 10 673
40 10 674
40 10 675
40 10 676
40 10 677
40 10 678
40 10 679
40 10 680
40 10 681
40 10 682
40 10 683
40 10 684
40 10 685
40 10 686
40 10 687
40 10 688
40 10 689
40 10 690
40 10 691
40 10 692
40 10 693
40 10 694
40 10 695
40 10 696
40 10 697
40 10 698
40 10 699
40 10 700
40 10 701
40 10 702
40 10 703
40 10 704
40 10 705
40 10 706
40 10 707
40 10 708
40 10 709
40 10 710
40 10 711
40 10 712
40 10 713
40 10 714
40 10 715
40 10 716
40 10 717
40 10 718
40 10 719
40 10 720
40 10 721
40 10 722
40 10 723
40 10 724
40 10 725
40 10 726
40 10 727
40 10 728
40 10 729
40 10 730
40 10 731
40 10 732
40 10 733
40 10 734
40 10 735
40 10 736
40 10 737
40 10 738
40 10 739
40 10 740
40 10 741
40 10 742
40 10 743
40 10 744
40 10 745
40 10 746
40 10 747
40 10 748
40 10 749
40 10 750
40 10 751
40 10 752
40 10 753
40 10 754
40 10 755
40 10 756
40 10 757
40 10 758
40 10 759
40 10 760
40 10 761
40 10 762
40 10 763
40 10 764
40 10 765
40 10 766
40 10 767
40 10 768
40 10 769
40 10 770
40 10 771
40 10 772
40 10 773
40 10 774
40 10 775
40 10 776
40 10 777
40 10 778
40 10 779
40 10 780
40 10 781
40 10 782
40 10 783
40 10 784
40 10 785
40 10 786
40 10 787
40 10 788
40 10 789
40 10 790
40 10 791
40 10 792
40 10 793
40 10 794
40 10 795
40 10 796
40 10 797
40 10 798
40 10 799
40 10 800
40 10 801
40 10 802
40 10 803
40 10 804
40 10 805
40 10 806
40 10 807
40 10 808
40 10 809
40 10 810
40 10 811
40 10 812
40 10 813
40 10 814
40 10 815
40 10 816
40 10 817
40 10 818
40 10 819
40 10 820
40 10 821
40 10 822
40 10 823
40 10 824
40 10 825
40 10 826
40 10 827
40 10 828
40 10 829
40 10 830
40 10 831
40 10 832
40 10 833
40 10 834
40 10 835
40 10 836
40 10 837
40 10 838
40 10 839
40 10 840
40 10 841
40 10 842
40 10 843
40 10 844
40 10 845
40 10 846
40 10 847
40 10 848
40 10 849
40 10 850
40 10 851
40 10 852
40 10 853
40 10 854
40 10 855
40 10 856
40 10 857
40 10 858
40 10 859
40 10 860
40 10 861
40 10 862
40 10 863
40 10 864
40 10 865
40 10 866
40 10 867
40 10 868
40 10 869
40 10 870
40 10 871
40 10 872
40 10 873
40 10 874
40 10 875
40 10 876
40 10 877
40 10 878
40 10 879
40 10 880
40 10 881
40 10 882
40 10 883
40 10 884
40 10 885
40 10 886
40 10 887
40 10 888
40 10 889
40 10 890
40 10 891
40 10 892
40 10 893
40 10 894
40 10 895
40 10 896
40 10 897
40 10 898
40 10 899
40 10 900
40 10 901
40 10 902
40 10 903
40 10 904
40 10 905
40 10 906
40 10 907
40 10 908
40 10 909
40 10 910
40 10 911
40 10 912
40 10 913
40 10 914
40 10 915
40 10 916
40 10 917
40 10 918
40 10 919
40 10 920
40 10 921
40 10 922
40 10 923
40 10 924
40 10 925
40 10 926
40 10 927
40 10 928
40 10 929
40 10 930
40 10 931
40 10 932
40 10 933
40 10 934
40 10 935
40 10 936
40 10 937
40 10 938
40 10 939
40 10 940
40 10 941
40 10 942
40 10 943
40 10 944
40 10 945
40 10 946
40 10 947
40 10 948
40 10 949
40 10 950
40 10 951
40 10 952
40 10 953
40 10 954
40 10 955
40 10 956
40 10 957
40 10 958
40 10 959
40 10 960
40 10 961
40 10 962
40 10 963
40 10 964
40 10 965
40 10 966
40 10 967
40 10 968
40 10 969
40 10 970
40 10 971
40 10 972
40 10 973
40 10 974
40 10 975
40 10 976
40 10 977
40 10 978
40 10 979
40 10 980
40 10 981
40 10 982
40 10 983
40 10 984
40 10 985
40 10 986
40 10 987
40 10 988
40 10 989
40 10 990
40 10 991
40 10 992
40 10 993
40 10 994
40 10 995
40 10 996
40 10 997
40 10 998
40 10 999
40 10 1000
40 10 1001
40 10 1002
40 10 1003
40 10 1004
40 10 1005
40 10 1006
40 10 1007
40 10 1008
40 10 1009
40 10 1010
40 10 1011
40 10 1012
40 10 1013
40 10 1014
40 10 1015
40 10 1016
40 10 1017
40 10 1018
40 10 1019
40 10 1020
40 10 1021
40 10 1022
40 10 1023
40 10 1024
40 10 1025
40 10 1026
40 10 1027
40 10 1028
40 10 1029
40 10 1030
40 10 1031
40 10 1032
40 10 1033
40 10 1034
40 10 1035
40 10 1036
40 10 1037
40 10 1038
40 10 1039
40 10 1040
40 10 1041
40 10 1042
40 10 1043
40 10 1044
40 10 1045
40 10 1046
40 10 1047
40 10 1048
40 10 1049
40 10 1050
40 10 1051
40 10 1052
40 10 1053
40 10 1054
40 10 1055
40 10 1056
40 10 1057
40 10 1058
40 10 1059
40 10 1060
40 10 1061
40 10 1062
40 10 1063
40 10 1064
40 10 1065
40 10 1066
40 10 1067
40 10 1068
40 10 1069
40 10 1070
40 10 1071
40 10 1072
40 10 1073
40 10 1074
40 10 1075
40 10 1076
40 10 1077
40 10 1078
40 10 1079
40 10 1080
40 10 1081
40 10 1082
40 10 1083
40 10 1084
40 10 1085
40 10 1086
40 10 1087
40 10 1088
40 10 1089
40 10 1090
40 10 1091
40 10 1092
40 10 1093
40 10 1094
40 10 1095
40 10 1096
40 10 1097
40 10 1098
40 10 1099
40 10 1100
40 10 1101
40 10 1102
40 10 1103
40 10 1104
40 10 1105
40 10 1106
40 10 1107
40 10 1108
40 10 1109
40 10 1110
40 10 1111
40 10 1112
40 10 1113
40 10 1114
40 10 1115
40 10 1116
40 10 1117
40 10 1118
40 10 1119
40 10 1120
40 10 1121
40 10 1122
40 10 1123
40 10 1124
40 10 1125
40 10 1126
40 10 1127
40 10 1128
40 10 1129
40 10 1130
40 10 1131
40 10 1132
40 10 1133
40 10 1134
40 10 1135
40 10 1136
40 10 1137
40 10 1138
40 10 1139
40 10 1140
40 10 1141
40 10 1142
40 10 1143
40 10 1144
40 10 1145
40 10 1146
40 10 1147
40 10 1148
40 10 1149
40 10 1150
40 10 1151
40 10 1152
40 10 1153
40 10 1154
40 10 1155
40 10 1156
40 10 1157
40 10 1158
40 10 1159
40 10 1160
40 10 1161
40 10 1162
40 10 1163
40 10 1164
40 10 1165
40 10 1166
40 10 1167
40 10 1168
40 10 1169
40 10 1170
40 10 1171
40 10 1172
40 10 1173
40 10 1174
40 10 1175
40 10 1176
40 10 1177
40 10 1178
40 10 1179
40 10 1180
40 10 1181
40 10 1182
40 10 1183
40 10 1184
40 10 1185
40 10 1186
40 10 1187
40 10 1188
40 10 1189
40 10 1190
40 10 1191
40 10 1192
40 10 1193
40 10 1194
40 10 1195
40 10 1196
40 10 1197
40 10 1198
40 10 1199
40 10 1200
40 10 1201
40 10 1202
40 10 1203
40 10 1204
40 10 1205
40 10 1206
40 10 1207
40 10 1208
40 10 1209
40 10 1210
40 10 1211
40 10 1212
40 10 1213
40 10 1214
40 10 1215
40 10 1216
40 10 1217
40 10 1218
40 10 1219
40 10 1220
40 10 1221
40 10 1222
40 10 1223
40 10 1224
40 10 1225
40 10 1226
40 10 1227
40 10 1228
40 10 1229
40 10 1230
40 10 1231
40 10 1232
40 10 1233
40 10 1234
40 10 1235
40 10 1236
40 10 1237
40 10 1238
40 10 1239
40 10 1240
40 10 1241
40 10 1242
40 10 1243
40 10 1244
40 10 1245
40 10 1246
40 10 1247
40 10 1248
40 10 1249
40 10 1250
40 10 1251
40 10 1252
40 10 1253
40 10 1254
40 10 1255
40 10 1256
40 10 1257
40 10 1258
40 10 1259
40 10 1260
40 10 1261
40 10 1262
40 10 1263
40 10 1264
40 10 1265
40 10 1266
40 10 1267
40 10 1268
40 10 1269
40 10 1270
40 10 1271
40 10 1272
40 10 1273
40 10 1274
40 10 1275
40 10 1276
40 10 1277
40 10 1278
40 10 1279
40 10 1280
40 10 1281
40 10 1282
40 10 1283
40 10 1284
40 10 1285
40 10 1286
40 10 1287
40 10 1288
40 10 1289
40 10 1290
40 10 1291
40 10 1292
40 10 1293
40 10 1294
40 10 1295
40 10 1296
40 10 1297
40 10 1298
40 10 1299
40 10 1300
40 10 1301
40 10 1302
40 10 1303
40 10 1304
40 10 1305
40 10 1306
40 10 1307
40 10 1308
40 10 1309
40 10 1310
40 10 1311
40 10 1312
40 10 1313
40 10 1314
40 10 1315
40 10 1316
40 10 1317
40 10 1318
40 10 1319
40 10 1320
40 10 1321
40 10 1322
40 10 1323
40 10 1324
40 10 1325
40 10 1326
40 10 1327
40 10 1328
40 10 1329
40 10 1330
40 10 1331
40 10 1332
40 10 1333
40 10 1334
40 10 1335
40 10 1336
40 10 1337
40 10 1338
40 10 1339
40 10 1340
40 10 1341
40 10 1342
40 10 1343
40 10 1344
40 10 1345
40 10 1346
40 10 1347
40 10 1348
40 10 1349
40 10 1350
40 10 1351
40 10 1352
40 10 1353
40 10 1354
40 10 1355
40 10 1356
40 10 1357
40 10 1358
40 10 1359
40 10 1360
40 10 1361
40 10 1362
40 10 1363
40 10 1364
40 10 1365
40 10 1366
40 10 1367
40 10 1368
40 10 1369
40 10 1370
40 10 1371
40 10 1372
40 10 1373
40 10 1374
40 10 1375
40 10 1376
40 10 1377
40 10 1378
40 10 1379
40 10 1380
40 10 1381
40 10 1382
40 10 1383
40 10 1384
40 10 1385
40 10 1386
40 10 1387
40 10 1388
40 10 1389
40 10 1390
40 10 1391
40 10 1392
40 10 1393
40 10 1394
40 10 1395
40 10 1396
40 10 1397
40 10 1398
40 10 1399
40 10 1400
40 10 1401
40 10 1402
40 10 1403
40 10 1404
40 10 1405
40 10 1406
40 10 1407
40 10 1408
40 10 1409
40 10 1410
40 10 1411
40 10 1412
40 10 1413
40 10 1414
40 10 1415
40 10 1416
40 10 1417
40 10 1418
40 10 1419
40 10 1420
40 10 1421
40 10 1422
40 10 1423
40 10 1424
40 10 1425
40 10 1426
40 10 1427
40 10 1428
40 10 1429
40 10 1430
40 10 1431
40 10 1432
40 10 1433
40 10 1434
40 10 1435
40 10 1436
40 10 1437
40 10 1438
40 10 1439
40 10 1440
40 10 1441
40 10 1442
40 10 1443
40 10 1444
40 10 1445
40 10 1446
40 10 1447
40 10 1448
40 10 1449
40 10 1450
40 10 1451
40 10 1452
40 10 1453
40 10 1454
40 10 1455
40 10 1456
40 10 1457
40 10 1458
40 10 1459
40 10 1460
40 10 1461
40 10 1462
40 10 1463
40 10 1464
40 10 1465
40 10 1466
40 10 1467
40 10 1468
40 10 1469
40 10 1470
40 10 1471
40 10 1472
40 10 1473
40 10 1474
40 10 1475
40 10 1476
40 10 1477
40 10 1478
40 10 1479
40 10 1480
40 10 1481
40 10 1482
40 10 1483
40 10 1484
40 10 1485
40 10 1486
40 10 1487
40 10 1488
40 10 1489
40 10 1490
40 10 1491
40 10 1492
40 10 1493
40 10 1494
40 10 1495
40 10 1496
40 10 1497
40 10 1498
40 10 1499
40 10 1500
40 10 1501
40 10 1502
40 10 1503
40 10 1504
40 10 1505
40 10 1506
40 10 1507
40 10 1508
40 10 1509
40 10 1510
40 10 1511
40 10 1512
40 10 1513
40 10 1514
40 10 1515
40 10 1516
40 10 1517
40 10 1518
40 10 1519
40 10 1520
40 10 1521
40 10 1522
40 10 1523
40 10 1524
40 10 1525
40 10 1526
40 10 1527
40 10 1528
40 10 1529
40 10 1530
40 10 1531
40 10 1532
40 10 1533
40 10 1534
40 10 1535
40 10 1536
40 10 1537
40 10 1538
40 10 1539
40 10 1540
40 10 1541
40 10 1542
40 10 1543
40 10 1544
40 10 1545
40 10 1546
40 10 1547
40 10 1548
40 10 1549
40 10 1550
40 10 1551
40 10 1552
40 10 1553
40 10 1554
40 10 1555
40 10 1556
40 10 1557
40 10 1558
40 10 1559
40 10 1560
40 10 1561
40 10 1562
40 10 1563
40 10 1564
40 10 1565
40 10 1566
40 10 1567
40 10 1568
40 10 1569
40 10 1570
40 10 1571
40 10 1572
40 10 1573
40 10 1574
40 10 1575
40 10 1576
40 10 1577
40 10 1578
40 10 1579
40 10 1580
40 10 1581
40 10 1582
40 10 1583
40 10 1584
40 10 1585
40 10 1586
40 10 1587
40 10 1588
40 10 1589
40 10 1590
40 10 1591
40 10 1592
40 10 1593
40 10 1594
40 10 1595
40 10 1596
40 10 1597
40 10 1598
40 10 1599
40 10 1600
40 10 1601
40 10 1602
40 10 1603
40 10 1604
40 10 1605
40 10 1606
40 10 1607
40 10 1608
40 10 1609
40 10 1610
40 10 1611
40 10 1612
40 10 1613
40 10 1614
40 10 1615
40 10 1616
40 10 1617
40 10 1618
40 10 1619
40 10 1620
40 10 1621
40 10 1622
40 10 1623
40 10 1624
40 10 1625
40 10 1626
40 10 1627
40 10 1628
40 10 1629
40 10 1630
40 10 1631
40 10 1632
40 10 1633
40 10 1634
40 10 1635
40 10 1636
40 10 1637
40 10 1638
40 10 1639
40 10 1640
40 10 1641
40 10 1642
40 10 1643
40 10 1644
40 10 1645
40 10 1646
40 10 1647
40 10 1648
40 10 1649
40 10 1650
40 10 1651
40 10 1652
40 10 1653
40 10 1654
40 10 1655
40 10 1656
40 10 1657
40 10 1658
40 10 1659
40 10 1660
40 10 1661
40 10 1662
40 10 1663
40 10 1664
40 10 1665
40 10 1666
40 10 1667
40 10 1668
40 10 1669
40 10 1670
40 10 1671
40 10 1672
40 10 1673
40 10 1674
40 10 1675
40 10 1676
40 10 1677
40 10 1678
40 10 1679
40 10 1680
40 10 1681
40 10 1682
40 10 1683
40 10 1684
40 10 1685
40 10 1686
40 10 1687
40 10 1688
40 10 1689
40 10 1690
40 10 1691
40 10 1692
40 10 1693
40 10 1694
40 10 1695
40 10 1696
40 10 1697
40 10 1698
40 10 1699
40 10 1700
40 10 1701
40 10 1702
40 10 1703
40 10 1704
40 10 1705
40 10 1706
40 10 1707
40 10 1708
40 10 1709
40 10 1710
40 10 1711
40 10 1712
40 10 1713
40 10 1714
40 10 1715
40 10 1716
40 10 1717
40 10 1718
40 10 1719
40 10 1720
40 10 1721
40 10 1722
40 10 1723
40 10 1724
40 10 1725
40 10 1726
40 10 1727
40 10 1728
40 10 1729
40 10 1730
40 10 1731
40 10 1732
40 10 1733
40 10 1734
40 10 1735
40 10 1736
40 10 1737
40 10 1738
40 10 1739
40 10 1740
40 10 1741
40 10 1742
40 10 1743
40 10 1744
40 10 1745
40 10 1746
40 10 1747
40 10 1748
40 10 1749
40 10 1750
40 10 1751
40 10 1752
40 10 1753
40 10 1754
40 10 1755
40 10 1756
40 10 1757
40 10 1758
40 10 1759
40 10 1760
40 10 1761
40 10 1762
40 10 1763
40 10 1764
40 10 1765
40 10 1766
40 10 1767
40 10 1768
40 10 1769
40 10 1770
40 10 1771
40 10 1772
40 10 1773
40 10 1774
40 10 1775
40 10 1776
40 10 1777
40 10 1778
40 10 1779
40 10 1780
40 10 1781
40 10 1782
40 10 1783
40 10 1784
40 10 1785
40 10 1786
40 10 1787
40 10 1788
40 10 1789
40 10 1790
40 10 1791
40 10 1792
40 10 1793
40 10 1794
40 10 1795
40 10 1796
40 10 1797
40 10 1798
40 10 1799
40 10 1800
40 10 1801
40 10 1802
40 10 1803
40 10 1804
40 10 1805
40 10 1806
40 10 1807
40 10 1808
40 10 1809
40 10 1810
40 10 1811
40 10 1812
40 10 1813
40 10 1814
40 10 1815
40 10 1816
40 10 1817
40 10 1818
40 10 1819
40 10 1820
40 10 1821
40 10 1822
40 10 1823
40 10 1824
40 10 1825
40 10 1826
40 10 1827
40 10 1828
40 10 1829
40 10 1830
40 10 1831
40 10 1832
40 10 1833
40 10 1834
40 10 1835
40 10 1836
40 10 1837
40 10 1838
40 10 1839
40 10 1840
40 10 1841
40 10 1842
40 10 1843
40 10 1844
40 10 1845
40 10 1846
40 10 1847
40 10 1848
40 10 1849
40 10 1850
40 10 1851
40 10 1852
40 10 1853
40 10 1854
40 10 1855
40 10 1856
40 10 1857
40 10 1858
40 10 1859
40 10 1860
40 10 1861
40 10 1862
40 10 1863
40 10 1864
40 10 1865
40 10 1866
40 10 1867
40 10 1868
40 10 1869
40 10 1870
40 10 1871
40 10 1872
40 10 1873
40 10 1874
40 10 1875
40 10 1876
40 10 1877
40 10 1878
40 10 1879
40 10 1880
40 10 1881
40 10 1882
40 10 1883
40 10 1884
40 10 1885
40 10 1886
40 10 1887
40 10 1888
40 10 1889
40 10 1890
40 10 1891
40 10 1892
40 10 1893
40 10 1894
40 10 1895
40 10 1896
40 10 1897
40 10 1898
40 10 1899
40 10 1900
40 10 1901
40 10 1902
40 10 1903
40 10 1904
40 10 1905
40 10 1906
40 10 1907
40 10 1908
40 10 1909
40 10 1910
40 10 1911
40 10 1912
40 10 1913
40 10 1914
40 10 1915
40 10 1916
40 10 1917
40 10 1918
40 10 1919
40 10 1920
40 10 1921
40 10 1922
40 10 1923
40 10 1924
40 10 1925
40 10 1926
40 10 1927
40 10 1928
40 10 1929
40 10 1930
40 10 1931
40 10 1932
40 10 1933
40 10 1934
40 10 1935
40 10 1936
40 10 1937
40 10 1938
40 10 1939
40 10 1940
40 10 1941
40 10 1942
40 10 1943
40 10 1944
40 10 1945
40 10 1946
40 10 1947
40 10 1948
40 10 1949
40 10 1950
40 10 1951
40 10 1952
40 10 1953
40 10 1954
40 10 1955
40 10 1956
40 10 1957
40 10 1958
40 10 1959
40 10 1960
40 10 1961
40 10 1962
40 10 1963
40 10 1964
40 10 1965
40 10 1966
40 10 1967
40 10 1968
40 10 1969
40 10 1970
40 10 1971
40 10 1972
40 10 1973
40 10 1974
40 10 1975
40 10 1976
40 10 1977
40 10 1978
40 10 1979
40 10 1980
40 10 1981
40 10 1982
40 10 1983
40 10 1984
40 10 1985
40 10 1986
40 10 1987
40 10 1988
40 10 1989
40 10 1990
40 10 1991
40 10 1992
40 10 1993
40 10 1994
40 10 1995
40 10 1996
40 10 1997
40 10 1998
40 10 1999
40 10 2000
40 10 2001
40 10 2002
40 10 2003
40 10 2004
40 10 2005
40 10 2006
40 10 2007
40 10 2008
40 10 2009
40 10 2010
40 10 2011
40 10 2012
40 10 2013
40 10 2014
40 10 2015
40 10 2016
40 10 2017
40 10 2018
40 10 2019
40 10 2020
40 10 2021
40 10 2022
40 10 2023
40 10 2024
40 10 2025
40 10 2026
40 10 2027
40 10 2028
40 10 2029
40 10 2030
40 10 2031
40 10 2032
40 10 2033
40 10 2034
40 10 2035
40 10 2036
40 10 2037
40 10 2038
40 10 2039
40 10 2040
40 10 2041
40 10 2042
40 10 2043
40 10 2044
40 10 2045
40 10 2046
40 10 2047
40 10 2048
40 10 2049
40 10 2050
40 10 2051
40 10 2052
40 10 2053
40 10 2054
40 10 2055
40 10 2056
40 10 2057
40 10 2058
40 10 2059
40 10 2060
40 10 2061
40 10 2062
40 10 2063
40 10 2064
40 10 2065
40 10 2066
40 10 2067
40 10 2068
40 10 2069
40 10 2070
40 10 2071
40 10 2072
40 10 2073
40 10 2074
40 10 2075
40 10 2076
40 10 2077
40 10 2078
40 10 2079
40 10 2080
40 10 2081
40 10 2082
40 10 2083
40 10 2084
40 10 2085
40 10 2086
40 10 2087
40 10 2088
40 10 2089
40 10 2090
40 10 2091
40 10 2092
40 10 2093
40 10 2094
40 10 2095
40 10 2096
40 10 2097
40 10 2098
40 10 2099
40 10 2100
40 10 2101
40 10 2102
40 10 2103
40 10 2104
40 10 2105
40 10 2106
40 10 2107
40 10 2108
40 10 2109
40 10 2110
40 10 2111
40 10 2112
40 10 2113
40 10 2114
40 10 2115
40 10 2116
40 10 2117
40 10 2118
40 10 2119
40 10 2120
40 10 2121
40 10 2122
40 10 2123
40 10 2124
40 10 2125
40 10 2126
40 10 2127
40 10 2128
40 10 2129
40 10 2130
40 10 2131
40 10 2132
40 10 2133
40 10 2134
40 10 2135
40 10 2136
40 10 2137
40 10 2138
40 10 2139
40 10 2140
40 10 2141
40 10 2142
40 10 2143
40 10 2144
40 10 2145
40 10 2146
40 10 2147
40 10 2148
40 10 2149
40 10 2150
40 10 2151
40 10 2152
40 10 2153
40 10 2154
40 10 2155
40 10 2156
40 10 2157
40 10 2158
40 10 2159
40 10 2160
40 10 2161
40 10 2162
40 10 2163
40 10 2164
40 10 2165
40 10 2166
40 10 2167
40 10 2168
40 10 2169
40 10 2170
40 10 2171
40 10 2172
40 10 2173
40 10 2174
40 10 2175
40 10 2176
40 10 2177
40 10 2178
40 10 2179
40 10 2180
40 10 2181
40 10 2182
40 10 2183
40 10 2184
40 10 2185
40 10 2186
40 10 2187
40 10 2188
40 10 2189
40 10 2190
40 10 2191
40 10 2192
40 10 2193
40 10 2194
40 10 2195
40 10 2196
40 10 2197
40 10 2198
40 10 2199
40 10 2200
40 10 2201
40 10 2202
40 10 2203
40 10 2204
40 10 2205
40 10 2206
40 10 2207
40 10 2208
40 10 2209
40 10 2210
40 10 2211
40 10 2212
40 10 2213
40 10 2214
40 10 2215
40 10 2216
40 10 2217
40 10 2218
40 10 2219
40 10 2220
40 10 2221
40 10 2222
40 10 2223
40 10 2224
40 10 2225
40 10 2226
40 10 2227
40 10 2228
40 10 2229
40 10 2230
40 10 2231
40 10 2232
40 10 2233
40 10 2234
40 10 2235
40 10 2236
40 10 2237
40 10 2238
40 10 2239
40 10 2240
40 10 2241
40 10 2242
40 10 2243
40 10 2244
40 10 2245
40 10 2246
40 10 2247
40 10 2248
40 10 2249
40 10 2250
40 10 2251
40 10 2252
40 10 2253
40 10 2254
40 10 2255
40 10 2256
40 10 2257
40 10 2258
40 10 2259
40 10 2260
40 10 2261
40 10 2262
40 10 2263
40 10 2264
40 10 2265
40 10 2266
40 10 2267
40 10 2268
40 10 2269
40 10 2270
40 10 2271
40 10 2272
40 10 2273
40 10 2274
40 10 2275
40 10 2276
40 10 2277
40 10 2278
40 10 2279
40 10 2280
40 10 2281
40 10 2282
40 10 2283
40 10 2284
40 10 2285
40 10 2286
40 10 2287
40 10 2288
40 10 2289
40 10 2290
40 10 2291
40 10 2292
40 10 2293
40 10 2294
40 10 2295
40 10 2296
40 10 2297
40 10 2298
40 10 2299
40 10 2300
40 10 2301
40 10 2302
40 10 2303
40 10 2304
40 10 2305
40 10 2306
40 10 2307
40 10 2308
40 10 2309
40 10 2310
40 10 2311
40 10 2312
40 10 2313
40 10 2314
40 10 2315
40 10 2316
40 10 2317
40 10 2318
40 10 2319
40 10 2320
40 10 2321
40 10 2322
40 10 2323
40 10 2324
40 10 2325
40 10 2326
40 10 2327
40 10 2328
40 10 2329
40 10 2330
40 10 2331
40 10 2332
40 10 2333
40 10 2334
40 10 2335
40 10 2336
40 10 2337
40 10 2338
40 10 2339
40 10 2340
40 10 2341
40 10 2342
40 10 2343
40 10 2344
40 10 2345
40 10 2346
40 10 2347
40 10 2348
40 10 2349
40 10 2350
40 10 2351
40 10 2352
40 10 2353
40 10 2354
40 10 2355
40 10 2356
40 10 2357
40 10 2358
40 10 2359
40 10 2360
40 10 2361
40 10 2362
40 10 2363
40 10 2364
40 10 2365
40 10 2366
40 10 2367
40 10 2368
40 10 2369
40 10 2370
40 10 2371
40 10 2372
40 10 2373
40 10 2374
40 10 2375
40 10 2376
40 10 2377
40 10 2378
40 10 2379
40 10 2380
40 10 2381
40 10 2382
40 10 2383
40 10 2384
40 10 2385
40 10 2386
40 10 2387
40 10 2388
40 10 2389
40 10 2390
40 10 2391
40 10 2392
40 10 2393
40 10 2394
40 10 2395
40 10 2396
40 10 2397
40 10 2398
40 10 2399
40 10 2400
40 10 2401
40 10 2402
40 10 2403
40 10 2404
40 10 2405
40 10 2406
40 10 2407
40 10 2408
40 10 2409
40 10 2410
40 10 2411
40 10 2412
40 10 2413
40 10 2414
40 10 2415
40 10 2416
40 10 2417
40 10 2418
40 10 2419
40 10 2420
40 10 2421
40 10 2422
40 10 2423
40 10 2424
40 10 2425
40 10 2426
40 10 2427
40 10 2428
40 10 2429
40 10 2430
40 10 2431
40 10 2432
40 10 2433
40 10 2434
40 10 2435
40 10 2436
40 10 2437
40 10 2438
40 10 2439
40 10 2440
40 10 2441
40 10 2442
40 10 2443
40 10 2444
40 10 2445
40 10 2446
40 10 2447
40 10 2448
40 10 2449
40 10 2450
40 10 2451
40 10 2452
40 10 2453
40 10 2454
40 10 2455
40 10 2456
40 10 2457
