4 40 1
4 40 2
4 40 3
4 40 4
4 40 5
4 40 6
4 40 7
4 40 8
4 40 9
4 40 10
4 40 11
4 40 12
4 40 13
4 40 14
4 40 15
4 40 16
4 40 17
4 40 18
4 40 19
4 40 20
4 40 21
4 40 22
4 40 23
4 40 24
4 40 25
4 40 26
4 40 27
4 40 28
4 40 29
4 40 30
4 40 31
4 40 32
4 40 33
4 40 34
4 40 35
4 40 36
4 40 37
4 40 38
4 40 39
4 40 40
4 40 41
4 40 42
4 40 43
4 40 44
4 40 45
4 40 46
4 40 47
4 40 48
4 40 49
4 40 50
4 40 51
4 40 52
4 40 53
4 40 54
4 40 55
4 40 56
4 40 57
4 40 58
4 40 59
4 40 60
4 40 61
4 40 62
4 40 63
4 40 64
4 40 65
4 40 66
4 40 67
4 40 68
4 40 69
4 40 70
4 40 71
4 40 72
4 40 73
4 40 74
4 40 75
4 40 76
4 40 77
4 40 78
4 40 79
4 40 80
4 40 81
4 40 82
4 40 83
4 40 84
4 40 85
4 40 86
4 40 87
4 40 88
4 40 89
4 40 90
4 40 91
4 40 92
4 40 93
4 40 94
4 40 95
4 40 96
4 40 97
4 40 98
4 40 99
4 40 100
4 40 101
4 40 102
4 40 103
4 40 104
4 40 105
4 40 106
4 40 107
4 40 108
4 40 109
4 40 110
4 40 111
4 40 112
4 40 113
4 40 114
4 40 115
4 40 116
4 40 117
4 40 118
4 40 119
4 40 120
4 40 121
4 40 122
4 40 123
4 40 124
4 40 125
4 40 126
4 40 127
4 40 128
4 40 129
4 40 130
4 40 131
4 40 132
4 40 133
4 40 134
4 40 135
4 40 136
4 40 137
4 40 138
4 40 139
4 40 140
4 40 141
4 40 142
4 40 143
4 40 144
4 40 145
4 40 146
4 40 147
4 40 148
4 40 149
4 40 150
4 40 151
4 40 152
4 40 153
4 40 154
4 40 155
4 40 156
4 40 157
4 40 158
4 40 159
4 40 160
4 40 161
4 40 162
4 40 163
4 40 164
4 40 165
4 40 166
4 40 167
4 40 168
4 40 169
4 40 170
4 40 171
4 40 172
4 40 173
4 40 174
4 40 175
4 40 176
4 40 177
4 40 178
4 40 179
4 40 180
4 40 181
4 40 182
4 40 183
4 40 184
4 40 185
4 40 186
4 40 187
4 40 188
4 40 189
4 40 190
4 40 191
4 40 192
4 40 193
4 40 194
4 40 195
4 40 196
4 40 197
4 40 198
4 40 199
4 40 200
4 40 201
4 40 202
4 40 203
4 40 204
4 40 205
4 40 206
4 40 207
4 40 208
4 40 209
4 40 210
4 40 211
4 40 212
4 40 213
4 40 214
4 40 215
4 40 216
4 40 217
4 40 218
4 40 219
4 40 220
4 40 221
4 40 222
4 40 223
4 40 224
4 40 225
4 40 226
4 40 227
4 40 228
4 40 229
4 40 230
4 40 231
4 40 232
4 40 233
4 40 234
4 40 235
4 40 236
4 40 237
4 40 238
4 40 239
4 40 240
4 40 241
4 40 242
4 40 243
4 40 244
4 40 245
4 40 246
4 40 247
4 40 248
4 40 249
4 40 250
4 40 251
4 40 252
4 40 253
4 40 254
4 40 255
4 40 256
4 40 257
4 40 258
4 40 259
4 40 260
4 40 261
4 40 262
4 40 263
4 40 264
4 40 265
4 40 266
4 40 267
4 40 268
4 40 269
4 40 270
4 40 271
4 40 272
4 40 273
4 40 274
4 40 275
4 40 276
4 40 277
4 40 278
4 40 279
4 40 280
4 40 281
4 40 282
4 40 283
4 40 284
4 40 285
4 40 286
4 40 287
4 40 288
4 40 289
4 40 290
4 40 291
4 40 292
4 40 293
4 40 294
4 40 295
4 40 296
4 40 297
4 40 298
4 40 299
4 40 300
4 40 301
4 40 302
4 40 303
4 40 304
4 40 305
4 40 306
4 40 307
4 40 308
4 40 309
4 40 310
4 40 311
4 40 312
4 40 313
4 40 314
4 40 315
4 40 316
4 40 317
4 40 318
4 40 319
4 40 320
4 40 321
4 40 322
4 40 323
4 40 324
4 40 325
4 40 326
4 40 327
4 40 328
4 40 329
4 40 330
4 40 331
4 40 332
4 40 333
4 40 334
4 40 335
4 40 336
4 40 337
4 40 338
4 40 339
4 40 340
4 40 341
4 40 342
4 40 343
4 40 344
4 40 345
4 40 346
4 40 347
4 40 348
4 40 349
4 40 350
4 40 351
4 40 352
4 40 353
4 40 354
4 40 355
4 40 356
4 40 357
4 40 358
4 40 359
4 40 360
4 40 361
4 40 362
4 40 363
4 40 364
4 40 365
4 40 366
4 40 367
4 40 368
4 40 369
4 40 370
4 40 371
4 40 372
4 40 373
4 40 374
4 40 375
4 40 376
4 40 377
4 40 378
4 40 379
4 40 380
4 40 381
4 40 382
4 40 383
4 40 384
4 40 385
4 40 386
4 40 387
4 40 388
4 40 389
4 40 390
4 40 391
4 40 392
4 40 393
4 40 394
4 40 395
4 40 396
4 40 397
4 40 398
4 40 399
4 40 400
4 40 401
4 40 402
4 40 403
4 40 404
4 40 405
4 40 406
4 40 407
4 40 408
4 40 409
