38 40 1
38 40 2
38 40 3
38 40 4
38 40 5
38 40 6
38 40 7
38 40 8
38 40 9
38 40 10
38 40 11
38 40 12
38 40 13
38 40 14
38 40 15
38 40 16
38 40 17
38 40 18
38 40 19
38 40 20
38 40 21
38 40 22
38 40 23
38 40 24
38 40 25
38 40 26
38 40 27
38 40 28
38 40 29
38 40 30
38 40 31
38 40 32
38 40 33
38 40 34
38 40 35
38 40 36
38 40 37
38 40 38
38 40 39
38 40 40
38 40 41
38 40 42
38 40 43
38 40 44
38 40 45
38 40 46
38 40 47
38 40 48
38 40 49
38 40 50
38 40 51
38 40 52
38 40 53
38 40 54
38 40 55
38 40 56
38 40 57
38 40 58
38 40 59
38 40 60
38 40 61
38 40 62
38 40 63
38 40 64
38 40 65
38 40 66
38 40 67
38 40 68
38 40 69
38 40 70
38 40 71
38 40 72
38 40 73
38 40 74
38 40 75
38 40 76
38 40 77
38 40 78
38 40 79
38 40 80
38 40 81
38 40 82
38 40 83
38 40 84
38 40 85
38 40 86
38 40 87
38 40 88
38 40 89
38 40 90
38 40 91
38 40 92
38 40 93
38 40 94
38 40 95
38 40 96
38 40 97
38 40 98
38 40 99
38 40 100
38 40 101
38 40 102
