12 25 1
12 25 2
12 25 3
12 25 4
12 25 5
12 25 6
12 25 7
12 25 8
12 25 9
12 25 10
12 25 11
12 25 12
12 25 13
12 25 14
12 25 15
12 25 16
12 25 17
12 25 18
12 25 19
12 25 20
12 25 21
12 25 22
12 25 23
12 25 24
12 25 25
12 25 26
12 25 27
12 25 28
12 25 29
12 25 30
12 25 31
12 25 32
12 25 33
12 25 34
12 25 35
12 25 36
12 25 37
12 25 38
12 25 39
12 25 40
12 25 41
12 25 42
12 25 43
12 25 44
12 25 45
12 25 46
12 25 47
12 25 48
12 25 49
12 25 50
12 25 51
12 25 52
12 25 53
12 25 54
12 25 55
12 25 56
12 25 57
12 25 58
12 25 59
12 25 60
12 25 61
12 25 62
12 25 63
12 25 64
12 25 65
12 25 66
12 25 67
12 25 68
12 25 69
12 25 70
12 25 71
12 25 72
12 25 73
12 25 74
12 25 75
12 25 76
12 25 77
12 25 78
12 25 79
12 25 80
12 25 81
12 25 82
12 25 83
12 25 84
12 25 85
12 25 86
12 25 87
12 25 88
12 25 89
12 25 90
12 25 91
12 25 92
12 25 93
12 25 94
12 25 95
12 25 96
12 25 97
12 25 98
12 25 99
12 25 100
12 25 101
12 25 102
12 25 103
12 25 104
12 25 105
12 25 106
12 25 107
12 25 108
12 25 109
12 25 110
12 25 111
12 25 112
12 25 113
12 25 114
12 25 115
12 25 116
12 25 117
12 25 118
12 25 119
12 25 120
12 25 121
12 25 122
12 25 123
12 25 124
12 25 125
12 25 126
12 25 127
12 25 128
12 25 129
12 25 130
12 25 131
12 25 132
12 25 133
12 25 134
12 25 135
12 25 136
12 25 137
12 25 138
12 25 139
12 25 140
12 25 141
12 25 142
12 25 143
12 25 144
12 25 145
12 25 146
12 25 147
12 25 148
12 25 149
12 25 150
12 25 151
12 25 152
12 25 153
12 25 154
12 25 155
12 25 156
12 25 157
12 25 158
12 25 159
12 25 160
12 25 161
12 25 162
12 25 163
12 25 164
12 25 165
12 25 166
12 25 167
12 25 168
12 25 169
12 25 170
12 25 171
12 25 172
12 25 173
12 25 174
12 25 175
12 25 176
12 25 177
12 25 178
12 25 179
12 25 180
12 25 181
12 25 182
12 25 183
12 25 184
12 25 185
12 25 186
12 25 187
12 25 188
12 25 189
12 25 190
12 25 191
12 25 192
12 25 193
12 25 194
12 25 195
12 25 196
12 25 197
12 25 198
12 25 199
12 25 200
12 25 201
12 25 202
12 25 203
12 25 204
12 25 205
12 25 206
12 25 207
12 25 208
12 25 209
12 25 210
12 25 211
12 25 212
12 25 213
12 25 214
12 25 215
12 25 216
12 25 217
12 25 218
12 25 219
12 25 220
12 25 221
12 25 222
12 25 223
12 25 224
12 25 225
12 25 226
12 25 227
12 25 228
12 25 229
12 25 230
12 25 231
12 25 232
12 25 233
12 25 234
12 25 235
12 25 236
12 25 237
12 25 238
12 25 239
12 25 240
12 25 241
12 25 242
12 25 243
12 25 244
12 25 245
12 25 246
12 25 247
12 25 248
12 25 249
12 25 250
12 25 251
12 25 252
12 25 253
12 25 254
12 25 255
12 25 256
12 25 257
12 25 258
12 25 259
12 25 260
12 25 261
12 25 262
12 25 263
12 25 264
12 25 265
12 25 266
12 25 267
12 25 268
12 25 269
12 25 270
12 25 271
12 25 272
12 25 273
12 25 274
12 25 275
12 25 276
12 25 277
12 25 278
12 25 279
12 25 280
12 25 281
12 25 282
12 25 283
12 25 284
12 25 285
12 25 286
12 25 287
12 25 288
12 25 289
12 25 290
12 25 291
12 25 292
12 25 293
12 25 294
12 25 295
12 25 296
12 25 297
12 25 298
12 25 299
12 25 300
12 25 301
12 25 302
12 25 303
12 25 304
12 25 305
12 25 306
12 25 307
12 25 308
12 25 309
12 25 310
12 25 311
12 25 312
12 25 313
12 25 314
12 25 315
12 25 316
12 25 317
12 25 318
12 25 319
12 25 320
12 25 321
12 25 322
12 25 323
12 25 324
12 25 325
12 25 326
12 25 327
12 25 328
12 25 329
12 25 330
12 25 331
12 25 332
12 25 333
12 25 334
12 25 335
12 25 336
12 25 337
12 25 338
12 25 339
12 25 340
12 25 341
12 25 342
12 25 343
12 25 344
12 25 345
12 25 346
12 25 347
12 25 348
12 25 349
12 25 350
12 25 351
12 25 352
12 25 353
12 25 354
12 25 355
12 25 356
12 25 357
12 25 358
12 25 359
12 25 360
12 25 361
12 25 362
12 25 363
12 25 364
12 25 365
12 25 366
12 25 367
12 25 368
12 25 369
12 25 370
12 25 371
12 25 372
12 25 373
12 25 374
12 25 375
12 25 376
12 25 377
12 25 378
12 25 379
12 25 380
12 25 381
12 25 382
12 25 383
12 25 384
12 25 385
12 25 386
12 25 387
12 25 388
12 25 389
12 25 390
12 25 391
12 25 392
12 25 393
12 25 394
12 25 395
12 25 396
12 25 397
12 25 398
12 25 399
12 25 400
12 25 401
12 25 402
12 25 403
12 25 404
12 25 405
12 25 406
12 25 407
12 25 408
12 25 409
12 25 410
12 25 411
12 25 412
12 25 413
12 25 414
12 25 415
12 25 416
12 25 417
12 25 418
12 25 419
12 25 420
12 25 421
12 25 422
12 25 423
12 25 424
12 25 425
12 25 426
12 25 427
12 25 428
12 25 429
12 25 430
12 25 431
12 25 432
12 25 433
12 25 434
12 25 435
12 25 436
12 25 437
12 25 438
12 25 439
12 25 440
12 25 441
12 25 442
12 25 443
12 25 444
12 25 445
12 25 446
12 25 447
12 25 448
12 25 449
12 25 450
12 25 451
12 25 452
12 25 453
12 25 454
12 25 455
12 25 456
12 25 457
12 25 458
12 25 459
12 25 460
12 25 461
12 25 462
12 25 463
12 25 464
12 25 465
12 25 466
12 25 467
12 25 468
12 25 469
12 25 470
12 25 471
12 25 472
12 25 473
12 25 474
12 25 475
12 25 476
12 25 477
12 25 478
12 25 479
12 25 480
12 25 481
12 25 482
12 25 483
12 25 484
12 25 485
12 25 486
12 25 487
12 25 488
12 25 489
12 25 490
12 25 491
12 25 492
12 25 493
12 25 494
12 25 495
12 25 496
12 25 497
12 25 498
12 25 499
12 25 500
12 25 501
12 25 502
12 25 503
12 25 504
12 25 505
12 25 506
12 25 507
12 25 508
12 25 509
12 25 510
12 25 511
12 25 512
12 25 513
12 25 514
12 25 515
12 25 516
12 25 517
12 25 518
12 25 519
12 25 520
12 25 521
12 25 522
12 25 523
12 25 524
12 25 525
12 25 526
12 25 527
12 25 528
12 25 529
12 25 530
12 25 531
12 25 532
12 25 533
12 25 534
12 25 535
12 25 536
12 25 537
12 25 538
12 25 539
12 25 540
12 25 541
12 25 542
12 25 543
12 25 544
12 25 545
12 25 546
12 25 547
12 25 548
12 25 549
12 25 550
12 25 551
12 25 552
12 25 553
12 25 554
12 25 555
12 25 556
12 25 557
12 25 558
12 25 559
12 25 560
12 25 561
12 25 562
12 25 563
12 25 564
12 25 565
12 25 566
12 25 567
12 25 568
12 25 569
12 25 570
12 25 571
12 25 572
12 25 573
12 25 574
12 25 575
12 25 576
12 25 577
12 25 578
12 25 579
12 25 580
12 25 581
12 25 582
12 25 583
12 25 584
12 25 585
12 25 586
12 25 587
12 25 588
12 25 589
12 25 590
12 25 591
12 25 592
12 25 593
12 25 594
12 25 595
12 25 596
12 25 597
12 25 598
12 25 599
12 25 600
12 25 601
12 25 602
12 25 603
12 25 604
12 25 605
12 25 606
12 25 607
12 25 608
12 25 609
12 25 610
12 25 611
12 25 612
12 25 613
12 25 614
12 25 615
12 25 616
12 25 617
12 25 618
12 25 619
12 25 620
12 25 621
12 25 622
12 25 623
12 25 624
12 25 625
12 25 626
12 25 627
12 25 628
12 25 629
12 25 630
12 25 631
12 25 632
12 25 633
12 25 634
12 25 635
12 25 636
12 25 637
12 25 638
12 25 639
12 25 640
12 25 641
12 25 642
12 25 643
12 25 644
12 25 645
12 25 646
12 25 647
12 25 648
12 25 649
12 25 650
12 25 651
12 25 652
12 25 653
12 25 654
12 25 655
12 25 656
12 25 657
12 25 658
12 25 659
12 25 660
12 25 661
12 25 662
12 25 663
12 25 664
12 25 665
12 25 666
12 25 667
12 25 668
12 25 669
12 25 670
12 25 671
12 25 672
12 25 673
12 25 674
12 25 675
12 25 676
12 25 677
12 25 678
12 25 679
12 25 680
12 25 681
12 25 682
12 25 683
12 25 684
12 25 685
12 25 686
12 25 687
12 25 688
12 25 689
12 25 690
12 25 691
12 25 692
12 25 693
12 25 694
12 25 695
12 25 696
12 25 697
12 25 698
12 25 699
12 25 700
12 25 701
12 25 702
12 25 703
12 25 704
12 25 705
12 25 706
12 25 707
12 25 708
12 25 709
12 25 710
12 25 711
12 25 712
12 25 713
12 25 714
12 25 715
12 25 716
12 25 717
12 25 718
12 25 719
12 25 720
12 25 721
12 25 722
12 25 723
12 25 724
12 25 725
12 25 726
12 25 727
12 25 728
12 25 729
12 25 730
12 25 731
12 25 732
12 25 733
12 25 734
12 25 735
12 25 736
12 25 737
12 25 738
12 25 739
12 25 740
12 25 741
12 25 742
12 25 743
12 25 744
12 25 745
12 25 746
12 25 747
12 25 748
12 25 749
12 25 750
12 25 751
12 25 752
12 25 753
12 25 754
12 25 755
12 25 756
12 25 757
12 25 758
12 25 759
12 25 760
12 25 761
12 25 762
12 25 763
12 25 764
12 25 765
12 25 766
12 25 767
12 25 768
12 25 769
12 25 770
12 25 771
12 25 772
12 25 773
12 25 774
12 25 775
12 25 776
12 25 777
12 25 778
12 25 779
12 25 780
12 25 781
12 25 782
12 25 783
12 25 784
12 25 785
12 25 786
12 25 787
12 25 788
12 25 789
12 25 790
12 25 791
12 25 792
12 25 793
12 25 794
12 25 795
12 25 796
12 25 797
12 25 798
12 25 799
12 25 800
12 25 801
12 25 802
12 25 803
12 25 804
12 25 805
12 25 806
12 25 807
12 25 808
12 25 809
12 25 810
12 25 811
12 25 812
12 25 813
12 25 814
12 25 815
12 25 816
12 25 817
12 25 818
12 25 819
12 25 820
12 25 821
12 25 822
12 25 823
12 25 824
12 25 825
12 25 826
12 25 827
12 25 828
12 25 829
12 25 830
12 25 831
12 25 832
12 25 833
12 25 834
12 25 835
12 25 836
12 25 837
12 25 838
12 25 839
12 25 840
12 25 841
12 25 842
12 25 843
12 25 844
12 25 845
12 25 846
12 25 847
12 25 848
12 25 849
12 25 850
12 25 851
12 25 852
12 25 853
12 25 854
12 25 855
12 25 856
12 25 857
12 25 858
12 25 859
12 25 860
12 25 861
12 25 862
12 25 863
12 25 864
12 25 865
12 25 866
12 25 867
12 25 868
12 25 869
12 25 870
12 25 871
12 25 872
12 25 873
12 25 874
12 25 875
12 25 876
12 25 877
12 25 878
12 25 879
12 25 880
12 25 881
12 25 882
12 25 883
12 25 884
12 25 885
12 25 886
12 25 887
12 25 888
12 25 889
12 25 890
12 25 891
12 25 892
12 25 893
12 25 894
12 25 895
12 25 896
12 25 897
12 25 898
12 25 899
12 25 900
12 25 901
12 25 902
12 25 903
12 25 904
12 25 905
12 25 906
12 25 907
12 25 908
12 25 909
12 25 910
12 25 911
12 25 912
12 25 913
12 25 914
12 25 915
12 25 916
12 25 917
12 25 918
12 25 919
12 25 920
12 25 921
12 25 922
12 25 923
12 25 924
12 25 925
12 25 926
12 25 927
12 25 928
12 25 929
12 25 930
12 25 931
12 25 932
12 25 933
12 25 934
12 25 935
12 25 936
12 25 937
12 25 938
12 25 939
12 25 940
12 25 941
12 25 942
12 25 943
12 25 944
12 25 945
12 25 946
12 25 947
12 25 948
12 25 949
12 25 950
12 25 951
12 25 952
12 25 953
12 25 954
12 25 955
12 25 956
12 25 957
12 25 958
12 25 959
12 25 960
12 25 961
12 25 962
12 25 963
12 25 964
12 25 965
12 25 966
12 25 967
12 25 968
12 25 969
12 25 970
12 25 971
12 25 972
12 25 973
12 25 974
12 25 975
12 25 976
12 25 977
12 25 978
12 25 979
12 25 980
12 25 981
12 25 982
12 25 983
12 25 984
12 25 985
12 25 986
12 25 987
12 25 988
12 25 989
12 25 990
12 25 991
12 25 992
12 25 993
12 25 994
12 25 995
12 25 996
12 25 997
12 25 998
12 25 999
12 25 1000
12 25 1001
12 25 1002
12 25 1003
12 25 1004
12 25 1005
12 25 1006
12 25 1007
12 25 1008
12 25 1009
12 25 1010
12 25 1011
12 25 1012
12 25 1013
12 25 1014
12 25 1015
12 25 1016
12 25 1017
12 25 1018
12 25 1019
12 25 1020
12 25 1021
12 25 1022
12 25 1023
12 25 1024
12 25 1025
12 25 1026
12 25 1027
12 25 1028
12 25 1029
12 25 1030
12 25 1031
12 25 1032
12 25 1033
12 25 1034
12 25 1035
12 25 1036
12 25 1037
12 25 1038
12 25 1039
12 25 1040
12 25 1041
12 25 1042
12 25 1043
12 25 1044
12 25 1045
12 25 1046
12 25 1047
12 25 1048
12 25 1049
12 25 1050
12 25 1051
12 25 1052
12 25 1053
12 25 1054
12 25 1055
12 25 1056
12 25 1057
12 25 1058
12 25 1059
12 25 1060
12 25 1061
12 25 1062
12 25 1063
12 25 1064
12 25 1065
12 25 1066
12 25 1067
12 25 1068
12 25 1069
12 25 1070
12 25 1071
12 25 1072
12 25 1073
12 25 1074
12 25 1075
12 25 1076
12 25 1077
12 25 1078
12 25 1079
12 25 1080
12 25 1081
12 25 1082
12 25 1083
12 25 1084
12 25 1085
12 25 1086
12 25 1087
12 25 1088
12 25 1089
12 25 1090
12 25 1091
12 25 1092
12 25 1093
12 25 1094
12 25 1095
12 25 1096
12 25 1097
12 25 1098
12 25 1099
12 25 1100
12 25 1101
12 25 1102
12 25 1103
12 25 1104
12 25 1105
12 25 1106
12 25 1107
12 25 1108
12 25 1109
12 25 1110
12 25 1111
12 25 1112
12 25 1113
12 25 1114
12 25 1115
12 25 1116
12 25 1117
12 25 1118
12 25 1119
12 25 1120
12 25 1121
12 25 1122
12 25 1123
12 25 1124
12 25 1125
12 25 1126
12 25 1127
12 25 1128
12 25 1129
12 25 1130
12 25 1131
12 25 1132
12 25 1133
12 25 1134
12 25 1135
12 25 1136
12 25 1137
12 25 1138
12 25 1139
12 25 1140
12 25 1141
12 25 1142
12 25 1143
12 25 1144
12 25 1145
12 25 1146
12 25 1147
12 25 1148
12 25 1149
12 25 1150
12 25 1151
12 25 1152
12 25 1153
12 25 1154
12 25 1155
12 25 1156
12 25 1157
12 25 1158
12 25 1159
12 25 1160
12 25 1161
12 25 1162
12 25 1163
12 25 1164
12 25 1165
12 25 1166
12 25 1167
12 25 1168
12 25 1169
12 25 1170
12 25 1171
12 25 1172
12 25 1173
12 25 1174
12 25 1175
12 25 1176
12 25 1177
12 25 1178
12 25 1179
12 25 1180
12 25 1181
12 25 1182
12 25 1183
12 25 1184
12 25 1185
12 25 1186
12 25 1187
12 25 1188
12 25 1189
12 25 1190
12 25 1191
12 25 1192
12 25 1193
12 25 1194
12 25 1195
12 25 1196
12 25 1197
12 25 1198
12 25 1199
12 25 1200
12 25 1201
12 25 1202
12 25 1203
12 25 1204
12 25 1205
12 25 1206
12 25 1207
12 25 1208
12 25 1209
12 25 1210
12 25 1211
12 25 1212
12 25 1213
12 25 1214
12 25 1215
12 25 1216
12 25 1217
12 25 1218
12 25 1219
12 25 1220
12 25 1221
12 25 1222
12 25 1223
12 25 1224
12 25 1225
12 25 1226
12 25 1227
12 25 1228
12 25 1229
12 25 1230
12 25 1231
12 25 1232
12 25 1233
12 25 1234
12 25 1235
12 25 1236
12 25 1237
12 25 1238
12 25 1239
12 25 1240
12 25 1241
12 25 1242
12 25 1243
12 25 1244
12 25 1245
12 25 1246
12 25 1247
12 25 1248
12 25 1249
12 25 1250
12 25 1251
12 25 1252
12 25 1253
12 25 1254
12 25 1255
12 25 1256
12 25 1257
12 25 1258
12 25 1259
12 25 1260
12 25 1261
12 25 1262
12 25 1263
12 25 1264
12 25 1265
12 25 1266
12 25 1267
12 25 1268
12 25 1269
12 25 1270
12 25 1271
12 25 1272
12 25 1273
12 25 1274
12 25 1275
12 25 1276
12 25 1277
12 25 1278
12 25 1279
12 25 1280
12 25 1281
12 25 1282
12 25 1283
12 25 1284
12 25 1285
12 25 1286
12 25 1287
12 25 1288
12 25 1289
12 25 1290
12 25 1291
12 25 1292
12 25 1293
12 25 1294
12 25 1295
12 25 1296
12 25 1297
12 25 1298
12 25 1299
12 25 1300
12 25 1301
12 25 1302
12 25 1303
12 25 1304
12 25 1305
12 25 1306
12 25 1307
12 25 1308
12 25 1309
12 25 1310
12 25 1311
12 25 1312
12 25 1313
12 25 1314
12 25 1315
12 25 1316
12 25 1317
12 25 1318
12 25 1319
12 25 1320
12 25 1321
12 25 1322
12 25 1323
12 25 1324
12 25 1325
12 25 1326
12 25 1327
12 25 1328
12 25 1329
12 25 1330
12 25 1331
12 25 1332
12 25 1333
12 25 1334
12 25 1335
12 25 1336
12 25 1337
12 25 1338
12 25 1339
12 25 1340
12 25 1341
12 25 1342
12 25 1343
12 25 1344
12 25 1345
12 25 1346
12 25 1347
12 25 1348
12 25 1349
12 25 1350
12 25 1351
12 25 1352
12 25 1353
12 25 1354
12 25 1355
12 25 1356
12 25 1357
12 25 1358
12 25 1359
12 25 1360
12 25 1361
12 25 1362
12 25 1363
12 25 1364
12 25 1365
12 25 1366
12 25 1367
12 25 1368
12 25 1369
12 25 1370
12 25 1371
12 25 1372
12 25 1373
12 25 1374
12 25 1375
12 25 1376
12 25 1377
12 25 1378
12 25 1379
12 25 1380
12 25 1381
12 25 1382
12 25 1383
12 25 1384
12 25 1385
12 25 1386
12 25 1387
12 25 1388
12 25 1389
12 25 1390
12 25 1391
12 25 1392
12 25 1393
12 25 1394
12 25 1395
12 25 1396
12 25 1397
12 25 1398
12 25 1399
12 25 1400
12 25 1401
12 25 1402
12 25 1403
12 25 1404
12 25 1405
12 25 1406
12 25 1407
12 25 1408
12 25 1409
12 25 1410
12 25 1411
12 25 1412
12 25 1413
12 25 1414
12 25 1415
12 25 1416
12 25 1417
12 25 1418
12 25 1419
12 25 1420
12 25 1421
12 25 1422
12 25 1423
12 25 1424
12 25 1425
12 25 1426
12 25 1427
12 25 1428
12 25 1429
12 25 1430
12 25 1431
12 25 1432
12 25 1433
12 25 1434
12 25 1435
12 25 1436
12 25 1437
12 25 1438
12 25 1439
12 25 1440
12 25 1441
12 25 1442
12 25 1443
12 25 1444
12 25 1445
12 25 1446
12 25 1447
12 25 1448
12 25 1449
12 25 1450
12 25 1451
12 25 1452
12 25 1453
12 25 1454
12 25 1455
12 25 1456
12 25 1457
12 25 1458
12 25 1459
12 25 1460
12 25 1461
12 25 1462
12 25 1463
12 25 1464
12 25 1465
12 25 1466
12 25 1467
12 25 1468
12 25 1469
12 25 1470
12 25 1471
12 25 1472
12 25 1473
12 25 1474
12 25 1475
12 25 1476
12 25 1477
12 25 1478
12 25 1479
12 25 1480
12 25 1481
12 25 1482
12 25 1483
12 25 1484
12 25 1485
12 25 1486
12 25 1487
12 25 1488
12 25 1489
12 25 1490
12 25 1491
12 25 1492
12 25 1493
12 25 1494
12 25 1495
12 25 1496
12 25 1497
12 25 1498
12 25 1499
12 25 1500
12 25 1501
12 25 1502
12 25 1503
12 25 1504
12 25 1505
12 25 1506
12 25 1507
12 25 1508
12 25 1509
12 25 1510
12 25 1511
12 25 1512
12 25 1513
12 25 1514
12 25 1515
12 25 1516
12 25 1517
12 25 1518
12 25 1519
12 25 1520
12 25 1521
12 25 1522
12 25 1523
12 25 1524
12 25 1525
12 25 1526
12 25 1527
12 25 1528
12 25 1529
12 25 1530
12 25 1531
12 25 1532
12 25 1533
12 25 1534
12 25 1535
12 25 1536
12 25 1537
12 25 1538
12 25 1539
12 25 1540
12 25 1541
12 25 1542
12 25 1543
12 25 1544
12 25 1545
12 25 1546
12 25 1547
12 25 1548
12 25 1549
12 25 1550
12 25 1551
12 25 1552
12 25 1553
12 25 1554
12 25 1555
12 25 1556
12 25 1557
12 25 1558
12 25 1559
12 25 1560
12 25 1561
12 25 1562
12 25 1563
12 25 1564
12 25 1565
12 25 1566
12 25 1567
12 25 1568
12 25 1569
12 25 1570
12 25 1571
12 25 1572
12 25 1573
12 25 1574
12 25 1575
12 25 1576
12 25 1577
12 25 1578
12 25 1579
12 25 1580
12 25 1581
12 25 1582
12 25 1583
12 25 1584
12 25 1585
12 25 1586
12 25 1587
12 25 1588
12 25 1589
12 25 1590
12 25 1591
12 25 1592
12 25 1593
12 25 1594
12 25 1595
12 25 1596
12 25 1597
12 25 1598
12 25 1599
12 25 1600
12 25 1601
12 25 1602
12 25 1603
12 25 1604
12 25 1605
12 25 1606
12 25 1607
12 25 1608
12 25 1609
12 25 1610
12 25 1611
12 25 1612
12 25 1613
12 25 1614
12 25 1615
12 25 1616
12 25 1617
12 25 1618
12 25 1619
12 25 1620
12 25 1621
12 25 1622
12 25 1623
12 25 1624
12 25 1625
12 25 1626
12 25 1627
12 25 1628
12 25 1629
12 25 1630
12 25 1631
12 25 1632
12 25 1633
12 25 1634
12 25 1635
12 25 1636
12 25 1637
12 25 1638
12 25 1639
12 25 1640
12 25 1641
12 25 1642
12 25 1643
12 25 1644
12 25 1645
12 25 1646
12 25 1647
12 25 1648
12 25 1649
12 25 1650
12 25 1651
12 25 1652
12 25 1653
12 25 1654
12 25 1655
12 25 1656
12 25 1657
12 25 1658
12 25 1659
12 25 1660
12 25 1661
12 25 1662
12 25 1663
12 25 1664
12 25 1665
12 25 1666
12 25 1667
12 25 1668
12 25 1669
12 25 1670
12 25 1671
12 25 1672
12 25 1673
12 25 1674
12 25 1675
12 25 1676
12 25 1677
12 25 1678
12 25 1679
12 25 1680
12 25 1681
12 25 1682
12 25 1683
12 25 1684
12 25 1685
12 25 1686
12 25 1687
12 25 1688
12 25 1689
12 25 1690
12 25 1691
12 25 1692
12 25 1693
12 25 1694
12 25 1695
12 25 1696
12 25 1697
12 25 1698
12 25 1699
12 25 1700
12 25 1701
12 25 1702
12 25 1703
12 25 1704
12 25 1705
12 25 1706
12 25 1707
12 25 1708
12 25 1709
12 25 1710
12 25 1711
12 25 1712
12 25 1713
12 25 1714
12 25 1715
12 25 1716
12 25 1717
12 25 1718
12 25 1719
12 25 1720
12 25 1721
12 25 1722
12 25 1723
12 25 1724
12 25 1725
12 25 1726
12 25 1727
12 25 1728
12 25 1729
12 25 1730
12 25 1731
12 25 1732
12 25 1733
12 25 1734
12 25 1735
12 25 1736
12 25 1737
12 25 1738
12 25 1739
12 25 1740
12 25 1741
12 25 1742
12 25 1743
12 25 1744
12 25 1745
12 25 1746
12 25 1747
12 25 1748
12 25 1749
12 25 1750
12 25 1751
12 25 1752
12 25 1753
12 25 1754
12 25 1755
12 25 1756
12 25 1757
12 25 1758
12 25 1759
12 25 1760
12 25 1761
12 25 1762
12 25 1763
12 25 1764
12 25 1765
12 25 1766
12 25 1767
12 25 1768
12 25 1769
12 25 1770
12 25 1771
12 25 1772
12 25 1773
12 25 1774
12 25 1775
12 25 1776
12 25 1777
12 25 1778
12 25 1779
12 25 1780
12 25 1781
12 25 1782
12 25 1783
12 25 1784
12 25 1785
12 25 1786
12 25 1787
12 25 1788
12 25 1789
12 25 1790
12 25 1791
12 25 1792
12 25 1793
12 25 1794
12 25 1795
12 25 1796
12 25 1797
12 25 1798
12 25 1799
12 25 1800
12 25 1801
12 25 1802
12 25 1803
12 25 1804
12 25 1805
12 25 1806
12 25 1807
12 25 1808
12 25 1809
12 25 1810
12 25 1811
12 25 1812
12 25 1813
12 25 1814
12 25 1815
12 25 1816
12 25 1817
12 25 1818
12 25 1819
12 25 1820
12 25 1821
12 25 1822
12 25 1823
12 25 1824
12 25 1825
12 25 1826
12 25 1827
12 25 1828
12 25 1829
12 25 1830
12 25 1831
12 25 1832
12 25 1833
12 25 1834
12 25 1835
12 25 1836
12 25 1837
12 25 1838
12 25 1839
12 25 1840
12 25 1841
12 25 1842
12 25 1843
12 25 1844
12 25 1845
12 25 1846
12 25 1847
12 25 1848
12 25 1849
12 25 1850
12 25 1851
12 25 1852
12 25 1853
12 25 1854
12 25 1855
12 25 1856
12 25 1857
12 25 1858
12 25 1859
12 25 1860
12 25 1861
12 25 1862
12 25 1863
12 25 1864
12 25 1865
12 25 1866
12 25 1867
12 25 1868
12 25 1869
12 25 1870
12 25 1871
12 25 1872
12 25 1873
12 25 1874
12 25 1875
12 25 1876
12 25 1877
12 25 1878
12 25 1879
12 25 1880
12 25 1881
12 25 1882
12 25 1883
12 25 1884
12 25 1885
12 25 1886
12 25 1887
12 25 1888
12 25 1889
12 25 1890
12 25 1891
12 25 1892
12 25 1893
12 25 1894
12 25 1895
12 25 1896
12 25 1897
12 25 1898
12 25 1899
12 25 1900
12 25 1901
12 25 1902
12 25 1903
12 25 1904
12 25 1905
12 25 1906
12 25 1907
12 25 1908
12 25 1909
12 25 1910
12 25 1911
12 25 1912
12 25 1913
12 25 1914
12 25 1915
12 25 1916
12 25 1917
12 25 1918
12 25 1919
12 25 1920
12 25 1921
12 25 1922
12 25 1923
12 25 1924
12 25 1925
12 25 1926
12 25 1927
12 25 1928
12 25 1929
12 25 1930
12 25 1931
12 25 1932
12 25 1933
12 25 1934
12 25 1935
12 25 1936
12 25 1937
12 25 1938
12 25 1939
12 25 1940
12 25 1941
12 25 1942
12 25 1943
12 25 1944
12 25 1945
12 25 1946
12 25 1947
12 25 1948
12 25 1949
12 25 1950
12 25 1951
12 25 1952
12 25 1953
12 25 1954
12 25 1955
12 25 1956
12 25 1957
12 25 1958
12 25 1959
12 25 1960
12 25 1961
12 25 1962
12 25 1963
12 25 1964
12 25 1965
12 25 1966
12 25 1967
12 25 1968
12 25 1969
12 25 1970
12 25 1971
12 25 1972
12 25 1973
12 25 1974
12 25 1975
12 25 1976
12 25 1977
12 25 1978
12 25 1979
12 25 1980
12 25 1981
12 25 1982
12 25 1983
12 25 1984
12 25 1985
12 25 1986
12 25 1987
12 25 1988
12 25 1989
12 25 1990
12 25 1991
12 25 1992
12 25 1993
12 25 1994
12 25 1995
12 25 1996
12 25 1997
12 25 1998
12 25 1999
12 25 2000
12 25 2001
12 25 2002
12 25 2003
12 25 2004
12 25 2005
12 25 2006
12 25 2007
12 25 2008
12 25 2009
12 25 2010
12 25 2011
12 25 2012
12 25 2013
12 25 2014
12 25 2015
12 25 2016
12 25 2017
12 25 2018
12 25 2019
12 25 2020
12 25 2021
12 25 2022
12 25 2023
12 25 2024
12 25 2025
12 25 2026
12 25 2027
12 25 2028
12 25 2029
12 25 2030
12 25 2031
12 25 2032
12 25 2033
12 25 2034
12 25 2035
12 25 2036
12 25 2037
12 25 2038
12 25 2039
12 25 2040
12 25 2041
12 25 2042
12 25 2043
12 25 2044
12 25 2045
12 25 2046
12 25 2047
12 25 2048
12 25 2049
12 25 2050
12 25 2051
12 25 2052
12 25 2053
12 25 2054
12 25 2055
12 25 2056
12 25 2057
12 25 2058
12 25 2059
12 25 2060
12 25 2061
12 25 2062
12 25 2063
12 25 2064
12 25 2065
12 25 2066
12 25 2067
12 25 2068
12 25 2069
12 25 2070
12 25 2071
12 25 2072
12 25 2073
12 25 2074
12 25 2075
12 25 2076
12 25 2077
12 25 2078
12 25 2079
12 25 2080
12 25 2081
12 25 2082
12 25 2083
12 25 2084
12 25 2085
12 25 2086
12 25 2087
12 25 2088
12 25 2089
12 25 2090
12 25 2091
12 25 2092
12 25 2093
12 25 2094
12 25 2095
12 25 2096
12 25 2097
12 25 2098
12 25 2099
12 25 2100
12 25 2101
12 25 2102
12 25 2103
12 25 2104
12 25 2105
12 25 2106
12 25 2107
12 25 2108
12 25 2109
12 25 2110
12 25 2111
12 25 2112
12 25 2113
12 25 2114
12 25 2115
12 25 2116
12 25 2117
12 25 2118
12 25 2119
12 25 2120
12 25 2121
12 25 2122
12 25 2123
12 25 2124
12 25 2125
12 25 2126
12 25 2127
12 25 2128
12 25 2129
12 25 2130
12 25 2131
12 25 2132
12 25 2133
12 25 2134
12 25 2135
12 25 2136
12 25 2137
12 25 2138
12 25 2139
12 25 2140
12 25 2141
12 25 2142
12 25 2143
12 25 2144
12 25 2145
12 25 2146
12 25 2147
12 25 2148
12 25 2149
12 25 2150
12 25 2151
12 25 2152
12 25 2153
12 25 2154
12 25 2155
12 25 2156
12 25 2157
12 25 2158
12 25 2159
12 25 2160
12 25 2161
12 25 2162
12 25 2163
12 25 2164
12 25 2165
12 25 2166
12 25 2167
12 25 2168
12 25 2169
12 25 2170
12 25 2171
12 25 2172
12 25 2173
12 25 2174
12 25 2175
12 25 2176
12 25 2177
12 25 2178
12 25 2179
12 25 2180
12 25 2181
12 25 2182
12 25 2183
12 25 2184
12 25 2185
12 25 2186
12 25 2187
12 25 2188
12 25 2189
12 25 2190
12 25 2191
12 25 2192
12 25 2193
12 25 2194
12 25 2195
12 25 2196
12 25 2197
12 25 2198
12 25 2199
12 25 2200
12 25 2201
12 25 2202
12 25 2203
12 25 2204
12 25 2205
12 25 2206
12 25 2207
12 25 2208
12 25 2209
12 25 2210
12 25 2211
12 25 2212
12 25 2213
12 25 2214
12 25 2215
12 25 2216
12 25 2217
12 25 2218
12 25 2219
12 25 2220
12 25 2221
12 25 2222
12 25 2223
12 25 2224
12 25 2225
12 25 2226
12 25 2227
12 25 2228
12 25 2229
12 25 2230
12 25 2231
12 25 2232
12 25 2233
12 25 2234
12 25 2235
12 25 2236
12 25 2237
12 25 2238
12 25 2239
12 25 2240
12 25 2241
12 25 2242
12 25 2243
12 25 2244
12 25 2245
12 25 2246
12 25 2247
12 25 2248
12 25 2249
12 25 2250
12 25 2251
12 25 2252
12 25 2253
12 25 2254
12 25 2255
12 25 2256
12 25 2257
12 25 2258
12 25 2259
12 25 2260
12 25 2261
12 25 2262
12 25 2263
12 25 2264
12 25 2265
12 25 2266
12 25 2267
12 25 2268
12 25 2269
12 25 2270
12 25 2271
12 25 2272
12 25 2273
12 25 2274
12 25 2275
12 25 2276
12 25 2277
12 25 2278
12 25 2279
12 25 2280
12 25 2281
12 25 2282
12 25 2283
12 25 2284
12 25 2285
12 25 2286
12 25 2287
12 25 2288
12 25 2289
12 25 2290
12 25 2291
12 25 2292
12 25 2293
12 25 2294
12 25 2295
12 25 2296
12 25 2297
12 25 2298
12 25 2299
12 25 2300
12 25 2301
12 25 2302
12 25 2303
12 25 2304
12 25 2305
12 25 2306
12 25 2307
12 25 2308
12 25 2309
12 25 2310
12 25 2311
12 25 2312
12 25 2313
12 25 2314
12 25 2315
12 25 2316
12 25 2317
12 25 2318
12 25 2319
12 25 2320
12 25 2321
12 25 2322
12 25 2323
12 25 2324
12 25 2325
12 25 2326
12 25 2327
12 25 2328
12 25 2329
12 25 2330
12 25 2331
12 25 2332
12 25 2333
12 25 2334
12 25 2335
12 25 2336
12 25 2337
12 25 2338
12 25 2339
12 25 2340
12 25 2341
12 25 2342
12 25 2343
12 25 2344
12 25 2345
12 25 2346
12 25 2347
12 25 2348
12 25 2349
12 25 2350
12 25 2351
12 25 2352
12 25 2353
12 25 2354
12 25 2355
12 25 2356
12 25 2357
12 25 2358
12 25 2359
12 25 2360
12 25 2361
12 25 2362
12 25 2363
12 25 2364
12 25 2365
12 25 2366
12 25 2367
12 25 2368
12 25 2369
12 25 2370
12 25 2371
12 25 2372
12 25 2373
12 25 2374
12 25 2375
12 25 2376
12 25 2377
12 25 2378
12 25 2379
12 25 2380
12 25 2381
12 25 2382
12 25 2383
12 25 2384
12 25 2385
12 25 2386
12 25 2387
12 25 2388
12 25 2389
12 25 2390
12 25 2391
12 25 2392
12 25 2393
12 25 2394
12 25 2395
12 25 2396
12 25 2397
12 25 2398
12 25 2399
12 25 2400
12 25 2401
12 25 2402
12 25 2403
12 25 2404
12 25 2405
12 25 2406
12 25 2407
12 25 2408
12 25 2409
12 25 2410
12 25 2411
12 25 2412
12 25 2413
12 25 2414
12 25 2415
12 25 2416
12 25 2417
12 25 2418
12 25 2419
12 25 2420
12 25 2421
12 25 2422
12 25 2423
12 25 2424
12 25 2425
12 25 2426
12 25 2427
12 25 2428
12 25 2429
12 25 2430
12 25 2431
12 25 2432
12 25 2433
12 25 2434
12 25 2435
12 25 2436
12 25 2437
12 25 2438
12 25 2439
12 25 2440
12 25 2441
12 25 2442
12 25 2443
12 25 2444
12 25 2445
12 25 2446
12 25 2447
12 25 2448
12 25 2449
12 25 2450
12 25 2451
12 25 2452
12 25 2453
12 25 2454
12 25 2455
12 25 2456
12 25 2457
