25 40 1
25 40 2
25 40 3
25 40 4
25 40 5
25 40 6
25 40 7
25 40 8
25 40 9
25 40 10
25 40 11
25 40 12
25 40 13
25 40 14
25 40 15
25 40 16
25 40 17
25 40 18
25 40 19
25 40 20
25 40 21
25 40 22
25 40 23
25 40 24
25 40 25
25 40 26
25 40 27
25 40 28
25 40 29
25 40 30
25 40 31
25 40 32
25 40 33
25 40 34
25 40 35
25 40 36
25 40 37
25 40 38
25 40 39
25 40 40
25 40 41
25 40 42
25 40 43
25 40 44
25 40 45
25 40 46
25 40 47
25 40 48
25 40 49
25 40 50
25 40 51
25 40 52
25 40 53
25 40 54
25 40 55
25 40 56
25 40 57
25 40 58
25 40 59
25 40 60
25 40 61
25 40 62
25 40 63
25 40 64
25 40 65
25 40 66
25 40 67
25 40 68
25 40 69
25 40 70
25 40 71
25 40 72
25 40 73
25 40 74
25 40 75
25 40 76
25 40 77
25 40 78
25 40 79
25 40 80
25 40 81
25 40 82
25 40 83
25 40 84
25 40 85
25 40 86
25 40 87
25 40 88
25 40 89
25 40 90
25 40 91
25 40 92
25 40 93
25 40 94
25 40 95
25 40 96
25 40 97
25 40 98
25 40 99
25 40 100
25 40 101
25 40 102
25 40 103
25 40 104
25 40 105
25 40 106
25 40 107
25 40 108
25 40 109
25 40 110
25 40 111
25 40 112
25 40 113
25 40 114
25 40 115
25 40 116
25 40 117
25 40 118
25 40 119
25 40 120
25 40 121
25 40 122
25 40 123
25 40 124
25 40 125
25 40 126
25 40 127
25 40 128
25 40 129
25 40 130
25 40 131
25 40 132
25 40 133
25 40 134
25 40 135
25 40 136
25 40 137
25 40 138
25 40 139
25 40 140
25 40 141
25 40 142
25 40 143
25 40 144
25 40 145
25 40 146
25 40 147
25 40 148
25 40 149
25 40 150
25 40 151
25 40 152
25 40 153
25 40 154
25 40 155
25 40 156
25 40 157
25 40 158
25 40 159
25 40 160
25 40 161
25 40 162
25 40 163
25 40 164
25 40 165
25 40 166
25 40 167
25 40 168
25 40 169
25 40 170
25 40 171
25 40 172
25 40 173
25 40 174
25 40 175
25 40 176
25 40 177
25 40 178
25 40 179
25 40 180
25 40 181
25 40 182
25 40 183
25 40 184
25 40 185
25 40 186
25 40 187
25 40 188
25 40 189
25 40 190
25 40 191
25 40 192
25 40 193
25 40 194
25 40 195
25 40 196
25 40 197
25 40 198
25 40 199
25 40 200
25 40 201
25 40 202
25 40 203
25 40 204
25 40 205
25 40 206
25 40 207
25 40 208
25 40 209
25 40 210
25 40 211
25 40 212
25 40 213
25 40 214
25 40 215
25 40 216
25 40 217
25 40 218
25 40 219
25 40 220
25 40 221
25 40 222
25 40 223
25 40 224
25 40 225
25 40 226
25 40 227
25 40 228
25 40 229
25 40 230
25 40 231
25 40 232
25 40 233
25 40 234
25 40 235
25 40 236
25 40 237
25 40 238
25 40 239
25 40 240
25 40 241
25 40 242
25 40 243
25 40 244
25 40 245
25 40 246
25 40 247
25 40 248
25 40 249
25 40 250
25 40 251
25 40 252
25 40 253
25 40 254
25 40 255
25 40 256
25 40 257
25 40 258
25 40 259
25 40 260
25 40 261
25 40 262
25 40 263
25 40 264
25 40 265
25 40 266
25 40 267
25 40 268
25 40 269
25 40 270
25 40 271
25 40 272
25 40 273
25 40 274
25 40 275
25 40 276
25 40 277
25 40 278
25 40 279
25 40 280
25 40 281
25 40 282
25 40 283
25 40 284
25 40 285
25 40 286
25 40 287
25 40 288
25 40 289
25 40 290
25 40 291
25 40 292
25 40 293
25 40 294
25 40 295
25 40 296
25 40 297
25 40 298
25 40 299
25 40 300
25 40 301
25 40 302
25 40 303
25 40 304
25 40 305
25 40 306
25 40 307
25 40 308
25 40 309
25 40 310
25 40 311
25 40 312
25 40 313
25 40 314
25 40 315
25 40 316
25 40 317
25 40 318
25 40 319
25 40 320
25 40 321
25 40 322
25 40 323
25 40 324
25 40 325
25 40 326
25 40 327
25 40 328
25 40 329
25 40 330
25 40 331
25 40 332
25 40 333
25 40 334
25 40 335
25 40 336
25 40 337
25 40 338
25 40 339
25 40 340
25 40 341
25 40 342
25 40 343
25 40 344
25 40 345
25 40 346
25 40 347
25 40 348
25 40 349
25 40 350
25 40 351
25 40 352
25 40 353
25 40 354
25 40 355
25 40 356
25 40 357
25 40 358
25 40 359
25 40 360
25 40 361
25 40 362
25 40 363
25 40 364
25 40 365
25 40 366
25 40 367
25 40 368
25 40 369
25 40 370
25 40 371
25 40 372
25 40 373
25 40 374
25 40 375
25 40 376
25 40 377
25 40 378
25 40 379
25 40 380
25 40 381
25 40 382
25 40 383
25 40 384
25 40 385
25 40 386
25 40 387
25 40 388
25 40 389
25 40 390
25 40 391
25 40 392
25 40 393
25 40 394
25 40 395
25 40 396
25 40 397
25 40 398
25 40 399
25 40 400
25 40 401
25 40 402
25 40 403
25 40 404
25 40 405
25 40 406
25 40 407
25 40 408
25 40 409
25 40 410
25 40 411
25 40 412
25 40 413
25 40 414
25 40 415
25 40 416
25 40 417
25 40 418
25 40 419
25 40 420
25 40 421
25 40 422
25 40 423
25 40 424
25 40 425
25 40 426
25 40 427
25 40 428
25 40 429
25 40 430
25 40 431
25 40 432
25 40 433
25 40 434
25 40 435
25 40 436
25 40 437
25 40 438
25 40 439
25 40 440
25 40 441
25 40 442
25 40 443
25 40 444
25 40 445
25 40 446
25 40 447
25 40 448
25 40 449
25 40 450
25 40 451
25 40 452
25 40 453
25 40 454
25 40 455
25 40 456
25 40 457
25 40 458
25 40 459
25 40 460
25 40 461
25 40 462
25 40 463
25 40 464
25 40 465
25 40 466
25 40 467
25 40 468
25 40 469
25 40 470
25 40 471
25 40 472
25 40 473
25 40 474
25 40 475
25 40 476
25 40 477
25 40 478
25 40 479
25 40 480
25 40 481
25 40 482
25 40 483
25 40 484
25 40 485
25 40 486
25 40 487
25 40 488
25 40 489
25 40 490
25 40 491
25 40 492
25 40 493
25 40 494
25 40 495
25 40 496
25 40 497
25 40 498
25 40 499
25 40 500
25 40 501
25 40 502
25 40 503
25 40 504
25 40 505
25 40 506
25 40 507
25 40 508
25 40 509
25 40 510
25 40 511
25 40 512
25 40 513
25 40 514
25 40 515
25 40 516
25 40 517
25 40 518
25 40 519
25 40 520
25 40 521
25 40 522
25 40 523
25 40 524
25 40 525
25 40 526
25 40 527
25 40 528
25 40 529
25 40 530
25 40 531
25 40 532
25 40 533
25 40 534
25 40 535
25 40 536
25 40 537
25 40 538
25 40 539
25 40 540
25 40 541
25 40 542
25 40 543
25 40 544
25 40 545
25 40 546
25 40 547
25 40 548
25 40 549
25 40 550
25 40 551
25 40 552
25 40 553
25 40 554
25 40 555
25 40 556
25 40 557
25 40 558
25 40 559
25 40 560
25 40 561
25 40 562
25 40 563
25 40 564
25 40 565
25 40 566
25 40 567
25 40 568
25 40 569
25 40 570
25 40 571
25 40 572
25 40 573
25 40 574
25 40 575
25 40 576
25 40 577
25 40 578
25 40 579
25 40 580
25 40 581
25 40 582
25 40 583
25 40 584
25 40 585
25 40 586
25 40 587
25 40 588
25 40 589
25 40 590
25 40 591
25 40 592
25 40 593
25 40 594
25 40 595
25 40 596
25 40 597
25 40 598
25 40 599
25 40 600
25 40 601
25 40 602
25 40 603
25 40 604
25 40 605
25 40 606
25 40 607
25 40 608
25 40 609
25 40 610
25 40 611
25 40 612
25 40 613
25 40 614
25 40 615
25 40 616
25 40 617
25 40 618
25 40 619
25 40 620
25 40 621
25 40 622
25 40 623
25 40 624
25 40 625
25 40 626
25 40 627
25 40 628
25 40 629
25 40 630
25 40 631
25 40 632
25 40 633
25 40 634
25 40 635
25 40 636
25 40 637
25 40 638
25 40 639
25 40 640
25 40 641
25 40 642
25 40 643
25 40 644
25 40 645
25 40 646
25 40 647
25 40 648
25 40 649
25 40 650
25 40 651
25 40 652
25 40 653
25 40 654
25 40 655
25 40 656
25 40 657
25 40 658
25 40 659
25 40 660
25 40 661
25 40 662
25 40 663
25 40 664
25 40 665
25 40 666
25 40 667
25 40 668
25 40 669
25 40 670
25 40 671
25 40 672
25 40 673
25 40 674
25 40 675
25 40 676
25 40 677
25 40 678
25 40 679
25 40 680
25 40 681
25 40 682
25 40 683
25 40 684
25 40 685
25 40 686
25 40 687
25 40 688
25 40 689
25 40 690
25 40 691
25 40 692
25 40 693
25 40 694
25 40 695
25 40 696
25 40 697
25 40 698
25 40 699
25 40 700
25 40 701
25 40 702
25 40 703
25 40 704
25 40 705
25 40 706
25 40 707
25 40 708
25 40 709
25 40 710
25 40 711
25 40 712
25 40 713
25 40 714
25 40 715
25 40 716
25 40 717
25 40 718
25 40 719
25 40 720
25 40 721
25 40 722
25 40 723
25 40 724
25 40 725
25 40 726
25 40 727
25 40 728
25 40 729
25 40 730
25 40 731
25 40 732
25 40 733
25 40 734
25 40 735
25 40 736
25 40 737
25 40 738
25 40 739
25 40 740
25 40 741
25 40 742
25 40 743
25 40 744
25 40 745
25 40 746
25 40 747
25 40 748
25 40 749
25 40 750
25 40 751
25 40 752
25 40 753
25 40 754
25 40 755
25 40 756
25 40 757
25 40 758
25 40 759
25 40 760
25 40 761
25 40 762
25 40 763
25 40 764
25 40 765
25 40 766
25 40 767
25 40 768
25 40 769
25 40 770
25 40 771
25 40 772
25 40 773
25 40 774
25 40 775
25 40 776
25 40 777
25 40 778
25 40 779
25 40 780
25 40 781
25 40 782
25 40 783
25 40 784
25 40 785
25 40 786
25 40 787
25 40 788
25 40 789
25 40 790
25 40 791
25 40 792
25 40 793
25 40 794
25 40 795
25 40 796
25 40 797
25 40 798
25 40 799
25 40 800
25 40 801
25 40 802
25 40 803
25 40 804
25 40 805
25 40 806
25 40 807
25 40 808
25 40 809
25 40 810
25 40 811
25 40 812
25 40 813
25 40 814
25 40 815
25 40 816
25 40 817
25 40 818
25 40 819
25 40 820
25 40 821
25 40 822
25 40 823
25 40 824
25 40 825
25 40 826
25 40 827
25 40 828
25 40 829
25 40 830
25 40 831
25 40 832
25 40 833
25 40 834
25 40 835
25 40 836
25 40 837
25 40 838
25 40 839
25 40 840
25 40 841
25 40 842
25 40 843
25 40 844
25 40 845
25 40 846
25 40 847
25 40 848
25 40 849
25 40 850
25 40 851
25 40 852
25 40 853
25 40 854
25 40 855
25 40 856
25 40 857
25 40 858
25 40 859
25 40 860
25 40 861
25 40 862
25 40 863
25 40 864
25 40 865
25 40 866
25 40 867
25 40 868
25 40 869
25 40 870
25 40 871
25 40 872
25 40 873
25 40 874
25 40 875
25 40 876
25 40 877
25 40 878
25 40 879
25 40 880
25 40 881
25 40 882
25 40 883
25 40 884
25 40 885
25 40 886
25 40 887
25 40 888
25 40 889
25 40 890
25 40 891
25 40 892
25 40 893
25 40 894
25 40 895
25 40 896
25 40 897
25 40 898
25 40 899
25 40 900
25 40 901
25 40 902
25 40 903
25 40 904
25 40 905
25 40 906
25 40 907
25 40 908
25 40 909
25 40 910
25 40 911
25 40 912
25 40 913
25 40 914
25 40 915
25 40 916
25 40 917
25 40 918
25 40 919
25 40 920
25 40 921
25 40 922
25 40 923
25 40 924
25 40 925
25 40 926
25 40 927
25 40 928
25 40 929
25 40 930
25 40 931
25 40 932
25 40 933
25 40 934
25 40 935
25 40 936
25 40 937
25 40 938
25 40 939
25 40 940
25 40 941
25 40 942
25 40 943
25 40 944
25 40 945
25 40 946
25 40 947
25 40 948
25 40 949
25 40 950
25 40 951
25 40 952
25 40 953
25 40 954
25 40 955
25 40 956
25 40 957
25 40 958
25 40 959
25 40 960
25 40 961
25 40 962
25 40 963
25 40 964
25 40 965
25 40 966
25 40 967
25 40 968
25 40 969
25 40 970
25 40 971
25 40 972
25 40 973
25 40 974
25 40 975
25 40 976
25 40 977
25 40 978
25 40 979
25 40 980
25 40 981
25 40 982
25 40 983
25 40 984
25 40 985
25 40 986
25 40 987
25 40 988
25 40 989
25 40 990
25 40 991
25 40 992
25 40 993
25 40 994
25 40 995
25 40 996
25 40 997
25 40 998
25 40 999
25 40 1000
25 40 1001
25 40 1002
25 40 1003
25 40 1004
25 40 1005
25 40 1006
25 40 1007
25 40 1008
25 40 1009
25 40 1010
25 40 1011
25 40 1012
25 40 1013
25 40 1014
25 40 1015
25 40 1016
25 40 1017
25 40 1018
25 40 1019
25 40 1020
25 40 1021
25 40 1022
25 40 1023
25 40 1024
25 40 1025
25 40 1026
25 40 1027
25 40 1028
25 40 1029
25 40 1030
25 40 1031
25 40 1032
25 40 1033
25 40 1034
25 40 1035
25 40 1036
25 40 1037
25 40 1038
25 40 1039
25 40 1040
25 40 1041
25 40 1042
25 40 1043
25 40 1044
25 40 1045
25 40 1046
25 40 1047
25 40 1048
25 40 1049
25 40 1050
25 40 1051
25 40 1052
25 40 1053
25 40 1054
25 40 1055
25 40 1056
25 40 1057
25 40 1058
25 40 1059
25 40 1060
25 40 1061
25 40 1062
25 40 1063
25 40 1064
25 40 1065
25 40 1066
25 40 1067
25 40 1068
25 40 1069
25 40 1070
25 40 1071
25 40 1072
25 40 1073
25 40 1074
25 40 1075
25 40 1076
25 40 1077
25 40 1078
25 40 1079
25 40 1080
25 40 1081
25 40 1082
25 40 1083
25 40 1084
25 40 1085
25 40 1086
25 40 1087
25 40 1088
25 40 1089
25 40 1090
25 40 1091
25 40 1092
25 40 1093
25 40 1094
25 40 1095
25 40 1096
25 40 1097
25 40 1098
25 40 1099
25 40 1100
25 40 1101
25 40 1102
25 40 1103
25 40 1104
25 40 1105
25 40 1106
25 40 1107
25 40 1108
25 40 1109
25 40 1110
25 40 1111
25 40 1112
25 40 1113
25 40 1114
25 40 1115
25 40 1116
25 40 1117
25 40 1118
25 40 1119
25 40 1120
25 40 1121
25 40 1122
25 40 1123
25 40 1124
25 40 1125
25 40 1126
25 40 1127
25 40 1128
25 40 1129
25 40 1130
25 40 1131
25 40 1132
25 40 1133
25 40 1134
25 40 1135
25 40 1136
25 40 1137
25 40 1138
25 40 1139
25 40 1140
25 40 1141
25 40 1142
25 40 1143
25 40 1144
25 40 1145
25 40 1146
25 40 1147
25 40 1148
25 40 1149
25 40 1150
25 40 1151
25 40 1152
25 40 1153
25 40 1154
25 40 1155
25 40 1156
25 40 1157
25 40 1158
25 40 1159
25 40 1160
25 40 1161
25 40 1162
25 40 1163
25 40 1164
25 40 1165
25 40 1166
25 40 1167
25 40 1168
25 40 1169
25 40 1170
25 40 1171
25 40 1172
25 40 1173
25 40 1174
25 40 1175
25 40 1176
25 40 1177
25 40 1178
25 40 1179
25 40 1180
25 40 1181
25 40 1182
25 40 1183
25 40 1184
25 40 1185
25 40 1186
25 40 1187
25 40 1188
25 40 1189
25 40 1190
25 40 1191
25 40 1192
25 40 1193
25 40 1194
25 40 1195
25 40 1196
25 40 1197
25 40 1198
25 40 1199
25 40 1200
25 40 1201
25 40 1202
25 40 1203
25 40 1204
25 40 1205
25 40 1206
25 40 1207
25 40 1208
25 40 1209
25 40 1210
25 40 1211
25 40 1212
25 40 1213
25 40 1214
25 40 1215
25 40 1216
25 40 1217
25 40 1218
25 40 1219
25 40 1220
25 40 1221
25 40 1222
25 40 1223
25 40 1224
25 40 1225
25 40 1226
25 40 1227
25 40 1228
25 40 1229
25 40 1230
25 40 1231
25 40 1232
25 40 1233
25 40 1234
25 40 1235
25 40 1236
25 40 1237
25 40 1238
25 40 1239
25 40 1240
25 40 1241
25 40 1242
25 40 1243
25 40 1244
25 40 1245
25 40 1246
25 40 1247
25 40 1248
25 40 1249
25 40 1250
25 40 1251
25 40 1252
25 40 1253
25 40 1254
25 40 1255
25 40 1256
25 40 1257
25 40 1258
25 40 1259
25 40 1260
25 40 1261
25 40 1262
25 40 1263
25 40 1264
25 40 1265
25 40 1266
25 40 1267
25 40 1268
25 40 1269
25 40 1270
25 40 1271
25 40 1272
25 40 1273
25 40 1274
25 40 1275
25 40 1276
25 40 1277
25 40 1278
25 40 1279
25 40 1280
25 40 1281
25 40 1282
25 40 1283
25 40 1284
25 40 1285
25 40 1286
25 40 1287
25 40 1288
25 40 1289
25 40 1290
25 40 1291
25 40 1292
25 40 1293
25 40 1294
25 40 1295
25 40 1296
25 40 1297
25 40 1298
25 40 1299
25 40 1300
25 40 1301
25 40 1302
25 40 1303
25 40 1304
25 40 1305
25 40 1306
25 40 1307
25 40 1308
25 40 1309
25 40 1310
25 40 1311
25 40 1312
25 40 1313
25 40 1314
25 40 1315
25 40 1316
25 40 1317
25 40 1318
25 40 1319
25 40 1320
25 40 1321
25 40 1322
25 40 1323
25 40 1324
25 40 1325
25 40 1326
25 40 1327
25 40 1328
25 40 1329
25 40 1330
25 40 1331
25 40 1332
25 40 1333
25 40 1334
25 40 1335
25 40 1336
25 40 1337
25 40 1338
25 40 1339
25 40 1340
25 40 1341
25 40 1342
25 40 1343
25 40 1344
25 40 1345
25 40 1346
25 40 1347
25 40 1348
25 40 1349
25 40 1350
25 40 1351
25 40 1352
25 40 1353
25 40 1354
25 40 1355
25 40 1356
25 40 1357
25 40 1358
25 40 1359
25 40 1360
25 40 1361
25 40 1362
25 40 1363
25 40 1364
25 40 1365
25 40 1366
25 40 1367
25 40 1368
25 40 1369
25 40 1370
25 40 1371
25 40 1372
25 40 1373
25 40 1374
25 40 1375
25 40 1376
25 40 1377
25 40 1378
25 40 1379
25 40 1380
25 40 1381
25 40 1382
25 40 1383
25 40 1384
25 40 1385
25 40 1386
25 40 1387
25 40 1388
25 40 1389
25 40 1390
25 40 1391
25 40 1392
25 40 1393
25 40 1394
25 40 1395
25 40 1396
25 40 1397
25 40 1398
25 40 1399
25 40 1400
25 40 1401
25 40 1402
25 40 1403
25 40 1404
25 40 1405
25 40 1406
25 40 1407
25 40 1408
25 40 1409
25 40 1410
25 40 1411
25 40 1412
25 40 1413
25 40 1414
25 40 1415
25 40 1416
25 40 1417
25 40 1418
25 40 1419
25 40 1420
25 40 1421
25 40 1422
25 40 1423
25 40 1424
25 40 1425
25 40 1426
25 40 1427
25 40 1428
25 40 1429
25 40 1430
25 40 1431
25 40 1432
25 40 1433
25 40 1434
25 40 1435
25 40 1436
25 40 1437
25 40 1438
25 40 1439
25 40 1440
25 40 1441
25 40 1442
25 40 1443
25 40 1444
25 40 1445
25 40 1446
25 40 1447
25 40 1448
25 40 1449
25 40 1450
25 40 1451
25 40 1452
25 40 1453
25 40 1454
25 40 1455
25 40 1456
25 40 1457
25 40 1458
25 40 1459
25 40 1460
25 40 1461
25 40 1462
25 40 1463
25 40 1464
25 40 1465
25 40 1466
25 40 1467
25 40 1468
25 40 1469
25 40 1470
25 40 1471
25 40 1472
25 40 1473
25 40 1474
25 40 1475
25 40 1476
25 40 1477
25 40 1478
25 40 1479
25 40 1480
25 40 1481
25 40 1482
25 40 1483
25 40 1484
25 40 1485
25 40 1486
25 40 1487
25 40 1488
25 40 1489
25 40 1490
25 40 1491
25 40 1492
25 40 1493
25 40 1494
25 40 1495
25 40 1496
25 40 1497
25 40 1498
25 40 1499
25 40 1500
25 40 1501
25 40 1502
25 40 1503
25 40 1504
25 40 1505
25 40 1506
25 40 1507
25 40 1508
25 40 1509
25 40 1510
25 40 1511
25 40 1512
25 40 1513
25 40 1514
25 40 1515
25 40 1516
25 40 1517
25 40 1518
25 40 1519
25 40 1520
25 40 1521
25 40 1522
25 40 1523
25 40 1524
25 40 1525
25 40 1526
25 40 1527
25 40 1528
25 40 1529
25 40 1530
25 40 1531
25 40 1532
25 40 1533
25 40 1534
25 40 1535
25 40 1536
25 40 1537
25 40 1538
25 40 1539
25 40 1540
25 40 1541
25 40 1542
25 40 1543
25 40 1544
25 40 1545
25 40 1546
25 40 1547
25 40 1548
25 40 1549
25 40 1550
25 40 1551
25 40 1552
25 40 1553
25 40 1554
25 40 1555
25 40 1556
25 40 1557
25 40 1558
25 40 1559
25 40 1560
25 40 1561
25 40 1562
25 40 1563
25 40 1564
25 40 1565
25 40 1566
25 40 1567
25 40 1568
25 40 1569
25 40 1570
25 40 1571
25 40 1572
25 40 1573
25 40 1574
25 40 1575
25 40 1576
25 40 1577
25 40 1578
25 40 1579
25 40 1580
25 40 1581
25 40 1582
25 40 1583
25 40 1584
25 40 1585
25 40 1586
25 40 1587
25 40 1588
25 40 1589
25 40 1590
25 40 1591
25 40 1592
25 40 1593
25 40 1594
25 40 1595
25 40 1596
25 40 1597
25 40 1598
25 40 1599
25 40 1600
25 40 1601
25 40 1602
25 40 1603
25 40 1604
25 40 1605
25 40 1606
25 40 1607
25 40 1608
25 40 1609
25 40 1610
25 40 1611
25 40 1612
25 40 1613
25 40 1614
25 40 1615
25 40 1616
25 40 1617
25 40 1618
25 40 1619
25 40 1620
25 40 1621
25 40 1622
25 40 1623
25 40 1624
25 40 1625
25 40 1626
25 40 1627
25 40 1628
25 40 1629
25 40 1630
25 40 1631
25 40 1632
25 40 1633
25 40 1634
25 40 1635
25 40 1636
25 40 1637
25 40 1638
25 40 1639
25 40 1640
25 40 1641
25 40 1642
25 40 1643
25 40 1644
25 40 1645
25 40 1646
25 40 1647
25 40 1648
25 40 1649
25 40 1650
25 40 1651
25 40 1652
25 40 1653
25 40 1654
25 40 1655
25 40 1656
25 40 1657
25 40 1658
25 40 1659
25 40 1660
25 40 1661
25 40 1662
25 40 1663
25 40 1664
25 40 1665
25 40 1666
25 40 1667
25 40 1668
25 40 1669
25 40 1670
25 40 1671
25 40 1672
25 40 1673
25 40 1674
25 40 1675
25 40 1676
25 40 1677
25 40 1678
25 40 1679
25 40 1680
25 40 1681
25 40 1682
25 40 1683
25 40 1684
25 40 1685
25 40 1686
25 40 1687
25 40 1688
25 40 1689
25 40 1690
25 40 1691
25 40 1692
25 40 1693
25 40 1694
25 40 1695
25 40 1696
25 40 1697
25 40 1698
25 40 1699
25 40 1700
25 40 1701
25 40 1702
25 40 1703
25 40 1704
25 40 1705
25 40 1706
25 40 1707
25 40 1708
25 40 1709
25 40 1710
25 40 1711
25 40 1712
25 40 1713
25 40 1714
25 40 1715
25 40 1716
25 40 1717
25 40 1718
25 40 1719
25 40 1720
25 40 1721
25 40 1722
25 40 1723
25 40 1724
25 40 1725
25 40 1726
25 40 1727
25 40 1728
25 40 1729
25 40 1730
25 40 1731
25 40 1732
25 40 1733
25 40 1734
25 40 1735
25 40 1736
25 40 1737
25 40 1738
25 40 1739
25 40 1740
25 40 1741
25 40 1742
25 40 1743
25 40 1744
25 40 1745
25 40 1746
25 40 1747
25 40 1748
25 40 1749
25 40 1750
25 40 1751
25 40 1752
25 40 1753
25 40 1754
25 40 1755
25 40 1756
25 40 1757
25 40 1758
25 40 1759
25 40 1760
25 40 1761
25 40 1762
25 40 1763
25 40 1764
25 40 1765
25 40 1766
25 40 1767
25 40 1768
25 40 1769
25 40 1770
25 40 1771
25 40 1772
25 40 1773
25 40 1774
25 40 1775
25 40 1776
25 40 1777
25 40 1778
25 40 1779
25 40 1780
25 40 1781
25 40 1782
25 40 1783
25 40 1784
25 40 1785
25 40 1786
25 40 1787
25 40 1788
25 40 1789
25 40 1790
25 40 1791
25 40 1792
25 40 1793
25 40 1794
25 40 1795
25 40 1796
25 40 1797
25 40 1798
25 40 1799
25 40 1800
25 40 1801
25 40 1802
25 40 1803
25 40 1804
25 40 1805
25 40 1806
25 40 1807
25 40 1808
25 40 1809
25 40 1810
25 40 1811
25 40 1812
25 40 1813
25 40 1814
25 40 1815
25 40 1816
25 40 1817
25 40 1818
25 40 1819
25 40 1820
25 40 1821
25 40 1822
25 40 1823
25 40 1824
25 40 1825
25 40 1826
25 40 1827
25 40 1828
25 40 1829
25 40 1830
25 40 1831
25 40 1832
25 40 1833
25 40 1834
25 40 1835
25 40 1836
25 40 1837
25 40 1838
25 40 1839
25 40 1840
25 40 1841
25 40 1842
25 40 1843
25 40 1844
25 40 1845
25 40 1846
25 40 1847
25 40 1848
25 40 1849
25 40 1850
25 40 1851
25 40 1852
25 40 1853
25 40 1854
25 40 1855
25 40 1856
25 40 1857
25 40 1858
25 40 1859
25 40 1860
25 40 1861
25 40 1862
25 40 1863
25 40 1864
25 40 1865
25 40 1866
25 40 1867
25 40 1868
25 40 1869
25 40 1870
25 40 1871
25 40 1872
25 40 1873
25 40 1874
25 40 1875
25 40 1876
25 40 1877
25 40 1878
25 40 1879
25 40 1880
25 40 1881
25 40 1882
25 40 1883
25 40 1884
25 40 1885
25 40 1886
25 40 1887
25 40 1888
25 40 1889
25 40 1890
25 40 1891
25 40 1892
25 40 1893
25 40 1894
25 40 1895
25 40 1896
25 40 1897
25 40 1898
25 40 1899
25 40 1900
25 40 1901
25 40 1902
25 40 1903
25 40 1904
25 40 1905
25 40 1906
25 40 1907
25 40 1908
25 40 1909
25 40 1910
25 40 1911
25 40 1912
25 40 1913
25 40 1914
25 40 1915
25 40 1916
25 40 1917
25 40 1918
25 40 1919
25 40 1920
25 40 1921
25 40 1922
25 40 1923
25 40 1924
25 40 1925
25 40 1926
25 40 1927
25 40 1928
25 40 1929
25 40 1930
25 40 1931
25 40 1932
25 40 1933
25 40 1934
25 40 1935
25 40 1936
25 40 1937
25 40 1938
25 40 1939
25 40 1940
25 40 1941
25 40 1942
25 40 1943
25 40 1944
25 40 1945
25 40 1946
25 40 1947
25 40 1948
25 40 1949
25 40 1950
25 40 1951
25 40 1952
25 40 1953
25 40 1954
25 40 1955
25 40 1956
25 40 1957
25 40 1958
25 40 1959
25 40 1960
25 40 1961
25 40 1962
25 40 1963
25 40 1964
25 40 1965
25 40 1966
25 40 1967
25 40 1968
25 40 1969
25 40 1970
25 40 1971
25 40 1972
25 40 1973
25 40 1974
25 40 1975
25 40 1976
25 40 1977
25 40 1978
25 40 1979
25 40 1980
25 40 1981
25 40 1982
25 40 1983
25 40 1984
25 40 1985
25 40 1986
25 40 1987
25 40 1988
25 40 1989
25 40 1990
25 40 1991
25 40 1992
25 40 1993
25 40 1994
25 40 1995
25 40 1996
25 40 1997
25 40 1998
25 40 1999
25 40 2000
25 40 2001
25 40 2002
25 40 2003
25 40 2004
25 40 2005
25 40 2006
25 40 2007
25 40 2008
25 40 2009
25 40 2010
25 40 2011
25 40 2012
25 40 2013
25 40 2014
25 40 2015
25 40 2016
25 40 2017
25 40 2018
25 40 2019
25 40 2020
25 40 2021
25 40 2022
25 40 2023
25 40 2024
25 40 2025
25 40 2026
25 40 2027
25 40 2028
25 40 2029
25 40 2030
25 40 2031
25 40 2032
25 40 2033
25 40 2034
25 40 2035
25 40 2036
25 40 2037
25 40 2038
25 40 2039
25 40 2040
25 40 2041
25 40 2042
25 40 2043
25 40 2044
25 40 2045
25 40 2046
25 40 2047
25 40 2048
25 40 2049
25 40 2050
25 40 2051
25 40 2052
25 40 2053
25 40 2054
25 40 2055
25 40 2056
25 40 2057
25 40 2058
25 40 2059
25 40 2060
25 40 2061
25 40 2062
25 40 2063
25 40 2064
25 40 2065
25 40 2066
25 40 2067
25 40 2068
25 40 2069
25 40 2070
25 40 2071
25 40 2072
25 40 2073
25 40 2074
25 40 2075
25 40 2076
25 40 2077
25 40 2078
25 40 2079
25 40 2080
25 40 2081
25 40 2082
25 40 2083
25 40 2084
25 40 2085
25 40 2086
25 40 2087
25 40 2088
25 40 2089
25 40 2090
25 40 2091
25 40 2092
25 40 2093
25 40 2094
25 40 2095
25 40 2096
25 40 2097
25 40 2098
25 40 2099
25 40 2100
25 40 2101
25 40 2102
25 40 2103
25 40 2104
25 40 2105
25 40 2106
25 40 2107
25 40 2108
25 40 2109
25 40 2110
25 40 2111
25 40 2112
25 40 2113
25 40 2114
25 40 2115
25 40 2116
25 40 2117
25 40 2118
25 40 2119
25 40 2120
25 40 2121
25 40 2122
25 40 2123
25 40 2124
25 40 2125
25 40 2126
25 40 2127
25 40 2128
25 40 2129
25 40 2130
25 40 2131
25 40 2132
25 40 2133
25 40 2134
25 40 2135
25 40 2136
25 40 2137
25 40 2138
25 40 2139
25 40 2140
25 40 2141
25 40 2142
25 40 2143
25 40 2144
25 40 2145
25 40 2146
25 40 2147
25 40 2148
25 40 2149
25 40 2150
25 40 2151
25 40 2152
25 40 2153
25 40 2154
25 40 2155
25 40 2156
25 40 2157
25 40 2158
25 40 2159
25 40 2160
25 40 2161
25 40 2162
25 40 2163
25 40 2164
25 40 2165
25 40 2166
25 40 2167
25 40 2168
25 40 2169
25 40 2170
25 40 2171
25 40 2172
25 40 2173
25 40 2174
25 40 2175
25 40 2176
25 40 2177
25 40 2178
25 40 2179
25 40 2180
25 40 2181
25 40 2182
25 40 2183
25 40 2184
25 40 2185
25 40 2186
25 40 2187
25 40 2188
25 40 2189
25 40 2190
25 40 2191
25 40 2192
25 40 2193
25 40 2194
25 40 2195
25 40 2196
25 40 2197
25 40 2198
25 40 2199
25 40 2200
25 40 2201
25 40 2202
25 40 2203
25 40 2204
25 40 2205
25 40 2206
25 40 2207
25 40 2208
25 40 2209
25 40 2210
25 40 2211
25 40 2212
25 40 2213
25 40 2214
25 40 2215
25 40 2216
25 40 2217
25 40 2218
25 40 2219
25 40 2220
25 40 2221
25 40 2222
25 40 2223
25 40 2224
25 40 2225
25 40 2226
25 40 2227
25 40 2228
25 40 2229
25 40 2230
25 40 2231
25 40 2232
25 40 2233
25 40 2234
25 40 2235
25 40 2236
25 40 2237
25 40 2238
25 40 2239
25 40 2240
25 40 2241
25 40 2242
25 40 2243
25 40 2244
25 40 2245
25 40 2246
25 40 2247
25 40 2248
25 40 2249
25 40 2250
25 40 2251
25 40 2252
25 40 2253
25 40 2254
25 40 2255
25 40 2256
25 40 2257
25 40 2258
25 40 2259
25 40 2260
25 40 2261
25 40 2262
25 40 2263
25 40 2264
25 40 2265
25 40 2266
25 40 2267
25 40 2268
25 40 2269
25 40 2270
25 40 2271
25 40 2272
25 40 2273
25 40 2274
25 40 2275
25 40 2276
25 40 2277
25 40 2278
25 40 2279
25 40 2280
25 40 2281
25 40 2282
25 40 2283
25 40 2284
25 40 2285
25 40 2286
25 40 2287
25 40 2288
25 40 2289
25 40 2290
25 40 2291
25 40 2292
25 40 2293
25 40 2294
25 40 2295
25 40 2296
25 40 2297
25 40 2298
25 40 2299
25 40 2300
25 40 2301
25 40 2302
25 40 2303
25 40 2304
25 40 2305
25 40 2306
25 40 2307
25 40 2308
25 40 2309
25 40 2310
25 40 2311
25 40 2312
25 40 2313
25 40 2314
25 40 2315
25 40 2316
25 40 2317
25 40 2318
25 40 2319
25 40 2320
25 40 2321
25 40 2322
25 40 2323
25 40 2324
25 40 2325
25 40 2326
25 40 2327
25 40 2328
25 40 2329
25 40 2330
25 40 2331
25 40 2332
25 40 2333
25 40 2334
25 40 2335
25 40 2336
25 40 2337
25 40 2338
25 40 2339
25 40 2340
25 40 2341
25 40 2342
25 40 2343
25 40 2344
25 40 2345
25 40 2346
25 40 2347
25 40 2348
25 40 2349
25 40 2350
25 40 2351
25 40 2352
25 40 2353
25 40 2354
25 40 2355
25 40 2356
25 40 2357
25 40 2358
25 40 2359
25 40 2360
25 40 2361
25 40 2362
25 40 2363
25 40 2364
25 40 2365
25 40 2366
25 40 2367
25 40 2368
25 40 2369
25 40 2370
25 40 2371
25 40 2372
25 40 2373
25 40 2374
25 40 2375
25 40 2376
25 40 2377
25 40 2378
25 40 2379
25 40 2380
25 40 2381
25 40 2382
25 40 2383
25 40 2384
25 40 2385
25 40 2386
25 40 2387
25 40 2388
25 40 2389
25 40 2390
25 40 2391
25 40 2392
25 40 2393
25 40 2394
25 40 2395
25 40 2396
25 40 2397
25 40 2398
25 40 2399
25 40 2400
25 40 2401
25 40 2402
25 40 2403
25 40 2404
25 40 2405
25 40 2406
25 40 2407
25 40 2408
25 40 2409
25 40 2410
25 40 2411
25 40 2412
25 40 2413
25 40 2414
25 40 2415
25 40 2416
25 40 2417
25 40 2418
25 40 2419
25 40 2420
25 40 2421
25 40 2422
25 40 2423
25 40 2424
25 40 2425
25 40 2426
25 40 2427
25 40 2428
25 40 2429
25 40 2430
25 40 2431
25 40 2432
25 40 2433
25 40 2434
25 40 2435
25 40 2436
25 40 2437
25 40 2438
25 40 2439
25 40 2440
25 40 2441
25 40 2442
25 40 2443
25 40 2444
25 40 2445
25 40 2446
25 40 2447
25 40 2448
25 40 2449
25 40 2450
25 40 2451
25 40 2452
25 40 2453
25 40 2454
25 40 2455
25 40 2456
25 40 2457
