24 40 1
24 40 2
24 40 3
24 40 4
24 40 5
24 40 6
24 40 7
24 40 8
24 40 9
24 40 10
24 40 11
24 40 12
24 40 13
24 40 14
24 40 15
24 40 16
24 40 17
24 40 18
24 40 19
24 40 20
24 40 21
24 40 22
24 40 23
24 40 24
24 40 25
24 40 26
24 40 27
24 40 28
24 40 29
24 40 30
24 40 31
24 40 32
24 40 33
24 40 34
24 40 35
24 40 36
24 40 37
24 40 38
24 40 39
24 40 40
24 40 41
24 40 42
24 40 43
24 40 44
24 40 45
24 40 46
24 40 47
24 40 48
24 40 49
24 40 50
24 40 51
24 40 52
24 40 53
24 40 54
24 40 55
24 40 56
24 40 57
24 40 58
24 40 59
24 40 60
24 40 61
24 40 62
24 40 63
24 40 64
24 40 65
24 40 66
24 40 67
24 40 68
24 40 69
24 40 70
24 40 71
24 40 72
24 40 73
24 40 74
24 40 75
24 40 76
24 40 77
24 40 78
24 40 79
24 40 80
24 40 81
24 40 82
24 40 83
24 40 84
24 40 85
24 40 86
24 40 87
24 40 88
24 40 89
24 40 90
24 40 91
24 40 92
24 40 93
24 40 94
24 40 95
24 40 96
24 40 97
24 40 98
24 40 99
24 40 100
24 40 101
24 40 102
24 40 103
24 40 104
24 40 105
24 40 106
24 40 107
24 40 108
24 40 109
24 40 110
24 40 111
24 40 112
24 40 113
24 40 114
24 40 115
24 40 116
24 40 117
24 40 118
24 40 119
24 40 120
24 40 121
24 40 122
24 40 123
24 40 124
24 40 125
24 40 126
24 40 127
24 40 128
24 40 129
24 40 130
24 40 131
24 40 132
24 40 133
24 40 134
24 40 135
24 40 136
24 40 137
24 40 138
24 40 139
24 40 140
24 40 141
24 40 142
24 40 143
24 40 144
24 40 145
24 40 146
24 40 147
24 40 148
24 40 149
24 40 150
24 40 151
24 40 152
24 40 153
24 40 154
24 40 155
24 40 156
24 40 157
24 40 158
24 40 159
24 40 160
24 40 161
24 40 162
24 40 163
24 40 164
24 40 165
24 40 166
24 40 167
24 40 168
24 40 169
24 40 170
24 40 171
24 40 172
24 40 173
24 40 174
24 40 175
24 40 176
24 40 177
24 40 178
24 40 179
24 40 180
24 40 181
24 40 182
24 40 183
24 40 184
24 40 185
24 40 186
24 40 187
24 40 188
24 40 189
24 40 190
24 40 191
24 40 192
24 40 193
24 40 194
24 40 195
24 40 196
24 40 197
24 40 198
24 40 199
24 40 200
24 40 201
24 40 202
24 40 203
24 40 204
24 40 205
24 40 206
24 40 207
24 40 208
24 40 209
24 40 210
24 40 211
24 40 212
24 40 213
24 40 214
24 40 215
24 40 216
24 40 217
24 40 218
24 40 219
24 40 220
24 40 221
24 40 222
24 40 223
24 40 224
24 40 225
24 40 226
24 40 227
24 40 228
24 40 229
24 40 230
24 40 231
24 40 232
24 40 233
24 40 234
24 40 235
24 40 236
24 40 237
24 40 238
24 40 239
24 40 240
24 40 241
24 40 242
24 40 243
24 40 244
24 40 245
24 40 246
24 40 247
24 40 248
24 40 249
24 40 250
24 40 251
24 40 252
24 40 253
24 40 254
24 40 255
24 40 256
24 40 257
24 40 258
24 40 259
24 40 260
24 40 261
24 40 262
24 40 263
24 40 264
24 40 265
24 40 266
24 40 267
24 40 268
24 40 269
24 40 270
24 40 271
24 40 272
24 40 273
24 40 274
24 40 275
24 40 276
24 40 277
24 40 278
24 40 279
24 40 280
24 40 281
24 40 282
24 40 283
24 40 284
24 40 285
24 40 286
24 40 287
24 40 288
24 40 289
24 40 290
24 40 291
24 40 292
24 40 293
24 40 294
24 40 295
24 40 296
24 40 297
24 40 298
24 40 299
24 40 300
24 40 301
24 40 302
24 40 303
24 40 304
24 40 305
24 40 306
24 40 307
24 40 308
24 40 309
24 40 310
24 40 311
24 40 312
24 40 313
24 40 314
24 40 315
24 40 316
24 40 317
24 40 318
24 40 319
24 40 320
24 40 321
24 40 322
24 40 323
24 40 324
24 40 325
24 40 326
24 40 327
24 40 328
24 40 329
24 40 330
24 40 331
24 40 332
24 40 333
24 40 334
24 40 335
24 40 336
24 40 337
24 40 338
24 40 339
24 40 340
24 40 341
24 40 342
24 40 343
24 40 344
24 40 345
24 40 346
24 40 347
24 40 348
24 40 349
24 40 350
24 40 351
24 40 352
24 40 353
24 40 354
24 40 355
24 40 356
24 40 357
24 40 358
24 40 359
24 40 360
24 40 361
24 40 362
24 40 363
24 40 364
24 40 365
24 40 366
24 40 367
24 40 368
24 40 369
24 40 370
24 40 371
24 40 372
24 40 373
24 40 374
24 40 375
24 40 376
24 40 377
24 40 378
24 40 379
24 40 380
24 40 381
24 40 382
24 40 383
24 40 384
24 40 385
24 40 386
24 40 387
24 40 388
24 40 389
24 40 390
24 40 391
24 40 392
24 40 393
24 40 394
24 40 395
24 40 396
24 40 397
24 40 398
24 40 399
24 40 400
24 40 401
24 40 402
24 40 403
24 40 404
24 40 405
24 40 406
24 40 407
24 40 408
24 40 409
24 40 410
24 40 411
24 40 412
24 40 413
24 40 414
24 40 415
24 40 416
24 40 417
24 40 418
24 40 419
24 40 420
24 40 421
24 40 422
24 40 423
24 40 424
24 40 425
24 40 426
24 40 427
24 40 428
24 40 429
24 40 430
24 40 431
24 40 432
24 40 433
24 40 434
24 40 435
24 40 436
24 40 437
24 40 438
24 40 439
24 40 440
24 40 441
24 40 442
24 40 443
24 40 444
24 40 445
24 40 446
24 40 447
24 40 448
24 40 449
24 40 450
24 40 451
24 40 452
24 40 453
24 40 454
24 40 455
24 40 456
24 40 457
24 40 458
24 40 459
24 40 460
24 40 461
24 40 462
24 40 463
24 40 464
24 40 465
24 40 466
24 40 467
24 40 468
24 40 469
24 40 470
24 40 471
24 40 472
24 40 473
24 40 474
24 40 475
24 40 476
24 40 477
24 40 478
24 40 479
24 40 480
24 40 481
24 40 482
24 40 483
24 40 484
24 40 485
24 40 486
24 40 487
24 40 488
24 40 489
24 40 490
24 40 491
24 40 492
24 40 493
24 40 494
24 40 495
24 40 496
24 40 497
24 40 498
24 40 499
24 40 500
24 40 501
24 40 502
24 40 503
24 40 504
24 40 505
24 40 506
24 40 507
24 40 508
24 40 509
24 40 510
24 40 511
24 40 512
24 40 513
24 40 514
24 40 515
24 40 516
24 40 517
24 40 518
24 40 519
24 40 520
24 40 521
24 40 522
24 40 523
24 40 524
24 40 525
24 40 526
24 40 527
24 40 528
24 40 529
24 40 530
24 40 531
24 40 532
24 40 533
24 40 534
24 40 535
24 40 536
24 40 537
24 40 538
24 40 539
24 40 540
24 40 541
24 40 542
24 40 543
24 40 544
24 40 545
24 40 546
24 40 547
24 40 548
24 40 549
24 40 550
24 40 551
24 40 552
24 40 553
24 40 554
24 40 555
24 40 556
24 40 557
24 40 558
24 40 559
24 40 560
24 40 561
24 40 562
24 40 563
24 40 564
24 40 565
24 40 566
24 40 567
24 40 568
24 40 569
24 40 570
24 40 571
24 40 572
24 40 573
24 40 574
24 40 575
24 40 576
24 40 577
24 40 578
24 40 579
24 40 580
24 40 581
24 40 582
24 40 583
24 40 584
24 40 585
24 40 586
24 40 587
24 40 588
24 40 589
24 40 590
24 40 591
24 40 592
24 40 593
24 40 594
24 40 595
24 40 596
24 40 597
24 40 598
24 40 599
24 40 600
24 40 601
24 40 602
24 40 603
24 40 604
24 40 605
24 40 606
24 40 607
24 40 608
24 40 609
24 40 610
24 40 611
24 40 612
24 40 613
24 40 614
24 40 615
24 40 616
24 40 617
24 40 618
24 40 619
24 40 620
24 40 621
24 40 622
24 40 623
24 40 624
24 40 625
24 40 626
24 40 627
24 40 628
24 40 629
24 40 630
24 40 631
24 40 632
24 40 633
24 40 634
24 40 635
24 40 636
24 40 637
24 40 638
24 40 639
24 40 640
24 40 641
24 40 642
24 40 643
24 40 644
24 40 645
24 40 646
24 40 647
24 40 648
24 40 649
24 40 650
24 40 651
24 40 652
24 40 653
24 40 654
24 40 655
24 40 656
24 40 657
24 40 658
24 40 659
24 40 660
24 40 661
24 40 662
24 40 663
24 40 664
24 40 665
24 40 666
24 40 667
24 40 668
24 40 669
24 40 670
24 40 671
24 40 672
24 40 673
24 40 674
24 40 675
24 40 676
24 40 677
24 40 678
24 40 679
24 40 680
24 40 681
24 40 682
24 40 683
24 40 684
24 40 685
24 40 686
24 40 687
24 40 688
24 40 689
24 40 690
24 40 691
24 40 692
24 40 693
24 40 694
24 40 695
24 40 696
24 40 697
24 40 698
24 40 699
24 40 700
24 40 701
24 40 702
24 40 703
24 40 704
24 40 705
24 40 706
24 40 707
24 40 708
24 40 709
24 40 710
24 40 711
24 40 712
24 40 713
24 40 714
24 40 715
24 40 716
24 40 717
24 40 718
24 40 719
24 40 720
24 40 721
24 40 722
24 40 723
24 40 724
24 40 725
24 40 726
24 40 727
24 40 728
24 40 729
24 40 730
24 40 731
24 40 732
24 40 733
24 40 734
24 40 735
24 40 736
24 40 737
24 40 738
24 40 739
24 40 740
24 40 741
24 40 742
24 40 743
24 40 744
24 40 745
24 40 746
24 40 747
24 40 748
24 40 749
24 40 750
24 40 751
24 40 752
24 40 753
24 40 754
24 40 755
24 40 756
24 40 757
24 40 758
24 40 759
24 40 760
24 40 761
24 40 762
24 40 763
24 40 764
24 40 765
24 40 766
24 40 767
24 40 768
24 40 769
24 40 770
24 40 771
24 40 772
24 40 773
24 40 774
24 40 775
24 40 776
24 40 777
24 40 778
24 40 779
24 40 780
24 40 781
24 40 782
24 40 783
24 40 784
24 40 785
24 40 786
24 40 787
24 40 788
24 40 789
24 40 790
24 40 791
24 40 792
24 40 793
24 40 794
24 40 795
24 40 796
24 40 797
24 40 798
24 40 799
24 40 800
24 40 801
24 40 802
24 40 803
24 40 804
24 40 805
24 40 806
24 40 807
24 40 808
24 40 809
24 40 810
24 40 811
24 40 812
24 40 813
24 40 814
24 40 815
24 40 816
24 40 817
24 40 818
24 40 819
24 40 820
24 40 821
24 40 822
24 40 823
24 40 824
24 40 825
24 40 826
24 40 827
24 40 828
24 40 829
24 40 830
24 40 831
24 40 832
24 40 833
24 40 834
24 40 835
24 40 836
24 40 837
24 40 838
24 40 839
24 40 840
24 40 841
24 40 842
24 40 843
24 40 844
24 40 845
24 40 846
24 40 847
24 40 848
24 40 849
24 40 850
24 40 851
24 40 852
24 40 853
24 40 854
24 40 855
24 40 856
24 40 857
24 40 858
24 40 859
24 40 860
24 40 861
24 40 862
24 40 863
24 40 864
24 40 865
24 40 866
24 40 867
24 40 868
24 40 869
24 40 870
24 40 871
24 40 872
24 40 873
24 40 874
24 40 875
24 40 876
24 40 877
24 40 878
24 40 879
24 40 880
24 40 881
24 40 882
24 40 883
24 40 884
24 40 885
24 40 886
24 40 887
24 40 888
24 40 889
24 40 890
24 40 891
24 40 892
24 40 893
24 40 894
24 40 895
24 40 896
24 40 897
24 40 898
24 40 899
24 40 900
24 40 901
24 40 902
24 40 903
24 40 904
24 40 905
24 40 906
24 40 907
24 40 908
24 40 909
24 40 910
24 40 911
24 40 912
24 40 913
24 40 914
24 40 915
24 40 916
24 40 917
24 40 918
24 40 919
24 40 920
24 40 921
24 40 922
24 40 923
24 40 924
24 40 925
24 40 926
24 40 927
24 40 928
24 40 929
24 40 930
24 40 931
24 40 932
24 40 933
24 40 934
24 40 935
24 40 936
24 40 937
24 40 938
24 40 939
24 40 940
24 40 941
24 40 942
24 40 943
24 40 944
24 40 945
24 40 946
24 40 947
24 40 948
24 40 949
24 40 950
24 40 951
24 40 952
24 40 953
24 40 954
24 40 955
24 40 956
24 40 957
24 40 958
24 40 959
24 40 960
24 40 961
24 40 962
24 40 963
24 40 964
24 40 965
24 40 966
24 40 967
24 40 968
24 40 969
24 40 970
24 40 971
24 40 972
24 40 973
24 40 974
24 40 975
24 40 976
24 40 977
24 40 978
24 40 979
24 40 980
24 40 981
24 40 982
24 40 983
24 40 984
24 40 985
24 40 986
24 40 987
24 40 988
24 40 989
24 40 990
24 40 991
24 40 992
24 40 993
24 40 994
24 40 995
24 40 996
24 40 997
24 40 998
24 40 999
24 40 1000
24 40 1001
24 40 1002
24 40 1003
24 40 1004
24 40 1005
24 40 1006
24 40 1007
24 40 1008
24 40 1009
24 40 1010
24 40 1011
24 40 1012
24 40 1013
24 40 1014
24 40 1015
24 40 1016
24 40 1017
24 40 1018
24 40 1019
24 40 1020
24 40 1021
24 40 1022
24 40 1023
24 40 1024
24 40 1025
24 40 1026
24 40 1027
24 40 1028
24 40 1029
24 40 1030
24 40 1031
24 40 1032
24 40 1033
24 40 1034
24 40 1035
24 40 1036
24 40 1037
24 40 1038
24 40 1039
24 40 1040
24 40 1041
24 40 1042
24 40 1043
24 40 1044
24 40 1045
24 40 1046
24 40 1047
24 40 1048
24 40 1049
24 40 1050
24 40 1051
24 40 1052
24 40 1053
24 40 1054
24 40 1055
24 40 1056
24 40 1057
24 40 1058
24 40 1059
24 40 1060
24 40 1061
24 40 1062
24 40 1063
24 40 1064
24 40 1065
24 40 1066
24 40 1067
24 40 1068
24 40 1069
24 40 1070
24 40 1071
24 40 1072
24 40 1073
24 40 1074
24 40 1075
24 40 1076
24 40 1077
24 40 1078
24 40 1079
24 40 1080
24 40 1081
24 40 1082
24 40 1083
24 40 1084
24 40 1085
24 40 1086
24 40 1087
24 40 1088
24 40 1089
24 40 1090
24 40 1091
24 40 1092
24 40 1093
24 40 1094
24 40 1095
24 40 1096
24 40 1097
24 40 1098
24 40 1099
24 40 1100
24 40 1101
24 40 1102
24 40 1103
24 40 1104
24 40 1105
24 40 1106
24 40 1107
24 40 1108
24 40 1109
24 40 1110
24 40 1111
24 40 1112
24 40 1113
24 40 1114
24 40 1115
24 40 1116
24 40 1117
24 40 1118
24 40 1119
24 40 1120
24 40 1121
24 40 1122
24 40 1123
24 40 1124
24 40 1125
24 40 1126
24 40 1127
24 40 1128
24 40 1129
24 40 1130
24 40 1131
24 40 1132
24 40 1133
24 40 1134
24 40 1135
24 40 1136
24 40 1137
24 40 1138
24 40 1139
24 40 1140
24 40 1141
24 40 1142
24 40 1143
24 40 1144
24 40 1145
24 40 1146
24 40 1147
24 40 1148
24 40 1149
24 40 1150
24 40 1151
24 40 1152
24 40 1153
24 40 1154
24 40 1155
24 40 1156
24 40 1157
24 40 1158
24 40 1159
24 40 1160
24 40 1161
24 40 1162
24 40 1163
24 40 1164
24 40 1165
24 40 1166
24 40 1167
24 40 1168
24 40 1169
24 40 1170
24 40 1171
24 40 1172
24 40 1173
24 40 1174
24 40 1175
24 40 1176
24 40 1177
24 40 1178
24 40 1179
24 40 1180
24 40 1181
24 40 1182
24 40 1183
24 40 1184
24 40 1185
24 40 1186
24 40 1187
24 40 1188
24 40 1189
24 40 1190
24 40 1191
24 40 1192
24 40 1193
24 40 1194
24 40 1195
24 40 1196
24 40 1197
24 40 1198
24 40 1199
24 40 1200
24 40 1201
24 40 1202
24 40 1203
24 40 1204
24 40 1205
24 40 1206
24 40 1207
24 40 1208
24 40 1209
24 40 1210
24 40 1211
24 40 1212
24 40 1213
24 40 1214
24 40 1215
24 40 1216
24 40 1217
24 40 1218
24 40 1219
24 40 1220
24 40 1221
24 40 1222
24 40 1223
24 40 1224
24 40 1225
24 40 1226
24 40 1227
24 40 1228
24 40 1229
24 40 1230
24 40 1231
24 40 1232
24 40 1233
24 40 1234
24 40 1235
24 40 1236
24 40 1237
24 40 1238
24 40 1239
24 40 1240
24 40 1241
24 40 1242
24 40 1243
24 40 1244
24 40 1245
24 40 1246
24 40 1247
24 40 1248
24 40 1249
24 40 1250
24 40 1251
24 40 1252
24 40 1253
24 40 1254
24 40 1255
24 40 1256
24 40 1257
24 40 1258
24 40 1259
24 40 1260
24 40 1261
24 40 1262
24 40 1263
24 40 1264
24 40 1265
24 40 1266
24 40 1267
24 40 1268
24 40 1269
24 40 1270
24 40 1271
24 40 1272
24 40 1273
24 40 1274
24 40 1275
24 40 1276
24 40 1277
24 40 1278
24 40 1279
24 40 1280
24 40 1281
24 40 1282
24 40 1283
24 40 1284
24 40 1285
24 40 1286
24 40 1287
24 40 1288
24 40 1289
24 40 1290
24 40 1291
24 40 1292
24 40 1293
24 40 1294
24 40 1295
24 40 1296
24 40 1297
24 40 1298
24 40 1299
24 40 1300
24 40 1301
24 40 1302
24 40 1303
24 40 1304
24 40 1305
24 40 1306
24 40 1307
24 40 1308
24 40 1309
24 40 1310
24 40 1311
24 40 1312
24 40 1313
24 40 1314
24 40 1315
24 40 1316
24 40 1317
24 40 1318
24 40 1319
24 40 1320
24 40 1321
24 40 1322
24 40 1323
24 40 1324
24 40 1325
24 40 1326
24 40 1327
24 40 1328
24 40 1329
24 40 1330
24 40 1331
24 40 1332
24 40 1333
24 40 1334
24 40 1335
24 40 1336
24 40 1337
24 40 1338
24 40 1339
24 40 1340
24 40 1341
24 40 1342
24 40 1343
24 40 1344
24 40 1345
24 40 1346
24 40 1347
24 40 1348
24 40 1349
24 40 1350
24 40 1351
24 40 1352
24 40 1353
24 40 1354
24 40 1355
24 40 1356
24 40 1357
24 40 1358
24 40 1359
24 40 1360
24 40 1361
24 40 1362
24 40 1363
24 40 1364
24 40 1365
24 40 1366
24 40 1367
24 40 1368
24 40 1369
24 40 1370
24 40 1371
24 40 1372
24 40 1373
24 40 1374
24 40 1375
24 40 1376
24 40 1377
24 40 1378
24 40 1379
24 40 1380
24 40 1381
24 40 1382
24 40 1383
24 40 1384
24 40 1385
24 40 1386
24 40 1387
24 40 1388
24 40 1389
24 40 1390
24 40 1391
24 40 1392
24 40 1393
24 40 1394
24 40 1395
24 40 1396
24 40 1397
24 40 1398
24 40 1399
24 40 1400
24 40 1401
24 40 1402
24 40 1403
24 40 1404
24 40 1405
24 40 1406
24 40 1407
24 40 1408
24 40 1409
24 40 1410
24 40 1411
24 40 1412
24 40 1413
24 40 1414
24 40 1415
24 40 1416
24 40 1417
24 40 1418
24 40 1419
24 40 1420
24 40 1421
24 40 1422
24 40 1423
24 40 1424
24 40 1425
24 40 1426
24 40 1427
24 40 1428
24 40 1429
24 40 1430
24 40 1431
24 40 1432
24 40 1433
24 40 1434
24 40 1435
24 40 1436
24 40 1437
24 40 1438
24 40 1439
24 40 1440
24 40 1441
24 40 1442
24 40 1443
24 40 1444
24 40 1445
24 40 1446
24 40 1447
24 40 1448
24 40 1449
24 40 1450
24 40 1451
24 40 1452
24 40 1453
24 40 1454
24 40 1455
24 40 1456
24 40 1457
24 40 1458
24 40 1459
24 40 1460
24 40 1461
24 40 1462
24 40 1463
24 40 1464
24 40 1465
24 40 1466
24 40 1467
24 40 1468
24 40 1469
24 40 1470
24 40 1471
24 40 1472
24 40 1473
24 40 1474
24 40 1475
24 40 1476
24 40 1477
24 40 1478
24 40 1479
24 40 1480
24 40 1481
24 40 1482
24 40 1483
24 40 1484
24 40 1485
24 40 1486
24 40 1487
24 40 1488
24 40 1489
24 40 1490
24 40 1491
24 40 1492
24 40 1493
24 40 1494
24 40 1495
24 40 1496
24 40 1497
24 40 1498
24 40 1499
24 40 1500
24 40 1501
24 40 1502
24 40 1503
24 40 1504
24 40 1505
24 40 1506
24 40 1507
24 40 1508
24 40 1509
24 40 1510
24 40 1511
24 40 1512
24 40 1513
24 40 1514
24 40 1515
24 40 1516
24 40 1517
24 40 1518
24 40 1519
24 40 1520
24 40 1521
24 40 1522
24 40 1523
24 40 1524
24 40 1525
24 40 1526
24 40 1527
24 40 1528
24 40 1529
24 40 1530
24 40 1531
24 40 1532
24 40 1533
24 40 1534
24 40 1535
24 40 1536
24 40 1537
24 40 1538
24 40 1539
24 40 1540
24 40 1541
24 40 1542
24 40 1543
24 40 1544
24 40 1545
24 40 1546
24 40 1547
24 40 1548
24 40 1549
24 40 1550
24 40 1551
24 40 1552
24 40 1553
24 40 1554
24 40 1555
24 40 1556
24 40 1557
24 40 1558
24 40 1559
24 40 1560
24 40 1561
24 40 1562
24 40 1563
24 40 1564
24 40 1565
24 40 1566
24 40 1567
24 40 1568
24 40 1569
24 40 1570
24 40 1571
24 40 1572
24 40 1573
24 40 1574
24 40 1575
24 40 1576
24 40 1577
24 40 1578
24 40 1579
24 40 1580
24 40 1581
24 40 1582
24 40 1583
24 40 1584
24 40 1585
24 40 1586
24 40 1587
24 40 1588
24 40 1589
24 40 1590
24 40 1591
24 40 1592
24 40 1593
24 40 1594
24 40 1595
24 40 1596
24 40 1597
24 40 1598
24 40 1599
24 40 1600
24 40 1601
24 40 1602
24 40 1603
24 40 1604
24 40 1605
24 40 1606
24 40 1607
24 40 1608
24 40 1609
24 40 1610
24 40 1611
24 40 1612
24 40 1613
24 40 1614
24 40 1615
24 40 1616
24 40 1617
24 40 1618
24 40 1619
24 40 1620
24 40 1621
24 40 1622
24 40 1623
24 40 1624
24 40 1625
24 40 1626
24 40 1627
24 40 1628
24 40 1629
24 40 1630
24 40 1631
24 40 1632
24 40 1633
24 40 1634
24 40 1635
24 40 1636
24 40 1637
24 40 1638
24 40 1639
24 40 1640
24 40 1641
24 40 1642
24 40 1643
24 40 1644
24 40 1645
24 40 1646
24 40 1647
24 40 1648
24 40 1649
24 40 1650
24 40 1651
24 40 1652
24 40 1653
24 40 1654
24 40 1655
24 40 1656
24 40 1657
24 40 1658
24 40 1659
24 40 1660
24 40 1661
24 40 1662
24 40 1663
24 40 1664
24 40 1665
24 40 1666
24 40 1667
24 40 1668
24 40 1669
24 40 1670
24 40 1671
24 40 1672
24 40 1673
24 40 1674
24 40 1675
24 40 1676
24 40 1677
24 40 1678
24 40 1679
24 40 1680
24 40 1681
24 40 1682
24 40 1683
24 40 1684
24 40 1685
24 40 1686
24 40 1687
24 40 1688
24 40 1689
24 40 1690
24 40 1691
24 40 1692
24 40 1693
24 40 1694
24 40 1695
24 40 1696
24 40 1697
24 40 1698
24 40 1699
24 40 1700
24 40 1701
24 40 1702
24 40 1703
24 40 1704
24 40 1705
24 40 1706
24 40 1707
24 40 1708
24 40 1709
24 40 1710
24 40 1711
24 40 1712
24 40 1713
24 40 1714
24 40 1715
24 40 1716
24 40 1717
24 40 1718
24 40 1719
24 40 1720
24 40 1721
24 40 1722
24 40 1723
24 40 1724
24 40 1725
24 40 1726
24 40 1727
24 40 1728
24 40 1729
24 40 1730
24 40 1731
24 40 1732
24 40 1733
24 40 1734
24 40 1735
24 40 1736
24 40 1737
24 40 1738
24 40 1739
24 40 1740
24 40 1741
24 40 1742
24 40 1743
24 40 1744
24 40 1745
24 40 1746
24 40 1747
24 40 1748
24 40 1749
24 40 1750
24 40 1751
24 40 1752
24 40 1753
24 40 1754
24 40 1755
24 40 1756
24 40 1757
24 40 1758
24 40 1759
24 40 1760
24 40 1761
24 40 1762
24 40 1763
24 40 1764
24 40 1765
24 40 1766
24 40 1767
24 40 1768
24 40 1769
24 40 1770
24 40 1771
24 40 1772
24 40 1773
24 40 1774
24 40 1775
24 40 1776
24 40 1777
24 40 1778
24 40 1779
24 40 1780
24 40 1781
24 40 1782
24 40 1783
24 40 1784
24 40 1785
24 40 1786
24 40 1787
24 40 1788
24 40 1789
24 40 1790
24 40 1791
24 40 1792
24 40 1793
24 40 1794
24 40 1795
24 40 1796
24 40 1797
24 40 1798
24 40 1799
24 40 1800
24 40 1801
24 40 1802
24 40 1803
24 40 1804
24 40 1805
24 40 1806
24 40 1807
24 40 1808
24 40 1809
24 40 1810
24 40 1811
24 40 1812
24 40 1813
24 40 1814
24 40 1815
24 40 1816
24 40 1817
24 40 1818
24 40 1819
24 40 1820
24 40 1821
24 40 1822
24 40 1823
24 40 1824
24 40 1825
24 40 1826
24 40 1827
24 40 1828
24 40 1829
24 40 1830
24 40 1831
24 40 1832
24 40 1833
24 40 1834
24 40 1835
24 40 1836
24 40 1837
24 40 1838
24 40 1839
24 40 1840
24 40 1841
24 40 1842
24 40 1843
24 40 1844
24 40 1845
24 40 1846
24 40 1847
24 40 1848
24 40 1849
24 40 1850
24 40 1851
24 40 1852
24 40 1853
24 40 1854
24 40 1855
24 40 1856
24 40 1857
24 40 1858
24 40 1859
24 40 1860
24 40 1861
24 40 1862
24 40 1863
24 40 1864
24 40 1865
24 40 1866
24 40 1867
24 40 1868
24 40 1869
24 40 1870
24 40 1871
24 40 1872
24 40 1873
24 40 1874
24 40 1875
24 40 1876
24 40 1877
24 40 1878
24 40 1879
24 40 1880
24 40 1881
24 40 1882
24 40 1883
24 40 1884
24 40 1885
24 40 1886
24 40 1887
24 40 1888
24 40 1889
24 40 1890
24 40 1891
24 40 1892
24 40 1893
24 40 1894
24 40 1895
24 40 1896
24 40 1897
24 40 1898
24 40 1899
24 40 1900
24 40 1901
24 40 1902
24 40 1903
24 40 1904
24 40 1905
24 40 1906
24 40 1907
24 40 1908
24 40 1909
24 40 1910
24 40 1911
24 40 1912
24 40 1913
24 40 1914
24 40 1915
24 40 1916
24 40 1917
24 40 1918
24 40 1919
24 40 1920
24 40 1921
24 40 1922
24 40 1923
24 40 1924
24 40 1925
24 40 1926
24 40 1927
24 40 1928
24 40 1929
24 40 1930
24 40 1931
24 40 1932
24 40 1933
24 40 1934
24 40 1935
24 40 1936
24 40 1937
24 40 1938
24 40 1939
24 40 1940
24 40 1941
24 40 1942
24 40 1943
24 40 1944
24 40 1945
24 40 1946
24 40 1947
24 40 1948
24 40 1949
24 40 1950
24 40 1951
24 40 1952
24 40 1953
24 40 1954
24 40 1955
24 40 1956
24 40 1957
24 40 1958
24 40 1959
24 40 1960
24 40 1961
24 40 1962
24 40 1963
24 40 1964
24 40 1965
24 40 1966
24 40 1967
24 40 1968
24 40 1969
24 40 1970
24 40 1971
24 40 1972
24 40 1973
24 40 1974
24 40 1975
24 40 1976
24 40 1977
24 40 1978
24 40 1979
24 40 1980
24 40 1981
24 40 1982
24 40 1983
24 40 1984
24 40 1985
24 40 1986
24 40 1987
24 40 1988
24 40 1989
24 40 1990
24 40 1991
24 40 1992
24 40 1993
24 40 1994
24 40 1995
24 40 1996
24 40 1997
24 40 1998
24 40 1999
24 40 2000
24 40 2001
24 40 2002
24 40 2003
24 40 2004
24 40 2005
24 40 2006
24 40 2007
24 40 2008
24 40 2009
24 40 2010
24 40 2011
24 40 2012
24 40 2013
24 40 2014
24 40 2015
24 40 2016
24 40 2017
24 40 2018
24 40 2019
24 40 2020
24 40 2021
24 40 2022
24 40 2023
24 40 2024
24 40 2025
24 40 2026
24 40 2027
24 40 2028
24 40 2029
24 40 2030
24 40 2031
24 40 2032
24 40 2033
24 40 2034
24 40 2035
24 40 2036
24 40 2037
24 40 2038
24 40 2039
24 40 2040
24 40 2041
24 40 2042
24 40 2043
24 40 2044
24 40 2045
24 40 2046
24 40 2047
24 40 2048
24 40 2049
24 40 2050
24 40 2051
24 40 2052
24 40 2053
24 40 2054
24 40 2055
24 40 2056
24 40 2057
24 40 2058
24 40 2059
24 40 2060
24 40 2061
24 40 2062
24 40 2063
24 40 2064
24 40 2065
24 40 2066
24 40 2067
24 40 2068
24 40 2069
24 40 2070
24 40 2071
24 40 2072
24 40 2073
24 40 2074
24 40 2075
24 40 2076
24 40 2077
24 40 2078
24 40 2079
24 40 2080
24 40 2081
24 40 2082
24 40 2083
24 40 2084
24 40 2085
24 40 2086
24 40 2087
24 40 2088
24 40 2089
24 40 2090
24 40 2091
24 40 2092
24 40 2093
24 40 2094
24 40 2095
24 40 2096
24 40 2097
24 40 2098
24 40 2099
24 40 2100
24 40 2101
24 40 2102
24 40 2103
24 40 2104
24 40 2105
24 40 2106
24 40 2107
24 40 2108
24 40 2109
24 40 2110
24 40 2111
24 40 2112
24 40 2113
24 40 2114
24 40 2115
24 40 2116
24 40 2117
24 40 2118
24 40 2119
24 40 2120
24 40 2121
24 40 2122
24 40 2123
24 40 2124
24 40 2125
24 40 2126
24 40 2127
24 40 2128
24 40 2129
24 40 2130
24 40 2131
24 40 2132
24 40 2133
24 40 2134
24 40 2135
24 40 2136
24 40 2137
24 40 2138
24 40 2139
24 40 2140
24 40 2141
24 40 2142
24 40 2143
24 40 2144
24 40 2145
24 40 2146
24 40 2147
24 40 2148
24 40 2149
24 40 2150
24 40 2151
24 40 2152
24 40 2153
24 40 2154
24 40 2155
24 40 2156
24 40 2157
24 40 2158
24 40 2159
24 40 2160
24 40 2161
24 40 2162
24 40 2163
24 40 2164
24 40 2165
24 40 2166
24 40 2167
24 40 2168
24 40 2169
24 40 2170
24 40 2171
24 40 2172
24 40 2173
24 40 2174
24 40 2175
24 40 2176
24 40 2177
24 40 2178
24 40 2179
24 40 2180
24 40 2181
24 40 2182
24 40 2183
24 40 2184
24 40 2185
24 40 2186
24 40 2187
24 40 2188
24 40 2189
24 40 2190
24 40 2191
24 40 2192
24 40 2193
24 40 2194
24 40 2195
24 40 2196
24 40 2197
24 40 2198
24 40 2199
24 40 2200
24 40 2201
24 40 2202
24 40 2203
24 40 2204
24 40 2205
24 40 2206
24 40 2207
24 40 2208
24 40 2209
24 40 2210
24 40 2211
24 40 2212
24 40 2213
24 40 2214
24 40 2215
24 40 2216
24 40 2217
24 40 2218
24 40 2219
24 40 2220
24 40 2221
24 40 2222
24 40 2223
24 40 2224
24 40 2225
24 40 2226
24 40 2227
24 40 2228
24 40 2229
24 40 2230
24 40 2231
24 40 2232
24 40 2233
24 40 2234
24 40 2235
24 40 2236
24 40 2237
24 40 2238
24 40 2239
24 40 2240
24 40 2241
24 40 2242
24 40 2243
24 40 2244
24 40 2245
24 40 2246
24 40 2247
24 40 2248
24 40 2249
24 40 2250
24 40 2251
24 40 2252
24 40 2253
24 40 2254
24 40 2255
24 40 2256
24 40 2257
24 40 2258
24 40 2259
24 40 2260
24 40 2261
24 40 2262
24 40 2263
24 40 2264
24 40 2265
24 40 2266
24 40 2267
24 40 2268
24 40 2269
24 40 2270
24 40 2271
24 40 2272
24 40 2273
24 40 2274
24 40 2275
24 40 2276
24 40 2277
24 40 2278
24 40 2279
24 40 2280
24 40 2281
24 40 2282
24 40 2283
24 40 2284
24 40 2285
24 40 2286
24 40 2287
24 40 2288
24 40 2289
24 40 2290
24 40 2291
24 40 2292
24 40 2293
24 40 2294
24 40 2295
24 40 2296
24 40 2297
24 40 2298
24 40 2299
24 40 2300
24 40 2301
24 40 2302
24 40 2303
24 40 2304
24 40 2305
24 40 2306
24 40 2307
24 40 2308
24 40 2309
24 40 2310
24 40 2311
24 40 2312
24 40 2313
24 40 2314
24 40 2315
24 40 2316
24 40 2317
24 40 2318
24 40 2319
24 40 2320
24 40 2321
24 40 2322
24 40 2323
24 40 2324
24 40 2325
24 40 2326
24 40 2327
24 40 2328
24 40 2329
24 40 2330
24 40 2331
24 40 2332
24 40 2333
24 40 2334
24 40 2335
24 40 2336
24 40 2337
24 40 2338
24 40 2339
24 40 2340
24 40 2341
24 40 2342
24 40 2343
24 40 2344
24 40 2345
24 40 2346
24 40 2347
24 40 2348
24 40 2349
24 40 2350
24 40 2351
24 40 2352
24 40 2353
24 40 2354
24 40 2355
24 40 2356
24 40 2357
24 40 2358
24 40 2359
24 40 2360
24 40 2361
24 40 2362
24 40 2363
24 40 2364
24 40 2365
24 40 2366
24 40 2367
24 40 2368
24 40 2369
24 40 2370
24 40 2371
24 40 2372
24 40 2373
24 40 2374
24 40 2375
24 40 2376
24 40 2377
24 40 2378
24 40 2379
24 40 2380
24 40 2381
24 40 2382
24 40 2383
24 40 2384
24 40 2385
24 40 2386
24 40 2387
24 40 2388
24 40 2389
24 40 2390
24 40 2391
24 40 2392
24 40 2393
24 40 2394
24 40 2395
24 40 2396
24 40 2397
24 40 2398
24 40 2399
24 40 2400
24 40 2401
24 40 2402
24 40 2403
24 40 2404
24 40 2405
24 40 2406
24 40 2407
24 40 2408
24 40 2409
24 40 2410
24 40 2411
24 40 2412
24 40 2413
24 40 2414
24 40 2415
24 40 2416
24 40 2417
24 40 2418
24 40 2419
24 40 2420
24 40 2421
24 40 2422
24 40 2423
24 40 2424
24 40 2425
24 40 2426
24 40 2427
24 40 2428
24 40 2429
24 40 2430
24 40 2431
24 40 2432
24 40 2433
24 40 2434
24 40 2435
24 40 2436
24 40 2437
24 40 2438
24 40 2439
24 40 2440
24 40 2441
24 40 2442
24 40 2443
24 40 2444
24 40 2445
24 40 2446
24 40 2447
24 40 2448
24 40 2449
24 40 2450
24 40 2451
24 40 2452
24 40 2453
24 40 2454
24 40 2455
24 40 2456
24 40 2457
