16 30 1
16 30 2
16 30 3
16 30 4
16 30 5
16 30 6
16 30 7
16 30 8
16 30 9
16 30 10
16 30 11
16 30 12
16 30 13
16 30 14
16 30 15
16 30 16
16 30 17
16 30 18
16 30 19
16 30 20
16 30 21
16 30 22
16 30 23
16 30 24
16 30 25
16 30 26
16 30 27
16 30 28
16 30 29
16 30 30
16 30 31
16 30 32
16 30 33
16 30 34
16 30 35
16 30 36
16 30 37
16 30 38
16 30 39
16 30 40
16 30 41
16 30 42
16 30 43
16 30 44
16 30 45
16 30 46
16 30 47
16 30 48
16 30 49
16 30 50
16 30 51
16 30 52
16 30 53
16 30 54
16 30 55
16 30 56
16 30 57
16 30 58
16 30 59
16 30 60
16 30 61
16 30 62
16 30 63
16 30 64
16 30 65
16 30 66
16 30 67
16 30 68
16 30 69
16 30 70
16 30 71
16 30 72
16 30 73
16 30 74
16 30 75
16 30 76
16 30 77
16 30 78
16 30 79
16 30 80
16 30 81
16 30 82
16 30 83
16 30 84
16 30 85
16 30 86
16 30 87
16 30 88
16 30 89
16 30 90
16 30 91
16 30 92
16 30 93
16 30 94
16 30 95
16 30 96
16 30 97
16 30 98
16 30 99
16 30 100
16 30 101
16 30 102
16 30 103
16 30 104
16 30 105
16 30 106
16 30 107
16 30 108
16 30 109
16 30 110
16 30 111
16 30 112
16 30 113
16 30 114
16 30 115
16 30 116
16 30 117
16 30 118
16 30 119
16 30 120
16 30 121
16 30 122
16 30 123
16 30 124
16 30 125
16 30 126
16 30 127
16 30 128
16 30 129
16 30 130
16 30 131
16 30 132
16 30 133
16 30 134
16 30 135
16 30 136
16 30 137
16 30 138
16 30 139
16 30 140
16 30 141
16 30 142
16 30 143
16 30 144
16 30 145
16 30 146
16 30 147
16 30 148
16 30 149
16 30 150
16 30 151
16 30 152
16 30 153
16 30 154
16 30 155
16 30 156
16 30 157
16 30 158
16 30 159
16 30 160
16 30 161
16 30 162
16 30 163
16 30 164
16 30 165
16 30 166
16 30 167
16 30 168
16 30 169
16 30 170
16 30 171
16 30 172
16 30 173
16 30 174
16 30 175
16 30 176
16 30 177
16 30 178
16 30 179
16 30 180
16 30 181
16 30 182
16 30 183
16 30 184
16 30 185
16 30 186
16 30 187
16 30 188
16 30 189
16 30 190
16 30 191
16 30 192
16 30 193
16 30 194
16 30 195
16 30 196
16 30 197
16 30 198
16 30 199
16 30 200
16 30 201
16 30 202
16 30 203
16 30 204
16 30 205
16 30 206
16 30 207
16 30 208
16 30 209
16 30 210
16 30 211
16 30 212
16 30 213
16 30 214
16 30 215
16 30 216
16 30 217
16 30 218
16 30 219
16 30 220
16 30 221
16 30 222
16 30 223
16 30 224
16 30 225
16 30 226
16 30 227
16 30 228
16 30 229
16 30 230
16 30 231
16 30 232
16 30 233
16 30 234
16 30 235
16 30 236
16 30 237
16 30 238
16 30 239
16 30 240
16 30 241
16 30 242
16 30 243
16 30 244
16 30 245
16 30 246
16 30 247
16 30 248
16 30 249
16 30 250
16 30 251
16 30 252
16 30 253
16 30 254
16 30 255
16 30 256
16 30 257
16 30 258
16 30 259
16 30 260
16 30 261
16 30 262
16 30 263
16 30 264
16 30 265
16 30 266
16 30 267
16 30 268
16 30 269
16 30 270
16 30 271
16 30 272
16 30 273
16 30 274
16 30 275
16 30 276
16 30 277
16 30 278
16 30 279
16 30 280
16 30 281
16 30 282
16 30 283
16 30 284
16 30 285
16 30 286
16 30 287
16 30 288
16 30 289
16 30 290
16 30 291
16 30 292
16 30 293
16 30 294
16 30 295
16 30 296
16 30 297
16 30 298
16 30 299
16 30 300
16 30 301
16 30 302
16 30 303
16 30 304
16 30 305
16 30 306
16 30 307
16 30 308
16 30 309
16 30 310
16 30 311
16 30 312
16 30 313
16 30 314
16 30 315
16 30 316
16 30 317
16 30 318
16 30 319
16 30 320
16 30 321
16 30 322
16 30 323
16 30 324
16 30 325
16 30 326
16 30 327
16 30 328
16 30 329
16 30 330
16 30 331
16 30 332
16 30 333
16 30 334
16 30 335
16 30 336
16 30 337
16 30 338
16 30 339
16 30 340
16 30 341
16 30 342
16 30 343
16 30 344
16 30 345
16 30 346
16 30 347
16 30 348
16 30 349
16 30 350
16 30 351
16 30 352
16 30 353
16 30 354
16 30 355
16 30 356
16 30 357
16 30 358
16 30 359
16 30 360
16 30 361
16 30 362
16 30 363
16 30 364
16 30 365
16 30 366
16 30 367
16 30 368
16 30 369
16 30 370
16 30 371
16 30 372
16 30 373
16 30 374
16 30 375
16 30 376
16 30 377
16 30 378
16 30 379
16 30 380
16 30 381
16 30 382
16 30 383
16 30 384
16 30 385
16 30 386
16 30 387
16 30 388
16 30 389
16 30 390
16 30 391
16 30 392
16 30 393
16 30 394
16 30 395
16 30 396
16 30 397
16 30 398
16 30 399
16 30 400
16 30 401
16 30 402
16 30 403
16 30 404
16 30 405
16 30 406
16 30 407
16 30 408
16 30 409
16 30 410
16 30 411
16 30 412
16 30 413
16 30 414
16 30 415
16 30 416
16 30 417
16 30 418
16 30 419
16 30 420
16 30 421
16 30 422
16 30 423
16 30 424
16 30 425
16 30 426
16 30 427
16 30 428
16 30 429
16 30 430
16 30 431
16 30 432
16 30 433
16 30 434
16 30 435
16 30 436
16 30 437
16 30 438
16 30 439
16 30 440
16 30 441
16 30 442
16 30 443
16 30 444
16 30 445
16 30 446
16 30 447
16 30 448
16 30 449
16 30 450
16 30 451
16 30 452
16 30 453
16 30 454
16 30 455
16 30 456
16 30 457
16 30 458
16 30 459
16 30 460
16 30 461
16 30 462
16 30 463
16 30 464
16 30 465
16 30 466
16 30 467
16 30 468
16 30 469
16 30 470
16 30 471
16 30 472
16 30 473
16 30 474
16 30 475
16 30 476
16 30 477
16 30 478
16 30 479
16 30 480
16 30 481
16 30 482
16 30 483
16 30 484
16 30 485
16 30 486
16 30 487
16 30 488
16 30 489
16 30 490
16 30 491
16 30 492
16 30 493
16 30 494
16 30 495
16 30 496
16 30 497
16 30 498
16 30 499
16 30 500
16 30 501
16 30 502
16 30 503
16 30 504
16 30 505
16 30 506
16 30 507
16 30 508
16 30 509
16 30 510
16 30 511
16 30 512
16 30 513
16 30 514
16 30 515
16 30 516
16 30 517
16 30 518
16 30 519
16 30 520
16 30 521
16 30 522
16 30 523
16 30 524
16 30 525
16 30 526
16 30 527
16 30 528
16 30 529
16 30 530
16 30 531
16 30 532
16 30 533
16 30 534
16 30 535
16 30 536
16 30 537
16 30 538
16 30 539
16 30 540
16 30 541
16 30 542
16 30 543
16 30 544
16 30 545
16 30 546
16 30 547
16 30 548
16 30 549
16 30 550
16 30 551
16 30 552
16 30 553
16 30 554
16 30 555
16 30 556
16 30 557
16 30 558
16 30 559
16 30 560
16 30 561
16 30 562
16 30 563
16 30 564
16 30 565
16 30 566
16 30 567
16 30 568
16 30 569
16 30 570
16 30 571
16 30 572
16 30 573
16 30 574
16 30 575
16 30 576
16 30 577
16 30 578
16 30 579
16 30 580
16 30 581
16 30 582
16 30 583
16 30 584
16 30 585
16 30 586
16 30 587
16 30 588
16 30 589
16 30 590
16 30 591
16 30 592
16 30 593
16 30 594
16 30 595
16 30 596
16 30 597
16 30 598
16 30 599
16 30 600
16 30 601
16 30 602
16 30 603
16 30 604
16 30 605
16 30 606
16 30 607
16 30 608
16 30 609
16 30 610
16 30 611
16 30 612
16 30 613
16 30 614
16 30 615
16 30 616
16 30 617
16 30 618
16 30 619
16 30 620
16 30 621
16 30 622
16 30 623
16 30 624
16 30 625
16 30 626
16 30 627
16 30 628
16 30 629
16 30 630
16 30 631
16 30 632
16 30 633
16 30 634
16 30 635
16 30 636
16 30 637
16 30 638
16 30 639
16 30 640
16 30 641
16 30 642
16 30 643
16 30 644
16 30 645
16 30 646
16 30 647
16 30 648
16 30 649
16 30 650
16 30 651
16 30 652
16 30 653
16 30 654
16 30 655
16 30 656
16 30 657
16 30 658
16 30 659
16 30 660
16 30 661
16 30 662
16 30 663
16 30 664
16 30 665
16 30 666
16 30 667
16 30 668
16 30 669
16 30 670
16 30 671
16 30 672
16 30 673
16 30 674
16 30 675
16 30 676
16 30 677
16 30 678
16 30 679
16 30 680
16 30 681
16 30 682
16 30 683
16 30 684
16 30 685
16 30 686
16 30 687
16 30 688
16 30 689
16 30 690
16 30 691
16 30 692
16 30 693
16 30 694
16 30 695
16 30 696
16 30 697
16 30 698
16 30 699
16 30 700
16 30 701
16 30 702
16 30 703
16 30 704
16 30 705
16 30 706
16 30 707
16 30 708
16 30 709
16 30 710
16 30 711
16 30 712
16 30 713
16 30 714
16 30 715
16 30 716
16 30 717
16 30 718
16 30 719
16 30 720
16 30 721
16 30 722
16 30 723
16 30 724
16 30 725
16 30 726
16 30 727
16 30 728
16 30 729
16 30 730
16 30 731
16 30 732
16 30 733
16 30 734
16 30 735
16 30 736
16 30 737
16 30 738
16 30 739
16 30 740
16 30 741
16 30 742
16 30 743
16 30 744
16 30 745
16 30 746
16 30 747
16 30 748
16 30 749
16 30 750
16 30 751
16 30 752
16 30 753
16 30 754
16 30 755
16 30 756
16 30 757
16 30 758
16 30 759
16 30 760
16 30 761
16 30 762
16 30 763
16 30 764
16 30 765
16 30 766
16 30 767
16 30 768
16 30 769
16 30 770
16 30 771
16 30 772
16 30 773
16 30 774
16 30 775
16 30 776
16 30 777
16 30 778
16 30 779
16 30 780
16 30 781
16 30 782
16 30 783
16 30 784
16 30 785
16 30 786
16 30 787
16 30 788
16 30 789
16 30 790
16 30 791
16 30 792
16 30 793
16 30 794
16 30 795
16 30 796
16 30 797
16 30 798
16 30 799
16 30 800
16 30 801
16 30 802
16 30 803
16 30 804
16 30 805
16 30 806
16 30 807
16 30 808
16 30 809
16 30 810
16 30 811
16 30 812
16 30 813
16 30 814
16 30 815
16 30 816
16 30 817
16 30 818
16 30 819
16 30 820
16 30 821
16 30 822
16 30 823
16 30 824
16 30 825
16 30 826
16 30 827
16 30 828
16 30 829
16 30 830
16 30 831
16 30 832
16 30 833
16 30 834
16 30 835
16 30 836
16 30 837
16 30 838
16 30 839
16 30 840
16 30 841
16 30 842
16 30 843
16 30 844
16 30 845
16 30 846
16 30 847
16 30 848
16 30 849
16 30 850
16 30 851
16 30 852
16 30 853
16 30 854
16 30 855
16 30 856
16 30 857
16 30 858
16 30 859
16 30 860
16 30 861
16 30 862
16 30 863
16 30 864
16 30 865
16 30 866
16 30 867
16 30 868
16 30 869
16 30 870
16 30 871
16 30 872
16 30 873
16 30 874
16 30 875
16 30 876
16 30 877
16 30 878
16 30 879
16 30 880
16 30 881
16 30 882
16 30 883
16 30 884
16 30 885
16 30 886
16 30 887
16 30 888
16 30 889
16 30 890
16 30 891
16 30 892
16 30 893
16 30 894
16 30 895
16 30 896
16 30 897
16 30 898
16 30 899
16 30 900
16 30 901
16 30 902
16 30 903
16 30 904
16 30 905
16 30 906
16 30 907
16 30 908
16 30 909
16 30 910
16 30 911
16 30 912
16 30 913
16 30 914
16 30 915
16 30 916
16 30 917
16 30 918
16 30 919
16 30 920
16 30 921
16 30 922
16 30 923
16 30 924
16 30 925
16 30 926
16 30 927
16 30 928
16 30 929
16 30 930
16 30 931
16 30 932
16 30 933
16 30 934
16 30 935
16 30 936
16 30 937
16 30 938
16 30 939
16 30 940
16 30 941
16 30 942
16 30 943
16 30 944
16 30 945
16 30 946
16 30 947
16 30 948
16 30 949
16 30 950
16 30 951
16 30 952
16 30 953
16 30 954
16 30 955
16 30 956
16 30 957
16 30 958
16 30 959
16 30 960
16 30 961
16 30 962
16 30 963
16 30 964
16 30 965
16 30 966
16 30 967
16 30 968
16 30 969
16 30 970
16 30 971
16 30 972
16 30 973
16 30 974
16 30 975
16 30 976
16 30 977
16 30 978
16 30 979
16 30 980
16 30 981
16 30 982
16 30 983
16 30 984
16 30 985
16 30 986
16 30 987
16 30 988
16 30 989
16 30 990
16 30 991
16 30 992
16 30 993
16 30 994
16 30 995
16 30 996
16 30 997
16 30 998
16 30 999
16 30 1000
16 30 1001
16 30 1002
16 30 1003
16 30 1004
16 30 1005
16 30 1006
16 30 1007
16 30 1008
16 30 1009
16 30 1010
16 30 1011
16 30 1012
16 30 1013
16 30 1014
16 30 1015
16 30 1016
16 30 1017
16 30 1018
16 30 1019
16 30 1020
16 30 1021
16 30 1022
16 30 1023
16 30 1024
16 30 1025
16 30 1026
16 30 1027
16 30 1028
16 30 1029
16 30 1030
16 30 1031
16 30 1032
16 30 1033
16 30 1034
16 30 1035
16 30 1036
16 30 1037
16 30 1038
16 30 1039
16 30 1040
16 30 1041
16 30 1042
16 30 1043
16 30 1044
16 30 1045
16 30 1046
16 30 1047
16 30 1048
16 30 1049
16 30 1050
16 30 1051
16 30 1052
16 30 1053
16 30 1054
16 30 1055
16 30 1056
16 30 1057
16 30 1058
16 30 1059
16 30 1060
16 30 1061
16 30 1062
16 30 1063
16 30 1064
16 30 1065
16 30 1066
16 30 1067
16 30 1068
16 30 1069
16 30 1070
16 30 1071
16 30 1072
16 30 1073
16 30 1074
16 30 1075
16 30 1076
16 30 1077
16 30 1078
16 30 1079
16 30 1080
16 30 1081
16 30 1082
16 30 1083
16 30 1084
16 30 1085
16 30 1086
16 30 1087
16 30 1088
16 30 1089
16 30 1090
16 30 1091
16 30 1092
16 30 1093
16 30 1094
16 30 1095
16 30 1096
16 30 1097
16 30 1098
16 30 1099
16 30 1100
16 30 1101
16 30 1102
16 30 1103
16 30 1104
16 30 1105
16 30 1106
16 30 1107
16 30 1108
16 30 1109
16 30 1110
16 30 1111
16 30 1112
16 30 1113
16 30 1114
16 30 1115
16 30 1116
16 30 1117
16 30 1118
16 30 1119
16 30 1120
16 30 1121
16 30 1122
16 30 1123
16 30 1124
16 30 1125
16 30 1126
16 30 1127
16 30 1128
16 30 1129
16 30 1130
16 30 1131
16 30 1132
16 30 1133
16 30 1134
16 30 1135
16 30 1136
16 30 1137
16 30 1138
16 30 1139
16 30 1140
16 30 1141
16 30 1142
16 30 1143
16 30 1144
16 30 1145
16 30 1146
16 30 1147
16 30 1148
16 30 1149
16 30 1150
16 30 1151
16 30 1152
16 30 1153
16 30 1154
16 30 1155
16 30 1156
16 30 1157
16 30 1158
16 30 1159
16 30 1160
16 30 1161
16 30 1162
16 30 1163
16 30 1164
16 30 1165
16 30 1166
16 30 1167
16 30 1168
16 30 1169
16 30 1170
16 30 1171
16 30 1172
16 30 1173
16 30 1174
16 30 1175
16 30 1176
16 30 1177
16 30 1178
16 30 1179
16 30 1180
16 30 1181
16 30 1182
16 30 1183
16 30 1184
16 30 1185
16 30 1186
16 30 1187
16 30 1188
16 30 1189
16 30 1190
16 30 1191
16 30 1192
16 30 1193
16 30 1194
16 30 1195
16 30 1196
16 30 1197
16 30 1198
16 30 1199
16 30 1200
16 30 1201
16 30 1202
16 30 1203
16 30 1204
16 30 1205
16 30 1206
16 30 1207
16 30 1208
16 30 1209
16 30 1210
16 30 1211
16 30 1212
16 30 1213
16 30 1214
16 30 1215
16 30 1216
16 30 1217
16 30 1218
16 30 1219
16 30 1220
16 30 1221
16 30 1222
16 30 1223
16 30 1224
16 30 1225
16 30 1226
16 30 1227
16 30 1228
16 30 1229
16 30 1230
16 30 1231
16 30 1232
16 30 1233
16 30 1234
16 30 1235
16 30 1236
16 30 1237
16 30 1238
16 30 1239
16 30 1240
16 30 1241
16 30 1242
16 30 1243
16 30 1244
16 30 1245
16 30 1246
16 30 1247
16 30 1248
16 30 1249
16 30 1250
16 30 1251
16 30 1252
16 30 1253
16 30 1254
16 30 1255
16 30 1256
16 30 1257
16 30 1258
16 30 1259
16 30 1260
16 30 1261
16 30 1262
16 30 1263
16 30 1264
16 30 1265
16 30 1266
16 30 1267
16 30 1268
16 30 1269
16 30 1270
16 30 1271
16 30 1272
16 30 1273
16 30 1274
16 30 1275
16 30 1276
16 30 1277
16 30 1278
16 30 1279
16 30 1280
16 30 1281
16 30 1282
16 30 1283
16 30 1284
16 30 1285
16 30 1286
16 30 1287
16 30 1288
16 30 1289
16 30 1290
16 30 1291
16 30 1292
16 30 1293
16 30 1294
16 30 1295
16 30 1296
16 30 1297
16 30 1298
16 30 1299
16 30 1300
16 30 1301
16 30 1302
16 30 1303
16 30 1304
16 30 1305
16 30 1306
16 30 1307
16 30 1308
16 30 1309
16 30 1310
16 30 1311
16 30 1312
16 30 1313
16 30 1314
16 30 1315
16 30 1316
16 30 1317
16 30 1318
16 30 1319
16 30 1320
16 30 1321
16 30 1322
16 30 1323
16 30 1324
16 30 1325
16 30 1326
16 30 1327
16 30 1328
16 30 1329
16 30 1330
16 30 1331
16 30 1332
16 30 1333
16 30 1334
16 30 1335
16 30 1336
16 30 1337
16 30 1338
16 30 1339
16 30 1340
16 30 1341
16 30 1342
16 30 1343
16 30 1344
16 30 1345
16 30 1346
16 30 1347
16 30 1348
16 30 1349
16 30 1350
16 30 1351
16 30 1352
16 30 1353
16 30 1354
16 30 1355
16 30 1356
16 30 1357
16 30 1358
16 30 1359
16 30 1360
16 30 1361
16 30 1362
16 30 1363
16 30 1364
16 30 1365
16 30 1366
16 30 1367
16 30 1368
16 30 1369
16 30 1370
16 30 1371
16 30 1372
16 30 1373
16 30 1374
16 30 1375
16 30 1376
16 30 1377
16 30 1378
16 30 1379
16 30 1380
16 30 1381
16 30 1382
16 30 1383
16 30 1384
16 30 1385
16 30 1386
16 30 1387
16 30 1388
16 30 1389
16 30 1390
16 30 1391
16 30 1392
16 30 1393
16 30 1394
16 30 1395
16 30 1396
16 30 1397
16 30 1398
16 30 1399
16 30 1400
16 30 1401
16 30 1402
16 30 1403
16 30 1404
16 30 1405
16 30 1406
16 30 1407
16 30 1408
16 30 1409
16 30 1410
16 30 1411
16 30 1412
16 30 1413
16 30 1414
16 30 1415
16 30 1416
16 30 1417
16 30 1418
16 30 1419
16 30 1420
16 30 1421
16 30 1422
16 30 1423
16 30 1424
16 30 1425
16 30 1426
16 30 1427
16 30 1428
16 30 1429
16 30 1430
16 30 1431
16 30 1432
16 30 1433
16 30 1434
16 30 1435
16 30 1436
16 30 1437
16 30 1438
16 30 1439
16 30 1440
16 30 1441
16 30 1442
16 30 1443
16 30 1444
16 30 1445
16 30 1446
16 30 1447
16 30 1448
16 30 1449
16 30 1450
16 30 1451
16 30 1452
16 30 1453
16 30 1454
16 30 1455
16 30 1456
16 30 1457
16 30 1458
16 30 1459
16 30 1460
16 30 1461
16 30 1462
16 30 1463
16 30 1464
16 30 1465
16 30 1466
16 30 1467
16 30 1468
16 30 1469
16 30 1470
16 30 1471
16 30 1472
16 30 1473
16 30 1474
16 30 1475
16 30 1476
16 30 1477
16 30 1478
16 30 1479
16 30 1480
16 30 1481
16 30 1482
16 30 1483
16 30 1484
16 30 1485
16 30 1486
16 30 1487
16 30 1488
16 30 1489
16 30 1490
16 30 1491
16 30 1492
16 30 1493
16 30 1494
16 30 1495
16 30 1496
16 30 1497
16 30 1498
16 30 1499
16 30 1500
16 30 1501
16 30 1502
16 30 1503
16 30 1504
16 30 1505
16 30 1506
16 30 1507
16 30 1508
16 30 1509
16 30 1510
16 30 1511
16 30 1512
16 30 1513
16 30 1514
16 30 1515
16 30 1516
16 30 1517
16 30 1518
16 30 1519
16 30 1520
16 30 1521
16 30 1522
16 30 1523
16 30 1524
16 30 1525
16 30 1526
16 30 1527
16 30 1528
16 30 1529
16 30 1530
16 30 1531
16 30 1532
16 30 1533
16 30 1534
16 30 1535
16 30 1536
16 30 1537
16 30 1538
16 30 1539
16 30 1540
16 30 1541
16 30 1542
16 30 1543
16 30 1544
16 30 1545
16 30 1546
16 30 1547
16 30 1548
16 30 1549
16 30 1550
16 30 1551
16 30 1552
16 30 1553
16 30 1554
16 30 1555
16 30 1556
16 30 1557
16 30 1558
16 30 1559
16 30 1560
16 30 1561
16 30 1562
16 30 1563
16 30 1564
16 30 1565
16 30 1566
16 30 1567
16 30 1568
16 30 1569
16 30 1570
16 30 1571
16 30 1572
16 30 1573
16 30 1574
16 30 1575
16 30 1576
16 30 1577
16 30 1578
16 30 1579
16 30 1580
16 30 1581
16 30 1582
16 30 1583
16 30 1584
16 30 1585
16 30 1586
16 30 1587
16 30 1588
16 30 1589
16 30 1590
16 30 1591
16 30 1592
16 30 1593
16 30 1594
16 30 1595
16 30 1596
16 30 1597
16 30 1598
16 30 1599
16 30 1600
16 30 1601
16 30 1602
16 30 1603
16 30 1604
16 30 1605
16 30 1606
16 30 1607
16 30 1608
16 30 1609
16 30 1610
16 30 1611
16 30 1612
16 30 1613
16 30 1614
16 30 1615
16 30 1616
16 30 1617
16 30 1618
16 30 1619
16 30 1620
16 30 1621
16 30 1622
16 30 1623
16 30 1624
16 30 1625
16 30 1626
16 30 1627
16 30 1628
16 30 1629
16 30 1630
16 30 1631
16 30 1632
16 30 1633
16 30 1634
16 30 1635
16 30 1636
16 30 1637
16 30 1638
16 30 1639
16 30 1640
16 30 1641
16 30 1642
16 30 1643
16 30 1644
16 30 1645
16 30 1646
16 30 1647
16 30 1648
16 30 1649
16 30 1650
16 30 1651
16 30 1652
16 30 1653
16 30 1654
16 30 1655
16 30 1656
16 30 1657
16 30 1658
16 30 1659
16 30 1660
16 30 1661
16 30 1662
16 30 1663
16 30 1664
16 30 1665
16 30 1666
16 30 1667
16 30 1668
16 30 1669
16 30 1670
16 30 1671
16 30 1672
16 30 1673
16 30 1674
16 30 1675
16 30 1676
16 30 1677
16 30 1678
16 30 1679
16 30 1680
16 30 1681
16 30 1682
16 30 1683
16 30 1684
16 30 1685
16 30 1686
16 30 1687
16 30 1688
16 30 1689
16 30 1690
16 30 1691
16 30 1692
16 30 1693
16 30 1694
16 30 1695
16 30 1696
16 30 1697
16 30 1698
16 30 1699
16 30 1700
16 30 1701
16 30 1702
16 30 1703
16 30 1704
16 30 1705
16 30 1706
16 30 1707
16 30 1708
16 30 1709
16 30 1710
16 30 1711
16 30 1712
16 30 1713
16 30 1714
16 30 1715
16 30 1716
16 30 1717
16 30 1718
16 30 1719
16 30 1720
16 30 1721
16 30 1722
16 30 1723
16 30 1724
16 30 1725
16 30 1726
16 30 1727
16 30 1728
16 30 1729
16 30 1730
16 30 1731
16 30 1732
16 30 1733
16 30 1734
16 30 1735
16 30 1736
16 30 1737
16 30 1738
16 30 1739
16 30 1740
16 30 1741
16 30 1742
16 30 1743
16 30 1744
16 30 1745
16 30 1746
16 30 1747
16 30 1748
16 30 1749
16 30 1750
16 30 1751
16 30 1752
16 30 1753
16 30 1754
16 30 1755
16 30 1756
16 30 1757
16 30 1758
16 30 1759
16 30 1760
16 30 1761
16 30 1762
16 30 1763
16 30 1764
16 30 1765
16 30 1766
16 30 1767
16 30 1768
16 30 1769
16 30 1770
16 30 1771
16 30 1772
16 30 1773
16 30 1774
16 30 1775
16 30 1776
16 30 1777
16 30 1778
16 30 1779
16 30 1780
16 30 1781
16 30 1782
16 30 1783
16 30 1784
16 30 1785
16 30 1786
16 30 1787
16 30 1788
16 30 1789
16 30 1790
16 30 1791
16 30 1792
16 30 1793
16 30 1794
16 30 1795
16 30 1796
16 30 1797
16 30 1798
16 30 1799
16 30 1800
16 30 1801
16 30 1802
16 30 1803
16 30 1804
16 30 1805
16 30 1806
16 30 1807
16 30 1808
16 30 1809
16 30 1810
16 30 1811
16 30 1812
16 30 1813
16 30 1814
16 30 1815
16 30 1816
16 30 1817
16 30 1818
16 30 1819
16 30 1820
16 30 1821
16 30 1822
16 30 1823
16 30 1824
16 30 1825
16 30 1826
16 30 1827
16 30 1828
16 30 1829
16 30 1830
16 30 1831
16 30 1832
16 30 1833
16 30 1834
16 30 1835
16 30 1836
16 30 1837
16 30 1838
16 30 1839
16 30 1840
16 30 1841
16 30 1842
16 30 1843
16 30 1844
16 30 1845
16 30 1846
16 30 1847
16 30 1848
16 30 1849
16 30 1850
16 30 1851
16 30 1852
16 30 1853
16 30 1854
16 30 1855
16 30 1856
16 30 1857
16 30 1858
16 30 1859
16 30 1860
16 30 1861
16 30 1862
16 30 1863
16 30 1864
16 30 1865
16 30 1866
16 30 1867
16 30 1868
16 30 1869
16 30 1870
16 30 1871
16 30 1872
16 30 1873
16 30 1874
16 30 1875
16 30 1876
16 30 1877
16 30 1878
16 30 1879
16 30 1880
16 30 1881
16 30 1882
16 30 1883
16 30 1884
16 30 1885
16 30 1886
16 30 1887
16 30 1888
16 30 1889
16 30 1890
16 30 1891
16 30 1892
16 30 1893
16 30 1894
16 30 1895
16 30 1896
16 30 1897
16 30 1898
16 30 1899
16 30 1900
16 30 1901
16 30 1902
16 30 1903
16 30 1904
16 30 1905
16 30 1906
16 30 1907
16 30 1908
16 30 1909
16 30 1910
16 30 1911
16 30 1912
16 30 1913
16 30 1914
16 30 1915
16 30 1916
16 30 1917
16 30 1918
16 30 1919
16 30 1920
16 30 1921
16 30 1922
16 30 1923
16 30 1924
16 30 1925
16 30 1926
16 30 1927
16 30 1928
16 30 1929
16 30 1930
16 30 1931
16 30 1932
16 30 1933
16 30 1934
16 30 1935
16 30 1936
16 30 1937
16 30 1938
16 30 1939
16 30 1940
16 30 1941
16 30 1942
16 30 1943
16 30 1944
16 30 1945
16 30 1946
16 30 1947
16 30 1948
16 30 1949
16 30 1950
16 30 1951
16 30 1952
16 30 1953
16 30 1954
16 30 1955
16 30 1956
16 30 1957
16 30 1958
16 30 1959
16 30 1960
16 30 1961
16 30 1962
16 30 1963
16 30 1964
16 30 1965
16 30 1966
16 30 1967
16 30 1968
16 30 1969
16 30 1970
16 30 1971
16 30 1972
16 30 1973
16 30 1974
16 30 1975
16 30 1976
16 30 1977
16 30 1978
16 30 1979
16 30 1980
16 30 1981
16 30 1982
16 30 1983
16 30 1984
16 30 1985
16 30 1986
16 30 1987
16 30 1988
16 30 1989
16 30 1990
16 30 1991
16 30 1992
16 30 1993
16 30 1994
16 30 1995
16 30 1996
16 30 1997
16 30 1998
16 30 1999
16 30 2000
16 30 2001
16 30 2002
16 30 2003
16 30 2004
16 30 2005
16 30 2006
16 30 2007
16 30 2008
16 30 2009
16 30 2010
16 30 2011
16 30 2012
16 30 2013
16 30 2014
16 30 2015
16 30 2016
16 30 2017
16 30 2018
16 30 2019
16 30 2020
16 30 2021
16 30 2022
16 30 2023
16 30 2024
16 30 2025
16 30 2026
16 30 2027
16 30 2028
16 30 2029
16 30 2030
16 30 2031
16 30 2032
16 30 2033
16 30 2034
16 30 2035
16 30 2036
16 30 2037
16 30 2038
16 30 2039
16 30 2040
16 30 2041
16 30 2042
16 30 2043
16 30 2044
16 30 2045
16 30 2046
16 30 2047
16 30 2048
16 30 2049
16 30 2050
16 30 2051
16 30 2052
16 30 2053
16 30 2054
16 30 2055
16 30 2056
16 30 2057
16 30 2058
16 30 2059
16 30 2060
16 30 2061
16 30 2062
16 30 2063
16 30 2064
16 30 2065
16 30 2066
16 30 2067
16 30 2068
16 30 2069
16 30 2070
16 30 2071
16 30 2072
16 30 2073
16 30 2074
16 30 2075
16 30 2076
16 30 2077
16 30 2078
16 30 2079
16 30 2080
16 30 2081
16 30 2082
16 30 2083
16 30 2084
16 30 2085
16 30 2086
16 30 2087
16 30 2088
16 30 2089
16 30 2090
16 30 2091
16 30 2092
16 30 2093
16 30 2094
16 30 2095
16 30 2096
16 30 2097
16 30 2098
16 30 2099
16 30 2100
16 30 2101
16 30 2102
16 30 2103
16 30 2104
16 30 2105
16 30 2106
16 30 2107
16 30 2108
16 30 2109
16 30 2110
16 30 2111
16 30 2112
16 30 2113
16 30 2114
16 30 2115
16 30 2116
16 30 2117
16 30 2118
16 30 2119
16 30 2120
16 30 2121
16 30 2122
16 30 2123
16 30 2124
16 30 2125
16 30 2126
16 30 2127
16 30 2128
16 30 2129
16 30 2130
16 30 2131
16 30 2132
16 30 2133
16 30 2134
16 30 2135
16 30 2136
16 30 2137
16 30 2138
16 30 2139
16 30 2140
16 30 2141
16 30 2142
16 30 2143
16 30 2144
16 30 2145
16 30 2146
16 30 2147
16 30 2148
16 30 2149
16 30 2150
16 30 2151
16 30 2152
16 30 2153
16 30 2154
16 30 2155
16 30 2156
16 30 2157
16 30 2158
16 30 2159
16 30 2160
16 30 2161
16 30 2162
16 30 2163
16 30 2164
16 30 2165
16 30 2166
16 30 2167
16 30 2168
16 30 2169
16 30 2170
16 30 2171
16 30 2172
16 30 2173
16 30 2174
16 30 2175
16 30 2176
16 30 2177
16 30 2178
16 30 2179
16 30 2180
16 30 2181
16 30 2182
16 30 2183
16 30 2184
16 30 2185
16 30 2186
16 30 2187
16 30 2188
16 30 2189
16 30 2190
16 30 2191
16 30 2192
16 30 2193
16 30 2194
16 30 2195
16 30 2196
16 30 2197
16 30 2198
16 30 2199
16 30 2200
16 30 2201
16 30 2202
16 30 2203
16 30 2204
16 30 2205
16 30 2206
16 30 2207
16 30 2208
16 30 2209
16 30 2210
16 30 2211
16 30 2212
16 30 2213
16 30 2214
16 30 2215
16 30 2216
16 30 2217
16 30 2218
16 30 2219
16 30 2220
16 30 2221
16 30 2222
16 30 2223
16 30 2224
16 30 2225
16 30 2226
16 30 2227
16 30 2228
16 30 2229
16 30 2230
16 30 2231
16 30 2232
16 30 2233
16 30 2234
16 30 2235
16 30 2236
16 30 2237
16 30 2238
16 30 2239
16 30 2240
16 30 2241
16 30 2242
16 30 2243
16 30 2244
16 30 2245
16 30 2246
16 30 2247
16 30 2248
16 30 2249
16 30 2250
16 30 2251
16 30 2252
16 30 2253
16 30 2254
16 30 2255
16 30 2256
16 30 2257
16 30 2258
16 30 2259
16 30 2260
16 30 2261
16 30 2262
16 30 2263
16 30 2264
16 30 2265
16 30 2266
16 30 2267
16 30 2268
16 30 2269
16 30 2270
16 30 2271
16 30 2272
16 30 2273
16 30 2274
16 30 2275
16 30 2276
16 30 2277
16 30 2278
16 30 2279
16 30 2280
16 30 2281
16 30 2282
16 30 2283
16 30 2284
16 30 2285
16 30 2286
16 30 2287
16 30 2288
16 30 2289
16 30 2290
16 30 2291
16 30 2292
16 30 2293
16 30 2294
16 30 2295
16 30 2296
16 30 2297
16 30 2298
16 30 2299
16 30 2300
16 30 2301
16 30 2302
16 30 2303
16 30 2304
16 30 2305
16 30 2306
16 30 2307
16 30 2308
16 30 2309
16 30 2310
16 30 2311
16 30 2312
16 30 2313
16 30 2314
16 30 2315
16 30 2316
16 30 2317
16 30 2318
16 30 2319
16 30 2320
16 30 2321
16 30 2322
16 30 2323
16 30 2324
16 30 2325
16 30 2326
16 30 2327
16 30 2328
16 30 2329
16 30 2330
16 30 2331
16 30 2332
16 30 2333
16 30 2334
16 30 2335
16 30 2336
16 30 2337
16 30 2338
16 30 2339
16 30 2340
16 30 2341
16 30 2342
16 30 2343
16 30 2344
16 30 2345
16 30 2346
16 30 2347
16 30 2348
16 30 2349
16 30 2350
16 30 2351
16 30 2352
16 30 2353
16 30 2354
16 30 2355
16 30 2356
16 30 2357
16 30 2358
16 30 2359
16 30 2360
16 30 2361
16 30 2362
16 30 2363
16 30 2364
16 30 2365
16 30 2366
16 30 2367
16 30 2368
16 30 2369
16 30 2370
16 30 2371
16 30 2372
16 30 2373
16 30 2374
16 30 2375
16 30 2376
16 30 2377
16 30 2378
16 30 2379
16 30 2380
16 30 2381
16 30 2382
16 30 2383
16 30 2384
16 30 2385
16 30 2386
16 30 2387
16 30 2388
16 30 2389
16 30 2390
16 30 2391
16 30 2392
16 30 2393
16 30 2394
16 30 2395
16 30 2396
16 30 2397
16 30 2398
16 30 2399
16 30 2400
16 30 2401
16 30 2402
16 30 2403
16 30 2404
16 30 2405
16 30 2406
16 30 2407
16 30 2408
16 30 2409
16 30 2410
16 30 2411
16 30 2412
16 30 2413
16 30 2414
16 30 2415
16 30 2416
16 30 2417
16 30 2418
16 30 2419
16 30 2420
16 30 2421
16 30 2422
16 30 2423
16 30 2424
16 30 2425
16 30 2426
16 30 2427
16 30 2428
16 30 2429
16 30 2430
16 30 2431
16 30 2432
16 30 2433
16 30 2434
16 30 2435
16 30 2436
16 30 2437
16 30 2438
16 30 2439
16 30 2440
16 30 2441
16 30 2442
16 30 2443
16 30 2444
16 30 2445
16 30 2446
16 30 2447
16 30 2448
16 30 2449
16 30 2450
16 30 2451
16 30 2452
16 30 2453
16 30 2454
16 30 2455
16 30 2456
16 30 2457
