35 40 1
35 40 2
35 40 3
35 40 4
35 40 5
35 40 6
35 40 7
35 40 8
35 40 9
35 40 10
35 40 11
35 40 12
35 40 13
35 40 14
35 40 15
35 40 16
35 40 17
35 40 18
35 40 19
35 40 20
35 40 21
35 40 22
35 40 23
35 40 24
35 40 25
35 40 26
35 40 27
35 40 28
35 40 29
35 40 30
35 40 31
35 40 32
35 40 33
35 40 34
35 40 35
35 40 36
35 40 37
35 40 38
35 40 39
35 40 40
35 40 41
35 40 42
35 40 43
35 40 44
35 40 45
35 40 46
35 40 47
35 40 48
35 40 49
35 40 50
35 40 51
35 40 52
35 40 53
35 40 54
35 40 55
35 40 56
35 40 57
35 40 58
35 40 59
35 40 60
35 40 61
35 40 62
35 40 63
35 40 64
35 40 65
35 40 66
35 40 67
35 40 68
35 40 69
35 40 70
35 40 71
35 40 72
35 40 73
35 40 74
35 40 75
35 40 76
35 40 77
35 40 78
35 40 79
35 40 80
35 40 81
35 40 82
35 40 83
35 40 84
35 40 85
35 40 86
35 40 87
35 40 88
35 40 89
35 40 90
35 40 91
35 40 92
35 40 93
35 40 94
35 40 95
35 40 96
35 40 97
35 40 98
35 40 99
35 40 100
35 40 101
35 40 102
35 40 103
35 40 104
35 40 105
35 40 106
35 40 107
35 40 108
35 40 109
35 40 110
35 40 111
35 40 112
35 40 113
35 40 114
35 40 115
35 40 116
35 40 117
35 40 118
35 40 119
35 40 120
35 40 121
35 40 122
35 40 123
35 40 124
35 40 125
35 40 126
35 40 127
35 40 128
35 40 129
35 40 130
35 40 131
35 40 132
35 40 133
35 40 134
35 40 135
35 40 136
35 40 137
35 40 138
35 40 139
35 40 140
35 40 141
35 40 142
35 40 143
35 40 144
35 40 145
35 40 146
35 40 147
35 40 148
35 40 149
35 40 150
35 40 151
35 40 152
35 40 153
35 40 154
35 40 155
35 40 156
35 40 157
35 40 158
35 40 159
35 40 160
35 40 161
35 40 162
35 40 163
35 40 164
35 40 165
35 40 166
35 40 167
35 40 168
35 40 169
35 40 170
35 40 171
35 40 172
35 40 173
35 40 174
35 40 175
35 40 176
35 40 177
35 40 178
35 40 179
35 40 180
35 40 181
35 40 182
35 40 183
35 40 184
35 40 185
35 40 186
35 40 187
35 40 188
35 40 189
35 40 190
35 40 191
35 40 192
35 40 193
35 40 194
35 40 195
35 40 196
35 40 197
35 40 198
35 40 199
35 40 200
35 40 201
35 40 202
35 40 203
35 40 204
35 40 205
35 40 206
35 40 207
35 40 208
35 40 209
35 40 210
35 40 211
35 40 212
35 40 213
35 40 214
35 40 215
35 40 216
35 40 217
35 40 218
35 40 219
35 40 220
35 40 221
35 40 222
35 40 223
35 40 224
35 40 225
35 40 226
35 40 227
35 40 228
35 40 229
35 40 230
35 40 231
35 40 232
35 40 233
35 40 234
35 40 235
35 40 236
35 40 237
35 40 238
35 40 239
35 40 240
35 40 241
35 40 242
35 40 243
35 40 244
35 40 245
35 40 246
35 40 247
35 40 248
35 40 249
35 40 250
35 40 251
35 40 252
35 40 253
35 40 254
35 40 255
35 40 256
35 40 257
35 40 258
35 40 259
35 40 260
35 40 261
35 40 262
35 40 263
35 40 264
35 40 265
35 40 266
35 40 267
35 40 268
35 40 269
35 40 270
35 40 271
35 40 272
35 40 273
35 40 274
35 40 275
35 40 276
35 40 277
35 40 278
35 40 279
35 40 280
35 40 281
35 40 282
35 40 283
35 40 284
35 40 285
35 40 286
35 40 287
35 40 288
35 40 289
35 40 290
35 40 291
35 40 292
35 40 293
35 40 294
35 40 295
35 40 296
35 40 297
35 40 298
35 40 299
35 40 300
35 40 301
35 40 302
35 40 303
35 40 304
35 40 305
35 40 306
35 40 307
35 40 308
35 40 309
35 40 310
35 40 311
35 40 312
35 40 313
35 40 314
35 40 315
35 40 316
35 40 317
35 40 318
35 40 319
35 40 320
35 40 321
35 40 322
35 40 323
35 40 324
35 40 325
35 40 326
35 40 327
35 40 328
35 40 329
35 40 330
35 40 331
35 40 332
35 40 333
35 40 334
35 40 335
35 40 336
35 40 337
35 40 338
35 40 339
35 40 340
35 40 341
35 40 342
35 40 343
35 40 344
35 40 345
35 40 346
35 40 347
35 40 348
35 40 349
35 40 350
35 40 351
35 40 352
35 40 353
35 40 354
35 40 355
35 40 356
35 40 357
35 40 358
35 40 359
35 40 360
35 40 361
35 40 362
35 40 363
35 40 364
35 40 365
35 40 366
35 40 367
35 40 368
35 40 369
35 40 370
35 40 371
35 40 372
35 40 373
35 40 374
35 40 375
35 40 376
35 40 377
35 40 378
35 40 379
35 40 380
35 40 381
35 40 382
35 40 383
35 40 384
35 40 385
35 40 386
35 40 387
35 40 388
35 40 389
35 40 390
35 40 391
35 40 392
35 40 393
35 40 394
35 40 395
35 40 396
35 40 397
35 40 398
35 40 399
35 40 400
35 40 401
35 40 402
35 40 403
35 40 404
35 40 405
35 40 406
35 40 407
35 40 408
35 40 409
35 40 410
35 40 411
35 40 412
35 40 413
35 40 414
35 40 415
35 40 416
35 40 417
35 40 418
35 40 419
35 40 420
35 40 421
35 40 422
35 40 423
35 40 424
35 40 425
35 40 426
35 40 427
35 40 428
35 40 429
35 40 430
35 40 431
35 40 432
35 40 433
35 40 434
35 40 435
35 40 436
35 40 437
35 40 438
35 40 439
35 40 440
35 40 441
35 40 442
35 40 443
35 40 444
35 40 445
35 40 446
35 40 447
35 40 448
35 40 449
35 40 450
35 40 451
35 40 452
35 40 453
35 40 454
35 40 455
35 40 456
35 40 457
35 40 458
35 40 459
35 40 460
35 40 461
35 40 462
35 40 463
35 40 464
35 40 465
35 40 466
35 40 467
35 40 468
35 40 469
35 40 470
35 40 471
35 40 472
35 40 473
35 40 474
35 40 475
35 40 476
35 40 477
35 40 478
35 40 479
35 40 480
35 40 481
35 40 482
35 40 483
35 40 484
35 40 485
35 40 486
35 40 487
35 40 488
35 40 489
35 40 490
35 40 491
35 40 492
35 40 493
35 40 494
35 40 495
35 40 496
35 40 497
35 40 498
35 40 499
35 40 500
35 40 501
35 40 502
35 40 503
35 40 504
35 40 505
35 40 506
35 40 507
35 40 508
35 40 509
35 40 510
35 40 511
35 40 512
35 40 513
35 40 514
35 40 515
35 40 516
35 40 517
35 40 518
35 40 519
35 40 520
35 40 521
35 40 522
35 40 523
35 40 524
35 40 525
35 40 526
35 40 527
35 40 528
35 40 529
35 40 530
35 40 531
35 40 532
35 40 533
35 40 534
35 40 535
35 40 536
35 40 537
35 40 538
35 40 539
35 40 540
35 40 541
35 40 542
35 40 543
35 40 544
35 40 545
35 40 546
35 40 547
35 40 548
35 40 549
35 40 550
35 40 551
35 40 552
35 40 553
35 40 554
35 40 555
35 40 556
35 40 557
35 40 558
35 40 559
35 40 560
35 40 561
35 40 562
35 40 563
35 40 564
35 40 565
35 40 566
35 40 567
35 40 568
35 40 569
35 40 570
35 40 571
35 40 572
35 40 573
35 40 574
35 40 575
35 40 576
35 40 577
35 40 578
35 40 579
35 40 580
35 40 581
35 40 582
35 40 583
35 40 584
35 40 585
35 40 586
35 40 587
35 40 588
35 40 589
35 40 590
35 40 591
35 40 592
35 40 593
35 40 594
35 40 595
35 40 596
35 40 597
35 40 598
35 40 599
35 40 600
35 40 601
35 40 602
35 40 603
35 40 604
35 40 605
35 40 606
35 40 607
35 40 608
35 40 609
35 40 610
35 40 611
35 40 612
35 40 613
35 40 614
35 40 615
35 40 616
35 40 617
35 40 618
35 40 619
35 40 620
35 40 621
35 40 622
35 40 623
35 40 624
35 40 625
35 40 626
35 40 627
35 40 628
35 40 629
35 40 630
35 40 631
35 40 632
35 40 633
35 40 634
35 40 635
35 40 636
35 40 637
35 40 638
35 40 639
35 40 640
35 40 641
35 40 642
35 40 643
35 40 644
35 40 645
35 40 646
35 40 647
35 40 648
35 40 649
35 40 650
35 40 651
35 40 652
35 40 653
35 40 654
35 40 655
35 40 656
35 40 657
35 40 658
35 40 659
35 40 660
35 40 661
35 40 662
35 40 663
35 40 664
35 40 665
35 40 666
35 40 667
35 40 668
35 40 669
35 40 670
35 40 671
35 40 672
35 40 673
35 40 674
35 40 675
35 40 676
35 40 677
35 40 678
35 40 679
35 40 680
35 40 681
35 40 682
35 40 683
35 40 684
35 40 685
35 40 686
35 40 687
35 40 688
35 40 689
35 40 690
35 40 691
35 40 692
35 40 693
35 40 694
35 40 695
35 40 696
35 40 697
35 40 698
35 40 699
35 40 700
35 40 701
35 40 702
35 40 703
35 40 704
35 40 705
35 40 706
35 40 707
35 40 708
35 40 709
35 40 710
35 40 711
35 40 712
35 40 713
35 40 714
35 40 715
35 40 716
35 40 717
35 40 718
35 40 719
35 40 720
35 40 721
35 40 722
35 40 723
35 40 724
35 40 725
35 40 726
35 40 727
35 40 728
35 40 729
35 40 730
35 40 731
35 40 732
35 40 733
35 40 734
35 40 735
35 40 736
35 40 737
35 40 738
35 40 739
35 40 740
35 40 741
35 40 742
35 40 743
35 40 744
35 40 745
35 40 746
35 40 747
35 40 748
35 40 749
35 40 750
35 40 751
35 40 752
35 40 753
35 40 754
35 40 755
35 40 756
35 40 757
35 40 758
35 40 759
35 40 760
35 40 761
35 40 762
35 40 763
35 40 764
35 40 765
35 40 766
35 40 767
35 40 768
35 40 769
35 40 770
35 40 771
35 40 772
35 40 773
35 40 774
35 40 775
35 40 776
35 40 777
35 40 778
35 40 779
35 40 780
35 40 781
35 40 782
35 40 783
35 40 784
35 40 785
35 40 786
35 40 787
35 40 788
35 40 789
35 40 790
35 40 791
35 40 792
35 40 793
35 40 794
35 40 795
35 40 796
35 40 797
35 40 798
35 40 799
35 40 800
35 40 801
35 40 802
35 40 803
35 40 804
35 40 805
35 40 806
35 40 807
35 40 808
35 40 809
35 40 810
35 40 811
35 40 812
35 40 813
35 40 814
35 40 815
35 40 816
35 40 817
35 40 818
35 40 819
35 40 820
35 40 821
35 40 822
35 40 823
35 40 824
35 40 825
35 40 826
35 40 827
35 40 828
35 40 829
35 40 830
35 40 831
35 40 832
35 40 833
35 40 834
35 40 835
35 40 836
35 40 837
35 40 838
35 40 839
35 40 840
35 40 841
35 40 842
35 40 843
35 40 844
35 40 845
35 40 846
35 40 847
35 40 848
35 40 849
35 40 850
35 40 851
35 40 852
35 40 853
35 40 854
35 40 855
35 40 856
35 40 857
35 40 858
35 40 859
35 40 860
35 40 861
35 40 862
35 40 863
35 40 864
35 40 865
35 40 866
35 40 867
35 40 868
35 40 869
35 40 870
35 40 871
35 40 872
35 40 873
35 40 874
35 40 875
35 40 876
35 40 877
35 40 878
35 40 879
35 40 880
35 40 881
35 40 882
35 40 883
35 40 884
35 40 885
35 40 886
35 40 887
35 40 888
35 40 889
35 40 890
35 40 891
35 40 892
35 40 893
35 40 894
35 40 895
35 40 896
35 40 897
35 40 898
35 40 899
35 40 900
35 40 901
35 40 902
35 40 903
35 40 904
35 40 905
35 40 906
35 40 907
35 40 908
35 40 909
35 40 910
35 40 911
35 40 912
35 40 913
35 40 914
35 40 915
35 40 916
35 40 917
35 40 918
35 40 919
35 40 920
35 40 921
35 40 922
35 40 923
35 40 924
35 40 925
35 40 926
35 40 927
35 40 928
35 40 929
35 40 930
35 40 931
35 40 932
35 40 933
35 40 934
35 40 935
35 40 936
35 40 937
35 40 938
35 40 939
35 40 940
35 40 941
35 40 942
35 40 943
35 40 944
35 40 945
35 40 946
35 40 947
35 40 948
35 40 949
35 40 950
35 40 951
35 40 952
35 40 953
35 40 954
35 40 955
35 40 956
35 40 957
35 40 958
35 40 959
35 40 960
35 40 961
35 40 962
35 40 963
35 40 964
35 40 965
35 40 966
35 40 967
35 40 968
35 40 969
35 40 970
35 40 971
35 40 972
35 40 973
35 40 974
35 40 975
35 40 976
35 40 977
35 40 978
35 40 979
35 40 980
35 40 981
35 40 982
35 40 983
35 40 984
35 40 985
35 40 986
35 40 987
35 40 988
35 40 989
35 40 990
35 40 991
35 40 992
35 40 993
35 40 994
35 40 995
35 40 996
35 40 997
35 40 998
35 40 999
35 40 1000
35 40 1001
35 40 1002
35 40 1003
35 40 1004
35 40 1005
35 40 1006
35 40 1007
35 40 1008
35 40 1009
35 40 1010
35 40 1011
35 40 1012
35 40 1013
35 40 1014
35 40 1015
35 40 1016
35 40 1017
35 40 1018
35 40 1019
35 40 1020
35 40 1021
35 40 1022
35 40 1023
35 40 1024
35 40 1025
35 40 1026
35 40 1027
35 40 1028
35 40 1029
35 40 1030
35 40 1031
35 40 1032
35 40 1033
35 40 1034
35 40 1035
35 40 1036
35 40 1037
35 40 1038
35 40 1039
35 40 1040
35 40 1041
35 40 1042
35 40 1043
35 40 1044
35 40 1045
35 40 1046
35 40 1047
35 40 1048
35 40 1049
35 40 1050
35 40 1051
35 40 1052
35 40 1053
35 40 1054
35 40 1055
35 40 1056
35 40 1057
35 40 1058
35 40 1059
35 40 1060
35 40 1061
35 40 1062
35 40 1063
35 40 1064
35 40 1065
35 40 1066
35 40 1067
35 40 1068
35 40 1069
35 40 1070
35 40 1071
35 40 1072
35 40 1073
35 40 1074
35 40 1075
35 40 1076
35 40 1077
35 40 1078
35 40 1079
35 40 1080
35 40 1081
35 40 1082
35 40 1083
35 40 1084
35 40 1085
35 40 1086
35 40 1087
35 40 1088
35 40 1089
35 40 1090
35 40 1091
35 40 1092
35 40 1093
35 40 1094
35 40 1095
35 40 1096
35 40 1097
35 40 1098
35 40 1099
35 40 1100
35 40 1101
35 40 1102
35 40 1103
35 40 1104
35 40 1105
35 40 1106
35 40 1107
35 40 1108
35 40 1109
35 40 1110
35 40 1111
35 40 1112
35 40 1113
35 40 1114
35 40 1115
35 40 1116
35 40 1117
35 40 1118
35 40 1119
35 40 1120
35 40 1121
35 40 1122
35 40 1123
35 40 1124
35 40 1125
35 40 1126
35 40 1127
35 40 1128
35 40 1129
35 40 1130
35 40 1131
35 40 1132
35 40 1133
35 40 1134
35 40 1135
35 40 1136
35 40 1137
35 40 1138
35 40 1139
35 40 1140
35 40 1141
35 40 1142
35 40 1143
35 40 1144
35 40 1145
35 40 1146
35 40 1147
35 40 1148
35 40 1149
35 40 1150
35 40 1151
35 40 1152
35 40 1153
35 40 1154
35 40 1155
35 40 1156
35 40 1157
35 40 1158
35 40 1159
35 40 1160
35 40 1161
35 40 1162
35 40 1163
35 40 1164
35 40 1165
35 40 1166
35 40 1167
35 40 1168
35 40 1169
35 40 1170
35 40 1171
35 40 1172
35 40 1173
35 40 1174
35 40 1175
35 40 1176
35 40 1177
35 40 1178
35 40 1179
35 40 1180
35 40 1181
35 40 1182
35 40 1183
35 40 1184
35 40 1185
35 40 1186
35 40 1187
35 40 1188
35 40 1189
35 40 1190
35 40 1191
35 40 1192
35 40 1193
35 40 1194
35 40 1195
35 40 1196
35 40 1197
35 40 1198
35 40 1199
35 40 1200
35 40 1201
35 40 1202
35 40 1203
35 40 1204
35 40 1205
35 40 1206
35 40 1207
35 40 1208
35 40 1209
35 40 1210
35 40 1211
35 40 1212
35 40 1213
35 40 1214
35 40 1215
35 40 1216
35 40 1217
35 40 1218
35 40 1219
35 40 1220
35 40 1221
35 40 1222
35 40 1223
35 40 1224
35 40 1225
35 40 1226
35 40 1227
35 40 1228
35 40 1229
35 40 1230
35 40 1231
35 40 1232
35 40 1233
35 40 1234
35 40 1235
35 40 1236
35 40 1237
35 40 1238
35 40 1239
35 40 1240
35 40 1241
35 40 1242
35 40 1243
35 40 1244
35 40 1245
35 40 1246
35 40 1247
35 40 1248
35 40 1249
35 40 1250
35 40 1251
35 40 1252
35 40 1253
35 40 1254
35 40 1255
35 40 1256
35 40 1257
35 40 1258
35 40 1259
35 40 1260
35 40 1261
35 40 1262
35 40 1263
35 40 1264
35 40 1265
35 40 1266
35 40 1267
35 40 1268
35 40 1269
35 40 1270
35 40 1271
35 40 1272
35 40 1273
35 40 1274
35 40 1275
35 40 1276
35 40 1277
35 40 1278
35 40 1279
35 40 1280
35 40 1281
35 40 1282
35 40 1283
35 40 1284
35 40 1285
35 40 1286
35 40 1287
35 40 1288
35 40 1289
35 40 1290
35 40 1291
35 40 1292
35 40 1293
35 40 1294
35 40 1295
35 40 1296
35 40 1297
35 40 1298
35 40 1299
35 40 1300
35 40 1301
35 40 1302
35 40 1303
35 40 1304
35 40 1305
35 40 1306
35 40 1307
35 40 1308
35 40 1309
35 40 1310
35 40 1311
35 40 1312
35 40 1313
35 40 1314
35 40 1315
35 40 1316
35 40 1317
35 40 1318
35 40 1319
35 40 1320
35 40 1321
35 40 1322
35 40 1323
35 40 1324
35 40 1325
35 40 1326
35 40 1327
35 40 1328
35 40 1329
35 40 1330
35 40 1331
35 40 1332
35 40 1333
35 40 1334
35 40 1335
35 40 1336
35 40 1337
35 40 1338
35 40 1339
35 40 1340
35 40 1341
35 40 1342
35 40 1343
35 40 1344
35 40 1345
35 40 1346
35 40 1347
35 40 1348
35 40 1349
35 40 1350
35 40 1351
35 40 1352
35 40 1353
35 40 1354
35 40 1355
35 40 1356
35 40 1357
35 40 1358
35 40 1359
35 40 1360
35 40 1361
35 40 1362
35 40 1363
35 40 1364
35 40 1365
35 40 1366
35 40 1367
35 40 1368
35 40 1369
35 40 1370
35 40 1371
35 40 1372
35 40 1373
35 40 1374
35 40 1375
35 40 1376
35 40 1377
35 40 1378
35 40 1379
35 40 1380
35 40 1381
35 40 1382
35 40 1383
35 40 1384
35 40 1385
35 40 1386
35 40 1387
35 40 1388
35 40 1389
35 40 1390
35 40 1391
35 40 1392
35 40 1393
35 40 1394
35 40 1395
35 40 1396
35 40 1397
35 40 1398
35 40 1399
35 40 1400
35 40 1401
35 40 1402
35 40 1403
35 40 1404
35 40 1405
35 40 1406
35 40 1407
35 40 1408
35 40 1409
35 40 1410
35 40 1411
35 40 1412
35 40 1413
35 40 1414
35 40 1415
35 40 1416
35 40 1417
35 40 1418
35 40 1419
35 40 1420
35 40 1421
35 40 1422
35 40 1423
35 40 1424
35 40 1425
35 40 1426
35 40 1427
35 40 1428
35 40 1429
35 40 1430
35 40 1431
35 40 1432
35 40 1433
35 40 1434
35 40 1435
35 40 1436
35 40 1437
35 40 1438
35 40 1439
35 40 1440
35 40 1441
35 40 1442
35 40 1443
35 40 1444
35 40 1445
35 40 1446
35 40 1447
35 40 1448
35 40 1449
35 40 1450
35 40 1451
35 40 1452
35 40 1453
35 40 1454
35 40 1455
35 40 1456
35 40 1457
35 40 1458
35 40 1459
35 40 1460
35 40 1461
35 40 1462
35 40 1463
35 40 1464
35 40 1465
35 40 1466
35 40 1467
35 40 1468
35 40 1469
35 40 1470
35 40 1471
35 40 1472
35 40 1473
35 40 1474
35 40 1475
35 40 1476
35 40 1477
35 40 1478
35 40 1479
35 40 1480
35 40 1481
35 40 1482
35 40 1483
35 40 1484
35 40 1485
35 40 1486
35 40 1487
35 40 1488
35 40 1489
35 40 1490
35 40 1491
35 40 1492
35 40 1493
35 40 1494
35 40 1495
35 40 1496
35 40 1497
35 40 1498
35 40 1499
35 40 1500
35 40 1501
35 40 1502
35 40 1503
35 40 1504
35 40 1505
35 40 1506
35 40 1507
35 40 1508
35 40 1509
35 40 1510
35 40 1511
35 40 1512
35 40 1513
35 40 1514
35 40 1515
35 40 1516
35 40 1517
35 40 1518
35 40 1519
35 40 1520
35 40 1521
35 40 1522
35 40 1523
35 40 1524
35 40 1525
35 40 1526
35 40 1527
35 40 1528
35 40 1529
35 40 1530
35 40 1531
35 40 1532
35 40 1533
35 40 1534
35 40 1535
35 40 1536
35 40 1537
35 40 1538
35 40 1539
35 40 1540
35 40 1541
35 40 1542
35 40 1543
35 40 1544
35 40 1545
35 40 1546
35 40 1547
35 40 1548
35 40 1549
35 40 1550
35 40 1551
35 40 1552
35 40 1553
35 40 1554
35 40 1555
35 40 1556
35 40 1557
35 40 1558
35 40 1559
35 40 1560
35 40 1561
35 40 1562
35 40 1563
35 40 1564
35 40 1565
35 40 1566
35 40 1567
35 40 1568
35 40 1569
35 40 1570
35 40 1571
35 40 1572
35 40 1573
35 40 1574
35 40 1575
35 40 1576
35 40 1577
35 40 1578
35 40 1579
35 40 1580
35 40 1581
35 40 1582
35 40 1583
35 40 1584
35 40 1585
35 40 1586
35 40 1587
35 40 1588
35 40 1589
35 40 1590
35 40 1591
35 40 1592
35 40 1593
35 40 1594
35 40 1595
35 40 1596
35 40 1597
35 40 1598
35 40 1599
35 40 1600
35 40 1601
35 40 1602
35 40 1603
35 40 1604
35 40 1605
35 40 1606
35 40 1607
35 40 1608
35 40 1609
35 40 1610
35 40 1611
35 40 1612
35 40 1613
35 40 1614
35 40 1615
35 40 1616
35 40 1617
35 40 1618
35 40 1619
35 40 1620
35 40 1621
35 40 1622
35 40 1623
35 40 1624
35 40 1625
35 40 1626
35 40 1627
35 40 1628
35 40 1629
35 40 1630
35 40 1631
35 40 1632
35 40 1633
35 40 1634
35 40 1635
35 40 1636
35 40 1637
35 40 1638
35 40 1639
35 40 1640
35 40 1641
35 40 1642
35 40 1643
35 40 1644
35 40 1645
35 40 1646
35 40 1647
35 40 1648
35 40 1649
35 40 1650
35 40 1651
35 40 1652
35 40 1653
35 40 1654
35 40 1655
35 40 1656
35 40 1657
35 40 1658
35 40 1659
35 40 1660
35 40 1661
35 40 1662
35 40 1663
35 40 1664
35 40 1665
35 40 1666
35 40 1667
35 40 1668
35 40 1669
35 40 1670
35 40 1671
35 40 1672
35 40 1673
35 40 1674
35 40 1675
35 40 1676
35 40 1677
35 40 1678
35 40 1679
35 40 1680
35 40 1681
35 40 1682
35 40 1683
35 40 1684
35 40 1685
35 40 1686
35 40 1687
35 40 1688
35 40 1689
35 40 1690
35 40 1691
35 40 1692
35 40 1693
35 40 1694
35 40 1695
35 40 1696
35 40 1697
35 40 1698
35 40 1699
35 40 1700
35 40 1701
35 40 1702
35 40 1703
35 40 1704
35 40 1705
35 40 1706
35 40 1707
35 40 1708
35 40 1709
35 40 1710
35 40 1711
35 40 1712
35 40 1713
35 40 1714
35 40 1715
35 40 1716
35 40 1717
35 40 1718
35 40 1719
35 40 1720
35 40 1721
35 40 1722
35 40 1723
35 40 1724
35 40 1725
35 40 1726
35 40 1727
35 40 1728
35 40 1729
35 40 1730
35 40 1731
35 40 1732
35 40 1733
35 40 1734
35 40 1735
35 40 1736
35 40 1737
35 40 1738
35 40 1739
35 40 1740
35 40 1741
35 40 1742
35 40 1743
35 40 1744
35 40 1745
35 40 1746
35 40 1747
35 40 1748
35 40 1749
35 40 1750
35 40 1751
35 40 1752
35 40 1753
35 40 1754
35 40 1755
35 40 1756
35 40 1757
35 40 1758
35 40 1759
35 40 1760
35 40 1761
35 40 1762
35 40 1763
35 40 1764
35 40 1765
35 40 1766
35 40 1767
35 40 1768
35 40 1769
35 40 1770
35 40 1771
35 40 1772
35 40 1773
35 40 1774
35 40 1775
35 40 1776
35 40 1777
35 40 1778
35 40 1779
35 40 1780
35 40 1781
35 40 1782
35 40 1783
35 40 1784
35 40 1785
35 40 1786
35 40 1787
35 40 1788
35 40 1789
35 40 1790
35 40 1791
35 40 1792
35 40 1793
35 40 1794
35 40 1795
35 40 1796
35 40 1797
35 40 1798
35 40 1799
35 40 1800
35 40 1801
35 40 1802
35 40 1803
35 40 1804
35 40 1805
35 40 1806
35 40 1807
35 40 1808
35 40 1809
35 40 1810
35 40 1811
35 40 1812
35 40 1813
35 40 1814
35 40 1815
35 40 1816
35 40 1817
35 40 1818
35 40 1819
35 40 1820
35 40 1821
35 40 1822
35 40 1823
35 40 1824
35 40 1825
35 40 1826
35 40 1827
35 40 1828
35 40 1829
35 40 1830
35 40 1831
35 40 1832
35 40 1833
35 40 1834
35 40 1835
35 40 1836
35 40 1837
35 40 1838
35 40 1839
35 40 1840
35 40 1841
35 40 1842
35 40 1843
35 40 1844
35 40 1845
35 40 1846
35 40 1847
35 40 1848
35 40 1849
35 40 1850
35 40 1851
35 40 1852
35 40 1853
35 40 1854
35 40 1855
35 40 1856
35 40 1857
35 40 1858
35 40 1859
35 40 1860
35 40 1861
35 40 1862
35 40 1863
35 40 1864
35 40 1865
35 40 1866
35 40 1867
35 40 1868
35 40 1869
35 40 1870
35 40 1871
35 40 1872
35 40 1873
35 40 1874
35 40 1875
35 40 1876
35 40 1877
35 40 1878
35 40 1879
35 40 1880
35 40 1881
35 40 1882
35 40 1883
35 40 1884
35 40 1885
35 40 1886
35 40 1887
35 40 1888
35 40 1889
35 40 1890
35 40 1891
35 40 1892
35 40 1893
35 40 1894
35 40 1895
35 40 1896
35 40 1897
35 40 1898
35 40 1899
35 40 1900
35 40 1901
35 40 1902
35 40 1903
35 40 1904
35 40 1905
35 40 1906
35 40 1907
35 40 1908
35 40 1909
35 40 1910
35 40 1911
35 40 1912
35 40 1913
35 40 1914
35 40 1915
35 40 1916
35 40 1917
35 40 1918
35 40 1919
35 40 1920
35 40 1921
35 40 1922
35 40 1923
35 40 1924
35 40 1925
35 40 1926
35 40 1927
35 40 1928
35 40 1929
35 40 1930
35 40 1931
35 40 1932
35 40 1933
35 40 1934
35 40 1935
35 40 1936
35 40 1937
35 40 1938
35 40 1939
35 40 1940
35 40 1941
35 40 1942
35 40 1943
35 40 1944
35 40 1945
35 40 1946
35 40 1947
35 40 1948
35 40 1949
35 40 1950
35 40 1951
35 40 1952
35 40 1953
35 40 1954
35 40 1955
35 40 1956
35 40 1957
35 40 1958
35 40 1959
35 40 1960
35 40 1961
35 40 1962
35 40 1963
35 40 1964
35 40 1965
35 40 1966
35 40 1967
35 40 1968
35 40 1969
35 40 1970
35 40 1971
35 40 1972
35 40 1973
35 40 1974
35 40 1975
35 40 1976
35 40 1977
35 40 1978
35 40 1979
35 40 1980
35 40 1981
35 40 1982
35 40 1983
35 40 1984
35 40 1985
35 40 1986
35 40 1987
35 40 1988
35 40 1989
35 40 1990
35 40 1991
35 40 1992
35 40 1993
35 40 1994
35 40 1995
35 40 1996
35 40 1997
35 40 1998
35 40 1999
35 40 2000
35 40 2001
35 40 2002
35 40 2003
35 40 2004
35 40 2005
35 40 2006
35 40 2007
35 40 2008
35 40 2009
35 40 2010
35 40 2011
35 40 2012
35 40 2013
35 40 2014
35 40 2015
35 40 2016
35 40 2017
35 40 2018
35 40 2019
35 40 2020
35 40 2021
35 40 2022
35 40 2023
35 40 2024
35 40 2025
35 40 2026
35 40 2027
35 40 2028
35 40 2029
35 40 2030
35 40 2031
35 40 2032
35 40 2033
35 40 2034
35 40 2035
35 40 2036
35 40 2037
35 40 2038
35 40 2039
35 40 2040
35 40 2041
35 40 2042
35 40 2043
35 40 2044
35 40 2045
35 40 2046
35 40 2047
35 40 2048
35 40 2049
35 40 2050
35 40 2051
35 40 2052
35 40 2053
35 40 2054
35 40 2055
35 40 2056
35 40 2057
35 40 2058
35 40 2059
35 40 2060
35 40 2061
35 40 2062
35 40 2063
35 40 2064
35 40 2065
35 40 2066
35 40 2067
35 40 2068
35 40 2069
35 40 2070
35 40 2071
35 40 2072
35 40 2073
35 40 2074
35 40 2075
35 40 2076
35 40 2077
35 40 2078
35 40 2079
35 40 2080
35 40 2081
35 40 2082
35 40 2083
35 40 2084
35 40 2085
35 40 2086
35 40 2087
35 40 2088
35 40 2089
35 40 2090
35 40 2091
35 40 2092
35 40 2093
35 40 2094
35 40 2095
35 40 2096
35 40 2097
35 40 2098
35 40 2099
35 40 2100
35 40 2101
35 40 2102
35 40 2103
35 40 2104
35 40 2105
35 40 2106
35 40 2107
35 40 2108
35 40 2109
35 40 2110
35 40 2111
35 40 2112
35 40 2113
35 40 2114
35 40 2115
35 40 2116
35 40 2117
35 40 2118
35 40 2119
35 40 2120
35 40 2121
35 40 2122
35 40 2123
35 40 2124
35 40 2125
35 40 2126
35 40 2127
35 40 2128
35 40 2129
35 40 2130
35 40 2131
35 40 2132
35 40 2133
35 40 2134
35 40 2135
35 40 2136
35 40 2137
35 40 2138
35 40 2139
35 40 2140
35 40 2141
35 40 2142
35 40 2143
35 40 2144
35 40 2145
35 40 2146
35 40 2147
35 40 2148
35 40 2149
35 40 2150
35 40 2151
35 40 2152
35 40 2153
35 40 2154
35 40 2155
35 40 2156
35 40 2157
35 40 2158
35 40 2159
35 40 2160
35 40 2161
35 40 2162
35 40 2163
35 40 2164
35 40 2165
35 40 2166
35 40 2167
35 40 2168
35 40 2169
35 40 2170
35 40 2171
35 40 2172
35 40 2173
35 40 2174
35 40 2175
35 40 2176
35 40 2177
35 40 2178
35 40 2179
35 40 2180
35 40 2181
35 40 2182
35 40 2183
35 40 2184
35 40 2185
35 40 2186
35 40 2187
35 40 2188
35 40 2189
35 40 2190
35 40 2191
35 40 2192
35 40 2193
35 40 2194
35 40 2195
35 40 2196
35 40 2197
35 40 2198
35 40 2199
35 40 2200
35 40 2201
35 40 2202
35 40 2203
35 40 2204
35 40 2205
35 40 2206
35 40 2207
35 40 2208
35 40 2209
35 40 2210
35 40 2211
35 40 2212
35 40 2213
35 40 2214
35 40 2215
35 40 2216
35 40 2217
35 40 2218
35 40 2219
35 40 2220
35 40 2221
35 40 2222
35 40 2223
35 40 2224
35 40 2225
35 40 2226
35 40 2227
35 40 2228
35 40 2229
35 40 2230
35 40 2231
35 40 2232
35 40 2233
35 40 2234
35 40 2235
35 40 2236
35 40 2237
35 40 2238
35 40 2239
35 40 2240
35 40 2241
35 40 2242
35 40 2243
35 40 2244
35 40 2245
35 40 2246
35 40 2247
35 40 2248
35 40 2249
35 40 2250
35 40 2251
35 40 2252
35 40 2253
35 40 2254
35 40 2255
35 40 2256
35 40 2257
35 40 2258
35 40 2259
35 40 2260
35 40 2261
35 40 2262
35 40 2263
35 40 2264
35 40 2265
35 40 2266
35 40 2267
35 40 2268
35 40 2269
35 40 2270
35 40 2271
35 40 2272
35 40 2273
35 40 2274
35 40 2275
35 40 2276
35 40 2277
35 40 2278
35 40 2279
35 40 2280
35 40 2281
35 40 2282
35 40 2283
35 40 2284
35 40 2285
35 40 2286
35 40 2287
35 40 2288
35 40 2289
35 40 2290
35 40 2291
35 40 2292
35 40 2293
35 40 2294
35 40 2295
35 40 2296
35 40 2297
35 40 2298
35 40 2299
35 40 2300
35 40 2301
35 40 2302
35 40 2303
35 40 2304
35 40 2305
35 40 2306
35 40 2307
35 40 2308
35 40 2309
35 40 2310
35 40 2311
35 40 2312
35 40 2313
35 40 2314
35 40 2315
35 40 2316
35 40 2317
35 40 2318
35 40 2319
35 40 2320
35 40 2321
35 40 2322
35 40 2323
35 40 2324
35 40 2325
35 40 2326
35 40 2327
35 40 2328
35 40 2329
35 40 2330
35 40 2331
35 40 2332
35 40 2333
35 40 2334
35 40 2335
35 40 2336
35 40 2337
35 40 2338
35 40 2339
35 40 2340
35 40 2341
35 40 2342
35 40 2343
35 40 2344
35 40 2345
35 40 2346
35 40 2347
35 40 2348
35 40 2349
35 40 2350
35 40 2351
35 40 2352
35 40 2353
35 40 2354
35 40 2355
35 40 2356
35 40 2357
35 40 2358
35 40 2359
35 40 2360
35 40 2361
35 40 2362
35 40 2363
35 40 2364
35 40 2365
35 40 2366
35 40 2367
35 40 2368
35 40 2369
35 40 2370
35 40 2371
35 40 2372
35 40 2373
35 40 2374
35 40 2375
35 40 2376
35 40 2377
35 40 2378
35 40 2379
35 40 2380
35 40 2381
35 40 2382
35 40 2383
35 40 2384
35 40 2385
35 40 2386
35 40 2387
35 40 2388
35 40 2389
35 40 2390
35 40 2391
35 40 2392
35 40 2393
35 40 2394
35 40 2395
35 40 2396
35 40 2397
35 40 2398
35 40 2399
35 40 2400
35 40 2401
35 40 2402
35 40 2403
35 40 2404
35 40 2405
35 40 2406
35 40 2407
35 40 2408
35 40 2409
35 40 2410
35 40 2411
35 40 2412
35 40 2413
35 40 2414
35 40 2415
35 40 2416
35 40 2417
35 40 2418
35 40 2419
35 40 2420
35 40 2421
35 40 2422
35 40 2423
35 40 2424
35 40 2425
35 40 2426
35 40 2427
35 40 2428
35 40 2429
35 40 2430
35 40 2431
35 40 2432
35 40 2433
35 40 2434
35 40 2435
35 40 2436
35 40 2437
35 40 2438
35 40 2439
35 40 2440
35 40 2441
35 40 2442
35 40 2443
35 40 2444
35 40 2445
35 40 2446
35 40 2447
35 40 2448
35 40 2449
35 40 2450
35 40 2451
35 40 2452
35 40 2453
35 40 2454
35 40 2455
35 40 2456
35 40 2457
