20 35 1
20 35 2
20 35 3
20 35 4
20 35 5
20 35 6
20 35 7
20 35 8
20 35 9
20 35 10
20 35 11
20 35 12
20 35 13
20 35 14
20 35 15
20 35 16
20 35 17
20 35 18
20 35 19
20 35 20
20 35 21
20 35 22
20 35 23
20 35 24
20 35 25
20 35 26
20 35 27
20 35 28
20 35 29
20 35 30
20 35 31
20 35 32
20 35 33
20 35 34
20 35 35
20 35 36
20 35 37
20 35 38
20 35 39
20 35 40
20 35 41
20 35 42
20 35 43
20 35 44
20 35 45
20 35 46
20 35 47
20 35 48
20 35 49
20 35 50
20 35 51
20 35 52
20 35 53
20 35 54
20 35 55
20 35 56
20 35 57
20 35 58
20 35 59
20 35 60
20 35 61
20 35 62
20 35 63
20 35 64
20 35 65
20 35 66
20 35 67
20 35 68
20 35 69
20 35 70
20 35 71
20 35 72
20 35 73
20 35 74
20 35 75
20 35 76
20 35 77
20 35 78
20 35 79
20 35 80
20 35 81
20 35 82
20 35 83
20 35 84
20 35 85
20 35 86
20 35 87
20 35 88
20 35 89
20 35 90
20 35 91
20 35 92
20 35 93
20 35 94
20 35 95
20 35 96
20 35 97
20 35 98
20 35 99
20 35 100
20 35 101
20 35 102
20 35 103
20 35 104
20 35 105
20 35 106
20 35 107
20 35 108
20 35 109
20 35 110
20 35 111
20 35 112
20 35 113
20 35 114
20 35 115
20 35 116
20 35 117
20 35 118
20 35 119
20 35 120
20 35 121
20 35 122
20 35 123
20 35 124
20 35 125
20 35 126
20 35 127
20 35 128
20 35 129
20 35 130
20 35 131
20 35 132
20 35 133
20 35 134
20 35 135
20 35 136
20 35 137
20 35 138
20 35 139
20 35 140
20 35 141
20 35 142
20 35 143
20 35 144
20 35 145
20 35 146
20 35 147
20 35 148
20 35 149
20 35 150
20 35 151
20 35 152
20 35 153
20 35 154
20 35 155
20 35 156
20 35 157
20 35 158
20 35 159
20 35 160
20 35 161
20 35 162
20 35 163
20 35 164
20 35 165
20 35 166
20 35 167
20 35 168
20 35 169
20 35 170
20 35 171
20 35 172
20 35 173
20 35 174
20 35 175
20 35 176
20 35 177
20 35 178
20 35 179
20 35 180
20 35 181
20 35 182
20 35 183
20 35 184
20 35 185
20 35 186
20 35 187
20 35 188
20 35 189
20 35 190
20 35 191
20 35 192
20 35 193
20 35 194
20 35 195
20 35 196
20 35 197
20 35 198
20 35 199
20 35 200
20 35 201
20 35 202
20 35 203
20 35 204
20 35 205
20 35 206
20 35 207
20 35 208
20 35 209
20 35 210
20 35 211
20 35 212
20 35 213
20 35 214
20 35 215
20 35 216
20 35 217
20 35 218
20 35 219
20 35 220
20 35 221
20 35 222
20 35 223
20 35 224
20 35 225
20 35 226
20 35 227
20 35 228
20 35 229
20 35 230
20 35 231
20 35 232
20 35 233
20 35 234
20 35 235
20 35 236
20 35 237
20 35 238
20 35 239
20 35 240
20 35 241
20 35 242
20 35 243
20 35 244
20 35 245
20 35 246
20 35 247
20 35 248
20 35 249
20 35 250
20 35 251
20 35 252
20 35 253
20 35 254
20 35 255
20 35 256
20 35 257
20 35 258
20 35 259
20 35 260
20 35 261
20 35 262
20 35 263
20 35 264
20 35 265
20 35 266
20 35 267
20 35 268
20 35 269
20 35 270
20 35 271
20 35 272
20 35 273
20 35 274
20 35 275
20 35 276
20 35 277
20 35 278
20 35 279
20 35 280
20 35 281
20 35 282
20 35 283
20 35 284
20 35 285
20 35 286
20 35 287
20 35 288
20 35 289
20 35 290
20 35 291
20 35 292
20 35 293
20 35 294
20 35 295
20 35 296
20 35 297
20 35 298
20 35 299
20 35 300
20 35 301
20 35 302
20 35 303
20 35 304
20 35 305
20 35 306
20 35 307
20 35 308
20 35 309
20 35 310
20 35 311
20 35 312
20 35 313
20 35 314
20 35 315
20 35 316
20 35 317
20 35 318
20 35 319
20 35 320
20 35 321
20 35 322
20 35 323
20 35 324
20 35 325
20 35 326
20 35 327
20 35 328
20 35 329
20 35 330
20 35 331
20 35 332
20 35 333
20 35 334
20 35 335
20 35 336
20 35 337
20 35 338
20 35 339
20 35 340
20 35 341
20 35 342
20 35 343
20 35 344
20 35 345
20 35 346
20 35 347
20 35 348
20 35 349
20 35 350
20 35 351
20 35 352
20 35 353
20 35 354
20 35 355
20 35 356
20 35 357
20 35 358
20 35 359
20 35 360
20 35 361
20 35 362
20 35 363
20 35 364
20 35 365
20 35 366
20 35 367
20 35 368
20 35 369
20 35 370
20 35 371
20 35 372
20 35 373
20 35 374
20 35 375
20 35 376
20 35 377
20 35 378
20 35 379
20 35 380
20 35 381
20 35 382
20 35 383
20 35 384
20 35 385
20 35 386
20 35 387
20 35 388
20 35 389
20 35 390
20 35 391
20 35 392
20 35 393
20 35 394
20 35 395
20 35 396
20 35 397
20 35 398
20 35 399
20 35 400
20 35 401
20 35 402
20 35 403
20 35 404
20 35 405
20 35 406
20 35 407
20 35 408
20 35 409
20 35 410
20 35 411
20 35 412
20 35 413
20 35 414
20 35 415
20 35 416
20 35 417
20 35 418
20 35 419
20 35 420
20 35 421
20 35 422
20 35 423
20 35 424
20 35 425
20 35 426
20 35 427
20 35 428
20 35 429
20 35 430
20 35 431
20 35 432
20 35 433
20 35 434
20 35 435
20 35 436
20 35 437
20 35 438
20 35 439
20 35 440
20 35 441
20 35 442
20 35 443
20 35 444
20 35 445
20 35 446
20 35 447
20 35 448
20 35 449
20 35 450
20 35 451
20 35 452
20 35 453
20 35 454
20 35 455
20 35 456
20 35 457
20 35 458
20 35 459
20 35 460
20 35 461
20 35 462
20 35 463
20 35 464
20 35 465
20 35 466
20 35 467
20 35 468
20 35 469
20 35 470
20 35 471
20 35 472
20 35 473
20 35 474
20 35 475
20 35 476
20 35 477
20 35 478
20 35 479
20 35 480
20 35 481
20 35 482
20 35 483
20 35 484
20 35 485
20 35 486
20 35 487
20 35 488
20 35 489
20 35 490
20 35 491
20 35 492
20 35 493
20 35 494
20 35 495
20 35 496
20 35 497
20 35 498
20 35 499
20 35 500
20 35 501
20 35 502
20 35 503
20 35 504
20 35 505
20 35 506
20 35 507
20 35 508
20 35 509
20 35 510
20 35 511
20 35 512
20 35 513
20 35 514
20 35 515
20 35 516
20 35 517
20 35 518
20 35 519
20 35 520
20 35 521
20 35 522
20 35 523
20 35 524
20 35 525
20 35 526
20 35 527
20 35 528
20 35 529
20 35 530
20 35 531
20 35 532
20 35 533
20 35 534
20 35 535
20 35 536
20 35 537
20 35 538
20 35 539
20 35 540
20 35 541
20 35 542
20 35 543
20 35 544
20 35 545
20 35 546
20 35 547
20 35 548
20 35 549
20 35 550
20 35 551
20 35 552
20 35 553
20 35 554
20 35 555
20 35 556
20 35 557
20 35 558
20 35 559
20 35 560
20 35 561
20 35 562
20 35 563
20 35 564
20 35 565
20 35 566
20 35 567
20 35 568
20 35 569
20 35 570
20 35 571
20 35 572
20 35 573
20 35 574
20 35 575
20 35 576
20 35 577
20 35 578
20 35 579
20 35 580
20 35 581
20 35 582
20 35 583
20 35 584
20 35 585
20 35 586
20 35 587
20 35 588
20 35 589
20 35 590
20 35 591
20 35 592
20 35 593
20 35 594
20 35 595
20 35 596
20 35 597
20 35 598
20 35 599
20 35 600
20 35 601
20 35 602
20 35 603
20 35 604
20 35 605
20 35 606
20 35 607
20 35 608
20 35 609
20 35 610
20 35 611
20 35 612
20 35 613
20 35 614
20 35 615
20 35 616
20 35 617
20 35 618
20 35 619
20 35 620
20 35 621
20 35 622
20 35 623
20 35 624
20 35 625
20 35 626
20 35 627
20 35 628
20 35 629
20 35 630
20 35 631
20 35 632
20 35 633
20 35 634
20 35 635
20 35 636
20 35 637
20 35 638
20 35 639
20 35 640
20 35 641
20 35 642
20 35 643
20 35 644
20 35 645
20 35 646
20 35 647
20 35 648
20 35 649
20 35 650
20 35 651
20 35 652
20 35 653
20 35 654
20 35 655
20 35 656
20 35 657
20 35 658
20 35 659
20 35 660
20 35 661
20 35 662
20 35 663
20 35 664
20 35 665
20 35 666
20 35 667
20 35 668
20 35 669
20 35 670
20 35 671
20 35 672
20 35 673
20 35 674
20 35 675
20 35 676
20 35 677
20 35 678
20 35 679
20 35 680
20 35 681
20 35 682
20 35 683
20 35 684
20 35 685
20 35 686
20 35 687
20 35 688
20 35 689
20 35 690
20 35 691
20 35 692
20 35 693
20 35 694
20 35 695
20 35 696
20 35 697
20 35 698
20 35 699
20 35 700
20 35 701
20 35 702
20 35 703
20 35 704
20 35 705
20 35 706
20 35 707
20 35 708
20 35 709
20 35 710
20 35 711
20 35 712
20 35 713
20 35 714
20 35 715
20 35 716
20 35 717
20 35 718
20 35 719
20 35 720
20 35 721
20 35 722
20 35 723
20 35 724
20 35 725
20 35 726
20 35 727
20 35 728
20 35 729
20 35 730
20 35 731
20 35 732
20 35 733
20 35 734
20 35 735
20 35 736
20 35 737
20 35 738
20 35 739
20 35 740
20 35 741
20 35 742
20 35 743
20 35 744
20 35 745
20 35 746
20 35 747
20 35 748
20 35 749
20 35 750
20 35 751
20 35 752
20 35 753
20 35 754
20 35 755
20 35 756
20 35 757
20 35 758
20 35 759
20 35 760
20 35 761
20 35 762
20 35 763
20 35 764
20 35 765
20 35 766
20 35 767
20 35 768
20 35 769
20 35 770
20 35 771
20 35 772
20 35 773
20 35 774
20 35 775
20 35 776
20 35 777
20 35 778
20 35 779
20 35 780
20 35 781
20 35 782
20 35 783
20 35 784
20 35 785
20 35 786
20 35 787
20 35 788
20 35 789
20 35 790
20 35 791
20 35 792
20 35 793
20 35 794
20 35 795
20 35 796
20 35 797
20 35 798
20 35 799
20 35 800
20 35 801
20 35 802
20 35 803
20 35 804
20 35 805
20 35 806
20 35 807
20 35 808
20 35 809
20 35 810
20 35 811
20 35 812
20 35 813
20 35 814
20 35 815
20 35 816
20 35 817
20 35 818
20 35 819
20 35 820
20 35 821
20 35 822
20 35 823
20 35 824
20 35 825
20 35 826
20 35 827
20 35 828
20 35 829
20 35 830
20 35 831
20 35 832
20 35 833
20 35 834
20 35 835
20 35 836
20 35 837
20 35 838
20 35 839
20 35 840
20 35 841
20 35 842
20 35 843
20 35 844
20 35 845
20 35 846
20 35 847
20 35 848
20 35 849
20 35 850
20 35 851
20 35 852
20 35 853
20 35 854
20 35 855
20 35 856
20 35 857
20 35 858
20 35 859
20 35 860
20 35 861
20 35 862
20 35 863
20 35 864
20 35 865
20 35 866
20 35 867
20 35 868
20 35 869
20 35 870
20 35 871
20 35 872
20 35 873
20 35 874
20 35 875
20 35 876
20 35 877
20 35 878
20 35 879
20 35 880
20 35 881
20 35 882
20 35 883
20 35 884
20 35 885
20 35 886
20 35 887
20 35 888
20 35 889
20 35 890
20 35 891
20 35 892
20 35 893
20 35 894
20 35 895
20 35 896
20 35 897
20 35 898
20 35 899
20 35 900
20 35 901
20 35 902
20 35 903
20 35 904
20 35 905
20 35 906
20 35 907
20 35 908
20 35 909
20 35 910
20 35 911
20 35 912
20 35 913
20 35 914
20 35 915
20 35 916
20 35 917
20 35 918
20 35 919
20 35 920
20 35 921
20 35 922
20 35 923
20 35 924
20 35 925
20 35 926
20 35 927
20 35 928
20 35 929
20 35 930
20 35 931
20 35 932
20 35 933
20 35 934
20 35 935
20 35 936
20 35 937
20 35 938
20 35 939
20 35 940
20 35 941
20 35 942
20 35 943
20 35 944
20 35 945
20 35 946
20 35 947
20 35 948
20 35 949
20 35 950
20 35 951
20 35 952
20 35 953
20 35 954
20 35 955
20 35 956
20 35 957
20 35 958
20 35 959
20 35 960
20 35 961
20 35 962
20 35 963
20 35 964
20 35 965
20 35 966
20 35 967
20 35 968
20 35 969
20 35 970
20 35 971
20 35 972
20 35 973
20 35 974
20 35 975
20 35 976
20 35 977
20 35 978
20 35 979
20 35 980
20 35 981
20 35 982
20 35 983
20 35 984
20 35 985
20 35 986
20 35 987
20 35 988
20 35 989
20 35 990
20 35 991
20 35 992
20 35 993
20 35 994
20 35 995
20 35 996
20 35 997
20 35 998
20 35 999
20 35 1000
20 35 1001
20 35 1002
20 35 1003
20 35 1004
20 35 1005
20 35 1006
20 35 1007
20 35 1008
20 35 1009
20 35 1010
20 35 1011
20 35 1012
20 35 1013
20 35 1014
20 35 1015
20 35 1016
20 35 1017
20 35 1018
20 35 1019
20 35 1020
20 35 1021
20 35 1022
20 35 1023
20 35 1024
20 35 1025
20 35 1026
20 35 1027
20 35 1028
20 35 1029
20 35 1030
20 35 1031
20 35 1032
20 35 1033
20 35 1034
20 35 1035
20 35 1036
20 35 1037
20 35 1038
20 35 1039
20 35 1040
20 35 1041
20 35 1042
20 35 1043
20 35 1044
20 35 1045
20 35 1046
20 35 1047
20 35 1048
20 35 1049
20 35 1050
20 35 1051
20 35 1052
20 35 1053
20 35 1054
20 35 1055
20 35 1056
20 35 1057
20 35 1058
20 35 1059
20 35 1060
20 35 1061
20 35 1062
20 35 1063
20 35 1064
20 35 1065
20 35 1066
20 35 1067
20 35 1068
20 35 1069
20 35 1070
20 35 1071
20 35 1072
20 35 1073
20 35 1074
20 35 1075
20 35 1076
20 35 1077
20 35 1078
20 35 1079
20 35 1080
20 35 1081
20 35 1082
20 35 1083
20 35 1084
20 35 1085
20 35 1086
20 35 1087
20 35 1088
20 35 1089
20 35 1090
20 35 1091
20 35 1092
20 35 1093
20 35 1094
20 35 1095
20 35 1096
20 35 1097
20 35 1098
20 35 1099
20 35 1100
20 35 1101
20 35 1102
20 35 1103
20 35 1104
20 35 1105
20 35 1106
20 35 1107
20 35 1108
20 35 1109
20 35 1110
20 35 1111
20 35 1112
20 35 1113
20 35 1114
20 35 1115
20 35 1116
20 35 1117
20 35 1118
20 35 1119
20 35 1120
20 35 1121
20 35 1122
20 35 1123
20 35 1124
20 35 1125
20 35 1126
20 35 1127
20 35 1128
20 35 1129
20 35 1130
20 35 1131
20 35 1132
20 35 1133
20 35 1134
20 35 1135
20 35 1136
20 35 1137
20 35 1138
20 35 1139
20 35 1140
20 35 1141
20 35 1142
20 35 1143
20 35 1144
20 35 1145
20 35 1146
20 35 1147
20 35 1148
20 35 1149
20 35 1150
20 35 1151
20 35 1152
20 35 1153
20 35 1154
20 35 1155
20 35 1156
20 35 1157
20 35 1158
20 35 1159
20 35 1160
20 35 1161
20 35 1162
20 35 1163
20 35 1164
20 35 1165
20 35 1166
20 35 1167
20 35 1168
20 35 1169
20 35 1170
20 35 1171
20 35 1172
20 35 1173
20 35 1174
20 35 1175
20 35 1176
20 35 1177
20 35 1178
20 35 1179
20 35 1180
20 35 1181
20 35 1182
20 35 1183
20 35 1184
20 35 1185
20 35 1186
20 35 1187
20 35 1188
20 35 1189
20 35 1190
20 35 1191
20 35 1192
20 35 1193
20 35 1194
20 35 1195
20 35 1196
20 35 1197
20 35 1198
20 35 1199
20 35 1200
20 35 1201
20 35 1202
20 35 1203
20 35 1204
20 35 1205
20 35 1206
20 35 1207
20 35 1208
20 35 1209
20 35 1210
20 35 1211
20 35 1212
20 35 1213
20 35 1214
20 35 1215
20 35 1216
20 35 1217
20 35 1218
20 35 1219
20 35 1220
20 35 1221
20 35 1222
20 35 1223
20 35 1224
20 35 1225
20 35 1226
20 35 1227
20 35 1228
20 35 1229
20 35 1230
20 35 1231
20 35 1232
20 35 1233
20 35 1234
20 35 1235
20 35 1236
20 35 1237
20 35 1238
20 35 1239
20 35 1240
20 35 1241
20 35 1242
20 35 1243
20 35 1244
20 35 1245
20 35 1246
20 35 1247
20 35 1248
20 35 1249
20 35 1250
20 35 1251
20 35 1252
20 35 1253
20 35 1254
20 35 1255
20 35 1256
20 35 1257
20 35 1258
20 35 1259
20 35 1260
20 35 1261
20 35 1262
20 35 1263
20 35 1264
20 35 1265
20 35 1266
20 35 1267
20 35 1268
20 35 1269
20 35 1270
20 35 1271
20 35 1272
20 35 1273
20 35 1274
20 35 1275
20 35 1276
20 35 1277
20 35 1278
20 35 1279
20 35 1280
20 35 1281
20 35 1282
20 35 1283
20 35 1284
20 35 1285
20 35 1286
20 35 1287
20 35 1288
20 35 1289
20 35 1290
20 35 1291
20 35 1292
20 35 1293
20 35 1294
20 35 1295
20 35 1296
20 35 1297
20 35 1298
20 35 1299
20 35 1300
20 35 1301
20 35 1302
20 35 1303
20 35 1304
20 35 1305
20 35 1306
20 35 1307
20 35 1308
20 35 1309
20 35 1310
20 35 1311
20 35 1312
20 35 1313
20 35 1314
20 35 1315
20 35 1316
20 35 1317
20 35 1318
20 35 1319
20 35 1320
20 35 1321
20 35 1322
20 35 1323
20 35 1324
20 35 1325
20 35 1326
20 35 1327
20 35 1328
20 35 1329
20 35 1330
20 35 1331
20 35 1332
20 35 1333
20 35 1334
20 35 1335
20 35 1336
20 35 1337
20 35 1338
20 35 1339
20 35 1340
20 35 1341
20 35 1342
20 35 1343
20 35 1344
20 35 1345
20 35 1346
20 35 1347
20 35 1348
20 35 1349
20 35 1350
20 35 1351
20 35 1352
20 35 1353
20 35 1354
20 35 1355
20 35 1356
20 35 1357
20 35 1358
20 35 1359
20 35 1360
20 35 1361
20 35 1362
20 35 1363
20 35 1364
20 35 1365
20 35 1366
20 35 1367
20 35 1368
20 35 1369
20 35 1370
20 35 1371
20 35 1372
20 35 1373
20 35 1374
20 35 1375
20 35 1376
20 35 1377
20 35 1378
20 35 1379
20 35 1380
20 35 1381
20 35 1382
20 35 1383
20 35 1384
20 35 1385
20 35 1386
20 35 1387
20 35 1388
20 35 1389
20 35 1390
20 35 1391
20 35 1392
20 35 1393
20 35 1394
20 35 1395
20 35 1396
20 35 1397
20 35 1398
20 35 1399
20 35 1400
20 35 1401
20 35 1402
20 35 1403
20 35 1404
20 35 1405
20 35 1406
20 35 1407
20 35 1408
20 35 1409
20 35 1410
20 35 1411
20 35 1412
20 35 1413
20 35 1414
20 35 1415
20 35 1416
20 35 1417
20 35 1418
20 35 1419
20 35 1420
20 35 1421
20 35 1422
20 35 1423
20 35 1424
20 35 1425
20 35 1426
20 35 1427
20 35 1428
20 35 1429
20 35 1430
20 35 1431
20 35 1432
20 35 1433
20 35 1434
20 35 1435
20 35 1436
20 35 1437
20 35 1438
20 35 1439
20 35 1440
20 35 1441
20 35 1442
20 35 1443
20 35 1444
20 35 1445
20 35 1446
20 35 1447
20 35 1448
20 35 1449
20 35 1450
20 35 1451
20 35 1452
20 35 1453
20 35 1454
20 35 1455
20 35 1456
20 35 1457
20 35 1458
20 35 1459
20 35 1460
20 35 1461
20 35 1462
20 35 1463
20 35 1464
20 35 1465
20 35 1466
20 35 1467
20 35 1468
20 35 1469
20 35 1470
20 35 1471
20 35 1472
20 35 1473
20 35 1474
20 35 1475
20 35 1476
20 35 1477
20 35 1478
20 35 1479
20 35 1480
20 35 1481
20 35 1482
20 35 1483
20 35 1484
20 35 1485
20 35 1486
20 35 1487
20 35 1488
20 35 1489
20 35 1490
20 35 1491
20 35 1492
20 35 1493
20 35 1494
20 35 1495
20 35 1496
20 35 1497
20 35 1498
20 35 1499
20 35 1500
20 35 1501
20 35 1502
20 35 1503
20 35 1504
20 35 1505
20 35 1506
20 35 1507
20 35 1508
20 35 1509
20 35 1510
20 35 1511
20 35 1512
20 35 1513
20 35 1514
20 35 1515
20 35 1516
20 35 1517
20 35 1518
20 35 1519
20 35 1520
20 35 1521
20 35 1522
20 35 1523
20 35 1524
20 35 1525
20 35 1526
20 35 1527
20 35 1528
20 35 1529
20 35 1530
20 35 1531
20 35 1532
20 35 1533
20 35 1534
20 35 1535
20 35 1536
20 35 1537
20 35 1538
20 35 1539
20 35 1540
20 35 1541
20 35 1542
20 35 1543
20 35 1544
20 35 1545
20 35 1546
20 35 1547
20 35 1548
20 35 1549
20 35 1550
20 35 1551
20 35 1552
20 35 1553
20 35 1554
20 35 1555
20 35 1556
20 35 1557
20 35 1558
20 35 1559
20 35 1560
20 35 1561
20 35 1562
20 35 1563
20 35 1564
20 35 1565
20 35 1566
20 35 1567
20 35 1568
20 35 1569
20 35 1570
20 35 1571
20 35 1572
20 35 1573
20 35 1574
20 35 1575
20 35 1576
20 35 1577
20 35 1578
20 35 1579
20 35 1580
20 35 1581
20 35 1582
20 35 1583
20 35 1584
20 35 1585
20 35 1586
20 35 1587
20 35 1588
20 35 1589
20 35 1590
20 35 1591
20 35 1592
20 35 1593
20 35 1594
20 35 1595
20 35 1596
20 35 1597
20 35 1598
20 35 1599
20 35 1600
20 35 1601
20 35 1602
20 35 1603
20 35 1604
20 35 1605
20 35 1606
20 35 1607
20 35 1608
20 35 1609
20 35 1610
20 35 1611
20 35 1612
20 35 1613
20 35 1614
20 35 1615
20 35 1616
20 35 1617
20 35 1618
20 35 1619
20 35 1620
20 35 1621
20 35 1622
20 35 1623
20 35 1624
20 35 1625
20 35 1626
20 35 1627
20 35 1628
20 35 1629
20 35 1630
20 35 1631
20 35 1632
20 35 1633
20 35 1634
20 35 1635
20 35 1636
20 35 1637
20 35 1638
20 35 1639
20 35 1640
20 35 1641
20 35 1642
20 35 1643
20 35 1644
20 35 1645
20 35 1646
20 35 1647
20 35 1648
20 35 1649
20 35 1650
20 35 1651
20 35 1652
20 35 1653
20 35 1654
20 35 1655
20 35 1656
20 35 1657
20 35 1658
20 35 1659
20 35 1660
20 35 1661
20 35 1662
20 35 1663
20 35 1664
20 35 1665
20 35 1666
20 35 1667
20 35 1668
20 35 1669
20 35 1670
20 35 1671
20 35 1672
20 35 1673
20 35 1674
20 35 1675
20 35 1676
20 35 1677
20 35 1678
20 35 1679
20 35 1680
20 35 1681
20 35 1682
20 35 1683
20 35 1684
20 35 1685
20 35 1686
20 35 1687
20 35 1688
20 35 1689
20 35 1690
20 35 1691
20 35 1692
20 35 1693
20 35 1694
20 35 1695
20 35 1696
20 35 1697
20 35 1698
20 35 1699
20 35 1700
20 35 1701
20 35 1702
20 35 1703
20 35 1704
20 35 1705
20 35 1706
20 35 1707
20 35 1708
20 35 1709
20 35 1710
20 35 1711
20 35 1712
20 35 1713
20 35 1714
20 35 1715
20 35 1716
20 35 1717
20 35 1718
20 35 1719
20 35 1720
20 35 1721
20 35 1722
20 35 1723
20 35 1724
20 35 1725
20 35 1726
20 35 1727
20 35 1728
20 35 1729
20 35 1730
20 35 1731
20 35 1732
20 35 1733
20 35 1734
20 35 1735
20 35 1736
20 35 1737
20 35 1738
20 35 1739
20 35 1740
20 35 1741
20 35 1742
20 35 1743
20 35 1744
20 35 1745
20 35 1746
20 35 1747
20 35 1748
20 35 1749
20 35 1750
20 35 1751
20 35 1752
20 35 1753
20 35 1754
20 35 1755
20 35 1756
20 35 1757
20 35 1758
20 35 1759
20 35 1760
20 35 1761
20 35 1762
20 35 1763
20 35 1764
20 35 1765
20 35 1766
20 35 1767
20 35 1768
20 35 1769
20 35 1770
20 35 1771
20 35 1772
20 35 1773
20 35 1774
20 35 1775
20 35 1776
20 35 1777
20 35 1778
20 35 1779
20 35 1780
20 35 1781
20 35 1782
20 35 1783
20 35 1784
20 35 1785
20 35 1786
20 35 1787
20 35 1788
20 35 1789
20 35 1790
20 35 1791
20 35 1792
20 35 1793
20 35 1794
20 35 1795
20 35 1796
20 35 1797
20 35 1798
20 35 1799
20 35 1800
20 35 1801
20 35 1802
20 35 1803
20 35 1804
20 35 1805
20 35 1806
20 35 1807
20 35 1808
20 35 1809
20 35 1810
20 35 1811
20 35 1812
20 35 1813
20 35 1814
20 35 1815
20 35 1816
20 35 1817
20 35 1818
20 35 1819
20 35 1820
20 35 1821
20 35 1822
20 35 1823
20 35 1824
20 35 1825
20 35 1826
20 35 1827
20 35 1828
20 35 1829
20 35 1830
20 35 1831
20 35 1832
20 35 1833
20 35 1834
20 35 1835
20 35 1836
20 35 1837
20 35 1838
20 35 1839
20 35 1840
20 35 1841
20 35 1842
20 35 1843
20 35 1844
20 35 1845
20 35 1846
20 35 1847
20 35 1848
20 35 1849
20 35 1850
20 35 1851
20 35 1852
20 35 1853
20 35 1854
20 35 1855
20 35 1856
20 35 1857
20 35 1858
20 35 1859
20 35 1860
20 35 1861
20 35 1862
20 35 1863
20 35 1864
20 35 1865
20 35 1866
20 35 1867
20 35 1868
20 35 1869
20 35 1870
20 35 1871
20 35 1872
20 35 1873
20 35 1874
20 35 1875
20 35 1876
20 35 1877
20 35 1878
20 35 1879
20 35 1880
20 35 1881
20 35 1882
20 35 1883
20 35 1884
20 35 1885
20 35 1886
20 35 1887
20 35 1888
20 35 1889
20 35 1890
20 35 1891
20 35 1892
20 35 1893
20 35 1894
20 35 1895
20 35 1896
20 35 1897
20 35 1898
20 35 1899
20 35 1900
20 35 1901
20 35 1902
20 35 1903
20 35 1904
20 35 1905
20 35 1906
20 35 1907
20 35 1908
20 35 1909
20 35 1910
20 35 1911
20 35 1912
20 35 1913
20 35 1914
20 35 1915
20 35 1916
20 35 1917
20 35 1918
20 35 1919
20 35 1920
20 35 1921
20 35 1922
20 35 1923
20 35 1924
20 35 1925
20 35 1926
20 35 1927
20 35 1928
20 35 1929
20 35 1930
20 35 1931
20 35 1932
20 35 1933
20 35 1934
20 35 1935
20 35 1936
20 35 1937
20 35 1938
20 35 1939
20 35 1940
20 35 1941
20 35 1942
20 35 1943
20 35 1944
20 35 1945
20 35 1946
20 35 1947
20 35 1948
20 35 1949
20 35 1950
20 35 1951
20 35 1952
20 35 1953
20 35 1954
20 35 1955
20 35 1956
20 35 1957
20 35 1958
20 35 1959
20 35 1960
20 35 1961
20 35 1962
20 35 1963
20 35 1964
20 35 1965
20 35 1966
20 35 1967
20 35 1968
20 35 1969
20 35 1970
20 35 1971
20 35 1972
20 35 1973
20 35 1974
20 35 1975
20 35 1976
20 35 1977
20 35 1978
20 35 1979
20 35 1980
20 35 1981
20 35 1982
20 35 1983
20 35 1984
20 35 1985
20 35 1986
20 35 1987
20 35 1988
20 35 1989
20 35 1990
20 35 1991
20 35 1992
20 35 1993
20 35 1994
20 35 1995
20 35 1996
20 35 1997
20 35 1998
20 35 1999
20 35 2000
20 35 2001
20 35 2002
20 35 2003
20 35 2004
20 35 2005
20 35 2006
20 35 2007
20 35 2008
20 35 2009
20 35 2010
20 35 2011
20 35 2012
20 35 2013
20 35 2014
20 35 2015
20 35 2016
20 35 2017
20 35 2018
20 35 2019
20 35 2020
20 35 2021
20 35 2022
20 35 2023
20 35 2024
20 35 2025
20 35 2026
20 35 2027
20 35 2028
20 35 2029
20 35 2030
20 35 2031
20 35 2032
20 35 2033
20 35 2034
20 35 2035
20 35 2036
20 35 2037
20 35 2038
20 35 2039
20 35 2040
20 35 2041
20 35 2042
20 35 2043
20 35 2044
20 35 2045
20 35 2046
20 35 2047
20 35 2048
20 35 2049
20 35 2050
20 35 2051
20 35 2052
20 35 2053
20 35 2054
20 35 2055
20 35 2056
20 35 2057
20 35 2058
20 35 2059
20 35 2060
20 35 2061
20 35 2062
20 35 2063
20 35 2064
20 35 2065
20 35 2066
20 35 2067
20 35 2068
20 35 2069
20 35 2070
20 35 2071
20 35 2072
20 35 2073
20 35 2074
20 35 2075
20 35 2076
20 35 2077
20 35 2078
20 35 2079
20 35 2080
20 35 2081
20 35 2082
20 35 2083
20 35 2084
20 35 2085
20 35 2086
20 35 2087
20 35 2088
20 35 2089
20 35 2090
20 35 2091
20 35 2092
20 35 2093
20 35 2094
20 35 2095
20 35 2096
20 35 2097
20 35 2098
20 35 2099
20 35 2100
20 35 2101
20 35 2102
20 35 2103
20 35 2104
20 35 2105
20 35 2106
20 35 2107
20 35 2108
20 35 2109
20 35 2110
20 35 2111
20 35 2112
20 35 2113
20 35 2114
20 35 2115
20 35 2116
20 35 2117
20 35 2118
20 35 2119
20 35 2120
20 35 2121
20 35 2122
20 35 2123
20 35 2124
20 35 2125
20 35 2126
20 35 2127
20 35 2128
20 35 2129
20 35 2130
20 35 2131
20 35 2132
20 35 2133
20 35 2134
20 35 2135
20 35 2136
20 35 2137
20 35 2138
20 35 2139
20 35 2140
20 35 2141
20 35 2142
20 35 2143
20 35 2144
20 35 2145
20 35 2146
20 35 2147
20 35 2148
20 35 2149
20 35 2150
20 35 2151
20 35 2152
20 35 2153
20 35 2154
20 35 2155
20 35 2156
20 35 2157
20 35 2158
20 35 2159
20 35 2160
20 35 2161
20 35 2162
20 35 2163
20 35 2164
20 35 2165
20 35 2166
20 35 2167
20 35 2168
20 35 2169
20 35 2170
20 35 2171
20 35 2172
20 35 2173
20 35 2174
20 35 2175
20 35 2176
20 35 2177
20 35 2178
20 35 2179
20 35 2180
20 35 2181
20 35 2182
20 35 2183
20 35 2184
20 35 2185
20 35 2186
20 35 2187
20 35 2188
20 35 2189
20 35 2190
20 35 2191
20 35 2192
20 35 2193
20 35 2194
20 35 2195
20 35 2196
20 35 2197
20 35 2198
20 35 2199
20 35 2200
20 35 2201
20 35 2202
20 35 2203
20 35 2204
20 35 2205
20 35 2206
20 35 2207
20 35 2208
20 35 2209
20 35 2210
20 35 2211
20 35 2212
20 35 2213
20 35 2214
20 35 2215
20 35 2216
20 35 2217
20 35 2218
20 35 2219
20 35 2220
20 35 2221
20 35 2222
20 35 2223
20 35 2224
20 35 2225
20 35 2226
20 35 2227
20 35 2228
20 35 2229
20 35 2230
20 35 2231
20 35 2232
20 35 2233
20 35 2234
20 35 2235
20 35 2236
20 35 2237
20 35 2238
20 35 2239
20 35 2240
20 35 2241
20 35 2242
20 35 2243
20 35 2244
20 35 2245
20 35 2246
20 35 2247
20 35 2248
20 35 2249
20 35 2250
20 35 2251
20 35 2252
20 35 2253
20 35 2254
20 35 2255
20 35 2256
20 35 2257
20 35 2258
20 35 2259
20 35 2260
20 35 2261
20 35 2262
20 35 2263
20 35 2264
20 35 2265
20 35 2266
20 35 2267
20 35 2268
20 35 2269
20 35 2270
20 35 2271
20 35 2272
20 35 2273
20 35 2274
20 35 2275
20 35 2276
20 35 2277
20 35 2278
20 35 2279
20 35 2280
20 35 2281
20 35 2282
20 35 2283
20 35 2284
20 35 2285
20 35 2286
20 35 2287
20 35 2288
20 35 2289
20 35 2290
20 35 2291
20 35 2292
20 35 2293
20 35 2294
20 35 2295
20 35 2296
20 35 2297
20 35 2298
20 35 2299
20 35 2300
20 35 2301
20 35 2302
20 35 2303
20 35 2304
20 35 2305
20 35 2306
20 35 2307
20 35 2308
20 35 2309
20 35 2310
20 35 2311
20 35 2312
20 35 2313
20 35 2314
20 35 2315
20 35 2316
20 35 2317
20 35 2318
20 35 2319
20 35 2320
20 35 2321
20 35 2322
20 35 2323
20 35 2324
20 35 2325
20 35 2326
20 35 2327
20 35 2328
20 35 2329
20 35 2330
20 35 2331
20 35 2332
20 35 2333
20 35 2334
20 35 2335
20 35 2336
20 35 2337
20 35 2338
20 35 2339
20 35 2340
20 35 2341
20 35 2342
20 35 2343
20 35 2344
20 35 2345
20 35 2346
20 35 2347
20 35 2348
20 35 2349
20 35 2350
20 35 2351
20 35 2352
20 35 2353
20 35 2354
20 35 2355
20 35 2356
20 35 2357
20 35 2358
20 35 2359
20 35 2360
20 35 2361
20 35 2362
20 35 2363
20 35 2364
20 35 2365
20 35 2366
20 35 2367
20 35 2368
20 35 2369
20 35 2370
20 35 2371
20 35 2372
20 35 2373
20 35 2374
20 35 2375
20 35 2376
20 35 2377
20 35 2378
20 35 2379
20 35 2380
20 35 2381
20 35 2382
20 35 2383
20 35 2384
20 35 2385
20 35 2386
20 35 2387
20 35 2388
20 35 2389
20 35 2390
20 35 2391
20 35 2392
20 35 2393
20 35 2394
20 35 2395
20 35 2396
20 35 2397
20 35 2398
20 35 2399
20 35 2400
20 35 2401
20 35 2402
20 35 2403
20 35 2404
20 35 2405
20 35 2406
20 35 2407
20 35 2408
20 35 2409
20 35 2410
20 35 2411
20 35 2412
20 35 2413
20 35 2414
20 35 2415
20 35 2416
20 35 2417
20 35 2418
20 35 2419
20 35 2420
20 35 2421
20 35 2422
20 35 2423
20 35 2424
20 35 2425
20 35 2426
20 35 2427
20 35 2428
20 35 2429
20 35 2430
20 35 2431
20 35 2432
20 35 2433
20 35 2434
20 35 2435
20 35 2436
20 35 2437
20 35 2438
20 35 2439
20 35 2440
20 35 2441
20 35 2442
20 35 2443
20 35 2444
20 35 2445
20 35 2446
20 35 2447
20 35 2448
20 35 2449
20 35 2450
20 35 2451
20 35 2452
20 35 2453
20 35 2454
20 35 2455
20 35 2456
20 35 2457
