3 40 1
3 40 2
3 40 3
3 40 4
3 40 5
3 40 6
3 40 7
3 40 8
3 40 9
3 40 10
3 40 11
3 40 12
3 40 13
3 40 14
3 40 15
3 40 16
3 40 17
3 40 18
3 40 19
3 40 20
3 40 21
3 40 22
3 40 23
3 40 24
3 40 25
3 40 26
3 40 27
3 40 28
3 40 29
3 40 30
3 40 31
3 40 32
3 40 33
3 40 34
3 40 35
3 40 36
3 40 37
3 40 38
3 40 39
3 40 40
3 40 41
3 40 42
3 40 43
3 40 44
3 40 45
3 40 46
3 40 47
3 40 48
3 40 49
3 40 50
3 40 51
3 40 52
3 40 53
3 40 54
3 40 55
3 40 56
3 40 57
3 40 58
3 40 59
3 40 60
3 40 61
3 40 62
3 40 63
3 40 64
3 40 65
3 40 66
3 40 67
3 40 68
3 40 69
3 40 70
3 40 71
3 40 72
3 40 73
3 40 74
3 40 75
3 40 76
3 40 77
3 40 78
3 40 79
3 40 80
3 40 81
3 40 82
3 40 83
3 40 84
3 40 85
3 40 86
3 40 87
3 40 88
3 40 89
3 40 90
3 40 91
3 40 92
3 40 93
3 40 94
3 40 95
3 40 96
3 40 97
3 40 98
3 40 99
3 40 100
3 40 101
3 40 102
3 40 103
3 40 104
3 40 105
3 40 106
3 40 107
3 40 108
3 40 109
3 40 110
3 40 111
3 40 112
3 40 113
3 40 114
3 40 115
3 40 116
3 40 117
3 40 118
3 40 119
3 40 120
3 40 121
3 40 122
3 40 123
3 40 124
3 40 125
3 40 126
3 40 127
3 40 128
3 40 129
3 40 130
3 40 131
3 40 132
3 40 133
3 40 134
3 40 135
3 40 136
3 40 137
3 40 138
3 40 139
3 40 140
3 40 141
3 40 142
3 40 143
3 40 144
3 40 145
3 40 146
3 40 147
3 40 148
3 40 149
3 40 150
3 40 151
3 40 152
3 40 153
3 40 154
3 40 155
3 40 156
3 40 157
3 40 158
3 40 159
3 40 160
3 40 161
3 40 162
3 40 163
3 40 164
3 40 165
3 40 166
3 40 167
3 40 168
3 40 169
3 40 170
3 40 171
3 40 172
3 40 173
3 40 174
3 40 175
3 40 176
3 40 177
3 40 178
3 40 179
3 40 180
3 40 181
3 40 182
3 40 183
3 40 184
3 40 185
3 40 186
3 40 187
3 40 188
3 40 189
3 40 190
3 40 191
3 40 192
3 40 193
3 40 194
3 40 195
3 40 196
3 40 197
3 40 198
3 40 199
3 40 200
3 40 201
3 40 202
3 40 203
3 40 204
