8 40 1
8 40 2
8 40 3
8 40 4
8 40 5
8 40 6
8 40 7
8 40 8
8 40 9
8 40 10
8 40 11
8 40 12
8 40 13
8 40 14
8 40 15
8 40 16
8 40 17
8 40 18
8 40 19
8 40 20
8 40 21
8 40 22
8 40 23
8 40 24
8 40 25
8 40 26
8 40 27
8 40 28
8 40 29
8 40 30
8 40 31
8 40 32
8 40 33
8 40 34
8 40 35
8 40 36
8 40 37
8 40 38
8 40 39
8 40 40
8 40 41
8 40 42
8 40 43
8 40 44
8 40 45
8 40 46
8 40 47
8 40 48
8 40 49
8 40 50
8 40 51
8 40 52
8 40 53
8 40 54
8 40 55
8 40 56
8 40 57
8 40 58
8 40 59
8 40 60
8 40 61
8 40 62
8 40 63
8 40 64
8 40 65
8 40 66
8 40 67
8 40 68
8 40 69
8 40 70
8 40 71
8 40 72
8 40 73
8 40 74
8 40 75
8 40 76
8 40 77
8 40 78
8 40 79
8 40 80
8 40 81
8 40 82
8 40 83
8 40 84
8 40 85
8 40 86
8 40 87
8 40 88
8 40 89
8 40 90
8 40 91
8 40 92
8 40 93
8 40 94
8 40 95
8 40 96
8 40 97
8 40 98
8 40 99
8 40 100
8 40 101
8 40 102
8 40 103
8 40 104
8 40 105
8 40 106
8 40 107
8 40 108
8 40 109
8 40 110
8 40 111
8 40 112
8 40 113
8 40 114
8 40 115
8 40 116
8 40 117
8 40 118
8 40 119
8 40 120
8 40 121
8 40 122
8 40 123
8 40 124
8 40 125
8 40 126
8 40 127
8 40 128
8 40 129
8 40 130
8 40 131
8 40 132
8 40 133
8 40 134
8 40 135
8 40 136
8 40 137
8 40 138
8 40 139
8 40 140
8 40 141
8 40 142
8 40 143
8 40 144
8 40 145
8 40 146
8 40 147
8 40 148
8 40 149
8 40 150
8 40 151
8 40 152
8 40 153
8 40 154
8 40 155
8 40 156
8 40 157
8 40 158
8 40 159
8 40 160
8 40 161
8 40 162
8 40 163
8 40 164
8 40 165
8 40 166
8 40 167
8 40 168
8 40 169
8 40 170
8 40 171
8 40 172
8 40 173
8 40 174
8 40 175
8 40 176
8 40 177
8 40 178
8 40 179
8 40 180
8 40 181
8 40 182
8 40 183
8 40 184
8 40 185
8 40 186
8 40 187
8 40 188
8 40 189
8 40 190
8 40 191
8 40 192
8 40 193
8 40 194
8 40 195
8 40 196
8 40 197
8 40 198
8 40 199
8 40 200
8 40 201
8 40 202
8 40 203
8 40 204
8 40 205
8 40 206
8 40 207
8 40 208
8 40 209
8 40 210
8 40 211
8 40 212
8 40 213
8 40 214
8 40 215
8 40 216
8 40 217
8 40 218
8 40 219
8 40 220
8 40 221
8 40 222
8 40 223
8 40 224
8 40 225
8 40 226
8 40 227
8 40 228
8 40 229
8 40 230
8 40 231
8 40 232
8 40 233
8 40 234
8 40 235
8 40 236
8 40 237
8 40 238
8 40 239
8 40 240
8 40 241
8 40 242
8 40 243
8 40 244
8 40 245
8 40 246
8 40 247
8 40 248
8 40 249
8 40 250
8 40 251
8 40 252
8 40 253
8 40 254
8 40 255
8 40 256
8 40 257
8 40 258
8 40 259
8 40 260
8 40 261
8 40 262
8 40 263
8 40 264
8 40 265
8 40 266
8 40 267
8 40 268
8 40 269
8 40 270
8 40 271
8 40 272
8 40 273
8 40 274
8 40 275
8 40 276
8 40 277
8 40 278
8 40 279
8 40 280
8 40 281
8 40 282
8 40 283
8 40 284
8 40 285
8 40 286
8 40 287
8 40 288
8 40 289
8 40 290
8 40 291
8 40 292
8 40 293
8 40 294
8 40 295
8 40 296
8 40 297
8 40 298
8 40 299
8 40 300
8 40 301
8 40 302
8 40 303
8 40 304
8 40 305
8 40 306
8 40 307
8 40 308
8 40 309
8 40 310
8 40 311
8 40 312
8 40 313
8 40 314
8 40 315
8 40 316
8 40 317
8 40 318
8 40 319
8 40 320
8 40 321
8 40 322
8 40 323
8 40 324
8 40 325
8 40 326
8 40 327
8 40 328
8 40 329
8 40 330
8 40 331
8 40 332
8 40 333
8 40 334
8 40 335
8 40 336
8 40 337
8 40 338
8 40 339
8 40 340
8 40 341
8 40 342
8 40 343
8 40 344
8 40 345
8 40 346
8 40 347
8 40 348
8 40 349
8 40 350
8 40 351
8 40 352
8 40 353
8 40 354
8 40 355
8 40 356
8 40 357
8 40 358
8 40 359
8 40 360
8 40 361
8 40 362
8 40 363
8 40 364
8 40 365
8 40 366
8 40 367
8 40 368
8 40 369
8 40 370
8 40 371
8 40 372
8 40 373
8 40 374
8 40 375
8 40 376
8 40 377
8 40 378
8 40 379
8 40 380
8 40 381
8 40 382
8 40 383
8 40 384
8 40 385
8 40 386
8 40 387
8 40 388
8 40 389
8 40 390
8 40 391
8 40 392
8 40 393
8 40 394
8 40 395
8 40 396
8 40 397
8 40 398
8 40 399
8 40 400
8 40 401
8 40 402
8 40 403
8 40 404
8 40 405
8 40 406
8 40 407
8 40 408
8 40 409
8 40 410
8 40 411
8 40 412
8 40 413
8 40 414
8 40 415
8 40 416
8 40 417
8 40 418
8 40 419
8 40 420
8 40 421
8 40 422
8 40 423
8 40 424
8 40 425
8 40 426
8 40 427
8 40 428
8 40 429
8 40 430
8 40 431
8 40 432
8 40 433
8 40 434
8 40 435
8 40 436
8 40 437
8 40 438
8 40 439
8 40 440
8 40 441
8 40 442
8 40 443
8 40 444
8 40 445
8 40 446
8 40 447
8 40 448
8 40 449
8 40 450
8 40 451
8 40 452
8 40 453
8 40 454
8 40 455
8 40 456
8 40 457
8 40 458
8 40 459
8 40 460
8 40 461
8 40 462
8 40 463
8 40 464
8 40 465
8 40 466
8 40 467
8 40 468
8 40 469
8 40 470
8 40 471
8 40 472
8 40 473
8 40 474
8 40 475
8 40 476
8 40 477
8 40 478
8 40 479
8 40 480
8 40 481
8 40 482
8 40 483
8 40 484
8 40 485
8 40 486
8 40 487
8 40 488
8 40 489
8 40 490
8 40 491
8 40 492
8 40 493
8 40 494
8 40 495
8 40 496
8 40 497
8 40 498
8 40 499
8 40 500
8 40 501
8 40 502
8 40 503
8 40 504
8 40 505
8 40 506
8 40 507
8 40 508
8 40 509
8 40 510
8 40 511
8 40 512
8 40 513
8 40 514
8 40 515
8 40 516
8 40 517
8 40 518
8 40 519
8 40 520
8 40 521
8 40 522
8 40 523
8 40 524
8 40 525
8 40 526
8 40 527
8 40 528
8 40 529
8 40 530
8 40 531
8 40 532
8 40 533
8 40 534
8 40 535
8 40 536
8 40 537
8 40 538
8 40 539
8 40 540
8 40 541
8 40 542
8 40 543
8 40 544
8 40 545
8 40 546
8 40 547
8 40 548
8 40 549
8 40 550
8 40 551
8 40 552
8 40 553
8 40 554
8 40 555
8 40 556
8 40 557
8 40 558
8 40 559
8 40 560
8 40 561
8 40 562
8 40 563
8 40 564
8 40 565
8 40 566
8 40 567
8 40 568
8 40 569
8 40 570
8 40 571
8 40 572
8 40 573
8 40 574
8 40 575
8 40 576
8 40 577
8 40 578
8 40 579
8 40 580
8 40 581
8 40 582
8 40 583
8 40 584
8 40 585
8 40 586
8 40 587
8 40 588
8 40 589
8 40 590
8 40 591
8 40 592
8 40 593
8 40 594
8 40 595
8 40 596
8 40 597
8 40 598
8 40 599
8 40 600
8 40 601
8 40 602
8 40 603
8 40 604
8 40 605
8 40 606
8 40 607
8 40 608
8 40 609
8 40 610
8 40 611
8 40 612
8 40 613
8 40 614
8 40 615
8 40 616
8 40 617
8 40 618
8 40 619
8 40 620
8 40 621
8 40 622
8 40 623
8 40 624
8 40 625
8 40 626
8 40 627
8 40 628
8 40 629
8 40 630
8 40 631
8 40 632
8 40 633
8 40 634
8 40 635
8 40 636
8 40 637
8 40 638
8 40 639
8 40 640
8 40 641
8 40 642
8 40 643
8 40 644
8 40 645
8 40 646
8 40 647
8 40 648
8 40 649
8 40 650
8 40 651
8 40 652
8 40 653
8 40 654
8 40 655
8 40 656
8 40 657
8 40 658
8 40 659
8 40 660
8 40 661
8 40 662
8 40 663
8 40 664
8 40 665
8 40 666
8 40 667
8 40 668
8 40 669
8 40 670
8 40 671
8 40 672
8 40 673
8 40 674
8 40 675
8 40 676
8 40 677
8 40 678
8 40 679
8 40 680
8 40 681
8 40 682
8 40 683
8 40 684
8 40 685
8 40 686
8 40 687
8 40 688
8 40 689
8 40 690
8 40 691
8 40 692
8 40 693
8 40 694
8 40 695
8 40 696
8 40 697
8 40 698
8 40 699
8 40 700
8 40 701
8 40 702
8 40 703
8 40 704
8 40 705
8 40 706
8 40 707
8 40 708
8 40 709
8 40 710
8 40 711
8 40 712
8 40 713
8 40 714
8 40 715
8 40 716
8 40 717
8 40 718
8 40 719
8 40 720
8 40 721
8 40 722
8 40 723
8 40 724
8 40 725
8 40 726
8 40 727
8 40 728
8 40 729
8 40 730
8 40 731
8 40 732
8 40 733
8 40 734
8 40 735
8 40 736
8 40 737
8 40 738
8 40 739
8 40 740
8 40 741
8 40 742
8 40 743
8 40 744
8 40 745
8 40 746
8 40 747
8 40 748
8 40 749
8 40 750
8 40 751
8 40 752
8 40 753
8 40 754
8 40 755
8 40 756
8 40 757
8 40 758
8 40 759
8 40 760
8 40 761
8 40 762
8 40 763
8 40 764
8 40 765
8 40 766
8 40 767
8 40 768
8 40 769
8 40 770
8 40 771
8 40 772
8 40 773
8 40 774
8 40 775
8 40 776
8 40 777
8 40 778
8 40 779
8 40 780
8 40 781
8 40 782
8 40 783
8 40 784
8 40 785
8 40 786
8 40 787
8 40 788
8 40 789
8 40 790
8 40 791
8 40 792
8 40 793
8 40 794
8 40 795
8 40 796
8 40 797
8 40 798
8 40 799
8 40 800
8 40 801
8 40 802
8 40 803
8 40 804
8 40 805
8 40 806
8 40 807
8 40 808
8 40 809
8 40 810
8 40 811
8 40 812
8 40 813
8 40 814
8 40 815
8 40 816
8 40 817
8 40 818
8 40 819
8 40 820
8 40 821
8 40 822
8 40 823
8 40 824
8 40 825
8 40 826
8 40 827
8 40 828
8 40 829
8 40 830
8 40 831
8 40 832
8 40 833
8 40 834
8 40 835
8 40 836
8 40 837
8 40 838
8 40 839
8 40 840
8 40 841
8 40 842
8 40 843
8 40 844
8 40 845
8 40 846
8 40 847
8 40 848
8 40 849
8 40 850
8 40 851
8 40 852
8 40 853
8 40 854
8 40 855
8 40 856
8 40 857
8 40 858
8 40 859
8 40 860
8 40 861
8 40 862
8 40 863
8 40 864
8 40 865
8 40 866
8 40 867
8 40 868
8 40 869
8 40 870
8 40 871
8 40 872
8 40 873
8 40 874
8 40 875
8 40 876
8 40 877
8 40 878
8 40 879
8 40 880
8 40 881
8 40 882
8 40 883
8 40 884
8 40 885
8 40 886
8 40 887
8 40 888
8 40 889
8 40 890
8 40 891
8 40 892
8 40 893
8 40 894
8 40 895
8 40 896
8 40 897
8 40 898
8 40 899
8 40 900
8 40 901
8 40 902
8 40 903
8 40 904
8 40 905
8 40 906
8 40 907
8 40 908
8 40 909
8 40 910
8 40 911
8 40 912
8 40 913
8 40 914
8 40 915
8 40 916
8 40 917
8 40 918
8 40 919
8 40 920
8 40 921
8 40 922
8 40 923
8 40 924
8 40 925
8 40 926
8 40 927
8 40 928
8 40 929
8 40 930
8 40 931
8 40 932
8 40 933
8 40 934
8 40 935
8 40 936
8 40 937
8 40 938
8 40 939
8 40 940
8 40 941
8 40 942
8 40 943
8 40 944
8 40 945
8 40 946
8 40 947
8 40 948
8 40 949
8 40 950
8 40 951
8 40 952
8 40 953
8 40 954
8 40 955
8 40 956
8 40 957
8 40 958
8 40 959
8 40 960
8 40 961
8 40 962
8 40 963
8 40 964
8 40 965
8 40 966
8 40 967
8 40 968
8 40 969
8 40 970
8 40 971
8 40 972
8 40 973
8 40 974
8 40 975
8 40 976
8 40 977
8 40 978
8 40 979
8 40 980
8 40 981
8 40 982
8 40 983
8 40 984
8 40 985
8 40 986
8 40 987
8 40 988
8 40 989
8 40 990
8 40 991
8 40 992
8 40 993
8 40 994
8 40 995
8 40 996
8 40 997
8 40 998
8 40 999
8 40 1000
8 40 1001
8 40 1002
8 40 1003
8 40 1004
8 40 1005
8 40 1006
8 40 1007
8 40 1008
8 40 1009
8 40 1010
8 40 1011
8 40 1012
8 40 1013
8 40 1014
8 40 1015
8 40 1016
8 40 1017
8 40 1018
8 40 1019
8 40 1020
8 40 1021
8 40 1022
8 40 1023
8 40 1024
8 40 1025
8 40 1026
8 40 1027
8 40 1028
8 40 1029
8 40 1030
8 40 1031
8 40 1032
8 40 1033
8 40 1034
8 40 1035
8 40 1036
8 40 1037
8 40 1038
8 40 1039
8 40 1040
8 40 1041
8 40 1042
8 40 1043
8 40 1044
8 40 1045
8 40 1046
8 40 1047
8 40 1048
8 40 1049
8 40 1050
8 40 1051
8 40 1052
8 40 1053
8 40 1054
8 40 1055
8 40 1056
8 40 1057
8 40 1058
8 40 1059
8 40 1060
8 40 1061
8 40 1062
8 40 1063
8 40 1064
8 40 1065
8 40 1066
8 40 1067
8 40 1068
8 40 1069
8 40 1070
8 40 1071
8 40 1072
8 40 1073
8 40 1074
8 40 1075
8 40 1076
8 40 1077
8 40 1078
8 40 1079
8 40 1080
8 40 1081
8 40 1082
8 40 1083
8 40 1084
8 40 1085
8 40 1086
8 40 1087
8 40 1088
8 40 1089
8 40 1090
8 40 1091
8 40 1092
8 40 1093
8 40 1094
8 40 1095
8 40 1096
8 40 1097
8 40 1098
8 40 1099
8 40 1100
8 40 1101
8 40 1102
8 40 1103
8 40 1104
8 40 1105
8 40 1106
8 40 1107
8 40 1108
8 40 1109
8 40 1110
8 40 1111
8 40 1112
8 40 1113
8 40 1114
8 40 1115
8 40 1116
8 40 1117
8 40 1118
8 40 1119
8 40 1120
8 40 1121
8 40 1122
8 40 1123
8 40 1124
8 40 1125
8 40 1126
8 40 1127
8 40 1128
8 40 1129
8 40 1130
8 40 1131
8 40 1132
8 40 1133
8 40 1134
8 40 1135
8 40 1136
8 40 1137
8 40 1138
8 40 1139
8 40 1140
8 40 1141
8 40 1142
8 40 1143
8 40 1144
8 40 1145
8 40 1146
8 40 1147
8 40 1148
8 40 1149
8 40 1150
8 40 1151
8 40 1152
8 40 1153
8 40 1154
8 40 1155
8 40 1156
8 40 1157
8 40 1158
8 40 1159
8 40 1160
8 40 1161
8 40 1162
8 40 1163
8 40 1164
8 40 1165
8 40 1166
8 40 1167
8 40 1168
8 40 1169
8 40 1170
8 40 1171
8 40 1172
8 40 1173
8 40 1174
8 40 1175
8 40 1176
8 40 1177
8 40 1178
8 40 1179
8 40 1180
8 40 1181
8 40 1182
8 40 1183
8 40 1184
8 40 1185
8 40 1186
8 40 1187
8 40 1188
8 40 1189
8 40 1190
8 40 1191
8 40 1192
8 40 1193
8 40 1194
8 40 1195
8 40 1196
8 40 1197
8 40 1198
8 40 1199
8 40 1200
8 40 1201
8 40 1202
8 40 1203
8 40 1204
8 40 1205
8 40 1206
8 40 1207
8 40 1208
8 40 1209
8 40 1210
8 40 1211
8 40 1212
8 40 1213
8 40 1214
8 40 1215
8 40 1216
8 40 1217
8 40 1218
8 40 1219
8 40 1220
8 40 1221
8 40 1222
8 40 1223
8 40 1224
8 40 1225
8 40 1226
8 40 1227
8 40 1228
8 40 1229
8 40 1230
8 40 1231
8 40 1232
8 40 1233
8 40 1234
8 40 1235
8 40 1236
8 40 1237
8 40 1238
8 40 1239
8 40 1240
8 40 1241
8 40 1242
8 40 1243
8 40 1244
8 40 1245
8 40 1246
8 40 1247
8 40 1248
8 40 1249
8 40 1250
8 40 1251
8 40 1252
8 40 1253
8 40 1254
8 40 1255
8 40 1256
8 40 1257
8 40 1258
8 40 1259
8 40 1260
8 40 1261
8 40 1262
8 40 1263
8 40 1264
8 40 1265
8 40 1266
8 40 1267
8 40 1268
8 40 1269
8 40 1270
8 40 1271
8 40 1272
8 40 1273
8 40 1274
8 40 1275
8 40 1276
8 40 1277
8 40 1278
8 40 1279
8 40 1280
8 40 1281
8 40 1282
8 40 1283
8 40 1284
8 40 1285
8 40 1286
8 40 1287
8 40 1288
8 40 1289
8 40 1290
8 40 1291
8 40 1292
8 40 1293
8 40 1294
8 40 1295
8 40 1296
8 40 1297
8 40 1298
8 40 1299
8 40 1300
8 40 1301
8 40 1302
8 40 1303
8 40 1304
8 40 1305
8 40 1306
8 40 1307
8 40 1308
8 40 1309
8 40 1310
8 40 1311
8 40 1312
8 40 1313
8 40 1314
8 40 1315
8 40 1316
8 40 1317
8 40 1318
8 40 1319
8 40 1320
8 40 1321
8 40 1322
8 40 1323
8 40 1324
8 40 1325
8 40 1326
8 40 1327
8 40 1328
8 40 1329
8 40 1330
8 40 1331
8 40 1332
8 40 1333
8 40 1334
8 40 1335
8 40 1336
8 40 1337
8 40 1338
8 40 1339
8 40 1340
8 40 1341
8 40 1342
8 40 1343
8 40 1344
8 40 1345
8 40 1346
8 40 1347
8 40 1348
8 40 1349
8 40 1350
8 40 1351
8 40 1352
8 40 1353
8 40 1354
8 40 1355
8 40 1356
8 40 1357
8 40 1358
8 40 1359
8 40 1360
8 40 1361
8 40 1362
8 40 1363
8 40 1364
8 40 1365
8 40 1366
8 40 1367
8 40 1368
8 40 1369
8 40 1370
8 40 1371
8 40 1372
8 40 1373
8 40 1374
8 40 1375
8 40 1376
8 40 1377
8 40 1378
8 40 1379
8 40 1380
8 40 1381
8 40 1382
8 40 1383
8 40 1384
8 40 1385
8 40 1386
8 40 1387
8 40 1388
8 40 1389
8 40 1390
8 40 1391
8 40 1392
8 40 1393
8 40 1394
8 40 1395
8 40 1396
8 40 1397
8 40 1398
8 40 1399
8 40 1400
8 40 1401
8 40 1402
8 40 1403
8 40 1404
8 40 1405
8 40 1406
8 40 1407
8 40 1408
8 40 1409
8 40 1410
8 40 1411
8 40 1412
8 40 1413
8 40 1414
8 40 1415
8 40 1416
8 40 1417
8 40 1418
8 40 1419
8 40 1420
8 40 1421
8 40 1422
8 40 1423
8 40 1424
8 40 1425
8 40 1426
8 40 1427
8 40 1428
8 40 1429
8 40 1430
8 40 1431
8 40 1432
8 40 1433
8 40 1434
8 40 1435
8 40 1436
8 40 1437
8 40 1438
8 40 1439
8 40 1440
8 40 1441
8 40 1442
8 40 1443
8 40 1444
8 40 1445
8 40 1446
8 40 1447
8 40 1448
8 40 1449
8 40 1450
8 40 1451
8 40 1452
8 40 1453
8 40 1454
8 40 1455
8 40 1456
8 40 1457
8 40 1458
8 40 1459
8 40 1460
8 40 1461
8 40 1462
8 40 1463
8 40 1464
8 40 1465
8 40 1466
8 40 1467
8 40 1468
8 40 1469
8 40 1470
8 40 1471
8 40 1472
8 40 1473
8 40 1474
8 40 1475
8 40 1476
8 40 1477
8 40 1478
8 40 1479
8 40 1480
8 40 1481
8 40 1482
8 40 1483
8 40 1484
8 40 1485
8 40 1486
8 40 1487
8 40 1488
8 40 1489
8 40 1490
8 40 1491
8 40 1492
8 40 1493
8 40 1494
8 40 1495
8 40 1496
8 40 1497
8 40 1498
8 40 1499
8 40 1500
8 40 1501
8 40 1502
8 40 1503
8 40 1504
8 40 1505
8 40 1506
8 40 1507
8 40 1508
8 40 1509
8 40 1510
8 40 1511
8 40 1512
8 40 1513
8 40 1514
8 40 1515
8 40 1516
8 40 1517
8 40 1518
8 40 1519
8 40 1520
8 40 1521
8 40 1522
8 40 1523
8 40 1524
8 40 1525
8 40 1526
8 40 1527
8 40 1528
8 40 1529
8 40 1530
8 40 1531
8 40 1532
8 40 1533
8 40 1534
8 40 1535
8 40 1536
8 40 1537
8 40 1538
8 40 1539
8 40 1540
8 40 1541
8 40 1542
8 40 1543
8 40 1544
8 40 1545
8 40 1546
8 40 1547
8 40 1548
8 40 1549
8 40 1550
8 40 1551
8 40 1552
8 40 1553
8 40 1554
8 40 1555
8 40 1556
8 40 1557
8 40 1558
8 40 1559
8 40 1560
8 40 1561
8 40 1562
8 40 1563
8 40 1564
8 40 1565
8 40 1566
8 40 1567
8 40 1568
8 40 1569
8 40 1570
8 40 1571
8 40 1572
8 40 1573
8 40 1574
8 40 1575
8 40 1576
8 40 1577
8 40 1578
8 40 1579
8 40 1580
8 40 1581
8 40 1582
8 40 1583
8 40 1584
8 40 1585
8 40 1586
8 40 1587
8 40 1588
8 40 1589
8 40 1590
8 40 1591
8 40 1592
8 40 1593
8 40 1594
8 40 1595
8 40 1596
8 40 1597
8 40 1598
8 40 1599
8 40 1600
8 40 1601
8 40 1602
8 40 1603
8 40 1604
8 40 1605
8 40 1606
8 40 1607
8 40 1608
8 40 1609
8 40 1610
8 40 1611
8 40 1612
8 40 1613
8 40 1614
8 40 1615
8 40 1616
8 40 1617
8 40 1618
8 40 1619
8 40 1620
8 40 1621
8 40 1622
8 40 1623
8 40 1624
8 40 1625
8 40 1626
8 40 1627
8 40 1628
8 40 1629
8 40 1630
8 40 1631
8 40 1632
8 40 1633
8 40 1634
8 40 1635
8 40 1636
8 40 1637
8 40 1638
8 40 1639
8 40 1640
8 40 1641
8 40 1642
8 40 1643
8 40 1644
8 40 1645
8 40 1646
8 40 1647
8 40 1648
8 40 1649
8 40 1650
8 40 1651
8 40 1652
8 40 1653
8 40 1654
8 40 1655
8 40 1656
8 40 1657
8 40 1658
8 40 1659
8 40 1660
8 40 1661
8 40 1662
8 40 1663
8 40 1664
8 40 1665
8 40 1666
8 40 1667
8 40 1668
8 40 1669
8 40 1670
8 40 1671
8 40 1672
8 40 1673
8 40 1674
8 40 1675
8 40 1676
8 40 1677
8 40 1678
8 40 1679
8 40 1680
8 40 1681
8 40 1682
8 40 1683
8 40 1684
8 40 1685
8 40 1686
8 40 1687
8 40 1688
8 40 1689
8 40 1690
8 40 1691
8 40 1692
8 40 1693
8 40 1694
8 40 1695
8 40 1696
8 40 1697
8 40 1698
8 40 1699
8 40 1700
8 40 1701
8 40 1702
8 40 1703
8 40 1704
8 40 1705
8 40 1706
8 40 1707
8 40 1708
8 40 1709
8 40 1710
8 40 1711
8 40 1712
8 40 1713
8 40 1714
8 40 1715
8 40 1716
8 40 1717
8 40 1718
8 40 1719
8 40 1720
8 40 1721
8 40 1722
8 40 1723
8 40 1724
8 40 1725
8 40 1726
8 40 1727
8 40 1728
8 40 1729
8 40 1730
8 40 1731
8 40 1732
8 40 1733
8 40 1734
8 40 1735
8 40 1736
8 40 1737
8 40 1738
8 40 1739
8 40 1740
8 40 1741
8 40 1742
8 40 1743
8 40 1744
8 40 1745
8 40 1746
8 40 1747
8 40 1748
8 40 1749
8 40 1750
8 40 1751
8 40 1752
8 40 1753
8 40 1754
8 40 1755
8 40 1756
8 40 1757
8 40 1758
8 40 1759
8 40 1760
8 40 1761
8 40 1762
8 40 1763
8 40 1764
8 40 1765
8 40 1766
8 40 1767
8 40 1768
8 40 1769
8 40 1770
8 40 1771
8 40 1772
8 40 1773
8 40 1774
8 40 1775
8 40 1776
8 40 1777
8 40 1778
8 40 1779
8 40 1780
8 40 1781
8 40 1782
8 40 1783
8 40 1784
8 40 1785
8 40 1786
8 40 1787
8 40 1788
8 40 1789
8 40 1790
8 40 1791
8 40 1792
8 40 1793
8 40 1794
8 40 1795
8 40 1796
8 40 1797
8 40 1798
8 40 1799
8 40 1800
8 40 1801
8 40 1802
8 40 1803
8 40 1804
8 40 1805
8 40 1806
8 40 1807
8 40 1808
8 40 1809
8 40 1810
8 40 1811
8 40 1812
8 40 1813
8 40 1814
8 40 1815
8 40 1816
8 40 1817
8 40 1818
8 40 1819
8 40 1820
8 40 1821
8 40 1822
8 40 1823
8 40 1824
8 40 1825
8 40 1826
8 40 1827
8 40 1828
8 40 1829
8 40 1830
8 40 1831
8 40 1832
8 40 1833
8 40 1834
8 40 1835
8 40 1836
8 40 1837
8 40 1838
8 40 1839
8 40 1840
8 40 1841
8 40 1842
8 40 1843
8 40 1844
8 40 1845
8 40 1846
8 40 1847
8 40 1848
8 40 1849
8 40 1850
8 40 1851
8 40 1852
8 40 1853
8 40 1854
8 40 1855
8 40 1856
8 40 1857
8 40 1858
8 40 1859
8 40 1860
8 40 1861
8 40 1862
8 40 1863
8 40 1864
8 40 1865
8 40 1866
8 40 1867
8 40 1868
8 40 1869
8 40 1870
8 40 1871
8 40 1872
8 40 1873
8 40 1874
8 40 1875
8 40 1876
8 40 1877
8 40 1878
8 40 1879
8 40 1880
8 40 1881
8 40 1882
8 40 1883
8 40 1884
8 40 1885
8 40 1886
8 40 1887
8 40 1888
8 40 1889
8 40 1890
8 40 1891
8 40 1892
8 40 1893
8 40 1894
8 40 1895
8 40 1896
8 40 1897
8 40 1898
8 40 1899
8 40 1900
8 40 1901
8 40 1902
8 40 1903
8 40 1904
8 40 1905
8 40 1906
8 40 1907
8 40 1908
8 40 1909
8 40 1910
8 40 1911
8 40 1912
8 40 1913
8 40 1914
8 40 1915
8 40 1916
8 40 1917
8 40 1918
8 40 1919
8 40 1920
8 40 1921
8 40 1922
8 40 1923
8 40 1924
8 40 1925
8 40 1926
8 40 1927
8 40 1928
8 40 1929
8 40 1930
8 40 1931
8 40 1932
8 40 1933
8 40 1934
8 40 1935
8 40 1936
8 40 1937
8 40 1938
8 40 1939
8 40 1940
8 40 1941
8 40 1942
8 40 1943
8 40 1944
8 40 1945
8 40 1946
8 40 1947
8 40 1948
8 40 1949
8 40 1950
8 40 1951
8 40 1952
8 40 1953
8 40 1954
8 40 1955
8 40 1956
8 40 1957
8 40 1958
8 40 1959
8 40 1960
8 40 1961
8 40 1962
8 40 1963
8 40 1964
8 40 1965
8 40 1966
8 40 1967
8 40 1968
8 40 1969
8 40 1970
8 40 1971
8 40 1972
8 40 1973
8 40 1974
8 40 1975
8 40 1976
8 40 1977
8 40 1978
8 40 1979
8 40 1980
8 40 1981
8 40 1982
8 40 1983
8 40 1984
8 40 1985
8 40 1986
8 40 1987
8 40 1988
8 40 1989
8 40 1990
8 40 1991
8 40 1992
8 40 1993
8 40 1994
8 40 1995
8 40 1996
8 40 1997
8 40 1998
8 40 1999
8 40 2000
8 40 2001
8 40 2002
8 40 2003
8 40 2004
8 40 2005
8 40 2006
8 40 2007
8 40 2008
8 40 2009
8 40 2010
8 40 2011
8 40 2012
8 40 2013
8 40 2014
8 40 2015
8 40 2016
8 40 2017
8 40 2018
8 40 2019
8 40 2020
8 40 2021
8 40 2022
8 40 2023
8 40 2024
8 40 2025
8 40 2026
8 40 2027
8 40 2028
8 40 2029
8 40 2030
8 40 2031
8 40 2032
8 40 2033
8 40 2034
8 40 2035
8 40 2036
8 40 2037
8 40 2038
8 40 2039
8 40 2040
8 40 2041
8 40 2042
8 40 2043
8 40 2044
8 40 2045
8 40 2046
8 40 2047
8 40 2048
8 40 2049
8 40 2050
8 40 2051
8 40 2052
8 40 2053
8 40 2054
8 40 2055
8 40 2056
8 40 2057
8 40 2058
8 40 2059
8 40 2060
8 40 2061
8 40 2062
8 40 2063
8 40 2064
8 40 2065
8 40 2066
8 40 2067
8 40 2068
8 40 2069
8 40 2070
8 40 2071
8 40 2072
8 40 2073
8 40 2074
8 40 2075
8 40 2076
8 40 2077
8 40 2078
8 40 2079
8 40 2080
8 40 2081
8 40 2082
8 40 2083
8 40 2084
8 40 2085
8 40 2086
8 40 2087
8 40 2088
8 40 2089
8 40 2090
8 40 2091
8 40 2092
8 40 2093
8 40 2094
8 40 2095
8 40 2096
8 40 2097
8 40 2098
8 40 2099
8 40 2100
8 40 2101
8 40 2102
8 40 2103
8 40 2104
8 40 2105
8 40 2106
8 40 2107
8 40 2108
8 40 2109
8 40 2110
8 40 2111
8 40 2112
8 40 2113
8 40 2114
8 40 2115
8 40 2116
8 40 2117
8 40 2118
8 40 2119
8 40 2120
8 40 2121
8 40 2122
8 40 2123
8 40 2124
8 40 2125
8 40 2126
8 40 2127
8 40 2128
8 40 2129
8 40 2130
8 40 2131
8 40 2132
8 40 2133
8 40 2134
8 40 2135
8 40 2136
8 40 2137
8 40 2138
8 40 2139
8 40 2140
8 40 2141
8 40 2142
8 40 2143
8 40 2144
8 40 2145
8 40 2146
8 40 2147
8 40 2148
8 40 2149
8 40 2150
8 40 2151
8 40 2152
8 40 2153
8 40 2154
8 40 2155
8 40 2156
8 40 2157
8 40 2158
8 40 2159
8 40 2160
8 40 2161
8 40 2162
8 40 2163
8 40 2164
8 40 2165
8 40 2166
8 40 2167
8 40 2168
8 40 2169
8 40 2170
8 40 2171
8 40 2172
8 40 2173
8 40 2174
8 40 2175
8 40 2176
8 40 2177
8 40 2178
8 40 2179
8 40 2180
8 40 2181
8 40 2182
8 40 2183
8 40 2184
8 40 2185
8 40 2186
8 40 2187
8 40 2188
8 40 2189
8 40 2190
8 40 2191
8 40 2192
8 40 2193
8 40 2194
8 40 2195
8 40 2196
8 40 2197
8 40 2198
8 40 2199
8 40 2200
8 40 2201
8 40 2202
8 40 2203
8 40 2204
8 40 2205
8 40 2206
8 40 2207
8 40 2208
8 40 2209
8 40 2210
8 40 2211
8 40 2212
8 40 2213
8 40 2214
8 40 2215
8 40 2216
8 40 2217
8 40 2218
8 40 2219
8 40 2220
8 40 2221
8 40 2222
8 40 2223
8 40 2224
8 40 2225
8 40 2226
8 40 2227
8 40 2228
8 40 2229
8 40 2230
8 40 2231
8 40 2232
8 40 2233
8 40 2234
8 40 2235
8 40 2236
8 40 2237
8 40 2238
8 40 2239
8 40 2240
8 40 2241
8 40 2242
8 40 2243
8 40 2244
8 40 2245
8 40 2246
8 40 2247
8 40 2248
8 40 2249
8 40 2250
8 40 2251
8 40 2252
8 40 2253
8 40 2254
8 40 2255
8 40 2256
8 40 2257
8 40 2258
8 40 2259
8 40 2260
8 40 2261
8 40 2262
8 40 2263
8 40 2264
8 40 2265
8 40 2266
8 40 2267
8 40 2268
8 40 2269
8 40 2270
8 40 2271
8 40 2272
8 40 2273
8 40 2274
8 40 2275
8 40 2276
8 40 2277
8 40 2278
8 40 2279
8 40 2280
8 40 2281
8 40 2282
8 40 2283
8 40 2284
8 40 2285
8 40 2286
8 40 2287
8 40 2288
8 40 2289
8 40 2290
8 40 2291
8 40 2292
8 40 2293
8 40 2294
8 40 2295
8 40 2296
8 40 2297
8 40 2298
8 40 2299
8 40 2300
8 40 2301
8 40 2302
8 40 2303
8 40 2304
8 40 2305
8 40 2306
8 40 2307
8 40 2308
8 40 2309
8 40 2310
8 40 2311
8 40 2312
8 40 2313
8 40 2314
8 40 2315
8 40 2316
8 40 2317
8 40 2318
8 40 2319
8 40 2320
8 40 2321
8 40 2322
8 40 2323
8 40 2324
8 40 2325
8 40 2326
8 40 2327
8 40 2328
8 40 2329
8 40 2330
8 40 2331
8 40 2332
8 40 2333
8 40 2334
8 40 2335
8 40 2336
8 40 2337
8 40 2338
8 40 2339
8 40 2340
8 40 2341
8 40 2342
8 40 2343
8 40 2344
8 40 2345
8 40 2346
8 40 2347
8 40 2348
8 40 2349
8 40 2350
8 40 2351
8 40 2352
8 40 2353
8 40 2354
8 40 2355
8 40 2356
8 40 2357
8 40 2358
8 40 2359
8 40 2360
8 40 2361
8 40 2362
8 40 2363
8 40 2364
8 40 2365
8 40 2366
8 40 2367
8 40 2368
8 40 2369
8 40 2370
8 40 2371
8 40 2372
8 40 2373
8 40 2374
8 40 2375
8 40 2376
8 40 2377
8 40 2378
8 40 2379
8 40 2380
8 40 2381
8 40 2382
8 40 2383
8 40 2384
8 40 2385
8 40 2386
8 40 2387
8 40 2388
8 40 2389
8 40 2390
8 40 2391
8 40 2392
8 40 2393
8 40 2394
8 40 2395
8 40 2396
8 40 2397
8 40 2398
8 40 2399
8 40 2400
8 40 2401
8 40 2402
8 40 2403
8 40 2404
8 40 2405
8 40 2406
8 40 2407
8 40 2408
8 40 2409
8 40 2410
8 40 2411
8 40 2412
8 40 2413
8 40 2414
8 40 2415
8 40 2416
8 40 2417
8 40 2418
8 40 2419
8 40 2420
8 40 2421
8 40 2422
8 40 2423
8 40 2424
8 40 2425
8 40 2426
8 40 2427
8 40 2428
8 40 2429
8 40 2430
8 40 2431
8 40 2432
8 40 2433
8 40 2434
8 40 2435
8 40 2436
8 40 2437
8 40 2438
8 40 2439
8 40 2440
8 40 2441
8 40 2442
8 40 2443
8 40 2444
8 40 2445
8 40 2446
8 40 2447
8 40 2448
8 40 2449
8 40 2450
8 40 2451
8 40 2452
8 40 2453
8 40 2454
8 40 2455
8 40 2456
8 40 2457
