16 29 1
16 29 2
16 29 3
16 29 4
16 29 5
16 29 6
16 29 7
16 29 8
16 29 9
16 29 10
16 29 11
16 29 12
16 29 13
16 29 14
16 29 15
16 29 16
16 29 17
16 29 18
16 29 19
16 29 20
16 29 21
16 29 22
16 29 23
16 29 24
16 29 25
16 29 26
16 29 27
16 29 28
16 29 29
16 29 30
16 29 31
16 29 32
16 29 33
16 29 34
16 29 35
16 29 36
16 29 37
16 29 38
16 29 39
16 29 40
16 29 41
16 29 42
16 29 43
16 29 44
16 29 45
16 29 46
16 29 47
16 29 48
16 29 49
16 29 50
16 29 51
16 29 52
16 29 53
16 29 54
16 29 55
16 29 56
16 29 57
16 29 58
16 29 59
16 29 60
16 29 61
16 29 62
16 29 63
16 29 64
16 29 65
16 29 66
16 29 67
16 29 68
16 29 69
16 29 70
16 29 71
16 29 72
16 29 73
16 29 74
16 29 75
16 29 76
16 29 77
16 29 78
16 29 79
16 29 80
16 29 81
16 29 82
16 29 83
16 29 84
16 29 85
16 29 86
16 29 87
16 29 88
16 29 89
16 29 90
16 29 91
16 29 92
16 29 93
16 29 94
16 29 95
16 29 96
16 29 97
16 29 98
16 29 99
16 29 100
16 29 101
16 29 102
16 29 103
16 29 104
16 29 105
16 29 106
16 29 107
16 29 108
16 29 109
16 29 110
16 29 111
16 29 112
16 29 113
16 29 114
16 29 115
16 29 116
16 29 117
16 29 118
16 29 119
16 29 120
16 29 121
16 29 122
16 29 123
16 29 124
16 29 125
16 29 126
16 29 127
16 29 128
16 29 129
16 29 130
16 29 131
16 29 132
16 29 133
16 29 134
16 29 135
16 29 136
16 29 137
16 29 138
16 29 139
16 29 140
16 29 141
16 29 142
16 29 143
16 29 144
16 29 145
16 29 146
16 29 147
16 29 148
16 29 149
16 29 150
16 29 151
16 29 152
16 29 153
16 29 154
16 29 155
16 29 156
16 29 157
16 29 158
16 29 159
16 29 160
16 29 161
16 29 162
16 29 163
16 29 164
16 29 165
16 29 166
16 29 167
16 29 168
16 29 169
16 29 170
16 29 171
16 29 172
16 29 173
16 29 174
16 29 175
16 29 176
16 29 177
16 29 178
16 29 179
16 29 180
16 29 181
16 29 182
16 29 183
16 29 184
16 29 185
16 29 186
16 29 187
16 29 188
16 29 189
16 29 190
16 29 191
16 29 192
16 29 193
16 29 194
16 29 195
16 29 196
16 29 197
16 29 198
16 29 199
16 29 200
16 29 201
16 29 202
16 29 203
16 29 204
16 29 205
16 29 206
16 29 207
16 29 208
16 29 209
16 29 210
16 29 211
16 29 212
16 29 213
16 29 214
16 29 215
16 29 216
16 29 217
16 29 218
16 29 219
16 29 220
16 29 221
16 29 222
16 29 223
16 29 224
16 29 225
16 29 226
16 29 227
16 29 228
16 29 229
16 29 230
16 29 231
16 29 232
16 29 233
16 29 234
16 29 235
16 29 236
16 29 237
16 29 238
16 29 239
16 29 240
16 29 241
16 29 242
16 29 243
16 29 244
16 29 245
16 29 246
16 29 247
16 29 248
16 29 249
16 29 250
16 29 251
16 29 252
16 29 253
16 29 254
16 29 255
16 29 256
16 29 257
16 29 258
16 29 259
16 29 260
16 29 261
16 29 262
16 29 263
16 29 264
16 29 265
16 29 266
16 29 267
16 29 268
16 29 269
16 29 270
16 29 271
16 29 272
16 29 273
16 29 274
16 29 275
16 29 276
16 29 277
16 29 278
16 29 279
16 29 280
16 29 281
16 29 282
16 29 283
16 29 284
16 29 285
16 29 286
16 29 287
16 29 288
16 29 289
16 29 290
16 29 291
16 29 292
16 29 293
16 29 294
16 29 295
16 29 296
16 29 297
16 29 298
16 29 299
16 29 300
16 29 301
16 29 302
16 29 303
16 29 304
16 29 305
16 29 306
16 29 307
16 29 308
16 29 309
16 29 310
16 29 311
16 29 312
16 29 313
16 29 314
16 29 315
16 29 316
16 29 317
16 29 318
16 29 319
16 29 320
16 29 321
16 29 322
16 29 323
16 29 324
16 29 325
16 29 326
16 29 327
16 29 328
16 29 329
16 29 330
16 29 331
16 29 332
16 29 333
16 29 334
16 29 335
16 29 336
16 29 337
16 29 338
16 29 339
16 29 340
16 29 341
16 29 342
16 29 343
16 29 344
16 29 345
16 29 346
16 29 347
16 29 348
16 29 349
16 29 350
16 29 351
16 29 352
16 29 353
16 29 354
16 29 355
16 29 356
16 29 357
16 29 358
16 29 359
16 29 360
16 29 361
16 29 362
16 29 363
16 29 364
16 29 365
16 29 366
16 29 367
16 29 368
16 29 369
16 29 370
16 29 371
16 29 372
16 29 373
16 29 374
16 29 375
16 29 376
16 29 377
16 29 378
16 29 379
16 29 380
16 29 381
16 29 382
16 29 383
16 29 384
16 29 385
16 29 386
16 29 387
16 29 388
16 29 389
16 29 390
16 29 391
16 29 392
16 29 393
16 29 394
16 29 395
16 29 396
16 29 397
16 29 398
16 29 399
16 29 400
16 29 401
16 29 402
16 29 403
16 29 404
16 29 405
16 29 406
16 29 407
16 29 408
16 29 409
16 29 410
16 29 411
16 29 412
16 29 413
16 29 414
16 29 415
16 29 416
16 29 417
16 29 418
16 29 419
16 29 420
16 29 421
16 29 422
16 29 423
16 29 424
16 29 425
16 29 426
16 29 427
16 29 428
16 29 429
16 29 430
16 29 431
16 29 432
16 29 433
16 29 434
16 29 435
16 29 436
16 29 437
16 29 438
16 29 439
16 29 440
16 29 441
16 29 442
16 29 443
16 29 444
16 29 445
16 29 446
16 29 447
16 29 448
16 29 449
16 29 450
16 29 451
16 29 452
16 29 453
16 29 454
16 29 455
16 29 456
16 29 457
16 29 458
16 29 459
16 29 460
16 29 461
16 29 462
16 29 463
16 29 464
16 29 465
16 29 466
16 29 467
16 29 468
16 29 469
16 29 470
16 29 471
16 29 472
16 29 473
16 29 474
16 29 475
16 29 476
16 29 477
16 29 478
16 29 479
16 29 480
16 29 481
16 29 482
16 29 483
16 29 484
16 29 485
16 29 486
16 29 487
16 29 488
16 29 489
16 29 490
16 29 491
16 29 492
16 29 493
16 29 494
16 29 495
16 29 496
16 29 497
16 29 498
16 29 499
16 29 500
16 29 501
16 29 502
16 29 503
16 29 504
16 29 505
16 29 506
16 29 507
16 29 508
16 29 509
16 29 510
16 29 511
16 29 512
16 29 513
16 29 514
16 29 515
16 29 516
16 29 517
16 29 518
16 29 519
16 29 520
16 29 521
16 29 522
16 29 523
16 29 524
16 29 525
16 29 526
16 29 527
16 29 528
16 29 529
16 29 530
16 29 531
16 29 532
16 29 533
16 29 534
16 29 535
16 29 536
16 29 537
16 29 538
16 29 539
16 29 540
16 29 541
16 29 542
16 29 543
16 29 544
16 29 545
16 29 546
16 29 547
16 29 548
16 29 549
16 29 550
16 29 551
16 29 552
16 29 553
16 29 554
16 29 555
16 29 556
16 29 557
16 29 558
16 29 559
16 29 560
16 29 561
16 29 562
16 29 563
16 29 564
16 29 565
16 29 566
16 29 567
16 29 568
16 29 569
16 29 570
16 29 571
16 29 572
16 29 573
16 29 574
16 29 575
16 29 576
16 29 577
16 29 578
16 29 579
16 29 580
16 29 581
16 29 582
16 29 583
16 29 584
16 29 585
16 29 586
16 29 587
16 29 588
16 29 589
16 29 590
16 29 591
16 29 592
16 29 593
16 29 594
16 29 595
16 29 596
16 29 597
16 29 598
16 29 599
16 29 600
16 29 601
16 29 602
16 29 603
16 29 604
16 29 605
16 29 606
16 29 607
16 29 608
16 29 609
16 29 610
16 29 611
16 29 612
16 29 613
16 29 614
16 29 615
16 29 616
16 29 617
16 29 618
16 29 619
16 29 620
16 29 621
16 29 622
16 29 623
16 29 624
16 29 625
16 29 626
16 29 627
16 29 628
16 29 629
16 29 630
16 29 631
16 29 632
16 29 633
16 29 634
16 29 635
16 29 636
16 29 637
16 29 638
16 29 639
16 29 640
16 29 641
16 29 642
16 29 643
16 29 644
16 29 645
16 29 646
16 29 647
16 29 648
16 29 649
16 29 650
16 29 651
16 29 652
16 29 653
16 29 654
16 29 655
16 29 656
16 29 657
16 29 658
16 29 659
16 29 660
16 29 661
16 29 662
16 29 663
16 29 664
16 29 665
16 29 666
16 29 667
16 29 668
16 29 669
16 29 670
16 29 671
16 29 672
16 29 673
16 29 674
16 29 675
16 29 676
16 29 677
16 29 678
16 29 679
16 29 680
16 29 681
16 29 682
16 29 683
16 29 684
16 29 685
16 29 686
16 29 687
16 29 688
16 29 689
16 29 690
16 29 691
16 29 692
16 29 693
16 29 694
16 29 695
16 29 696
16 29 697
16 29 698
16 29 699
16 29 700
16 29 701
16 29 702
16 29 703
16 29 704
16 29 705
16 29 706
16 29 707
16 29 708
16 29 709
16 29 710
16 29 711
16 29 712
16 29 713
16 29 714
16 29 715
16 29 716
16 29 717
16 29 718
16 29 719
16 29 720
16 29 721
16 29 722
16 29 723
16 29 724
16 29 725
16 29 726
16 29 727
16 29 728
16 29 729
16 29 730
16 29 731
16 29 732
16 29 733
16 29 734
16 29 735
16 29 736
16 29 737
16 29 738
16 29 739
16 29 740
16 29 741
16 29 742
16 29 743
16 29 744
16 29 745
16 29 746
16 29 747
16 29 748
16 29 749
16 29 750
16 29 751
16 29 752
16 29 753
16 29 754
16 29 755
16 29 756
16 29 757
16 29 758
16 29 759
16 29 760
16 29 761
16 29 762
16 29 763
16 29 764
16 29 765
16 29 766
16 29 767
16 29 768
16 29 769
16 29 770
16 29 771
16 29 772
16 29 773
16 29 774
16 29 775
16 29 776
16 29 777
16 29 778
16 29 779
16 29 780
16 29 781
16 29 782
16 29 783
16 29 784
16 29 785
16 29 786
16 29 787
16 29 788
16 29 789
16 29 790
16 29 791
16 29 792
16 29 793
16 29 794
16 29 795
16 29 796
16 29 797
16 29 798
16 29 799
16 29 800
16 29 801
16 29 802
16 29 803
16 29 804
16 29 805
16 29 806
16 29 807
16 29 808
16 29 809
16 29 810
16 29 811
16 29 812
16 29 813
16 29 814
16 29 815
16 29 816
16 29 817
16 29 818
16 29 819
16 29 820
16 29 821
16 29 822
16 29 823
16 29 824
16 29 825
16 29 826
16 29 827
16 29 828
16 29 829
16 29 830
16 29 831
16 29 832
16 29 833
16 29 834
16 29 835
16 29 836
16 29 837
16 29 838
16 29 839
16 29 840
16 29 841
16 29 842
16 29 843
16 29 844
16 29 845
16 29 846
16 29 847
16 29 848
16 29 849
16 29 850
16 29 851
16 29 852
16 29 853
16 29 854
16 29 855
16 29 856
16 29 857
16 29 858
16 29 859
16 29 860
16 29 861
16 29 862
16 29 863
16 29 864
16 29 865
16 29 866
16 29 867
16 29 868
16 29 869
16 29 870
16 29 871
16 29 872
16 29 873
16 29 874
16 29 875
16 29 876
16 29 877
16 29 878
16 29 879
16 29 880
16 29 881
16 29 882
16 29 883
16 29 884
16 29 885
16 29 886
16 29 887
16 29 888
16 29 889
16 29 890
16 29 891
16 29 892
16 29 893
16 29 894
16 29 895
16 29 896
16 29 897
16 29 898
16 29 899
16 29 900
16 29 901
16 29 902
16 29 903
16 29 904
16 29 905
16 29 906
16 29 907
16 29 908
16 29 909
16 29 910
16 29 911
16 29 912
16 29 913
16 29 914
16 29 915
16 29 916
16 29 917
16 29 918
16 29 919
16 29 920
16 29 921
16 29 922
16 29 923
16 29 924
16 29 925
16 29 926
16 29 927
16 29 928
16 29 929
16 29 930
16 29 931
16 29 932
16 29 933
16 29 934
16 29 935
16 29 936
16 29 937
16 29 938
16 29 939
16 29 940
16 29 941
16 29 942
16 29 943
16 29 944
16 29 945
16 29 946
16 29 947
16 29 948
16 29 949
16 29 950
16 29 951
16 29 952
16 29 953
16 29 954
16 29 955
16 29 956
16 29 957
16 29 958
16 29 959
16 29 960
16 29 961
16 29 962
16 29 963
16 29 964
16 29 965
16 29 966
16 29 967
16 29 968
16 29 969
16 29 970
16 29 971
16 29 972
16 29 973
16 29 974
16 29 975
16 29 976
16 29 977
16 29 978
16 29 979
16 29 980
16 29 981
16 29 982
16 29 983
16 29 984
16 29 985
16 29 986
16 29 987
16 29 988
16 29 989
16 29 990
16 29 991
16 29 992
16 29 993
16 29 994
16 29 995
16 29 996
16 29 997
16 29 998
16 29 999
16 29 1000
16 29 1001
16 29 1002
16 29 1003
16 29 1004
16 29 1005
16 29 1006
16 29 1007
16 29 1008
16 29 1009
16 29 1010
16 29 1011
16 29 1012
16 29 1013
16 29 1014
16 29 1015
16 29 1016
16 29 1017
16 29 1018
16 29 1019
16 29 1020
16 29 1021
16 29 1022
16 29 1023
16 29 1024
16 29 1025
16 29 1026
16 29 1027
16 29 1028
16 29 1029
16 29 1030
16 29 1031
16 29 1032
16 29 1033
16 29 1034
16 29 1035
16 29 1036
16 29 1037
16 29 1038
16 29 1039
16 29 1040
16 29 1041
16 29 1042
16 29 1043
16 29 1044
16 29 1045
16 29 1046
16 29 1047
16 29 1048
16 29 1049
16 29 1050
16 29 1051
16 29 1052
16 29 1053
16 29 1054
16 29 1055
16 29 1056
16 29 1057
16 29 1058
16 29 1059
16 29 1060
16 29 1061
16 29 1062
16 29 1063
16 29 1064
16 29 1065
16 29 1066
16 29 1067
16 29 1068
16 29 1069
16 29 1070
16 29 1071
16 29 1072
16 29 1073
16 29 1074
16 29 1075
16 29 1076
16 29 1077
16 29 1078
16 29 1079
16 29 1080
16 29 1081
16 29 1082
16 29 1083
16 29 1084
16 29 1085
16 29 1086
16 29 1087
16 29 1088
16 29 1089
16 29 1090
16 29 1091
16 29 1092
16 29 1093
16 29 1094
16 29 1095
16 29 1096
16 29 1097
16 29 1098
16 29 1099
16 29 1100
16 29 1101
16 29 1102
16 29 1103
16 29 1104
16 29 1105
16 29 1106
16 29 1107
16 29 1108
16 29 1109
16 29 1110
16 29 1111
16 29 1112
16 29 1113
16 29 1114
16 29 1115
16 29 1116
16 29 1117
16 29 1118
16 29 1119
16 29 1120
16 29 1121
16 29 1122
16 29 1123
16 29 1124
16 29 1125
16 29 1126
16 29 1127
16 29 1128
16 29 1129
16 29 1130
16 29 1131
16 29 1132
16 29 1133
16 29 1134
16 29 1135
16 29 1136
16 29 1137
16 29 1138
16 29 1139
16 29 1140
16 29 1141
16 29 1142
16 29 1143
16 29 1144
16 29 1145
16 29 1146
16 29 1147
16 29 1148
16 29 1149
16 29 1150
16 29 1151
16 29 1152
16 29 1153
16 29 1154
16 29 1155
16 29 1156
16 29 1157
16 29 1158
16 29 1159
16 29 1160
16 29 1161
16 29 1162
16 29 1163
16 29 1164
16 29 1165
16 29 1166
16 29 1167
16 29 1168
16 29 1169
16 29 1170
16 29 1171
16 29 1172
16 29 1173
16 29 1174
16 29 1175
16 29 1176
16 29 1177
16 29 1178
16 29 1179
16 29 1180
16 29 1181
16 29 1182
16 29 1183
16 29 1184
16 29 1185
16 29 1186
16 29 1187
16 29 1188
16 29 1189
16 29 1190
16 29 1191
16 29 1192
16 29 1193
16 29 1194
16 29 1195
16 29 1196
16 29 1197
16 29 1198
16 29 1199
16 29 1200
16 29 1201
16 29 1202
16 29 1203
16 29 1204
16 29 1205
16 29 1206
16 29 1207
16 29 1208
16 29 1209
16 29 1210
16 29 1211
16 29 1212
16 29 1213
16 29 1214
16 29 1215
16 29 1216
16 29 1217
16 29 1218
16 29 1219
16 29 1220
16 29 1221
16 29 1222
16 29 1223
16 29 1224
16 29 1225
16 29 1226
16 29 1227
16 29 1228
16 29 1229
16 29 1230
16 29 1231
16 29 1232
16 29 1233
16 29 1234
16 29 1235
16 29 1236
16 29 1237
16 29 1238
16 29 1239
16 29 1240
16 29 1241
16 29 1242
16 29 1243
16 29 1244
16 29 1245
16 29 1246
16 29 1247
16 29 1248
16 29 1249
16 29 1250
16 29 1251
16 29 1252
16 29 1253
16 29 1254
16 29 1255
16 29 1256
16 29 1257
16 29 1258
16 29 1259
16 29 1260
16 29 1261
16 29 1262
16 29 1263
16 29 1264
16 29 1265
16 29 1266
16 29 1267
16 29 1268
16 29 1269
16 29 1270
16 29 1271
16 29 1272
16 29 1273
16 29 1274
16 29 1275
16 29 1276
16 29 1277
16 29 1278
16 29 1279
16 29 1280
16 29 1281
16 29 1282
16 29 1283
16 29 1284
16 29 1285
16 29 1286
16 29 1287
16 29 1288
16 29 1289
16 29 1290
16 29 1291
16 29 1292
16 29 1293
16 29 1294
16 29 1295
16 29 1296
16 29 1297
16 29 1298
16 29 1299
16 29 1300
16 29 1301
16 29 1302
16 29 1303
16 29 1304
16 29 1305
16 29 1306
16 29 1307
16 29 1308
16 29 1309
16 29 1310
16 29 1311
16 29 1312
16 29 1313
16 29 1314
16 29 1315
16 29 1316
16 29 1317
16 29 1318
16 29 1319
16 29 1320
16 29 1321
16 29 1322
16 29 1323
16 29 1324
16 29 1325
16 29 1326
16 29 1327
16 29 1328
16 29 1329
16 29 1330
16 29 1331
16 29 1332
16 29 1333
16 29 1334
16 29 1335
16 29 1336
16 29 1337
16 29 1338
16 29 1339
16 29 1340
16 29 1341
16 29 1342
16 29 1343
16 29 1344
16 29 1345
16 29 1346
16 29 1347
16 29 1348
16 29 1349
16 29 1350
16 29 1351
16 29 1352
16 29 1353
16 29 1354
16 29 1355
16 29 1356
16 29 1357
16 29 1358
16 29 1359
16 29 1360
16 29 1361
16 29 1362
16 29 1363
16 29 1364
16 29 1365
16 29 1366
16 29 1367
16 29 1368
16 29 1369
16 29 1370
16 29 1371
16 29 1372
16 29 1373
16 29 1374
16 29 1375
16 29 1376
16 29 1377
16 29 1378
16 29 1379
16 29 1380
16 29 1381
16 29 1382
16 29 1383
16 29 1384
16 29 1385
16 29 1386
16 29 1387
16 29 1388
16 29 1389
16 29 1390
16 29 1391
16 29 1392
16 29 1393
16 29 1394
16 29 1395
16 29 1396
16 29 1397
16 29 1398
16 29 1399
16 29 1400
16 29 1401
16 29 1402
16 29 1403
16 29 1404
16 29 1405
16 29 1406
16 29 1407
16 29 1408
16 29 1409
16 29 1410
16 29 1411
16 29 1412
16 29 1413
16 29 1414
16 29 1415
16 29 1416
16 29 1417
16 29 1418
16 29 1419
16 29 1420
16 29 1421
16 29 1422
16 29 1423
16 29 1424
16 29 1425
16 29 1426
16 29 1427
16 29 1428
16 29 1429
16 29 1430
16 29 1431
16 29 1432
16 29 1433
16 29 1434
16 29 1435
16 29 1436
16 29 1437
16 29 1438
16 29 1439
16 29 1440
16 29 1441
16 29 1442
16 29 1443
16 29 1444
16 29 1445
16 29 1446
16 29 1447
16 29 1448
16 29 1449
16 29 1450
16 29 1451
16 29 1452
16 29 1453
16 29 1454
16 29 1455
16 29 1456
16 29 1457
16 29 1458
16 29 1459
16 29 1460
16 29 1461
16 29 1462
16 29 1463
16 29 1464
16 29 1465
16 29 1466
16 29 1467
16 29 1468
16 29 1469
16 29 1470
16 29 1471
16 29 1472
16 29 1473
16 29 1474
16 29 1475
16 29 1476
16 29 1477
16 29 1478
16 29 1479
16 29 1480
16 29 1481
16 29 1482
16 29 1483
16 29 1484
16 29 1485
16 29 1486
16 29 1487
16 29 1488
16 29 1489
16 29 1490
16 29 1491
16 29 1492
16 29 1493
16 29 1494
16 29 1495
16 29 1496
16 29 1497
16 29 1498
16 29 1499
16 29 1500
16 29 1501
16 29 1502
16 29 1503
16 29 1504
16 29 1505
16 29 1506
16 29 1507
16 29 1508
16 29 1509
16 29 1510
16 29 1511
16 29 1512
16 29 1513
16 29 1514
16 29 1515
16 29 1516
16 29 1517
16 29 1518
16 29 1519
16 29 1520
16 29 1521
16 29 1522
16 29 1523
16 29 1524
16 29 1525
16 29 1526
16 29 1527
16 29 1528
16 29 1529
16 29 1530
16 29 1531
16 29 1532
16 29 1533
16 29 1534
16 29 1535
16 29 1536
16 29 1537
16 29 1538
16 29 1539
16 29 1540
16 29 1541
16 29 1542
16 29 1543
16 29 1544
16 29 1545
16 29 1546
16 29 1547
16 29 1548
16 29 1549
16 29 1550
16 29 1551
16 29 1552
16 29 1553
16 29 1554
16 29 1555
16 29 1556
16 29 1557
16 29 1558
16 29 1559
16 29 1560
16 29 1561
16 29 1562
16 29 1563
16 29 1564
16 29 1565
16 29 1566
16 29 1567
16 29 1568
16 29 1569
16 29 1570
16 29 1571
16 29 1572
16 29 1573
16 29 1574
16 29 1575
16 29 1576
16 29 1577
16 29 1578
16 29 1579
16 29 1580
16 29 1581
16 29 1582
16 29 1583
16 29 1584
16 29 1585
16 29 1586
16 29 1587
16 29 1588
16 29 1589
16 29 1590
16 29 1591
16 29 1592
16 29 1593
16 29 1594
16 29 1595
16 29 1596
16 29 1597
16 29 1598
16 29 1599
16 29 1600
16 29 1601
16 29 1602
16 29 1603
16 29 1604
16 29 1605
16 29 1606
16 29 1607
16 29 1608
16 29 1609
16 29 1610
16 29 1611
16 29 1612
16 29 1613
16 29 1614
16 29 1615
16 29 1616
16 29 1617
16 29 1618
16 29 1619
16 29 1620
16 29 1621
16 29 1622
16 29 1623
16 29 1624
16 29 1625
16 29 1626
16 29 1627
16 29 1628
16 29 1629
16 29 1630
16 29 1631
16 29 1632
16 29 1633
16 29 1634
16 29 1635
16 29 1636
16 29 1637
16 29 1638
16 29 1639
16 29 1640
16 29 1641
16 29 1642
16 29 1643
16 29 1644
16 29 1645
16 29 1646
16 29 1647
16 29 1648
16 29 1649
16 29 1650
16 29 1651
16 29 1652
16 29 1653
16 29 1654
16 29 1655
16 29 1656
16 29 1657
16 29 1658
16 29 1659
16 29 1660
16 29 1661
16 29 1662
16 29 1663
16 29 1664
16 29 1665
16 29 1666
16 29 1667
16 29 1668
16 29 1669
16 29 1670
16 29 1671
16 29 1672
16 29 1673
16 29 1674
16 29 1675
16 29 1676
16 29 1677
16 29 1678
16 29 1679
16 29 1680
16 29 1681
16 29 1682
16 29 1683
16 29 1684
16 29 1685
16 29 1686
16 29 1687
16 29 1688
16 29 1689
16 29 1690
16 29 1691
16 29 1692
16 29 1693
16 29 1694
16 29 1695
16 29 1696
16 29 1697
16 29 1698
16 29 1699
16 29 1700
16 29 1701
16 29 1702
16 29 1703
16 29 1704
16 29 1705
16 29 1706
16 29 1707
16 29 1708
16 29 1709
16 29 1710
16 29 1711
16 29 1712
16 29 1713
16 29 1714
16 29 1715
16 29 1716
16 29 1717
16 29 1718
16 29 1719
16 29 1720
16 29 1721
16 29 1722
16 29 1723
16 29 1724
16 29 1725
16 29 1726
16 29 1727
16 29 1728
16 29 1729
16 29 1730
16 29 1731
16 29 1732
16 29 1733
16 29 1734
16 29 1735
16 29 1736
16 29 1737
16 29 1738
16 29 1739
16 29 1740
16 29 1741
16 29 1742
16 29 1743
16 29 1744
16 29 1745
16 29 1746
16 29 1747
16 29 1748
16 29 1749
16 29 1750
16 29 1751
16 29 1752
16 29 1753
16 29 1754
16 29 1755
16 29 1756
16 29 1757
16 29 1758
16 29 1759
16 29 1760
16 29 1761
16 29 1762
16 29 1763
16 29 1764
16 29 1765
16 29 1766
16 29 1767
16 29 1768
16 29 1769
16 29 1770
16 29 1771
16 29 1772
16 29 1773
16 29 1774
16 29 1775
16 29 1776
16 29 1777
16 29 1778
16 29 1779
16 29 1780
16 29 1781
16 29 1782
16 29 1783
16 29 1784
16 29 1785
16 29 1786
16 29 1787
16 29 1788
16 29 1789
16 29 1790
16 29 1791
16 29 1792
16 29 1793
16 29 1794
16 29 1795
16 29 1796
16 29 1797
16 29 1798
16 29 1799
16 29 1800
16 29 1801
16 29 1802
16 29 1803
16 29 1804
16 29 1805
16 29 1806
16 29 1807
16 29 1808
16 29 1809
16 29 1810
16 29 1811
16 29 1812
16 29 1813
16 29 1814
16 29 1815
16 29 1816
16 29 1817
16 29 1818
16 29 1819
16 29 1820
16 29 1821
16 29 1822
16 29 1823
16 29 1824
16 29 1825
16 29 1826
16 29 1827
16 29 1828
16 29 1829
16 29 1830
16 29 1831
16 29 1832
16 29 1833
16 29 1834
16 29 1835
16 29 1836
16 29 1837
16 29 1838
16 29 1839
16 29 1840
16 29 1841
16 29 1842
16 29 1843
16 29 1844
16 29 1845
16 29 1846
16 29 1847
16 29 1848
16 29 1849
16 29 1850
16 29 1851
16 29 1852
16 29 1853
16 29 1854
16 29 1855
16 29 1856
16 29 1857
16 29 1858
16 29 1859
16 29 1860
16 29 1861
16 29 1862
16 29 1863
16 29 1864
16 29 1865
16 29 1866
16 29 1867
16 29 1868
16 29 1869
16 29 1870
16 29 1871
16 29 1872
16 29 1873
16 29 1874
16 29 1875
16 29 1876
16 29 1877
16 29 1878
16 29 1879
16 29 1880
16 29 1881
16 29 1882
16 29 1883
16 29 1884
16 29 1885
16 29 1886
16 29 1887
16 29 1888
16 29 1889
16 29 1890
16 29 1891
16 29 1892
16 29 1893
16 29 1894
16 29 1895
16 29 1896
16 29 1897
16 29 1898
16 29 1899
16 29 1900
16 29 1901
16 29 1902
16 29 1903
16 29 1904
16 29 1905
16 29 1906
16 29 1907
16 29 1908
16 29 1909
16 29 1910
16 29 1911
16 29 1912
16 29 1913
16 29 1914
16 29 1915
16 29 1916
16 29 1917
16 29 1918
16 29 1919
16 29 1920
16 29 1921
16 29 1922
16 29 1923
16 29 1924
16 29 1925
16 29 1926
16 29 1927
16 29 1928
16 29 1929
16 29 1930
16 29 1931
16 29 1932
16 29 1933
16 29 1934
16 29 1935
16 29 1936
16 29 1937
16 29 1938
16 29 1939
16 29 1940
16 29 1941
16 29 1942
16 29 1943
16 29 1944
16 29 1945
16 29 1946
16 29 1947
16 29 1948
16 29 1949
16 29 1950
16 29 1951
16 29 1952
16 29 1953
16 29 1954
16 29 1955
16 29 1956
16 29 1957
16 29 1958
16 29 1959
16 29 1960
16 29 1961
16 29 1962
16 29 1963
16 29 1964
16 29 1965
16 29 1966
16 29 1967
16 29 1968
16 29 1969
16 29 1970
16 29 1971
16 29 1972
16 29 1973
16 29 1974
16 29 1975
16 29 1976
16 29 1977
16 29 1978
16 29 1979
16 29 1980
16 29 1981
16 29 1982
16 29 1983
16 29 1984
16 29 1985
16 29 1986
16 29 1987
16 29 1988
16 29 1989
16 29 1990
16 29 1991
16 29 1992
16 29 1993
16 29 1994
16 29 1995
16 29 1996
16 29 1997
16 29 1998
16 29 1999
16 29 2000
16 29 2001
16 29 2002
16 29 2003
16 29 2004
16 29 2005
16 29 2006
16 29 2007
16 29 2008
16 29 2009
16 29 2010
16 29 2011
16 29 2012
16 29 2013
16 29 2014
16 29 2015
16 29 2016
16 29 2017
16 29 2018
16 29 2019
16 29 2020
16 29 2021
16 29 2022
16 29 2023
16 29 2024
16 29 2025
16 29 2026
16 29 2027
16 29 2028
16 29 2029
16 29 2030
16 29 2031
16 29 2032
16 29 2033
16 29 2034
16 29 2035
16 29 2036
16 29 2037
16 29 2038
16 29 2039
16 29 2040
16 29 2041
16 29 2042
16 29 2043
16 29 2044
16 29 2045
16 29 2046
16 29 2047
16 29 2048
16 29 2049
16 29 2050
16 29 2051
16 29 2052
16 29 2053
16 29 2054
16 29 2055
16 29 2056
16 29 2057
16 29 2058
16 29 2059
16 29 2060
16 29 2061
16 29 2062
16 29 2063
16 29 2064
16 29 2065
16 29 2066
16 29 2067
16 29 2068
16 29 2069
16 29 2070
16 29 2071
16 29 2072
16 29 2073
16 29 2074
16 29 2075
16 29 2076
16 29 2077
16 29 2078
16 29 2079
16 29 2080
16 29 2081
16 29 2082
16 29 2083
16 29 2084
16 29 2085
16 29 2086
16 29 2087
16 29 2088
16 29 2089
16 29 2090
16 29 2091
16 29 2092
16 29 2093
16 29 2094
16 29 2095
16 29 2096
16 29 2097
16 29 2098
16 29 2099
16 29 2100
16 29 2101
16 29 2102
16 29 2103
16 29 2104
16 29 2105
16 29 2106
16 29 2107
16 29 2108
16 29 2109
16 29 2110
16 29 2111
16 29 2112
16 29 2113
16 29 2114
16 29 2115
16 29 2116
16 29 2117
16 29 2118
16 29 2119
16 29 2120
16 29 2121
16 29 2122
16 29 2123
16 29 2124
16 29 2125
16 29 2126
16 29 2127
16 29 2128
16 29 2129
16 29 2130
16 29 2131
16 29 2132
16 29 2133
16 29 2134
16 29 2135
16 29 2136
16 29 2137
16 29 2138
16 29 2139
16 29 2140
16 29 2141
16 29 2142
16 29 2143
16 29 2144
16 29 2145
16 29 2146
16 29 2147
16 29 2148
16 29 2149
16 29 2150
16 29 2151
16 29 2152
16 29 2153
16 29 2154
16 29 2155
16 29 2156
16 29 2157
16 29 2158
16 29 2159
16 29 2160
16 29 2161
16 29 2162
16 29 2163
16 29 2164
16 29 2165
16 29 2166
16 29 2167
16 29 2168
16 29 2169
16 29 2170
16 29 2171
16 29 2172
16 29 2173
16 29 2174
16 29 2175
16 29 2176
16 29 2177
16 29 2178
16 29 2179
16 29 2180
16 29 2181
16 29 2182
16 29 2183
16 29 2184
16 29 2185
16 29 2186
16 29 2187
16 29 2188
16 29 2189
16 29 2190
16 29 2191
16 29 2192
16 29 2193
16 29 2194
16 29 2195
16 29 2196
16 29 2197
16 29 2198
16 29 2199
16 29 2200
16 29 2201
16 29 2202
16 29 2203
16 29 2204
16 29 2205
16 29 2206
16 29 2207
16 29 2208
16 29 2209
16 29 2210
16 29 2211
16 29 2212
16 29 2213
16 29 2214
16 29 2215
16 29 2216
16 29 2217
16 29 2218
16 29 2219
16 29 2220
16 29 2221
16 29 2222
16 29 2223
16 29 2224
16 29 2225
16 29 2226
16 29 2227
16 29 2228
16 29 2229
16 29 2230
16 29 2231
16 29 2232
16 29 2233
16 29 2234
16 29 2235
16 29 2236
16 29 2237
16 29 2238
16 29 2239
16 29 2240
16 29 2241
16 29 2242
16 29 2243
16 29 2244
16 29 2245
16 29 2246
16 29 2247
16 29 2248
16 29 2249
16 29 2250
16 29 2251
16 29 2252
16 29 2253
16 29 2254
16 29 2255
16 29 2256
16 29 2257
16 29 2258
16 29 2259
16 29 2260
16 29 2261
16 29 2262
16 29 2263
16 29 2264
16 29 2265
16 29 2266
16 29 2267
16 29 2268
16 29 2269
16 29 2270
16 29 2271
16 29 2272
16 29 2273
16 29 2274
16 29 2275
16 29 2276
16 29 2277
16 29 2278
16 29 2279
16 29 2280
16 29 2281
16 29 2282
16 29 2283
16 29 2284
16 29 2285
16 29 2286
16 29 2287
16 29 2288
16 29 2289
16 29 2290
16 29 2291
16 29 2292
16 29 2293
16 29 2294
16 29 2295
16 29 2296
16 29 2297
16 29 2298
16 29 2299
16 29 2300
16 29 2301
16 29 2302
16 29 2303
16 29 2304
16 29 2305
16 29 2306
16 29 2307
16 29 2308
16 29 2309
16 29 2310
16 29 2311
16 29 2312
16 29 2313
16 29 2314
16 29 2315
16 29 2316
16 29 2317
16 29 2318
16 29 2319
16 29 2320
16 29 2321
16 29 2322
16 29 2323
16 29 2324
16 29 2325
16 29 2326
16 29 2327
16 29 2328
16 29 2329
16 29 2330
16 29 2331
16 29 2332
16 29 2333
16 29 2334
16 29 2335
16 29 2336
16 29 2337
16 29 2338
16 29 2339
16 29 2340
16 29 2341
16 29 2342
16 29 2343
16 29 2344
16 29 2345
16 29 2346
16 29 2347
16 29 2348
16 29 2349
16 29 2350
16 29 2351
16 29 2352
16 29 2353
16 29 2354
16 29 2355
16 29 2356
16 29 2357
16 29 2358
16 29 2359
16 29 2360
16 29 2361
16 29 2362
16 29 2363
16 29 2364
16 29 2365
16 29 2366
16 29 2367
16 29 2368
16 29 2369
16 29 2370
16 29 2371
16 29 2372
16 29 2373
16 29 2374
16 29 2375
16 29 2376
16 29 2377
16 29 2378
16 29 2379
16 29 2380
16 29 2381
16 29 2382
16 29 2383
16 29 2384
16 29 2385
16 29 2386
16 29 2387
16 29 2388
16 29 2389
16 29 2390
16 29 2391
16 29 2392
16 29 2393
16 29 2394
16 29 2395
16 29 2396
16 29 2397
16 29 2398
16 29 2399
16 29 2400
16 29 2401
16 29 2402
16 29 2403
16 29 2404
16 29 2405
16 29 2406
16 29 2407
16 29 2408
16 29 2409
16 29 2410
16 29 2411
16 29 2412
16 29 2413
16 29 2414
16 29 2415
16 29 2416
16 29 2417
16 29 2418
16 29 2419
16 29 2420
16 29 2421
16 29 2422
16 29 2423
16 29 2424
16 29 2425
16 29 2426
16 29 2427
16 29 2428
16 29 2429
16 29 2430
16 29 2431
16 29 2432
16 29 2433
16 29 2434
16 29 2435
16 29 2436
16 29 2437
16 29 2438
16 29 2439
16 29 2440
16 29 2441
16 29 2442
16 29 2443
16 29 2444
16 29 2445
16 29 2446
16 29 2447
16 29 2448
16 29 2449
16 29 2450
16 29 2451
16 29 2452
16 29 2453
16 29 2454
16 29 2455
16 29 2456
16 29 2457
