40 1 1
40 1 2
40 1 3
40 1 4
40 1 5
40 1 6
40 1 7
40 1 8
40 1 9
40 1 10
40 1 11
40 1 12
40 1 13
40 1 14
40 1 15
40 1 16
40 1 17
40 1 18
40 1 19
40 1 20
40 1 21
40 1 22
40 1 23
40 1 24
40 1 25
40 1 26
40 1 27
40 1 28
40 1 29
40 1 30
40 1 31
40 1 32
40 1 33
40 1 34
40 1 35
40 1 36
40 1 37
40 1 38
40 1 39
40 1 40
40 1 41
40 1 42
40 1 43
40 1 44
40 1 45
40 1 46
40 1 47
40 1 48
40 1 49
40 1 50
40 1 51
40 1 52
40 1 53
40 1 54
40 1 55
40 1 56
40 1 57
40 1 58
40 1 59
40 1 60
40 1 61
40 1 62
40 1 63
40 1 64
40 1 65
40 1 66
40 1 67
40 1 68
40 1 69
40 1 70
40 1 71
40 1 72
40 1 73
40 1 74
40 1 75
40 1 76
40 1 77
40 1 78
40 1 79
40 1 80
40 1 81
40 1 82
40 1 83
40 1 84
40 1 85
40 1 86
40 1 87
40 1 88
40 1 89
40 1 90
40 1 91
40 1 92
40 1 93
40 1 94
40 1 95
40 1 96
40 1 97
40 1 98
40 1 99
40 1 100
40 1 101
40 1 102
40 1 103
40 1 104
40 1 105
40 1 106
40 1 107
40 1 108
40 1 109
40 1 110
40 1 111
40 1 112
40 1 113
40 1 114
40 1 115
40 1 116
40 1 117
40 1 118
40 1 119
40 1 120
40 1 121
40 1 122
40 1 123
40 1 124
40 1 125
40 1 126
40 1 127
40 1 128
40 1 129
40 1 130
40 1 131
40 1 132
40 1 133
40 1 134
40 1 135
40 1 136
40 1 137
40 1 138
40 1 139
40 1 140
40 1 141
40 1 142
40 1 143
40 1 144
40 1 145
40 1 146
40 1 147
40 1 148
40 1 149
40 1 150
40 1 151
40 1 152
40 1 153
40 1 154
40 1 155
40 1 156
40 1 157
40 1 158
40 1 159
40 1 160
40 1 161
40 1 162
40 1 163
40 1 164
40 1 165
40 1 166
40 1 167
40 1 168
40 1 169
40 1 170
40 1 171
40 1 172
40 1 173
40 1 174
40 1 175
40 1 176
40 1 177
40 1 178
40 1 179
40 1 180
40 1 181
40 1 182
40 1 183
40 1 184
40 1 185
40 1 186
40 1 187
40 1 188
40 1 189
40 1 190
40 1 191
40 1 192
40 1 193
40 1 194
40 1 195
40 1 196
40 1 197
40 1 198
40 1 199
40 1 200
40 1 201
40 1 202
40 1 203
40 1 204
40 1 205
40 1 206
40 1 207
40 1 208
40 1 209
40 1 210
40 1 211
40 1 212
40 1 213
40 1 214
40 1 215
40 1 216
40 1 217
40 1 218
40 1 219
40 1 220
40 1 221
40 1 222
40 1 223
40 1 224
40 1 225
40 1 226
40 1 227
40 1 228
40 1 229
40 1 230
40 1 231
40 1 232
40 1 233
40 1 234
40 1 235
40 1 236
40 1 237
40 1 238
40 1 239
40 1 240
40 1 241
40 1 242
40 1 243
40 1 244
40 1 245
40 1 246
40 1 247
40 1 248
40 1 249
40 1 250
40 1 251
40 1 252
40 1 253
40 1 254
40 1 255
40 1 256
40 1 257
40 1 258
40 1 259
40 1 260
40 1 261
40 1 262
40 1 263
40 1 264
40 1 265
40 1 266
40 1 267
40 1 268
40 1 269
40 1 270
40 1 271
40 1 272
40 1 273
40 1 274
40 1 275
40 1 276
40 1 277
40 1 278
40 1 279
40 1 280
40 1 281
40 1 282
40 1 283
40 1 284
40 1 285
40 1 286
40 1 287
40 1 288
40 1 289
40 1 290
40 1 291
40 1 292
40 1 293
40 1 294
40 1 295
40 1 296
40 1 297
40 1 298
40 1 299
40 1 300
40 1 301
40 1 302
40 1 303
40 1 304
40 1 305
40 1 306
40 1 307
40 1 308
40 1 309
40 1 310
40 1 311
40 1 312
40 1 313
40 1 314
40 1 315
40 1 316
40 1 317
40 1 318
40 1 319
40 1 320
40 1 321
40 1 322
40 1 323
40 1 324
40 1 325
40 1 326
40 1 327
40 1 328
40 1 329
40 1 330
40 1 331
40 1 332
40 1 333
40 1 334
40 1 335
40 1 336
40 1 337
40 1 338
40 1 339
40 1 340
40 1 341
40 1 342
40 1 343
40 1 344
40 1 345
40 1 346
40 1 347
40 1 348
40 1 349
40 1 350
40 1 351
40 1 352
40 1 353
40 1 354
40 1 355
40 1 356
40 1 357
40 1 358
40 1 359
40 1 360
40 1 361
40 1 362
40 1 363
40 1 364
40 1 365
40 1 366
40 1 367
40 1 368
40 1 369
40 1 370
40 1 371
40 1 372
40 1 373
40 1 374
40 1 375
40 1 376
40 1 377
40 1 378
40 1 379
40 1 380
40 1 381
40 1 382
40 1 383
40 1 384
40 1 385
40 1 386
40 1 387
40 1 388
40 1 389
40 1 390
40 1 391
40 1 392
40 1 393
40 1 394
40 1 395
40 1 396
40 1 397
40 1 398
40 1 399
40 1 400
40 1 401
40 1 402
40 1 403
40 1 404
40 1 405
40 1 406
40 1 407
40 1 408
40 1 409
40 1 410
40 1 411
40 1 412
40 1 413
40 1 414
40 1 415
40 1 416
40 1 417
40 1 418
40 1 419
40 1 420
40 1 421
40 1 422
40 1 423
40 1 424
40 1 425
40 1 426
40 1 427
40 1 428
40 1 429
40 1 430
40 1 431
40 1 432
40 1 433
40 1 434
40 1 435
40 1 436
40 1 437
40 1 438
40 1 439
40 1 440
40 1 441
40 1 442
40 1 443
40 1 444
40 1 445
40 1 446
40 1 447
40 1 448
40 1 449
40 1 450
40 1 451
40 1 452
40 1 453
40 1 454
40 1 455
40 1 456
40 1 457
40 1 458
40 1 459
40 1 460
40 1 461
40 1 462
40 1 463
40 1 464
40 1 465
40 1 466
40 1 467
40 1 468
40 1 469
40 1 470
40 1 471
40 1 472
40 1 473
40 1 474
40 1 475
40 1 476
40 1 477
40 1 478
40 1 479
40 1 480
40 1 481
40 1 482
40 1 483
40 1 484
40 1 485
40 1 486
40 1 487
40 1 488
40 1 489
40 1 490
40 1 491
40 1 492
40 1 493
40 1 494
40 1 495
40 1 496
40 1 497
40 1 498
40 1 499
40 1 500
40 1 501
40 1 502
40 1 503
40 1 504
40 1 505
40 1 506
40 1 507
40 1 508
40 1 509
40 1 510
40 1 511
40 1 512
40 1 513
40 1 514
40 1 515
40 1 516
40 1 517
40 1 518
40 1 519
40 1 520
40 1 521
40 1 522
40 1 523
40 1 524
40 1 525
40 1 526
40 1 527
40 1 528
40 1 529
40 1 530
40 1 531
40 1 532
40 1 533
40 1 534
40 1 535
40 1 536
40 1 537
40 1 538
40 1 539
40 1 540
40 1 541
40 1 542
40 1 543
40 1 544
40 1 545
40 1 546
40 1 547
40 1 548
40 1 549
40 1 550
40 1 551
40 1 552
40 1 553
40 1 554
40 1 555
40 1 556
40 1 557
40 1 558
40 1 559
40 1 560
40 1 561
40 1 562
40 1 563
40 1 564
40 1 565
40 1 566
40 1 567
40 1 568
40 1 569
40 1 570
40 1 571
40 1 572
40 1 573
40 1 574
40 1 575
40 1 576
40 1 577
40 1 578
40 1 579
40 1 580
40 1 581
40 1 582
40 1 583
40 1 584
40 1 585
40 1 586
40 1 587
40 1 588
40 1 589
40 1 590
40 1 591
40 1 592
40 1 593
40 1 594
40 1 595
40 1 596
40 1 597
40 1 598
40 1 599
40 1 600
40 1 601
40 1 602
40 1 603
40 1 604
40 1 605
40 1 606
40 1 607
40 1 608
40 1 609
40 1 610
40 1 611
40 1 612
40 1 613
40 1 614
40 1 615
40 1 616
40 1 617
40 1 618
40 1 619
40 1 620
40 1 621
40 1 622
40 1 623
40 1 624
40 1 625
40 1 626
40 1 627
40 1 628
40 1 629
40 1 630
40 1 631
40 1 632
40 1 633
40 1 634
40 1 635
40 1 636
40 1 637
40 1 638
40 1 639
40 1 640
40 1 641
40 1 642
40 1 643
40 1 644
40 1 645
40 1 646
40 1 647
40 1 648
40 1 649
40 1 650
40 1 651
40 1 652
40 1 653
40 1 654
40 1 655
40 1 656
40 1 657
40 1 658
40 1 659
40 1 660
40 1 661
40 1 662
40 1 663
40 1 664
40 1 665
40 1 666
40 1 667
40 1 668
40 1 669
40 1 670
40 1 671
40 1 672
40 1 673
40 1 674
40 1 675
40 1 676
40 1 677
40 1 678
40 1 679
40 1 680
40 1 681
40 1 682
40 1 683
40 1 684
40 1 685
40 1 686
40 1 687
40 1 688
40 1 689
40 1 690
40 1 691
40 1 692
40 1 693
40 1 694
40 1 695
40 1 696
40 1 697
40 1 698
40 1 699
40 1 700
40 1 701
40 1 702
40 1 703
40 1 704
40 1 705
40 1 706
40 1 707
40 1 708
40 1 709
40 1 710
40 1 711
40 1 712
40 1 713
40 1 714
40 1 715
40 1 716
40 1 717
40 1 718
40 1 719
40 1 720
40 1 721
40 1 722
40 1 723
40 1 724
40 1 725
40 1 726
40 1 727
40 1 728
40 1 729
40 1 730
40 1 731
40 1 732
40 1 733
40 1 734
40 1 735
40 1 736
40 1 737
40 1 738
40 1 739
40 1 740
40 1 741
40 1 742
40 1 743
40 1 744
40 1 745
40 1 746
40 1 747
40 1 748
40 1 749
40 1 750
40 1 751
40 1 752
40 1 753
40 1 754
40 1 755
40 1 756
40 1 757
40 1 758
40 1 759
40 1 760
40 1 761
40 1 762
40 1 763
40 1 764
40 1 765
40 1 766
40 1 767
40 1 768
40 1 769
40 1 770
40 1 771
40 1 772
40 1 773
40 1 774
40 1 775
40 1 776
40 1 777
40 1 778
40 1 779
40 1 780
40 1 781
40 1 782
40 1 783
40 1 784
40 1 785
40 1 786
40 1 787
40 1 788
40 1 789
40 1 790
40 1 791
40 1 792
40 1 793
40 1 794
40 1 795
40 1 796
40 1 797
40 1 798
40 1 799
40 1 800
40 1 801
40 1 802
40 1 803
40 1 804
40 1 805
40 1 806
40 1 807
40 1 808
40 1 809
40 1 810
40 1 811
40 1 812
40 1 813
40 1 814
40 1 815
40 1 816
40 1 817
40 1 818
40 1 819
40 1 820
40 1 821
40 1 822
40 1 823
40 1 824
40 1 825
40 1 826
40 1 827
40 1 828
40 1 829
40 1 830
40 1 831
40 1 832
40 1 833
40 1 834
40 1 835
40 1 836
40 1 837
40 1 838
40 1 839
40 1 840
40 1 841
40 1 842
40 1 843
40 1 844
40 1 845
40 1 846
40 1 847
40 1 848
40 1 849
40 1 850
40 1 851
40 1 852
40 1 853
40 1 854
40 1 855
40 1 856
40 1 857
40 1 858
40 1 859
40 1 860
40 1 861
40 1 862
40 1 863
40 1 864
40 1 865
40 1 866
40 1 867
40 1 868
40 1 869
40 1 870
40 1 871
40 1 872
40 1 873
40 1 874
40 1 875
40 1 876
40 1 877
40 1 878
40 1 879
40 1 880
40 1 881
40 1 882
40 1 883
40 1 884
40 1 885
40 1 886
40 1 887
40 1 888
40 1 889
40 1 890
40 1 891
40 1 892
40 1 893
40 1 894
40 1 895
40 1 896
40 1 897
40 1 898
40 1 899
40 1 900
40 1 901
40 1 902
40 1 903
40 1 904
40 1 905
40 1 906
40 1 907
40 1 908
40 1 909
40 1 910
40 1 911
40 1 912
40 1 913
40 1 914
40 1 915
40 1 916
40 1 917
40 1 918
40 1 919
40 1 920
40 1 921
40 1 922
40 1 923
40 1 924
40 1 925
40 1 926
40 1 927
40 1 928
40 1 929
40 1 930
40 1 931
40 1 932
40 1 933
40 1 934
40 1 935
40 1 936
40 1 937
40 1 938
40 1 939
40 1 940
40 1 941
40 1 942
40 1 943
40 1 944
40 1 945
40 1 946
40 1 947
40 1 948
40 1 949
40 1 950
40 1 951
40 1 952
40 1 953
40 1 954
40 1 955
40 1 956
40 1 957
40 1 958
40 1 959
40 1 960
40 1 961
40 1 962
40 1 963
40 1 964
40 1 965
40 1 966
40 1 967
40 1 968
40 1 969
40 1 970
40 1 971
40 1 972
40 1 973
40 1 974
40 1 975
40 1 976
40 1 977
40 1 978
40 1 979
40 1 980
40 1 981
40 1 982
40 1 983
40 1 984
40 1 985
40 1 986
40 1 987
40 1 988
40 1 989
40 1 990
40 1 991
40 1 992
40 1 993
40 1 994
40 1 995
40 1 996
40 1 997
40 1 998
40 1 999
40 1 1000
40 1 1001
40 1 1002
40 1 1003
40 1 1004
40 1 1005
40 1 1006
40 1 1007
40 1 1008
40 1 1009
40 1 1010
40 1 1011
40 1 1012
40 1 1013
40 1 1014
40 1 1015
40 1 1016
40 1 1017
40 1 1018
40 1 1019
40 1 1020
40 1 1021
40 1 1022
40 1 1023
40 1 1024
40 1 1025
40 1 1026
40 1 1027
40 1 1028
40 1 1029
40 1 1030
40 1 1031
40 1 1032
40 1 1033
40 1 1034
40 1 1035
40 1 1036
40 1 1037
40 1 1038
40 1 1039
40 1 1040
40 1 1041
40 1 1042
40 1 1043
40 1 1044
40 1 1045
40 1 1046
40 1 1047
40 1 1048
40 1 1049
40 1 1050
40 1 1051
40 1 1052
40 1 1053
40 1 1054
40 1 1055
40 1 1056
40 1 1057
40 1 1058
40 1 1059
40 1 1060
40 1 1061
40 1 1062
40 1 1063
40 1 1064
40 1 1065
40 1 1066
40 1 1067
40 1 1068
40 1 1069
40 1 1070
40 1 1071
40 1 1072
40 1 1073
40 1 1074
40 1 1075
40 1 1076
40 1 1077
40 1 1078
40 1 1079
40 1 1080
40 1 1081
40 1 1082
40 1 1083
40 1 1084
40 1 1085
40 1 1086
40 1 1087
40 1 1088
40 1 1089
40 1 1090
40 1 1091
40 1 1092
40 1 1093
40 1 1094
40 1 1095
40 1 1096
40 1 1097
40 1 1098
40 1 1099
40 1 1100
40 1 1101
40 1 1102
40 1 1103
40 1 1104
40 1 1105
40 1 1106
40 1 1107
40 1 1108
40 1 1109
40 1 1110
40 1 1111
40 1 1112
40 1 1113
40 1 1114
40 1 1115
40 1 1116
40 1 1117
40 1 1118
40 1 1119
40 1 1120
40 1 1121
40 1 1122
40 1 1123
40 1 1124
40 1 1125
40 1 1126
40 1 1127
40 1 1128
40 1 1129
40 1 1130
40 1 1131
40 1 1132
40 1 1133
40 1 1134
40 1 1135
40 1 1136
40 1 1137
40 1 1138
40 1 1139
40 1 1140
40 1 1141
40 1 1142
40 1 1143
40 1 1144
40 1 1145
40 1 1146
40 1 1147
40 1 1148
40 1 1149
40 1 1150
40 1 1151
40 1 1152
40 1 1153
40 1 1154
40 1 1155
40 1 1156
40 1 1157
40 1 1158
40 1 1159
40 1 1160
40 1 1161
40 1 1162
40 1 1163
40 1 1164
40 1 1165
40 1 1166
40 1 1167
40 1 1168
40 1 1169
40 1 1170
40 1 1171
40 1 1172
40 1 1173
40 1 1174
40 1 1175
40 1 1176
40 1 1177
40 1 1178
40 1 1179
40 1 1180
40 1 1181
40 1 1182
40 1 1183
40 1 1184
40 1 1185
40 1 1186
40 1 1187
40 1 1188
40 1 1189
40 1 1190
40 1 1191
40 1 1192
40 1 1193
40 1 1194
40 1 1195
40 1 1196
40 1 1197
40 1 1198
40 1 1199
40 1 1200
40 1 1201
40 1 1202
40 1 1203
40 1 1204
40 1 1205
40 1 1206
40 1 1207
40 1 1208
40 1 1209
40 1 1210
40 1 1211
40 1 1212
40 1 1213
40 1 1214
40 1 1215
40 1 1216
40 1 1217
40 1 1218
40 1 1219
40 1 1220
40 1 1221
40 1 1222
40 1 1223
40 1 1224
40 1 1225
40 1 1226
40 1 1227
40 1 1228
40 1 1229
40 1 1230
40 1 1231
40 1 1232
40 1 1233
40 1 1234
40 1 1235
40 1 1236
40 1 1237
40 1 1238
40 1 1239
40 1 1240
40 1 1241
40 1 1242
40 1 1243
40 1 1244
40 1 1245
40 1 1246
40 1 1247
40 1 1248
40 1 1249
40 1 1250
40 1 1251
40 1 1252
40 1 1253
40 1 1254
40 1 1255
40 1 1256
40 1 1257
40 1 1258
40 1 1259
40 1 1260
40 1 1261
40 1 1262
40 1 1263
40 1 1264
40 1 1265
40 1 1266
40 1 1267
40 1 1268
40 1 1269
40 1 1270
40 1 1271
40 1 1272
40 1 1273
40 1 1274
40 1 1275
40 1 1276
40 1 1277
40 1 1278
40 1 1279
40 1 1280
40 1 1281
40 1 1282
40 1 1283
40 1 1284
40 1 1285
40 1 1286
40 1 1287
40 1 1288
40 1 1289
40 1 1290
40 1 1291
40 1 1292
40 1 1293
40 1 1294
40 1 1295
40 1 1296
40 1 1297
40 1 1298
40 1 1299
40 1 1300
40 1 1301
40 1 1302
40 1 1303
40 1 1304
40 1 1305
40 1 1306
40 1 1307
40 1 1308
40 1 1309
40 1 1310
40 1 1311
40 1 1312
40 1 1313
40 1 1314
40 1 1315
40 1 1316
40 1 1317
40 1 1318
40 1 1319
40 1 1320
40 1 1321
40 1 1322
40 1 1323
40 1 1324
40 1 1325
40 1 1326
40 1 1327
40 1 1328
40 1 1329
40 1 1330
40 1 1331
40 1 1332
40 1 1333
40 1 1334
40 1 1335
40 1 1336
40 1 1337
40 1 1338
40 1 1339
40 1 1340
40 1 1341
40 1 1342
40 1 1343
40 1 1344
40 1 1345
40 1 1346
40 1 1347
40 1 1348
40 1 1349
40 1 1350
40 1 1351
40 1 1352
40 1 1353
40 1 1354
40 1 1355
40 1 1356
40 1 1357
40 1 1358
40 1 1359
40 1 1360
40 1 1361
40 1 1362
40 1 1363
40 1 1364
40 1 1365
40 1 1366
40 1 1367
40 1 1368
40 1 1369
40 1 1370
40 1 1371
40 1 1372
40 1 1373
40 1 1374
40 1 1375
40 1 1376
40 1 1377
40 1 1378
40 1 1379
40 1 1380
40 1 1381
40 1 1382
40 1 1383
40 1 1384
40 1 1385
40 1 1386
40 1 1387
40 1 1388
40 1 1389
40 1 1390
40 1 1391
40 1 1392
40 1 1393
40 1 1394
40 1 1395
40 1 1396
40 1 1397
40 1 1398
40 1 1399
40 1 1400
40 1 1401
40 1 1402
40 1 1403
40 1 1404
40 1 1405
40 1 1406
40 1 1407
40 1 1408
40 1 1409
40 1 1410
40 1 1411
40 1 1412
40 1 1413
40 1 1414
40 1 1415
40 1 1416
40 1 1417
40 1 1418
40 1 1419
40 1 1420
40 1 1421
40 1 1422
40 1 1423
40 1 1424
40 1 1425
40 1 1426
40 1 1427
40 1 1428
40 1 1429
40 1 1430
40 1 1431
40 1 1432
40 1 1433
40 1 1434
40 1 1435
40 1 1436
40 1 1437
40 1 1438
40 1 1439
40 1 1440
40 1 1441
40 1 1442
40 1 1443
40 1 1444
40 1 1445
40 1 1446
40 1 1447
40 1 1448
40 1 1449
40 1 1450
40 1 1451
40 1 1452
40 1 1453
40 1 1454
40 1 1455
40 1 1456
40 1 1457
40 1 1458
40 1 1459
40 1 1460
40 1 1461
40 1 1462
40 1 1463
40 1 1464
40 1 1465
40 1 1466
40 1 1467
40 1 1468
40 1 1469
40 1 1470
40 1 1471
40 1 1472
40 1 1473
40 1 1474
40 1 1475
40 1 1476
40 1 1477
40 1 1478
40 1 1479
40 1 1480
40 1 1481
40 1 1482
40 1 1483
40 1 1484
40 1 1485
40 1 1486
40 1 1487
40 1 1488
40 1 1489
40 1 1490
40 1 1491
40 1 1492
40 1 1493
40 1 1494
40 1 1495
40 1 1496
40 1 1497
40 1 1498
40 1 1499
40 1 1500
40 1 1501
40 1 1502
40 1 1503
40 1 1504
40 1 1505
40 1 1506
40 1 1507
40 1 1508
40 1 1509
40 1 1510
40 1 1511
40 1 1512
40 1 1513
40 1 1514
40 1 1515
40 1 1516
40 1 1517
40 1 1518
40 1 1519
40 1 1520
40 1 1521
40 1 1522
40 1 1523
40 1 1524
40 1 1525
40 1 1526
40 1 1527
40 1 1528
40 1 1529
40 1 1530
40 1 1531
40 1 1532
40 1 1533
40 1 1534
40 1 1535
40 1 1536
40 1 1537
40 1 1538
40 1 1539
40 1 1540
40 1 1541
40 1 1542
40 1 1543
40 1 1544
40 1 1545
40 1 1546
40 1 1547
40 1 1548
40 1 1549
40 1 1550
40 1 1551
40 1 1552
40 1 1553
40 1 1554
40 1 1555
40 1 1556
40 1 1557
40 1 1558
40 1 1559
40 1 1560
40 1 1561
40 1 1562
40 1 1563
40 1 1564
40 1 1565
40 1 1566
40 1 1567
40 1 1568
40 1 1569
40 1 1570
40 1 1571
40 1 1572
40 1 1573
40 1 1574
40 1 1575
40 1 1576
40 1 1577
40 1 1578
40 1 1579
40 1 1580
40 1 1581
40 1 1582
40 1 1583
40 1 1584
40 1 1585
40 1 1586
40 1 1587
40 1 1588
40 1 1589
40 1 1590
40 1 1591
40 1 1592
40 1 1593
40 1 1594
40 1 1595
40 1 1596
40 1 1597
40 1 1598
40 1 1599
40 1 1600
40 1 1601
40 1 1602
40 1 1603
40 1 1604
40 1 1605
40 1 1606
40 1 1607
40 1 1608
40 1 1609
40 1 1610
40 1 1611
40 1 1612
40 1 1613
40 1 1614
40 1 1615
40 1 1616
40 1 1617
40 1 1618
40 1 1619
40 1 1620
40 1 1621
40 1 1622
40 1 1623
40 1 1624
40 1 1625
40 1 1626
40 1 1627
40 1 1628
40 1 1629
40 1 1630
40 1 1631
40 1 1632
40 1 1633
40 1 1634
40 1 1635
40 1 1636
40 1 1637
40 1 1638
40 1 1639
40 1 1640
40 1 1641
40 1 1642
40 1 1643
40 1 1644
40 1 1645
40 1 1646
40 1 1647
40 1 1648
40 1 1649
40 1 1650
40 1 1651
40 1 1652
40 1 1653
40 1 1654
40 1 1655
40 1 1656
40 1 1657
40 1 1658
40 1 1659
40 1 1660
40 1 1661
40 1 1662
40 1 1663
40 1 1664
40 1 1665
40 1 1666
40 1 1667
40 1 1668
40 1 1669
40 1 1670
40 1 1671
40 1 1672
40 1 1673
40 1 1674
40 1 1675
40 1 1676
40 1 1677
40 1 1678
40 1 1679
40 1 1680
40 1 1681
40 1 1682
40 1 1683
40 1 1684
40 1 1685
40 1 1686
40 1 1687
40 1 1688
40 1 1689
40 1 1690
40 1 1691
40 1 1692
40 1 1693
40 1 1694
40 1 1695
40 1 1696
40 1 1697
40 1 1698
40 1 1699
40 1 1700
40 1 1701
40 1 1702
40 1 1703
40 1 1704
40 1 1705
40 1 1706
40 1 1707
40 1 1708
40 1 1709
40 1 1710
40 1 1711
40 1 1712
40 1 1713
40 1 1714
40 1 1715
40 1 1716
40 1 1717
40 1 1718
40 1 1719
40 1 1720
40 1 1721
40 1 1722
40 1 1723
40 1 1724
40 1 1725
40 1 1726
40 1 1727
40 1 1728
40 1 1729
40 1 1730
40 1 1731
40 1 1732
40 1 1733
40 1 1734
40 1 1735
40 1 1736
40 1 1737
40 1 1738
40 1 1739
40 1 1740
40 1 1741
40 1 1742
40 1 1743
40 1 1744
40 1 1745
40 1 1746
40 1 1747
40 1 1748
40 1 1749
40 1 1750
40 1 1751
40 1 1752
40 1 1753
40 1 1754
40 1 1755
40 1 1756
40 1 1757
40 1 1758
40 1 1759
40 1 1760
40 1 1761
40 1 1762
40 1 1763
40 1 1764
40 1 1765
40 1 1766
40 1 1767
40 1 1768
40 1 1769
40 1 1770
40 1 1771
40 1 1772
40 1 1773
40 1 1774
40 1 1775
40 1 1776
40 1 1777
40 1 1778
40 1 1779
40 1 1780
40 1 1781
40 1 1782
40 1 1783
40 1 1784
40 1 1785
40 1 1786
40 1 1787
40 1 1788
40 1 1789
40 1 1790
40 1 1791
40 1 1792
40 1 1793
40 1 1794
40 1 1795
40 1 1796
40 1 1797
40 1 1798
40 1 1799
40 1 1800
40 1 1801
40 1 1802
40 1 1803
40 1 1804
40 1 1805
40 1 1806
40 1 1807
40 1 1808
40 1 1809
40 1 1810
40 1 1811
40 1 1812
40 1 1813
40 1 1814
40 1 1815
40 1 1816
40 1 1817
40 1 1818
40 1 1819
40 1 1820
40 1 1821
40 1 1822
40 1 1823
40 1 1824
40 1 1825
40 1 1826
40 1 1827
40 1 1828
40 1 1829
40 1 1830
40 1 1831
40 1 1832
40 1 1833
40 1 1834
40 1 1835
40 1 1836
40 1 1837
40 1 1838
40 1 1839
40 1 1840
40 1 1841
40 1 1842
40 1 1843
40 1 1844
40 1 1845
40 1 1846
40 1 1847
40 1 1848
40 1 1849
40 1 1850
40 1 1851
40 1 1852
40 1 1853
40 1 1854
40 1 1855
40 1 1856
40 1 1857
40 1 1858
40 1 1859
40 1 1860
40 1 1861
40 1 1862
40 1 1863
40 1 1864
40 1 1865
40 1 1866
40 1 1867
40 1 1868
40 1 1869
40 1 1870
40 1 1871
40 1 1872
40 1 1873
40 1 1874
40 1 1875
40 1 1876
40 1 1877
40 1 1878
40 1 1879
40 1 1880
40 1 1881
40 1 1882
40 1 1883
40 1 1884
40 1 1885
40 1 1886
40 1 1887
40 1 1888
40 1 1889
40 1 1890
40 1 1891
40 1 1892
40 1 1893
40 1 1894
40 1 1895
40 1 1896
40 1 1897
40 1 1898
40 1 1899
40 1 1900
40 1 1901
40 1 1902
40 1 1903
40 1 1904
40 1 1905
40 1 1906
40 1 1907
40 1 1908
40 1 1909
40 1 1910
40 1 1911
40 1 1912
40 1 1913
40 1 1914
40 1 1915
40 1 1916
40 1 1917
40 1 1918
40 1 1919
40 1 1920
40 1 1921
40 1 1922
40 1 1923
40 1 1924
40 1 1925
40 1 1926
40 1 1927
40 1 1928
40 1 1929
40 1 1930
40 1 1931
40 1 1932
40 1 1933
40 1 1934
40 1 1935
40 1 1936
40 1 1937
40 1 1938
40 1 1939
40 1 1940
40 1 1941
40 1 1942
40 1 1943
40 1 1944
40 1 1945
40 1 1946
40 1 1947
40 1 1948
40 1 1949
40 1 1950
40 1 1951
40 1 1952
40 1 1953
40 1 1954
40 1 1955
40 1 1956
40 1 1957
40 1 1958
40 1 1959
40 1 1960
40 1 1961
40 1 1962
40 1 1963
40 1 1964
40 1 1965
40 1 1966
40 1 1967
40 1 1968
40 1 1969
40 1 1970
40 1 1971
40 1 1972
40 1 1973
40 1 1974
40 1 1975
40 1 1976
40 1 1977
40 1 1978
40 1 1979
40 1 1980
40 1 1981
40 1 1982
40 1 1983
40 1 1984
40 1 1985
40 1 1986
40 1 1987
40 1 1988
40 1 1989
40 1 1990
40 1 1991
40 1 1992
40 1 1993
40 1 1994
40 1 1995
40 1 1996
40 1 1997
40 1 1998
40 1 1999
40 1 2000
40 1 2001
40 1 2002
40 1 2003
40 1 2004
40 1 2005
40 1 2006
40 1 2007
40 1 2008
40 1 2009
40 1 2010
40 1 2011
40 1 2012
40 1 2013
40 1 2014
40 1 2015
40 1 2016
40 1 2017
40 1 2018
40 1 2019
40 1 2020
40 1 2021
40 1 2022
40 1 2023
40 1 2024
40 1 2025
40 1 2026
40 1 2027
40 1 2028
40 1 2029
40 1 2030
40 1 2031
40 1 2032
40 1 2033
40 1 2034
40 1 2035
40 1 2036
40 1 2037
40 1 2038
40 1 2039
40 1 2040
40 1 2041
40 1 2042
40 1 2043
40 1 2044
40 1 2045
40 1 2046
40 1 2047
40 1 2048
40 1 2049
40 1 2050
40 1 2051
40 1 2052
40 1 2053
40 1 2054
40 1 2055
40 1 2056
40 1 2057
40 1 2058
40 1 2059
40 1 2060
40 1 2061
40 1 2062
40 1 2063
40 1 2064
40 1 2065
40 1 2066
40 1 2067
40 1 2068
40 1 2069
40 1 2070
40 1 2071
40 1 2072
40 1 2073
40 1 2074
40 1 2075
40 1 2076
40 1 2077
40 1 2078
40 1 2079
40 1 2080
40 1 2081
40 1 2082
40 1 2083
40 1 2084
40 1 2085
40 1 2086
40 1 2087
40 1 2088
40 1 2089
40 1 2090
40 1 2091
40 1 2092
40 1 2093
40 1 2094
40 1 2095
40 1 2096
40 1 2097
40 1 2098
40 1 2099
40 1 2100
40 1 2101
40 1 2102
40 1 2103
40 1 2104
40 1 2105
40 1 2106
40 1 2107
40 1 2108
40 1 2109
40 1 2110
40 1 2111
40 1 2112
40 1 2113
40 1 2114
40 1 2115
40 1 2116
40 1 2117
40 1 2118
40 1 2119
40 1 2120
40 1 2121
40 1 2122
40 1 2123
40 1 2124
40 1 2125
40 1 2126
40 1 2127
40 1 2128
40 1 2129
40 1 2130
40 1 2131
40 1 2132
40 1 2133
40 1 2134
40 1 2135
40 1 2136
40 1 2137
40 1 2138
40 1 2139
40 1 2140
40 1 2141
40 1 2142
40 1 2143
40 1 2144
40 1 2145
40 1 2146
40 1 2147
40 1 2148
40 1 2149
40 1 2150
40 1 2151
40 1 2152
40 1 2153
40 1 2154
40 1 2155
40 1 2156
40 1 2157
40 1 2158
40 1 2159
40 1 2160
40 1 2161
40 1 2162
40 1 2163
40 1 2164
40 1 2165
40 1 2166
40 1 2167
40 1 2168
40 1 2169
40 1 2170
40 1 2171
40 1 2172
40 1 2173
40 1 2174
40 1 2175
40 1 2176
40 1 2177
40 1 2178
40 1 2179
40 1 2180
40 1 2181
40 1 2182
40 1 2183
40 1 2184
40 1 2185
40 1 2186
40 1 2187
40 1 2188
40 1 2189
40 1 2190
40 1 2191
40 1 2192
40 1 2193
40 1 2194
40 1 2195
40 1 2196
40 1 2197
40 1 2198
40 1 2199
40 1 2200
40 1 2201
40 1 2202
40 1 2203
40 1 2204
40 1 2205
40 1 2206
40 1 2207
40 1 2208
40 1 2209
40 1 2210
40 1 2211
40 1 2212
40 1 2213
40 1 2214
40 1 2215
40 1 2216
40 1 2217
40 1 2218
40 1 2219
40 1 2220
40 1 2221
40 1 2222
40 1 2223
40 1 2224
40 1 2225
40 1 2226
40 1 2227
40 1 2228
40 1 2229
40 1 2230
40 1 2231
40 1 2232
40 1 2233
40 1 2234
40 1 2235
40 1 2236
40 1 2237
40 1 2238
40 1 2239
40 1 2240
40 1 2241
40 1 2242
40 1 2243
40 1 2244
40 1 2245
40 1 2246
40 1 2247
40 1 2248
40 1 2249
40 1 2250
40 1 2251
40 1 2252
40 1 2253
40 1 2254
40 1 2255
40 1 2256
40 1 2257
40 1 2258
40 1 2259
40 1 2260
40 1 2261
40 1 2262
40 1 2263
40 1 2264
40 1 2265
40 1 2266
40 1 2267
40 1 2268
40 1 2269
40 1 2270
40 1 2271
40 1 2272
40 1 2273
40 1 2274
40 1 2275
40 1 2276
40 1 2277
40 1 2278
40 1 2279
40 1 2280
40 1 2281
40 1 2282
40 1 2283
40 1 2284
40 1 2285
40 1 2286
40 1 2287
40 1 2288
40 1 2289
40 1 2290
40 1 2291
40 1 2292
40 1 2293
40 1 2294
40 1 2295
40 1 2296
40 1 2297
40 1 2298
40 1 2299
40 1 2300
40 1 2301
40 1 2302
40 1 2303
40 1 2304
40 1 2305
40 1 2306
40 1 2307
40 1 2308
40 1 2309
40 1 2310
40 1 2311
40 1 2312
40 1 2313
40 1 2314
40 1 2315
40 1 2316
40 1 2317
40 1 2318
40 1 2319
40 1 2320
40 1 2321
40 1 2322
40 1 2323
40 1 2324
40 1 2325
40 1 2326
40 1 2327
40 1 2328
40 1 2329
40 1 2330
40 1 2331
40 1 2332
40 1 2333
40 1 2334
40 1 2335
40 1 2336
40 1 2337
40 1 2338
40 1 2339
40 1 2340
40 1 2341
40 1 2342
40 1 2343
40 1 2344
40 1 2345
40 1 2346
40 1 2347
40 1 2348
40 1 2349
40 1 2350
40 1 2351
40 1 2352
40 1 2353
40 1 2354
40 1 2355
40 1 2356
40 1 2357
40 1 2358
40 1 2359
40 1 2360
40 1 2361
40 1 2362
40 1 2363
40 1 2364
40 1 2365
40 1 2366
40 1 2367
40 1 2368
40 1 2369
40 1 2370
40 1 2371
40 1 2372
40 1 2373
40 1 2374
40 1 2375
40 1 2376
40 1 2377
40 1 2378
40 1 2379
40 1 2380
40 1 2381
40 1 2382
40 1 2383
40 1 2384
40 1 2385
40 1 2386
40 1 2387
40 1 2388
40 1 2389
40 1 2390
40 1 2391
40 1 2392
40 1 2393
40 1 2394
40 1 2395
40 1 2396
40 1 2397
40 1 2398
40 1 2399
40 1 2400
40 1 2401
40 1 2402
40 1 2403
40 1 2404
40 1 2405
40 1 2406
40 1 2407
40 1 2408
40 1 2409
40 1 2410
40 1 2411
40 1 2412
40 1 2413
40 1 2414
40 1 2415
40 1 2416
40 1 2417
40 1 2418
40 1 2419
40 1 2420
40 1 2421
40 1 2422
40 1 2423
40 1 2424
40 1 2425
40 1 2426
40 1 2427
40 1 2428
40 1 2429
40 1 2430
40 1 2431
40 1 2432
40 1 2433
40 1 2434
40 1 2435
40 1 2436
40 1 2437
40 1 2438
40 1 2439
40 1 2440
40 1 2441
40 1 2442
40 1 2443
40 1 2444
40 1 2445
40 1 2446
40 1 2447
40 1 2448
40 1 2449
40 1 2450
40 1 2451
40 1 2452
40 1 2453
40 1 2454
40 1 2455
40 1 2456
40 1 2457
