25 40 1
25 40 2
25 40 3
25 40 4
25 40 5
25 40 6
25 40 7
25 40 8
25 40 9
25 40 10
25 40 11
25 40 12
25 40 13
25 40 14
25 40 15
25 40 16
25 40 17
25 40 18
25 40 19
25 40 20
25 40 21
25 40 22
25 40 23
25 40 24
25 40 25
25 40 26
25 40 27
25 40 28
25 40 29
25 40 30
25 40 31
25 40 32
25 40 33
25 40 34
25 40 35
25 40 36
25 40 37
25 40 38
25 40 39
25 40 40
25 40 41
25 40 42
25 40 43
25 40 44
25 40 45
25 40 46
25 40 47
25 40 48
25 40 49
25 40 50
25 40 51
25 40 52
25 40 53
25 40 54
25 40 55
25 40 56
25 40 57
25 40 58
25 40 59
25 40 60
25 40 61
25 40 62
25 40 63
25 40 64
25 40 65
25 40 66
25 40 67
25 40 68
25 40 69
25 40 70
25 40 71
25 40 72
25 40 73
25 40 74
25 40 75
25 40 76
25 40 77
25 40 78
25 40 79
25 40 80
25 40 81
25 40 82
25 40 83
25 40 84
25 40 85
25 40 86
25 40 87
25 40 88
25 40 89
25 40 90
25 40 91
25 40 92
25 40 93
25 40 94
25 40 95
25 40 96
25 40 97
25 40 98
25 40 99
25 40 100
25 40 101
25 40 102
