34 20 1
34 20 2
34 20 3
34 20 4
34 20 5
34 20 6
34 20 7
34 20 8
34 20 9
34 20 10
34 20 11
34 20 12
34 20 13
34 20 14
34 20 15
34 20 16
34 20 17
34 20 18
34 20 19
34 20 20
34 20 21
34 20 22
34 20 23
34 20 24
34 20 25
34 20 26
34 20 27
34 20 28
34 20 29
34 20 30
34 20 31
34 20 32
34 20 33
34 20 34
34 20 35
34 20 36
34 20 37
34 20 38
34 20 39
34 20 40
34 20 41
34 20 42
34 20 43
34 20 44
34 20 45
34 20 46
34 20 47
34 20 48
34 20 49
34 20 50
34 20 51
34 20 52
34 20 53
34 20 54
34 20 55
34 20 56
34 20 57
34 20 58
34 20 59
34 20 60
34 20 61
34 20 62
34 20 63
34 20 64
34 20 65
34 20 66
34 20 67
34 20 68
34 20 69
34 20 70
34 20 71
34 20 72
34 20 73
34 20 74
34 20 75
34 20 76
34 20 77
34 20 78
34 20 79
34 20 80
34 20 81
34 20 82
34 20 83
34 20 84
34 20 85
34 20 86
34 20 87
34 20 88
34 20 89
34 20 90
34 20 91
34 20 92
34 20 93
34 20 94
34 20 95
34 20 96
34 20 97
34 20 98
34 20 99
34 20 100
34 20 101
34 20 102
34 20 103
34 20 104
34 20 105
34 20 106
34 20 107
34 20 108
34 20 109
34 20 110
34 20 111
34 20 112
34 20 113
34 20 114
34 20 115
34 20 116
34 20 117
34 20 118
34 20 119
34 20 120
34 20 121
34 20 122
34 20 123
34 20 124
34 20 125
34 20 126
34 20 127
34 20 128
34 20 129
34 20 130
34 20 131
34 20 132
34 20 133
34 20 134
34 20 135
34 20 136
34 20 137
34 20 138
34 20 139
34 20 140
34 20 141
34 20 142
34 20 143
34 20 144
34 20 145
34 20 146
34 20 147
34 20 148
34 20 149
34 20 150
34 20 151
34 20 152
34 20 153
34 20 154
34 20 155
34 20 156
34 20 157
34 20 158
34 20 159
34 20 160
34 20 161
34 20 162
34 20 163
34 20 164
34 20 165
34 20 166
34 20 167
34 20 168
34 20 169
34 20 170
34 20 171
34 20 172
34 20 173
34 20 174
34 20 175
34 20 176
34 20 177
34 20 178
34 20 179
34 20 180
34 20 181
34 20 182
34 20 183
34 20 184
34 20 185
34 20 186
34 20 187
34 20 188
34 20 189
34 20 190
34 20 191
34 20 192
34 20 193
34 20 194
34 20 195
34 20 196
34 20 197
34 20 198
34 20 199
34 20 200
34 20 201
34 20 202
34 20 203
34 20 204
34 20 205
34 20 206
34 20 207
34 20 208
34 20 209
34 20 210
34 20 211
34 20 212
34 20 213
34 20 214
34 20 215
34 20 216
34 20 217
34 20 218
34 20 219
34 20 220
34 20 221
34 20 222
34 20 223
34 20 224
34 20 225
34 20 226
34 20 227
34 20 228
34 20 229
34 20 230
34 20 231
34 20 232
34 20 233
34 20 234
34 20 235
34 20 236
34 20 237
34 20 238
34 20 239
34 20 240
34 20 241
34 20 242
34 20 243
34 20 244
34 20 245
34 20 246
34 20 247
34 20 248
34 20 249
34 20 250
34 20 251
34 20 252
34 20 253
34 20 254
34 20 255
34 20 256
34 20 257
34 20 258
34 20 259
34 20 260
34 20 261
34 20 262
34 20 263
34 20 264
34 20 265
34 20 266
34 20 267
34 20 268
34 20 269
34 20 270
34 20 271
34 20 272
34 20 273
34 20 274
34 20 275
34 20 276
34 20 277
34 20 278
34 20 279
34 20 280
34 20 281
34 20 282
34 20 283
34 20 284
34 20 285
34 20 286
34 20 287
34 20 288
34 20 289
34 20 290
34 20 291
34 20 292
34 20 293
34 20 294
34 20 295
34 20 296
34 20 297
34 20 298
34 20 299
34 20 300
34 20 301
34 20 302
34 20 303
34 20 304
34 20 305
34 20 306
34 20 307
34 20 308
34 20 309
34 20 310
34 20 311
34 20 312
34 20 313
34 20 314
34 20 315
34 20 316
34 20 317
34 20 318
34 20 319
34 20 320
34 20 321
34 20 322
34 20 323
34 20 324
34 20 325
34 20 326
34 20 327
34 20 328
34 20 329
34 20 330
34 20 331
34 20 332
34 20 333
34 20 334
34 20 335
34 20 336
34 20 337
34 20 338
34 20 339
34 20 340
34 20 341
34 20 342
34 20 343
34 20 344
34 20 345
34 20 346
34 20 347
34 20 348
34 20 349
34 20 350
34 20 351
34 20 352
34 20 353
34 20 354
34 20 355
34 20 356
34 20 357
34 20 358
34 20 359
34 20 360
34 20 361
34 20 362
34 20 363
34 20 364
34 20 365
34 20 366
34 20 367
34 20 368
34 20 369
34 20 370
34 20 371
34 20 372
34 20 373
34 20 374
34 20 375
34 20 376
34 20 377
34 20 378
34 20 379
34 20 380
34 20 381
34 20 382
34 20 383
34 20 384
34 20 385
34 20 386
34 20 387
34 20 388
34 20 389
34 20 390
34 20 391
34 20 392
34 20 393
34 20 394
34 20 395
34 20 396
34 20 397
34 20 398
34 20 399
34 20 400
34 20 401
34 20 402
34 20 403
34 20 404
34 20 405
34 20 406
34 20 407
34 20 408
34 20 409
34 20 410
34 20 411
34 20 412
34 20 413
34 20 414
34 20 415
34 20 416
34 20 417
34 20 418
34 20 419
34 20 420
34 20 421
34 20 422
34 20 423
34 20 424
34 20 425
34 20 426
34 20 427
34 20 428
34 20 429
34 20 430
34 20 431
34 20 432
34 20 433
34 20 434
34 20 435
34 20 436
34 20 437
34 20 438
34 20 439
34 20 440
34 20 441
34 20 442
34 20 443
34 20 444
34 20 445
34 20 446
34 20 447
34 20 448
34 20 449
34 20 450
34 20 451
34 20 452
34 20 453
34 20 454
34 20 455
34 20 456
34 20 457
34 20 458
34 20 459
34 20 460
34 20 461
34 20 462
34 20 463
34 20 464
34 20 465
34 20 466
34 20 467
34 20 468
34 20 469
34 20 470
34 20 471
34 20 472
34 20 473
34 20 474
34 20 475
34 20 476
34 20 477
34 20 478
34 20 479
34 20 480
34 20 481
34 20 482
34 20 483
34 20 484
34 20 485
34 20 486
34 20 487
34 20 488
34 20 489
34 20 490
34 20 491
34 20 492
34 20 493
34 20 494
34 20 495
34 20 496
34 20 497
34 20 498
34 20 499
34 20 500
34 20 501
34 20 502
34 20 503
34 20 504
34 20 505
34 20 506
34 20 507
34 20 508
34 20 509
34 20 510
34 20 511
34 20 512
34 20 513
34 20 514
34 20 515
34 20 516
34 20 517
34 20 518
34 20 519
34 20 520
34 20 521
34 20 522
34 20 523
34 20 524
34 20 525
34 20 526
34 20 527
34 20 528
34 20 529
34 20 530
34 20 531
34 20 532
34 20 533
34 20 534
34 20 535
34 20 536
34 20 537
34 20 538
34 20 539
34 20 540
34 20 541
34 20 542
34 20 543
34 20 544
34 20 545
34 20 546
34 20 547
34 20 548
34 20 549
34 20 550
34 20 551
34 20 552
34 20 553
34 20 554
34 20 555
34 20 556
34 20 557
34 20 558
34 20 559
34 20 560
34 20 561
34 20 562
34 20 563
34 20 564
34 20 565
34 20 566
34 20 567
34 20 568
34 20 569
34 20 570
34 20 571
34 20 572
34 20 573
34 20 574
34 20 575
34 20 576
34 20 577
34 20 578
34 20 579
34 20 580
34 20 581
34 20 582
34 20 583
34 20 584
34 20 585
34 20 586
34 20 587
34 20 588
34 20 589
34 20 590
34 20 591
34 20 592
34 20 593
34 20 594
34 20 595
34 20 596
34 20 597
34 20 598
34 20 599
34 20 600
34 20 601
34 20 602
34 20 603
34 20 604
34 20 605
34 20 606
34 20 607
34 20 608
34 20 609
34 20 610
34 20 611
34 20 612
34 20 613
34 20 614
34 20 615
34 20 616
34 20 617
34 20 618
34 20 619
34 20 620
34 20 621
34 20 622
34 20 623
34 20 624
34 20 625
34 20 626
34 20 627
34 20 628
34 20 629
34 20 630
34 20 631
34 20 632
34 20 633
34 20 634
34 20 635
34 20 636
34 20 637
34 20 638
34 20 639
34 20 640
34 20 641
34 20 642
34 20 643
34 20 644
34 20 645
34 20 646
34 20 647
34 20 648
34 20 649
34 20 650
34 20 651
34 20 652
34 20 653
34 20 654
34 20 655
34 20 656
34 20 657
34 20 658
34 20 659
34 20 660
34 20 661
34 20 662
34 20 663
34 20 664
34 20 665
34 20 666
34 20 667
34 20 668
34 20 669
34 20 670
34 20 671
34 20 672
34 20 673
34 20 674
34 20 675
34 20 676
34 20 677
34 20 678
34 20 679
34 20 680
34 20 681
34 20 682
34 20 683
34 20 684
34 20 685
34 20 686
34 20 687
34 20 688
34 20 689
34 20 690
34 20 691
34 20 692
34 20 693
34 20 694
34 20 695
34 20 696
34 20 697
34 20 698
34 20 699
34 20 700
34 20 701
34 20 702
34 20 703
34 20 704
34 20 705
34 20 706
34 20 707
34 20 708
34 20 709
34 20 710
34 20 711
34 20 712
34 20 713
34 20 714
34 20 715
34 20 716
34 20 717
34 20 718
34 20 719
34 20 720
34 20 721
34 20 722
34 20 723
34 20 724
34 20 725
34 20 726
34 20 727
34 20 728
34 20 729
34 20 730
34 20 731
34 20 732
34 20 733
34 20 734
34 20 735
34 20 736
34 20 737
34 20 738
34 20 739
34 20 740
34 20 741
34 20 742
34 20 743
34 20 744
34 20 745
34 20 746
34 20 747
34 20 748
34 20 749
34 20 750
34 20 751
34 20 752
34 20 753
34 20 754
34 20 755
34 20 756
34 20 757
34 20 758
34 20 759
34 20 760
34 20 761
34 20 762
34 20 763
34 20 764
34 20 765
34 20 766
34 20 767
34 20 768
34 20 769
34 20 770
34 20 771
34 20 772
34 20 773
34 20 774
34 20 775
34 20 776
34 20 777
34 20 778
34 20 779
34 20 780
34 20 781
34 20 782
34 20 783
34 20 784
34 20 785
34 20 786
34 20 787
34 20 788
34 20 789
34 20 790
34 20 791
34 20 792
34 20 793
34 20 794
34 20 795
34 20 796
34 20 797
34 20 798
34 20 799
34 20 800
34 20 801
34 20 802
34 20 803
34 20 804
34 20 805
34 20 806
34 20 807
34 20 808
34 20 809
34 20 810
34 20 811
34 20 812
34 20 813
34 20 814
34 20 815
34 20 816
34 20 817
34 20 818
34 20 819
34 20 820
34 20 821
34 20 822
34 20 823
34 20 824
34 20 825
34 20 826
34 20 827
34 20 828
34 20 829
34 20 830
34 20 831
34 20 832
34 20 833
34 20 834
34 20 835
34 20 836
34 20 837
34 20 838
34 20 839
34 20 840
34 20 841
34 20 842
34 20 843
34 20 844
34 20 845
34 20 846
34 20 847
34 20 848
34 20 849
34 20 850
34 20 851
34 20 852
34 20 853
34 20 854
34 20 855
34 20 856
34 20 857
34 20 858
34 20 859
34 20 860
34 20 861
34 20 862
34 20 863
34 20 864
34 20 865
34 20 866
34 20 867
34 20 868
34 20 869
34 20 870
34 20 871
34 20 872
34 20 873
34 20 874
34 20 875
34 20 876
34 20 877
34 20 878
34 20 879
34 20 880
34 20 881
34 20 882
34 20 883
34 20 884
34 20 885
34 20 886
34 20 887
34 20 888
34 20 889
34 20 890
34 20 891
34 20 892
34 20 893
34 20 894
34 20 895
34 20 896
34 20 897
34 20 898
34 20 899
34 20 900
34 20 901
34 20 902
34 20 903
34 20 904
34 20 905
34 20 906
34 20 907
34 20 908
34 20 909
34 20 910
34 20 911
34 20 912
34 20 913
34 20 914
34 20 915
34 20 916
34 20 917
34 20 918
34 20 919
34 20 920
34 20 921
34 20 922
34 20 923
34 20 924
34 20 925
34 20 926
34 20 927
34 20 928
34 20 929
34 20 930
34 20 931
34 20 932
34 20 933
34 20 934
34 20 935
34 20 936
34 20 937
34 20 938
34 20 939
34 20 940
34 20 941
34 20 942
34 20 943
34 20 944
34 20 945
34 20 946
34 20 947
34 20 948
34 20 949
34 20 950
34 20 951
34 20 952
34 20 953
34 20 954
34 20 955
34 20 956
34 20 957
34 20 958
34 20 959
34 20 960
34 20 961
34 20 962
34 20 963
34 20 964
34 20 965
34 20 966
34 20 967
34 20 968
34 20 969
34 20 970
34 20 971
34 20 972
34 20 973
34 20 974
34 20 975
34 20 976
34 20 977
34 20 978
34 20 979
34 20 980
34 20 981
34 20 982
34 20 983
34 20 984
34 20 985
34 20 986
34 20 987
34 20 988
34 20 989
34 20 990
34 20 991
34 20 992
34 20 993
34 20 994
34 20 995
34 20 996
34 20 997
34 20 998
34 20 999
34 20 1000
34 20 1001
34 20 1002
34 20 1003
34 20 1004
34 20 1005
34 20 1006
34 20 1007
34 20 1008
34 20 1009
34 20 1010
34 20 1011
34 20 1012
34 20 1013
34 20 1014
34 20 1015
34 20 1016
34 20 1017
34 20 1018
34 20 1019
34 20 1020
34 20 1021
34 20 1022
34 20 1023
34 20 1024
34 20 1025
34 20 1026
34 20 1027
34 20 1028
34 20 1029
34 20 1030
34 20 1031
34 20 1032
34 20 1033
34 20 1034
34 20 1035
34 20 1036
34 20 1037
34 20 1038
34 20 1039
34 20 1040
34 20 1041
34 20 1042
34 20 1043
34 20 1044
34 20 1045
34 20 1046
34 20 1047
34 20 1048
34 20 1049
34 20 1050
34 20 1051
34 20 1052
34 20 1053
34 20 1054
34 20 1055
34 20 1056
34 20 1057
34 20 1058
34 20 1059
34 20 1060
34 20 1061
34 20 1062
34 20 1063
34 20 1064
34 20 1065
34 20 1066
34 20 1067
34 20 1068
34 20 1069
34 20 1070
34 20 1071
34 20 1072
34 20 1073
34 20 1074
34 20 1075
34 20 1076
34 20 1077
34 20 1078
34 20 1079
34 20 1080
34 20 1081
34 20 1082
34 20 1083
34 20 1084
34 20 1085
34 20 1086
34 20 1087
34 20 1088
34 20 1089
34 20 1090
34 20 1091
34 20 1092
34 20 1093
34 20 1094
34 20 1095
34 20 1096
34 20 1097
34 20 1098
34 20 1099
34 20 1100
34 20 1101
34 20 1102
34 20 1103
34 20 1104
34 20 1105
34 20 1106
34 20 1107
34 20 1108
34 20 1109
34 20 1110
34 20 1111
34 20 1112
34 20 1113
34 20 1114
34 20 1115
34 20 1116
34 20 1117
34 20 1118
34 20 1119
34 20 1120
34 20 1121
34 20 1122
34 20 1123
34 20 1124
34 20 1125
34 20 1126
34 20 1127
34 20 1128
34 20 1129
34 20 1130
34 20 1131
34 20 1132
34 20 1133
34 20 1134
34 20 1135
34 20 1136
34 20 1137
34 20 1138
34 20 1139
34 20 1140
34 20 1141
34 20 1142
34 20 1143
34 20 1144
34 20 1145
34 20 1146
34 20 1147
34 20 1148
34 20 1149
34 20 1150
34 20 1151
34 20 1152
34 20 1153
34 20 1154
34 20 1155
34 20 1156
34 20 1157
34 20 1158
34 20 1159
34 20 1160
34 20 1161
34 20 1162
34 20 1163
34 20 1164
34 20 1165
34 20 1166
34 20 1167
34 20 1168
34 20 1169
34 20 1170
34 20 1171
34 20 1172
34 20 1173
34 20 1174
34 20 1175
34 20 1176
34 20 1177
34 20 1178
34 20 1179
34 20 1180
34 20 1181
34 20 1182
34 20 1183
34 20 1184
34 20 1185
34 20 1186
34 20 1187
34 20 1188
34 20 1189
34 20 1190
34 20 1191
34 20 1192
34 20 1193
34 20 1194
34 20 1195
34 20 1196
34 20 1197
34 20 1198
34 20 1199
34 20 1200
34 20 1201
34 20 1202
34 20 1203
34 20 1204
34 20 1205
34 20 1206
34 20 1207
34 20 1208
34 20 1209
34 20 1210
34 20 1211
34 20 1212
34 20 1213
34 20 1214
34 20 1215
34 20 1216
34 20 1217
34 20 1218
34 20 1219
34 20 1220
34 20 1221
34 20 1222
34 20 1223
34 20 1224
34 20 1225
34 20 1226
34 20 1227
34 20 1228
34 20 1229
34 20 1230
34 20 1231
34 20 1232
34 20 1233
34 20 1234
34 20 1235
34 20 1236
34 20 1237
34 20 1238
34 20 1239
34 20 1240
34 20 1241
34 20 1242
34 20 1243
34 20 1244
34 20 1245
34 20 1246
34 20 1247
34 20 1248
34 20 1249
34 20 1250
34 20 1251
34 20 1252
34 20 1253
34 20 1254
34 20 1255
34 20 1256
34 20 1257
34 20 1258
34 20 1259
34 20 1260
34 20 1261
34 20 1262
34 20 1263
34 20 1264
34 20 1265
34 20 1266
34 20 1267
34 20 1268
34 20 1269
34 20 1270
34 20 1271
34 20 1272
34 20 1273
34 20 1274
34 20 1275
34 20 1276
34 20 1277
34 20 1278
34 20 1279
34 20 1280
34 20 1281
34 20 1282
34 20 1283
34 20 1284
34 20 1285
34 20 1286
34 20 1287
34 20 1288
34 20 1289
34 20 1290
34 20 1291
34 20 1292
34 20 1293
34 20 1294
34 20 1295
34 20 1296
34 20 1297
34 20 1298
34 20 1299
34 20 1300
34 20 1301
34 20 1302
34 20 1303
34 20 1304
34 20 1305
34 20 1306
34 20 1307
34 20 1308
34 20 1309
34 20 1310
34 20 1311
34 20 1312
34 20 1313
34 20 1314
34 20 1315
34 20 1316
34 20 1317
34 20 1318
34 20 1319
34 20 1320
34 20 1321
34 20 1322
34 20 1323
34 20 1324
34 20 1325
34 20 1326
34 20 1327
34 20 1328
34 20 1329
34 20 1330
34 20 1331
34 20 1332
34 20 1333
34 20 1334
34 20 1335
34 20 1336
34 20 1337
34 20 1338
34 20 1339
34 20 1340
34 20 1341
34 20 1342
34 20 1343
34 20 1344
34 20 1345
34 20 1346
34 20 1347
34 20 1348
34 20 1349
34 20 1350
34 20 1351
34 20 1352
34 20 1353
34 20 1354
34 20 1355
34 20 1356
34 20 1357
34 20 1358
34 20 1359
34 20 1360
34 20 1361
34 20 1362
34 20 1363
34 20 1364
34 20 1365
34 20 1366
34 20 1367
34 20 1368
34 20 1369
34 20 1370
34 20 1371
34 20 1372
34 20 1373
34 20 1374
34 20 1375
34 20 1376
34 20 1377
34 20 1378
34 20 1379
34 20 1380
34 20 1381
34 20 1382
34 20 1383
34 20 1384
34 20 1385
34 20 1386
34 20 1387
34 20 1388
34 20 1389
34 20 1390
34 20 1391
34 20 1392
34 20 1393
34 20 1394
34 20 1395
34 20 1396
34 20 1397
34 20 1398
34 20 1399
34 20 1400
34 20 1401
34 20 1402
34 20 1403
34 20 1404
34 20 1405
34 20 1406
34 20 1407
34 20 1408
34 20 1409
34 20 1410
34 20 1411
34 20 1412
34 20 1413
34 20 1414
34 20 1415
34 20 1416
34 20 1417
34 20 1418
34 20 1419
34 20 1420
34 20 1421
34 20 1422
34 20 1423
34 20 1424
34 20 1425
34 20 1426
34 20 1427
34 20 1428
34 20 1429
34 20 1430
34 20 1431
34 20 1432
34 20 1433
34 20 1434
34 20 1435
34 20 1436
34 20 1437
34 20 1438
34 20 1439
34 20 1440
34 20 1441
34 20 1442
34 20 1443
34 20 1444
34 20 1445
34 20 1446
34 20 1447
34 20 1448
34 20 1449
34 20 1450
34 20 1451
34 20 1452
34 20 1453
34 20 1454
34 20 1455
34 20 1456
34 20 1457
34 20 1458
34 20 1459
34 20 1460
34 20 1461
34 20 1462
34 20 1463
34 20 1464
34 20 1465
34 20 1466
34 20 1467
34 20 1468
34 20 1469
34 20 1470
34 20 1471
34 20 1472
34 20 1473
34 20 1474
34 20 1475
34 20 1476
34 20 1477
34 20 1478
34 20 1479
34 20 1480
34 20 1481
34 20 1482
34 20 1483
34 20 1484
34 20 1485
34 20 1486
34 20 1487
34 20 1488
34 20 1489
34 20 1490
34 20 1491
34 20 1492
34 20 1493
34 20 1494
34 20 1495
34 20 1496
34 20 1497
34 20 1498
34 20 1499
34 20 1500
34 20 1501
34 20 1502
34 20 1503
34 20 1504
34 20 1505
34 20 1506
34 20 1507
34 20 1508
34 20 1509
34 20 1510
34 20 1511
34 20 1512
34 20 1513
34 20 1514
34 20 1515
34 20 1516
34 20 1517
34 20 1518
34 20 1519
34 20 1520
34 20 1521
34 20 1522
34 20 1523
34 20 1524
34 20 1525
34 20 1526
34 20 1527
34 20 1528
34 20 1529
34 20 1530
34 20 1531
34 20 1532
34 20 1533
34 20 1534
34 20 1535
34 20 1536
34 20 1537
34 20 1538
34 20 1539
34 20 1540
34 20 1541
34 20 1542
34 20 1543
34 20 1544
34 20 1545
34 20 1546
34 20 1547
34 20 1548
34 20 1549
34 20 1550
34 20 1551
34 20 1552
34 20 1553
34 20 1554
34 20 1555
34 20 1556
34 20 1557
34 20 1558
34 20 1559
34 20 1560
34 20 1561
34 20 1562
34 20 1563
34 20 1564
34 20 1565
34 20 1566
34 20 1567
34 20 1568
34 20 1569
34 20 1570
34 20 1571
34 20 1572
34 20 1573
34 20 1574
34 20 1575
34 20 1576
34 20 1577
34 20 1578
34 20 1579
34 20 1580
34 20 1581
34 20 1582
34 20 1583
34 20 1584
34 20 1585
34 20 1586
34 20 1587
34 20 1588
34 20 1589
34 20 1590
34 20 1591
34 20 1592
34 20 1593
34 20 1594
34 20 1595
34 20 1596
34 20 1597
34 20 1598
34 20 1599
34 20 1600
34 20 1601
34 20 1602
34 20 1603
34 20 1604
34 20 1605
34 20 1606
34 20 1607
34 20 1608
34 20 1609
34 20 1610
34 20 1611
34 20 1612
34 20 1613
34 20 1614
34 20 1615
34 20 1616
34 20 1617
34 20 1618
34 20 1619
34 20 1620
34 20 1621
34 20 1622
34 20 1623
34 20 1624
34 20 1625
34 20 1626
34 20 1627
34 20 1628
34 20 1629
34 20 1630
34 20 1631
34 20 1632
34 20 1633
34 20 1634
34 20 1635
34 20 1636
34 20 1637
34 20 1638
34 20 1639
34 20 1640
34 20 1641
34 20 1642
34 20 1643
34 20 1644
34 20 1645
34 20 1646
34 20 1647
34 20 1648
34 20 1649
34 20 1650
34 20 1651
34 20 1652
34 20 1653
34 20 1654
34 20 1655
34 20 1656
34 20 1657
34 20 1658
34 20 1659
34 20 1660
34 20 1661
34 20 1662
34 20 1663
34 20 1664
34 20 1665
34 20 1666
34 20 1667
34 20 1668
34 20 1669
34 20 1670
34 20 1671
34 20 1672
34 20 1673
34 20 1674
34 20 1675
34 20 1676
34 20 1677
34 20 1678
34 20 1679
34 20 1680
34 20 1681
34 20 1682
34 20 1683
34 20 1684
34 20 1685
34 20 1686
34 20 1687
34 20 1688
34 20 1689
34 20 1690
34 20 1691
34 20 1692
34 20 1693
34 20 1694
34 20 1695
34 20 1696
34 20 1697
34 20 1698
34 20 1699
34 20 1700
34 20 1701
34 20 1702
34 20 1703
34 20 1704
34 20 1705
34 20 1706
34 20 1707
34 20 1708
34 20 1709
34 20 1710
34 20 1711
34 20 1712
34 20 1713
34 20 1714
34 20 1715
34 20 1716
34 20 1717
34 20 1718
34 20 1719
34 20 1720
34 20 1721
34 20 1722
34 20 1723
34 20 1724
34 20 1725
34 20 1726
34 20 1727
34 20 1728
34 20 1729
34 20 1730
34 20 1731
34 20 1732
34 20 1733
34 20 1734
34 20 1735
34 20 1736
34 20 1737
34 20 1738
34 20 1739
34 20 1740
34 20 1741
34 20 1742
34 20 1743
34 20 1744
34 20 1745
34 20 1746
34 20 1747
34 20 1748
34 20 1749
34 20 1750
34 20 1751
34 20 1752
34 20 1753
34 20 1754
34 20 1755
34 20 1756
34 20 1757
34 20 1758
34 20 1759
34 20 1760
34 20 1761
34 20 1762
34 20 1763
34 20 1764
34 20 1765
34 20 1766
34 20 1767
34 20 1768
34 20 1769
34 20 1770
34 20 1771
34 20 1772
34 20 1773
34 20 1774
34 20 1775
34 20 1776
34 20 1777
34 20 1778
34 20 1779
34 20 1780
34 20 1781
34 20 1782
34 20 1783
34 20 1784
34 20 1785
34 20 1786
34 20 1787
34 20 1788
34 20 1789
34 20 1790
34 20 1791
34 20 1792
34 20 1793
34 20 1794
34 20 1795
34 20 1796
34 20 1797
34 20 1798
34 20 1799
34 20 1800
34 20 1801
34 20 1802
34 20 1803
34 20 1804
34 20 1805
34 20 1806
34 20 1807
34 20 1808
34 20 1809
34 20 1810
34 20 1811
34 20 1812
34 20 1813
34 20 1814
34 20 1815
34 20 1816
34 20 1817
34 20 1818
34 20 1819
34 20 1820
34 20 1821
34 20 1822
34 20 1823
34 20 1824
34 20 1825
34 20 1826
34 20 1827
34 20 1828
34 20 1829
34 20 1830
34 20 1831
34 20 1832
34 20 1833
34 20 1834
34 20 1835
34 20 1836
34 20 1837
34 20 1838
34 20 1839
34 20 1840
34 20 1841
34 20 1842
34 20 1843
34 20 1844
34 20 1845
34 20 1846
34 20 1847
34 20 1848
34 20 1849
34 20 1850
34 20 1851
34 20 1852
34 20 1853
34 20 1854
34 20 1855
34 20 1856
34 20 1857
34 20 1858
34 20 1859
34 20 1860
34 20 1861
34 20 1862
34 20 1863
34 20 1864
34 20 1865
34 20 1866
34 20 1867
34 20 1868
34 20 1869
34 20 1870
34 20 1871
34 20 1872
34 20 1873
34 20 1874
34 20 1875
34 20 1876
34 20 1877
34 20 1878
34 20 1879
34 20 1880
34 20 1881
34 20 1882
34 20 1883
34 20 1884
34 20 1885
34 20 1886
34 20 1887
34 20 1888
34 20 1889
34 20 1890
34 20 1891
34 20 1892
34 20 1893
34 20 1894
34 20 1895
34 20 1896
34 20 1897
34 20 1898
34 20 1899
34 20 1900
34 20 1901
34 20 1902
34 20 1903
34 20 1904
34 20 1905
34 20 1906
34 20 1907
34 20 1908
34 20 1909
34 20 1910
34 20 1911
34 20 1912
34 20 1913
34 20 1914
34 20 1915
34 20 1916
34 20 1917
34 20 1918
34 20 1919
34 20 1920
34 20 1921
34 20 1922
34 20 1923
34 20 1924
34 20 1925
34 20 1926
34 20 1927
34 20 1928
34 20 1929
34 20 1930
34 20 1931
34 20 1932
34 20 1933
34 20 1934
34 20 1935
34 20 1936
34 20 1937
34 20 1938
34 20 1939
34 20 1940
34 20 1941
34 20 1942
34 20 1943
34 20 1944
34 20 1945
34 20 1946
34 20 1947
34 20 1948
34 20 1949
34 20 1950
34 20 1951
34 20 1952
34 20 1953
34 20 1954
34 20 1955
34 20 1956
34 20 1957
34 20 1958
34 20 1959
34 20 1960
34 20 1961
34 20 1962
34 20 1963
34 20 1964
34 20 1965
34 20 1966
34 20 1967
34 20 1968
34 20 1969
34 20 1970
34 20 1971
34 20 1972
34 20 1973
34 20 1974
34 20 1975
34 20 1976
34 20 1977
34 20 1978
34 20 1979
34 20 1980
34 20 1981
34 20 1982
34 20 1983
34 20 1984
34 20 1985
34 20 1986
34 20 1987
34 20 1988
34 20 1989
34 20 1990
34 20 1991
34 20 1992
34 20 1993
34 20 1994
34 20 1995
34 20 1996
34 20 1997
34 20 1998
34 20 1999
34 20 2000
34 20 2001
34 20 2002
34 20 2003
34 20 2004
34 20 2005
34 20 2006
34 20 2007
34 20 2008
34 20 2009
34 20 2010
34 20 2011
34 20 2012
34 20 2013
34 20 2014
34 20 2015
34 20 2016
34 20 2017
34 20 2018
34 20 2019
34 20 2020
34 20 2021
34 20 2022
34 20 2023
34 20 2024
34 20 2025
34 20 2026
34 20 2027
34 20 2028
34 20 2029
34 20 2030
34 20 2031
34 20 2032
34 20 2033
34 20 2034
34 20 2035
34 20 2036
34 20 2037
34 20 2038
34 20 2039
34 20 2040
34 20 2041
34 20 2042
34 20 2043
34 20 2044
34 20 2045
34 20 2046
34 20 2047
34 20 2048
34 20 2049
34 20 2050
34 20 2051
34 20 2052
34 20 2053
34 20 2054
34 20 2055
34 20 2056
34 20 2057
34 20 2058
34 20 2059
34 20 2060
34 20 2061
34 20 2062
34 20 2063
34 20 2064
34 20 2065
34 20 2066
34 20 2067
34 20 2068
34 20 2069
34 20 2070
34 20 2071
34 20 2072
34 20 2073
34 20 2074
34 20 2075
34 20 2076
34 20 2077
34 20 2078
34 20 2079
34 20 2080
34 20 2081
34 20 2082
34 20 2083
34 20 2084
34 20 2085
34 20 2086
34 20 2087
34 20 2088
34 20 2089
34 20 2090
34 20 2091
34 20 2092
34 20 2093
34 20 2094
34 20 2095
34 20 2096
34 20 2097
34 20 2098
34 20 2099
34 20 2100
34 20 2101
34 20 2102
34 20 2103
34 20 2104
34 20 2105
34 20 2106
34 20 2107
34 20 2108
34 20 2109
34 20 2110
34 20 2111
34 20 2112
34 20 2113
34 20 2114
34 20 2115
34 20 2116
34 20 2117
34 20 2118
34 20 2119
34 20 2120
34 20 2121
34 20 2122
34 20 2123
34 20 2124
34 20 2125
34 20 2126
34 20 2127
34 20 2128
34 20 2129
34 20 2130
34 20 2131
34 20 2132
34 20 2133
34 20 2134
34 20 2135
34 20 2136
34 20 2137
34 20 2138
34 20 2139
34 20 2140
34 20 2141
34 20 2142
34 20 2143
34 20 2144
34 20 2145
34 20 2146
34 20 2147
34 20 2148
34 20 2149
34 20 2150
34 20 2151
34 20 2152
34 20 2153
34 20 2154
34 20 2155
34 20 2156
34 20 2157
34 20 2158
34 20 2159
34 20 2160
34 20 2161
34 20 2162
34 20 2163
34 20 2164
34 20 2165
34 20 2166
34 20 2167
34 20 2168
34 20 2169
34 20 2170
34 20 2171
34 20 2172
34 20 2173
34 20 2174
34 20 2175
34 20 2176
34 20 2177
34 20 2178
34 20 2179
34 20 2180
34 20 2181
34 20 2182
34 20 2183
34 20 2184
34 20 2185
34 20 2186
34 20 2187
34 20 2188
34 20 2189
34 20 2190
34 20 2191
34 20 2192
34 20 2193
34 20 2194
34 20 2195
34 20 2196
34 20 2197
34 20 2198
34 20 2199
34 20 2200
34 20 2201
34 20 2202
34 20 2203
34 20 2204
34 20 2205
34 20 2206
34 20 2207
34 20 2208
34 20 2209
34 20 2210
34 20 2211
34 20 2212
34 20 2213
34 20 2214
34 20 2215
34 20 2216
34 20 2217
34 20 2218
34 20 2219
34 20 2220
34 20 2221
34 20 2222
34 20 2223
34 20 2224
34 20 2225
34 20 2226
34 20 2227
34 20 2228
34 20 2229
34 20 2230
34 20 2231
34 20 2232
34 20 2233
34 20 2234
34 20 2235
34 20 2236
34 20 2237
34 20 2238
34 20 2239
34 20 2240
34 20 2241
34 20 2242
34 20 2243
34 20 2244
34 20 2245
34 20 2246
34 20 2247
34 20 2248
34 20 2249
34 20 2250
34 20 2251
34 20 2252
34 20 2253
34 20 2254
34 20 2255
34 20 2256
34 20 2257
34 20 2258
34 20 2259
34 20 2260
34 20 2261
34 20 2262
34 20 2263
34 20 2264
34 20 2265
34 20 2266
34 20 2267
34 20 2268
34 20 2269
34 20 2270
34 20 2271
34 20 2272
34 20 2273
34 20 2274
34 20 2275
34 20 2276
34 20 2277
34 20 2278
34 20 2279
34 20 2280
34 20 2281
34 20 2282
34 20 2283
34 20 2284
34 20 2285
34 20 2286
34 20 2287
34 20 2288
34 20 2289
34 20 2290
34 20 2291
34 20 2292
34 20 2293
34 20 2294
34 20 2295
34 20 2296
34 20 2297
34 20 2298
34 20 2299
34 20 2300
34 20 2301
34 20 2302
34 20 2303
34 20 2304
34 20 2305
34 20 2306
34 20 2307
34 20 2308
34 20 2309
34 20 2310
34 20 2311
34 20 2312
34 20 2313
34 20 2314
34 20 2315
34 20 2316
34 20 2317
34 20 2318
34 20 2319
34 20 2320
34 20 2321
34 20 2322
34 20 2323
34 20 2324
34 20 2325
34 20 2326
34 20 2327
34 20 2328
34 20 2329
34 20 2330
34 20 2331
34 20 2332
34 20 2333
34 20 2334
34 20 2335
34 20 2336
34 20 2337
34 20 2338
34 20 2339
34 20 2340
34 20 2341
34 20 2342
34 20 2343
34 20 2344
34 20 2345
34 20 2346
34 20 2347
34 20 2348
34 20 2349
34 20 2350
34 20 2351
34 20 2352
34 20 2353
34 20 2354
34 20 2355
34 20 2356
34 20 2357
34 20 2358
34 20 2359
34 20 2360
34 20 2361
34 20 2362
34 20 2363
34 20 2364
34 20 2365
34 20 2366
34 20 2367
34 20 2368
34 20 2369
34 20 2370
34 20 2371
34 20 2372
34 20 2373
34 20 2374
34 20 2375
34 20 2376
34 20 2377
34 20 2378
34 20 2379
34 20 2380
34 20 2381
34 20 2382
34 20 2383
34 20 2384
34 20 2385
34 20 2386
34 20 2387
34 20 2388
34 20 2389
34 20 2390
34 20 2391
34 20 2392
34 20 2393
34 20 2394
34 20 2395
34 20 2396
34 20 2397
34 20 2398
34 20 2399
34 20 2400
34 20 2401
34 20 2402
34 20 2403
34 20 2404
34 20 2405
34 20 2406
34 20 2407
34 20 2408
34 20 2409
34 20 2410
34 20 2411
34 20 2412
34 20 2413
34 20 2414
34 20 2415
34 20 2416
34 20 2417
34 20 2418
34 20 2419
34 20 2420
34 20 2421
34 20 2422
34 20 2423
34 20 2424
34 20 2425
34 20 2426
34 20 2427
34 20 2428
34 20 2429
34 20 2430
34 20 2431
34 20 2432
34 20 2433
34 20 2434
34 20 2435
34 20 2436
34 20 2437
34 20 2438
34 20 2439
34 20 2440
34 20 2441
34 20 2442
34 20 2443
34 20 2444
34 20 2445
34 20 2446
34 20 2447
34 20 2448
34 20 2449
34 20 2450
34 20 2451
34 20 2452
34 20 2453
34 20 2454
34 20 2455
34 20 2456
34 20 2457
