21 36 1
21 36 2
21 36 3
21 36 4
21 36 5
21 36 6
21 36 7
21 36 8
21 36 9
21 36 10
21 36 11
21 36 12
21 36 13
21 36 14
21 36 15
21 36 16
21 36 17
21 36 18
21 36 19
21 36 20
21 36 21
21 36 22
21 36 23
21 36 24
21 36 25
21 36 26
21 36 27
21 36 28
21 36 29
21 36 30
21 36 31
21 36 32
21 36 33
21 36 34
21 36 35
21 36 36
21 36 37
21 36 38
21 36 39
21 36 40
21 36 41
21 36 42
21 36 43
21 36 44
21 36 45
21 36 46
21 36 47
21 36 48
21 36 49
21 36 50
21 36 51
21 36 52
21 36 53
21 36 54
21 36 55
21 36 56
21 36 57
21 36 58
21 36 59
21 36 60
21 36 61
21 36 62
21 36 63
21 36 64
21 36 65
21 36 66
21 36 67
21 36 68
21 36 69
21 36 70
21 36 71
21 36 72
21 36 73
21 36 74
21 36 75
21 36 76
21 36 77
21 36 78
21 36 79
21 36 80
21 36 81
21 36 82
21 36 83
21 36 84
21 36 85
21 36 86
21 36 87
21 36 88
21 36 89
21 36 90
21 36 91
21 36 92
21 36 93
21 36 94
21 36 95
21 36 96
21 36 97
21 36 98
21 36 99
21 36 100
21 36 101
21 36 102
21 36 103
21 36 104
21 36 105
21 36 106
21 36 107
21 36 108
21 36 109
21 36 110
21 36 111
21 36 112
21 36 113
21 36 114
21 36 115
21 36 116
21 36 117
21 36 118
21 36 119
21 36 120
21 36 121
21 36 122
21 36 123
21 36 124
21 36 125
21 36 126
21 36 127
21 36 128
21 36 129
21 36 130
21 36 131
21 36 132
21 36 133
21 36 134
21 36 135
21 36 136
21 36 137
21 36 138
21 36 139
21 36 140
21 36 141
21 36 142
21 36 143
21 36 144
21 36 145
21 36 146
21 36 147
21 36 148
21 36 149
21 36 150
21 36 151
21 36 152
21 36 153
21 36 154
21 36 155
21 36 156
21 36 157
21 36 158
21 36 159
21 36 160
21 36 161
21 36 162
21 36 163
21 36 164
21 36 165
21 36 166
21 36 167
21 36 168
21 36 169
21 36 170
21 36 171
21 36 172
21 36 173
21 36 174
21 36 175
21 36 176
21 36 177
21 36 178
21 36 179
21 36 180
21 36 181
21 36 182
21 36 183
21 36 184
21 36 185
21 36 186
21 36 187
21 36 188
21 36 189
21 36 190
21 36 191
21 36 192
21 36 193
21 36 194
21 36 195
21 36 196
21 36 197
21 36 198
21 36 199
21 36 200
21 36 201
21 36 202
21 36 203
21 36 204
