23 38 1
23 38 2
23 38 3
23 38 4
23 38 5
23 38 6
23 38 7
23 38 8
23 38 9
23 38 10
23 38 11
23 38 12
23 38 13
23 38 14
23 38 15
23 38 16
23 38 17
23 38 18
23 38 19
23 38 20
23 38 21
23 38 22
23 38 23
23 38 24
23 38 25
23 38 26
23 38 27
23 38 28
23 38 29
23 38 30
23 38 31
23 38 32
23 38 33
23 38 34
23 38 35
23 38 36
23 38 37
23 38 38
23 38 39
23 38 40
23 38 41
23 38 42
23 38 43
23 38 44
23 38 45
23 38 46
23 38 47
23 38 48
23 38 49
23 38 50
23 38 51
23 38 52
23 38 53
23 38 54
23 38 55
23 38 56
23 38 57
23 38 58
23 38 59
23 38 60
23 38 61
23 38 62
23 38 63
23 38 64
23 38 65
23 38 66
23 38 67
23 38 68
23 38 69
23 38 70
23 38 71
23 38 72
23 38 73
23 38 74
23 38 75
23 38 76
23 38 77
23 38 78
23 38 79
23 38 80
23 38 81
23 38 82
23 38 83
23 38 84
23 38 85
23 38 86
23 38 87
23 38 88
23 38 89
23 38 90
23 38 91
23 38 92
23 38 93
23 38 94
23 38 95
23 38 96
23 38 97
23 38 98
23 38 99
23 38 100
23 38 101
23 38 102
23 38 103
23 38 104
23 38 105
23 38 106
23 38 107
23 38 108
23 38 109
23 38 110
23 38 111
23 38 112
23 38 113
23 38 114
23 38 115
23 38 116
23 38 117
23 38 118
23 38 119
23 38 120
23 38 121
23 38 122
23 38 123
23 38 124
23 38 125
23 38 126
23 38 127
23 38 128
23 38 129
23 38 130
23 38 131
23 38 132
23 38 133
23 38 134
23 38 135
23 38 136
23 38 137
23 38 138
23 38 139
23 38 140
23 38 141
23 38 142
23 38 143
23 38 144
23 38 145
23 38 146
23 38 147
23 38 148
23 38 149
23 38 150
23 38 151
23 38 152
23 38 153
23 38 154
23 38 155
23 38 156
23 38 157
23 38 158
23 38 159
23 38 160
23 38 161
23 38 162
23 38 163
23 38 164
23 38 165
23 38 166
23 38 167
23 38 168
23 38 169
23 38 170
23 38 171
23 38 172
23 38 173
23 38 174
23 38 175
23 38 176
23 38 177
23 38 178
23 38 179
23 38 180
23 38 181
23 38 182
23 38 183
23 38 184
23 38 185
23 38 186
23 38 187
23 38 188
23 38 189
23 38 190
23 38 191
23 38 192
23 38 193
23 38 194
23 38 195
23 38 196
23 38 197
23 38 198
23 38 199
23 38 200
23 38 201
23 38 202
23 38 203
23 38 204
23 38 205
23 38 206
23 38 207
23 38 208
23 38 209
23 38 210
23 38 211
23 38 212
23 38 213
23 38 214
23 38 215
23 38 216
23 38 217
23 38 218
23 38 219
23 38 220
23 38 221
23 38 222
23 38 223
23 38 224
23 38 225
23 38 226
23 38 227
23 38 228
23 38 229
23 38 230
23 38 231
23 38 232
23 38 233
23 38 234
23 38 235
23 38 236
23 38 237
23 38 238
23 38 239
23 38 240
23 38 241
23 38 242
23 38 243
23 38 244
23 38 245
23 38 246
23 38 247
23 38 248
23 38 249
23 38 250
23 38 251
23 38 252
23 38 253
23 38 254
23 38 255
23 38 256
23 38 257
23 38 258
23 38 259
23 38 260
23 38 261
23 38 262
23 38 263
23 38 264
23 38 265
23 38 266
23 38 267
23 38 268
23 38 269
23 38 270
23 38 271
23 38 272
23 38 273
23 38 274
23 38 275
23 38 276
23 38 277
23 38 278
23 38 279
23 38 280
23 38 281
23 38 282
23 38 283
23 38 284
23 38 285
23 38 286
23 38 287
23 38 288
23 38 289
23 38 290
23 38 291
23 38 292
23 38 293
23 38 294
23 38 295
23 38 296
23 38 297
23 38 298
23 38 299
23 38 300
23 38 301
23 38 302
23 38 303
23 38 304
23 38 305
23 38 306
23 38 307
23 38 308
23 38 309
23 38 310
23 38 311
23 38 312
23 38 313
23 38 314
23 38 315
23 38 316
23 38 317
23 38 318
23 38 319
23 38 320
23 38 321
23 38 322
23 38 323
23 38 324
23 38 325
23 38 326
23 38 327
23 38 328
23 38 329
23 38 330
23 38 331
23 38 332
23 38 333
23 38 334
23 38 335
23 38 336
23 38 337
23 38 338
23 38 339
23 38 340
23 38 341
23 38 342
23 38 343
23 38 344
23 38 345
23 38 346
23 38 347
23 38 348
23 38 349
23 38 350
23 38 351
23 38 352
23 38 353
23 38 354
23 38 355
23 38 356
23 38 357
23 38 358
23 38 359
23 38 360
23 38 361
23 38 362
23 38 363
23 38 364
23 38 365
23 38 366
23 38 367
23 38 368
23 38 369
23 38 370
23 38 371
23 38 372
23 38 373
23 38 374
23 38 375
23 38 376
23 38 377
23 38 378
23 38 379
23 38 380
23 38 381
23 38 382
23 38 383
23 38 384
23 38 385
23 38 386
23 38 387
23 38 388
23 38 389
23 38 390
23 38 391
23 38 392
23 38 393
23 38 394
23 38 395
23 38 396
23 38 397
23 38 398
23 38 399
23 38 400
23 38 401
23 38 402
23 38 403
23 38 404
23 38 405
23 38 406
23 38 407
23 38 408
23 38 409
23 38 410
23 38 411
23 38 412
23 38 413
23 38 414
23 38 415
23 38 416
23 38 417
23 38 418
23 38 419
23 38 420
23 38 421
23 38 422
23 38 423
23 38 424
23 38 425
23 38 426
23 38 427
23 38 428
23 38 429
23 38 430
23 38 431
23 38 432
23 38 433
23 38 434
23 38 435
23 38 436
23 38 437
23 38 438
23 38 439
23 38 440
23 38 441
23 38 442
23 38 443
23 38 444
23 38 445
23 38 446
23 38 447
23 38 448
23 38 449
23 38 450
23 38 451
23 38 452
23 38 453
23 38 454
23 38 455
23 38 456
23 38 457
23 38 458
23 38 459
23 38 460
23 38 461
23 38 462
23 38 463
23 38 464
23 38 465
23 38 466
23 38 467
23 38 468
23 38 469
23 38 470
23 38 471
23 38 472
23 38 473
23 38 474
23 38 475
23 38 476
23 38 477
23 38 478
23 38 479
23 38 480
23 38 481
23 38 482
23 38 483
23 38 484
23 38 485
23 38 486
23 38 487
23 38 488
23 38 489
23 38 490
23 38 491
23 38 492
23 38 493
23 38 494
23 38 495
23 38 496
23 38 497
23 38 498
23 38 499
23 38 500
23 38 501
23 38 502
23 38 503
23 38 504
23 38 505
23 38 506
23 38 507
23 38 508
23 38 509
23 38 510
23 38 511
23 38 512
23 38 513
23 38 514
23 38 515
23 38 516
23 38 517
23 38 518
23 38 519
23 38 520
23 38 521
23 38 522
23 38 523
23 38 524
23 38 525
23 38 526
23 38 527
23 38 528
23 38 529
23 38 530
23 38 531
23 38 532
23 38 533
23 38 534
23 38 535
23 38 536
23 38 537
23 38 538
23 38 539
23 38 540
23 38 541
23 38 542
23 38 543
23 38 544
23 38 545
23 38 546
23 38 547
23 38 548
23 38 549
23 38 550
23 38 551
23 38 552
23 38 553
23 38 554
23 38 555
23 38 556
23 38 557
23 38 558
23 38 559
23 38 560
23 38 561
23 38 562
23 38 563
23 38 564
23 38 565
23 38 566
23 38 567
23 38 568
23 38 569
23 38 570
23 38 571
23 38 572
23 38 573
23 38 574
23 38 575
23 38 576
23 38 577
23 38 578
23 38 579
23 38 580
23 38 581
23 38 582
23 38 583
23 38 584
23 38 585
23 38 586
23 38 587
23 38 588
23 38 589
23 38 590
23 38 591
23 38 592
23 38 593
23 38 594
23 38 595
23 38 596
23 38 597
23 38 598
23 38 599
23 38 600
23 38 601
23 38 602
23 38 603
23 38 604
23 38 605
23 38 606
23 38 607
23 38 608
23 38 609
23 38 610
23 38 611
23 38 612
23 38 613
23 38 614
23 38 615
23 38 616
23 38 617
23 38 618
23 38 619
23 38 620
23 38 621
23 38 622
23 38 623
23 38 624
23 38 625
23 38 626
23 38 627
23 38 628
23 38 629
23 38 630
23 38 631
23 38 632
23 38 633
23 38 634
23 38 635
23 38 636
23 38 637
23 38 638
23 38 639
23 38 640
23 38 641
23 38 642
23 38 643
23 38 644
23 38 645
23 38 646
23 38 647
23 38 648
23 38 649
23 38 650
23 38 651
23 38 652
23 38 653
23 38 654
23 38 655
23 38 656
23 38 657
23 38 658
23 38 659
23 38 660
23 38 661
23 38 662
23 38 663
23 38 664
23 38 665
23 38 666
23 38 667
23 38 668
23 38 669
23 38 670
23 38 671
23 38 672
23 38 673
23 38 674
23 38 675
23 38 676
23 38 677
23 38 678
23 38 679
23 38 680
23 38 681
23 38 682
23 38 683
23 38 684
23 38 685
23 38 686
23 38 687
23 38 688
23 38 689
23 38 690
23 38 691
23 38 692
23 38 693
23 38 694
23 38 695
23 38 696
23 38 697
23 38 698
23 38 699
23 38 700
23 38 701
23 38 702
23 38 703
23 38 704
23 38 705
23 38 706
23 38 707
23 38 708
23 38 709
23 38 710
23 38 711
23 38 712
23 38 713
23 38 714
23 38 715
23 38 716
23 38 717
23 38 718
23 38 719
23 38 720
23 38 721
23 38 722
23 38 723
23 38 724
23 38 725
23 38 726
23 38 727
23 38 728
23 38 729
23 38 730
23 38 731
23 38 732
23 38 733
23 38 734
23 38 735
23 38 736
23 38 737
23 38 738
23 38 739
23 38 740
23 38 741
23 38 742
23 38 743
23 38 744
23 38 745
23 38 746
23 38 747
23 38 748
23 38 749
23 38 750
23 38 751
23 38 752
23 38 753
23 38 754
23 38 755
23 38 756
23 38 757
23 38 758
23 38 759
23 38 760
23 38 761
23 38 762
23 38 763
23 38 764
23 38 765
23 38 766
23 38 767
23 38 768
23 38 769
23 38 770
23 38 771
23 38 772
23 38 773
23 38 774
23 38 775
23 38 776
23 38 777
23 38 778
23 38 779
23 38 780
23 38 781
23 38 782
23 38 783
23 38 784
23 38 785
23 38 786
23 38 787
23 38 788
23 38 789
23 38 790
23 38 791
23 38 792
23 38 793
23 38 794
23 38 795
23 38 796
23 38 797
23 38 798
23 38 799
23 38 800
23 38 801
23 38 802
23 38 803
23 38 804
23 38 805
23 38 806
23 38 807
23 38 808
23 38 809
23 38 810
23 38 811
23 38 812
23 38 813
23 38 814
23 38 815
23 38 816
23 38 817
23 38 818
23 38 819
23 38 820
23 38 821
23 38 822
23 38 823
23 38 824
23 38 825
23 38 826
23 38 827
23 38 828
23 38 829
23 38 830
23 38 831
23 38 832
23 38 833
23 38 834
23 38 835
23 38 836
23 38 837
23 38 838
23 38 839
23 38 840
23 38 841
23 38 842
23 38 843
23 38 844
23 38 845
23 38 846
23 38 847
23 38 848
23 38 849
23 38 850
23 38 851
23 38 852
23 38 853
23 38 854
23 38 855
23 38 856
23 38 857
23 38 858
23 38 859
23 38 860
23 38 861
23 38 862
23 38 863
23 38 864
23 38 865
23 38 866
23 38 867
23 38 868
23 38 869
23 38 870
23 38 871
23 38 872
23 38 873
23 38 874
23 38 875
23 38 876
23 38 877
23 38 878
23 38 879
23 38 880
23 38 881
23 38 882
23 38 883
23 38 884
23 38 885
23 38 886
23 38 887
23 38 888
23 38 889
23 38 890
23 38 891
23 38 892
23 38 893
23 38 894
23 38 895
23 38 896
23 38 897
23 38 898
23 38 899
23 38 900
23 38 901
23 38 902
23 38 903
23 38 904
23 38 905
23 38 906
23 38 907
23 38 908
23 38 909
23 38 910
23 38 911
23 38 912
23 38 913
23 38 914
23 38 915
23 38 916
23 38 917
23 38 918
23 38 919
23 38 920
23 38 921
23 38 922
23 38 923
23 38 924
23 38 925
23 38 926
23 38 927
23 38 928
23 38 929
23 38 930
23 38 931
23 38 932
23 38 933
23 38 934
23 38 935
23 38 936
23 38 937
23 38 938
23 38 939
23 38 940
23 38 941
23 38 942
23 38 943
23 38 944
23 38 945
23 38 946
23 38 947
23 38 948
23 38 949
23 38 950
23 38 951
23 38 952
23 38 953
23 38 954
23 38 955
23 38 956
23 38 957
23 38 958
23 38 959
23 38 960
23 38 961
23 38 962
23 38 963
23 38 964
23 38 965
23 38 966
23 38 967
23 38 968
23 38 969
23 38 970
23 38 971
23 38 972
23 38 973
23 38 974
23 38 975
23 38 976
23 38 977
23 38 978
23 38 979
23 38 980
23 38 981
23 38 982
23 38 983
23 38 984
23 38 985
23 38 986
23 38 987
23 38 988
23 38 989
23 38 990
23 38 991
23 38 992
23 38 993
23 38 994
23 38 995
23 38 996
23 38 997
23 38 998
23 38 999
23 38 1000
23 38 1001
23 38 1002
23 38 1003
23 38 1004
23 38 1005
23 38 1006
23 38 1007
23 38 1008
23 38 1009
23 38 1010
23 38 1011
23 38 1012
23 38 1013
23 38 1014
23 38 1015
23 38 1016
23 38 1017
23 38 1018
23 38 1019
23 38 1020
23 38 1021
23 38 1022
23 38 1023
23 38 1024
23 38 1025
23 38 1026
23 38 1027
23 38 1028
23 38 1029
23 38 1030
23 38 1031
23 38 1032
23 38 1033
23 38 1034
23 38 1035
23 38 1036
23 38 1037
23 38 1038
23 38 1039
23 38 1040
23 38 1041
23 38 1042
23 38 1043
23 38 1044
23 38 1045
23 38 1046
23 38 1047
23 38 1048
23 38 1049
23 38 1050
23 38 1051
23 38 1052
23 38 1053
23 38 1054
23 38 1055
23 38 1056
23 38 1057
23 38 1058
23 38 1059
23 38 1060
23 38 1061
23 38 1062
23 38 1063
23 38 1064
23 38 1065
23 38 1066
23 38 1067
23 38 1068
23 38 1069
23 38 1070
23 38 1071
23 38 1072
23 38 1073
23 38 1074
23 38 1075
23 38 1076
23 38 1077
23 38 1078
23 38 1079
23 38 1080
23 38 1081
23 38 1082
23 38 1083
23 38 1084
23 38 1085
23 38 1086
23 38 1087
23 38 1088
23 38 1089
23 38 1090
23 38 1091
23 38 1092
23 38 1093
23 38 1094
23 38 1095
23 38 1096
23 38 1097
23 38 1098
23 38 1099
23 38 1100
23 38 1101
23 38 1102
23 38 1103
23 38 1104
23 38 1105
23 38 1106
23 38 1107
23 38 1108
23 38 1109
23 38 1110
23 38 1111
23 38 1112
23 38 1113
23 38 1114
23 38 1115
23 38 1116
23 38 1117
23 38 1118
23 38 1119
23 38 1120
23 38 1121
23 38 1122
23 38 1123
23 38 1124
23 38 1125
23 38 1126
23 38 1127
23 38 1128
23 38 1129
23 38 1130
23 38 1131
23 38 1132
23 38 1133
23 38 1134
23 38 1135
23 38 1136
23 38 1137
23 38 1138
23 38 1139
23 38 1140
23 38 1141
23 38 1142
23 38 1143
23 38 1144
23 38 1145
23 38 1146
23 38 1147
23 38 1148
23 38 1149
23 38 1150
23 38 1151
23 38 1152
23 38 1153
23 38 1154
23 38 1155
23 38 1156
23 38 1157
23 38 1158
23 38 1159
23 38 1160
23 38 1161
23 38 1162
23 38 1163
23 38 1164
23 38 1165
23 38 1166
23 38 1167
23 38 1168
23 38 1169
23 38 1170
23 38 1171
23 38 1172
23 38 1173
23 38 1174
23 38 1175
23 38 1176
23 38 1177
23 38 1178
23 38 1179
23 38 1180
23 38 1181
23 38 1182
23 38 1183
23 38 1184
23 38 1185
23 38 1186
23 38 1187
23 38 1188
23 38 1189
23 38 1190
23 38 1191
23 38 1192
23 38 1193
23 38 1194
23 38 1195
23 38 1196
23 38 1197
23 38 1198
23 38 1199
23 38 1200
23 38 1201
23 38 1202
23 38 1203
23 38 1204
23 38 1205
23 38 1206
23 38 1207
23 38 1208
23 38 1209
23 38 1210
23 38 1211
23 38 1212
23 38 1213
23 38 1214
23 38 1215
23 38 1216
23 38 1217
23 38 1218
23 38 1219
23 38 1220
23 38 1221
23 38 1222
23 38 1223
23 38 1224
23 38 1225
23 38 1226
23 38 1227
23 38 1228
23 38 1229
23 38 1230
23 38 1231
23 38 1232
23 38 1233
23 38 1234
23 38 1235
23 38 1236
23 38 1237
23 38 1238
23 38 1239
23 38 1240
23 38 1241
23 38 1242
23 38 1243
23 38 1244
23 38 1245
23 38 1246
23 38 1247
23 38 1248
23 38 1249
23 38 1250
23 38 1251
23 38 1252
23 38 1253
23 38 1254
23 38 1255
23 38 1256
23 38 1257
23 38 1258
23 38 1259
23 38 1260
23 38 1261
23 38 1262
23 38 1263
23 38 1264
23 38 1265
23 38 1266
23 38 1267
23 38 1268
23 38 1269
23 38 1270
23 38 1271
23 38 1272
23 38 1273
23 38 1274
23 38 1275
23 38 1276
23 38 1277
23 38 1278
23 38 1279
23 38 1280
23 38 1281
23 38 1282
23 38 1283
23 38 1284
23 38 1285
23 38 1286
23 38 1287
23 38 1288
23 38 1289
23 38 1290
23 38 1291
23 38 1292
23 38 1293
23 38 1294
23 38 1295
23 38 1296
23 38 1297
23 38 1298
23 38 1299
23 38 1300
23 38 1301
23 38 1302
23 38 1303
23 38 1304
23 38 1305
23 38 1306
23 38 1307
23 38 1308
23 38 1309
23 38 1310
23 38 1311
23 38 1312
23 38 1313
23 38 1314
23 38 1315
23 38 1316
23 38 1317
23 38 1318
23 38 1319
23 38 1320
23 38 1321
23 38 1322
23 38 1323
23 38 1324
23 38 1325
23 38 1326
23 38 1327
23 38 1328
23 38 1329
23 38 1330
23 38 1331
23 38 1332
23 38 1333
23 38 1334
23 38 1335
23 38 1336
23 38 1337
23 38 1338
23 38 1339
23 38 1340
23 38 1341
23 38 1342
23 38 1343
23 38 1344
23 38 1345
23 38 1346
23 38 1347
23 38 1348
23 38 1349
23 38 1350
23 38 1351
23 38 1352
23 38 1353
23 38 1354
23 38 1355
23 38 1356
23 38 1357
23 38 1358
23 38 1359
23 38 1360
23 38 1361
23 38 1362
23 38 1363
23 38 1364
23 38 1365
23 38 1366
23 38 1367
23 38 1368
23 38 1369
23 38 1370
23 38 1371
23 38 1372
23 38 1373
23 38 1374
23 38 1375
23 38 1376
23 38 1377
23 38 1378
23 38 1379
23 38 1380
23 38 1381
23 38 1382
23 38 1383
23 38 1384
23 38 1385
23 38 1386
23 38 1387
23 38 1388
23 38 1389
23 38 1390
23 38 1391
23 38 1392
23 38 1393
23 38 1394
23 38 1395
23 38 1396
23 38 1397
23 38 1398
23 38 1399
23 38 1400
23 38 1401
23 38 1402
23 38 1403
23 38 1404
23 38 1405
23 38 1406
23 38 1407
23 38 1408
23 38 1409
23 38 1410
23 38 1411
23 38 1412
23 38 1413
23 38 1414
23 38 1415
23 38 1416
23 38 1417
23 38 1418
23 38 1419
23 38 1420
23 38 1421
23 38 1422
23 38 1423
23 38 1424
23 38 1425
23 38 1426
23 38 1427
23 38 1428
23 38 1429
23 38 1430
23 38 1431
23 38 1432
23 38 1433
23 38 1434
23 38 1435
23 38 1436
23 38 1437
23 38 1438
23 38 1439
23 38 1440
23 38 1441
23 38 1442
23 38 1443
23 38 1444
23 38 1445
23 38 1446
23 38 1447
23 38 1448
23 38 1449
23 38 1450
23 38 1451
23 38 1452
23 38 1453
23 38 1454
23 38 1455
23 38 1456
23 38 1457
23 38 1458
23 38 1459
23 38 1460
23 38 1461
23 38 1462
23 38 1463
23 38 1464
23 38 1465
23 38 1466
23 38 1467
23 38 1468
23 38 1469
23 38 1470
23 38 1471
23 38 1472
23 38 1473
23 38 1474
23 38 1475
23 38 1476
23 38 1477
23 38 1478
23 38 1479
23 38 1480
23 38 1481
23 38 1482
23 38 1483
23 38 1484
23 38 1485
23 38 1486
23 38 1487
23 38 1488
23 38 1489
23 38 1490
23 38 1491
23 38 1492
23 38 1493
23 38 1494
23 38 1495
23 38 1496
23 38 1497
23 38 1498
23 38 1499
23 38 1500
23 38 1501
23 38 1502
23 38 1503
23 38 1504
23 38 1505
23 38 1506
23 38 1507
23 38 1508
23 38 1509
23 38 1510
23 38 1511
23 38 1512
23 38 1513
23 38 1514
23 38 1515
23 38 1516
23 38 1517
23 38 1518
23 38 1519
23 38 1520
23 38 1521
23 38 1522
23 38 1523
23 38 1524
23 38 1525
23 38 1526
23 38 1527
23 38 1528
23 38 1529
23 38 1530
23 38 1531
23 38 1532
23 38 1533
23 38 1534
23 38 1535
23 38 1536
23 38 1537
23 38 1538
23 38 1539
23 38 1540
23 38 1541
23 38 1542
23 38 1543
23 38 1544
23 38 1545
23 38 1546
23 38 1547
23 38 1548
23 38 1549
23 38 1550
23 38 1551
23 38 1552
23 38 1553
23 38 1554
23 38 1555
23 38 1556
23 38 1557
23 38 1558
23 38 1559
23 38 1560
23 38 1561
23 38 1562
23 38 1563
23 38 1564
23 38 1565
23 38 1566
23 38 1567
23 38 1568
23 38 1569
23 38 1570
23 38 1571
23 38 1572
23 38 1573
23 38 1574
23 38 1575
23 38 1576
23 38 1577
23 38 1578
23 38 1579
23 38 1580
23 38 1581
23 38 1582
23 38 1583
23 38 1584
23 38 1585
23 38 1586
23 38 1587
23 38 1588
23 38 1589
23 38 1590
23 38 1591
23 38 1592
23 38 1593
23 38 1594
23 38 1595
23 38 1596
23 38 1597
23 38 1598
23 38 1599
23 38 1600
23 38 1601
23 38 1602
23 38 1603
23 38 1604
23 38 1605
23 38 1606
23 38 1607
23 38 1608
23 38 1609
23 38 1610
23 38 1611
23 38 1612
23 38 1613
23 38 1614
23 38 1615
23 38 1616
23 38 1617
23 38 1618
23 38 1619
23 38 1620
23 38 1621
23 38 1622
23 38 1623
23 38 1624
23 38 1625
23 38 1626
23 38 1627
23 38 1628
23 38 1629
23 38 1630
23 38 1631
23 38 1632
23 38 1633
23 38 1634
23 38 1635
23 38 1636
23 38 1637
23 38 1638
23 38 1639
23 38 1640
23 38 1641
23 38 1642
23 38 1643
23 38 1644
23 38 1645
23 38 1646
23 38 1647
23 38 1648
23 38 1649
23 38 1650
23 38 1651
23 38 1652
23 38 1653
23 38 1654
23 38 1655
23 38 1656
23 38 1657
23 38 1658
23 38 1659
23 38 1660
23 38 1661
23 38 1662
23 38 1663
23 38 1664
23 38 1665
23 38 1666
23 38 1667
23 38 1668
23 38 1669
23 38 1670
23 38 1671
23 38 1672
23 38 1673
23 38 1674
23 38 1675
23 38 1676
23 38 1677
23 38 1678
23 38 1679
23 38 1680
23 38 1681
23 38 1682
23 38 1683
23 38 1684
23 38 1685
23 38 1686
23 38 1687
23 38 1688
23 38 1689
23 38 1690
23 38 1691
23 38 1692
23 38 1693
23 38 1694
23 38 1695
23 38 1696
23 38 1697
23 38 1698
23 38 1699
23 38 1700
23 38 1701
23 38 1702
23 38 1703
23 38 1704
23 38 1705
23 38 1706
23 38 1707
23 38 1708
23 38 1709
23 38 1710
23 38 1711
23 38 1712
23 38 1713
23 38 1714
23 38 1715
23 38 1716
23 38 1717
23 38 1718
23 38 1719
23 38 1720
23 38 1721
23 38 1722
23 38 1723
23 38 1724
23 38 1725
23 38 1726
23 38 1727
23 38 1728
23 38 1729
23 38 1730
23 38 1731
23 38 1732
23 38 1733
23 38 1734
23 38 1735
23 38 1736
23 38 1737
23 38 1738
23 38 1739
23 38 1740
23 38 1741
23 38 1742
23 38 1743
23 38 1744
23 38 1745
23 38 1746
23 38 1747
23 38 1748
23 38 1749
23 38 1750
23 38 1751
23 38 1752
23 38 1753
23 38 1754
23 38 1755
23 38 1756
23 38 1757
23 38 1758
23 38 1759
23 38 1760
23 38 1761
23 38 1762
23 38 1763
23 38 1764
23 38 1765
23 38 1766
23 38 1767
23 38 1768
23 38 1769
23 38 1770
23 38 1771
23 38 1772
23 38 1773
23 38 1774
23 38 1775
23 38 1776
23 38 1777
23 38 1778
23 38 1779
23 38 1780
23 38 1781
23 38 1782
23 38 1783
23 38 1784
23 38 1785
23 38 1786
23 38 1787
23 38 1788
23 38 1789
23 38 1790
23 38 1791
23 38 1792
23 38 1793
23 38 1794
23 38 1795
23 38 1796
23 38 1797
23 38 1798
23 38 1799
23 38 1800
23 38 1801
23 38 1802
23 38 1803
23 38 1804
23 38 1805
23 38 1806
23 38 1807
23 38 1808
23 38 1809
23 38 1810
23 38 1811
23 38 1812
23 38 1813
23 38 1814
23 38 1815
23 38 1816
23 38 1817
23 38 1818
23 38 1819
23 38 1820
23 38 1821
23 38 1822
23 38 1823
23 38 1824
23 38 1825
23 38 1826
23 38 1827
23 38 1828
23 38 1829
23 38 1830
23 38 1831
23 38 1832
23 38 1833
23 38 1834
23 38 1835
23 38 1836
23 38 1837
23 38 1838
23 38 1839
23 38 1840
23 38 1841
23 38 1842
23 38 1843
23 38 1844
23 38 1845
23 38 1846
23 38 1847
23 38 1848
23 38 1849
23 38 1850
23 38 1851
23 38 1852
23 38 1853
23 38 1854
23 38 1855
23 38 1856
23 38 1857
23 38 1858
23 38 1859
23 38 1860
23 38 1861
23 38 1862
23 38 1863
23 38 1864
23 38 1865
23 38 1866
23 38 1867
23 38 1868
23 38 1869
23 38 1870
23 38 1871
23 38 1872
23 38 1873
23 38 1874
23 38 1875
23 38 1876
23 38 1877
23 38 1878
23 38 1879
23 38 1880
23 38 1881
23 38 1882
23 38 1883
23 38 1884
23 38 1885
23 38 1886
23 38 1887
23 38 1888
23 38 1889
23 38 1890
23 38 1891
23 38 1892
23 38 1893
23 38 1894
23 38 1895
23 38 1896
23 38 1897
23 38 1898
23 38 1899
23 38 1900
23 38 1901
23 38 1902
23 38 1903
23 38 1904
23 38 1905
23 38 1906
23 38 1907
23 38 1908
23 38 1909
23 38 1910
23 38 1911
23 38 1912
23 38 1913
23 38 1914
23 38 1915
23 38 1916
23 38 1917
23 38 1918
23 38 1919
23 38 1920
23 38 1921
23 38 1922
23 38 1923
23 38 1924
23 38 1925
23 38 1926
23 38 1927
23 38 1928
23 38 1929
23 38 1930
23 38 1931
23 38 1932
23 38 1933
23 38 1934
23 38 1935
23 38 1936
23 38 1937
23 38 1938
23 38 1939
23 38 1940
23 38 1941
23 38 1942
23 38 1943
23 38 1944
23 38 1945
23 38 1946
23 38 1947
23 38 1948
23 38 1949
23 38 1950
23 38 1951
23 38 1952
23 38 1953
23 38 1954
23 38 1955
23 38 1956
23 38 1957
23 38 1958
23 38 1959
23 38 1960
23 38 1961
23 38 1962
23 38 1963
23 38 1964
23 38 1965
23 38 1966
23 38 1967
23 38 1968
23 38 1969
23 38 1970
23 38 1971
23 38 1972
23 38 1973
23 38 1974
23 38 1975
23 38 1976
23 38 1977
23 38 1978
23 38 1979
23 38 1980
23 38 1981
23 38 1982
23 38 1983
23 38 1984
23 38 1985
23 38 1986
23 38 1987
23 38 1988
23 38 1989
23 38 1990
23 38 1991
23 38 1992
23 38 1993
23 38 1994
23 38 1995
23 38 1996
23 38 1997
23 38 1998
23 38 1999
23 38 2000
23 38 2001
23 38 2002
23 38 2003
23 38 2004
23 38 2005
23 38 2006
23 38 2007
23 38 2008
23 38 2009
23 38 2010
23 38 2011
23 38 2012
23 38 2013
23 38 2014
23 38 2015
23 38 2016
23 38 2017
23 38 2018
23 38 2019
23 38 2020
23 38 2021
23 38 2022
23 38 2023
23 38 2024
23 38 2025
23 38 2026
23 38 2027
23 38 2028
23 38 2029
23 38 2030
23 38 2031
23 38 2032
23 38 2033
23 38 2034
23 38 2035
23 38 2036
23 38 2037
23 38 2038
23 38 2039
23 38 2040
23 38 2041
23 38 2042
23 38 2043
23 38 2044
23 38 2045
23 38 2046
23 38 2047
23 38 2048
23 38 2049
23 38 2050
23 38 2051
23 38 2052
23 38 2053
23 38 2054
23 38 2055
23 38 2056
23 38 2057
23 38 2058
23 38 2059
23 38 2060
23 38 2061
23 38 2062
23 38 2063
23 38 2064
23 38 2065
23 38 2066
23 38 2067
23 38 2068
23 38 2069
23 38 2070
23 38 2071
23 38 2072
23 38 2073
23 38 2074
23 38 2075
23 38 2076
23 38 2077
23 38 2078
23 38 2079
23 38 2080
23 38 2081
23 38 2082
23 38 2083
23 38 2084
23 38 2085
23 38 2086
23 38 2087
23 38 2088
23 38 2089
23 38 2090
23 38 2091
23 38 2092
23 38 2093
23 38 2094
23 38 2095
23 38 2096
23 38 2097
23 38 2098
23 38 2099
23 38 2100
23 38 2101
23 38 2102
23 38 2103
23 38 2104
23 38 2105
23 38 2106
23 38 2107
23 38 2108
23 38 2109
23 38 2110
23 38 2111
23 38 2112
23 38 2113
23 38 2114
23 38 2115
23 38 2116
23 38 2117
23 38 2118
23 38 2119
23 38 2120
23 38 2121
23 38 2122
23 38 2123
23 38 2124
23 38 2125
23 38 2126
23 38 2127
23 38 2128
23 38 2129
23 38 2130
23 38 2131
23 38 2132
23 38 2133
23 38 2134
23 38 2135
23 38 2136
23 38 2137
23 38 2138
23 38 2139
23 38 2140
23 38 2141
23 38 2142
23 38 2143
23 38 2144
23 38 2145
23 38 2146
23 38 2147
23 38 2148
23 38 2149
23 38 2150
23 38 2151
23 38 2152
23 38 2153
23 38 2154
23 38 2155
23 38 2156
23 38 2157
23 38 2158
23 38 2159
23 38 2160
23 38 2161
23 38 2162
23 38 2163
23 38 2164
23 38 2165
23 38 2166
23 38 2167
23 38 2168
23 38 2169
23 38 2170
23 38 2171
23 38 2172
23 38 2173
23 38 2174
23 38 2175
23 38 2176
23 38 2177
23 38 2178
23 38 2179
23 38 2180
23 38 2181
23 38 2182
23 38 2183
23 38 2184
23 38 2185
23 38 2186
23 38 2187
23 38 2188
23 38 2189
23 38 2190
23 38 2191
23 38 2192
23 38 2193
23 38 2194
23 38 2195
23 38 2196
23 38 2197
23 38 2198
23 38 2199
23 38 2200
23 38 2201
23 38 2202
23 38 2203
23 38 2204
23 38 2205
23 38 2206
23 38 2207
23 38 2208
23 38 2209
23 38 2210
23 38 2211
23 38 2212
23 38 2213
23 38 2214
23 38 2215
23 38 2216
23 38 2217
23 38 2218
23 38 2219
23 38 2220
23 38 2221
23 38 2222
23 38 2223
23 38 2224
23 38 2225
23 38 2226
23 38 2227
23 38 2228
23 38 2229
23 38 2230
23 38 2231
23 38 2232
23 38 2233
23 38 2234
23 38 2235
23 38 2236
23 38 2237
23 38 2238
23 38 2239
23 38 2240
23 38 2241
23 38 2242
23 38 2243
23 38 2244
23 38 2245
23 38 2246
23 38 2247
23 38 2248
23 38 2249
23 38 2250
23 38 2251
23 38 2252
23 38 2253
23 38 2254
23 38 2255
23 38 2256
23 38 2257
23 38 2258
23 38 2259
23 38 2260
23 38 2261
23 38 2262
23 38 2263
23 38 2264
23 38 2265
23 38 2266
23 38 2267
23 38 2268
23 38 2269
23 38 2270
23 38 2271
23 38 2272
23 38 2273
23 38 2274
23 38 2275
23 38 2276
23 38 2277
23 38 2278
23 38 2279
23 38 2280
23 38 2281
23 38 2282
23 38 2283
23 38 2284
23 38 2285
23 38 2286
23 38 2287
23 38 2288
23 38 2289
23 38 2290
23 38 2291
23 38 2292
23 38 2293
23 38 2294
23 38 2295
23 38 2296
23 38 2297
23 38 2298
23 38 2299
23 38 2300
23 38 2301
23 38 2302
23 38 2303
23 38 2304
23 38 2305
23 38 2306
23 38 2307
23 38 2308
23 38 2309
23 38 2310
23 38 2311
23 38 2312
23 38 2313
23 38 2314
23 38 2315
23 38 2316
23 38 2317
23 38 2318
23 38 2319
23 38 2320
23 38 2321
23 38 2322
23 38 2323
23 38 2324
23 38 2325
23 38 2326
23 38 2327
23 38 2328
23 38 2329
23 38 2330
23 38 2331
23 38 2332
23 38 2333
23 38 2334
23 38 2335
23 38 2336
23 38 2337
23 38 2338
23 38 2339
23 38 2340
23 38 2341
23 38 2342
23 38 2343
23 38 2344
23 38 2345
23 38 2346
23 38 2347
23 38 2348
23 38 2349
23 38 2350
23 38 2351
23 38 2352
23 38 2353
23 38 2354
23 38 2355
23 38 2356
23 38 2357
23 38 2358
23 38 2359
23 38 2360
23 38 2361
23 38 2362
23 38 2363
23 38 2364
23 38 2365
23 38 2366
23 38 2367
23 38 2368
23 38 2369
23 38 2370
23 38 2371
23 38 2372
23 38 2373
23 38 2374
23 38 2375
23 38 2376
23 38 2377
23 38 2378
23 38 2379
23 38 2380
23 38 2381
23 38 2382
23 38 2383
23 38 2384
23 38 2385
23 38 2386
23 38 2387
23 38 2388
23 38 2389
23 38 2390
23 38 2391
23 38 2392
23 38 2393
23 38 2394
23 38 2395
23 38 2396
23 38 2397
23 38 2398
23 38 2399
23 38 2400
23 38 2401
23 38 2402
23 38 2403
23 38 2404
23 38 2405
23 38 2406
23 38 2407
23 38 2408
23 38 2409
23 38 2410
23 38 2411
23 38 2412
23 38 2413
23 38 2414
23 38 2415
23 38 2416
23 38 2417
23 38 2418
23 38 2419
23 38 2420
23 38 2421
23 38 2422
23 38 2423
23 38 2424
23 38 2425
23 38 2426
23 38 2427
23 38 2428
23 38 2429
23 38 2430
23 38 2431
23 38 2432
23 38 2433
23 38 2434
23 38 2435
23 38 2436
23 38 2437
23 38 2438
23 38 2439
23 38 2440
23 38 2441
23 38 2442
23 38 2443
23 38 2444
23 38 2445
23 38 2446
23 38 2447
23 38 2448
23 38 2449
23 38 2450
23 38 2451
23 38 2452
23 38 2453
23 38 2454
23 38 2455
23 38 2456
23 38 2457
