2 40 1
2 40 2
2 40 3
2 40 4
2 40 5
2 40 6
2 40 7
2 40 8
2 40 9
2 40 10
2 40 11
2 40 12
2 40 13
2 40 14
2 40 15
2 40 16
2 40 17
2 40 18
2 40 19
2 40 20
2 40 21
2 40 22
2 40 23
2 40 24
2 40 25
2 40 26
2 40 27
2 40 28
2 40 29
2 40 30
2 40 31
2 40 32
2 40 33
2 40 34
2 40 35
2 40 36
2 40 37
2 40 38
2 40 39
2 40 40
2 40 41
2 40 42
2 40 43
2 40 44
2 40 45
2 40 46
2 40 47
2 40 48
2 40 49
2 40 50
2 40 51
2 40 52
2 40 53
2 40 54
2 40 55
2 40 56
2 40 57
2 40 58
2 40 59
2 40 60
2 40 61
2 40 62
2 40 63
2 40 64
2 40 65
2 40 66
2 40 67
2 40 68
2 40 69
2 40 70
2 40 71
2 40 72
2 40 73
2 40 74
2 40 75
2 40 76
2 40 77
2 40 78
2 40 79
2 40 80
2 40 81
2 40 82
2 40 83
2 40 84
2 40 85
2 40 86
2 40 87
2 40 88
2 40 89
2 40 90
2 40 91
2 40 92
2 40 93
2 40 94
2 40 95
2 40 96
2 40 97
2 40 98
2 40 99
2 40 100
2 40 101
2 40 102
2 40 103
2 40 104
2 40 105
2 40 106
2 40 107
2 40 108
2 40 109
2 40 110
2 40 111
2 40 112
2 40 113
2 40 114
2 40 115
2 40 116
2 40 117
2 40 118
2 40 119
2 40 120
2 40 121
2 40 122
2 40 123
2 40 124
2 40 125
2 40 126
2 40 127
2 40 128
2 40 129
2 40 130
2 40 131
2 40 132
2 40 133
2 40 134
2 40 135
2 40 136
2 40 137
2 40 138
2 40 139
2 40 140
2 40 141
2 40 142
2 40 143
2 40 144
2 40 145
2 40 146
2 40 147
2 40 148
2 40 149
2 40 150
2 40 151
2 40 152
2 40 153
2 40 154
2 40 155
2 40 156
2 40 157
2 40 158
2 40 159
2 40 160
2 40 161
2 40 162
2 40 163
2 40 164
2 40 165
2 40 166
2 40 167
2 40 168
2 40 169
2 40 170
2 40 171
2 40 172
2 40 173
2 40 174
2 40 175
2 40 176
2 40 177
2 40 178
2 40 179
2 40 180
2 40 181
2 40 182
2 40 183
2 40 184
2 40 185
2 40 186
2 40 187
2 40 188
2 40 189
2 40 190
2 40 191
2 40 192
2 40 193
2 40 194
2 40 195
2 40 196
2 40 197
2 40 198
2 40 199
2 40 200
2 40 201
2 40 202
2 40 203
2 40 204
2 40 205
2 40 206
2 40 207
2 40 208
2 40 209
2 40 210
2 40 211
2 40 212
2 40 213
2 40 214
2 40 215
2 40 216
2 40 217
2 40 218
2 40 219
2 40 220
2 40 221
2 40 222
2 40 223
2 40 224
2 40 225
2 40 226
2 40 227
2 40 228
2 40 229
2 40 230
2 40 231
2 40 232
2 40 233
2 40 234
2 40 235
2 40 236
2 40 237
2 40 238
2 40 239
2 40 240
2 40 241
2 40 242
2 40 243
2 40 244
2 40 245
2 40 246
2 40 247
2 40 248
2 40 249
2 40 250
2 40 251
2 40 252
2 40 253
2 40 254
2 40 255
2 40 256
2 40 257
2 40 258
2 40 259
2 40 260
2 40 261
2 40 262
2 40 263
2 40 264
2 40 265
2 40 266
2 40 267
2 40 268
2 40 269
2 40 270
2 40 271
2 40 272
2 40 273
2 40 274
2 40 275
2 40 276
2 40 277
2 40 278
2 40 279
2 40 280
2 40 281
2 40 282
2 40 283
2 40 284
2 40 285
2 40 286
2 40 287
2 40 288
2 40 289
2 40 290
2 40 291
2 40 292
2 40 293
2 40 294
2 40 295
2 40 296
2 40 297
2 40 298
2 40 299
2 40 300
2 40 301
2 40 302
2 40 303
2 40 304
2 40 305
2 40 306
2 40 307
2 40 308
2 40 309
2 40 310
2 40 311
2 40 312
2 40 313
2 40 314
2 40 315
2 40 316
2 40 317
2 40 318
2 40 319
2 40 320
2 40 321
2 40 322
2 40 323
2 40 324
2 40 325
2 40 326
2 40 327
2 40 328
2 40 329
2 40 330
2 40 331
2 40 332
2 40 333
2 40 334
2 40 335
2 40 336
2 40 337
2 40 338
2 40 339
2 40 340
2 40 341
2 40 342
2 40 343
2 40 344
2 40 345
2 40 346
2 40 347
2 40 348
2 40 349
2 40 350
2 40 351
2 40 352
2 40 353
2 40 354
2 40 355
2 40 356
2 40 357
2 40 358
2 40 359
2 40 360
2 40 361
2 40 362
2 40 363
2 40 364
2 40 365
2 40 366
2 40 367
2 40 368
2 40 369
2 40 370
2 40 371
2 40 372
2 40 373
2 40 374
2 40 375
2 40 376
2 40 377
2 40 378
2 40 379
2 40 380
2 40 381
2 40 382
2 40 383
2 40 384
2 40 385
2 40 386
2 40 387
2 40 388
2 40 389
2 40 390
2 40 391
2 40 392
2 40 393
2 40 394
2 40 395
2 40 396
2 40 397
2 40 398
2 40 399
2 40 400
2 40 401
2 40 402
2 40 403
2 40 404
2 40 405
2 40 406
2 40 407
2 40 408
2 40 409
2 40 410
2 40 411
2 40 412
2 40 413
2 40 414
2 40 415
2 40 416
2 40 417
2 40 418
2 40 419
2 40 420
2 40 421
2 40 422
2 40 423
2 40 424
2 40 425
2 40 426
2 40 427
2 40 428
2 40 429
2 40 430
2 40 431
2 40 432
2 40 433
2 40 434
2 40 435
2 40 436
2 40 437
2 40 438
2 40 439
2 40 440
2 40 441
2 40 442
2 40 443
2 40 444
2 40 445
2 40 446
2 40 447
2 40 448
2 40 449
2 40 450
2 40 451
2 40 452
2 40 453
2 40 454
2 40 455
2 40 456
2 40 457
2 40 458
2 40 459
2 40 460
2 40 461
2 40 462
2 40 463
2 40 464
2 40 465
2 40 466
2 40 467
2 40 468
2 40 469
2 40 470
2 40 471
2 40 472
2 40 473
2 40 474
2 40 475
2 40 476
2 40 477
2 40 478
2 40 479
2 40 480
2 40 481
2 40 482
2 40 483
2 40 484
2 40 485
2 40 486
2 40 487
2 40 488
2 40 489
2 40 490
2 40 491
2 40 492
2 40 493
2 40 494
2 40 495
2 40 496
2 40 497
2 40 498
2 40 499
2 40 500
2 40 501
2 40 502
2 40 503
2 40 504
2 40 505
2 40 506
2 40 507
2 40 508
2 40 509
2 40 510
2 40 511
2 40 512
2 40 513
2 40 514
2 40 515
2 40 516
2 40 517
2 40 518
2 40 519
2 40 520
2 40 521
2 40 522
2 40 523
2 40 524
2 40 525
2 40 526
2 40 527
2 40 528
2 40 529
2 40 530
2 40 531
2 40 532
2 40 533
2 40 534
2 40 535
2 40 536
2 40 537
2 40 538
2 40 539
2 40 540
2 40 541
2 40 542
2 40 543
2 40 544
2 40 545
2 40 546
2 40 547
2 40 548
2 40 549
2 40 550
2 40 551
2 40 552
2 40 553
2 40 554
2 40 555
2 40 556
2 40 557
2 40 558
2 40 559
2 40 560
2 40 561
2 40 562
2 40 563
2 40 564
2 40 565
2 40 566
2 40 567
2 40 568
2 40 569
2 40 570
2 40 571
2 40 572
2 40 573
2 40 574
2 40 575
2 40 576
2 40 577
2 40 578
2 40 579
2 40 580
2 40 581
2 40 582
2 40 583
2 40 584
2 40 585
2 40 586
2 40 587
2 40 588
2 40 589
2 40 590
2 40 591
2 40 592
2 40 593
2 40 594
2 40 595
2 40 596
2 40 597
2 40 598
2 40 599
2 40 600
2 40 601
2 40 602
2 40 603
2 40 604
2 40 605
2 40 606
2 40 607
2 40 608
2 40 609
2 40 610
2 40 611
2 40 612
2 40 613
2 40 614
2 40 615
2 40 616
2 40 617
2 40 618
2 40 619
2 40 620
2 40 621
2 40 622
2 40 623
2 40 624
2 40 625
2 40 626
2 40 627
2 40 628
2 40 629
2 40 630
2 40 631
2 40 632
2 40 633
2 40 634
2 40 635
2 40 636
2 40 637
2 40 638
2 40 639
2 40 640
2 40 641
2 40 642
2 40 643
2 40 644
2 40 645
2 40 646
2 40 647
2 40 648
2 40 649
2 40 650
2 40 651
2 40 652
2 40 653
2 40 654
2 40 655
2 40 656
2 40 657
2 40 658
2 40 659
2 40 660
2 40 661
2 40 662
2 40 663
2 40 664
2 40 665
2 40 666
2 40 667
2 40 668
2 40 669
2 40 670
2 40 671
2 40 672
2 40 673
2 40 674
2 40 675
2 40 676
2 40 677
2 40 678
2 40 679
2 40 680
2 40 681
2 40 682
2 40 683
2 40 684
2 40 685
2 40 686
2 40 687
2 40 688
2 40 689
2 40 690
2 40 691
2 40 692
2 40 693
2 40 694
2 40 695
2 40 696
2 40 697
2 40 698
2 40 699
2 40 700
2 40 701
2 40 702
2 40 703
2 40 704
2 40 705
2 40 706
2 40 707
2 40 708
2 40 709
2 40 710
2 40 711
2 40 712
2 40 713
2 40 714
2 40 715
2 40 716
2 40 717
2 40 718
2 40 719
2 40 720
2 40 721
2 40 722
2 40 723
2 40 724
2 40 725
2 40 726
2 40 727
2 40 728
2 40 729
2 40 730
2 40 731
2 40 732
2 40 733
2 40 734
2 40 735
2 40 736
2 40 737
2 40 738
2 40 739
2 40 740
2 40 741
2 40 742
2 40 743
2 40 744
2 40 745
2 40 746
2 40 747
2 40 748
2 40 749
2 40 750
2 40 751
2 40 752
2 40 753
2 40 754
2 40 755
2 40 756
2 40 757
2 40 758
2 40 759
2 40 760
2 40 761
2 40 762
2 40 763
2 40 764
2 40 765
2 40 766
2 40 767
2 40 768
2 40 769
2 40 770
2 40 771
2 40 772
2 40 773
2 40 774
2 40 775
2 40 776
2 40 777
2 40 778
2 40 779
2 40 780
2 40 781
2 40 782
2 40 783
2 40 784
2 40 785
2 40 786
2 40 787
2 40 788
2 40 789
2 40 790
2 40 791
2 40 792
2 40 793
2 40 794
2 40 795
2 40 796
2 40 797
2 40 798
2 40 799
2 40 800
2 40 801
2 40 802
2 40 803
2 40 804
2 40 805
2 40 806
2 40 807
2 40 808
2 40 809
2 40 810
2 40 811
2 40 812
2 40 813
2 40 814
2 40 815
2 40 816
2 40 817
2 40 818
2 40 819
2 40 820
2 40 821
2 40 822
2 40 823
2 40 824
2 40 825
2 40 826
2 40 827
2 40 828
2 40 829
2 40 830
2 40 831
2 40 832
2 40 833
2 40 834
2 40 835
2 40 836
2 40 837
2 40 838
2 40 839
2 40 840
2 40 841
2 40 842
2 40 843
2 40 844
2 40 845
2 40 846
2 40 847
2 40 848
2 40 849
2 40 850
2 40 851
2 40 852
2 40 853
2 40 854
2 40 855
2 40 856
2 40 857
2 40 858
2 40 859
2 40 860
2 40 861
2 40 862
2 40 863
2 40 864
2 40 865
2 40 866
2 40 867
2 40 868
2 40 869
2 40 870
2 40 871
2 40 872
2 40 873
2 40 874
2 40 875
2 40 876
2 40 877
2 40 878
2 40 879
2 40 880
2 40 881
2 40 882
2 40 883
2 40 884
2 40 885
2 40 886
2 40 887
2 40 888
2 40 889
2 40 890
2 40 891
2 40 892
2 40 893
2 40 894
2 40 895
2 40 896
2 40 897
2 40 898
2 40 899
2 40 900
2 40 901
2 40 902
2 40 903
2 40 904
2 40 905
2 40 906
2 40 907
2 40 908
2 40 909
2 40 910
2 40 911
2 40 912
2 40 913
2 40 914
2 40 915
2 40 916
2 40 917
2 40 918
2 40 919
2 40 920
2 40 921
2 40 922
2 40 923
2 40 924
2 40 925
2 40 926
2 40 927
2 40 928
2 40 929
2 40 930
2 40 931
2 40 932
2 40 933
2 40 934
2 40 935
2 40 936
2 40 937
2 40 938
2 40 939
2 40 940
2 40 941
2 40 942
2 40 943
2 40 944
2 40 945
2 40 946
2 40 947
2 40 948
2 40 949
2 40 950
2 40 951
2 40 952
2 40 953
2 40 954
2 40 955
2 40 956
2 40 957
2 40 958
2 40 959
2 40 960
2 40 961
2 40 962
2 40 963
2 40 964
2 40 965
2 40 966
2 40 967
2 40 968
2 40 969
2 40 970
2 40 971
2 40 972
2 40 973
2 40 974
2 40 975
2 40 976
2 40 977
2 40 978
2 40 979
2 40 980
2 40 981
2 40 982
2 40 983
2 40 984
2 40 985
2 40 986
2 40 987
2 40 988
2 40 989
2 40 990
2 40 991
2 40 992
2 40 993
2 40 994
2 40 995
2 40 996
2 40 997
2 40 998
2 40 999
2 40 1000
2 40 1001
2 40 1002
2 40 1003
2 40 1004
2 40 1005
2 40 1006
2 40 1007
2 40 1008
2 40 1009
2 40 1010
2 40 1011
2 40 1012
2 40 1013
2 40 1014
2 40 1015
2 40 1016
2 40 1017
2 40 1018
2 40 1019
2 40 1020
2 40 1021
2 40 1022
2 40 1023
2 40 1024
2 40 1025
2 40 1026
2 40 1027
2 40 1028
2 40 1029
2 40 1030
2 40 1031
2 40 1032
2 40 1033
2 40 1034
2 40 1035
2 40 1036
2 40 1037
2 40 1038
2 40 1039
2 40 1040
2 40 1041
2 40 1042
2 40 1043
2 40 1044
2 40 1045
2 40 1046
2 40 1047
2 40 1048
2 40 1049
2 40 1050
2 40 1051
2 40 1052
2 40 1053
2 40 1054
2 40 1055
2 40 1056
2 40 1057
2 40 1058
2 40 1059
2 40 1060
2 40 1061
2 40 1062
2 40 1063
2 40 1064
2 40 1065
2 40 1066
2 40 1067
2 40 1068
2 40 1069
2 40 1070
2 40 1071
2 40 1072
2 40 1073
2 40 1074
2 40 1075
2 40 1076
2 40 1077
2 40 1078
2 40 1079
2 40 1080
2 40 1081
2 40 1082
2 40 1083
2 40 1084
2 40 1085
2 40 1086
2 40 1087
2 40 1088
2 40 1089
2 40 1090
2 40 1091
2 40 1092
2 40 1093
2 40 1094
2 40 1095
2 40 1096
2 40 1097
2 40 1098
2 40 1099
2 40 1100
2 40 1101
2 40 1102
2 40 1103
2 40 1104
2 40 1105
2 40 1106
2 40 1107
2 40 1108
2 40 1109
2 40 1110
2 40 1111
2 40 1112
2 40 1113
2 40 1114
2 40 1115
2 40 1116
2 40 1117
2 40 1118
2 40 1119
2 40 1120
2 40 1121
2 40 1122
2 40 1123
2 40 1124
2 40 1125
2 40 1126
2 40 1127
2 40 1128
2 40 1129
2 40 1130
2 40 1131
2 40 1132
2 40 1133
2 40 1134
2 40 1135
2 40 1136
2 40 1137
2 40 1138
2 40 1139
2 40 1140
2 40 1141
2 40 1142
2 40 1143
2 40 1144
2 40 1145
2 40 1146
2 40 1147
2 40 1148
2 40 1149
2 40 1150
2 40 1151
2 40 1152
2 40 1153
2 40 1154
2 40 1155
2 40 1156
2 40 1157
2 40 1158
2 40 1159
2 40 1160
2 40 1161
2 40 1162
2 40 1163
2 40 1164
2 40 1165
2 40 1166
2 40 1167
2 40 1168
2 40 1169
2 40 1170
2 40 1171
2 40 1172
2 40 1173
2 40 1174
2 40 1175
2 40 1176
2 40 1177
2 40 1178
2 40 1179
2 40 1180
2 40 1181
2 40 1182
2 40 1183
2 40 1184
2 40 1185
2 40 1186
2 40 1187
2 40 1188
2 40 1189
2 40 1190
2 40 1191
2 40 1192
2 40 1193
2 40 1194
2 40 1195
2 40 1196
2 40 1197
2 40 1198
2 40 1199
2 40 1200
2 40 1201
2 40 1202
2 40 1203
2 40 1204
2 40 1205
2 40 1206
2 40 1207
2 40 1208
2 40 1209
2 40 1210
2 40 1211
2 40 1212
2 40 1213
2 40 1214
2 40 1215
2 40 1216
2 40 1217
2 40 1218
2 40 1219
2 40 1220
2 40 1221
2 40 1222
2 40 1223
2 40 1224
2 40 1225
2 40 1226
2 40 1227
2 40 1228
2 40 1229
2 40 1230
2 40 1231
2 40 1232
2 40 1233
2 40 1234
2 40 1235
2 40 1236
2 40 1237
2 40 1238
2 40 1239
2 40 1240
2 40 1241
2 40 1242
2 40 1243
2 40 1244
2 40 1245
2 40 1246
2 40 1247
2 40 1248
2 40 1249
2 40 1250
2 40 1251
2 40 1252
2 40 1253
2 40 1254
2 40 1255
2 40 1256
2 40 1257
2 40 1258
2 40 1259
2 40 1260
2 40 1261
2 40 1262
2 40 1263
2 40 1264
2 40 1265
2 40 1266
2 40 1267
2 40 1268
2 40 1269
2 40 1270
2 40 1271
2 40 1272
2 40 1273
2 40 1274
2 40 1275
2 40 1276
2 40 1277
2 40 1278
2 40 1279
2 40 1280
2 40 1281
2 40 1282
2 40 1283
2 40 1284
2 40 1285
2 40 1286
2 40 1287
2 40 1288
2 40 1289
2 40 1290
2 40 1291
2 40 1292
2 40 1293
2 40 1294
2 40 1295
2 40 1296
2 40 1297
2 40 1298
2 40 1299
2 40 1300
2 40 1301
2 40 1302
2 40 1303
2 40 1304
2 40 1305
2 40 1306
2 40 1307
2 40 1308
2 40 1309
2 40 1310
2 40 1311
2 40 1312
2 40 1313
2 40 1314
2 40 1315
2 40 1316
2 40 1317
2 40 1318
2 40 1319
2 40 1320
2 40 1321
2 40 1322
2 40 1323
2 40 1324
2 40 1325
2 40 1326
2 40 1327
2 40 1328
2 40 1329
2 40 1330
2 40 1331
2 40 1332
2 40 1333
2 40 1334
2 40 1335
2 40 1336
2 40 1337
2 40 1338
2 40 1339
2 40 1340
2 40 1341
2 40 1342
2 40 1343
2 40 1344
2 40 1345
2 40 1346
2 40 1347
2 40 1348
2 40 1349
2 40 1350
2 40 1351
2 40 1352
2 40 1353
2 40 1354
2 40 1355
2 40 1356
2 40 1357
2 40 1358
2 40 1359
2 40 1360
2 40 1361
2 40 1362
2 40 1363
2 40 1364
2 40 1365
2 40 1366
2 40 1367
2 40 1368
2 40 1369
2 40 1370
2 40 1371
2 40 1372
2 40 1373
2 40 1374
2 40 1375
2 40 1376
2 40 1377
2 40 1378
2 40 1379
2 40 1380
2 40 1381
2 40 1382
2 40 1383
2 40 1384
2 40 1385
2 40 1386
2 40 1387
2 40 1388
2 40 1389
2 40 1390
2 40 1391
2 40 1392
2 40 1393
2 40 1394
2 40 1395
2 40 1396
2 40 1397
2 40 1398
2 40 1399
2 40 1400
2 40 1401
2 40 1402
2 40 1403
2 40 1404
2 40 1405
2 40 1406
2 40 1407
2 40 1408
2 40 1409
2 40 1410
2 40 1411
2 40 1412
2 40 1413
2 40 1414
2 40 1415
2 40 1416
2 40 1417
2 40 1418
2 40 1419
2 40 1420
2 40 1421
2 40 1422
2 40 1423
2 40 1424
2 40 1425
2 40 1426
2 40 1427
2 40 1428
2 40 1429
2 40 1430
2 40 1431
2 40 1432
2 40 1433
2 40 1434
2 40 1435
2 40 1436
2 40 1437
2 40 1438
2 40 1439
2 40 1440
2 40 1441
2 40 1442
2 40 1443
2 40 1444
2 40 1445
2 40 1446
2 40 1447
2 40 1448
2 40 1449
2 40 1450
2 40 1451
2 40 1452
2 40 1453
2 40 1454
2 40 1455
2 40 1456
2 40 1457
2 40 1458
2 40 1459
2 40 1460
2 40 1461
2 40 1462
2 40 1463
2 40 1464
2 40 1465
2 40 1466
2 40 1467
2 40 1468
2 40 1469
2 40 1470
2 40 1471
2 40 1472
2 40 1473
2 40 1474
2 40 1475
2 40 1476
2 40 1477
2 40 1478
2 40 1479
2 40 1480
2 40 1481
2 40 1482
2 40 1483
2 40 1484
2 40 1485
2 40 1486
2 40 1487
2 40 1488
2 40 1489
2 40 1490
2 40 1491
2 40 1492
2 40 1493
2 40 1494
2 40 1495
2 40 1496
2 40 1497
2 40 1498
2 40 1499
2 40 1500
2 40 1501
2 40 1502
2 40 1503
2 40 1504
2 40 1505
2 40 1506
2 40 1507
2 40 1508
2 40 1509
2 40 1510
2 40 1511
2 40 1512
2 40 1513
2 40 1514
2 40 1515
2 40 1516
2 40 1517
2 40 1518
2 40 1519
2 40 1520
2 40 1521
2 40 1522
2 40 1523
2 40 1524
2 40 1525
2 40 1526
2 40 1527
2 40 1528
2 40 1529
2 40 1530
2 40 1531
2 40 1532
2 40 1533
2 40 1534
2 40 1535
2 40 1536
2 40 1537
2 40 1538
2 40 1539
2 40 1540
2 40 1541
2 40 1542
2 40 1543
2 40 1544
2 40 1545
2 40 1546
2 40 1547
2 40 1548
2 40 1549
2 40 1550
2 40 1551
2 40 1552
2 40 1553
2 40 1554
2 40 1555
2 40 1556
2 40 1557
2 40 1558
2 40 1559
2 40 1560
2 40 1561
2 40 1562
2 40 1563
2 40 1564
2 40 1565
2 40 1566
2 40 1567
2 40 1568
2 40 1569
2 40 1570
2 40 1571
2 40 1572
2 40 1573
2 40 1574
2 40 1575
2 40 1576
2 40 1577
2 40 1578
2 40 1579
2 40 1580
2 40 1581
2 40 1582
2 40 1583
2 40 1584
2 40 1585
2 40 1586
2 40 1587
2 40 1588
2 40 1589
2 40 1590
2 40 1591
2 40 1592
2 40 1593
2 40 1594
2 40 1595
2 40 1596
2 40 1597
2 40 1598
2 40 1599
2 40 1600
2 40 1601
2 40 1602
2 40 1603
2 40 1604
2 40 1605
2 40 1606
2 40 1607
2 40 1608
2 40 1609
2 40 1610
2 40 1611
2 40 1612
2 40 1613
2 40 1614
2 40 1615
2 40 1616
2 40 1617
2 40 1618
2 40 1619
2 40 1620
2 40 1621
2 40 1622
2 40 1623
2 40 1624
2 40 1625
2 40 1626
2 40 1627
2 40 1628
2 40 1629
2 40 1630
2 40 1631
2 40 1632
2 40 1633
2 40 1634
2 40 1635
2 40 1636
2 40 1637
2 40 1638
2 40 1639
2 40 1640
2 40 1641
2 40 1642
2 40 1643
2 40 1644
2 40 1645
2 40 1646
2 40 1647
2 40 1648
2 40 1649
2 40 1650
2 40 1651
2 40 1652
2 40 1653
2 40 1654
2 40 1655
2 40 1656
2 40 1657
2 40 1658
2 40 1659
2 40 1660
2 40 1661
2 40 1662
2 40 1663
2 40 1664
2 40 1665
2 40 1666
2 40 1667
2 40 1668
2 40 1669
2 40 1670
2 40 1671
2 40 1672
2 40 1673
2 40 1674
2 40 1675
2 40 1676
2 40 1677
2 40 1678
2 40 1679
2 40 1680
2 40 1681
2 40 1682
2 40 1683
2 40 1684
2 40 1685
2 40 1686
2 40 1687
2 40 1688
2 40 1689
2 40 1690
2 40 1691
2 40 1692
2 40 1693
2 40 1694
2 40 1695
2 40 1696
2 40 1697
2 40 1698
2 40 1699
2 40 1700
2 40 1701
2 40 1702
2 40 1703
2 40 1704
2 40 1705
2 40 1706
2 40 1707
2 40 1708
2 40 1709
2 40 1710
2 40 1711
2 40 1712
2 40 1713
2 40 1714
2 40 1715
2 40 1716
2 40 1717
2 40 1718
2 40 1719
2 40 1720
2 40 1721
2 40 1722
2 40 1723
2 40 1724
2 40 1725
2 40 1726
2 40 1727
2 40 1728
2 40 1729
2 40 1730
2 40 1731
2 40 1732
2 40 1733
2 40 1734
2 40 1735
2 40 1736
2 40 1737
2 40 1738
2 40 1739
2 40 1740
2 40 1741
2 40 1742
2 40 1743
2 40 1744
2 40 1745
2 40 1746
2 40 1747
2 40 1748
2 40 1749
2 40 1750
2 40 1751
2 40 1752
2 40 1753
2 40 1754
2 40 1755
2 40 1756
2 40 1757
2 40 1758
2 40 1759
2 40 1760
2 40 1761
2 40 1762
2 40 1763
2 40 1764
2 40 1765
2 40 1766
2 40 1767
2 40 1768
2 40 1769
2 40 1770
2 40 1771
2 40 1772
2 40 1773
2 40 1774
2 40 1775
2 40 1776
2 40 1777
2 40 1778
2 40 1779
2 40 1780
2 40 1781
2 40 1782
2 40 1783
2 40 1784
2 40 1785
2 40 1786
2 40 1787
2 40 1788
2 40 1789
2 40 1790
2 40 1791
2 40 1792
2 40 1793
2 40 1794
2 40 1795
2 40 1796
2 40 1797
2 40 1798
2 40 1799
2 40 1800
2 40 1801
2 40 1802
2 40 1803
2 40 1804
2 40 1805
2 40 1806
2 40 1807
2 40 1808
2 40 1809
2 40 1810
2 40 1811
2 40 1812
2 40 1813
2 40 1814
2 40 1815
2 40 1816
2 40 1817
2 40 1818
2 40 1819
2 40 1820
2 40 1821
2 40 1822
2 40 1823
2 40 1824
2 40 1825
2 40 1826
2 40 1827
2 40 1828
2 40 1829
2 40 1830
2 40 1831
2 40 1832
2 40 1833
2 40 1834
2 40 1835
2 40 1836
2 40 1837
2 40 1838
2 40 1839
2 40 1840
2 40 1841
2 40 1842
2 40 1843
2 40 1844
2 40 1845
2 40 1846
2 40 1847
2 40 1848
2 40 1849
2 40 1850
2 40 1851
2 40 1852
2 40 1853
2 40 1854
2 40 1855
2 40 1856
2 40 1857
2 40 1858
2 40 1859
2 40 1860
2 40 1861
2 40 1862
2 40 1863
2 40 1864
2 40 1865
2 40 1866
2 40 1867
2 40 1868
2 40 1869
2 40 1870
2 40 1871
2 40 1872
2 40 1873
2 40 1874
2 40 1875
2 40 1876
2 40 1877
2 40 1878
2 40 1879
2 40 1880
2 40 1881
2 40 1882
2 40 1883
2 40 1884
2 40 1885
2 40 1886
2 40 1887
2 40 1888
2 40 1889
2 40 1890
2 40 1891
2 40 1892
2 40 1893
2 40 1894
2 40 1895
2 40 1896
2 40 1897
2 40 1898
2 40 1899
2 40 1900
2 40 1901
2 40 1902
2 40 1903
2 40 1904
2 40 1905
2 40 1906
2 40 1907
2 40 1908
2 40 1909
2 40 1910
2 40 1911
2 40 1912
2 40 1913
2 40 1914
2 40 1915
2 40 1916
2 40 1917
2 40 1918
2 40 1919
2 40 1920
2 40 1921
2 40 1922
2 40 1923
2 40 1924
2 40 1925
2 40 1926
2 40 1927
2 40 1928
2 40 1929
2 40 1930
2 40 1931
2 40 1932
2 40 1933
2 40 1934
2 40 1935
2 40 1936
2 40 1937
2 40 1938
2 40 1939
2 40 1940
2 40 1941
2 40 1942
2 40 1943
2 40 1944
2 40 1945
2 40 1946
2 40 1947
2 40 1948
2 40 1949
2 40 1950
2 40 1951
2 40 1952
2 40 1953
2 40 1954
2 40 1955
2 40 1956
2 40 1957
2 40 1958
2 40 1959
2 40 1960
2 40 1961
2 40 1962
2 40 1963
2 40 1964
2 40 1965
2 40 1966
2 40 1967
2 40 1968
2 40 1969
2 40 1970
2 40 1971
2 40 1972
2 40 1973
2 40 1974
2 40 1975
2 40 1976
2 40 1977
2 40 1978
2 40 1979
2 40 1980
2 40 1981
2 40 1982
2 40 1983
2 40 1984
2 40 1985
2 40 1986
2 40 1987
2 40 1988
2 40 1989
2 40 1990
2 40 1991
2 40 1992
2 40 1993
2 40 1994
2 40 1995
2 40 1996
2 40 1997
2 40 1998
2 40 1999
2 40 2000
2 40 2001
2 40 2002
2 40 2003
2 40 2004
2 40 2005
2 40 2006
2 40 2007
2 40 2008
2 40 2009
2 40 2010
2 40 2011
2 40 2012
2 40 2013
2 40 2014
2 40 2015
2 40 2016
2 40 2017
2 40 2018
2 40 2019
2 40 2020
2 40 2021
2 40 2022
2 40 2023
2 40 2024
2 40 2025
2 40 2026
2 40 2027
2 40 2028
2 40 2029
2 40 2030
2 40 2031
2 40 2032
2 40 2033
2 40 2034
2 40 2035
2 40 2036
2 40 2037
2 40 2038
2 40 2039
2 40 2040
2 40 2041
2 40 2042
2 40 2043
2 40 2044
2 40 2045
2 40 2046
2 40 2047
2 40 2048
2 40 2049
2 40 2050
2 40 2051
2 40 2052
2 40 2053
2 40 2054
2 40 2055
2 40 2056
2 40 2057
2 40 2058
2 40 2059
2 40 2060
2 40 2061
2 40 2062
2 40 2063
2 40 2064
2 40 2065
2 40 2066
2 40 2067
2 40 2068
2 40 2069
2 40 2070
2 40 2071
2 40 2072
2 40 2073
2 40 2074
2 40 2075
2 40 2076
2 40 2077
2 40 2078
2 40 2079
2 40 2080
2 40 2081
2 40 2082
2 40 2083
2 40 2084
2 40 2085
2 40 2086
2 40 2087
2 40 2088
2 40 2089
2 40 2090
2 40 2091
2 40 2092
2 40 2093
2 40 2094
2 40 2095
2 40 2096
2 40 2097
2 40 2098
2 40 2099
2 40 2100
2 40 2101
2 40 2102
2 40 2103
2 40 2104
2 40 2105
2 40 2106
2 40 2107
2 40 2108
2 40 2109
2 40 2110
2 40 2111
2 40 2112
2 40 2113
2 40 2114
2 40 2115
2 40 2116
2 40 2117
2 40 2118
2 40 2119
2 40 2120
2 40 2121
2 40 2122
2 40 2123
2 40 2124
2 40 2125
2 40 2126
2 40 2127
2 40 2128
2 40 2129
2 40 2130
2 40 2131
2 40 2132
2 40 2133
2 40 2134
2 40 2135
2 40 2136
2 40 2137
2 40 2138
2 40 2139
2 40 2140
2 40 2141
2 40 2142
2 40 2143
2 40 2144
2 40 2145
2 40 2146
2 40 2147
2 40 2148
2 40 2149
2 40 2150
2 40 2151
2 40 2152
2 40 2153
2 40 2154
2 40 2155
2 40 2156
2 40 2157
2 40 2158
2 40 2159
2 40 2160
2 40 2161
2 40 2162
2 40 2163
2 40 2164
2 40 2165
2 40 2166
2 40 2167
2 40 2168
2 40 2169
2 40 2170
2 40 2171
2 40 2172
2 40 2173
2 40 2174
2 40 2175
2 40 2176
2 40 2177
2 40 2178
2 40 2179
2 40 2180
2 40 2181
2 40 2182
2 40 2183
2 40 2184
2 40 2185
2 40 2186
2 40 2187
2 40 2188
2 40 2189
2 40 2190
2 40 2191
2 40 2192
2 40 2193
2 40 2194
2 40 2195
2 40 2196
2 40 2197
2 40 2198
2 40 2199
2 40 2200
2 40 2201
2 40 2202
2 40 2203
2 40 2204
2 40 2205
2 40 2206
2 40 2207
2 40 2208
2 40 2209
2 40 2210
2 40 2211
2 40 2212
2 40 2213
2 40 2214
2 40 2215
2 40 2216
2 40 2217
2 40 2218
2 40 2219
2 40 2220
2 40 2221
2 40 2222
2 40 2223
2 40 2224
2 40 2225
2 40 2226
2 40 2227
2 40 2228
2 40 2229
2 40 2230
2 40 2231
2 40 2232
2 40 2233
2 40 2234
2 40 2235
2 40 2236
2 40 2237
2 40 2238
2 40 2239
2 40 2240
2 40 2241
2 40 2242
2 40 2243
2 40 2244
2 40 2245
2 40 2246
2 40 2247
2 40 2248
2 40 2249
2 40 2250
2 40 2251
2 40 2252
2 40 2253
2 40 2254
2 40 2255
2 40 2256
2 40 2257
2 40 2258
2 40 2259
2 40 2260
2 40 2261
2 40 2262
2 40 2263
2 40 2264
2 40 2265
2 40 2266
2 40 2267
2 40 2268
2 40 2269
2 40 2270
2 40 2271
2 40 2272
2 40 2273
2 40 2274
2 40 2275
2 40 2276
2 40 2277
2 40 2278
2 40 2279
2 40 2280
2 40 2281
2 40 2282
2 40 2283
2 40 2284
2 40 2285
2 40 2286
2 40 2287
2 40 2288
2 40 2289
2 40 2290
2 40 2291
2 40 2292
2 40 2293
2 40 2294
2 40 2295
2 40 2296
2 40 2297
2 40 2298
2 40 2299
2 40 2300
2 40 2301
2 40 2302
2 40 2303
2 40 2304
2 40 2305
2 40 2306
2 40 2307
2 40 2308
2 40 2309
2 40 2310
2 40 2311
2 40 2312
2 40 2313
2 40 2314
2 40 2315
2 40 2316
2 40 2317
2 40 2318
2 40 2319
2 40 2320
2 40 2321
2 40 2322
2 40 2323
2 40 2324
2 40 2325
2 40 2326
2 40 2327
2 40 2328
2 40 2329
2 40 2330
2 40 2331
2 40 2332
2 40 2333
2 40 2334
2 40 2335
2 40 2336
2 40 2337
2 40 2338
2 40 2339
2 40 2340
2 40 2341
2 40 2342
2 40 2343
2 40 2344
2 40 2345
2 40 2346
2 40 2347
2 40 2348
2 40 2349
2 40 2350
2 40 2351
2 40 2352
2 40 2353
2 40 2354
2 40 2355
2 40 2356
2 40 2357
2 40 2358
2 40 2359
2 40 2360
2 40 2361
2 40 2362
2 40 2363
2 40 2364
2 40 2365
2 40 2366
2 40 2367
2 40 2368
2 40 2369
2 40 2370
2 40 2371
2 40 2372
2 40 2373
2 40 2374
2 40 2375
2 40 2376
2 40 2377
2 40 2378
2 40 2379
2 40 2380
2 40 2381
2 40 2382
2 40 2383
2 40 2384
2 40 2385
2 40 2386
2 40 2387
2 40 2388
2 40 2389
2 40 2390
2 40 2391
2 40 2392
2 40 2393
2 40 2394
2 40 2395
2 40 2396
2 40 2397
2 40 2398
2 40 2399
2 40 2400
2 40 2401
2 40 2402
2 40 2403
2 40 2404
2 40 2405
2 40 2406
2 40 2407
2 40 2408
2 40 2409
2 40 2410
2 40 2411
2 40 2412
2 40 2413
2 40 2414
2 40 2415
2 40 2416
2 40 2417
2 40 2418
2 40 2419
2 40 2420
2 40 2421
2 40 2422
2 40 2423
2 40 2424
2 40 2425
2 40 2426
2 40 2427
2 40 2428
2 40 2429
2 40 2430
2 40 2431
2 40 2432
2 40 2433
2 40 2434
2 40 2435
2 40 2436
2 40 2437
2 40 2438
2 40 2439
2 40 2440
2 40 2441
2 40 2442
2 40 2443
2 40 2444
2 40 2445
2 40 2446
2 40 2447
2 40 2448
2 40 2449
2 40 2450
2 40 2451
2 40 2452
2 40 2453
2 40 2454
2 40 2455
2 40 2456
2 40 2457
