2 40 1
2 40 2
2 40 3
2 40 4
2 40 5
2 40 6
2 40 7
2 40 8
2 40 9
2 40 10
2 40 11
2 40 12
2 40 13
2 40 14
2 40 15
2 40 16
2 40 17
2 40 18
2 40 19
2 40 20
2 40 21
2 40 22
2 40 23
2 40 24
2 40 25
2 40 26
2 40 27
2 40 28
2 40 29
2 40 30
2 40 31
2 40 32
2 40 33
2 40 34
2 40 35
2 40 36
2 40 37
2 40 38
2 40 39
2 40 40
2 40 41
2 40 42
2 40 43
2 40 44
2 40 45
2 40 46
2 40 47
2 40 48
2 40 49
2 40 50
2 40 51
2 40 52
2 40 53
2 40 54
2 40 55
2 40 56
2 40 57
2 40 58
2 40 59
2 40 60
2 40 61
2 40 62
2 40 63
2 40 64
2 40 65
2 40 66
2 40 67
2 40 68
2 40 69
2 40 70
2 40 71
2 40 72
2 40 73
2 40 74
2 40 75
2 40 76
2 40 77
2 40 78
2 40 79
2 40 80
2 40 81
2 40 82
2 40 83
2 40 84
2 40 85
2 40 86
2 40 87
2 40 88
2 40 89
2 40 90
2 40 91
2 40 92
2 40 93
2 40 94
2 40 95
2 40 96
2 40 97
2 40 98
2 40 99
2 40 100
2 40 101
2 40 102
2 40 103
2 40 104
2 40 105
2 40 106
2 40 107
2 40 108
2 40 109
2 40 110
2 40 111
2 40 112
2 40 113
2 40 114
2 40 115
2 40 116
2 40 117
2 40 118
2 40 119
2 40 120
2 40 121
2 40 122
2 40 123
2 40 124
2 40 125
2 40 126
2 40 127
2 40 128
2 40 129
2 40 130
2 40 131
2 40 132
2 40 133
2 40 134
2 40 135
2 40 136
2 40 137
2 40 138
2 40 139
2 40 140
2 40 141
2 40 142
2 40 143
2 40 144
2 40 145
2 40 146
2 40 147
2 40 148
2 40 149
2 40 150
2 40 151
2 40 152
2 40 153
2 40 154
2 40 155
2 40 156
2 40 157
2 40 158
2 40 159
2 40 160
2 40 161
2 40 162
2 40 163
2 40 164
2 40 165
2 40 166
2 40 167
2 40 168
2 40 169
2 40 170
2 40 171
2 40 172
2 40 173
2 40 174
2 40 175
2 40 176
2 40 177
2 40 178
2 40 179
2 40 180
2 40 181
2 40 182
2 40 183
2 40 184
2 40 185
2 40 186
2 40 187
2 40 188
2 40 189
2 40 190
2 40 191
2 40 192
2 40 193
2 40 194
2 40 195
2 40 196
2 40 197
2 40 198
2 40 199
2 40 200
2 40 201
2 40 202
2 40 203
2 40 204
2 40 205
2 40 206
2 40 207
2 40 208
2 40 209
2 40 210
2 40 211
2 40 212
2 40 213
2 40 214
2 40 215
2 40 216
2 40 217
2 40 218
2 40 219
2 40 220
2 40 221
2 40 222
2 40 223
2 40 224
2 40 225
2 40 226
2 40 227
2 40 228
2 40 229
2 40 230
2 40 231
2 40 232
2 40 233
2 40 234
2 40 235
2 40 236
2 40 237
2 40 238
2 40 239
2 40 240
2 40 241
2 40 242
2 40 243
2 40 244
2 40 245
2 40 246
2 40 247
2 40 248
2 40 249
2 40 250
2 40 251
2 40 252
2 40 253
2 40 254
2 40 255
2 40 256
2 40 257
2 40 258
2 40 259
2 40 260
2 40 261
2 40 262
2 40 263
2 40 264
2 40 265
2 40 266
2 40 267
2 40 268
2 40 269
2 40 270
2 40 271
2 40 272
2 40 273
2 40 274
2 40 275
2 40 276
2 40 277
2 40 278
2 40 279
2 40 280
2 40 281
2 40 282
2 40 283
2 40 284
2 40 285
2 40 286
2 40 287
2 40 288
2 40 289
2 40 290
2 40 291
2 40 292
2 40 293
2 40 294
2 40 295
2 40 296
2 40 297
2 40 298
2 40 299
2 40 300
2 40 301
2 40 302
2 40 303
2 40 304
2 40 305
2 40 306
2 40 307
2 40 308
2 40 309
2 40 310
2 40 311
2 40 312
2 40 313
2 40 314
2 40 315
2 40 316
2 40 317
2 40 318
2 40 319
2 40 320
2 40 321
2 40 322
2 40 323
2 40 324
2 40 325
2 40 326
2 40 327
2 40 328
2 40 329
2 40 330
2 40 331
2 40 332
2 40 333
2 40 334
2 40 335
2 40 336
2 40 337
2 40 338
2 40 339
2 40 340
2 40 341
2 40 342
2 40 343
2 40 344
2 40 345
2 40 346
2 40 347
2 40 348
2 40 349
2 40 350
2 40 351
2 40 352
2 40 353
2 40 354
2 40 355
2 40 356
2 40 357
2 40 358
2 40 359
2 40 360
2 40 361
2 40 362
2 40 363
2 40 364
2 40 365
2 40 366
2 40 367
2 40 368
2 40 369
2 40 370
2 40 371
2 40 372
2 40 373
2 40 374
2 40 375
2 40 376
2 40 377
2 40 378
2 40 379
2 40 380
2 40 381
2 40 382
2 40 383
2 40 384
2 40 385
2 40 386
2 40 387
2 40 388
2 40 389
2 40 390
2 40 391
2 40 392
2 40 393
2 40 394
2 40 395
2 40 396
2 40 397
2 40 398
2 40 399
2 40 400
2 40 401
2 40 402
2 40 403
2 40 404
2 40 405
2 40 406
2 40 407
2 40 408
2 40 409
