13 25 1
13 25 2
13 25 3
13 25 4
13 25 5
13 25 6
13 25 7
13 25 8
13 25 9
13 25 10
13 25 11
13 25 12
13 25 13
13 25 14
13 25 15
13 25 16
13 25 17
13 25 18
13 25 19
13 25 20
13 25 21
13 25 22
13 25 23
13 25 24
13 25 25
13 25 26
13 25 27
13 25 28
13 25 29
13 25 30
13 25 31
13 25 32
13 25 33
13 25 34
13 25 35
13 25 36
13 25 37
13 25 38
13 25 39
13 25 40
13 25 41
13 25 42
13 25 43
13 25 44
13 25 45
13 25 46
13 25 47
13 25 48
13 25 49
13 25 50
13 25 51
13 25 52
13 25 53
13 25 54
13 25 55
13 25 56
13 25 57
13 25 58
13 25 59
13 25 60
13 25 61
13 25 62
13 25 63
13 25 64
13 25 65
13 25 66
13 25 67
13 25 68
13 25 69
13 25 70
13 25 71
13 25 72
13 25 73
13 25 74
13 25 75
13 25 76
13 25 77
13 25 78
13 25 79
13 25 80
13 25 81
13 25 82
13 25 83
13 25 84
13 25 85
13 25 86
13 25 87
13 25 88
13 25 89
13 25 90
13 25 91
13 25 92
13 25 93
13 25 94
13 25 95
13 25 96
13 25 97
13 25 98
13 25 99
13 25 100
13 25 101
13 25 102
13 25 103
13 25 104
13 25 105
13 25 106
13 25 107
13 25 108
13 25 109
13 25 110
13 25 111
13 25 112
13 25 113
13 25 114
13 25 115
13 25 116
13 25 117
13 25 118
13 25 119
13 25 120
13 25 121
13 25 122
13 25 123
13 25 124
13 25 125
13 25 126
13 25 127
13 25 128
13 25 129
13 25 130
13 25 131
13 25 132
13 25 133
13 25 134
13 25 135
13 25 136
13 25 137
13 25 138
13 25 139
13 25 140
13 25 141
13 25 142
13 25 143
13 25 144
13 25 145
13 25 146
13 25 147
13 25 148
13 25 149
13 25 150
13 25 151
13 25 152
13 25 153
13 25 154
13 25 155
13 25 156
13 25 157
13 25 158
13 25 159
13 25 160
13 25 161
13 25 162
13 25 163
13 25 164
13 25 165
13 25 166
13 25 167
13 25 168
13 25 169
13 25 170
13 25 171
13 25 172
13 25 173
13 25 174
13 25 175
13 25 176
13 25 177
13 25 178
13 25 179
13 25 180
13 25 181
13 25 182
13 25 183
13 25 184
13 25 185
13 25 186
13 25 187
13 25 188
13 25 189
13 25 190
13 25 191
13 25 192
13 25 193
13 25 194
13 25 195
13 25 196
13 25 197
13 25 198
13 25 199
13 25 200
13 25 201
13 25 202
13 25 203
13 25 204
