31 32 1
31 32 2
31 32 3
31 32 4
31 32 5
31 32 6
31 32 7
31 32 8
31 32 9
31 32 10
31 32 11
31 32 12
31 32 13
31 32 14
31 32 15
31 32 16
31 32 17
31 32 18
31 32 19
31 32 20
31 32 21
31 32 22
31 32 23
31 32 24
31 32 25
31 32 26
31 32 27
31 32 28
31 32 29
31 32 30
31 32 31
31 32 32
31 32 33
31 32 34
31 32 35
31 32 36
31 32 37
31 32 38
31 32 39
31 32 40
31 32 41
31 32 42
31 32 43
31 32 44
31 32 45
31 32 46
31 32 47
31 32 48
31 32 49
31 32 50
31 32 51
31 32 52
31 32 53
31 32 54
31 32 55
31 32 56
31 32 57
31 32 58
31 32 59
31 32 60
31 32 61
31 32 62
31 32 63
31 32 64
31 32 65
31 32 66
31 32 67
31 32 68
31 32 69
31 32 70
31 32 71
31 32 72
31 32 73
31 32 74
31 32 75
31 32 76
31 32 77
31 32 78
31 32 79
31 32 80
31 32 81
31 32 82
31 32 83
31 32 84
31 32 85
31 32 86
31 32 87
31 32 88
31 32 89
31 32 90
31 32 91
31 32 92
31 32 93
31 32 94
31 32 95
31 32 96
31 32 97
31 32 98
31 32 99
31 32 100
31 32 101
31 32 102
