7 40 1
7 40 2
7 40 3
7 40 4
7 40 5
7 40 6
7 40 7
7 40 8
7 40 9
7 40 10
7 40 11
7 40 12
7 40 13
7 40 14
7 40 15
7 40 16
7 40 17
7 40 18
7 40 19
7 40 20
7 40 21
7 40 22
7 40 23
7 40 24
7 40 25
7 40 26
7 40 27
7 40 28
7 40 29
7 40 30
7 40 31
7 40 32
7 40 33
7 40 34
7 40 35
7 40 36
7 40 37
7 40 38
7 40 39
7 40 40
7 40 41
7 40 42
7 40 43
7 40 44
7 40 45
7 40 46
7 40 47
7 40 48
7 40 49
7 40 50
7 40 51
7 40 52
7 40 53
7 40 54
7 40 55
7 40 56
7 40 57
7 40 58
7 40 59
7 40 60
7 40 61
7 40 62
7 40 63
7 40 64
7 40 65
7 40 66
7 40 67
7 40 68
7 40 69
7 40 70
7 40 71
7 40 72
7 40 73
7 40 74
7 40 75
7 40 76
7 40 77
7 40 78
7 40 79
7 40 80
7 40 81
7 40 82
7 40 83
7 40 84
7 40 85
7 40 86
7 40 87
7 40 88
7 40 89
7 40 90
7 40 91
7 40 92
7 40 93
7 40 94
7 40 95
7 40 96
7 40 97
7 40 98
7 40 99
7 40 100
7 40 101
7 40 102
7 40 103
7 40 104
7 40 105
7 40 106
7 40 107
7 40 108
7 40 109
7 40 110
7 40 111
7 40 112
7 40 113
7 40 114
7 40 115
7 40 116
7 40 117
7 40 118
7 40 119
7 40 120
7 40 121
7 40 122
7 40 123
7 40 124
7 40 125
7 40 126
7 40 127
7 40 128
7 40 129
7 40 130
7 40 131
7 40 132
7 40 133
7 40 134
7 40 135
7 40 136
7 40 137
7 40 138
7 40 139
7 40 140
7 40 141
7 40 142
7 40 143
7 40 144
7 40 145
7 40 146
7 40 147
7 40 148
7 40 149
7 40 150
7 40 151
7 40 152
7 40 153
7 40 154
7 40 155
7 40 156
7 40 157
7 40 158
7 40 159
7 40 160
7 40 161
7 40 162
7 40 163
7 40 164
7 40 165
7 40 166
7 40 167
7 40 168
7 40 169
7 40 170
7 40 171
7 40 172
7 40 173
7 40 174
7 40 175
7 40 176
7 40 177
7 40 178
7 40 179
7 40 180
7 40 181
7 40 182
7 40 183
7 40 184
7 40 185
7 40 186
7 40 187
7 40 188
7 40 189
7 40 190
7 40 191
7 40 192
7 40 193
7 40 194
7 40 195
7 40 196
7 40 197
7 40 198
7 40 199
7 40 200
7 40 201
7 40 202
7 40 203
7 40 204
7 40 205
7 40 206
7 40 207
7 40 208
7 40 209
7 40 210
7 40 211
7 40 212
7 40 213
7 40 214
7 40 215
7 40 216
7 40 217
7 40 218
7 40 219
7 40 220
7 40 221
7 40 222
7 40 223
7 40 224
7 40 225
7 40 226
7 40 227
7 40 228
7 40 229
7 40 230
7 40 231
7 40 232
7 40 233
7 40 234
7 40 235
7 40 236
7 40 237
7 40 238
7 40 239
7 40 240
7 40 241
7 40 242
7 40 243
7 40 244
7 40 245
7 40 246
7 40 247
7 40 248
7 40 249
7 40 250
7 40 251
7 40 252
7 40 253
7 40 254
7 40 255
7 40 256
7 40 257
7 40 258
7 40 259
7 40 260
7 40 261
7 40 262
7 40 263
7 40 264
7 40 265
7 40 266
7 40 267
7 40 268
7 40 269
7 40 270
7 40 271
7 40 272
7 40 273
7 40 274
7 40 275
7 40 276
7 40 277
7 40 278
7 40 279
7 40 280
7 40 281
7 40 282
7 40 283
7 40 284
7 40 285
7 40 286
7 40 287
7 40 288
7 40 289
7 40 290
7 40 291
7 40 292
7 40 293
7 40 294
7 40 295
7 40 296
7 40 297
7 40 298
7 40 299
7 40 300
7 40 301
7 40 302
7 40 303
7 40 304
7 40 305
7 40 306
7 40 307
7 40 308
7 40 309
7 40 310
7 40 311
7 40 312
7 40 313
7 40 314
7 40 315
7 40 316
7 40 317
7 40 318
7 40 319
7 40 320
7 40 321
7 40 322
7 40 323
7 40 324
7 40 325
7 40 326
7 40 327
7 40 328
7 40 329
7 40 330
7 40 331
7 40 332
7 40 333
7 40 334
7 40 335
7 40 336
7 40 337
7 40 338
7 40 339
7 40 340
7 40 341
7 40 342
7 40 343
7 40 344
7 40 345
7 40 346
7 40 347
7 40 348
7 40 349
7 40 350
7 40 351
7 40 352
7 40 353
7 40 354
7 40 355
7 40 356
7 40 357
7 40 358
7 40 359
7 40 360
7 40 361
7 40 362
7 40 363
7 40 364
7 40 365
7 40 366
7 40 367
7 40 368
7 40 369
7 40 370
7 40 371
7 40 372
7 40 373
7 40 374
7 40 375
7 40 376
7 40 377
7 40 378
7 40 379
7 40 380
7 40 381
7 40 382
7 40 383
7 40 384
7 40 385
7 40 386
7 40 387
7 40 388
7 40 389
7 40 390
7 40 391
7 40 392
7 40 393
7 40 394
7 40 395
7 40 396
7 40 397
7 40 398
7 40 399
7 40 400
7 40 401
7 40 402
7 40 403
7 40 404
7 40 405
7 40 406
7 40 407
7 40 408
7 40 409
7 40 410
7 40 411
7 40 412
7 40 413
7 40 414
7 40 415
7 40 416
7 40 417
7 40 418
7 40 419
7 40 420
7 40 421
7 40 422
7 40 423
7 40 424
7 40 425
7 40 426
7 40 427
7 40 428
7 40 429
7 40 430
7 40 431
7 40 432
7 40 433
7 40 434
7 40 435
7 40 436
7 40 437
7 40 438
7 40 439
7 40 440
7 40 441
7 40 442
7 40 443
7 40 444
7 40 445
7 40 446
7 40 447
7 40 448
7 40 449
7 40 450
7 40 451
7 40 452
7 40 453
7 40 454
7 40 455
7 40 456
7 40 457
7 40 458
7 40 459
7 40 460
7 40 461
7 40 462
7 40 463
7 40 464
7 40 465
7 40 466
7 40 467
7 40 468
7 40 469
7 40 470
7 40 471
7 40 472
7 40 473
7 40 474
7 40 475
7 40 476
7 40 477
7 40 478
7 40 479
7 40 480
7 40 481
7 40 482
7 40 483
7 40 484
7 40 485
7 40 486
7 40 487
7 40 488
7 40 489
7 40 490
7 40 491
7 40 492
7 40 493
7 40 494
7 40 495
7 40 496
7 40 497
7 40 498
7 40 499
7 40 500
7 40 501
7 40 502
7 40 503
7 40 504
7 40 505
7 40 506
7 40 507
7 40 508
7 40 509
7 40 510
7 40 511
7 40 512
7 40 513
7 40 514
7 40 515
7 40 516
7 40 517
7 40 518
7 40 519
7 40 520
7 40 521
7 40 522
7 40 523
7 40 524
7 40 525
7 40 526
7 40 527
7 40 528
7 40 529
7 40 530
7 40 531
7 40 532
7 40 533
7 40 534
7 40 535
7 40 536
7 40 537
7 40 538
7 40 539
7 40 540
7 40 541
7 40 542
7 40 543
7 40 544
7 40 545
7 40 546
7 40 547
7 40 548
7 40 549
7 40 550
7 40 551
7 40 552
7 40 553
7 40 554
7 40 555
7 40 556
7 40 557
7 40 558
7 40 559
7 40 560
7 40 561
7 40 562
7 40 563
7 40 564
7 40 565
7 40 566
7 40 567
7 40 568
7 40 569
7 40 570
7 40 571
7 40 572
7 40 573
7 40 574
7 40 575
7 40 576
7 40 577
7 40 578
7 40 579
7 40 580
7 40 581
7 40 582
7 40 583
7 40 584
7 40 585
7 40 586
7 40 587
7 40 588
7 40 589
7 40 590
7 40 591
7 40 592
7 40 593
7 40 594
7 40 595
7 40 596
7 40 597
7 40 598
7 40 599
7 40 600
7 40 601
7 40 602
7 40 603
7 40 604
7 40 605
7 40 606
7 40 607
7 40 608
7 40 609
7 40 610
7 40 611
7 40 612
7 40 613
7 40 614
7 40 615
7 40 616
7 40 617
7 40 618
7 40 619
7 40 620
7 40 621
7 40 622
7 40 623
7 40 624
7 40 625
7 40 626
7 40 627
7 40 628
7 40 629
7 40 630
7 40 631
7 40 632
7 40 633
7 40 634
7 40 635
7 40 636
7 40 637
7 40 638
7 40 639
7 40 640
7 40 641
7 40 642
7 40 643
7 40 644
7 40 645
7 40 646
7 40 647
7 40 648
7 40 649
7 40 650
7 40 651
7 40 652
7 40 653
7 40 654
7 40 655
7 40 656
7 40 657
7 40 658
7 40 659
7 40 660
7 40 661
7 40 662
7 40 663
7 40 664
7 40 665
7 40 666
7 40 667
7 40 668
7 40 669
7 40 670
7 40 671
7 40 672
7 40 673
7 40 674
7 40 675
7 40 676
7 40 677
7 40 678
7 40 679
7 40 680
7 40 681
7 40 682
7 40 683
7 40 684
7 40 685
7 40 686
7 40 687
7 40 688
7 40 689
7 40 690
7 40 691
7 40 692
7 40 693
7 40 694
7 40 695
7 40 696
7 40 697
7 40 698
7 40 699
7 40 700
7 40 701
7 40 702
7 40 703
7 40 704
7 40 705
7 40 706
7 40 707
7 40 708
7 40 709
7 40 710
7 40 711
7 40 712
7 40 713
7 40 714
7 40 715
7 40 716
7 40 717
7 40 718
7 40 719
7 40 720
7 40 721
7 40 722
7 40 723
7 40 724
7 40 725
7 40 726
7 40 727
7 40 728
7 40 729
7 40 730
7 40 731
7 40 732
7 40 733
7 40 734
7 40 735
7 40 736
7 40 737
7 40 738
7 40 739
7 40 740
7 40 741
7 40 742
7 40 743
7 40 744
7 40 745
7 40 746
7 40 747
7 40 748
7 40 749
7 40 750
7 40 751
7 40 752
7 40 753
7 40 754
7 40 755
7 40 756
7 40 757
7 40 758
7 40 759
7 40 760
7 40 761
7 40 762
7 40 763
7 40 764
7 40 765
7 40 766
7 40 767
7 40 768
7 40 769
7 40 770
7 40 771
7 40 772
7 40 773
7 40 774
7 40 775
7 40 776
7 40 777
7 40 778
7 40 779
7 40 780
7 40 781
7 40 782
7 40 783
7 40 784
7 40 785
7 40 786
7 40 787
7 40 788
7 40 789
7 40 790
7 40 791
7 40 792
7 40 793
7 40 794
7 40 795
7 40 796
7 40 797
7 40 798
7 40 799
7 40 800
7 40 801
7 40 802
7 40 803
7 40 804
7 40 805
7 40 806
7 40 807
7 40 808
7 40 809
7 40 810
7 40 811
7 40 812
7 40 813
7 40 814
7 40 815
7 40 816
7 40 817
7 40 818
7 40 819
7 40 820
7 40 821
7 40 822
7 40 823
7 40 824
7 40 825
7 40 826
7 40 827
7 40 828
7 40 829
7 40 830
7 40 831
7 40 832
7 40 833
7 40 834
7 40 835
7 40 836
7 40 837
7 40 838
7 40 839
7 40 840
7 40 841
7 40 842
7 40 843
7 40 844
7 40 845
7 40 846
7 40 847
7 40 848
7 40 849
7 40 850
7 40 851
7 40 852
7 40 853
7 40 854
7 40 855
7 40 856
7 40 857
7 40 858
7 40 859
7 40 860
7 40 861
7 40 862
7 40 863
7 40 864
7 40 865
7 40 866
7 40 867
7 40 868
7 40 869
7 40 870
7 40 871
7 40 872
7 40 873
7 40 874
7 40 875
7 40 876
7 40 877
7 40 878
7 40 879
7 40 880
7 40 881
7 40 882
7 40 883
7 40 884
7 40 885
7 40 886
7 40 887
7 40 888
7 40 889
7 40 890
7 40 891
7 40 892
7 40 893
7 40 894
7 40 895
7 40 896
7 40 897
7 40 898
7 40 899
7 40 900
7 40 901
7 40 902
7 40 903
7 40 904
7 40 905
7 40 906
7 40 907
7 40 908
7 40 909
7 40 910
7 40 911
7 40 912
7 40 913
7 40 914
7 40 915
7 40 916
7 40 917
7 40 918
7 40 919
7 40 920
7 40 921
7 40 922
7 40 923
7 40 924
7 40 925
7 40 926
7 40 927
7 40 928
7 40 929
7 40 930
7 40 931
7 40 932
7 40 933
7 40 934
7 40 935
7 40 936
7 40 937
7 40 938
7 40 939
7 40 940
7 40 941
7 40 942
7 40 943
7 40 944
7 40 945
7 40 946
7 40 947
7 40 948
7 40 949
7 40 950
7 40 951
7 40 952
7 40 953
7 40 954
7 40 955
7 40 956
7 40 957
7 40 958
7 40 959
7 40 960
7 40 961
7 40 962
7 40 963
7 40 964
7 40 965
7 40 966
7 40 967
7 40 968
7 40 969
7 40 970
7 40 971
7 40 972
7 40 973
7 40 974
7 40 975
7 40 976
7 40 977
7 40 978
7 40 979
7 40 980
7 40 981
7 40 982
7 40 983
7 40 984
7 40 985
7 40 986
7 40 987
7 40 988
7 40 989
7 40 990
7 40 991
7 40 992
7 40 993
7 40 994
7 40 995
7 40 996
7 40 997
7 40 998
7 40 999
7 40 1000
7 40 1001
7 40 1002
7 40 1003
7 40 1004
7 40 1005
7 40 1006
7 40 1007
7 40 1008
7 40 1009
7 40 1010
7 40 1011
7 40 1012
7 40 1013
7 40 1014
7 40 1015
7 40 1016
7 40 1017
7 40 1018
7 40 1019
7 40 1020
7 40 1021
7 40 1022
7 40 1023
7 40 1024
7 40 1025
7 40 1026
7 40 1027
7 40 1028
7 40 1029
7 40 1030
7 40 1031
7 40 1032
7 40 1033
7 40 1034
7 40 1035
7 40 1036
7 40 1037
7 40 1038
7 40 1039
7 40 1040
7 40 1041
7 40 1042
7 40 1043
7 40 1044
7 40 1045
7 40 1046
7 40 1047
7 40 1048
7 40 1049
7 40 1050
7 40 1051
7 40 1052
7 40 1053
7 40 1054
7 40 1055
7 40 1056
7 40 1057
7 40 1058
7 40 1059
7 40 1060
7 40 1061
7 40 1062
7 40 1063
7 40 1064
7 40 1065
7 40 1066
7 40 1067
7 40 1068
7 40 1069
7 40 1070
7 40 1071
7 40 1072
7 40 1073
7 40 1074
7 40 1075
7 40 1076
7 40 1077
7 40 1078
7 40 1079
7 40 1080
7 40 1081
7 40 1082
7 40 1083
7 40 1084
7 40 1085
7 40 1086
7 40 1087
7 40 1088
7 40 1089
7 40 1090
7 40 1091
7 40 1092
7 40 1093
7 40 1094
7 40 1095
7 40 1096
7 40 1097
7 40 1098
7 40 1099
7 40 1100
7 40 1101
7 40 1102
7 40 1103
7 40 1104
7 40 1105
7 40 1106
7 40 1107
7 40 1108
7 40 1109
7 40 1110
7 40 1111
7 40 1112
7 40 1113
7 40 1114
7 40 1115
7 40 1116
7 40 1117
7 40 1118
7 40 1119
7 40 1120
7 40 1121
7 40 1122
7 40 1123
7 40 1124
7 40 1125
7 40 1126
7 40 1127
7 40 1128
7 40 1129
7 40 1130
7 40 1131
7 40 1132
7 40 1133
7 40 1134
7 40 1135
7 40 1136
7 40 1137
7 40 1138
7 40 1139
7 40 1140
7 40 1141
7 40 1142
7 40 1143
7 40 1144
7 40 1145
7 40 1146
7 40 1147
7 40 1148
7 40 1149
7 40 1150
7 40 1151
7 40 1152
7 40 1153
7 40 1154
7 40 1155
7 40 1156
7 40 1157
7 40 1158
7 40 1159
7 40 1160
7 40 1161
7 40 1162
7 40 1163
7 40 1164
7 40 1165
7 40 1166
7 40 1167
7 40 1168
7 40 1169
7 40 1170
7 40 1171
7 40 1172
7 40 1173
7 40 1174
7 40 1175
7 40 1176
7 40 1177
7 40 1178
7 40 1179
7 40 1180
7 40 1181
7 40 1182
7 40 1183
7 40 1184
7 40 1185
7 40 1186
7 40 1187
7 40 1188
7 40 1189
7 40 1190
7 40 1191
7 40 1192
7 40 1193
7 40 1194
7 40 1195
7 40 1196
7 40 1197
7 40 1198
7 40 1199
7 40 1200
7 40 1201
7 40 1202
7 40 1203
7 40 1204
7 40 1205
7 40 1206
7 40 1207
7 40 1208
7 40 1209
7 40 1210
7 40 1211
7 40 1212
7 40 1213
7 40 1214
7 40 1215
7 40 1216
7 40 1217
7 40 1218
7 40 1219
7 40 1220
7 40 1221
7 40 1222
7 40 1223
7 40 1224
7 40 1225
7 40 1226
7 40 1227
7 40 1228
7 40 1229
7 40 1230
7 40 1231
7 40 1232
7 40 1233
7 40 1234
7 40 1235
7 40 1236
7 40 1237
7 40 1238
7 40 1239
7 40 1240
7 40 1241
7 40 1242
7 40 1243
7 40 1244
7 40 1245
7 40 1246
7 40 1247
7 40 1248
7 40 1249
7 40 1250
7 40 1251
7 40 1252
7 40 1253
7 40 1254
7 40 1255
7 40 1256
7 40 1257
7 40 1258
7 40 1259
7 40 1260
7 40 1261
7 40 1262
7 40 1263
7 40 1264
7 40 1265
7 40 1266
7 40 1267
7 40 1268
7 40 1269
7 40 1270
7 40 1271
7 40 1272
7 40 1273
7 40 1274
7 40 1275
7 40 1276
7 40 1277
7 40 1278
7 40 1279
7 40 1280
7 40 1281
7 40 1282
7 40 1283
7 40 1284
7 40 1285
7 40 1286
7 40 1287
7 40 1288
7 40 1289
7 40 1290
7 40 1291
7 40 1292
7 40 1293
7 40 1294
7 40 1295
7 40 1296
7 40 1297
7 40 1298
7 40 1299
7 40 1300
7 40 1301
7 40 1302
7 40 1303
7 40 1304
7 40 1305
7 40 1306
7 40 1307
7 40 1308
7 40 1309
7 40 1310
7 40 1311
7 40 1312
7 40 1313
7 40 1314
7 40 1315
7 40 1316
7 40 1317
7 40 1318
7 40 1319
7 40 1320
7 40 1321
7 40 1322
7 40 1323
7 40 1324
7 40 1325
7 40 1326
7 40 1327
7 40 1328
7 40 1329
7 40 1330
7 40 1331
7 40 1332
7 40 1333
7 40 1334
7 40 1335
7 40 1336
7 40 1337
7 40 1338
7 40 1339
7 40 1340
7 40 1341
7 40 1342
7 40 1343
7 40 1344
7 40 1345
7 40 1346
7 40 1347
7 40 1348
7 40 1349
7 40 1350
7 40 1351
7 40 1352
7 40 1353
7 40 1354
7 40 1355
7 40 1356
7 40 1357
7 40 1358
7 40 1359
7 40 1360
7 40 1361
7 40 1362
7 40 1363
7 40 1364
7 40 1365
7 40 1366
7 40 1367
7 40 1368
7 40 1369
7 40 1370
7 40 1371
7 40 1372
7 40 1373
7 40 1374
7 40 1375
7 40 1376
7 40 1377
7 40 1378
7 40 1379
7 40 1380
7 40 1381
7 40 1382
7 40 1383
7 40 1384
7 40 1385
7 40 1386
7 40 1387
7 40 1388
7 40 1389
7 40 1390
7 40 1391
7 40 1392
7 40 1393
7 40 1394
7 40 1395
7 40 1396
7 40 1397
7 40 1398
7 40 1399
7 40 1400
7 40 1401
7 40 1402
7 40 1403
7 40 1404
7 40 1405
7 40 1406
7 40 1407
7 40 1408
7 40 1409
7 40 1410
7 40 1411
7 40 1412
7 40 1413
7 40 1414
7 40 1415
7 40 1416
7 40 1417
7 40 1418
7 40 1419
7 40 1420
7 40 1421
7 40 1422
7 40 1423
7 40 1424
7 40 1425
7 40 1426
7 40 1427
7 40 1428
7 40 1429
7 40 1430
7 40 1431
7 40 1432
7 40 1433
7 40 1434
7 40 1435
7 40 1436
7 40 1437
7 40 1438
7 40 1439
7 40 1440
7 40 1441
7 40 1442
7 40 1443
7 40 1444
7 40 1445
7 40 1446
7 40 1447
7 40 1448
7 40 1449
7 40 1450
7 40 1451
7 40 1452
7 40 1453
7 40 1454
7 40 1455
7 40 1456
7 40 1457
7 40 1458
7 40 1459
7 40 1460
7 40 1461
7 40 1462
7 40 1463
7 40 1464
7 40 1465
7 40 1466
7 40 1467
7 40 1468
7 40 1469
7 40 1470
7 40 1471
7 40 1472
7 40 1473
7 40 1474
7 40 1475
7 40 1476
7 40 1477
7 40 1478
7 40 1479
7 40 1480
7 40 1481
7 40 1482
7 40 1483
7 40 1484
7 40 1485
7 40 1486
7 40 1487
7 40 1488
7 40 1489
7 40 1490
7 40 1491
7 40 1492
7 40 1493
7 40 1494
7 40 1495
7 40 1496
7 40 1497
7 40 1498
7 40 1499
7 40 1500
7 40 1501
7 40 1502
7 40 1503
7 40 1504
7 40 1505
7 40 1506
7 40 1507
7 40 1508
7 40 1509
7 40 1510
7 40 1511
7 40 1512
7 40 1513
7 40 1514
7 40 1515
7 40 1516
7 40 1517
7 40 1518
7 40 1519
7 40 1520
7 40 1521
7 40 1522
7 40 1523
7 40 1524
7 40 1525
7 40 1526
7 40 1527
7 40 1528
7 40 1529
7 40 1530
7 40 1531
7 40 1532
7 40 1533
7 40 1534
7 40 1535
7 40 1536
7 40 1537
7 40 1538
7 40 1539
7 40 1540
7 40 1541
7 40 1542
7 40 1543
7 40 1544
7 40 1545
7 40 1546
7 40 1547
7 40 1548
7 40 1549
7 40 1550
7 40 1551
7 40 1552
7 40 1553
7 40 1554
7 40 1555
7 40 1556
7 40 1557
7 40 1558
7 40 1559
7 40 1560
7 40 1561
7 40 1562
7 40 1563
7 40 1564
7 40 1565
7 40 1566
7 40 1567
7 40 1568
7 40 1569
7 40 1570
7 40 1571
7 40 1572
7 40 1573
7 40 1574
7 40 1575
7 40 1576
7 40 1577
7 40 1578
7 40 1579
7 40 1580
7 40 1581
7 40 1582
7 40 1583
7 40 1584
7 40 1585
7 40 1586
7 40 1587
7 40 1588
7 40 1589
7 40 1590
7 40 1591
7 40 1592
7 40 1593
7 40 1594
7 40 1595
7 40 1596
7 40 1597
7 40 1598
7 40 1599
7 40 1600
7 40 1601
7 40 1602
7 40 1603
7 40 1604
7 40 1605
7 40 1606
7 40 1607
7 40 1608
7 40 1609
7 40 1610
7 40 1611
7 40 1612
7 40 1613
7 40 1614
7 40 1615
7 40 1616
7 40 1617
7 40 1618
7 40 1619
7 40 1620
7 40 1621
7 40 1622
7 40 1623
7 40 1624
7 40 1625
7 40 1626
7 40 1627
7 40 1628
7 40 1629
7 40 1630
7 40 1631
7 40 1632
7 40 1633
7 40 1634
7 40 1635
7 40 1636
7 40 1637
7 40 1638
7 40 1639
7 40 1640
7 40 1641
7 40 1642
7 40 1643
7 40 1644
7 40 1645
7 40 1646
7 40 1647
7 40 1648
7 40 1649
7 40 1650
7 40 1651
7 40 1652
7 40 1653
7 40 1654
7 40 1655
7 40 1656
7 40 1657
7 40 1658
7 40 1659
7 40 1660
7 40 1661
7 40 1662
7 40 1663
7 40 1664
7 40 1665
7 40 1666
7 40 1667
7 40 1668
7 40 1669
7 40 1670
7 40 1671
7 40 1672
7 40 1673
7 40 1674
7 40 1675
7 40 1676
7 40 1677
7 40 1678
7 40 1679
7 40 1680
7 40 1681
7 40 1682
7 40 1683
7 40 1684
7 40 1685
7 40 1686
7 40 1687
7 40 1688
7 40 1689
7 40 1690
7 40 1691
7 40 1692
7 40 1693
7 40 1694
7 40 1695
7 40 1696
7 40 1697
7 40 1698
7 40 1699
7 40 1700
7 40 1701
7 40 1702
7 40 1703
7 40 1704
7 40 1705
7 40 1706
7 40 1707
7 40 1708
7 40 1709
7 40 1710
7 40 1711
7 40 1712
7 40 1713
7 40 1714
7 40 1715
7 40 1716
7 40 1717
7 40 1718
7 40 1719
7 40 1720
7 40 1721
7 40 1722
7 40 1723
7 40 1724
7 40 1725
7 40 1726
7 40 1727
7 40 1728
7 40 1729
7 40 1730
7 40 1731
7 40 1732
7 40 1733
7 40 1734
7 40 1735
7 40 1736
7 40 1737
7 40 1738
7 40 1739
7 40 1740
7 40 1741
7 40 1742
7 40 1743
7 40 1744
7 40 1745
7 40 1746
7 40 1747
7 40 1748
7 40 1749
7 40 1750
7 40 1751
7 40 1752
7 40 1753
7 40 1754
7 40 1755
7 40 1756
7 40 1757
7 40 1758
7 40 1759
7 40 1760
7 40 1761
7 40 1762
7 40 1763
7 40 1764
7 40 1765
7 40 1766
7 40 1767
7 40 1768
7 40 1769
7 40 1770
7 40 1771
7 40 1772
7 40 1773
7 40 1774
7 40 1775
7 40 1776
7 40 1777
7 40 1778
7 40 1779
7 40 1780
7 40 1781
7 40 1782
7 40 1783
7 40 1784
7 40 1785
7 40 1786
7 40 1787
7 40 1788
7 40 1789
7 40 1790
7 40 1791
7 40 1792
7 40 1793
7 40 1794
7 40 1795
7 40 1796
7 40 1797
7 40 1798
7 40 1799
7 40 1800
7 40 1801
7 40 1802
7 40 1803
7 40 1804
7 40 1805
7 40 1806
7 40 1807
7 40 1808
7 40 1809
7 40 1810
7 40 1811
7 40 1812
7 40 1813
7 40 1814
7 40 1815
7 40 1816
7 40 1817
7 40 1818
7 40 1819
7 40 1820
7 40 1821
7 40 1822
7 40 1823
7 40 1824
7 40 1825
7 40 1826
7 40 1827
7 40 1828
7 40 1829
7 40 1830
7 40 1831
7 40 1832
7 40 1833
7 40 1834
7 40 1835
7 40 1836
7 40 1837
7 40 1838
7 40 1839
7 40 1840
7 40 1841
7 40 1842
7 40 1843
7 40 1844
7 40 1845
7 40 1846
7 40 1847
7 40 1848
7 40 1849
7 40 1850
7 40 1851
7 40 1852
7 40 1853
7 40 1854
7 40 1855
7 40 1856
7 40 1857
7 40 1858
7 40 1859
7 40 1860
7 40 1861
7 40 1862
7 40 1863
7 40 1864
7 40 1865
7 40 1866
7 40 1867
7 40 1868
7 40 1869
7 40 1870
7 40 1871
7 40 1872
7 40 1873
7 40 1874
7 40 1875
7 40 1876
7 40 1877
7 40 1878
7 40 1879
7 40 1880
7 40 1881
7 40 1882
7 40 1883
7 40 1884
7 40 1885
7 40 1886
7 40 1887
7 40 1888
7 40 1889
7 40 1890
7 40 1891
7 40 1892
7 40 1893
7 40 1894
7 40 1895
7 40 1896
7 40 1897
7 40 1898
7 40 1899
7 40 1900
7 40 1901
7 40 1902
7 40 1903
7 40 1904
7 40 1905
7 40 1906
7 40 1907
7 40 1908
7 40 1909
7 40 1910
7 40 1911
7 40 1912
7 40 1913
7 40 1914
7 40 1915
7 40 1916
7 40 1917
7 40 1918
7 40 1919
7 40 1920
7 40 1921
7 40 1922
7 40 1923
7 40 1924
7 40 1925
7 40 1926
7 40 1927
7 40 1928
7 40 1929
7 40 1930
7 40 1931
7 40 1932
7 40 1933
7 40 1934
7 40 1935
7 40 1936
7 40 1937
7 40 1938
7 40 1939
7 40 1940
7 40 1941
7 40 1942
7 40 1943
7 40 1944
7 40 1945
7 40 1946
7 40 1947
7 40 1948
7 40 1949
7 40 1950
7 40 1951
7 40 1952
7 40 1953
7 40 1954
7 40 1955
7 40 1956
7 40 1957
7 40 1958
7 40 1959
7 40 1960
7 40 1961
7 40 1962
7 40 1963
7 40 1964
7 40 1965
7 40 1966
7 40 1967
7 40 1968
7 40 1969
7 40 1970
7 40 1971
7 40 1972
7 40 1973
7 40 1974
7 40 1975
7 40 1976
7 40 1977
7 40 1978
7 40 1979
7 40 1980
7 40 1981
7 40 1982
7 40 1983
7 40 1984
7 40 1985
7 40 1986
7 40 1987
7 40 1988
7 40 1989
7 40 1990
7 40 1991
7 40 1992
7 40 1993
7 40 1994
7 40 1995
7 40 1996
7 40 1997
7 40 1998
7 40 1999
7 40 2000
7 40 2001
7 40 2002
7 40 2003
7 40 2004
7 40 2005
7 40 2006
7 40 2007
7 40 2008
7 40 2009
7 40 2010
7 40 2011
7 40 2012
7 40 2013
7 40 2014
7 40 2015
7 40 2016
7 40 2017
7 40 2018
7 40 2019
7 40 2020
7 40 2021
7 40 2022
7 40 2023
7 40 2024
7 40 2025
7 40 2026
7 40 2027
7 40 2028
7 40 2029
7 40 2030
7 40 2031
7 40 2032
7 40 2033
7 40 2034
7 40 2035
7 40 2036
7 40 2037
7 40 2038
7 40 2039
7 40 2040
7 40 2041
7 40 2042
7 40 2043
7 40 2044
7 40 2045
7 40 2046
7 40 2047
7 40 2048
7 40 2049
7 40 2050
7 40 2051
7 40 2052
7 40 2053
7 40 2054
7 40 2055
7 40 2056
7 40 2057
7 40 2058
7 40 2059
7 40 2060
7 40 2061
7 40 2062
7 40 2063
7 40 2064
7 40 2065
7 40 2066
7 40 2067
7 40 2068
7 40 2069
7 40 2070
7 40 2071
7 40 2072
7 40 2073
7 40 2074
7 40 2075
7 40 2076
7 40 2077
7 40 2078
7 40 2079
7 40 2080
7 40 2081
7 40 2082
7 40 2083
7 40 2084
7 40 2085
7 40 2086
7 40 2087
7 40 2088
7 40 2089
7 40 2090
7 40 2091
7 40 2092
7 40 2093
7 40 2094
7 40 2095
7 40 2096
7 40 2097
7 40 2098
7 40 2099
7 40 2100
7 40 2101
7 40 2102
7 40 2103
7 40 2104
7 40 2105
7 40 2106
7 40 2107
7 40 2108
7 40 2109
7 40 2110
7 40 2111
7 40 2112
7 40 2113
7 40 2114
7 40 2115
7 40 2116
7 40 2117
7 40 2118
7 40 2119
7 40 2120
7 40 2121
7 40 2122
7 40 2123
7 40 2124
7 40 2125
7 40 2126
7 40 2127
7 40 2128
7 40 2129
7 40 2130
7 40 2131
7 40 2132
7 40 2133
7 40 2134
7 40 2135
7 40 2136
7 40 2137
7 40 2138
7 40 2139
7 40 2140
7 40 2141
7 40 2142
7 40 2143
7 40 2144
7 40 2145
7 40 2146
7 40 2147
7 40 2148
7 40 2149
7 40 2150
7 40 2151
7 40 2152
7 40 2153
7 40 2154
7 40 2155
7 40 2156
7 40 2157
7 40 2158
7 40 2159
7 40 2160
7 40 2161
7 40 2162
7 40 2163
7 40 2164
7 40 2165
7 40 2166
7 40 2167
7 40 2168
7 40 2169
7 40 2170
7 40 2171
7 40 2172
7 40 2173
7 40 2174
7 40 2175
7 40 2176
7 40 2177
7 40 2178
7 40 2179
7 40 2180
7 40 2181
7 40 2182
7 40 2183
7 40 2184
7 40 2185
7 40 2186
7 40 2187
7 40 2188
7 40 2189
7 40 2190
7 40 2191
7 40 2192
7 40 2193
7 40 2194
7 40 2195
7 40 2196
7 40 2197
7 40 2198
7 40 2199
7 40 2200
7 40 2201
7 40 2202
7 40 2203
7 40 2204
7 40 2205
7 40 2206
7 40 2207
7 40 2208
7 40 2209
7 40 2210
7 40 2211
7 40 2212
7 40 2213
7 40 2214
7 40 2215
7 40 2216
7 40 2217
7 40 2218
7 40 2219
7 40 2220
7 40 2221
7 40 2222
7 40 2223
7 40 2224
7 40 2225
7 40 2226
7 40 2227
7 40 2228
7 40 2229
7 40 2230
7 40 2231
7 40 2232
7 40 2233
7 40 2234
7 40 2235
7 40 2236
7 40 2237
7 40 2238
7 40 2239
7 40 2240
7 40 2241
7 40 2242
7 40 2243
7 40 2244
7 40 2245
7 40 2246
7 40 2247
7 40 2248
7 40 2249
7 40 2250
7 40 2251
7 40 2252
7 40 2253
7 40 2254
7 40 2255
7 40 2256
7 40 2257
7 40 2258
7 40 2259
7 40 2260
7 40 2261
7 40 2262
7 40 2263
7 40 2264
7 40 2265
7 40 2266
7 40 2267
7 40 2268
7 40 2269
7 40 2270
7 40 2271
7 40 2272
7 40 2273
7 40 2274
7 40 2275
7 40 2276
7 40 2277
7 40 2278
7 40 2279
7 40 2280
7 40 2281
7 40 2282
7 40 2283
7 40 2284
7 40 2285
7 40 2286
7 40 2287
7 40 2288
7 40 2289
7 40 2290
7 40 2291
7 40 2292
7 40 2293
7 40 2294
7 40 2295
7 40 2296
7 40 2297
7 40 2298
7 40 2299
7 40 2300
7 40 2301
7 40 2302
7 40 2303
7 40 2304
7 40 2305
7 40 2306
7 40 2307
7 40 2308
7 40 2309
7 40 2310
7 40 2311
7 40 2312
7 40 2313
7 40 2314
7 40 2315
7 40 2316
7 40 2317
7 40 2318
7 40 2319
7 40 2320
7 40 2321
7 40 2322
7 40 2323
7 40 2324
7 40 2325
7 40 2326
7 40 2327
7 40 2328
7 40 2329
7 40 2330
7 40 2331
7 40 2332
7 40 2333
7 40 2334
7 40 2335
7 40 2336
7 40 2337
7 40 2338
7 40 2339
7 40 2340
7 40 2341
7 40 2342
7 40 2343
7 40 2344
7 40 2345
7 40 2346
7 40 2347
7 40 2348
7 40 2349
7 40 2350
7 40 2351
7 40 2352
7 40 2353
7 40 2354
7 40 2355
7 40 2356
7 40 2357
7 40 2358
7 40 2359
7 40 2360
7 40 2361
7 40 2362
7 40 2363
7 40 2364
7 40 2365
7 40 2366
7 40 2367
7 40 2368
7 40 2369
7 40 2370
7 40 2371
7 40 2372
7 40 2373
7 40 2374
7 40 2375
7 40 2376
7 40 2377
7 40 2378
7 40 2379
7 40 2380
7 40 2381
7 40 2382
7 40 2383
7 40 2384
7 40 2385
7 40 2386
7 40 2387
7 40 2388
7 40 2389
7 40 2390
7 40 2391
7 40 2392
7 40 2393
7 40 2394
7 40 2395
7 40 2396
7 40 2397
7 40 2398
7 40 2399
7 40 2400
7 40 2401
7 40 2402
7 40 2403
7 40 2404
7 40 2405
7 40 2406
7 40 2407
7 40 2408
7 40 2409
7 40 2410
7 40 2411
7 40 2412
7 40 2413
7 40 2414
7 40 2415
7 40 2416
7 40 2417
7 40 2418
7 40 2419
7 40 2420
7 40 2421
7 40 2422
7 40 2423
7 40 2424
7 40 2425
7 40 2426
7 40 2427
7 40 2428
7 40 2429
7 40 2430
7 40 2431
7 40 2432
7 40 2433
7 40 2434
7 40 2435
7 40 2436
7 40 2437
7 40 2438
7 40 2439
7 40 2440
7 40 2441
7 40 2442
7 40 2443
7 40 2444
7 40 2445
7 40 2446
7 40 2447
7 40 2448
7 40 2449
7 40 2450
7 40 2451
7 40 2452
7 40 2453
7 40 2454
7 40 2455
7 40 2456
7 40 2457
