40 11 1
40 11 2
40 11 3
40 11 4
40 11 5
40 11 6
40 11 7
40 11 8
40 11 9
40 11 10
40 11 11
40 11 12
40 11 13
40 11 14
40 11 15
40 11 16
40 11 17
40 11 18
40 11 19
40 11 20
40 11 21
40 11 22
40 11 23
40 11 24
40 11 25
40 11 26
40 11 27
40 11 28
40 11 29
40 11 30
40 11 31
40 11 32
40 11 33
40 11 34
40 11 35
40 11 36
40 11 37
40 11 38
40 11 39
40 11 40
40 11 41
40 11 42
40 11 43
40 11 44
40 11 45
40 11 46
40 11 47
40 11 48
40 11 49
40 11 50
40 11 51
40 11 52
40 11 53
40 11 54
40 11 55
40 11 56
40 11 57
40 11 58
40 11 59
40 11 60
40 11 61
40 11 62
40 11 63
40 11 64
40 11 65
40 11 66
40 11 67
40 11 68
40 11 69
40 11 70
40 11 71
40 11 72
40 11 73
40 11 74
40 11 75
40 11 76
40 11 77
40 11 78
40 11 79
40 11 80
40 11 81
40 11 82
40 11 83
40 11 84
40 11 85
40 11 86
40 11 87
40 11 88
40 11 89
40 11 90
40 11 91
40 11 92
40 11 93
40 11 94
40 11 95
40 11 96
40 11 97
40 11 98
40 11 99
40 11 100
40 11 101
40 11 102
40 11 103
40 11 104
40 11 105
40 11 106
40 11 107
40 11 108
40 11 109
40 11 110
40 11 111
40 11 112
40 11 113
40 11 114
40 11 115
40 11 116
40 11 117
40 11 118
40 11 119
40 11 120
40 11 121
40 11 122
40 11 123
40 11 124
40 11 125
40 11 126
40 11 127
40 11 128
40 11 129
40 11 130
40 11 131
40 11 132
40 11 133
40 11 134
40 11 135
40 11 136
40 11 137
40 11 138
40 11 139
40 11 140
40 11 141
40 11 142
40 11 143
40 11 144
40 11 145
40 11 146
40 11 147
40 11 148
40 11 149
40 11 150
40 11 151
40 11 152
40 11 153
40 11 154
40 11 155
40 11 156
40 11 157
40 11 158
40 11 159
40 11 160
40 11 161
40 11 162
40 11 163
40 11 164
40 11 165
40 11 166
40 11 167
40 11 168
40 11 169
40 11 170
40 11 171
40 11 172
40 11 173
40 11 174
40 11 175
40 11 176
40 11 177
40 11 178
40 11 179
40 11 180
40 11 181
40 11 182
40 11 183
40 11 184
40 11 185
40 11 186
40 11 187
40 11 188
40 11 189
40 11 190
40 11 191
40 11 192
40 11 193
40 11 194
40 11 195
40 11 196
40 11 197
40 11 198
40 11 199
40 11 200
40 11 201
40 11 202
40 11 203
40 11 204
40 11 205
40 11 206
40 11 207
40 11 208
40 11 209
40 11 210
40 11 211
40 11 212
40 11 213
40 11 214
40 11 215
40 11 216
40 11 217
40 11 218
40 11 219
40 11 220
40 11 221
40 11 222
40 11 223
40 11 224
40 11 225
40 11 226
40 11 227
40 11 228
40 11 229
40 11 230
40 11 231
40 11 232
40 11 233
40 11 234
40 11 235
40 11 236
40 11 237
40 11 238
40 11 239
40 11 240
40 11 241
40 11 242
40 11 243
40 11 244
40 11 245
40 11 246
40 11 247
40 11 248
40 11 249
40 11 250
40 11 251
40 11 252
40 11 253
40 11 254
40 11 255
40 11 256
40 11 257
40 11 258
40 11 259
40 11 260
40 11 261
40 11 262
40 11 263
40 11 264
40 11 265
40 11 266
40 11 267
40 11 268
40 11 269
40 11 270
40 11 271
40 11 272
40 11 273
40 11 274
40 11 275
40 11 276
40 11 277
40 11 278
40 11 279
40 11 280
40 11 281
40 11 282
40 11 283
40 11 284
40 11 285
40 11 286
40 11 287
40 11 288
40 11 289
40 11 290
40 11 291
40 11 292
40 11 293
40 11 294
40 11 295
40 11 296
40 11 297
40 11 298
40 11 299
40 11 300
40 11 301
40 11 302
40 11 303
40 11 304
40 11 305
40 11 306
40 11 307
40 11 308
40 11 309
40 11 310
40 11 311
40 11 312
40 11 313
40 11 314
40 11 315
40 11 316
40 11 317
40 11 318
40 11 319
40 11 320
40 11 321
40 11 322
40 11 323
40 11 324
40 11 325
40 11 326
40 11 327
40 11 328
40 11 329
40 11 330
40 11 331
40 11 332
40 11 333
40 11 334
40 11 335
40 11 336
40 11 337
40 11 338
40 11 339
40 11 340
40 11 341
40 11 342
40 11 343
40 11 344
40 11 345
40 11 346
40 11 347
40 11 348
40 11 349
40 11 350
40 11 351
40 11 352
40 11 353
40 11 354
40 11 355
40 11 356
40 11 357
40 11 358
40 11 359
40 11 360
40 11 361
40 11 362
40 11 363
40 11 364
40 11 365
40 11 366
40 11 367
40 11 368
40 11 369
40 11 370
40 11 371
40 11 372
40 11 373
40 11 374
40 11 375
40 11 376
40 11 377
40 11 378
40 11 379
40 11 380
40 11 381
40 11 382
40 11 383
40 11 384
40 11 385
40 11 386
40 11 387
40 11 388
40 11 389
40 11 390
40 11 391
40 11 392
40 11 393
40 11 394
40 11 395
40 11 396
40 11 397
40 11 398
40 11 399
40 11 400
40 11 401
40 11 402
40 11 403
40 11 404
40 11 405
40 11 406
40 11 407
40 11 408
40 11 409
40 11 410
40 11 411
40 11 412
40 11 413
40 11 414
40 11 415
40 11 416
40 11 417
40 11 418
40 11 419
40 11 420
40 11 421
40 11 422
40 11 423
40 11 424
40 11 425
40 11 426
40 11 427
40 11 428
40 11 429
40 11 430
40 11 431
40 11 432
40 11 433
40 11 434
40 11 435
40 11 436
40 11 437
40 11 438
40 11 439
40 11 440
40 11 441
40 11 442
40 11 443
40 11 444
40 11 445
40 11 446
40 11 447
40 11 448
40 11 449
40 11 450
40 11 451
40 11 452
40 11 453
40 11 454
40 11 455
40 11 456
40 11 457
40 11 458
40 11 459
40 11 460
40 11 461
40 11 462
40 11 463
40 11 464
40 11 465
40 11 466
40 11 467
40 11 468
40 11 469
40 11 470
40 11 471
40 11 472
40 11 473
40 11 474
40 11 475
40 11 476
40 11 477
40 11 478
40 11 479
40 11 480
40 11 481
40 11 482
40 11 483
40 11 484
40 11 485
40 11 486
40 11 487
40 11 488
40 11 489
40 11 490
40 11 491
40 11 492
40 11 493
40 11 494
40 11 495
40 11 496
40 11 497
40 11 498
40 11 499
40 11 500
40 11 501
40 11 502
40 11 503
40 11 504
40 11 505
40 11 506
40 11 507
40 11 508
40 11 509
40 11 510
40 11 511
40 11 512
40 11 513
40 11 514
40 11 515
40 11 516
40 11 517
40 11 518
40 11 519
40 11 520
40 11 521
40 11 522
40 11 523
40 11 524
40 11 525
40 11 526
40 11 527
40 11 528
40 11 529
40 11 530
40 11 531
40 11 532
40 11 533
40 11 534
40 11 535
40 11 536
40 11 537
40 11 538
40 11 539
40 11 540
40 11 541
40 11 542
40 11 543
40 11 544
40 11 545
40 11 546
40 11 547
40 11 548
40 11 549
40 11 550
40 11 551
40 11 552
40 11 553
40 11 554
40 11 555
40 11 556
40 11 557
40 11 558
40 11 559
40 11 560
40 11 561
40 11 562
40 11 563
40 11 564
40 11 565
40 11 566
40 11 567
40 11 568
40 11 569
40 11 570
40 11 571
40 11 572
40 11 573
40 11 574
40 11 575
40 11 576
40 11 577
40 11 578
40 11 579
40 11 580
40 11 581
40 11 582
40 11 583
40 11 584
40 11 585
40 11 586
40 11 587
40 11 588
40 11 589
40 11 590
40 11 591
40 11 592
40 11 593
40 11 594
40 11 595
40 11 596
40 11 597
40 11 598
40 11 599
40 11 600
40 11 601
40 11 602
40 11 603
40 11 604
40 11 605
40 11 606
40 11 607
40 11 608
40 11 609
40 11 610
40 11 611
40 11 612
40 11 613
40 11 614
40 11 615
40 11 616
40 11 617
40 11 618
40 11 619
40 11 620
40 11 621
40 11 622
40 11 623
40 11 624
40 11 625
40 11 626
40 11 627
40 11 628
40 11 629
40 11 630
40 11 631
40 11 632
40 11 633
40 11 634
40 11 635
40 11 636
40 11 637
40 11 638
40 11 639
40 11 640
40 11 641
40 11 642
40 11 643
40 11 644
40 11 645
40 11 646
40 11 647
40 11 648
40 11 649
40 11 650
40 11 651
40 11 652
40 11 653
40 11 654
40 11 655
40 11 656
40 11 657
40 11 658
40 11 659
40 11 660
40 11 661
40 11 662
40 11 663
40 11 664
40 11 665
40 11 666
40 11 667
40 11 668
40 11 669
40 11 670
40 11 671
40 11 672
40 11 673
40 11 674
40 11 675
40 11 676
40 11 677
40 11 678
40 11 679
40 11 680
40 11 681
40 11 682
40 11 683
40 11 684
40 11 685
40 11 686
40 11 687
40 11 688
40 11 689
40 11 690
40 11 691
40 11 692
40 11 693
40 11 694
40 11 695
40 11 696
40 11 697
40 11 698
40 11 699
40 11 700
40 11 701
40 11 702
40 11 703
40 11 704
40 11 705
40 11 706
40 11 707
40 11 708
40 11 709
40 11 710
40 11 711
40 11 712
40 11 713
40 11 714
40 11 715
40 11 716
40 11 717
40 11 718
40 11 719
40 11 720
40 11 721
40 11 722
40 11 723
40 11 724
40 11 725
40 11 726
40 11 727
40 11 728
40 11 729
40 11 730
40 11 731
40 11 732
40 11 733
40 11 734
40 11 735
40 11 736
40 11 737
40 11 738
40 11 739
40 11 740
40 11 741
40 11 742
40 11 743
40 11 744
40 11 745
40 11 746
40 11 747
40 11 748
40 11 749
40 11 750
40 11 751
40 11 752
40 11 753
40 11 754
40 11 755
40 11 756
40 11 757
40 11 758
40 11 759
40 11 760
40 11 761
40 11 762
40 11 763
40 11 764
40 11 765
40 11 766
40 11 767
40 11 768
40 11 769
40 11 770
40 11 771
40 11 772
40 11 773
40 11 774
40 11 775
40 11 776
40 11 777
40 11 778
40 11 779
40 11 780
40 11 781
40 11 782
40 11 783
40 11 784
40 11 785
40 11 786
40 11 787
40 11 788
40 11 789
40 11 790
40 11 791
40 11 792
40 11 793
40 11 794
40 11 795
40 11 796
40 11 797
40 11 798
40 11 799
40 11 800
40 11 801
40 11 802
40 11 803
40 11 804
40 11 805
40 11 806
40 11 807
40 11 808
40 11 809
40 11 810
40 11 811
40 11 812
40 11 813
40 11 814
40 11 815
40 11 816
40 11 817
40 11 818
40 11 819
40 11 820
40 11 821
40 11 822
40 11 823
40 11 824
40 11 825
40 11 826
40 11 827
40 11 828
40 11 829
40 11 830
40 11 831
40 11 832
40 11 833
40 11 834
40 11 835
40 11 836
40 11 837
40 11 838
40 11 839
40 11 840
40 11 841
40 11 842
40 11 843
40 11 844
40 11 845
40 11 846
40 11 847
40 11 848
40 11 849
40 11 850
40 11 851
40 11 852
40 11 853
40 11 854
40 11 855
40 11 856
40 11 857
40 11 858
40 11 859
40 11 860
40 11 861
40 11 862
40 11 863
40 11 864
40 11 865
40 11 866
40 11 867
40 11 868
40 11 869
40 11 870
40 11 871
40 11 872
40 11 873
40 11 874
40 11 875
40 11 876
40 11 877
40 11 878
40 11 879
40 11 880
40 11 881
40 11 882
40 11 883
40 11 884
40 11 885
40 11 886
40 11 887
40 11 888
40 11 889
40 11 890
40 11 891
40 11 892
40 11 893
40 11 894
40 11 895
40 11 896
40 11 897
40 11 898
40 11 899
40 11 900
40 11 901
40 11 902
40 11 903
40 11 904
40 11 905
40 11 906
40 11 907
40 11 908
40 11 909
40 11 910
40 11 911
40 11 912
40 11 913
40 11 914
40 11 915
40 11 916
40 11 917
40 11 918
40 11 919
40 11 920
40 11 921
40 11 922
40 11 923
40 11 924
40 11 925
40 11 926
40 11 927
40 11 928
40 11 929
40 11 930
40 11 931
40 11 932
40 11 933
40 11 934
40 11 935
40 11 936
40 11 937
40 11 938
40 11 939
40 11 940
40 11 941
40 11 942
40 11 943
40 11 944
40 11 945
40 11 946
40 11 947
40 11 948
40 11 949
40 11 950
40 11 951
40 11 952
40 11 953
40 11 954
40 11 955
40 11 956
40 11 957
40 11 958
40 11 959
40 11 960
40 11 961
40 11 962
40 11 963
40 11 964
40 11 965
40 11 966
40 11 967
40 11 968
40 11 969
40 11 970
40 11 971
40 11 972
40 11 973
40 11 974
40 11 975
40 11 976
40 11 977
40 11 978
40 11 979
40 11 980
40 11 981
40 11 982
40 11 983
40 11 984
40 11 985
40 11 986
40 11 987
40 11 988
40 11 989
40 11 990
40 11 991
40 11 992
40 11 993
40 11 994
40 11 995
40 11 996
40 11 997
40 11 998
40 11 999
40 11 1000
40 11 1001
40 11 1002
40 11 1003
40 11 1004
40 11 1005
40 11 1006
40 11 1007
40 11 1008
40 11 1009
40 11 1010
40 11 1011
40 11 1012
40 11 1013
40 11 1014
40 11 1015
40 11 1016
40 11 1017
40 11 1018
40 11 1019
40 11 1020
40 11 1021
40 11 1022
40 11 1023
40 11 1024
40 11 1025
40 11 1026
40 11 1027
40 11 1028
40 11 1029
40 11 1030
40 11 1031
40 11 1032
40 11 1033
40 11 1034
40 11 1035
40 11 1036
40 11 1037
40 11 1038
40 11 1039
40 11 1040
40 11 1041
40 11 1042
40 11 1043
40 11 1044
40 11 1045
40 11 1046
40 11 1047
40 11 1048
40 11 1049
40 11 1050
40 11 1051
40 11 1052
40 11 1053
40 11 1054
40 11 1055
40 11 1056
40 11 1057
40 11 1058
40 11 1059
40 11 1060
40 11 1061
40 11 1062
40 11 1063
40 11 1064
40 11 1065
40 11 1066
40 11 1067
40 11 1068
40 11 1069
40 11 1070
40 11 1071
40 11 1072
40 11 1073
40 11 1074
40 11 1075
40 11 1076
40 11 1077
40 11 1078
40 11 1079
40 11 1080
40 11 1081
40 11 1082
40 11 1083
40 11 1084
40 11 1085
40 11 1086
40 11 1087
40 11 1088
40 11 1089
40 11 1090
40 11 1091
40 11 1092
40 11 1093
40 11 1094
40 11 1095
40 11 1096
40 11 1097
40 11 1098
40 11 1099
40 11 1100
40 11 1101
40 11 1102
40 11 1103
40 11 1104
40 11 1105
40 11 1106
40 11 1107
40 11 1108
40 11 1109
40 11 1110
40 11 1111
40 11 1112
40 11 1113
40 11 1114
40 11 1115
40 11 1116
40 11 1117
40 11 1118
40 11 1119
40 11 1120
40 11 1121
40 11 1122
40 11 1123
40 11 1124
40 11 1125
40 11 1126
40 11 1127
40 11 1128
40 11 1129
40 11 1130
40 11 1131
40 11 1132
40 11 1133
40 11 1134
40 11 1135
40 11 1136
40 11 1137
40 11 1138
40 11 1139
40 11 1140
40 11 1141
40 11 1142
40 11 1143
40 11 1144
40 11 1145
40 11 1146
40 11 1147
40 11 1148
40 11 1149
40 11 1150
40 11 1151
40 11 1152
40 11 1153
40 11 1154
40 11 1155
40 11 1156
40 11 1157
40 11 1158
40 11 1159
40 11 1160
40 11 1161
40 11 1162
40 11 1163
40 11 1164
40 11 1165
40 11 1166
40 11 1167
40 11 1168
40 11 1169
40 11 1170
40 11 1171
40 11 1172
40 11 1173
40 11 1174
40 11 1175
40 11 1176
40 11 1177
40 11 1178
40 11 1179
40 11 1180
40 11 1181
40 11 1182
40 11 1183
40 11 1184
40 11 1185
40 11 1186
40 11 1187
40 11 1188
40 11 1189
40 11 1190
40 11 1191
40 11 1192
40 11 1193
40 11 1194
40 11 1195
40 11 1196
40 11 1197
40 11 1198
40 11 1199
40 11 1200
40 11 1201
40 11 1202
40 11 1203
40 11 1204
40 11 1205
40 11 1206
40 11 1207
40 11 1208
40 11 1209
40 11 1210
40 11 1211
40 11 1212
40 11 1213
40 11 1214
40 11 1215
40 11 1216
40 11 1217
40 11 1218
40 11 1219
40 11 1220
40 11 1221
40 11 1222
40 11 1223
40 11 1224
40 11 1225
40 11 1226
40 11 1227
40 11 1228
40 11 1229
40 11 1230
40 11 1231
40 11 1232
40 11 1233
40 11 1234
40 11 1235
40 11 1236
40 11 1237
40 11 1238
40 11 1239
40 11 1240
40 11 1241
40 11 1242
40 11 1243
40 11 1244
40 11 1245
40 11 1246
40 11 1247
40 11 1248
40 11 1249
40 11 1250
40 11 1251
40 11 1252
40 11 1253
40 11 1254
40 11 1255
40 11 1256
40 11 1257
40 11 1258
40 11 1259
40 11 1260
40 11 1261
40 11 1262
40 11 1263
40 11 1264
40 11 1265
40 11 1266
40 11 1267
40 11 1268
40 11 1269
40 11 1270
40 11 1271
40 11 1272
40 11 1273
40 11 1274
40 11 1275
40 11 1276
40 11 1277
40 11 1278
40 11 1279
40 11 1280
40 11 1281
40 11 1282
40 11 1283
40 11 1284
40 11 1285
40 11 1286
40 11 1287
40 11 1288
40 11 1289
40 11 1290
40 11 1291
40 11 1292
40 11 1293
40 11 1294
40 11 1295
40 11 1296
40 11 1297
40 11 1298
40 11 1299
40 11 1300
40 11 1301
40 11 1302
40 11 1303
40 11 1304
40 11 1305
40 11 1306
40 11 1307
40 11 1308
40 11 1309
40 11 1310
40 11 1311
40 11 1312
40 11 1313
40 11 1314
40 11 1315
40 11 1316
40 11 1317
40 11 1318
40 11 1319
40 11 1320
40 11 1321
40 11 1322
40 11 1323
40 11 1324
40 11 1325
40 11 1326
40 11 1327
40 11 1328
40 11 1329
40 11 1330
40 11 1331
40 11 1332
40 11 1333
40 11 1334
40 11 1335
40 11 1336
40 11 1337
40 11 1338
40 11 1339
40 11 1340
40 11 1341
40 11 1342
40 11 1343
40 11 1344
40 11 1345
40 11 1346
40 11 1347
40 11 1348
40 11 1349
40 11 1350
40 11 1351
40 11 1352
40 11 1353
40 11 1354
40 11 1355
40 11 1356
40 11 1357
40 11 1358
40 11 1359
40 11 1360
40 11 1361
40 11 1362
40 11 1363
40 11 1364
40 11 1365
40 11 1366
40 11 1367
40 11 1368
40 11 1369
40 11 1370
40 11 1371
40 11 1372
40 11 1373
40 11 1374
40 11 1375
40 11 1376
40 11 1377
40 11 1378
40 11 1379
40 11 1380
40 11 1381
40 11 1382
40 11 1383
40 11 1384
40 11 1385
40 11 1386
40 11 1387
40 11 1388
40 11 1389
40 11 1390
40 11 1391
40 11 1392
40 11 1393
40 11 1394
40 11 1395
40 11 1396
40 11 1397
40 11 1398
40 11 1399
40 11 1400
40 11 1401
40 11 1402
40 11 1403
40 11 1404
40 11 1405
40 11 1406
40 11 1407
40 11 1408
40 11 1409
40 11 1410
40 11 1411
40 11 1412
40 11 1413
40 11 1414
40 11 1415
40 11 1416
40 11 1417
40 11 1418
40 11 1419
40 11 1420
40 11 1421
40 11 1422
40 11 1423
40 11 1424
40 11 1425
40 11 1426
40 11 1427
40 11 1428
40 11 1429
40 11 1430
40 11 1431
40 11 1432
40 11 1433
40 11 1434
40 11 1435
40 11 1436
40 11 1437
40 11 1438
40 11 1439
40 11 1440
40 11 1441
40 11 1442
40 11 1443
40 11 1444
40 11 1445
40 11 1446
40 11 1447
40 11 1448
40 11 1449
40 11 1450
40 11 1451
40 11 1452
40 11 1453
40 11 1454
40 11 1455
40 11 1456
40 11 1457
40 11 1458
40 11 1459
40 11 1460
40 11 1461
40 11 1462
40 11 1463
40 11 1464
40 11 1465
40 11 1466
40 11 1467
40 11 1468
40 11 1469
40 11 1470
40 11 1471
40 11 1472
40 11 1473
40 11 1474
40 11 1475
40 11 1476
40 11 1477
40 11 1478
40 11 1479
40 11 1480
40 11 1481
40 11 1482
40 11 1483
40 11 1484
40 11 1485
40 11 1486
40 11 1487
40 11 1488
40 11 1489
40 11 1490
40 11 1491
40 11 1492
40 11 1493
40 11 1494
40 11 1495
40 11 1496
40 11 1497
40 11 1498
40 11 1499
40 11 1500
40 11 1501
40 11 1502
40 11 1503
40 11 1504
40 11 1505
40 11 1506
40 11 1507
40 11 1508
40 11 1509
40 11 1510
40 11 1511
40 11 1512
40 11 1513
40 11 1514
40 11 1515
40 11 1516
40 11 1517
40 11 1518
40 11 1519
40 11 1520
40 11 1521
40 11 1522
40 11 1523
40 11 1524
40 11 1525
40 11 1526
40 11 1527
40 11 1528
40 11 1529
40 11 1530
40 11 1531
40 11 1532
40 11 1533
40 11 1534
40 11 1535
40 11 1536
40 11 1537
40 11 1538
40 11 1539
40 11 1540
40 11 1541
40 11 1542
40 11 1543
40 11 1544
40 11 1545
40 11 1546
40 11 1547
40 11 1548
40 11 1549
40 11 1550
40 11 1551
40 11 1552
40 11 1553
40 11 1554
40 11 1555
40 11 1556
40 11 1557
40 11 1558
40 11 1559
40 11 1560
40 11 1561
40 11 1562
40 11 1563
40 11 1564
40 11 1565
40 11 1566
40 11 1567
40 11 1568
40 11 1569
40 11 1570
40 11 1571
40 11 1572
40 11 1573
40 11 1574
40 11 1575
40 11 1576
40 11 1577
40 11 1578
40 11 1579
40 11 1580
40 11 1581
40 11 1582
40 11 1583
40 11 1584
40 11 1585
40 11 1586
40 11 1587
40 11 1588
40 11 1589
40 11 1590
40 11 1591
40 11 1592
40 11 1593
40 11 1594
40 11 1595
40 11 1596
40 11 1597
40 11 1598
40 11 1599
40 11 1600
40 11 1601
40 11 1602
40 11 1603
40 11 1604
40 11 1605
40 11 1606
40 11 1607
40 11 1608
40 11 1609
40 11 1610
40 11 1611
40 11 1612
40 11 1613
40 11 1614
40 11 1615
40 11 1616
40 11 1617
40 11 1618
40 11 1619
40 11 1620
40 11 1621
40 11 1622
40 11 1623
40 11 1624
40 11 1625
40 11 1626
40 11 1627
40 11 1628
40 11 1629
40 11 1630
40 11 1631
40 11 1632
40 11 1633
40 11 1634
40 11 1635
40 11 1636
40 11 1637
40 11 1638
40 11 1639
40 11 1640
40 11 1641
40 11 1642
40 11 1643
40 11 1644
40 11 1645
40 11 1646
40 11 1647
40 11 1648
40 11 1649
40 11 1650
40 11 1651
40 11 1652
40 11 1653
40 11 1654
40 11 1655
40 11 1656
40 11 1657
40 11 1658
40 11 1659
40 11 1660
40 11 1661
40 11 1662
40 11 1663
40 11 1664
40 11 1665
40 11 1666
40 11 1667
40 11 1668
40 11 1669
40 11 1670
40 11 1671
40 11 1672
40 11 1673
40 11 1674
40 11 1675
40 11 1676
40 11 1677
40 11 1678
40 11 1679
40 11 1680
40 11 1681
40 11 1682
40 11 1683
40 11 1684
40 11 1685
40 11 1686
40 11 1687
40 11 1688
40 11 1689
40 11 1690
40 11 1691
40 11 1692
40 11 1693
40 11 1694
40 11 1695
40 11 1696
40 11 1697
40 11 1698
40 11 1699
40 11 1700
40 11 1701
40 11 1702
40 11 1703
40 11 1704
40 11 1705
40 11 1706
40 11 1707
40 11 1708
40 11 1709
40 11 1710
40 11 1711
40 11 1712
40 11 1713
40 11 1714
40 11 1715
40 11 1716
40 11 1717
40 11 1718
40 11 1719
40 11 1720
40 11 1721
40 11 1722
40 11 1723
40 11 1724
40 11 1725
40 11 1726
40 11 1727
40 11 1728
40 11 1729
40 11 1730
40 11 1731
40 11 1732
40 11 1733
40 11 1734
40 11 1735
40 11 1736
40 11 1737
40 11 1738
40 11 1739
40 11 1740
40 11 1741
40 11 1742
40 11 1743
40 11 1744
40 11 1745
40 11 1746
40 11 1747
40 11 1748
40 11 1749
40 11 1750
40 11 1751
40 11 1752
40 11 1753
40 11 1754
40 11 1755
40 11 1756
40 11 1757
40 11 1758
40 11 1759
40 11 1760
40 11 1761
40 11 1762
40 11 1763
40 11 1764
40 11 1765
40 11 1766
40 11 1767
40 11 1768
40 11 1769
40 11 1770
40 11 1771
40 11 1772
40 11 1773
40 11 1774
40 11 1775
40 11 1776
40 11 1777
40 11 1778
40 11 1779
40 11 1780
40 11 1781
40 11 1782
40 11 1783
40 11 1784
40 11 1785
40 11 1786
40 11 1787
40 11 1788
40 11 1789
40 11 1790
40 11 1791
40 11 1792
40 11 1793
40 11 1794
40 11 1795
40 11 1796
40 11 1797
40 11 1798
40 11 1799
40 11 1800
40 11 1801
40 11 1802
40 11 1803
40 11 1804
40 11 1805
40 11 1806
40 11 1807
40 11 1808
40 11 1809
40 11 1810
40 11 1811
40 11 1812
40 11 1813
40 11 1814
40 11 1815
40 11 1816
40 11 1817
40 11 1818
40 11 1819
40 11 1820
40 11 1821
40 11 1822
40 11 1823
40 11 1824
40 11 1825
40 11 1826
40 11 1827
40 11 1828
40 11 1829
40 11 1830
40 11 1831
40 11 1832
40 11 1833
40 11 1834
40 11 1835
40 11 1836
40 11 1837
40 11 1838
40 11 1839
40 11 1840
40 11 1841
40 11 1842
40 11 1843
40 11 1844
40 11 1845
40 11 1846
40 11 1847
40 11 1848
40 11 1849
40 11 1850
40 11 1851
40 11 1852
40 11 1853
40 11 1854
40 11 1855
40 11 1856
40 11 1857
40 11 1858
40 11 1859
40 11 1860
40 11 1861
40 11 1862
40 11 1863
40 11 1864
40 11 1865
40 11 1866
40 11 1867
40 11 1868
40 11 1869
40 11 1870
40 11 1871
40 11 1872
40 11 1873
40 11 1874
40 11 1875
40 11 1876
40 11 1877
40 11 1878
40 11 1879
40 11 1880
40 11 1881
40 11 1882
40 11 1883
40 11 1884
40 11 1885
40 11 1886
40 11 1887
40 11 1888
40 11 1889
40 11 1890
40 11 1891
40 11 1892
40 11 1893
40 11 1894
40 11 1895
40 11 1896
40 11 1897
40 11 1898
40 11 1899
40 11 1900
40 11 1901
40 11 1902
40 11 1903
40 11 1904
40 11 1905
40 11 1906
40 11 1907
40 11 1908
40 11 1909
40 11 1910
40 11 1911
40 11 1912
40 11 1913
40 11 1914
40 11 1915
40 11 1916
40 11 1917
40 11 1918
40 11 1919
40 11 1920
40 11 1921
40 11 1922
40 11 1923
40 11 1924
40 11 1925
40 11 1926
40 11 1927
40 11 1928
40 11 1929
40 11 1930
40 11 1931
40 11 1932
40 11 1933
40 11 1934
40 11 1935
40 11 1936
40 11 1937
40 11 1938
40 11 1939
40 11 1940
40 11 1941
40 11 1942
40 11 1943
40 11 1944
40 11 1945
40 11 1946
40 11 1947
40 11 1948
40 11 1949
40 11 1950
40 11 1951
40 11 1952
40 11 1953
40 11 1954
40 11 1955
40 11 1956
40 11 1957
40 11 1958
40 11 1959
40 11 1960
40 11 1961
40 11 1962
40 11 1963
40 11 1964
40 11 1965
40 11 1966
40 11 1967
40 11 1968
40 11 1969
40 11 1970
40 11 1971
40 11 1972
40 11 1973
40 11 1974
40 11 1975
40 11 1976
40 11 1977
40 11 1978
40 11 1979
40 11 1980
40 11 1981
40 11 1982
40 11 1983
40 11 1984
40 11 1985
40 11 1986
40 11 1987
40 11 1988
40 11 1989
40 11 1990
40 11 1991
40 11 1992
40 11 1993
40 11 1994
40 11 1995
40 11 1996
40 11 1997
40 11 1998
40 11 1999
40 11 2000
40 11 2001
40 11 2002
40 11 2003
40 11 2004
40 11 2005
40 11 2006
40 11 2007
40 11 2008
40 11 2009
40 11 2010
40 11 2011
40 11 2012
40 11 2013
40 11 2014
40 11 2015
40 11 2016
40 11 2017
40 11 2018
40 11 2019
40 11 2020
40 11 2021
40 11 2022
40 11 2023
40 11 2024
40 11 2025
40 11 2026
40 11 2027
40 11 2028
40 11 2029
40 11 2030
40 11 2031
40 11 2032
40 11 2033
40 11 2034
40 11 2035
40 11 2036
40 11 2037
40 11 2038
40 11 2039
40 11 2040
40 11 2041
40 11 2042
40 11 2043
40 11 2044
40 11 2045
40 11 2046
40 11 2047
40 11 2048
40 11 2049
40 11 2050
40 11 2051
40 11 2052
40 11 2053
40 11 2054
40 11 2055
40 11 2056
40 11 2057
40 11 2058
40 11 2059
40 11 2060
40 11 2061
40 11 2062
40 11 2063
40 11 2064
40 11 2065
40 11 2066
40 11 2067
40 11 2068
40 11 2069
40 11 2070
40 11 2071
40 11 2072
40 11 2073
40 11 2074
40 11 2075
40 11 2076
40 11 2077
40 11 2078
40 11 2079
40 11 2080
40 11 2081
40 11 2082
40 11 2083
40 11 2084
40 11 2085
40 11 2086
40 11 2087
40 11 2088
40 11 2089
40 11 2090
40 11 2091
40 11 2092
40 11 2093
40 11 2094
40 11 2095
40 11 2096
40 11 2097
40 11 2098
40 11 2099
40 11 2100
40 11 2101
40 11 2102
40 11 2103
40 11 2104
40 11 2105
40 11 2106
40 11 2107
40 11 2108
40 11 2109
40 11 2110
40 11 2111
40 11 2112
40 11 2113
40 11 2114
40 11 2115
40 11 2116
40 11 2117
40 11 2118
40 11 2119
40 11 2120
40 11 2121
40 11 2122
40 11 2123
40 11 2124
40 11 2125
40 11 2126
40 11 2127
40 11 2128
40 11 2129
40 11 2130
40 11 2131
40 11 2132
40 11 2133
40 11 2134
40 11 2135
40 11 2136
40 11 2137
40 11 2138
40 11 2139
40 11 2140
40 11 2141
40 11 2142
40 11 2143
40 11 2144
40 11 2145
40 11 2146
40 11 2147
40 11 2148
40 11 2149
40 11 2150
40 11 2151
40 11 2152
40 11 2153
40 11 2154
40 11 2155
40 11 2156
40 11 2157
40 11 2158
40 11 2159
40 11 2160
40 11 2161
40 11 2162
40 11 2163
40 11 2164
40 11 2165
40 11 2166
40 11 2167
40 11 2168
40 11 2169
40 11 2170
40 11 2171
40 11 2172
40 11 2173
40 11 2174
40 11 2175
40 11 2176
40 11 2177
40 11 2178
40 11 2179
40 11 2180
40 11 2181
40 11 2182
40 11 2183
40 11 2184
40 11 2185
40 11 2186
40 11 2187
40 11 2188
40 11 2189
40 11 2190
40 11 2191
40 11 2192
40 11 2193
40 11 2194
40 11 2195
40 11 2196
40 11 2197
40 11 2198
40 11 2199
40 11 2200
40 11 2201
40 11 2202
40 11 2203
40 11 2204
40 11 2205
40 11 2206
40 11 2207
40 11 2208
40 11 2209
40 11 2210
40 11 2211
40 11 2212
40 11 2213
40 11 2214
40 11 2215
40 11 2216
40 11 2217
40 11 2218
40 11 2219
40 11 2220
40 11 2221
40 11 2222
40 11 2223
40 11 2224
40 11 2225
40 11 2226
40 11 2227
40 11 2228
40 11 2229
40 11 2230
40 11 2231
40 11 2232
40 11 2233
40 11 2234
40 11 2235
40 11 2236
40 11 2237
40 11 2238
40 11 2239
40 11 2240
40 11 2241
40 11 2242
40 11 2243
40 11 2244
40 11 2245
40 11 2246
40 11 2247
40 11 2248
40 11 2249
40 11 2250
40 11 2251
40 11 2252
40 11 2253
40 11 2254
40 11 2255
40 11 2256
40 11 2257
40 11 2258
40 11 2259
40 11 2260
40 11 2261
40 11 2262
40 11 2263
40 11 2264
40 11 2265
40 11 2266
40 11 2267
40 11 2268
40 11 2269
40 11 2270
40 11 2271
40 11 2272
40 11 2273
40 11 2274
40 11 2275
40 11 2276
40 11 2277
40 11 2278
40 11 2279
40 11 2280
40 11 2281
40 11 2282
40 11 2283
40 11 2284
40 11 2285
40 11 2286
40 11 2287
40 11 2288
40 11 2289
40 11 2290
40 11 2291
40 11 2292
40 11 2293
40 11 2294
40 11 2295
40 11 2296
40 11 2297
40 11 2298
40 11 2299
40 11 2300
40 11 2301
40 11 2302
40 11 2303
40 11 2304
40 11 2305
40 11 2306
40 11 2307
40 11 2308
40 11 2309
40 11 2310
40 11 2311
40 11 2312
40 11 2313
40 11 2314
40 11 2315
40 11 2316
40 11 2317
40 11 2318
40 11 2319
40 11 2320
40 11 2321
40 11 2322
40 11 2323
40 11 2324
40 11 2325
40 11 2326
40 11 2327
40 11 2328
40 11 2329
40 11 2330
40 11 2331
40 11 2332
40 11 2333
40 11 2334
40 11 2335
40 11 2336
40 11 2337
40 11 2338
40 11 2339
40 11 2340
40 11 2341
40 11 2342
40 11 2343
40 11 2344
40 11 2345
40 11 2346
40 11 2347
40 11 2348
40 11 2349
40 11 2350
40 11 2351
40 11 2352
40 11 2353
40 11 2354
40 11 2355
40 11 2356
40 11 2357
40 11 2358
40 11 2359
40 11 2360
40 11 2361
40 11 2362
40 11 2363
40 11 2364
40 11 2365
40 11 2366
40 11 2367
40 11 2368
40 11 2369
40 11 2370
40 11 2371
40 11 2372
40 11 2373
40 11 2374
40 11 2375
40 11 2376
40 11 2377
40 11 2378
40 11 2379
40 11 2380
40 11 2381
40 11 2382
40 11 2383
40 11 2384
40 11 2385
40 11 2386
40 11 2387
40 11 2388
40 11 2389
40 11 2390
40 11 2391
40 11 2392
40 11 2393
40 11 2394
40 11 2395
40 11 2396
40 11 2397
40 11 2398
40 11 2399
40 11 2400
40 11 2401
40 11 2402
40 11 2403
40 11 2404
40 11 2405
40 11 2406
40 11 2407
40 11 2408
40 11 2409
40 11 2410
40 11 2411
40 11 2412
40 11 2413
40 11 2414
40 11 2415
40 11 2416
40 11 2417
40 11 2418
40 11 2419
40 11 2420
40 11 2421
40 11 2422
40 11 2423
40 11 2424
40 11 2425
40 11 2426
40 11 2427
40 11 2428
40 11 2429
40 11 2430
40 11 2431
40 11 2432
40 11 2433
40 11 2434
40 11 2435
40 11 2436
40 11 2437
40 11 2438
40 11 2439
40 11 2440
40 11 2441
40 11 2442
40 11 2443
40 11 2444
40 11 2445
40 11 2446
40 11 2447
40 11 2448
40 11 2449
40 11 2450
40 11 2451
40 11 2452
40 11 2453
40 11 2454
40 11 2455
40 11 2456
40 11 2457
