40 7 1
40 7 2
40 7 3
40 7 4
40 7 5
40 7 6
40 7 7
40 7 8
40 7 9
40 7 10
40 7 11
40 7 12
40 7 13
40 7 14
40 7 15
40 7 16
40 7 17
40 7 18
40 7 19
40 7 20
40 7 21
40 7 22
40 7 23
40 7 24
40 7 25
40 7 26
40 7 27
40 7 28
40 7 29
40 7 30
40 7 31
40 7 32
40 7 33
40 7 34
40 7 35
40 7 36
40 7 37
40 7 38
40 7 39
40 7 40
40 7 41
40 7 42
40 7 43
40 7 44
40 7 45
40 7 46
40 7 47
40 7 48
40 7 49
40 7 50
40 7 51
40 7 52
40 7 53
40 7 54
40 7 55
40 7 56
40 7 57
40 7 58
40 7 59
40 7 60
40 7 61
40 7 62
40 7 63
40 7 64
40 7 65
40 7 66
40 7 67
40 7 68
40 7 69
40 7 70
40 7 71
40 7 72
40 7 73
40 7 74
40 7 75
40 7 76
40 7 77
40 7 78
40 7 79
40 7 80
40 7 81
40 7 82
40 7 83
40 7 84
40 7 85
40 7 86
40 7 87
40 7 88
40 7 89
40 7 90
40 7 91
40 7 92
40 7 93
40 7 94
40 7 95
40 7 96
40 7 97
40 7 98
40 7 99
40 7 100
40 7 101
40 7 102
40 7 103
40 7 104
40 7 105
40 7 106
40 7 107
40 7 108
40 7 109
40 7 110
40 7 111
40 7 112
40 7 113
40 7 114
40 7 115
40 7 116
40 7 117
40 7 118
40 7 119
40 7 120
40 7 121
40 7 122
40 7 123
40 7 124
40 7 125
40 7 126
40 7 127
40 7 128
40 7 129
40 7 130
40 7 131
40 7 132
40 7 133
40 7 134
40 7 135
40 7 136
40 7 137
40 7 138
40 7 139
40 7 140
40 7 141
40 7 142
40 7 143
40 7 144
40 7 145
40 7 146
40 7 147
40 7 148
40 7 149
40 7 150
40 7 151
40 7 152
40 7 153
40 7 154
40 7 155
40 7 156
40 7 157
40 7 158
40 7 159
40 7 160
40 7 161
40 7 162
40 7 163
40 7 164
40 7 165
40 7 166
40 7 167
40 7 168
40 7 169
40 7 170
40 7 171
40 7 172
40 7 173
40 7 174
40 7 175
40 7 176
40 7 177
40 7 178
40 7 179
40 7 180
40 7 181
40 7 182
40 7 183
40 7 184
40 7 185
40 7 186
40 7 187
40 7 188
40 7 189
40 7 190
40 7 191
40 7 192
40 7 193
40 7 194
40 7 195
40 7 196
40 7 197
40 7 198
40 7 199
40 7 200
40 7 201
40 7 202
40 7 203
40 7 204
40 7 205
40 7 206
40 7 207
40 7 208
40 7 209
40 7 210
40 7 211
40 7 212
40 7 213
40 7 214
40 7 215
40 7 216
40 7 217
40 7 218
40 7 219
40 7 220
40 7 221
40 7 222
40 7 223
40 7 224
40 7 225
40 7 226
40 7 227
40 7 228
40 7 229
40 7 230
40 7 231
40 7 232
40 7 233
40 7 234
40 7 235
40 7 236
40 7 237
40 7 238
40 7 239
40 7 240
40 7 241
40 7 242
40 7 243
40 7 244
40 7 245
40 7 246
40 7 247
40 7 248
40 7 249
40 7 250
40 7 251
40 7 252
40 7 253
40 7 254
40 7 255
40 7 256
40 7 257
40 7 258
40 7 259
40 7 260
40 7 261
40 7 262
40 7 263
40 7 264
40 7 265
40 7 266
40 7 267
40 7 268
40 7 269
40 7 270
40 7 271
40 7 272
40 7 273
40 7 274
40 7 275
40 7 276
40 7 277
40 7 278
40 7 279
40 7 280
40 7 281
40 7 282
40 7 283
40 7 284
40 7 285
40 7 286
40 7 287
40 7 288
40 7 289
40 7 290
40 7 291
40 7 292
40 7 293
40 7 294
40 7 295
40 7 296
40 7 297
40 7 298
40 7 299
40 7 300
40 7 301
40 7 302
40 7 303
40 7 304
40 7 305
40 7 306
40 7 307
40 7 308
40 7 309
40 7 310
40 7 311
40 7 312
40 7 313
40 7 314
40 7 315
40 7 316
40 7 317
40 7 318
40 7 319
40 7 320
40 7 321
40 7 322
40 7 323
40 7 324
40 7 325
40 7 326
40 7 327
40 7 328
40 7 329
40 7 330
40 7 331
40 7 332
40 7 333
40 7 334
40 7 335
40 7 336
40 7 337
40 7 338
40 7 339
40 7 340
40 7 341
40 7 342
40 7 343
40 7 344
40 7 345
40 7 346
40 7 347
40 7 348
40 7 349
40 7 350
40 7 351
40 7 352
40 7 353
40 7 354
40 7 355
40 7 356
40 7 357
40 7 358
40 7 359
40 7 360
40 7 361
40 7 362
40 7 363
40 7 364
40 7 365
40 7 366
40 7 367
40 7 368
40 7 369
40 7 370
40 7 371
40 7 372
40 7 373
40 7 374
40 7 375
40 7 376
40 7 377
40 7 378
40 7 379
40 7 380
40 7 381
40 7 382
40 7 383
40 7 384
40 7 385
40 7 386
40 7 387
40 7 388
40 7 389
40 7 390
40 7 391
40 7 392
40 7 393
40 7 394
40 7 395
40 7 396
40 7 397
40 7 398
40 7 399
40 7 400
40 7 401
40 7 402
40 7 403
40 7 404
40 7 405
40 7 406
40 7 407
40 7 408
40 7 409
40 7 410
40 7 411
40 7 412
40 7 413
40 7 414
40 7 415
40 7 416
40 7 417
40 7 418
40 7 419
40 7 420
40 7 421
40 7 422
40 7 423
40 7 424
40 7 425
40 7 426
40 7 427
40 7 428
40 7 429
40 7 430
40 7 431
40 7 432
40 7 433
40 7 434
40 7 435
40 7 436
40 7 437
40 7 438
40 7 439
40 7 440
40 7 441
40 7 442
40 7 443
40 7 444
40 7 445
40 7 446
40 7 447
40 7 448
40 7 449
40 7 450
40 7 451
40 7 452
40 7 453
40 7 454
40 7 455
40 7 456
40 7 457
40 7 458
40 7 459
40 7 460
40 7 461
40 7 462
40 7 463
40 7 464
40 7 465
40 7 466
40 7 467
40 7 468
40 7 469
40 7 470
40 7 471
40 7 472
40 7 473
40 7 474
40 7 475
40 7 476
40 7 477
40 7 478
40 7 479
40 7 480
40 7 481
40 7 482
40 7 483
40 7 484
40 7 485
40 7 486
40 7 487
40 7 488
40 7 489
40 7 490
40 7 491
40 7 492
40 7 493
40 7 494
40 7 495
40 7 496
40 7 497
40 7 498
40 7 499
40 7 500
40 7 501
40 7 502
40 7 503
40 7 504
40 7 505
40 7 506
40 7 507
40 7 508
40 7 509
40 7 510
40 7 511
40 7 512
40 7 513
40 7 514
40 7 515
40 7 516
40 7 517
40 7 518
40 7 519
40 7 520
40 7 521
40 7 522
40 7 523
40 7 524
40 7 525
40 7 526
40 7 527
40 7 528
40 7 529
40 7 530
40 7 531
40 7 532
40 7 533
40 7 534
40 7 535
40 7 536
40 7 537
40 7 538
40 7 539
40 7 540
40 7 541
40 7 542
40 7 543
40 7 544
40 7 545
40 7 546
40 7 547
40 7 548
40 7 549
40 7 550
40 7 551
40 7 552
40 7 553
40 7 554
40 7 555
40 7 556
40 7 557
40 7 558
40 7 559
40 7 560
40 7 561
40 7 562
40 7 563
40 7 564
40 7 565
40 7 566
40 7 567
40 7 568
40 7 569
40 7 570
40 7 571
40 7 572
40 7 573
40 7 574
40 7 575
40 7 576
40 7 577
40 7 578
40 7 579
40 7 580
40 7 581
40 7 582
40 7 583
40 7 584
40 7 585
40 7 586
40 7 587
40 7 588
40 7 589
40 7 590
40 7 591
40 7 592
40 7 593
40 7 594
40 7 595
40 7 596
40 7 597
40 7 598
40 7 599
40 7 600
40 7 601
40 7 602
40 7 603
40 7 604
40 7 605
40 7 606
40 7 607
40 7 608
40 7 609
40 7 610
40 7 611
40 7 612
40 7 613
40 7 614
40 7 615
40 7 616
40 7 617
40 7 618
40 7 619
40 7 620
40 7 621
40 7 622
40 7 623
40 7 624
40 7 625
40 7 626
40 7 627
40 7 628
40 7 629
40 7 630
40 7 631
40 7 632
40 7 633
40 7 634
40 7 635
40 7 636
40 7 637
40 7 638
40 7 639
40 7 640
40 7 641
40 7 642
40 7 643
40 7 644
40 7 645
40 7 646
40 7 647
40 7 648
40 7 649
40 7 650
40 7 651
40 7 652
40 7 653
40 7 654
40 7 655
40 7 656
40 7 657
40 7 658
40 7 659
40 7 660
40 7 661
40 7 662
40 7 663
40 7 664
40 7 665
40 7 666
40 7 667
40 7 668
40 7 669
40 7 670
40 7 671
40 7 672
40 7 673
40 7 674
40 7 675
40 7 676
40 7 677
40 7 678
40 7 679
40 7 680
40 7 681
40 7 682
40 7 683
40 7 684
40 7 685
40 7 686
40 7 687
40 7 688
40 7 689
40 7 690
40 7 691
40 7 692
40 7 693
40 7 694
40 7 695
40 7 696
40 7 697
40 7 698
40 7 699
40 7 700
40 7 701
40 7 702
40 7 703
40 7 704
40 7 705
40 7 706
40 7 707
40 7 708
40 7 709
40 7 710
40 7 711
40 7 712
40 7 713
40 7 714
40 7 715
40 7 716
40 7 717
40 7 718
40 7 719
40 7 720
40 7 721
40 7 722
40 7 723
40 7 724
40 7 725
40 7 726
40 7 727
40 7 728
40 7 729
40 7 730
40 7 731
40 7 732
40 7 733
40 7 734
40 7 735
40 7 736
40 7 737
40 7 738
40 7 739
40 7 740
40 7 741
40 7 742
40 7 743
40 7 744
40 7 745
40 7 746
40 7 747
40 7 748
40 7 749
40 7 750
40 7 751
40 7 752
40 7 753
40 7 754
40 7 755
40 7 756
40 7 757
40 7 758
40 7 759
40 7 760
40 7 761
40 7 762
40 7 763
40 7 764
40 7 765
40 7 766
40 7 767
40 7 768
40 7 769
40 7 770
40 7 771
40 7 772
40 7 773
40 7 774
40 7 775
40 7 776
40 7 777
40 7 778
40 7 779
40 7 780
40 7 781
40 7 782
40 7 783
40 7 784
40 7 785
40 7 786
40 7 787
40 7 788
40 7 789
40 7 790
40 7 791
40 7 792
40 7 793
40 7 794
40 7 795
40 7 796
40 7 797
40 7 798
40 7 799
40 7 800
40 7 801
40 7 802
40 7 803
40 7 804
40 7 805
40 7 806
40 7 807
40 7 808
40 7 809
40 7 810
40 7 811
40 7 812
40 7 813
40 7 814
40 7 815
40 7 816
40 7 817
40 7 818
40 7 819
40 7 820
40 7 821
40 7 822
40 7 823
40 7 824
40 7 825
40 7 826
40 7 827
40 7 828
40 7 829
40 7 830
40 7 831
40 7 832
40 7 833
40 7 834
40 7 835
40 7 836
40 7 837
40 7 838
40 7 839
40 7 840
40 7 841
40 7 842
40 7 843
40 7 844
40 7 845
40 7 846
40 7 847
40 7 848
40 7 849
40 7 850
40 7 851
40 7 852
40 7 853
40 7 854
40 7 855
40 7 856
40 7 857
40 7 858
40 7 859
40 7 860
40 7 861
40 7 862
40 7 863
40 7 864
40 7 865
40 7 866
40 7 867
40 7 868
40 7 869
40 7 870
40 7 871
40 7 872
40 7 873
40 7 874
40 7 875
40 7 876
40 7 877
40 7 878
40 7 879
40 7 880
40 7 881
40 7 882
40 7 883
40 7 884
40 7 885
40 7 886
40 7 887
40 7 888
40 7 889
40 7 890
40 7 891
40 7 892
40 7 893
40 7 894
40 7 895
40 7 896
40 7 897
40 7 898
40 7 899
40 7 900
40 7 901
40 7 902
40 7 903
40 7 904
40 7 905
40 7 906
40 7 907
40 7 908
40 7 909
40 7 910
40 7 911
40 7 912
40 7 913
40 7 914
40 7 915
40 7 916
40 7 917
40 7 918
40 7 919
40 7 920
40 7 921
40 7 922
40 7 923
40 7 924
40 7 925
40 7 926
40 7 927
40 7 928
40 7 929
40 7 930
40 7 931
40 7 932
40 7 933
40 7 934
40 7 935
40 7 936
40 7 937
40 7 938
40 7 939
40 7 940
40 7 941
40 7 942
40 7 943
40 7 944
40 7 945
40 7 946
40 7 947
40 7 948
40 7 949
40 7 950
40 7 951
40 7 952
40 7 953
40 7 954
40 7 955
40 7 956
40 7 957
40 7 958
40 7 959
40 7 960
40 7 961
40 7 962
40 7 963
40 7 964
40 7 965
40 7 966
40 7 967
40 7 968
40 7 969
40 7 970
40 7 971
40 7 972
40 7 973
40 7 974
40 7 975
40 7 976
40 7 977
40 7 978
40 7 979
40 7 980
40 7 981
40 7 982
40 7 983
40 7 984
40 7 985
40 7 986
40 7 987
40 7 988
40 7 989
40 7 990
40 7 991
40 7 992
40 7 993
40 7 994
40 7 995
40 7 996
40 7 997
40 7 998
40 7 999
40 7 1000
40 7 1001
40 7 1002
40 7 1003
40 7 1004
40 7 1005
40 7 1006
40 7 1007
40 7 1008
40 7 1009
40 7 1010
40 7 1011
40 7 1012
40 7 1013
40 7 1014
40 7 1015
40 7 1016
40 7 1017
40 7 1018
40 7 1019
40 7 1020
40 7 1021
40 7 1022
40 7 1023
40 7 1024
40 7 1025
40 7 1026
40 7 1027
40 7 1028
40 7 1029
40 7 1030
40 7 1031
40 7 1032
40 7 1033
40 7 1034
40 7 1035
40 7 1036
40 7 1037
40 7 1038
40 7 1039
40 7 1040
40 7 1041
40 7 1042
40 7 1043
40 7 1044
40 7 1045
40 7 1046
40 7 1047
40 7 1048
40 7 1049
40 7 1050
40 7 1051
40 7 1052
40 7 1053
40 7 1054
40 7 1055
40 7 1056
40 7 1057
40 7 1058
40 7 1059
40 7 1060
40 7 1061
40 7 1062
40 7 1063
40 7 1064
40 7 1065
40 7 1066
40 7 1067
40 7 1068
40 7 1069
40 7 1070
40 7 1071
40 7 1072
40 7 1073
40 7 1074
40 7 1075
40 7 1076
40 7 1077
40 7 1078
40 7 1079
40 7 1080
40 7 1081
40 7 1082
40 7 1083
40 7 1084
40 7 1085
40 7 1086
40 7 1087
40 7 1088
40 7 1089
40 7 1090
40 7 1091
40 7 1092
40 7 1093
40 7 1094
40 7 1095
40 7 1096
40 7 1097
40 7 1098
40 7 1099
40 7 1100
40 7 1101
40 7 1102
40 7 1103
40 7 1104
40 7 1105
40 7 1106
40 7 1107
40 7 1108
40 7 1109
40 7 1110
40 7 1111
40 7 1112
40 7 1113
40 7 1114
40 7 1115
40 7 1116
40 7 1117
40 7 1118
40 7 1119
40 7 1120
40 7 1121
40 7 1122
40 7 1123
40 7 1124
40 7 1125
40 7 1126
40 7 1127
40 7 1128
40 7 1129
40 7 1130
40 7 1131
40 7 1132
40 7 1133
40 7 1134
40 7 1135
40 7 1136
40 7 1137
40 7 1138
40 7 1139
40 7 1140
40 7 1141
40 7 1142
40 7 1143
40 7 1144
40 7 1145
40 7 1146
40 7 1147
40 7 1148
40 7 1149
40 7 1150
40 7 1151
40 7 1152
40 7 1153
40 7 1154
40 7 1155
40 7 1156
40 7 1157
40 7 1158
40 7 1159
40 7 1160
40 7 1161
40 7 1162
40 7 1163
40 7 1164
40 7 1165
40 7 1166
40 7 1167
40 7 1168
40 7 1169
40 7 1170
40 7 1171
40 7 1172
40 7 1173
40 7 1174
40 7 1175
40 7 1176
40 7 1177
40 7 1178
40 7 1179
40 7 1180
40 7 1181
40 7 1182
40 7 1183
40 7 1184
40 7 1185
40 7 1186
40 7 1187
40 7 1188
40 7 1189
40 7 1190
40 7 1191
40 7 1192
40 7 1193
40 7 1194
40 7 1195
40 7 1196
40 7 1197
40 7 1198
40 7 1199
40 7 1200
40 7 1201
40 7 1202
40 7 1203
40 7 1204
40 7 1205
40 7 1206
40 7 1207
40 7 1208
40 7 1209
40 7 1210
40 7 1211
40 7 1212
40 7 1213
40 7 1214
40 7 1215
40 7 1216
40 7 1217
40 7 1218
40 7 1219
40 7 1220
40 7 1221
40 7 1222
40 7 1223
40 7 1224
40 7 1225
40 7 1226
40 7 1227
40 7 1228
40 7 1229
40 7 1230
40 7 1231
40 7 1232
40 7 1233
40 7 1234
40 7 1235
40 7 1236
40 7 1237
40 7 1238
40 7 1239
40 7 1240
40 7 1241
40 7 1242
40 7 1243
40 7 1244
40 7 1245
40 7 1246
40 7 1247
40 7 1248
40 7 1249
40 7 1250
40 7 1251
40 7 1252
40 7 1253
40 7 1254
40 7 1255
40 7 1256
40 7 1257
40 7 1258
40 7 1259
40 7 1260
40 7 1261
40 7 1262
40 7 1263
40 7 1264
40 7 1265
40 7 1266
40 7 1267
40 7 1268
40 7 1269
40 7 1270
40 7 1271
40 7 1272
40 7 1273
40 7 1274
40 7 1275
40 7 1276
40 7 1277
40 7 1278
40 7 1279
40 7 1280
40 7 1281
40 7 1282
40 7 1283
40 7 1284
40 7 1285
40 7 1286
40 7 1287
40 7 1288
40 7 1289
40 7 1290
40 7 1291
40 7 1292
40 7 1293
40 7 1294
40 7 1295
40 7 1296
40 7 1297
40 7 1298
40 7 1299
40 7 1300
40 7 1301
40 7 1302
40 7 1303
40 7 1304
40 7 1305
40 7 1306
40 7 1307
40 7 1308
40 7 1309
40 7 1310
40 7 1311
40 7 1312
40 7 1313
40 7 1314
40 7 1315
40 7 1316
40 7 1317
40 7 1318
40 7 1319
40 7 1320
40 7 1321
40 7 1322
40 7 1323
40 7 1324
40 7 1325
40 7 1326
40 7 1327
40 7 1328
40 7 1329
40 7 1330
40 7 1331
40 7 1332
40 7 1333
40 7 1334
40 7 1335
40 7 1336
40 7 1337
40 7 1338
40 7 1339
40 7 1340
40 7 1341
40 7 1342
40 7 1343
40 7 1344
40 7 1345
40 7 1346
40 7 1347
40 7 1348
40 7 1349
40 7 1350
40 7 1351
40 7 1352
40 7 1353
40 7 1354
40 7 1355
40 7 1356
40 7 1357
40 7 1358
40 7 1359
40 7 1360
40 7 1361
40 7 1362
40 7 1363
40 7 1364
40 7 1365
40 7 1366
40 7 1367
40 7 1368
40 7 1369
40 7 1370
40 7 1371
40 7 1372
40 7 1373
40 7 1374
40 7 1375
40 7 1376
40 7 1377
40 7 1378
40 7 1379
40 7 1380
40 7 1381
40 7 1382
40 7 1383
40 7 1384
40 7 1385
40 7 1386
40 7 1387
40 7 1388
40 7 1389
40 7 1390
40 7 1391
40 7 1392
40 7 1393
40 7 1394
40 7 1395
40 7 1396
40 7 1397
40 7 1398
40 7 1399
40 7 1400
40 7 1401
40 7 1402
40 7 1403
40 7 1404
40 7 1405
40 7 1406
40 7 1407
40 7 1408
40 7 1409
40 7 1410
40 7 1411
40 7 1412
40 7 1413
40 7 1414
40 7 1415
40 7 1416
40 7 1417
40 7 1418
40 7 1419
40 7 1420
40 7 1421
40 7 1422
40 7 1423
40 7 1424
40 7 1425
40 7 1426
40 7 1427
40 7 1428
40 7 1429
40 7 1430
40 7 1431
40 7 1432
40 7 1433
40 7 1434
40 7 1435
40 7 1436
40 7 1437
40 7 1438
40 7 1439
40 7 1440
40 7 1441
40 7 1442
40 7 1443
40 7 1444
40 7 1445
40 7 1446
40 7 1447
40 7 1448
40 7 1449
40 7 1450
40 7 1451
40 7 1452
40 7 1453
40 7 1454
40 7 1455
40 7 1456
40 7 1457
40 7 1458
40 7 1459
40 7 1460
40 7 1461
40 7 1462
40 7 1463
40 7 1464
40 7 1465
40 7 1466
40 7 1467
40 7 1468
40 7 1469
40 7 1470
40 7 1471
40 7 1472
40 7 1473
40 7 1474
40 7 1475
40 7 1476
40 7 1477
40 7 1478
40 7 1479
40 7 1480
40 7 1481
40 7 1482
40 7 1483
40 7 1484
40 7 1485
40 7 1486
40 7 1487
40 7 1488
40 7 1489
40 7 1490
40 7 1491
40 7 1492
40 7 1493
40 7 1494
40 7 1495
40 7 1496
40 7 1497
40 7 1498
40 7 1499
40 7 1500
40 7 1501
40 7 1502
40 7 1503
40 7 1504
40 7 1505
40 7 1506
40 7 1507
40 7 1508
40 7 1509
40 7 1510
40 7 1511
40 7 1512
40 7 1513
40 7 1514
40 7 1515
40 7 1516
40 7 1517
40 7 1518
40 7 1519
40 7 1520
40 7 1521
40 7 1522
40 7 1523
40 7 1524
40 7 1525
40 7 1526
40 7 1527
40 7 1528
40 7 1529
40 7 1530
40 7 1531
40 7 1532
40 7 1533
40 7 1534
40 7 1535
40 7 1536
40 7 1537
40 7 1538
40 7 1539
40 7 1540
40 7 1541
40 7 1542
40 7 1543
40 7 1544
40 7 1545
40 7 1546
40 7 1547
40 7 1548
40 7 1549
40 7 1550
40 7 1551
40 7 1552
40 7 1553
40 7 1554
40 7 1555
40 7 1556
40 7 1557
40 7 1558
40 7 1559
40 7 1560
40 7 1561
40 7 1562
40 7 1563
40 7 1564
40 7 1565
40 7 1566
40 7 1567
40 7 1568
40 7 1569
40 7 1570
40 7 1571
40 7 1572
40 7 1573
40 7 1574
40 7 1575
40 7 1576
40 7 1577
40 7 1578
40 7 1579
40 7 1580
40 7 1581
40 7 1582
40 7 1583
40 7 1584
40 7 1585
40 7 1586
40 7 1587
40 7 1588
40 7 1589
40 7 1590
40 7 1591
40 7 1592
40 7 1593
40 7 1594
40 7 1595
40 7 1596
40 7 1597
40 7 1598
40 7 1599
40 7 1600
40 7 1601
40 7 1602
40 7 1603
40 7 1604
40 7 1605
40 7 1606
40 7 1607
40 7 1608
40 7 1609
40 7 1610
40 7 1611
40 7 1612
40 7 1613
40 7 1614
40 7 1615
40 7 1616
40 7 1617
40 7 1618
40 7 1619
40 7 1620
40 7 1621
40 7 1622
40 7 1623
40 7 1624
40 7 1625
40 7 1626
40 7 1627
40 7 1628
40 7 1629
40 7 1630
40 7 1631
40 7 1632
40 7 1633
40 7 1634
40 7 1635
40 7 1636
40 7 1637
40 7 1638
40 7 1639
40 7 1640
40 7 1641
40 7 1642
40 7 1643
40 7 1644
40 7 1645
40 7 1646
40 7 1647
40 7 1648
40 7 1649
40 7 1650
40 7 1651
40 7 1652
40 7 1653
40 7 1654
40 7 1655
40 7 1656
40 7 1657
40 7 1658
40 7 1659
40 7 1660
40 7 1661
40 7 1662
40 7 1663
40 7 1664
40 7 1665
40 7 1666
40 7 1667
40 7 1668
40 7 1669
40 7 1670
40 7 1671
40 7 1672
40 7 1673
40 7 1674
40 7 1675
40 7 1676
40 7 1677
40 7 1678
40 7 1679
40 7 1680
40 7 1681
40 7 1682
40 7 1683
40 7 1684
40 7 1685
40 7 1686
40 7 1687
40 7 1688
40 7 1689
40 7 1690
40 7 1691
40 7 1692
40 7 1693
40 7 1694
40 7 1695
40 7 1696
40 7 1697
40 7 1698
40 7 1699
40 7 1700
40 7 1701
40 7 1702
40 7 1703
40 7 1704
40 7 1705
40 7 1706
40 7 1707
40 7 1708
40 7 1709
40 7 1710
40 7 1711
40 7 1712
40 7 1713
40 7 1714
40 7 1715
40 7 1716
40 7 1717
40 7 1718
40 7 1719
40 7 1720
40 7 1721
40 7 1722
40 7 1723
40 7 1724
40 7 1725
40 7 1726
40 7 1727
40 7 1728
40 7 1729
40 7 1730
40 7 1731
40 7 1732
40 7 1733
40 7 1734
40 7 1735
40 7 1736
40 7 1737
40 7 1738
40 7 1739
40 7 1740
40 7 1741
40 7 1742
40 7 1743
40 7 1744
40 7 1745
40 7 1746
40 7 1747
40 7 1748
40 7 1749
40 7 1750
40 7 1751
40 7 1752
40 7 1753
40 7 1754
40 7 1755
40 7 1756
40 7 1757
40 7 1758
40 7 1759
40 7 1760
40 7 1761
40 7 1762
40 7 1763
40 7 1764
40 7 1765
40 7 1766
40 7 1767
40 7 1768
40 7 1769
40 7 1770
40 7 1771
40 7 1772
40 7 1773
40 7 1774
40 7 1775
40 7 1776
40 7 1777
40 7 1778
40 7 1779
40 7 1780
40 7 1781
40 7 1782
40 7 1783
40 7 1784
40 7 1785
40 7 1786
40 7 1787
40 7 1788
40 7 1789
40 7 1790
40 7 1791
40 7 1792
40 7 1793
40 7 1794
40 7 1795
40 7 1796
40 7 1797
40 7 1798
40 7 1799
40 7 1800
40 7 1801
40 7 1802
40 7 1803
40 7 1804
40 7 1805
40 7 1806
40 7 1807
40 7 1808
40 7 1809
40 7 1810
40 7 1811
40 7 1812
40 7 1813
40 7 1814
40 7 1815
40 7 1816
40 7 1817
40 7 1818
40 7 1819
40 7 1820
40 7 1821
40 7 1822
40 7 1823
40 7 1824
40 7 1825
40 7 1826
40 7 1827
40 7 1828
40 7 1829
40 7 1830
40 7 1831
40 7 1832
40 7 1833
40 7 1834
40 7 1835
40 7 1836
40 7 1837
40 7 1838
40 7 1839
40 7 1840
40 7 1841
40 7 1842
40 7 1843
40 7 1844
40 7 1845
40 7 1846
40 7 1847
40 7 1848
40 7 1849
40 7 1850
40 7 1851
40 7 1852
40 7 1853
40 7 1854
40 7 1855
40 7 1856
40 7 1857
40 7 1858
40 7 1859
40 7 1860
40 7 1861
40 7 1862
40 7 1863
40 7 1864
40 7 1865
40 7 1866
40 7 1867
40 7 1868
40 7 1869
40 7 1870
40 7 1871
40 7 1872
40 7 1873
40 7 1874
40 7 1875
40 7 1876
40 7 1877
40 7 1878
40 7 1879
40 7 1880
40 7 1881
40 7 1882
40 7 1883
40 7 1884
40 7 1885
40 7 1886
40 7 1887
40 7 1888
40 7 1889
40 7 1890
40 7 1891
40 7 1892
40 7 1893
40 7 1894
40 7 1895
40 7 1896
40 7 1897
40 7 1898
40 7 1899
40 7 1900
40 7 1901
40 7 1902
40 7 1903
40 7 1904
40 7 1905
40 7 1906
40 7 1907
40 7 1908
40 7 1909
40 7 1910
40 7 1911
40 7 1912
40 7 1913
40 7 1914
40 7 1915
40 7 1916
40 7 1917
40 7 1918
40 7 1919
40 7 1920
40 7 1921
40 7 1922
40 7 1923
40 7 1924
40 7 1925
40 7 1926
40 7 1927
40 7 1928
40 7 1929
40 7 1930
40 7 1931
40 7 1932
40 7 1933
40 7 1934
40 7 1935
40 7 1936
40 7 1937
40 7 1938
40 7 1939
40 7 1940
40 7 1941
40 7 1942
40 7 1943
40 7 1944
40 7 1945
40 7 1946
40 7 1947
40 7 1948
40 7 1949
40 7 1950
40 7 1951
40 7 1952
40 7 1953
40 7 1954
40 7 1955
40 7 1956
40 7 1957
40 7 1958
40 7 1959
40 7 1960
40 7 1961
40 7 1962
40 7 1963
40 7 1964
40 7 1965
40 7 1966
40 7 1967
40 7 1968
40 7 1969
40 7 1970
40 7 1971
40 7 1972
40 7 1973
40 7 1974
40 7 1975
40 7 1976
40 7 1977
40 7 1978
40 7 1979
40 7 1980
40 7 1981
40 7 1982
40 7 1983
40 7 1984
40 7 1985
40 7 1986
40 7 1987
40 7 1988
40 7 1989
40 7 1990
40 7 1991
40 7 1992
40 7 1993
40 7 1994
40 7 1995
40 7 1996
40 7 1997
40 7 1998
40 7 1999
40 7 2000
40 7 2001
40 7 2002
40 7 2003
40 7 2004
40 7 2005
40 7 2006
40 7 2007
40 7 2008
40 7 2009
40 7 2010
40 7 2011
40 7 2012
40 7 2013
40 7 2014
40 7 2015
40 7 2016
40 7 2017
40 7 2018
40 7 2019
40 7 2020
40 7 2021
40 7 2022
40 7 2023
40 7 2024
40 7 2025
40 7 2026
40 7 2027
40 7 2028
40 7 2029
40 7 2030
40 7 2031
40 7 2032
40 7 2033
40 7 2034
40 7 2035
40 7 2036
40 7 2037
40 7 2038
40 7 2039
40 7 2040
40 7 2041
40 7 2042
40 7 2043
40 7 2044
40 7 2045
40 7 2046
40 7 2047
40 7 2048
40 7 2049
40 7 2050
40 7 2051
40 7 2052
40 7 2053
40 7 2054
40 7 2055
40 7 2056
40 7 2057
40 7 2058
40 7 2059
40 7 2060
40 7 2061
40 7 2062
40 7 2063
40 7 2064
40 7 2065
40 7 2066
40 7 2067
40 7 2068
40 7 2069
40 7 2070
40 7 2071
40 7 2072
40 7 2073
40 7 2074
40 7 2075
40 7 2076
40 7 2077
40 7 2078
40 7 2079
40 7 2080
40 7 2081
40 7 2082
40 7 2083
40 7 2084
40 7 2085
40 7 2086
40 7 2087
40 7 2088
40 7 2089
40 7 2090
40 7 2091
40 7 2092
40 7 2093
40 7 2094
40 7 2095
40 7 2096
40 7 2097
40 7 2098
40 7 2099
40 7 2100
40 7 2101
40 7 2102
40 7 2103
40 7 2104
40 7 2105
40 7 2106
40 7 2107
40 7 2108
40 7 2109
40 7 2110
40 7 2111
40 7 2112
40 7 2113
40 7 2114
40 7 2115
40 7 2116
40 7 2117
40 7 2118
40 7 2119
40 7 2120
40 7 2121
40 7 2122
40 7 2123
40 7 2124
40 7 2125
40 7 2126
40 7 2127
40 7 2128
40 7 2129
40 7 2130
40 7 2131
40 7 2132
40 7 2133
40 7 2134
40 7 2135
40 7 2136
40 7 2137
40 7 2138
40 7 2139
40 7 2140
40 7 2141
40 7 2142
40 7 2143
40 7 2144
40 7 2145
40 7 2146
40 7 2147
40 7 2148
40 7 2149
40 7 2150
40 7 2151
40 7 2152
40 7 2153
40 7 2154
40 7 2155
40 7 2156
40 7 2157
40 7 2158
40 7 2159
40 7 2160
40 7 2161
40 7 2162
40 7 2163
40 7 2164
40 7 2165
40 7 2166
40 7 2167
40 7 2168
40 7 2169
40 7 2170
40 7 2171
40 7 2172
40 7 2173
40 7 2174
40 7 2175
40 7 2176
40 7 2177
40 7 2178
40 7 2179
40 7 2180
40 7 2181
40 7 2182
40 7 2183
40 7 2184
40 7 2185
40 7 2186
40 7 2187
40 7 2188
40 7 2189
40 7 2190
40 7 2191
40 7 2192
40 7 2193
40 7 2194
40 7 2195
40 7 2196
40 7 2197
40 7 2198
40 7 2199
40 7 2200
40 7 2201
40 7 2202
40 7 2203
40 7 2204
40 7 2205
40 7 2206
40 7 2207
40 7 2208
40 7 2209
40 7 2210
40 7 2211
40 7 2212
40 7 2213
40 7 2214
40 7 2215
40 7 2216
40 7 2217
40 7 2218
40 7 2219
40 7 2220
40 7 2221
40 7 2222
40 7 2223
40 7 2224
40 7 2225
40 7 2226
40 7 2227
40 7 2228
40 7 2229
40 7 2230
40 7 2231
40 7 2232
40 7 2233
40 7 2234
40 7 2235
40 7 2236
40 7 2237
40 7 2238
40 7 2239
40 7 2240
40 7 2241
40 7 2242
40 7 2243
40 7 2244
40 7 2245
40 7 2246
40 7 2247
40 7 2248
40 7 2249
40 7 2250
40 7 2251
40 7 2252
40 7 2253
40 7 2254
40 7 2255
40 7 2256
40 7 2257
40 7 2258
40 7 2259
40 7 2260
40 7 2261
40 7 2262
40 7 2263
40 7 2264
40 7 2265
40 7 2266
40 7 2267
40 7 2268
40 7 2269
40 7 2270
40 7 2271
40 7 2272
40 7 2273
40 7 2274
40 7 2275
40 7 2276
40 7 2277
40 7 2278
40 7 2279
40 7 2280
40 7 2281
40 7 2282
40 7 2283
40 7 2284
40 7 2285
40 7 2286
40 7 2287
40 7 2288
40 7 2289
40 7 2290
40 7 2291
40 7 2292
40 7 2293
40 7 2294
40 7 2295
40 7 2296
40 7 2297
40 7 2298
40 7 2299
40 7 2300
40 7 2301
40 7 2302
40 7 2303
40 7 2304
40 7 2305
40 7 2306
40 7 2307
40 7 2308
40 7 2309
40 7 2310
40 7 2311
40 7 2312
40 7 2313
40 7 2314
40 7 2315
40 7 2316
40 7 2317
40 7 2318
40 7 2319
40 7 2320
40 7 2321
40 7 2322
40 7 2323
40 7 2324
40 7 2325
40 7 2326
40 7 2327
40 7 2328
40 7 2329
40 7 2330
40 7 2331
40 7 2332
40 7 2333
40 7 2334
40 7 2335
40 7 2336
40 7 2337
40 7 2338
40 7 2339
40 7 2340
40 7 2341
40 7 2342
40 7 2343
40 7 2344
40 7 2345
40 7 2346
40 7 2347
40 7 2348
40 7 2349
40 7 2350
40 7 2351
40 7 2352
40 7 2353
40 7 2354
40 7 2355
40 7 2356
40 7 2357
40 7 2358
40 7 2359
40 7 2360
40 7 2361
40 7 2362
40 7 2363
40 7 2364
40 7 2365
40 7 2366
40 7 2367
40 7 2368
40 7 2369
40 7 2370
40 7 2371
40 7 2372
40 7 2373
40 7 2374
40 7 2375
40 7 2376
40 7 2377
40 7 2378
40 7 2379
40 7 2380
40 7 2381
40 7 2382
40 7 2383
40 7 2384
40 7 2385
40 7 2386
40 7 2387
40 7 2388
40 7 2389
40 7 2390
40 7 2391
40 7 2392
40 7 2393
40 7 2394
40 7 2395
40 7 2396
40 7 2397
40 7 2398
40 7 2399
40 7 2400
40 7 2401
40 7 2402
40 7 2403
40 7 2404
40 7 2405
40 7 2406
40 7 2407
40 7 2408
40 7 2409
40 7 2410
40 7 2411
40 7 2412
40 7 2413
40 7 2414
40 7 2415
40 7 2416
40 7 2417
40 7 2418
40 7 2419
40 7 2420
40 7 2421
40 7 2422
40 7 2423
40 7 2424
40 7 2425
40 7 2426
40 7 2427
40 7 2428
40 7 2429
40 7 2430
40 7 2431
40 7 2432
40 7 2433
40 7 2434
40 7 2435
40 7 2436
40 7 2437
40 7 2438
40 7 2439
40 7 2440
40 7 2441
40 7 2442
40 7 2443
40 7 2444
40 7 2445
40 7 2446
40 7 2447
40 7 2448
40 7 2449
40 7 2450
40 7 2451
40 7 2452
40 7 2453
40 7 2454
40 7 2455
40 7 2456
40 7 2457
