20 34 1
20 34 2
20 34 3
20 34 4
20 34 5
20 34 6
20 34 7
20 34 8
20 34 9
20 34 10
20 34 11
20 34 12
20 34 13
20 34 14
20 34 15
20 34 16
20 34 17
20 34 18
20 34 19
20 34 20
20 34 21
20 34 22
20 34 23
20 34 24
20 34 25
20 34 26
20 34 27
20 34 28
20 34 29
20 34 30
20 34 31
20 34 32
20 34 33
20 34 34
20 34 35
20 34 36
20 34 37
20 34 38
20 34 39
20 34 40
20 34 41
20 34 42
20 34 43
20 34 44
20 34 45
20 34 46
20 34 47
20 34 48
20 34 49
20 34 50
20 34 51
20 34 52
20 34 53
20 34 54
20 34 55
20 34 56
20 34 57
20 34 58
20 34 59
20 34 60
20 34 61
20 34 62
20 34 63
20 34 64
20 34 65
20 34 66
20 34 67
20 34 68
20 34 69
20 34 70
20 34 71
20 34 72
20 34 73
20 34 74
20 34 75
20 34 76
20 34 77
20 34 78
20 34 79
20 34 80
20 34 81
20 34 82
20 34 83
20 34 84
20 34 85
20 34 86
20 34 87
20 34 88
20 34 89
20 34 90
20 34 91
20 34 92
20 34 93
20 34 94
20 34 95
20 34 96
20 34 97
20 34 98
20 34 99
20 34 100
20 34 101
20 34 102
20 34 103
20 34 104
20 34 105
20 34 106
20 34 107
20 34 108
20 34 109
20 34 110
20 34 111
20 34 112
20 34 113
20 34 114
20 34 115
20 34 116
20 34 117
20 34 118
20 34 119
20 34 120
20 34 121
20 34 122
20 34 123
20 34 124
20 34 125
20 34 126
20 34 127
20 34 128
20 34 129
20 34 130
20 34 131
20 34 132
20 34 133
20 34 134
20 34 135
20 34 136
20 34 137
20 34 138
20 34 139
20 34 140
20 34 141
20 34 142
20 34 143
20 34 144
20 34 145
20 34 146
20 34 147
20 34 148
20 34 149
20 34 150
20 34 151
20 34 152
20 34 153
20 34 154
20 34 155
20 34 156
20 34 157
20 34 158
20 34 159
20 34 160
20 34 161
20 34 162
20 34 163
20 34 164
20 34 165
20 34 166
20 34 167
20 34 168
20 34 169
20 34 170
20 34 171
20 34 172
20 34 173
20 34 174
20 34 175
20 34 176
20 34 177
20 34 178
20 34 179
20 34 180
20 34 181
20 34 182
20 34 183
20 34 184
20 34 185
20 34 186
20 34 187
20 34 188
20 34 189
20 34 190
20 34 191
20 34 192
20 34 193
20 34 194
20 34 195
20 34 196
20 34 197
20 34 198
20 34 199
20 34 200
20 34 201
20 34 202
20 34 203
20 34 204
20 34 205
20 34 206
20 34 207
20 34 208
20 34 209
20 34 210
20 34 211
20 34 212
20 34 213
20 34 214
20 34 215
20 34 216
20 34 217
20 34 218
20 34 219
20 34 220
20 34 221
20 34 222
20 34 223
20 34 224
20 34 225
20 34 226
20 34 227
20 34 228
20 34 229
20 34 230
20 34 231
20 34 232
20 34 233
20 34 234
20 34 235
20 34 236
20 34 237
20 34 238
20 34 239
20 34 240
20 34 241
20 34 242
20 34 243
20 34 244
20 34 245
20 34 246
20 34 247
20 34 248
20 34 249
20 34 250
20 34 251
20 34 252
20 34 253
20 34 254
20 34 255
20 34 256
20 34 257
20 34 258
20 34 259
20 34 260
20 34 261
20 34 262
20 34 263
20 34 264
20 34 265
20 34 266
20 34 267
20 34 268
20 34 269
20 34 270
20 34 271
20 34 272
20 34 273
20 34 274
20 34 275
20 34 276
20 34 277
20 34 278
20 34 279
20 34 280
20 34 281
20 34 282
20 34 283
20 34 284
20 34 285
20 34 286
20 34 287
20 34 288
20 34 289
20 34 290
20 34 291
20 34 292
20 34 293
20 34 294
20 34 295
20 34 296
20 34 297
20 34 298
20 34 299
20 34 300
20 34 301
20 34 302
20 34 303
20 34 304
20 34 305
20 34 306
20 34 307
20 34 308
20 34 309
20 34 310
20 34 311
20 34 312
20 34 313
20 34 314
20 34 315
20 34 316
20 34 317
20 34 318
20 34 319
20 34 320
20 34 321
20 34 322
20 34 323
20 34 324
20 34 325
20 34 326
20 34 327
20 34 328
20 34 329
20 34 330
20 34 331
20 34 332
20 34 333
20 34 334
20 34 335
20 34 336
20 34 337
20 34 338
20 34 339
20 34 340
20 34 341
20 34 342
20 34 343
20 34 344
20 34 345
20 34 346
20 34 347
20 34 348
20 34 349
20 34 350
20 34 351
20 34 352
20 34 353
20 34 354
20 34 355
20 34 356
20 34 357
20 34 358
20 34 359
20 34 360
20 34 361
20 34 362
20 34 363
20 34 364
20 34 365
20 34 366
20 34 367
20 34 368
20 34 369
20 34 370
20 34 371
20 34 372
20 34 373
20 34 374
20 34 375
20 34 376
20 34 377
20 34 378
20 34 379
20 34 380
20 34 381
20 34 382
20 34 383
20 34 384
20 34 385
20 34 386
20 34 387
20 34 388
20 34 389
20 34 390
20 34 391
20 34 392
20 34 393
20 34 394
20 34 395
20 34 396
20 34 397
20 34 398
20 34 399
20 34 400
20 34 401
20 34 402
20 34 403
20 34 404
20 34 405
20 34 406
20 34 407
20 34 408
20 34 409
20 34 410
20 34 411
20 34 412
20 34 413
20 34 414
20 34 415
20 34 416
20 34 417
20 34 418
20 34 419
20 34 420
20 34 421
20 34 422
20 34 423
20 34 424
20 34 425
20 34 426
20 34 427
20 34 428
20 34 429
20 34 430
20 34 431
20 34 432
20 34 433
20 34 434
20 34 435
20 34 436
20 34 437
20 34 438
20 34 439
20 34 440
20 34 441
20 34 442
20 34 443
20 34 444
20 34 445
20 34 446
20 34 447
20 34 448
20 34 449
20 34 450
20 34 451
20 34 452
20 34 453
20 34 454
20 34 455
20 34 456
20 34 457
20 34 458
20 34 459
20 34 460
20 34 461
20 34 462
20 34 463
20 34 464
20 34 465
20 34 466
20 34 467
20 34 468
20 34 469
20 34 470
20 34 471
20 34 472
20 34 473
20 34 474
20 34 475
20 34 476
20 34 477
20 34 478
20 34 479
20 34 480
20 34 481
20 34 482
20 34 483
20 34 484
20 34 485
20 34 486
20 34 487
20 34 488
20 34 489
20 34 490
20 34 491
20 34 492
20 34 493
20 34 494
20 34 495
20 34 496
20 34 497
20 34 498
20 34 499
20 34 500
20 34 501
20 34 502
20 34 503
20 34 504
20 34 505
20 34 506
20 34 507
20 34 508
20 34 509
20 34 510
20 34 511
20 34 512
20 34 513
20 34 514
20 34 515
20 34 516
20 34 517
20 34 518
20 34 519
20 34 520
20 34 521
20 34 522
20 34 523
20 34 524
20 34 525
20 34 526
20 34 527
20 34 528
20 34 529
20 34 530
20 34 531
20 34 532
20 34 533
20 34 534
20 34 535
20 34 536
20 34 537
20 34 538
20 34 539
20 34 540
20 34 541
20 34 542
20 34 543
20 34 544
20 34 545
20 34 546
20 34 547
20 34 548
20 34 549
20 34 550
20 34 551
20 34 552
20 34 553
20 34 554
20 34 555
20 34 556
20 34 557
20 34 558
20 34 559
20 34 560
20 34 561
20 34 562
20 34 563
20 34 564
20 34 565
20 34 566
20 34 567
20 34 568
20 34 569
20 34 570
20 34 571
20 34 572
20 34 573
20 34 574
20 34 575
20 34 576
20 34 577
20 34 578
20 34 579
20 34 580
20 34 581
20 34 582
20 34 583
20 34 584
20 34 585
20 34 586
20 34 587
20 34 588
20 34 589
20 34 590
20 34 591
20 34 592
20 34 593
20 34 594
20 34 595
20 34 596
20 34 597
20 34 598
20 34 599
20 34 600
20 34 601
20 34 602
20 34 603
20 34 604
20 34 605
20 34 606
20 34 607
20 34 608
20 34 609
20 34 610
20 34 611
20 34 612
20 34 613
20 34 614
20 34 615
20 34 616
20 34 617
20 34 618
20 34 619
20 34 620
20 34 621
20 34 622
20 34 623
20 34 624
20 34 625
20 34 626
20 34 627
20 34 628
20 34 629
20 34 630
20 34 631
20 34 632
20 34 633
20 34 634
20 34 635
20 34 636
20 34 637
20 34 638
20 34 639
20 34 640
20 34 641
20 34 642
20 34 643
20 34 644
20 34 645
20 34 646
20 34 647
20 34 648
20 34 649
20 34 650
20 34 651
20 34 652
20 34 653
20 34 654
20 34 655
20 34 656
20 34 657
20 34 658
20 34 659
20 34 660
20 34 661
20 34 662
20 34 663
20 34 664
20 34 665
20 34 666
20 34 667
20 34 668
20 34 669
20 34 670
20 34 671
20 34 672
20 34 673
20 34 674
20 34 675
20 34 676
20 34 677
20 34 678
20 34 679
20 34 680
20 34 681
20 34 682
20 34 683
20 34 684
20 34 685
20 34 686
20 34 687
20 34 688
20 34 689
20 34 690
20 34 691
20 34 692
20 34 693
20 34 694
20 34 695
20 34 696
20 34 697
20 34 698
20 34 699
20 34 700
20 34 701
20 34 702
20 34 703
20 34 704
20 34 705
20 34 706
20 34 707
20 34 708
20 34 709
20 34 710
20 34 711
20 34 712
20 34 713
20 34 714
20 34 715
20 34 716
20 34 717
20 34 718
20 34 719
20 34 720
20 34 721
20 34 722
20 34 723
20 34 724
20 34 725
20 34 726
20 34 727
20 34 728
20 34 729
20 34 730
20 34 731
20 34 732
20 34 733
20 34 734
20 34 735
20 34 736
20 34 737
20 34 738
20 34 739
20 34 740
20 34 741
20 34 742
20 34 743
20 34 744
20 34 745
20 34 746
20 34 747
20 34 748
20 34 749
20 34 750
20 34 751
20 34 752
20 34 753
20 34 754
20 34 755
20 34 756
20 34 757
20 34 758
20 34 759
20 34 760
20 34 761
20 34 762
20 34 763
20 34 764
20 34 765
20 34 766
20 34 767
20 34 768
20 34 769
20 34 770
20 34 771
20 34 772
20 34 773
20 34 774
20 34 775
20 34 776
20 34 777
20 34 778
20 34 779
20 34 780
20 34 781
20 34 782
20 34 783
20 34 784
20 34 785
20 34 786
20 34 787
20 34 788
20 34 789
20 34 790
20 34 791
20 34 792
20 34 793
20 34 794
20 34 795
20 34 796
20 34 797
20 34 798
20 34 799
20 34 800
20 34 801
20 34 802
20 34 803
20 34 804
20 34 805
20 34 806
20 34 807
20 34 808
20 34 809
20 34 810
20 34 811
20 34 812
20 34 813
20 34 814
20 34 815
20 34 816
20 34 817
20 34 818
20 34 819
20 34 820
20 34 821
20 34 822
20 34 823
20 34 824
20 34 825
20 34 826
20 34 827
20 34 828
20 34 829
20 34 830
20 34 831
20 34 832
20 34 833
20 34 834
20 34 835
20 34 836
20 34 837
20 34 838
20 34 839
20 34 840
20 34 841
20 34 842
20 34 843
20 34 844
20 34 845
20 34 846
20 34 847
20 34 848
20 34 849
20 34 850
20 34 851
20 34 852
20 34 853
20 34 854
20 34 855
20 34 856
20 34 857
20 34 858
20 34 859
20 34 860
20 34 861
20 34 862
20 34 863
20 34 864
20 34 865
20 34 866
20 34 867
20 34 868
20 34 869
20 34 870
20 34 871
20 34 872
20 34 873
20 34 874
20 34 875
20 34 876
20 34 877
20 34 878
20 34 879
20 34 880
20 34 881
20 34 882
20 34 883
20 34 884
20 34 885
20 34 886
20 34 887
20 34 888
20 34 889
20 34 890
20 34 891
20 34 892
20 34 893
20 34 894
20 34 895
20 34 896
20 34 897
20 34 898
20 34 899
20 34 900
20 34 901
20 34 902
20 34 903
20 34 904
20 34 905
20 34 906
20 34 907
20 34 908
20 34 909
20 34 910
20 34 911
20 34 912
20 34 913
20 34 914
20 34 915
20 34 916
20 34 917
20 34 918
20 34 919
20 34 920
20 34 921
20 34 922
20 34 923
20 34 924
20 34 925
20 34 926
20 34 927
20 34 928
20 34 929
20 34 930
20 34 931
20 34 932
20 34 933
20 34 934
20 34 935
20 34 936
20 34 937
20 34 938
20 34 939
20 34 940
20 34 941
20 34 942
20 34 943
20 34 944
20 34 945
20 34 946
20 34 947
20 34 948
20 34 949
20 34 950
20 34 951
20 34 952
20 34 953
20 34 954
20 34 955
20 34 956
20 34 957
20 34 958
20 34 959
20 34 960
20 34 961
20 34 962
20 34 963
20 34 964
20 34 965
20 34 966
20 34 967
20 34 968
20 34 969
20 34 970
20 34 971
20 34 972
20 34 973
20 34 974
20 34 975
20 34 976
20 34 977
20 34 978
20 34 979
20 34 980
20 34 981
20 34 982
20 34 983
20 34 984
20 34 985
20 34 986
20 34 987
20 34 988
20 34 989
20 34 990
20 34 991
20 34 992
20 34 993
20 34 994
20 34 995
20 34 996
20 34 997
20 34 998
20 34 999
20 34 1000
20 34 1001
20 34 1002
20 34 1003
20 34 1004
20 34 1005
20 34 1006
20 34 1007
20 34 1008
20 34 1009
20 34 1010
20 34 1011
20 34 1012
20 34 1013
20 34 1014
20 34 1015
20 34 1016
20 34 1017
20 34 1018
20 34 1019
20 34 1020
20 34 1021
20 34 1022
20 34 1023
20 34 1024
20 34 1025
20 34 1026
20 34 1027
20 34 1028
20 34 1029
20 34 1030
20 34 1031
20 34 1032
20 34 1033
20 34 1034
20 34 1035
20 34 1036
20 34 1037
20 34 1038
20 34 1039
20 34 1040
20 34 1041
20 34 1042
20 34 1043
20 34 1044
20 34 1045
20 34 1046
20 34 1047
20 34 1048
20 34 1049
20 34 1050
20 34 1051
20 34 1052
20 34 1053
20 34 1054
20 34 1055
20 34 1056
20 34 1057
20 34 1058
20 34 1059
20 34 1060
20 34 1061
20 34 1062
20 34 1063
20 34 1064
20 34 1065
20 34 1066
20 34 1067
20 34 1068
20 34 1069
20 34 1070
20 34 1071
20 34 1072
20 34 1073
20 34 1074
20 34 1075
20 34 1076
20 34 1077
20 34 1078
20 34 1079
20 34 1080
20 34 1081
20 34 1082
20 34 1083
20 34 1084
20 34 1085
20 34 1086
20 34 1087
20 34 1088
20 34 1089
20 34 1090
20 34 1091
20 34 1092
20 34 1093
20 34 1094
20 34 1095
20 34 1096
20 34 1097
20 34 1098
20 34 1099
20 34 1100
20 34 1101
20 34 1102
20 34 1103
20 34 1104
20 34 1105
20 34 1106
20 34 1107
20 34 1108
20 34 1109
20 34 1110
20 34 1111
20 34 1112
20 34 1113
20 34 1114
20 34 1115
20 34 1116
20 34 1117
20 34 1118
20 34 1119
20 34 1120
20 34 1121
20 34 1122
20 34 1123
20 34 1124
20 34 1125
20 34 1126
20 34 1127
20 34 1128
20 34 1129
20 34 1130
20 34 1131
20 34 1132
20 34 1133
20 34 1134
20 34 1135
20 34 1136
20 34 1137
20 34 1138
20 34 1139
20 34 1140
20 34 1141
20 34 1142
20 34 1143
20 34 1144
20 34 1145
20 34 1146
20 34 1147
20 34 1148
20 34 1149
20 34 1150
20 34 1151
20 34 1152
20 34 1153
20 34 1154
20 34 1155
20 34 1156
20 34 1157
20 34 1158
20 34 1159
20 34 1160
20 34 1161
20 34 1162
20 34 1163
20 34 1164
20 34 1165
20 34 1166
20 34 1167
20 34 1168
20 34 1169
20 34 1170
20 34 1171
20 34 1172
20 34 1173
20 34 1174
20 34 1175
20 34 1176
20 34 1177
20 34 1178
20 34 1179
20 34 1180
20 34 1181
20 34 1182
20 34 1183
20 34 1184
20 34 1185
20 34 1186
20 34 1187
20 34 1188
20 34 1189
20 34 1190
20 34 1191
20 34 1192
20 34 1193
20 34 1194
20 34 1195
20 34 1196
20 34 1197
20 34 1198
20 34 1199
20 34 1200
20 34 1201
20 34 1202
20 34 1203
20 34 1204
20 34 1205
20 34 1206
20 34 1207
20 34 1208
20 34 1209
20 34 1210
20 34 1211
20 34 1212
20 34 1213
20 34 1214
20 34 1215
20 34 1216
20 34 1217
20 34 1218
20 34 1219
20 34 1220
20 34 1221
20 34 1222
20 34 1223
20 34 1224
20 34 1225
20 34 1226
20 34 1227
20 34 1228
20 34 1229
20 34 1230
20 34 1231
20 34 1232
20 34 1233
20 34 1234
20 34 1235
20 34 1236
20 34 1237
20 34 1238
20 34 1239
20 34 1240
20 34 1241
20 34 1242
20 34 1243
20 34 1244
20 34 1245
20 34 1246
20 34 1247
20 34 1248
20 34 1249
20 34 1250
20 34 1251
20 34 1252
20 34 1253
20 34 1254
20 34 1255
20 34 1256
20 34 1257
20 34 1258
20 34 1259
20 34 1260
20 34 1261
20 34 1262
20 34 1263
20 34 1264
20 34 1265
20 34 1266
20 34 1267
20 34 1268
20 34 1269
20 34 1270
20 34 1271
20 34 1272
20 34 1273
20 34 1274
20 34 1275
20 34 1276
20 34 1277
20 34 1278
20 34 1279
20 34 1280
20 34 1281
20 34 1282
20 34 1283
20 34 1284
20 34 1285
20 34 1286
20 34 1287
20 34 1288
20 34 1289
20 34 1290
20 34 1291
20 34 1292
20 34 1293
20 34 1294
20 34 1295
20 34 1296
20 34 1297
20 34 1298
20 34 1299
20 34 1300
20 34 1301
20 34 1302
20 34 1303
20 34 1304
20 34 1305
20 34 1306
20 34 1307
20 34 1308
20 34 1309
20 34 1310
20 34 1311
20 34 1312
20 34 1313
20 34 1314
20 34 1315
20 34 1316
20 34 1317
20 34 1318
20 34 1319
20 34 1320
20 34 1321
20 34 1322
20 34 1323
20 34 1324
20 34 1325
20 34 1326
20 34 1327
20 34 1328
20 34 1329
20 34 1330
20 34 1331
20 34 1332
20 34 1333
20 34 1334
20 34 1335
20 34 1336
20 34 1337
20 34 1338
20 34 1339
20 34 1340
20 34 1341
20 34 1342
20 34 1343
20 34 1344
20 34 1345
20 34 1346
20 34 1347
20 34 1348
20 34 1349
20 34 1350
20 34 1351
20 34 1352
20 34 1353
20 34 1354
20 34 1355
20 34 1356
20 34 1357
20 34 1358
20 34 1359
20 34 1360
20 34 1361
20 34 1362
20 34 1363
20 34 1364
20 34 1365
20 34 1366
20 34 1367
20 34 1368
20 34 1369
20 34 1370
20 34 1371
20 34 1372
20 34 1373
20 34 1374
20 34 1375
20 34 1376
20 34 1377
20 34 1378
20 34 1379
20 34 1380
20 34 1381
20 34 1382
20 34 1383
20 34 1384
20 34 1385
20 34 1386
20 34 1387
20 34 1388
20 34 1389
20 34 1390
20 34 1391
20 34 1392
20 34 1393
20 34 1394
20 34 1395
20 34 1396
20 34 1397
20 34 1398
20 34 1399
20 34 1400
20 34 1401
20 34 1402
20 34 1403
20 34 1404
20 34 1405
20 34 1406
20 34 1407
20 34 1408
20 34 1409
20 34 1410
20 34 1411
20 34 1412
20 34 1413
20 34 1414
20 34 1415
20 34 1416
20 34 1417
20 34 1418
20 34 1419
20 34 1420
20 34 1421
20 34 1422
20 34 1423
20 34 1424
20 34 1425
20 34 1426
20 34 1427
20 34 1428
20 34 1429
20 34 1430
20 34 1431
20 34 1432
20 34 1433
20 34 1434
20 34 1435
20 34 1436
20 34 1437
20 34 1438
20 34 1439
20 34 1440
20 34 1441
20 34 1442
20 34 1443
20 34 1444
20 34 1445
20 34 1446
20 34 1447
20 34 1448
20 34 1449
20 34 1450
20 34 1451
20 34 1452
20 34 1453
20 34 1454
20 34 1455
20 34 1456
20 34 1457
20 34 1458
20 34 1459
20 34 1460
20 34 1461
20 34 1462
20 34 1463
20 34 1464
20 34 1465
20 34 1466
20 34 1467
20 34 1468
20 34 1469
20 34 1470
20 34 1471
20 34 1472
20 34 1473
20 34 1474
20 34 1475
20 34 1476
20 34 1477
20 34 1478
20 34 1479
20 34 1480
20 34 1481
20 34 1482
20 34 1483
20 34 1484
20 34 1485
20 34 1486
20 34 1487
20 34 1488
20 34 1489
20 34 1490
20 34 1491
20 34 1492
20 34 1493
20 34 1494
20 34 1495
20 34 1496
20 34 1497
20 34 1498
20 34 1499
20 34 1500
20 34 1501
20 34 1502
20 34 1503
20 34 1504
20 34 1505
20 34 1506
20 34 1507
20 34 1508
20 34 1509
20 34 1510
20 34 1511
20 34 1512
20 34 1513
20 34 1514
20 34 1515
20 34 1516
20 34 1517
20 34 1518
20 34 1519
20 34 1520
20 34 1521
20 34 1522
20 34 1523
20 34 1524
20 34 1525
20 34 1526
20 34 1527
20 34 1528
20 34 1529
20 34 1530
20 34 1531
20 34 1532
20 34 1533
20 34 1534
20 34 1535
20 34 1536
20 34 1537
20 34 1538
20 34 1539
20 34 1540
20 34 1541
20 34 1542
20 34 1543
20 34 1544
20 34 1545
20 34 1546
20 34 1547
20 34 1548
20 34 1549
20 34 1550
20 34 1551
20 34 1552
20 34 1553
20 34 1554
20 34 1555
20 34 1556
20 34 1557
20 34 1558
20 34 1559
20 34 1560
20 34 1561
20 34 1562
20 34 1563
20 34 1564
20 34 1565
20 34 1566
20 34 1567
20 34 1568
20 34 1569
20 34 1570
20 34 1571
20 34 1572
20 34 1573
20 34 1574
20 34 1575
20 34 1576
20 34 1577
20 34 1578
20 34 1579
20 34 1580
20 34 1581
20 34 1582
20 34 1583
20 34 1584
20 34 1585
20 34 1586
20 34 1587
20 34 1588
20 34 1589
20 34 1590
20 34 1591
20 34 1592
20 34 1593
20 34 1594
20 34 1595
20 34 1596
20 34 1597
20 34 1598
20 34 1599
20 34 1600
20 34 1601
20 34 1602
20 34 1603
20 34 1604
20 34 1605
20 34 1606
20 34 1607
20 34 1608
20 34 1609
20 34 1610
20 34 1611
20 34 1612
20 34 1613
20 34 1614
20 34 1615
20 34 1616
20 34 1617
20 34 1618
20 34 1619
20 34 1620
20 34 1621
20 34 1622
20 34 1623
20 34 1624
20 34 1625
20 34 1626
20 34 1627
20 34 1628
20 34 1629
20 34 1630
20 34 1631
20 34 1632
20 34 1633
20 34 1634
20 34 1635
20 34 1636
20 34 1637
20 34 1638
20 34 1639
20 34 1640
20 34 1641
20 34 1642
20 34 1643
20 34 1644
20 34 1645
20 34 1646
20 34 1647
20 34 1648
20 34 1649
20 34 1650
20 34 1651
20 34 1652
20 34 1653
20 34 1654
20 34 1655
20 34 1656
20 34 1657
20 34 1658
20 34 1659
20 34 1660
20 34 1661
20 34 1662
20 34 1663
20 34 1664
20 34 1665
20 34 1666
20 34 1667
20 34 1668
20 34 1669
20 34 1670
20 34 1671
20 34 1672
20 34 1673
20 34 1674
20 34 1675
20 34 1676
20 34 1677
20 34 1678
20 34 1679
20 34 1680
20 34 1681
20 34 1682
20 34 1683
20 34 1684
20 34 1685
20 34 1686
20 34 1687
20 34 1688
20 34 1689
20 34 1690
20 34 1691
20 34 1692
20 34 1693
20 34 1694
20 34 1695
20 34 1696
20 34 1697
20 34 1698
20 34 1699
20 34 1700
20 34 1701
20 34 1702
20 34 1703
20 34 1704
20 34 1705
20 34 1706
20 34 1707
20 34 1708
20 34 1709
20 34 1710
20 34 1711
20 34 1712
20 34 1713
20 34 1714
20 34 1715
20 34 1716
20 34 1717
20 34 1718
20 34 1719
20 34 1720
20 34 1721
20 34 1722
20 34 1723
20 34 1724
20 34 1725
20 34 1726
20 34 1727
20 34 1728
20 34 1729
20 34 1730
20 34 1731
20 34 1732
20 34 1733
20 34 1734
20 34 1735
20 34 1736
20 34 1737
20 34 1738
20 34 1739
20 34 1740
20 34 1741
20 34 1742
20 34 1743
20 34 1744
20 34 1745
20 34 1746
20 34 1747
20 34 1748
20 34 1749
20 34 1750
20 34 1751
20 34 1752
20 34 1753
20 34 1754
20 34 1755
20 34 1756
20 34 1757
20 34 1758
20 34 1759
20 34 1760
20 34 1761
20 34 1762
20 34 1763
20 34 1764
20 34 1765
20 34 1766
20 34 1767
20 34 1768
20 34 1769
20 34 1770
20 34 1771
20 34 1772
20 34 1773
20 34 1774
20 34 1775
20 34 1776
20 34 1777
20 34 1778
20 34 1779
20 34 1780
20 34 1781
20 34 1782
20 34 1783
20 34 1784
20 34 1785
20 34 1786
20 34 1787
20 34 1788
20 34 1789
20 34 1790
20 34 1791
20 34 1792
20 34 1793
20 34 1794
20 34 1795
20 34 1796
20 34 1797
20 34 1798
20 34 1799
20 34 1800
20 34 1801
20 34 1802
20 34 1803
20 34 1804
20 34 1805
20 34 1806
20 34 1807
20 34 1808
20 34 1809
20 34 1810
20 34 1811
20 34 1812
20 34 1813
20 34 1814
20 34 1815
20 34 1816
20 34 1817
20 34 1818
20 34 1819
20 34 1820
20 34 1821
20 34 1822
20 34 1823
20 34 1824
20 34 1825
20 34 1826
20 34 1827
20 34 1828
20 34 1829
20 34 1830
20 34 1831
20 34 1832
20 34 1833
20 34 1834
20 34 1835
20 34 1836
20 34 1837
20 34 1838
20 34 1839
20 34 1840
20 34 1841
20 34 1842
20 34 1843
20 34 1844
20 34 1845
20 34 1846
20 34 1847
20 34 1848
20 34 1849
20 34 1850
20 34 1851
20 34 1852
20 34 1853
20 34 1854
20 34 1855
20 34 1856
20 34 1857
20 34 1858
20 34 1859
20 34 1860
20 34 1861
20 34 1862
20 34 1863
20 34 1864
20 34 1865
20 34 1866
20 34 1867
20 34 1868
20 34 1869
20 34 1870
20 34 1871
20 34 1872
20 34 1873
20 34 1874
20 34 1875
20 34 1876
20 34 1877
20 34 1878
20 34 1879
20 34 1880
20 34 1881
20 34 1882
20 34 1883
20 34 1884
20 34 1885
20 34 1886
20 34 1887
20 34 1888
20 34 1889
20 34 1890
20 34 1891
20 34 1892
20 34 1893
20 34 1894
20 34 1895
20 34 1896
20 34 1897
20 34 1898
20 34 1899
20 34 1900
20 34 1901
20 34 1902
20 34 1903
20 34 1904
20 34 1905
20 34 1906
20 34 1907
20 34 1908
20 34 1909
20 34 1910
20 34 1911
20 34 1912
20 34 1913
20 34 1914
20 34 1915
20 34 1916
20 34 1917
20 34 1918
20 34 1919
20 34 1920
20 34 1921
20 34 1922
20 34 1923
20 34 1924
20 34 1925
20 34 1926
20 34 1927
20 34 1928
20 34 1929
20 34 1930
20 34 1931
20 34 1932
20 34 1933
20 34 1934
20 34 1935
20 34 1936
20 34 1937
20 34 1938
20 34 1939
20 34 1940
20 34 1941
20 34 1942
20 34 1943
20 34 1944
20 34 1945
20 34 1946
20 34 1947
20 34 1948
20 34 1949
20 34 1950
20 34 1951
20 34 1952
20 34 1953
20 34 1954
20 34 1955
20 34 1956
20 34 1957
20 34 1958
20 34 1959
20 34 1960
20 34 1961
20 34 1962
20 34 1963
20 34 1964
20 34 1965
20 34 1966
20 34 1967
20 34 1968
20 34 1969
20 34 1970
20 34 1971
20 34 1972
20 34 1973
20 34 1974
20 34 1975
20 34 1976
20 34 1977
20 34 1978
20 34 1979
20 34 1980
20 34 1981
20 34 1982
20 34 1983
20 34 1984
20 34 1985
20 34 1986
20 34 1987
20 34 1988
20 34 1989
20 34 1990
20 34 1991
20 34 1992
20 34 1993
20 34 1994
20 34 1995
20 34 1996
20 34 1997
20 34 1998
20 34 1999
20 34 2000
20 34 2001
20 34 2002
20 34 2003
20 34 2004
20 34 2005
20 34 2006
20 34 2007
20 34 2008
20 34 2009
20 34 2010
20 34 2011
20 34 2012
20 34 2013
20 34 2014
20 34 2015
20 34 2016
20 34 2017
20 34 2018
20 34 2019
20 34 2020
20 34 2021
20 34 2022
20 34 2023
20 34 2024
20 34 2025
20 34 2026
20 34 2027
20 34 2028
20 34 2029
20 34 2030
20 34 2031
20 34 2032
20 34 2033
20 34 2034
20 34 2035
20 34 2036
20 34 2037
20 34 2038
20 34 2039
20 34 2040
20 34 2041
20 34 2042
20 34 2043
20 34 2044
20 34 2045
20 34 2046
20 34 2047
20 34 2048
20 34 2049
20 34 2050
20 34 2051
20 34 2052
20 34 2053
20 34 2054
20 34 2055
20 34 2056
20 34 2057
20 34 2058
20 34 2059
20 34 2060
20 34 2061
20 34 2062
20 34 2063
20 34 2064
20 34 2065
20 34 2066
20 34 2067
20 34 2068
20 34 2069
20 34 2070
20 34 2071
20 34 2072
20 34 2073
20 34 2074
20 34 2075
20 34 2076
20 34 2077
20 34 2078
20 34 2079
20 34 2080
20 34 2081
20 34 2082
20 34 2083
20 34 2084
20 34 2085
20 34 2086
20 34 2087
20 34 2088
20 34 2089
20 34 2090
20 34 2091
20 34 2092
20 34 2093
20 34 2094
20 34 2095
20 34 2096
20 34 2097
20 34 2098
20 34 2099
20 34 2100
20 34 2101
20 34 2102
20 34 2103
20 34 2104
20 34 2105
20 34 2106
20 34 2107
20 34 2108
20 34 2109
20 34 2110
20 34 2111
20 34 2112
20 34 2113
20 34 2114
20 34 2115
20 34 2116
20 34 2117
20 34 2118
20 34 2119
20 34 2120
20 34 2121
20 34 2122
20 34 2123
20 34 2124
20 34 2125
20 34 2126
20 34 2127
20 34 2128
20 34 2129
20 34 2130
20 34 2131
20 34 2132
20 34 2133
20 34 2134
20 34 2135
20 34 2136
20 34 2137
20 34 2138
20 34 2139
20 34 2140
20 34 2141
20 34 2142
20 34 2143
20 34 2144
20 34 2145
20 34 2146
20 34 2147
20 34 2148
20 34 2149
20 34 2150
20 34 2151
20 34 2152
20 34 2153
20 34 2154
20 34 2155
20 34 2156
20 34 2157
20 34 2158
20 34 2159
20 34 2160
20 34 2161
20 34 2162
20 34 2163
20 34 2164
20 34 2165
20 34 2166
20 34 2167
20 34 2168
20 34 2169
20 34 2170
20 34 2171
20 34 2172
20 34 2173
20 34 2174
20 34 2175
20 34 2176
20 34 2177
20 34 2178
20 34 2179
20 34 2180
20 34 2181
20 34 2182
20 34 2183
20 34 2184
20 34 2185
20 34 2186
20 34 2187
20 34 2188
20 34 2189
20 34 2190
20 34 2191
20 34 2192
20 34 2193
20 34 2194
20 34 2195
20 34 2196
20 34 2197
20 34 2198
20 34 2199
20 34 2200
20 34 2201
20 34 2202
20 34 2203
20 34 2204
20 34 2205
20 34 2206
20 34 2207
20 34 2208
20 34 2209
20 34 2210
20 34 2211
20 34 2212
20 34 2213
20 34 2214
20 34 2215
20 34 2216
20 34 2217
20 34 2218
20 34 2219
20 34 2220
20 34 2221
20 34 2222
20 34 2223
20 34 2224
20 34 2225
20 34 2226
20 34 2227
20 34 2228
20 34 2229
20 34 2230
20 34 2231
20 34 2232
20 34 2233
20 34 2234
20 34 2235
20 34 2236
20 34 2237
20 34 2238
20 34 2239
20 34 2240
20 34 2241
20 34 2242
20 34 2243
20 34 2244
20 34 2245
20 34 2246
20 34 2247
20 34 2248
20 34 2249
20 34 2250
20 34 2251
20 34 2252
20 34 2253
20 34 2254
20 34 2255
20 34 2256
20 34 2257
20 34 2258
20 34 2259
20 34 2260
20 34 2261
20 34 2262
20 34 2263
20 34 2264
20 34 2265
20 34 2266
20 34 2267
20 34 2268
20 34 2269
20 34 2270
20 34 2271
20 34 2272
20 34 2273
20 34 2274
20 34 2275
20 34 2276
20 34 2277
20 34 2278
20 34 2279
20 34 2280
20 34 2281
20 34 2282
20 34 2283
20 34 2284
20 34 2285
20 34 2286
20 34 2287
20 34 2288
20 34 2289
20 34 2290
20 34 2291
20 34 2292
20 34 2293
20 34 2294
20 34 2295
20 34 2296
20 34 2297
20 34 2298
20 34 2299
20 34 2300
20 34 2301
20 34 2302
20 34 2303
20 34 2304
20 34 2305
20 34 2306
20 34 2307
20 34 2308
20 34 2309
20 34 2310
20 34 2311
20 34 2312
20 34 2313
20 34 2314
20 34 2315
20 34 2316
20 34 2317
20 34 2318
20 34 2319
20 34 2320
20 34 2321
20 34 2322
20 34 2323
20 34 2324
20 34 2325
20 34 2326
20 34 2327
20 34 2328
20 34 2329
20 34 2330
20 34 2331
20 34 2332
20 34 2333
20 34 2334
20 34 2335
20 34 2336
20 34 2337
20 34 2338
20 34 2339
20 34 2340
20 34 2341
20 34 2342
20 34 2343
20 34 2344
20 34 2345
20 34 2346
20 34 2347
20 34 2348
20 34 2349
20 34 2350
20 34 2351
20 34 2352
20 34 2353
20 34 2354
20 34 2355
20 34 2356
20 34 2357
20 34 2358
20 34 2359
20 34 2360
20 34 2361
20 34 2362
20 34 2363
20 34 2364
20 34 2365
20 34 2366
20 34 2367
20 34 2368
20 34 2369
20 34 2370
20 34 2371
20 34 2372
20 34 2373
20 34 2374
20 34 2375
20 34 2376
20 34 2377
20 34 2378
20 34 2379
20 34 2380
20 34 2381
20 34 2382
20 34 2383
20 34 2384
20 34 2385
20 34 2386
20 34 2387
20 34 2388
20 34 2389
20 34 2390
20 34 2391
20 34 2392
20 34 2393
20 34 2394
20 34 2395
20 34 2396
20 34 2397
20 34 2398
20 34 2399
20 34 2400
20 34 2401
20 34 2402
20 34 2403
20 34 2404
20 34 2405
20 34 2406
20 34 2407
20 34 2408
20 34 2409
20 34 2410
20 34 2411
20 34 2412
20 34 2413
20 34 2414
20 34 2415
20 34 2416
20 34 2417
20 34 2418
20 34 2419
20 34 2420
20 34 2421
20 34 2422
20 34 2423
20 34 2424
20 34 2425
20 34 2426
20 34 2427
20 34 2428
20 34 2429
20 34 2430
20 34 2431
20 34 2432
20 34 2433
20 34 2434
20 34 2435
20 34 2436
20 34 2437
20 34 2438
20 34 2439
20 34 2440
20 34 2441
20 34 2442
20 34 2443
20 34 2444
20 34 2445
20 34 2446
20 34 2447
20 34 2448
20 34 2449
20 34 2450
20 34 2451
20 34 2452
20 34 2453
20 34 2454
20 34 2455
20 34 2456
20 34 2457
