13 25 1
13 25 2
13 25 3
13 25 4
13 25 5
13 25 6
13 25 7
13 25 8
13 25 9
13 25 10
13 25 11
13 25 12
13 25 13
13 25 14
13 25 15
13 25 16
13 25 17
13 25 18
13 25 19
13 25 20
13 25 21
13 25 22
13 25 23
13 25 24
13 25 25
13 25 26
13 25 27
13 25 28
13 25 29
13 25 30
13 25 31
13 25 32
13 25 33
13 25 34
13 25 35
13 25 36
13 25 37
13 25 38
13 25 39
13 25 40
13 25 41
13 25 42
13 25 43
13 25 44
13 25 45
13 25 46
13 25 47
13 25 48
13 25 49
13 25 50
13 25 51
13 25 52
13 25 53
13 25 54
13 25 55
13 25 56
13 25 57
13 25 58
13 25 59
13 25 60
13 25 61
13 25 62
13 25 63
13 25 64
13 25 65
13 25 66
13 25 67
13 25 68
13 25 69
13 25 70
13 25 71
13 25 72
13 25 73
13 25 74
13 25 75
13 25 76
13 25 77
13 25 78
13 25 79
13 25 80
13 25 81
13 25 82
13 25 83
13 25 84
13 25 85
13 25 86
13 25 87
13 25 88
13 25 89
13 25 90
13 25 91
13 25 92
13 25 93
13 25 94
13 25 95
13 25 96
13 25 97
13 25 98
13 25 99
13 25 100
13 25 101
13 25 102
13 25 103
13 25 104
13 25 105
13 25 106
13 25 107
13 25 108
13 25 109
13 25 110
13 25 111
13 25 112
13 25 113
13 25 114
13 25 115
13 25 116
13 25 117
13 25 118
13 25 119
13 25 120
13 25 121
13 25 122
13 25 123
13 25 124
13 25 125
13 25 126
13 25 127
13 25 128
13 25 129
13 25 130
13 25 131
13 25 132
13 25 133
13 25 134
13 25 135
13 25 136
13 25 137
13 25 138
13 25 139
13 25 140
13 25 141
13 25 142
13 25 143
13 25 144
13 25 145
13 25 146
13 25 147
13 25 148
13 25 149
13 25 150
13 25 151
13 25 152
13 25 153
13 25 154
13 25 155
13 25 156
13 25 157
13 25 158
13 25 159
13 25 160
13 25 161
13 25 162
13 25 163
13 25 164
13 25 165
13 25 166
13 25 167
13 25 168
13 25 169
13 25 170
13 25 171
13 25 172
13 25 173
13 25 174
13 25 175
13 25 176
13 25 177
13 25 178
13 25 179
13 25 180
13 25 181
13 25 182
13 25 183
13 25 184
13 25 185
13 25 186
13 25 187
13 25 188
13 25 189
13 25 190
13 25 191
13 25 192
13 25 193
13 25 194
13 25 195
13 25 196
13 25 197
13 25 198
13 25 199
13 25 200
13 25 201
13 25 202
13 25 203
13 25 204
13 25 205
13 25 206
13 25 207
13 25 208
13 25 209
13 25 210
13 25 211
13 25 212
13 25 213
13 25 214
13 25 215
13 25 216
13 25 217
13 25 218
13 25 219
13 25 220
13 25 221
13 25 222
13 25 223
13 25 224
13 25 225
13 25 226
13 25 227
13 25 228
13 25 229
13 25 230
13 25 231
13 25 232
13 25 233
13 25 234
13 25 235
13 25 236
13 25 237
13 25 238
13 25 239
13 25 240
13 25 241
13 25 242
13 25 243
13 25 244
13 25 245
13 25 246
13 25 247
13 25 248
13 25 249
13 25 250
13 25 251
13 25 252
13 25 253
13 25 254
13 25 255
13 25 256
13 25 257
13 25 258
13 25 259
13 25 260
13 25 261
13 25 262
13 25 263
13 25 264
13 25 265
13 25 266
13 25 267
13 25 268
13 25 269
13 25 270
13 25 271
13 25 272
13 25 273
13 25 274
13 25 275
13 25 276
13 25 277
13 25 278
13 25 279
13 25 280
13 25 281
13 25 282
13 25 283
13 25 284
13 25 285
13 25 286
13 25 287
13 25 288
13 25 289
13 25 290
13 25 291
13 25 292
13 25 293
13 25 294
13 25 295
13 25 296
13 25 297
13 25 298
13 25 299
13 25 300
13 25 301
13 25 302
13 25 303
13 25 304
13 25 305
13 25 306
13 25 307
13 25 308
13 25 309
13 25 310
13 25 311
13 25 312
13 25 313
13 25 314
13 25 315
13 25 316
13 25 317
13 25 318
13 25 319
13 25 320
13 25 321
13 25 322
13 25 323
13 25 324
13 25 325
13 25 326
13 25 327
13 25 328
13 25 329
13 25 330
13 25 331
13 25 332
13 25 333
13 25 334
13 25 335
13 25 336
13 25 337
13 25 338
13 25 339
13 25 340
13 25 341
13 25 342
13 25 343
13 25 344
13 25 345
13 25 346
13 25 347
13 25 348
13 25 349
13 25 350
13 25 351
13 25 352
13 25 353
13 25 354
13 25 355
13 25 356
13 25 357
13 25 358
13 25 359
13 25 360
13 25 361
13 25 362
13 25 363
13 25 364
13 25 365
13 25 366
13 25 367
13 25 368
13 25 369
13 25 370
13 25 371
13 25 372
13 25 373
13 25 374
13 25 375
13 25 376
13 25 377
13 25 378
13 25 379
13 25 380
13 25 381
13 25 382
13 25 383
13 25 384
13 25 385
13 25 386
13 25 387
13 25 388
13 25 389
13 25 390
13 25 391
13 25 392
13 25 393
13 25 394
13 25 395
13 25 396
13 25 397
13 25 398
13 25 399
13 25 400
13 25 401
13 25 402
13 25 403
13 25 404
13 25 405
13 25 406
13 25 407
13 25 408
13 25 409
13 25 410
13 25 411
13 25 412
13 25 413
13 25 414
13 25 415
13 25 416
13 25 417
13 25 418
13 25 419
13 25 420
13 25 421
13 25 422
13 25 423
13 25 424
13 25 425
13 25 426
13 25 427
13 25 428
13 25 429
13 25 430
13 25 431
13 25 432
13 25 433
13 25 434
13 25 435
13 25 436
13 25 437
13 25 438
13 25 439
13 25 440
13 25 441
13 25 442
13 25 443
13 25 444
13 25 445
13 25 446
13 25 447
13 25 448
13 25 449
13 25 450
13 25 451
13 25 452
13 25 453
13 25 454
13 25 455
13 25 456
13 25 457
13 25 458
13 25 459
13 25 460
13 25 461
13 25 462
13 25 463
13 25 464
13 25 465
13 25 466
13 25 467
13 25 468
13 25 469
13 25 470
13 25 471
13 25 472
13 25 473
13 25 474
13 25 475
13 25 476
13 25 477
13 25 478
13 25 479
13 25 480
13 25 481
13 25 482
13 25 483
13 25 484
13 25 485
13 25 486
13 25 487
13 25 488
13 25 489
13 25 490
13 25 491
13 25 492
13 25 493
13 25 494
13 25 495
13 25 496
13 25 497
13 25 498
13 25 499
13 25 500
13 25 501
13 25 502
13 25 503
13 25 504
13 25 505
13 25 506
13 25 507
13 25 508
13 25 509
13 25 510
13 25 511
13 25 512
13 25 513
13 25 514
13 25 515
13 25 516
13 25 517
13 25 518
13 25 519
13 25 520
13 25 521
13 25 522
13 25 523
13 25 524
13 25 525
13 25 526
13 25 527
13 25 528
13 25 529
13 25 530
13 25 531
13 25 532
13 25 533
13 25 534
13 25 535
13 25 536
13 25 537
13 25 538
13 25 539
13 25 540
13 25 541
13 25 542
13 25 543
13 25 544
13 25 545
13 25 546
13 25 547
13 25 548
13 25 549
13 25 550
13 25 551
13 25 552
13 25 553
13 25 554
13 25 555
13 25 556
13 25 557
13 25 558
13 25 559
13 25 560
13 25 561
13 25 562
13 25 563
13 25 564
13 25 565
13 25 566
13 25 567
13 25 568
13 25 569
13 25 570
13 25 571
13 25 572
13 25 573
13 25 574
13 25 575
13 25 576
13 25 577
13 25 578
13 25 579
13 25 580
13 25 581
13 25 582
13 25 583
13 25 584
13 25 585
13 25 586
13 25 587
13 25 588
13 25 589
13 25 590
13 25 591
13 25 592
13 25 593
13 25 594
13 25 595
13 25 596
13 25 597
13 25 598
13 25 599
13 25 600
13 25 601
13 25 602
13 25 603
13 25 604
13 25 605
13 25 606
13 25 607
13 25 608
13 25 609
13 25 610
13 25 611
13 25 612
13 25 613
13 25 614
13 25 615
13 25 616
13 25 617
13 25 618
13 25 619
13 25 620
13 25 621
13 25 622
13 25 623
13 25 624
13 25 625
13 25 626
13 25 627
13 25 628
13 25 629
13 25 630
13 25 631
13 25 632
13 25 633
13 25 634
13 25 635
13 25 636
13 25 637
13 25 638
13 25 639
13 25 640
13 25 641
13 25 642
13 25 643
13 25 644
13 25 645
13 25 646
13 25 647
13 25 648
13 25 649
13 25 650
13 25 651
13 25 652
13 25 653
13 25 654
13 25 655
13 25 656
13 25 657
13 25 658
13 25 659
13 25 660
13 25 661
13 25 662
13 25 663
13 25 664
13 25 665
13 25 666
13 25 667
13 25 668
13 25 669
13 25 670
13 25 671
13 25 672
13 25 673
13 25 674
13 25 675
13 25 676
13 25 677
13 25 678
13 25 679
13 25 680
13 25 681
13 25 682
13 25 683
13 25 684
13 25 685
13 25 686
13 25 687
13 25 688
13 25 689
13 25 690
13 25 691
13 25 692
13 25 693
13 25 694
13 25 695
13 25 696
13 25 697
13 25 698
13 25 699
13 25 700
13 25 701
13 25 702
13 25 703
13 25 704
13 25 705
13 25 706
13 25 707
13 25 708
13 25 709
13 25 710
13 25 711
13 25 712
13 25 713
13 25 714
13 25 715
13 25 716
13 25 717
13 25 718
13 25 719
13 25 720
13 25 721
13 25 722
13 25 723
13 25 724
13 25 725
13 25 726
13 25 727
13 25 728
13 25 729
13 25 730
13 25 731
13 25 732
13 25 733
13 25 734
13 25 735
13 25 736
13 25 737
13 25 738
13 25 739
13 25 740
13 25 741
13 25 742
13 25 743
13 25 744
13 25 745
13 25 746
13 25 747
13 25 748
13 25 749
13 25 750
13 25 751
13 25 752
13 25 753
13 25 754
13 25 755
13 25 756
13 25 757
13 25 758
13 25 759
13 25 760
13 25 761
13 25 762
13 25 763
13 25 764
13 25 765
13 25 766
13 25 767
13 25 768
13 25 769
13 25 770
13 25 771
13 25 772
13 25 773
13 25 774
13 25 775
13 25 776
13 25 777
13 25 778
13 25 779
13 25 780
13 25 781
13 25 782
13 25 783
13 25 784
13 25 785
13 25 786
13 25 787
13 25 788
13 25 789
13 25 790
13 25 791
13 25 792
13 25 793
13 25 794
13 25 795
13 25 796
13 25 797
13 25 798
13 25 799
13 25 800
13 25 801
13 25 802
13 25 803
13 25 804
13 25 805
13 25 806
13 25 807
13 25 808
13 25 809
13 25 810
13 25 811
13 25 812
13 25 813
13 25 814
13 25 815
13 25 816
13 25 817
13 25 818
13 25 819
13 25 820
13 25 821
13 25 822
13 25 823
13 25 824
13 25 825
13 25 826
13 25 827
13 25 828
13 25 829
13 25 830
13 25 831
13 25 832
13 25 833
13 25 834
13 25 835
13 25 836
13 25 837
13 25 838
13 25 839
13 25 840
13 25 841
13 25 842
13 25 843
13 25 844
13 25 845
13 25 846
13 25 847
13 25 848
13 25 849
13 25 850
13 25 851
13 25 852
13 25 853
13 25 854
13 25 855
13 25 856
13 25 857
13 25 858
13 25 859
13 25 860
13 25 861
13 25 862
13 25 863
13 25 864
13 25 865
13 25 866
13 25 867
13 25 868
13 25 869
13 25 870
13 25 871
13 25 872
13 25 873
13 25 874
13 25 875
13 25 876
13 25 877
13 25 878
13 25 879
13 25 880
13 25 881
13 25 882
13 25 883
13 25 884
13 25 885
13 25 886
13 25 887
13 25 888
13 25 889
13 25 890
13 25 891
13 25 892
13 25 893
13 25 894
13 25 895
13 25 896
13 25 897
13 25 898
13 25 899
13 25 900
13 25 901
13 25 902
13 25 903
13 25 904
13 25 905
13 25 906
13 25 907
13 25 908
13 25 909
13 25 910
13 25 911
13 25 912
13 25 913
13 25 914
13 25 915
13 25 916
13 25 917
13 25 918
13 25 919
13 25 920
13 25 921
13 25 922
13 25 923
13 25 924
13 25 925
13 25 926
13 25 927
13 25 928
13 25 929
13 25 930
13 25 931
13 25 932
13 25 933
13 25 934
13 25 935
13 25 936
13 25 937
13 25 938
13 25 939
13 25 940
13 25 941
13 25 942
13 25 943
13 25 944
13 25 945
13 25 946
13 25 947
13 25 948
13 25 949
13 25 950
13 25 951
13 25 952
13 25 953
13 25 954
13 25 955
13 25 956
13 25 957
13 25 958
13 25 959
13 25 960
13 25 961
13 25 962
13 25 963
13 25 964
13 25 965
13 25 966
13 25 967
13 25 968
13 25 969
13 25 970
13 25 971
13 25 972
13 25 973
13 25 974
13 25 975
13 25 976
13 25 977
13 25 978
13 25 979
13 25 980
13 25 981
13 25 982
13 25 983
13 25 984
13 25 985
13 25 986
13 25 987
13 25 988
13 25 989
13 25 990
13 25 991
13 25 992
13 25 993
13 25 994
13 25 995
13 25 996
13 25 997
13 25 998
13 25 999
13 25 1000
13 25 1001
13 25 1002
13 25 1003
13 25 1004
13 25 1005
13 25 1006
13 25 1007
13 25 1008
13 25 1009
13 25 1010
13 25 1011
13 25 1012
13 25 1013
13 25 1014
13 25 1015
13 25 1016
13 25 1017
13 25 1018
13 25 1019
13 25 1020
13 25 1021
13 25 1022
13 25 1023
13 25 1024
13 25 1025
13 25 1026
13 25 1027
13 25 1028
13 25 1029
13 25 1030
13 25 1031
13 25 1032
13 25 1033
13 25 1034
13 25 1035
13 25 1036
13 25 1037
13 25 1038
13 25 1039
13 25 1040
13 25 1041
13 25 1042
13 25 1043
13 25 1044
13 25 1045
13 25 1046
13 25 1047
13 25 1048
13 25 1049
13 25 1050
13 25 1051
13 25 1052
13 25 1053
13 25 1054
13 25 1055
13 25 1056
13 25 1057
13 25 1058
13 25 1059
13 25 1060
13 25 1061
13 25 1062
13 25 1063
13 25 1064
13 25 1065
13 25 1066
13 25 1067
13 25 1068
13 25 1069
13 25 1070
13 25 1071
13 25 1072
13 25 1073
13 25 1074
13 25 1075
13 25 1076
13 25 1077
13 25 1078
13 25 1079
13 25 1080
13 25 1081
13 25 1082
13 25 1083
13 25 1084
13 25 1085
13 25 1086
13 25 1087
13 25 1088
13 25 1089
13 25 1090
13 25 1091
13 25 1092
13 25 1093
13 25 1094
13 25 1095
13 25 1096
13 25 1097
13 25 1098
13 25 1099
13 25 1100
13 25 1101
13 25 1102
13 25 1103
13 25 1104
13 25 1105
13 25 1106
13 25 1107
13 25 1108
13 25 1109
13 25 1110
13 25 1111
13 25 1112
13 25 1113
13 25 1114
13 25 1115
13 25 1116
13 25 1117
13 25 1118
13 25 1119
13 25 1120
13 25 1121
13 25 1122
13 25 1123
13 25 1124
13 25 1125
13 25 1126
13 25 1127
13 25 1128
13 25 1129
13 25 1130
13 25 1131
13 25 1132
13 25 1133
13 25 1134
13 25 1135
13 25 1136
13 25 1137
13 25 1138
13 25 1139
13 25 1140
13 25 1141
13 25 1142
13 25 1143
13 25 1144
13 25 1145
13 25 1146
13 25 1147
13 25 1148
13 25 1149
13 25 1150
13 25 1151
13 25 1152
13 25 1153
13 25 1154
13 25 1155
13 25 1156
13 25 1157
13 25 1158
13 25 1159
13 25 1160
13 25 1161
13 25 1162
13 25 1163
13 25 1164
13 25 1165
13 25 1166
13 25 1167
13 25 1168
13 25 1169
13 25 1170
13 25 1171
13 25 1172
13 25 1173
13 25 1174
13 25 1175
13 25 1176
13 25 1177
13 25 1178
13 25 1179
13 25 1180
13 25 1181
13 25 1182
13 25 1183
13 25 1184
13 25 1185
13 25 1186
13 25 1187
13 25 1188
13 25 1189
13 25 1190
13 25 1191
13 25 1192
13 25 1193
13 25 1194
13 25 1195
13 25 1196
13 25 1197
13 25 1198
13 25 1199
13 25 1200
13 25 1201
13 25 1202
13 25 1203
13 25 1204
13 25 1205
13 25 1206
13 25 1207
13 25 1208
13 25 1209
13 25 1210
13 25 1211
13 25 1212
13 25 1213
13 25 1214
13 25 1215
13 25 1216
13 25 1217
13 25 1218
13 25 1219
13 25 1220
13 25 1221
13 25 1222
13 25 1223
13 25 1224
13 25 1225
13 25 1226
13 25 1227
13 25 1228
13 25 1229
13 25 1230
13 25 1231
13 25 1232
13 25 1233
13 25 1234
13 25 1235
13 25 1236
13 25 1237
13 25 1238
13 25 1239
13 25 1240
13 25 1241
13 25 1242
13 25 1243
13 25 1244
13 25 1245
13 25 1246
13 25 1247
13 25 1248
13 25 1249
13 25 1250
13 25 1251
13 25 1252
13 25 1253
13 25 1254
13 25 1255
13 25 1256
13 25 1257
13 25 1258
13 25 1259
13 25 1260
13 25 1261
13 25 1262
13 25 1263
13 25 1264
13 25 1265
13 25 1266
13 25 1267
13 25 1268
13 25 1269
13 25 1270
13 25 1271
13 25 1272
13 25 1273
13 25 1274
13 25 1275
13 25 1276
13 25 1277
13 25 1278
13 25 1279
13 25 1280
13 25 1281
13 25 1282
13 25 1283
13 25 1284
13 25 1285
13 25 1286
13 25 1287
13 25 1288
13 25 1289
13 25 1290
13 25 1291
13 25 1292
13 25 1293
13 25 1294
13 25 1295
13 25 1296
13 25 1297
13 25 1298
13 25 1299
13 25 1300
13 25 1301
13 25 1302
13 25 1303
13 25 1304
13 25 1305
13 25 1306
13 25 1307
13 25 1308
13 25 1309
13 25 1310
13 25 1311
13 25 1312
13 25 1313
13 25 1314
13 25 1315
13 25 1316
13 25 1317
13 25 1318
13 25 1319
13 25 1320
13 25 1321
13 25 1322
13 25 1323
13 25 1324
13 25 1325
13 25 1326
13 25 1327
13 25 1328
13 25 1329
13 25 1330
13 25 1331
13 25 1332
13 25 1333
13 25 1334
13 25 1335
13 25 1336
13 25 1337
13 25 1338
13 25 1339
13 25 1340
13 25 1341
13 25 1342
13 25 1343
13 25 1344
13 25 1345
13 25 1346
13 25 1347
13 25 1348
13 25 1349
13 25 1350
13 25 1351
13 25 1352
13 25 1353
13 25 1354
13 25 1355
13 25 1356
13 25 1357
13 25 1358
13 25 1359
13 25 1360
13 25 1361
13 25 1362
13 25 1363
13 25 1364
13 25 1365
13 25 1366
13 25 1367
13 25 1368
13 25 1369
13 25 1370
13 25 1371
13 25 1372
13 25 1373
13 25 1374
13 25 1375
13 25 1376
13 25 1377
13 25 1378
13 25 1379
13 25 1380
13 25 1381
13 25 1382
13 25 1383
13 25 1384
13 25 1385
13 25 1386
13 25 1387
13 25 1388
13 25 1389
13 25 1390
13 25 1391
13 25 1392
13 25 1393
13 25 1394
13 25 1395
13 25 1396
13 25 1397
13 25 1398
13 25 1399
13 25 1400
13 25 1401
13 25 1402
13 25 1403
13 25 1404
13 25 1405
13 25 1406
13 25 1407
13 25 1408
13 25 1409
13 25 1410
13 25 1411
13 25 1412
13 25 1413
13 25 1414
13 25 1415
13 25 1416
13 25 1417
13 25 1418
13 25 1419
13 25 1420
13 25 1421
13 25 1422
13 25 1423
13 25 1424
13 25 1425
13 25 1426
13 25 1427
13 25 1428
13 25 1429
13 25 1430
13 25 1431
13 25 1432
13 25 1433
13 25 1434
13 25 1435
13 25 1436
13 25 1437
13 25 1438
13 25 1439
13 25 1440
13 25 1441
13 25 1442
13 25 1443
13 25 1444
13 25 1445
13 25 1446
13 25 1447
13 25 1448
13 25 1449
13 25 1450
13 25 1451
13 25 1452
13 25 1453
13 25 1454
13 25 1455
13 25 1456
13 25 1457
13 25 1458
13 25 1459
13 25 1460
13 25 1461
13 25 1462
13 25 1463
13 25 1464
13 25 1465
13 25 1466
13 25 1467
13 25 1468
13 25 1469
13 25 1470
13 25 1471
13 25 1472
13 25 1473
13 25 1474
13 25 1475
13 25 1476
13 25 1477
13 25 1478
13 25 1479
13 25 1480
13 25 1481
13 25 1482
13 25 1483
13 25 1484
13 25 1485
13 25 1486
13 25 1487
13 25 1488
13 25 1489
13 25 1490
13 25 1491
13 25 1492
13 25 1493
13 25 1494
13 25 1495
13 25 1496
13 25 1497
13 25 1498
13 25 1499
13 25 1500
13 25 1501
13 25 1502
13 25 1503
13 25 1504
13 25 1505
13 25 1506
13 25 1507
13 25 1508
13 25 1509
13 25 1510
13 25 1511
13 25 1512
13 25 1513
13 25 1514
13 25 1515
13 25 1516
13 25 1517
13 25 1518
13 25 1519
13 25 1520
13 25 1521
13 25 1522
13 25 1523
13 25 1524
13 25 1525
13 25 1526
13 25 1527
13 25 1528
13 25 1529
13 25 1530
13 25 1531
13 25 1532
13 25 1533
13 25 1534
13 25 1535
13 25 1536
13 25 1537
13 25 1538
13 25 1539
13 25 1540
13 25 1541
13 25 1542
13 25 1543
13 25 1544
13 25 1545
13 25 1546
13 25 1547
13 25 1548
13 25 1549
13 25 1550
13 25 1551
13 25 1552
13 25 1553
13 25 1554
13 25 1555
13 25 1556
13 25 1557
13 25 1558
13 25 1559
13 25 1560
13 25 1561
13 25 1562
13 25 1563
13 25 1564
13 25 1565
13 25 1566
13 25 1567
13 25 1568
13 25 1569
13 25 1570
13 25 1571
13 25 1572
13 25 1573
13 25 1574
13 25 1575
13 25 1576
13 25 1577
13 25 1578
13 25 1579
13 25 1580
13 25 1581
13 25 1582
13 25 1583
13 25 1584
13 25 1585
13 25 1586
13 25 1587
13 25 1588
13 25 1589
13 25 1590
13 25 1591
13 25 1592
13 25 1593
13 25 1594
13 25 1595
13 25 1596
13 25 1597
13 25 1598
13 25 1599
13 25 1600
13 25 1601
13 25 1602
13 25 1603
13 25 1604
13 25 1605
13 25 1606
13 25 1607
13 25 1608
13 25 1609
13 25 1610
13 25 1611
13 25 1612
13 25 1613
13 25 1614
13 25 1615
13 25 1616
13 25 1617
13 25 1618
13 25 1619
13 25 1620
13 25 1621
13 25 1622
13 25 1623
13 25 1624
13 25 1625
13 25 1626
13 25 1627
13 25 1628
13 25 1629
13 25 1630
13 25 1631
13 25 1632
13 25 1633
13 25 1634
13 25 1635
13 25 1636
13 25 1637
13 25 1638
13 25 1639
13 25 1640
13 25 1641
13 25 1642
13 25 1643
13 25 1644
13 25 1645
13 25 1646
13 25 1647
13 25 1648
13 25 1649
13 25 1650
13 25 1651
13 25 1652
13 25 1653
13 25 1654
13 25 1655
13 25 1656
13 25 1657
13 25 1658
13 25 1659
13 25 1660
13 25 1661
13 25 1662
13 25 1663
13 25 1664
13 25 1665
13 25 1666
13 25 1667
13 25 1668
13 25 1669
13 25 1670
13 25 1671
13 25 1672
13 25 1673
13 25 1674
13 25 1675
13 25 1676
13 25 1677
13 25 1678
13 25 1679
13 25 1680
13 25 1681
13 25 1682
13 25 1683
13 25 1684
13 25 1685
13 25 1686
13 25 1687
13 25 1688
13 25 1689
13 25 1690
13 25 1691
13 25 1692
13 25 1693
13 25 1694
13 25 1695
13 25 1696
13 25 1697
13 25 1698
13 25 1699
13 25 1700
13 25 1701
13 25 1702
13 25 1703
13 25 1704
13 25 1705
13 25 1706
13 25 1707
13 25 1708
13 25 1709
13 25 1710
13 25 1711
13 25 1712
13 25 1713
13 25 1714
13 25 1715
13 25 1716
13 25 1717
13 25 1718
13 25 1719
13 25 1720
13 25 1721
13 25 1722
13 25 1723
13 25 1724
13 25 1725
13 25 1726
13 25 1727
13 25 1728
13 25 1729
13 25 1730
13 25 1731
13 25 1732
13 25 1733
13 25 1734
13 25 1735
13 25 1736
13 25 1737
13 25 1738
13 25 1739
13 25 1740
13 25 1741
13 25 1742
13 25 1743
13 25 1744
13 25 1745
13 25 1746
13 25 1747
13 25 1748
13 25 1749
13 25 1750
13 25 1751
13 25 1752
13 25 1753
13 25 1754
13 25 1755
13 25 1756
13 25 1757
13 25 1758
13 25 1759
13 25 1760
13 25 1761
13 25 1762
13 25 1763
13 25 1764
13 25 1765
13 25 1766
13 25 1767
13 25 1768
13 25 1769
13 25 1770
13 25 1771
13 25 1772
13 25 1773
13 25 1774
13 25 1775
13 25 1776
13 25 1777
13 25 1778
13 25 1779
13 25 1780
13 25 1781
13 25 1782
13 25 1783
13 25 1784
13 25 1785
13 25 1786
13 25 1787
13 25 1788
13 25 1789
13 25 1790
13 25 1791
13 25 1792
13 25 1793
13 25 1794
13 25 1795
13 25 1796
13 25 1797
13 25 1798
13 25 1799
13 25 1800
13 25 1801
13 25 1802
13 25 1803
13 25 1804
13 25 1805
13 25 1806
13 25 1807
13 25 1808
13 25 1809
13 25 1810
13 25 1811
13 25 1812
13 25 1813
13 25 1814
13 25 1815
13 25 1816
13 25 1817
13 25 1818
13 25 1819
13 25 1820
13 25 1821
13 25 1822
13 25 1823
13 25 1824
13 25 1825
13 25 1826
13 25 1827
13 25 1828
13 25 1829
13 25 1830
13 25 1831
13 25 1832
13 25 1833
13 25 1834
13 25 1835
13 25 1836
13 25 1837
13 25 1838
13 25 1839
13 25 1840
13 25 1841
13 25 1842
13 25 1843
13 25 1844
13 25 1845
13 25 1846
13 25 1847
13 25 1848
13 25 1849
13 25 1850
13 25 1851
13 25 1852
13 25 1853
13 25 1854
13 25 1855
13 25 1856
13 25 1857
13 25 1858
13 25 1859
13 25 1860
13 25 1861
13 25 1862
13 25 1863
13 25 1864
13 25 1865
13 25 1866
13 25 1867
13 25 1868
13 25 1869
13 25 1870
13 25 1871
13 25 1872
13 25 1873
13 25 1874
13 25 1875
13 25 1876
13 25 1877
13 25 1878
13 25 1879
13 25 1880
13 25 1881
13 25 1882
13 25 1883
13 25 1884
13 25 1885
13 25 1886
13 25 1887
13 25 1888
13 25 1889
13 25 1890
13 25 1891
13 25 1892
13 25 1893
13 25 1894
13 25 1895
13 25 1896
13 25 1897
13 25 1898
13 25 1899
13 25 1900
13 25 1901
13 25 1902
13 25 1903
13 25 1904
13 25 1905
13 25 1906
13 25 1907
13 25 1908
13 25 1909
13 25 1910
13 25 1911
13 25 1912
13 25 1913
13 25 1914
13 25 1915
13 25 1916
13 25 1917
13 25 1918
13 25 1919
13 25 1920
13 25 1921
13 25 1922
13 25 1923
13 25 1924
13 25 1925
13 25 1926
13 25 1927
13 25 1928
13 25 1929
13 25 1930
13 25 1931
13 25 1932
13 25 1933
13 25 1934
13 25 1935
13 25 1936
13 25 1937
13 25 1938
13 25 1939
13 25 1940
13 25 1941
13 25 1942
13 25 1943
13 25 1944
13 25 1945
13 25 1946
13 25 1947
13 25 1948
13 25 1949
13 25 1950
13 25 1951
13 25 1952
13 25 1953
13 25 1954
13 25 1955
13 25 1956
13 25 1957
13 25 1958
13 25 1959
13 25 1960
13 25 1961
13 25 1962
13 25 1963
13 25 1964
13 25 1965
13 25 1966
13 25 1967
13 25 1968
13 25 1969
13 25 1970
13 25 1971
13 25 1972
13 25 1973
13 25 1974
13 25 1975
13 25 1976
13 25 1977
13 25 1978
13 25 1979
13 25 1980
13 25 1981
13 25 1982
13 25 1983
13 25 1984
13 25 1985
13 25 1986
13 25 1987
13 25 1988
13 25 1989
13 25 1990
13 25 1991
13 25 1992
13 25 1993
13 25 1994
13 25 1995
13 25 1996
13 25 1997
13 25 1998
13 25 1999
13 25 2000
13 25 2001
13 25 2002
13 25 2003
13 25 2004
13 25 2005
13 25 2006
13 25 2007
13 25 2008
13 25 2009
13 25 2010
13 25 2011
13 25 2012
13 25 2013
13 25 2014
13 25 2015
13 25 2016
13 25 2017
13 25 2018
13 25 2019
13 25 2020
13 25 2021
13 25 2022
13 25 2023
13 25 2024
13 25 2025
13 25 2026
13 25 2027
13 25 2028
13 25 2029
13 25 2030
13 25 2031
13 25 2032
13 25 2033
13 25 2034
13 25 2035
13 25 2036
13 25 2037
13 25 2038
13 25 2039
13 25 2040
13 25 2041
13 25 2042
13 25 2043
13 25 2044
13 25 2045
13 25 2046
13 25 2047
13 25 2048
13 25 2049
13 25 2050
13 25 2051
13 25 2052
13 25 2053
13 25 2054
13 25 2055
13 25 2056
13 25 2057
13 25 2058
13 25 2059
13 25 2060
13 25 2061
13 25 2062
13 25 2063
13 25 2064
13 25 2065
13 25 2066
13 25 2067
13 25 2068
13 25 2069
13 25 2070
13 25 2071
13 25 2072
13 25 2073
13 25 2074
13 25 2075
13 25 2076
13 25 2077
13 25 2078
13 25 2079
13 25 2080
13 25 2081
13 25 2082
13 25 2083
13 25 2084
13 25 2085
13 25 2086
13 25 2087
13 25 2088
13 25 2089
13 25 2090
13 25 2091
13 25 2092
13 25 2093
13 25 2094
13 25 2095
13 25 2096
13 25 2097
13 25 2098
13 25 2099
13 25 2100
13 25 2101
13 25 2102
13 25 2103
13 25 2104
13 25 2105
13 25 2106
13 25 2107
13 25 2108
13 25 2109
13 25 2110
13 25 2111
13 25 2112
13 25 2113
13 25 2114
13 25 2115
13 25 2116
13 25 2117
13 25 2118
13 25 2119
13 25 2120
13 25 2121
13 25 2122
13 25 2123
13 25 2124
13 25 2125
13 25 2126
13 25 2127
13 25 2128
13 25 2129
13 25 2130
13 25 2131
13 25 2132
13 25 2133
13 25 2134
13 25 2135
13 25 2136
13 25 2137
13 25 2138
13 25 2139
13 25 2140
13 25 2141
13 25 2142
13 25 2143
13 25 2144
13 25 2145
13 25 2146
13 25 2147
13 25 2148
13 25 2149
13 25 2150
13 25 2151
13 25 2152
13 25 2153
13 25 2154
13 25 2155
13 25 2156
13 25 2157
13 25 2158
13 25 2159
13 25 2160
13 25 2161
13 25 2162
13 25 2163
13 25 2164
13 25 2165
13 25 2166
13 25 2167
13 25 2168
13 25 2169
13 25 2170
13 25 2171
13 25 2172
13 25 2173
13 25 2174
13 25 2175
13 25 2176
13 25 2177
13 25 2178
13 25 2179
13 25 2180
13 25 2181
13 25 2182
13 25 2183
13 25 2184
13 25 2185
13 25 2186
13 25 2187
13 25 2188
13 25 2189
13 25 2190
13 25 2191
13 25 2192
13 25 2193
13 25 2194
13 25 2195
13 25 2196
13 25 2197
13 25 2198
13 25 2199
13 25 2200
13 25 2201
13 25 2202
13 25 2203
13 25 2204
13 25 2205
13 25 2206
13 25 2207
13 25 2208
13 25 2209
13 25 2210
13 25 2211
13 25 2212
13 25 2213
13 25 2214
13 25 2215
13 25 2216
13 25 2217
13 25 2218
13 25 2219
13 25 2220
13 25 2221
13 25 2222
13 25 2223
13 25 2224
13 25 2225
13 25 2226
13 25 2227
13 25 2228
13 25 2229
13 25 2230
13 25 2231
13 25 2232
13 25 2233
13 25 2234
13 25 2235
13 25 2236
13 25 2237
13 25 2238
13 25 2239
13 25 2240
13 25 2241
13 25 2242
13 25 2243
13 25 2244
13 25 2245
13 25 2246
13 25 2247
13 25 2248
13 25 2249
13 25 2250
13 25 2251
13 25 2252
13 25 2253
13 25 2254
13 25 2255
13 25 2256
13 25 2257
13 25 2258
13 25 2259
13 25 2260
13 25 2261
13 25 2262
13 25 2263
13 25 2264
13 25 2265
13 25 2266
13 25 2267
13 25 2268
13 25 2269
13 25 2270
13 25 2271
13 25 2272
13 25 2273
13 25 2274
13 25 2275
13 25 2276
13 25 2277
13 25 2278
13 25 2279
13 25 2280
13 25 2281
13 25 2282
13 25 2283
13 25 2284
13 25 2285
13 25 2286
13 25 2287
13 25 2288
13 25 2289
13 25 2290
13 25 2291
13 25 2292
13 25 2293
13 25 2294
13 25 2295
13 25 2296
13 25 2297
13 25 2298
13 25 2299
13 25 2300
13 25 2301
13 25 2302
13 25 2303
13 25 2304
13 25 2305
13 25 2306
13 25 2307
13 25 2308
13 25 2309
13 25 2310
13 25 2311
13 25 2312
13 25 2313
13 25 2314
13 25 2315
13 25 2316
13 25 2317
13 25 2318
13 25 2319
13 25 2320
13 25 2321
13 25 2322
13 25 2323
13 25 2324
13 25 2325
13 25 2326
13 25 2327
13 25 2328
13 25 2329
13 25 2330
13 25 2331
13 25 2332
13 25 2333
13 25 2334
13 25 2335
13 25 2336
13 25 2337
13 25 2338
13 25 2339
13 25 2340
13 25 2341
13 25 2342
13 25 2343
13 25 2344
13 25 2345
13 25 2346
13 25 2347
13 25 2348
13 25 2349
13 25 2350
13 25 2351
13 25 2352
13 25 2353
13 25 2354
13 25 2355
13 25 2356
13 25 2357
13 25 2358
13 25 2359
13 25 2360
13 25 2361
13 25 2362
13 25 2363
13 25 2364
13 25 2365
13 25 2366
13 25 2367
13 25 2368
13 25 2369
13 25 2370
13 25 2371
13 25 2372
13 25 2373
13 25 2374
13 25 2375
13 25 2376
13 25 2377
13 25 2378
13 25 2379
13 25 2380
13 25 2381
13 25 2382
13 25 2383
13 25 2384
13 25 2385
13 25 2386
13 25 2387
13 25 2388
13 25 2389
13 25 2390
13 25 2391
13 25 2392
13 25 2393
13 25 2394
13 25 2395
13 25 2396
13 25 2397
13 25 2398
13 25 2399
13 25 2400
13 25 2401
13 25 2402
13 25 2403
13 25 2404
13 25 2405
13 25 2406
13 25 2407
13 25 2408
13 25 2409
13 25 2410
13 25 2411
13 25 2412
13 25 2413
13 25 2414
13 25 2415
13 25 2416
13 25 2417
13 25 2418
13 25 2419
13 25 2420
13 25 2421
13 25 2422
13 25 2423
13 25 2424
13 25 2425
13 25 2426
13 25 2427
13 25 2428
13 25 2429
13 25 2430
13 25 2431
13 25 2432
13 25 2433
13 25 2434
13 25 2435
13 25 2436
13 25 2437
13 25 2438
13 25 2439
13 25 2440
13 25 2441
13 25 2442
13 25 2443
13 25 2444
13 25 2445
13 25 2446
13 25 2447
13 25 2448
13 25 2449
13 25 2450
13 25 2451
13 25 2452
13 25 2453
13 25 2454
13 25 2455
13 25 2456
13 25 2457
