35 20 1
35 20 2
35 20 3
35 20 4
35 20 5
35 20 6
35 20 7
35 20 8
35 20 9
35 20 10
35 20 11
35 20 12
35 20 13
35 20 14
35 20 15
35 20 16
35 20 17
35 20 18
35 20 19
35 20 20
35 20 21
35 20 22
35 20 23
35 20 24
35 20 25
35 20 26
35 20 27
35 20 28
35 20 29
35 20 30
35 20 31
35 20 32
35 20 33
35 20 34
35 20 35
35 20 36
35 20 37
35 20 38
35 20 39
35 20 40
35 20 41
35 20 42
35 20 43
35 20 44
35 20 45
35 20 46
35 20 47
35 20 48
35 20 49
35 20 50
35 20 51
35 20 52
35 20 53
35 20 54
35 20 55
35 20 56
35 20 57
35 20 58
35 20 59
35 20 60
35 20 61
35 20 62
35 20 63
35 20 64
35 20 65
35 20 66
35 20 67
35 20 68
35 20 69
35 20 70
35 20 71
35 20 72
35 20 73
35 20 74
35 20 75
35 20 76
35 20 77
35 20 78
35 20 79
35 20 80
35 20 81
35 20 82
35 20 83
35 20 84
35 20 85
35 20 86
35 20 87
35 20 88
35 20 89
35 20 90
35 20 91
35 20 92
35 20 93
35 20 94
35 20 95
35 20 96
35 20 97
35 20 98
35 20 99
35 20 100
35 20 101
35 20 102
35 20 103
35 20 104
35 20 105
35 20 106
35 20 107
35 20 108
35 20 109
35 20 110
35 20 111
35 20 112
35 20 113
35 20 114
35 20 115
35 20 116
35 20 117
35 20 118
35 20 119
35 20 120
35 20 121
35 20 122
35 20 123
35 20 124
35 20 125
35 20 126
35 20 127
35 20 128
35 20 129
35 20 130
35 20 131
35 20 132
35 20 133
35 20 134
35 20 135
35 20 136
35 20 137
35 20 138
35 20 139
35 20 140
35 20 141
35 20 142
35 20 143
35 20 144
35 20 145
35 20 146
35 20 147
35 20 148
35 20 149
35 20 150
35 20 151
35 20 152
35 20 153
35 20 154
35 20 155
35 20 156
35 20 157
35 20 158
35 20 159
35 20 160
35 20 161
35 20 162
35 20 163
35 20 164
35 20 165
35 20 166
35 20 167
35 20 168
35 20 169
35 20 170
35 20 171
35 20 172
35 20 173
35 20 174
35 20 175
35 20 176
35 20 177
35 20 178
35 20 179
35 20 180
35 20 181
35 20 182
35 20 183
35 20 184
35 20 185
35 20 186
35 20 187
35 20 188
35 20 189
35 20 190
35 20 191
35 20 192
35 20 193
35 20 194
35 20 195
35 20 196
35 20 197
35 20 198
35 20 199
35 20 200
35 20 201
35 20 202
35 20 203
35 20 204
35 20 205
35 20 206
35 20 207
35 20 208
35 20 209
35 20 210
35 20 211
35 20 212
35 20 213
35 20 214
35 20 215
35 20 216
35 20 217
35 20 218
35 20 219
35 20 220
35 20 221
35 20 222
35 20 223
35 20 224
35 20 225
35 20 226
35 20 227
35 20 228
35 20 229
35 20 230
35 20 231
35 20 232
35 20 233
35 20 234
35 20 235
35 20 236
35 20 237
35 20 238
35 20 239
35 20 240
35 20 241
35 20 242
35 20 243
35 20 244
35 20 245
35 20 246
35 20 247
35 20 248
35 20 249
35 20 250
35 20 251
35 20 252
35 20 253
35 20 254
35 20 255
35 20 256
35 20 257
35 20 258
35 20 259
35 20 260
35 20 261
35 20 262
35 20 263
35 20 264
35 20 265
35 20 266
35 20 267
35 20 268
35 20 269
35 20 270
35 20 271
35 20 272
35 20 273
35 20 274
35 20 275
35 20 276
35 20 277
35 20 278
35 20 279
35 20 280
35 20 281
35 20 282
35 20 283
35 20 284
35 20 285
35 20 286
35 20 287
35 20 288
35 20 289
35 20 290
35 20 291
35 20 292
35 20 293
35 20 294
35 20 295
35 20 296
35 20 297
35 20 298
35 20 299
35 20 300
35 20 301
35 20 302
35 20 303
35 20 304
35 20 305
35 20 306
35 20 307
35 20 308
35 20 309
35 20 310
35 20 311
35 20 312
35 20 313
35 20 314
35 20 315
35 20 316
35 20 317
35 20 318
35 20 319
35 20 320
35 20 321
35 20 322
35 20 323
35 20 324
35 20 325
35 20 326
35 20 327
35 20 328
35 20 329
35 20 330
35 20 331
35 20 332
35 20 333
35 20 334
35 20 335
35 20 336
35 20 337
35 20 338
35 20 339
35 20 340
35 20 341
35 20 342
35 20 343
35 20 344
35 20 345
35 20 346
35 20 347
35 20 348
35 20 349
35 20 350
35 20 351
35 20 352
35 20 353
35 20 354
35 20 355
35 20 356
35 20 357
35 20 358
35 20 359
35 20 360
35 20 361
35 20 362
35 20 363
35 20 364
35 20 365
35 20 366
35 20 367
35 20 368
35 20 369
35 20 370
35 20 371
35 20 372
35 20 373
35 20 374
35 20 375
35 20 376
35 20 377
35 20 378
35 20 379
35 20 380
35 20 381
35 20 382
35 20 383
35 20 384
35 20 385
35 20 386
35 20 387
35 20 388
35 20 389
35 20 390
35 20 391
35 20 392
35 20 393
35 20 394
35 20 395
35 20 396
35 20 397
35 20 398
35 20 399
35 20 400
35 20 401
35 20 402
35 20 403
35 20 404
35 20 405
35 20 406
35 20 407
35 20 408
35 20 409
35 20 410
35 20 411
35 20 412
35 20 413
35 20 414
35 20 415
35 20 416
35 20 417
35 20 418
35 20 419
35 20 420
35 20 421
35 20 422
35 20 423
35 20 424
35 20 425
35 20 426
35 20 427
35 20 428
35 20 429
35 20 430
35 20 431
35 20 432
35 20 433
35 20 434
35 20 435
35 20 436
35 20 437
35 20 438
35 20 439
35 20 440
35 20 441
35 20 442
35 20 443
35 20 444
35 20 445
35 20 446
35 20 447
35 20 448
35 20 449
35 20 450
35 20 451
35 20 452
35 20 453
35 20 454
35 20 455
35 20 456
35 20 457
35 20 458
35 20 459
35 20 460
35 20 461
35 20 462
35 20 463
35 20 464
35 20 465
35 20 466
35 20 467
35 20 468
35 20 469
35 20 470
35 20 471
35 20 472
35 20 473
35 20 474
35 20 475
35 20 476
35 20 477
35 20 478
35 20 479
35 20 480
35 20 481
35 20 482
35 20 483
35 20 484
35 20 485
35 20 486
35 20 487
35 20 488
35 20 489
35 20 490
35 20 491
35 20 492
35 20 493
35 20 494
35 20 495
35 20 496
35 20 497
35 20 498
35 20 499
35 20 500
35 20 501
35 20 502
35 20 503
35 20 504
35 20 505
35 20 506
35 20 507
35 20 508
35 20 509
35 20 510
35 20 511
35 20 512
35 20 513
35 20 514
35 20 515
35 20 516
35 20 517
35 20 518
35 20 519
35 20 520
35 20 521
35 20 522
35 20 523
35 20 524
35 20 525
35 20 526
35 20 527
35 20 528
35 20 529
35 20 530
35 20 531
35 20 532
35 20 533
35 20 534
35 20 535
35 20 536
35 20 537
35 20 538
35 20 539
35 20 540
35 20 541
35 20 542
35 20 543
35 20 544
35 20 545
35 20 546
35 20 547
35 20 548
35 20 549
35 20 550
35 20 551
35 20 552
35 20 553
35 20 554
35 20 555
35 20 556
35 20 557
35 20 558
35 20 559
35 20 560
35 20 561
35 20 562
35 20 563
35 20 564
35 20 565
35 20 566
35 20 567
35 20 568
35 20 569
35 20 570
35 20 571
35 20 572
35 20 573
35 20 574
35 20 575
35 20 576
35 20 577
35 20 578
35 20 579
35 20 580
35 20 581
35 20 582
35 20 583
35 20 584
35 20 585
35 20 586
35 20 587
35 20 588
35 20 589
35 20 590
35 20 591
35 20 592
35 20 593
35 20 594
35 20 595
35 20 596
35 20 597
35 20 598
35 20 599
35 20 600
35 20 601
35 20 602
35 20 603
35 20 604
35 20 605
35 20 606
35 20 607
35 20 608
35 20 609
35 20 610
35 20 611
35 20 612
35 20 613
35 20 614
35 20 615
35 20 616
35 20 617
35 20 618
35 20 619
35 20 620
35 20 621
35 20 622
35 20 623
35 20 624
35 20 625
35 20 626
35 20 627
35 20 628
35 20 629
35 20 630
35 20 631
35 20 632
35 20 633
35 20 634
35 20 635
35 20 636
35 20 637
35 20 638
35 20 639
35 20 640
35 20 641
35 20 642
35 20 643
35 20 644
35 20 645
35 20 646
35 20 647
35 20 648
35 20 649
35 20 650
35 20 651
35 20 652
35 20 653
35 20 654
35 20 655
35 20 656
35 20 657
35 20 658
35 20 659
35 20 660
35 20 661
35 20 662
35 20 663
35 20 664
35 20 665
35 20 666
35 20 667
35 20 668
35 20 669
35 20 670
35 20 671
35 20 672
35 20 673
35 20 674
35 20 675
35 20 676
35 20 677
35 20 678
35 20 679
35 20 680
35 20 681
35 20 682
35 20 683
35 20 684
35 20 685
35 20 686
35 20 687
35 20 688
35 20 689
35 20 690
35 20 691
35 20 692
35 20 693
35 20 694
35 20 695
35 20 696
35 20 697
35 20 698
35 20 699
35 20 700
35 20 701
35 20 702
35 20 703
35 20 704
35 20 705
35 20 706
35 20 707
35 20 708
35 20 709
35 20 710
35 20 711
35 20 712
35 20 713
35 20 714
35 20 715
35 20 716
35 20 717
35 20 718
35 20 719
35 20 720
35 20 721
35 20 722
35 20 723
35 20 724
35 20 725
35 20 726
35 20 727
35 20 728
35 20 729
35 20 730
35 20 731
35 20 732
35 20 733
35 20 734
35 20 735
35 20 736
35 20 737
35 20 738
35 20 739
35 20 740
35 20 741
35 20 742
35 20 743
35 20 744
35 20 745
35 20 746
35 20 747
35 20 748
35 20 749
35 20 750
35 20 751
35 20 752
35 20 753
35 20 754
35 20 755
35 20 756
35 20 757
35 20 758
35 20 759
35 20 760
35 20 761
35 20 762
35 20 763
35 20 764
35 20 765
35 20 766
35 20 767
35 20 768
35 20 769
35 20 770
35 20 771
35 20 772
35 20 773
35 20 774
35 20 775
35 20 776
35 20 777
35 20 778
35 20 779
35 20 780
35 20 781
35 20 782
35 20 783
35 20 784
35 20 785
35 20 786
35 20 787
35 20 788
35 20 789
35 20 790
35 20 791
35 20 792
35 20 793
35 20 794
35 20 795
35 20 796
35 20 797
35 20 798
35 20 799
35 20 800
35 20 801
35 20 802
35 20 803
35 20 804
35 20 805
35 20 806
35 20 807
35 20 808
35 20 809
35 20 810
35 20 811
35 20 812
35 20 813
35 20 814
35 20 815
35 20 816
35 20 817
35 20 818
35 20 819
35 20 820
35 20 821
35 20 822
35 20 823
35 20 824
35 20 825
35 20 826
35 20 827
35 20 828
35 20 829
35 20 830
35 20 831
35 20 832
35 20 833
35 20 834
35 20 835
35 20 836
35 20 837
35 20 838
35 20 839
35 20 840
35 20 841
35 20 842
35 20 843
35 20 844
35 20 845
35 20 846
35 20 847
35 20 848
35 20 849
35 20 850
35 20 851
35 20 852
35 20 853
35 20 854
35 20 855
35 20 856
35 20 857
35 20 858
35 20 859
35 20 860
35 20 861
35 20 862
35 20 863
35 20 864
35 20 865
35 20 866
35 20 867
35 20 868
35 20 869
35 20 870
35 20 871
35 20 872
35 20 873
35 20 874
35 20 875
35 20 876
35 20 877
35 20 878
35 20 879
35 20 880
35 20 881
35 20 882
35 20 883
35 20 884
35 20 885
35 20 886
35 20 887
35 20 888
35 20 889
35 20 890
35 20 891
35 20 892
35 20 893
35 20 894
35 20 895
35 20 896
35 20 897
35 20 898
35 20 899
35 20 900
35 20 901
35 20 902
35 20 903
35 20 904
35 20 905
35 20 906
35 20 907
35 20 908
35 20 909
35 20 910
35 20 911
35 20 912
35 20 913
35 20 914
35 20 915
35 20 916
35 20 917
35 20 918
35 20 919
35 20 920
35 20 921
35 20 922
35 20 923
35 20 924
35 20 925
35 20 926
35 20 927
35 20 928
35 20 929
35 20 930
35 20 931
35 20 932
35 20 933
35 20 934
35 20 935
35 20 936
35 20 937
35 20 938
35 20 939
35 20 940
35 20 941
35 20 942
35 20 943
35 20 944
35 20 945
35 20 946
35 20 947
35 20 948
35 20 949
35 20 950
35 20 951
35 20 952
35 20 953
35 20 954
35 20 955
35 20 956
35 20 957
35 20 958
35 20 959
35 20 960
35 20 961
35 20 962
35 20 963
35 20 964
35 20 965
35 20 966
35 20 967
35 20 968
35 20 969
35 20 970
35 20 971
35 20 972
35 20 973
35 20 974
35 20 975
35 20 976
35 20 977
35 20 978
35 20 979
35 20 980
35 20 981
35 20 982
35 20 983
35 20 984
35 20 985
35 20 986
35 20 987
35 20 988
35 20 989
35 20 990
35 20 991
35 20 992
35 20 993
35 20 994
35 20 995
35 20 996
35 20 997
35 20 998
35 20 999
35 20 1000
35 20 1001
35 20 1002
35 20 1003
35 20 1004
35 20 1005
35 20 1006
35 20 1007
35 20 1008
35 20 1009
35 20 1010
35 20 1011
35 20 1012
35 20 1013
35 20 1014
35 20 1015
35 20 1016
35 20 1017
35 20 1018
35 20 1019
35 20 1020
35 20 1021
35 20 1022
35 20 1023
35 20 1024
35 20 1025
35 20 1026
35 20 1027
35 20 1028
35 20 1029
35 20 1030
35 20 1031
35 20 1032
35 20 1033
35 20 1034
35 20 1035
35 20 1036
35 20 1037
35 20 1038
35 20 1039
35 20 1040
35 20 1041
35 20 1042
35 20 1043
35 20 1044
35 20 1045
35 20 1046
35 20 1047
35 20 1048
35 20 1049
35 20 1050
35 20 1051
35 20 1052
35 20 1053
35 20 1054
35 20 1055
35 20 1056
35 20 1057
35 20 1058
35 20 1059
35 20 1060
35 20 1061
35 20 1062
35 20 1063
35 20 1064
35 20 1065
35 20 1066
35 20 1067
35 20 1068
35 20 1069
35 20 1070
35 20 1071
35 20 1072
35 20 1073
35 20 1074
35 20 1075
35 20 1076
35 20 1077
35 20 1078
35 20 1079
35 20 1080
35 20 1081
35 20 1082
35 20 1083
35 20 1084
35 20 1085
35 20 1086
35 20 1087
35 20 1088
35 20 1089
35 20 1090
35 20 1091
35 20 1092
35 20 1093
35 20 1094
35 20 1095
35 20 1096
35 20 1097
35 20 1098
35 20 1099
35 20 1100
35 20 1101
35 20 1102
35 20 1103
35 20 1104
35 20 1105
35 20 1106
35 20 1107
35 20 1108
35 20 1109
35 20 1110
35 20 1111
35 20 1112
35 20 1113
35 20 1114
35 20 1115
35 20 1116
35 20 1117
35 20 1118
35 20 1119
35 20 1120
35 20 1121
35 20 1122
35 20 1123
35 20 1124
35 20 1125
35 20 1126
35 20 1127
35 20 1128
35 20 1129
35 20 1130
35 20 1131
35 20 1132
35 20 1133
35 20 1134
35 20 1135
35 20 1136
35 20 1137
35 20 1138
35 20 1139
35 20 1140
35 20 1141
35 20 1142
35 20 1143
35 20 1144
35 20 1145
35 20 1146
35 20 1147
35 20 1148
35 20 1149
35 20 1150
35 20 1151
35 20 1152
35 20 1153
35 20 1154
35 20 1155
35 20 1156
35 20 1157
35 20 1158
35 20 1159
35 20 1160
35 20 1161
35 20 1162
35 20 1163
35 20 1164
35 20 1165
35 20 1166
35 20 1167
35 20 1168
35 20 1169
35 20 1170
35 20 1171
35 20 1172
35 20 1173
35 20 1174
35 20 1175
35 20 1176
35 20 1177
35 20 1178
35 20 1179
35 20 1180
35 20 1181
35 20 1182
35 20 1183
35 20 1184
35 20 1185
35 20 1186
35 20 1187
35 20 1188
35 20 1189
35 20 1190
35 20 1191
35 20 1192
35 20 1193
35 20 1194
35 20 1195
35 20 1196
35 20 1197
35 20 1198
35 20 1199
35 20 1200
35 20 1201
35 20 1202
35 20 1203
35 20 1204
35 20 1205
35 20 1206
35 20 1207
35 20 1208
35 20 1209
35 20 1210
35 20 1211
35 20 1212
35 20 1213
35 20 1214
35 20 1215
35 20 1216
35 20 1217
35 20 1218
35 20 1219
35 20 1220
35 20 1221
35 20 1222
35 20 1223
35 20 1224
35 20 1225
35 20 1226
35 20 1227
35 20 1228
35 20 1229
35 20 1230
35 20 1231
35 20 1232
35 20 1233
35 20 1234
35 20 1235
35 20 1236
35 20 1237
35 20 1238
35 20 1239
35 20 1240
35 20 1241
35 20 1242
35 20 1243
35 20 1244
35 20 1245
35 20 1246
35 20 1247
35 20 1248
35 20 1249
35 20 1250
35 20 1251
35 20 1252
35 20 1253
35 20 1254
35 20 1255
35 20 1256
35 20 1257
35 20 1258
35 20 1259
35 20 1260
35 20 1261
35 20 1262
35 20 1263
35 20 1264
35 20 1265
35 20 1266
35 20 1267
35 20 1268
35 20 1269
35 20 1270
35 20 1271
35 20 1272
35 20 1273
35 20 1274
35 20 1275
35 20 1276
35 20 1277
35 20 1278
35 20 1279
35 20 1280
35 20 1281
35 20 1282
35 20 1283
35 20 1284
35 20 1285
35 20 1286
35 20 1287
35 20 1288
35 20 1289
35 20 1290
35 20 1291
35 20 1292
35 20 1293
35 20 1294
35 20 1295
35 20 1296
35 20 1297
35 20 1298
35 20 1299
35 20 1300
35 20 1301
35 20 1302
35 20 1303
35 20 1304
35 20 1305
35 20 1306
35 20 1307
35 20 1308
35 20 1309
35 20 1310
35 20 1311
35 20 1312
35 20 1313
35 20 1314
35 20 1315
35 20 1316
35 20 1317
35 20 1318
35 20 1319
35 20 1320
35 20 1321
35 20 1322
35 20 1323
35 20 1324
35 20 1325
35 20 1326
35 20 1327
35 20 1328
35 20 1329
35 20 1330
35 20 1331
35 20 1332
35 20 1333
35 20 1334
35 20 1335
35 20 1336
35 20 1337
35 20 1338
35 20 1339
35 20 1340
35 20 1341
35 20 1342
35 20 1343
35 20 1344
35 20 1345
35 20 1346
35 20 1347
35 20 1348
35 20 1349
35 20 1350
35 20 1351
35 20 1352
35 20 1353
35 20 1354
35 20 1355
35 20 1356
35 20 1357
35 20 1358
35 20 1359
35 20 1360
35 20 1361
35 20 1362
35 20 1363
35 20 1364
35 20 1365
35 20 1366
35 20 1367
35 20 1368
35 20 1369
35 20 1370
35 20 1371
35 20 1372
35 20 1373
35 20 1374
35 20 1375
35 20 1376
35 20 1377
35 20 1378
35 20 1379
35 20 1380
35 20 1381
35 20 1382
35 20 1383
35 20 1384
35 20 1385
35 20 1386
35 20 1387
35 20 1388
35 20 1389
35 20 1390
35 20 1391
35 20 1392
35 20 1393
35 20 1394
35 20 1395
35 20 1396
35 20 1397
35 20 1398
35 20 1399
35 20 1400
35 20 1401
35 20 1402
35 20 1403
35 20 1404
35 20 1405
35 20 1406
35 20 1407
35 20 1408
35 20 1409
35 20 1410
35 20 1411
35 20 1412
35 20 1413
35 20 1414
35 20 1415
35 20 1416
35 20 1417
35 20 1418
35 20 1419
35 20 1420
35 20 1421
35 20 1422
35 20 1423
35 20 1424
35 20 1425
35 20 1426
35 20 1427
35 20 1428
35 20 1429
35 20 1430
35 20 1431
35 20 1432
35 20 1433
35 20 1434
35 20 1435
35 20 1436
35 20 1437
35 20 1438
35 20 1439
35 20 1440
35 20 1441
35 20 1442
35 20 1443
35 20 1444
35 20 1445
35 20 1446
35 20 1447
35 20 1448
35 20 1449
35 20 1450
35 20 1451
35 20 1452
35 20 1453
35 20 1454
35 20 1455
35 20 1456
35 20 1457
35 20 1458
35 20 1459
35 20 1460
35 20 1461
35 20 1462
35 20 1463
35 20 1464
35 20 1465
35 20 1466
35 20 1467
35 20 1468
35 20 1469
35 20 1470
35 20 1471
35 20 1472
35 20 1473
35 20 1474
35 20 1475
35 20 1476
35 20 1477
35 20 1478
35 20 1479
35 20 1480
35 20 1481
35 20 1482
35 20 1483
35 20 1484
35 20 1485
35 20 1486
35 20 1487
35 20 1488
35 20 1489
35 20 1490
35 20 1491
35 20 1492
35 20 1493
35 20 1494
35 20 1495
35 20 1496
35 20 1497
35 20 1498
35 20 1499
35 20 1500
35 20 1501
35 20 1502
35 20 1503
35 20 1504
35 20 1505
35 20 1506
35 20 1507
35 20 1508
35 20 1509
35 20 1510
35 20 1511
35 20 1512
35 20 1513
35 20 1514
35 20 1515
35 20 1516
35 20 1517
35 20 1518
35 20 1519
35 20 1520
35 20 1521
35 20 1522
35 20 1523
35 20 1524
35 20 1525
35 20 1526
35 20 1527
35 20 1528
35 20 1529
35 20 1530
35 20 1531
35 20 1532
35 20 1533
35 20 1534
35 20 1535
35 20 1536
35 20 1537
35 20 1538
35 20 1539
35 20 1540
35 20 1541
35 20 1542
35 20 1543
35 20 1544
35 20 1545
35 20 1546
35 20 1547
35 20 1548
35 20 1549
35 20 1550
35 20 1551
35 20 1552
35 20 1553
35 20 1554
35 20 1555
35 20 1556
35 20 1557
35 20 1558
35 20 1559
35 20 1560
35 20 1561
35 20 1562
35 20 1563
35 20 1564
35 20 1565
35 20 1566
35 20 1567
35 20 1568
35 20 1569
35 20 1570
35 20 1571
35 20 1572
35 20 1573
35 20 1574
35 20 1575
35 20 1576
35 20 1577
35 20 1578
35 20 1579
35 20 1580
35 20 1581
35 20 1582
35 20 1583
35 20 1584
35 20 1585
35 20 1586
35 20 1587
35 20 1588
35 20 1589
35 20 1590
35 20 1591
35 20 1592
35 20 1593
35 20 1594
35 20 1595
35 20 1596
35 20 1597
35 20 1598
35 20 1599
35 20 1600
35 20 1601
35 20 1602
35 20 1603
35 20 1604
35 20 1605
35 20 1606
35 20 1607
35 20 1608
35 20 1609
35 20 1610
35 20 1611
35 20 1612
35 20 1613
35 20 1614
35 20 1615
35 20 1616
35 20 1617
35 20 1618
35 20 1619
35 20 1620
35 20 1621
35 20 1622
35 20 1623
35 20 1624
35 20 1625
35 20 1626
35 20 1627
35 20 1628
35 20 1629
35 20 1630
35 20 1631
35 20 1632
35 20 1633
35 20 1634
35 20 1635
35 20 1636
35 20 1637
35 20 1638
35 20 1639
35 20 1640
35 20 1641
35 20 1642
35 20 1643
35 20 1644
35 20 1645
35 20 1646
35 20 1647
35 20 1648
35 20 1649
35 20 1650
35 20 1651
35 20 1652
35 20 1653
35 20 1654
35 20 1655
35 20 1656
35 20 1657
35 20 1658
35 20 1659
35 20 1660
35 20 1661
35 20 1662
35 20 1663
35 20 1664
35 20 1665
35 20 1666
35 20 1667
35 20 1668
35 20 1669
35 20 1670
35 20 1671
35 20 1672
35 20 1673
35 20 1674
35 20 1675
35 20 1676
35 20 1677
35 20 1678
35 20 1679
35 20 1680
35 20 1681
35 20 1682
35 20 1683
35 20 1684
35 20 1685
35 20 1686
35 20 1687
35 20 1688
35 20 1689
35 20 1690
35 20 1691
35 20 1692
35 20 1693
35 20 1694
35 20 1695
35 20 1696
35 20 1697
35 20 1698
35 20 1699
35 20 1700
35 20 1701
35 20 1702
35 20 1703
35 20 1704
35 20 1705
35 20 1706
35 20 1707
35 20 1708
35 20 1709
35 20 1710
35 20 1711
35 20 1712
35 20 1713
35 20 1714
35 20 1715
35 20 1716
35 20 1717
35 20 1718
35 20 1719
35 20 1720
35 20 1721
35 20 1722
35 20 1723
35 20 1724
35 20 1725
35 20 1726
35 20 1727
35 20 1728
35 20 1729
35 20 1730
35 20 1731
35 20 1732
35 20 1733
35 20 1734
35 20 1735
35 20 1736
35 20 1737
35 20 1738
35 20 1739
35 20 1740
35 20 1741
35 20 1742
35 20 1743
35 20 1744
35 20 1745
35 20 1746
35 20 1747
35 20 1748
35 20 1749
35 20 1750
35 20 1751
35 20 1752
35 20 1753
35 20 1754
35 20 1755
35 20 1756
35 20 1757
35 20 1758
35 20 1759
35 20 1760
35 20 1761
35 20 1762
35 20 1763
35 20 1764
35 20 1765
35 20 1766
35 20 1767
35 20 1768
35 20 1769
35 20 1770
35 20 1771
35 20 1772
35 20 1773
35 20 1774
35 20 1775
35 20 1776
35 20 1777
35 20 1778
35 20 1779
35 20 1780
35 20 1781
35 20 1782
35 20 1783
35 20 1784
35 20 1785
35 20 1786
35 20 1787
35 20 1788
35 20 1789
35 20 1790
35 20 1791
35 20 1792
35 20 1793
35 20 1794
35 20 1795
35 20 1796
35 20 1797
35 20 1798
35 20 1799
35 20 1800
35 20 1801
35 20 1802
35 20 1803
35 20 1804
35 20 1805
35 20 1806
35 20 1807
35 20 1808
35 20 1809
35 20 1810
35 20 1811
35 20 1812
35 20 1813
35 20 1814
35 20 1815
35 20 1816
35 20 1817
35 20 1818
35 20 1819
35 20 1820
35 20 1821
35 20 1822
35 20 1823
35 20 1824
35 20 1825
35 20 1826
35 20 1827
35 20 1828
35 20 1829
35 20 1830
35 20 1831
35 20 1832
35 20 1833
35 20 1834
35 20 1835
35 20 1836
35 20 1837
35 20 1838
35 20 1839
35 20 1840
35 20 1841
35 20 1842
35 20 1843
35 20 1844
35 20 1845
35 20 1846
35 20 1847
35 20 1848
35 20 1849
35 20 1850
35 20 1851
35 20 1852
35 20 1853
35 20 1854
35 20 1855
35 20 1856
35 20 1857
35 20 1858
35 20 1859
35 20 1860
35 20 1861
35 20 1862
35 20 1863
35 20 1864
35 20 1865
35 20 1866
35 20 1867
35 20 1868
35 20 1869
35 20 1870
35 20 1871
35 20 1872
35 20 1873
35 20 1874
35 20 1875
35 20 1876
35 20 1877
35 20 1878
35 20 1879
35 20 1880
35 20 1881
35 20 1882
35 20 1883
35 20 1884
35 20 1885
35 20 1886
35 20 1887
35 20 1888
35 20 1889
35 20 1890
35 20 1891
35 20 1892
35 20 1893
35 20 1894
35 20 1895
35 20 1896
35 20 1897
35 20 1898
35 20 1899
35 20 1900
35 20 1901
35 20 1902
35 20 1903
35 20 1904
35 20 1905
35 20 1906
35 20 1907
35 20 1908
35 20 1909
35 20 1910
35 20 1911
35 20 1912
35 20 1913
35 20 1914
35 20 1915
35 20 1916
35 20 1917
35 20 1918
35 20 1919
35 20 1920
35 20 1921
35 20 1922
35 20 1923
35 20 1924
35 20 1925
35 20 1926
35 20 1927
35 20 1928
35 20 1929
35 20 1930
35 20 1931
35 20 1932
35 20 1933
35 20 1934
35 20 1935
35 20 1936
35 20 1937
35 20 1938
35 20 1939
35 20 1940
35 20 1941
35 20 1942
35 20 1943
35 20 1944
35 20 1945
35 20 1946
35 20 1947
35 20 1948
35 20 1949
35 20 1950
35 20 1951
35 20 1952
35 20 1953
35 20 1954
35 20 1955
35 20 1956
35 20 1957
35 20 1958
35 20 1959
35 20 1960
35 20 1961
35 20 1962
35 20 1963
35 20 1964
35 20 1965
35 20 1966
35 20 1967
35 20 1968
35 20 1969
35 20 1970
35 20 1971
35 20 1972
35 20 1973
35 20 1974
35 20 1975
35 20 1976
35 20 1977
35 20 1978
35 20 1979
35 20 1980
35 20 1981
35 20 1982
35 20 1983
35 20 1984
35 20 1985
35 20 1986
35 20 1987
35 20 1988
35 20 1989
35 20 1990
35 20 1991
35 20 1992
35 20 1993
35 20 1994
35 20 1995
35 20 1996
35 20 1997
35 20 1998
35 20 1999
35 20 2000
35 20 2001
35 20 2002
35 20 2003
35 20 2004
35 20 2005
35 20 2006
35 20 2007
35 20 2008
35 20 2009
35 20 2010
35 20 2011
35 20 2012
35 20 2013
35 20 2014
35 20 2015
35 20 2016
35 20 2017
35 20 2018
35 20 2019
35 20 2020
35 20 2021
35 20 2022
35 20 2023
35 20 2024
35 20 2025
35 20 2026
35 20 2027
35 20 2028
35 20 2029
35 20 2030
35 20 2031
35 20 2032
35 20 2033
35 20 2034
35 20 2035
35 20 2036
35 20 2037
35 20 2038
35 20 2039
35 20 2040
35 20 2041
35 20 2042
35 20 2043
35 20 2044
35 20 2045
35 20 2046
35 20 2047
35 20 2048
35 20 2049
35 20 2050
35 20 2051
35 20 2052
35 20 2053
35 20 2054
35 20 2055
35 20 2056
35 20 2057
35 20 2058
35 20 2059
35 20 2060
35 20 2061
35 20 2062
35 20 2063
35 20 2064
35 20 2065
35 20 2066
35 20 2067
35 20 2068
35 20 2069
35 20 2070
35 20 2071
35 20 2072
35 20 2073
35 20 2074
35 20 2075
35 20 2076
35 20 2077
35 20 2078
35 20 2079
35 20 2080
35 20 2081
35 20 2082
35 20 2083
35 20 2084
35 20 2085
35 20 2086
35 20 2087
35 20 2088
35 20 2089
35 20 2090
35 20 2091
35 20 2092
35 20 2093
35 20 2094
35 20 2095
35 20 2096
35 20 2097
35 20 2098
35 20 2099
35 20 2100
35 20 2101
35 20 2102
35 20 2103
35 20 2104
35 20 2105
35 20 2106
35 20 2107
35 20 2108
35 20 2109
35 20 2110
35 20 2111
35 20 2112
35 20 2113
35 20 2114
35 20 2115
35 20 2116
35 20 2117
35 20 2118
35 20 2119
35 20 2120
35 20 2121
35 20 2122
35 20 2123
35 20 2124
35 20 2125
35 20 2126
35 20 2127
35 20 2128
35 20 2129
35 20 2130
35 20 2131
35 20 2132
35 20 2133
35 20 2134
35 20 2135
35 20 2136
35 20 2137
35 20 2138
35 20 2139
35 20 2140
35 20 2141
35 20 2142
35 20 2143
35 20 2144
35 20 2145
35 20 2146
35 20 2147
35 20 2148
35 20 2149
35 20 2150
35 20 2151
35 20 2152
35 20 2153
35 20 2154
35 20 2155
35 20 2156
35 20 2157
35 20 2158
35 20 2159
35 20 2160
35 20 2161
35 20 2162
35 20 2163
35 20 2164
35 20 2165
35 20 2166
35 20 2167
35 20 2168
35 20 2169
35 20 2170
35 20 2171
35 20 2172
35 20 2173
35 20 2174
35 20 2175
35 20 2176
35 20 2177
35 20 2178
35 20 2179
35 20 2180
35 20 2181
35 20 2182
35 20 2183
35 20 2184
35 20 2185
35 20 2186
35 20 2187
35 20 2188
35 20 2189
35 20 2190
35 20 2191
35 20 2192
35 20 2193
35 20 2194
35 20 2195
35 20 2196
35 20 2197
35 20 2198
35 20 2199
35 20 2200
35 20 2201
35 20 2202
35 20 2203
35 20 2204
35 20 2205
35 20 2206
35 20 2207
35 20 2208
35 20 2209
35 20 2210
35 20 2211
35 20 2212
35 20 2213
35 20 2214
35 20 2215
35 20 2216
35 20 2217
35 20 2218
35 20 2219
35 20 2220
35 20 2221
35 20 2222
35 20 2223
35 20 2224
35 20 2225
35 20 2226
35 20 2227
35 20 2228
35 20 2229
35 20 2230
35 20 2231
35 20 2232
35 20 2233
35 20 2234
35 20 2235
35 20 2236
35 20 2237
35 20 2238
35 20 2239
35 20 2240
35 20 2241
35 20 2242
35 20 2243
35 20 2244
35 20 2245
35 20 2246
35 20 2247
35 20 2248
35 20 2249
35 20 2250
35 20 2251
35 20 2252
35 20 2253
35 20 2254
35 20 2255
35 20 2256
35 20 2257
35 20 2258
35 20 2259
35 20 2260
35 20 2261
35 20 2262
35 20 2263
35 20 2264
35 20 2265
35 20 2266
35 20 2267
35 20 2268
35 20 2269
35 20 2270
35 20 2271
35 20 2272
35 20 2273
35 20 2274
35 20 2275
35 20 2276
35 20 2277
35 20 2278
35 20 2279
35 20 2280
35 20 2281
35 20 2282
35 20 2283
35 20 2284
35 20 2285
35 20 2286
35 20 2287
35 20 2288
35 20 2289
35 20 2290
35 20 2291
35 20 2292
35 20 2293
35 20 2294
35 20 2295
35 20 2296
35 20 2297
35 20 2298
35 20 2299
35 20 2300
35 20 2301
35 20 2302
35 20 2303
35 20 2304
35 20 2305
35 20 2306
35 20 2307
35 20 2308
35 20 2309
35 20 2310
35 20 2311
35 20 2312
35 20 2313
35 20 2314
35 20 2315
35 20 2316
35 20 2317
35 20 2318
35 20 2319
35 20 2320
35 20 2321
35 20 2322
35 20 2323
35 20 2324
35 20 2325
35 20 2326
35 20 2327
35 20 2328
35 20 2329
35 20 2330
35 20 2331
35 20 2332
35 20 2333
35 20 2334
35 20 2335
35 20 2336
35 20 2337
35 20 2338
35 20 2339
35 20 2340
35 20 2341
35 20 2342
35 20 2343
35 20 2344
35 20 2345
35 20 2346
35 20 2347
35 20 2348
35 20 2349
35 20 2350
35 20 2351
35 20 2352
35 20 2353
35 20 2354
35 20 2355
35 20 2356
35 20 2357
35 20 2358
35 20 2359
35 20 2360
35 20 2361
35 20 2362
35 20 2363
35 20 2364
35 20 2365
35 20 2366
35 20 2367
35 20 2368
35 20 2369
35 20 2370
35 20 2371
35 20 2372
35 20 2373
35 20 2374
35 20 2375
35 20 2376
35 20 2377
35 20 2378
35 20 2379
35 20 2380
35 20 2381
35 20 2382
35 20 2383
35 20 2384
35 20 2385
35 20 2386
35 20 2387
35 20 2388
35 20 2389
35 20 2390
35 20 2391
35 20 2392
35 20 2393
35 20 2394
35 20 2395
35 20 2396
35 20 2397
35 20 2398
35 20 2399
35 20 2400
35 20 2401
35 20 2402
35 20 2403
35 20 2404
35 20 2405
35 20 2406
35 20 2407
35 20 2408
35 20 2409
35 20 2410
35 20 2411
35 20 2412
35 20 2413
35 20 2414
35 20 2415
35 20 2416
35 20 2417
35 20 2418
35 20 2419
35 20 2420
35 20 2421
35 20 2422
35 20 2423
35 20 2424
35 20 2425
35 20 2426
35 20 2427
35 20 2428
35 20 2429
35 20 2430
35 20 2431
35 20 2432
35 20 2433
35 20 2434
35 20 2435
35 20 2436
35 20 2437
35 20 2438
35 20 2439
35 20 2440
35 20 2441
35 20 2442
35 20 2443
35 20 2444
35 20 2445
35 20 2446
35 20 2447
35 20 2448
35 20 2449
35 20 2450
35 20 2451
35 20 2452
35 20 2453
35 20 2454
35 20 2455
35 20 2456
35 20 2457
