3 40 1
3 40 2
3 40 3
3 40 4
3 40 5
3 40 6
3 40 7
3 40 8
3 40 9
3 40 10
3 40 11
3 40 12
3 40 13
3 40 14
3 40 15
3 40 16
3 40 17
3 40 18
3 40 19
3 40 20
3 40 21
3 40 22
3 40 23
3 40 24
3 40 25
3 40 26
3 40 27
3 40 28
3 40 29
3 40 30
3 40 31
3 40 32
3 40 33
3 40 34
3 40 35
3 40 36
3 40 37
3 40 38
3 40 39
3 40 40
3 40 41
3 40 42
3 40 43
3 40 44
3 40 45
3 40 46
3 40 47
3 40 48
3 40 49
3 40 50
3 40 51
3 40 52
3 40 53
3 40 54
3 40 55
3 40 56
3 40 57
3 40 58
3 40 59
3 40 60
3 40 61
3 40 62
3 40 63
3 40 64
3 40 65
3 40 66
3 40 67
3 40 68
3 40 69
3 40 70
3 40 71
3 40 72
3 40 73
3 40 74
3 40 75
3 40 76
3 40 77
3 40 78
3 40 79
3 40 80
3 40 81
3 40 82
3 40 83
3 40 84
3 40 85
3 40 86
3 40 87
3 40 88
3 40 89
3 40 90
3 40 91
3 40 92
3 40 93
3 40 94
3 40 95
3 40 96
3 40 97
3 40 98
3 40 99
3 40 100
3 40 101
3 40 102
3 40 103
3 40 104
3 40 105
3 40 106
3 40 107
3 40 108
3 40 109
3 40 110
3 40 111
3 40 112
3 40 113
3 40 114
3 40 115
3 40 116
3 40 117
3 40 118
3 40 119
3 40 120
3 40 121
3 40 122
3 40 123
3 40 124
3 40 125
3 40 126
3 40 127
3 40 128
3 40 129
3 40 130
3 40 131
3 40 132
3 40 133
3 40 134
3 40 135
3 40 136
3 40 137
3 40 138
3 40 139
3 40 140
3 40 141
3 40 142
3 40 143
3 40 144
3 40 145
3 40 146
3 40 147
3 40 148
3 40 149
3 40 150
3 40 151
3 40 152
3 40 153
3 40 154
3 40 155
3 40 156
3 40 157
3 40 158
3 40 159
3 40 160
3 40 161
3 40 162
3 40 163
3 40 164
3 40 165
3 40 166
3 40 167
3 40 168
3 40 169
3 40 170
3 40 171
3 40 172
3 40 173
3 40 174
3 40 175
3 40 176
3 40 177
3 40 178
3 40 179
3 40 180
3 40 181
3 40 182
3 40 183
3 40 184
3 40 185
3 40 186
3 40 187
3 40 188
3 40 189
3 40 190
3 40 191
3 40 192
3 40 193
3 40 194
3 40 195
3 40 196
3 40 197
3 40 198
3 40 199
3 40 200
3 40 201
3 40 202
3 40 203
3 40 204
3 40 205
3 40 206
3 40 207
3 40 208
3 40 209
3 40 210
3 40 211
3 40 212
3 40 213
3 40 214
3 40 215
3 40 216
3 40 217
3 40 218
3 40 219
3 40 220
3 40 221
3 40 222
3 40 223
3 40 224
3 40 225
3 40 226
3 40 227
3 40 228
3 40 229
3 40 230
3 40 231
3 40 232
3 40 233
3 40 234
3 40 235
3 40 236
3 40 237
3 40 238
3 40 239
3 40 240
3 40 241
3 40 242
3 40 243
3 40 244
3 40 245
3 40 246
3 40 247
3 40 248
3 40 249
3 40 250
3 40 251
3 40 252
3 40 253
3 40 254
3 40 255
3 40 256
3 40 257
3 40 258
3 40 259
3 40 260
3 40 261
3 40 262
3 40 263
3 40 264
3 40 265
3 40 266
3 40 267
3 40 268
3 40 269
3 40 270
3 40 271
3 40 272
3 40 273
3 40 274
3 40 275
3 40 276
3 40 277
3 40 278
3 40 279
3 40 280
3 40 281
3 40 282
3 40 283
3 40 284
3 40 285
3 40 286
3 40 287
3 40 288
3 40 289
3 40 290
3 40 291
3 40 292
3 40 293
3 40 294
3 40 295
3 40 296
3 40 297
3 40 298
3 40 299
3 40 300
3 40 301
3 40 302
3 40 303
3 40 304
3 40 305
3 40 306
3 40 307
3 40 308
3 40 309
3 40 310
3 40 311
3 40 312
3 40 313
3 40 314
3 40 315
3 40 316
3 40 317
3 40 318
3 40 319
3 40 320
3 40 321
3 40 322
3 40 323
3 40 324
3 40 325
3 40 326
3 40 327
3 40 328
3 40 329
3 40 330
3 40 331
3 40 332
3 40 333
3 40 334
3 40 335
3 40 336
3 40 337
3 40 338
3 40 339
3 40 340
3 40 341
3 40 342
3 40 343
3 40 344
3 40 345
3 40 346
3 40 347
3 40 348
3 40 349
3 40 350
3 40 351
3 40 352
3 40 353
3 40 354
3 40 355
3 40 356
3 40 357
3 40 358
3 40 359
3 40 360
3 40 361
3 40 362
3 40 363
3 40 364
3 40 365
3 40 366
3 40 367
3 40 368
3 40 369
3 40 370
3 40 371
3 40 372
3 40 373
3 40 374
3 40 375
3 40 376
3 40 377
3 40 378
3 40 379
3 40 380
3 40 381
3 40 382
3 40 383
3 40 384
3 40 385
3 40 386
3 40 387
3 40 388
3 40 389
3 40 390
3 40 391
3 40 392
3 40 393
3 40 394
3 40 395
3 40 396
3 40 397
3 40 398
3 40 399
3 40 400
3 40 401
3 40 402
3 40 403
3 40 404
3 40 405
3 40 406
3 40 407
3 40 408
3 40 409
