9 40 1
9 40 2
9 40 3
9 40 4
9 40 5
9 40 6
9 40 7
9 40 8
9 40 9
9 40 10
9 40 11
9 40 12
9 40 13
9 40 14
9 40 15
9 40 16
9 40 17
9 40 18
9 40 19
9 40 20
9 40 21
9 40 22
9 40 23
9 40 24
9 40 25
9 40 26
9 40 27
9 40 28
9 40 29
9 40 30
9 40 31
9 40 32
9 40 33
9 40 34
9 40 35
9 40 36
9 40 37
9 40 38
9 40 39
9 40 40
9 40 41
9 40 42
9 40 43
9 40 44
9 40 45
9 40 46
9 40 47
9 40 48
9 40 49
9 40 50
9 40 51
9 40 52
9 40 53
9 40 54
9 40 55
9 40 56
9 40 57
9 40 58
9 40 59
9 40 60
9 40 61
9 40 62
9 40 63
9 40 64
9 40 65
9 40 66
9 40 67
9 40 68
9 40 69
9 40 70
9 40 71
9 40 72
9 40 73
9 40 74
9 40 75
9 40 76
9 40 77
9 40 78
9 40 79
9 40 80
9 40 81
9 40 82
9 40 83
9 40 84
9 40 85
9 40 86
9 40 87
9 40 88
9 40 89
9 40 90
9 40 91
9 40 92
9 40 93
9 40 94
9 40 95
9 40 96
9 40 97
9 40 98
9 40 99
9 40 100
9 40 101
9 40 102
9 40 103
9 40 104
9 40 105
9 40 106
9 40 107
9 40 108
9 40 109
9 40 110
9 40 111
9 40 112
9 40 113
9 40 114
9 40 115
9 40 116
9 40 117
9 40 118
9 40 119
9 40 120
9 40 121
9 40 122
9 40 123
9 40 124
9 40 125
9 40 126
9 40 127
9 40 128
9 40 129
9 40 130
9 40 131
9 40 132
9 40 133
9 40 134
9 40 135
9 40 136
9 40 137
9 40 138
9 40 139
9 40 140
9 40 141
9 40 142
9 40 143
9 40 144
9 40 145
9 40 146
9 40 147
9 40 148
9 40 149
9 40 150
9 40 151
9 40 152
9 40 153
9 40 154
9 40 155
9 40 156
9 40 157
9 40 158
9 40 159
9 40 160
9 40 161
9 40 162
9 40 163
9 40 164
9 40 165
9 40 166
9 40 167
9 40 168
9 40 169
9 40 170
9 40 171
9 40 172
9 40 173
9 40 174
9 40 175
9 40 176
9 40 177
9 40 178
9 40 179
9 40 180
9 40 181
9 40 182
9 40 183
9 40 184
9 40 185
9 40 186
9 40 187
9 40 188
9 40 189
9 40 190
9 40 191
9 40 192
9 40 193
9 40 194
9 40 195
9 40 196
9 40 197
9 40 198
9 40 199
9 40 200
9 40 201
9 40 202
9 40 203
9 40 204
9 40 205
9 40 206
9 40 207
9 40 208
9 40 209
9 40 210
9 40 211
9 40 212
9 40 213
9 40 214
9 40 215
9 40 216
9 40 217
9 40 218
9 40 219
9 40 220
9 40 221
9 40 222
9 40 223
9 40 224
9 40 225
9 40 226
9 40 227
9 40 228
9 40 229
9 40 230
9 40 231
9 40 232
9 40 233
9 40 234
9 40 235
9 40 236
9 40 237
9 40 238
9 40 239
9 40 240
9 40 241
9 40 242
9 40 243
9 40 244
9 40 245
9 40 246
9 40 247
9 40 248
9 40 249
9 40 250
9 40 251
9 40 252
9 40 253
9 40 254
9 40 255
9 40 256
9 40 257
9 40 258
9 40 259
9 40 260
9 40 261
9 40 262
9 40 263
9 40 264
9 40 265
9 40 266
9 40 267
9 40 268
9 40 269
9 40 270
9 40 271
9 40 272
9 40 273
9 40 274
9 40 275
9 40 276
9 40 277
9 40 278
9 40 279
9 40 280
9 40 281
9 40 282
9 40 283
9 40 284
9 40 285
9 40 286
9 40 287
9 40 288
9 40 289
9 40 290
9 40 291
9 40 292
9 40 293
9 40 294
9 40 295
9 40 296
9 40 297
9 40 298
9 40 299
9 40 300
9 40 301
9 40 302
9 40 303
9 40 304
9 40 305
9 40 306
9 40 307
9 40 308
9 40 309
9 40 310
9 40 311
9 40 312
9 40 313
9 40 314
9 40 315
9 40 316
9 40 317
9 40 318
9 40 319
9 40 320
9 40 321
9 40 322
9 40 323
9 40 324
9 40 325
9 40 326
9 40 327
9 40 328
9 40 329
9 40 330
9 40 331
9 40 332
9 40 333
9 40 334
9 40 335
9 40 336
9 40 337
9 40 338
9 40 339
9 40 340
9 40 341
9 40 342
9 40 343
9 40 344
9 40 345
9 40 346
9 40 347
9 40 348
9 40 349
9 40 350
9 40 351
9 40 352
9 40 353
9 40 354
9 40 355
9 40 356
9 40 357
9 40 358
9 40 359
9 40 360
9 40 361
9 40 362
9 40 363
9 40 364
9 40 365
9 40 366
9 40 367
9 40 368
9 40 369
9 40 370
9 40 371
9 40 372
9 40 373
9 40 374
9 40 375
9 40 376
9 40 377
9 40 378
9 40 379
9 40 380
9 40 381
9 40 382
9 40 383
9 40 384
9 40 385
9 40 386
9 40 387
9 40 388
9 40 389
9 40 390
9 40 391
9 40 392
9 40 393
9 40 394
9 40 395
9 40 396
9 40 397
9 40 398
9 40 399
9 40 400
9 40 401
9 40 402
9 40 403
9 40 404
9 40 405
9 40 406
9 40 407
9 40 408
9 40 409
9 40 410
9 40 411
9 40 412
9 40 413
9 40 414
9 40 415
9 40 416
9 40 417
9 40 418
9 40 419
9 40 420
9 40 421
9 40 422
9 40 423
9 40 424
9 40 425
9 40 426
9 40 427
9 40 428
9 40 429
9 40 430
9 40 431
9 40 432
9 40 433
9 40 434
9 40 435
9 40 436
9 40 437
9 40 438
9 40 439
9 40 440
9 40 441
9 40 442
9 40 443
9 40 444
9 40 445
9 40 446
9 40 447
9 40 448
9 40 449
9 40 450
9 40 451
9 40 452
9 40 453
9 40 454
9 40 455
9 40 456
9 40 457
9 40 458
9 40 459
9 40 460
9 40 461
9 40 462
9 40 463
9 40 464
9 40 465
9 40 466
9 40 467
9 40 468
9 40 469
9 40 470
9 40 471
9 40 472
9 40 473
9 40 474
9 40 475
9 40 476
9 40 477
9 40 478
9 40 479
9 40 480
9 40 481
9 40 482
9 40 483
9 40 484
9 40 485
9 40 486
9 40 487
9 40 488
9 40 489
9 40 490
9 40 491
9 40 492
9 40 493
9 40 494
9 40 495
9 40 496
9 40 497
9 40 498
9 40 499
9 40 500
9 40 501
9 40 502
9 40 503
9 40 504
9 40 505
9 40 506
9 40 507
9 40 508
9 40 509
9 40 510
9 40 511
9 40 512
9 40 513
9 40 514
9 40 515
9 40 516
9 40 517
9 40 518
9 40 519
9 40 520
9 40 521
9 40 522
9 40 523
9 40 524
9 40 525
9 40 526
9 40 527
9 40 528
9 40 529
9 40 530
9 40 531
9 40 532
9 40 533
9 40 534
9 40 535
9 40 536
9 40 537
9 40 538
9 40 539
9 40 540
9 40 541
9 40 542
9 40 543
9 40 544
9 40 545
9 40 546
9 40 547
9 40 548
9 40 549
9 40 550
9 40 551
9 40 552
9 40 553
9 40 554
9 40 555
9 40 556
9 40 557
9 40 558
9 40 559
9 40 560
9 40 561
9 40 562
9 40 563
9 40 564
9 40 565
9 40 566
9 40 567
9 40 568
9 40 569
9 40 570
9 40 571
9 40 572
9 40 573
9 40 574
9 40 575
9 40 576
9 40 577
9 40 578
9 40 579
9 40 580
9 40 581
9 40 582
9 40 583
9 40 584
9 40 585
9 40 586
9 40 587
9 40 588
9 40 589
9 40 590
9 40 591
9 40 592
9 40 593
9 40 594
9 40 595
9 40 596
9 40 597
9 40 598
9 40 599
9 40 600
9 40 601
9 40 602
9 40 603
9 40 604
9 40 605
9 40 606
9 40 607
9 40 608
9 40 609
9 40 610
9 40 611
9 40 612
9 40 613
9 40 614
9 40 615
9 40 616
9 40 617
9 40 618
9 40 619
9 40 620
9 40 621
9 40 622
9 40 623
9 40 624
9 40 625
9 40 626
9 40 627
9 40 628
9 40 629
9 40 630
9 40 631
9 40 632
9 40 633
9 40 634
9 40 635
9 40 636
9 40 637
9 40 638
9 40 639
9 40 640
9 40 641
9 40 642
9 40 643
9 40 644
9 40 645
9 40 646
9 40 647
9 40 648
9 40 649
9 40 650
9 40 651
9 40 652
9 40 653
9 40 654
9 40 655
9 40 656
9 40 657
9 40 658
9 40 659
9 40 660
9 40 661
9 40 662
9 40 663
9 40 664
9 40 665
9 40 666
9 40 667
9 40 668
9 40 669
9 40 670
9 40 671
9 40 672
9 40 673
9 40 674
9 40 675
9 40 676
9 40 677
9 40 678
9 40 679
9 40 680
9 40 681
9 40 682
9 40 683
9 40 684
9 40 685
9 40 686
9 40 687
9 40 688
9 40 689
9 40 690
9 40 691
9 40 692
9 40 693
9 40 694
9 40 695
9 40 696
9 40 697
9 40 698
9 40 699
9 40 700
9 40 701
9 40 702
9 40 703
9 40 704
9 40 705
9 40 706
9 40 707
9 40 708
9 40 709
9 40 710
9 40 711
9 40 712
9 40 713
9 40 714
9 40 715
9 40 716
9 40 717
9 40 718
9 40 719
9 40 720
9 40 721
9 40 722
9 40 723
9 40 724
9 40 725
9 40 726
9 40 727
9 40 728
9 40 729
9 40 730
9 40 731
9 40 732
9 40 733
9 40 734
9 40 735
9 40 736
9 40 737
9 40 738
9 40 739
9 40 740
9 40 741
9 40 742
9 40 743
9 40 744
9 40 745
9 40 746
9 40 747
9 40 748
9 40 749
9 40 750
9 40 751
9 40 752
9 40 753
9 40 754
9 40 755
9 40 756
9 40 757
9 40 758
9 40 759
9 40 760
9 40 761
9 40 762
9 40 763
9 40 764
9 40 765
9 40 766
9 40 767
9 40 768
9 40 769
9 40 770
9 40 771
9 40 772
9 40 773
9 40 774
9 40 775
9 40 776
9 40 777
9 40 778
9 40 779
9 40 780
9 40 781
9 40 782
9 40 783
9 40 784
9 40 785
9 40 786
9 40 787
9 40 788
9 40 789
9 40 790
9 40 791
9 40 792
9 40 793
9 40 794
9 40 795
9 40 796
9 40 797
9 40 798
9 40 799
9 40 800
9 40 801
9 40 802
9 40 803
9 40 804
9 40 805
9 40 806
9 40 807
9 40 808
9 40 809
9 40 810
9 40 811
9 40 812
9 40 813
9 40 814
9 40 815
9 40 816
9 40 817
9 40 818
9 40 819
9 40 820
9 40 821
9 40 822
9 40 823
9 40 824
9 40 825
9 40 826
9 40 827
9 40 828
9 40 829
9 40 830
9 40 831
9 40 832
9 40 833
9 40 834
9 40 835
9 40 836
9 40 837
9 40 838
9 40 839
9 40 840
9 40 841
9 40 842
9 40 843
9 40 844
9 40 845
9 40 846
9 40 847
9 40 848
9 40 849
9 40 850
9 40 851
9 40 852
9 40 853
9 40 854
9 40 855
9 40 856
9 40 857
9 40 858
9 40 859
9 40 860
9 40 861
9 40 862
9 40 863
9 40 864
9 40 865
9 40 866
9 40 867
9 40 868
9 40 869
9 40 870
9 40 871
9 40 872
9 40 873
9 40 874
9 40 875
9 40 876
9 40 877
9 40 878
9 40 879
9 40 880
9 40 881
9 40 882
9 40 883
9 40 884
9 40 885
9 40 886
9 40 887
9 40 888
9 40 889
9 40 890
9 40 891
9 40 892
9 40 893
9 40 894
9 40 895
9 40 896
9 40 897
9 40 898
9 40 899
9 40 900
9 40 901
9 40 902
9 40 903
9 40 904
9 40 905
9 40 906
9 40 907
9 40 908
9 40 909
9 40 910
9 40 911
9 40 912
9 40 913
9 40 914
9 40 915
9 40 916
9 40 917
9 40 918
9 40 919
9 40 920
9 40 921
9 40 922
9 40 923
9 40 924
9 40 925
9 40 926
9 40 927
9 40 928
9 40 929
9 40 930
9 40 931
9 40 932
9 40 933
9 40 934
9 40 935
9 40 936
9 40 937
9 40 938
9 40 939
9 40 940
9 40 941
9 40 942
9 40 943
9 40 944
9 40 945
9 40 946
9 40 947
9 40 948
9 40 949
9 40 950
9 40 951
9 40 952
9 40 953
9 40 954
9 40 955
9 40 956
9 40 957
9 40 958
9 40 959
9 40 960
9 40 961
9 40 962
9 40 963
9 40 964
9 40 965
9 40 966
9 40 967
9 40 968
9 40 969
9 40 970
9 40 971
9 40 972
9 40 973
9 40 974
9 40 975
9 40 976
9 40 977
9 40 978
9 40 979
9 40 980
9 40 981
9 40 982
9 40 983
9 40 984
9 40 985
9 40 986
9 40 987
9 40 988
9 40 989
9 40 990
9 40 991
9 40 992
9 40 993
9 40 994
9 40 995
9 40 996
9 40 997
9 40 998
9 40 999
9 40 1000
9 40 1001
9 40 1002
9 40 1003
9 40 1004
9 40 1005
9 40 1006
9 40 1007
9 40 1008
9 40 1009
9 40 1010
9 40 1011
9 40 1012
9 40 1013
9 40 1014
9 40 1015
9 40 1016
9 40 1017
9 40 1018
9 40 1019
9 40 1020
9 40 1021
9 40 1022
9 40 1023
9 40 1024
9 40 1025
9 40 1026
9 40 1027
9 40 1028
9 40 1029
9 40 1030
9 40 1031
9 40 1032
9 40 1033
9 40 1034
9 40 1035
9 40 1036
9 40 1037
9 40 1038
9 40 1039
9 40 1040
9 40 1041
9 40 1042
9 40 1043
9 40 1044
9 40 1045
9 40 1046
9 40 1047
9 40 1048
9 40 1049
9 40 1050
9 40 1051
9 40 1052
9 40 1053
9 40 1054
9 40 1055
9 40 1056
9 40 1057
9 40 1058
9 40 1059
9 40 1060
9 40 1061
9 40 1062
9 40 1063
9 40 1064
9 40 1065
9 40 1066
9 40 1067
9 40 1068
9 40 1069
9 40 1070
9 40 1071
9 40 1072
9 40 1073
9 40 1074
9 40 1075
9 40 1076
9 40 1077
9 40 1078
9 40 1079
9 40 1080
9 40 1081
9 40 1082
9 40 1083
9 40 1084
9 40 1085
9 40 1086
9 40 1087
9 40 1088
9 40 1089
9 40 1090
9 40 1091
9 40 1092
9 40 1093
9 40 1094
9 40 1095
9 40 1096
9 40 1097
9 40 1098
9 40 1099
9 40 1100
9 40 1101
9 40 1102
9 40 1103
9 40 1104
9 40 1105
9 40 1106
9 40 1107
9 40 1108
9 40 1109
9 40 1110
9 40 1111
9 40 1112
9 40 1113
9 40 1114
9 40 1115
9 40 1116
9 40 1117
9 40 1118
9 40 1119
9 40 1120
9 40 1121
9 40 1122
9 40 1123
9 40 1124
9 40 1125
9 40 1126
9 40 1127
9 40 1128
9 40 1129
9 40 1130
9 40 1131
9 40 1132
9 40 1133
9 40 1134
9 40 1135
9 40 1136
9 40 1137
9 40 1138
9 40 1139
9 40 1140
9 40 1141
9 40 1142
9 40 1143
9 40 1144
9 40 1145
9 40 1146
9 40 1147
9 40 1148
9 40 1149
9 40 1150
9 40 1151
9 40 1152
9 40 1153
9 40 1154
9 40 1155
9 40 1156
9 40 1157
9 40 1158
9 40 1159
9 40 1160
9 40 1161
9 40 1162
9 40 1163
9 40 1164
9 40 1165
9 40 1166
9 40 1167
9 40 1168
9 40 1169
9 40 1170
9 40 1171
9 40 1172
9 40 1173
9 40 1174
9 40 1175
9 40 1176
9 40 1177
9 40 1178
9 40 1179
9 40 1180
9 40 1181
9 40 1182
9 40 1183
9 40 1184
9 40 1185
9 40 1186
9 40 1187
9 40 1188
9 40 1189
9 40 1190
9 40 1191
9 40 1192
9 40 1193
9 40 1194
9 40 1195
9 40 1196
9 40 1197
9 40 1198
9 40 1199
9 40 1200
9 40 1201
9 40 1202
9 40 1203
9 40 1204
9 40 1205
9 40 1206
9 40 1207
9 40 1208
9 40 1209
9 40 1210
9 40 1211
9 40 1212
9 40 1213
9 40 1214
9 40 1215
9 40 1216
9 40 1217
9 40 1218
9 40 1219
9 40 1220
9 40 1221
9 40 1222
9 40 1223
9 40 1224
9 40 1225
9 40 1226
9 40 1227
9 40 1228
9 40 1229
9 40 1230
9 40 1231
9 40 1232
9 40 1233
9 40 1234
9 40 1235
9 40 1236
9 40 1237
9 40 1238
9 40 1239
9 40 1240
9 40 1241
9 40 1242
9 40 1243
9 40 1244
9 40 1245
9 40 1246
9 40 1247
9 40 1248
9 40 1249
9 40 1250
9 40 1251
9 40 1252
9 40 1253
9 40 1254
9 40 1255
9 40 1256
9 40 1257
9 40 1258
9 40 1259
9 40 1260
9 40 1261
9 40 1262
9 40 1263
9 40 1264
9 40 1265
9 40 1266
9 40 1267
9 40 1268
9 40 1269
9 40 1270
9 40 1271
9 40 1272
9 40 1273
9 40 1274
9 40 1275
9 40 1276
9 40 1277
9 40 1278
9 40 1279
9 40 1280
9 40 1281
9 40 1282
9 40 1283
9 40 1284
9 40 1285
9 40 1286
9 40 1287
9 40 1288
9 40 1289
9 40 1290
9 40 1291
9 40 1292
9 40 1293
9 40 1294
9 40 1295
9 40 1296
9 40 1297
9 40 1298
9 40 1299
9 40 1300
9 40 1301
9 40 1302
9 40 1303
9 40 1304
9 40 1305
9 40 1306
9 40 1307
9 40 1308
9 40 1309
9 40 1310
9 40 1311
9 40 1312
9 40 1313
9 40 1314
9 40 1315
9 40 1316
9 40 1317
9 40 1318
9 40 1319
9 40 1320
9 40 1321
9 40 1322
9 40 1323
9 40 1324
9 40 1325
9 40 1326
9 40 1327
9 40 1328
9 40 1329
9 40 1330
9 40 1331
9 40 1332
9 40 1333
9 40 1334
9 40 1335
9 40 1336
9 40 1337
9 40 1338
9 40 1339
9 40 1340
9 40 1341
9 40 1342
9 40 1343
9 40 1344
9 40 1345
9 40 1346
9 40 1347
9 40 1348
9 40 1349
9 40 1350
9 40 1351
9 40 1352
9 40 1353
9 40 1354
9 40 1355
9 40 1356
9 40 1357
9 40 1358
9 40 1359
9 40 1360
9 40 1361
9 40 1362
9 40 1363
9 40 1364
9 40 1365
9 40 1366
9 40 1367
9 40 1368
9 40 1369
9 40 1370
9 40 1371
9 40 1372
9 40 1373
9 40 1374
9 40 1375
9 40 1376
9 40 1377
9 40 1378
9 40 1379
9 40 1380
9 40 1381
9 40 1382
9 40 1383
9 40 1384
9 40 1385
9 40 1386
9 40 1387
9 40 1388
9 40 1389
9 40 1390
9 40 1391
9 40 1392
9 40 1393
9 40 1394
9 40 1395
9 40 1396
9 40 1397
9 40 1398
9 40 1399
9 40 1400
9 40 1401
9 40 1402
9 40 1403
9 40 1404
9 40 1405
9 40 1406
9 40 1407
9 40 1408
9 40 1409
9 40 1410
9 40 1411
9 40 1412
9 40 1413
9 40 1414
9 40 1415
9 40 1416
9 40 1417
9 40 1418
9 40 1419
9 40 1420
9 40 1421
9 40 1422
9 40 1423
9 40 1424
9 40 1425
9 40 1426
9 40 1427
9 40 1428
9 40 1429
9 40 1430
9 40 1431
9 40 1432
9 40 1433
9 40 1434
9 40 1435
9 40 1436
9 40 1437
9 40 1438
9 40 1439
9 40 1440
9 40 1441
9 40 1442
9 40 1443
9 40 1444
9 40 1445
9 40 1446
9 40 1447
9 40 1448
9 40 1449
9 40 1450
9 40 1451
9 40 1452
9 40 1453
9 40 1454
9 40 1455
9 40 1456
9 40 1457
9 40 1458
9 40 1459
9 40 1460
9 40 1461
9 40 1462
9 40 1463
9 40 1464
9 40 1465
9 40 1466
9 40 1467
9 40 1468
9 40 1469
9 40 1470
9 40 1471
9 40 1472
9 40 1473
9 40 1474
9 40 1475
9 40 1476
9 40 1477
9 40 1478
9 40 1479
9 40 1480
9 40 1481
9 40 1482
9 40 1483
9 40 1484
9 40 1485
9 40 1486
9 40 1487
9 40 1488
9 40 1489
9 40 1490
9 40 1491
9 40 1492
9 40 1493
9 40 1494
9 40 1495
9 40 1496
9 40 1497
9 40 1498
9 40 1499
9 40 1500
9 40 1501
9 40 1502
9 40 1503
9 40 1504
9 40 1505
9 40 1506
9 40 1507
9 40 1508
9 40 1509
9 40 1510
9 40 1511
9 40 1512
9 40 1513
9 40 1514
9 40 1515
9 40 1516
9 40 1517
9 40 1518
9 40 1519
9 40 1520
9 40 1521
9 40 1522
9 40 1523
9 40 1524
9 40 1525
9 40 1526
9 40 1527
9 40 1528
9 40 1529
9 40 1530
9 40 1531
9 40 1532
9 40 1533
9 40 1534
9 40 1535
9 40 1536
9 40 1537
9 40 1538
9 40 1539
9 40 1540
9 40 1541
9 40 1542
9 40 1543
9 40 1544
9 40 1545
9 40 1546
9 40 1547
9 40 1548
9 40 1549
9 40 1550
9 40 1551
9 40 1552
9 40 1553
9 40 1554
9 40 1555
9 40 1556
9 40 1557
9 40 1558
9 40 1559
9 40 1560
9 40 1561
9 40 1562
9 40 1563
9 40 1564
9 40 1565
9 40 1566
9 40 1567
9 40 1568
9 40 1569
9 40 1570
9 40 1571
9 40 1572
9 40 1573
9 40 1574
9 40 1575
9 40 1576
9 40 1577
9 40 1578
9 40 1579
9 40 1580
9 40 1581
9 40 1582
9 40 1583
9 40 1584
9 40 1585
9 40 1586
9 40 1587
9 40 1588
9 40 1589
9 40 1590
9 40 1591
9 40 1592
9 40 1593
9 40 1594
9 40 1595
9 40 1596
9 40 1597
9 40 1598
9 40 1599
9 40 1600
9 40 1601
9 40 1602
9 40 1603
9 40 1604
9 40 1605
9 40 1606
9 40 1607
9 40 1608
9 40 1609
9 40 1610
9 40 1611
9 40 1612
9 40 1613
9 40 1614
9 40 1615
9 40 1616
9 40 1617
9 40 1618
9 40 1619
9 40 1620
9 40 1621
9 40 1622
9 40 1623
9 40 1624
9 40 1625
9 40 1626
9 40 1627
9 40 1628
9 40 1629
9 40 1630
9 40 1631
9 40 1632
9 40 1633
9 40 1634
9 40 1635
9 40 1636
9 40 1637
9 40 1638
9 40 1639
9 40 1640
9 40 1641
9 40 1642
9 40 1643
9 40 1644
9 40 1645
9 40 1646
9 40 1647
9 40 1648
9 40 1649
9 40 1650
9 40 1651
9 40 1652
9 40 1653
9 40 1654
9 40 1655
9 40 1656
9 40 1657
9 40 1658
9 40 1659
9 40 1660
9 40 1661
9 40 1662
9 40 1663
9 40 1664
9 40 1665
9 40 1666
9 40 1667
9 40 1668
9 40 1669
9 40 1670
9 40 1671
9 40 1672
9 40 1673
9 40 1674
9 40 1675
9 40 1676
9 40 1677
9 40 1678
9 40 1679
9 40 1680
9 40 1681
9 40 1682
9 40 1683
9 40 1684
9 40 1685
9 40 1686
9 40 1687
9 40 1688
9 40 1689
9 40 1690
9 40 1691
9 40 1692
9 40 1693
9 40 1694
9 40 1695
9 40 1696
9 40 1697
9 40 1698
9 40 1699
9 40 1700
9 40 1701
9 40 1702
9 40 1703
9 40 1704
9 40 1705
9 40 1706
9 40 1707
9 40 1708
9 40 1709
9 40 1710
9 40 1711
9 40 1712
9 40 1713
9 40 1714
9 40 1715
9 40 1716
9 40 1717
9 40 1718
9 40 1719
9 40 1720
9 40 1721
9 40 1722
9 40 1723
9 40 1724
9 40 1725
9 40 1726
9 40 1727
9 40 1728
9 40 1729
9 40 1730
9 40 1731
9 40 1732
9 40 1733
9 40 1734
9 40 1735
9 40 1736
9 40 1737
9 40 1738
9 40 1739
9 40 1740
9 40 1741
9 40 1742
9 40 1743
9 40 1744
9 40 1745
9 40 1746
9 40 1747
9 40 1748
9 40 1749
9 40 1750
9 40 1751
9 40 1752
9 40 1753
9 40 1754
9 40 1755
9 40 1756
9 40 1757
9 40 1758
9 40 1759
9 40 1760
9 40 1761
9 40 1762
9 40 1763
9 40 1764
9 40 1765
9 40 1766
9 40 1767
9 40 1768
9 40 1769
9 40 1770
9 40 1771
9 40 1772
9 40 1773
9 40 1774
9 40 1775
9 40 1776
9 40 1777
9 40 1778
9 40 1779
9 40 1780
9 40 1781
9 40 1782
9 40 1783
9 40 1784
9 40 1785
9 40 1786
9 40 1787
9 40 1788
9 40 1789
9 40 1790
9 40 1791
9 40 1792
9 40 1793
9 40 1794
9 40 1795
9 40 1796
9 40 1797
9 40 1798
9 40 1799
9 40 1800
9 40 1801
9 40 1802
9 40 1803
9 40 1804
9 40 1805
9 40 1806
9 40 1807
9 40 1808
9 40 1809
9 40 1810
9 40 1811
9 40 1812
9 40 1813
9 40 1814
9 40 1815
9 40 1816
9 40 1817
9 40 1818
9 40 1819
9 40 1820
9 40 1821
9 40 1822
9 40 1823
9 40 1824
9 40 1825
9 40 1826
9 40 1827
9 40 1828
9 40 1829
9 40 1830
9 40 1831
9 40 1832
9 40 1833
9 40 1834
9 40 1835
9 40 1836
9 40 1837
9 40 1838
9 40 1839
9 40 1840
9 40 1841
9 40 1842
9 40 1843
9 40 1844
9 40 1845
9 40 1846
9 40 1847
9 40 1848
9 40 1849
9 40 1850
9 40 1851
9 40 1852
9 40 1853
9 40 1854
9 40 1855
9 40 1856
9 40 1857
9 40 1858
9 40 1859
9 40 1860
9 40 1861
9 40 1862
9 40 1863
9 40 1864
9 40 1865
9 40 1866
9 40 1867
9 40 1868
9 40 1869
9 40 1870
9 40 1871
9 40 1872
9 40 1873
9 40 1874
9 40 1875
9 40 1876
9 40 1877
9 40 1878
9 40 1879
9 40 1880
9 40 1881
9 40 1882
9 40 1883
9 40 1884
9 40 1885
9 40 1886
9 40 1887
9 40 1888
9 40 1889
9 40 1890
9 40 1891
9 40 1892
9 40 1893
9 40 1894
9 40 1895
9 40 1896
9 40 1897
9 40 1898
9 40 1899
9 40 1900
9 40 1901
9 40 1902
9 40 1903
9 40 1904
9 40 1905
9 40 1906
9 40 1907
9 40 1908
9 40 1909
9 40 1910
9 40 1911
9 40 1912
9 40 1913
9 40 1914
9 40 1915
9 40 1916
9 40 1917
9 40 1918
9 40 1919
9 40 1920
9 40 1921
9 40 1922
9 40 1923
9 40 1924
9 40 1925
9 40 1926
9 40 1927
9 40 1928
9 40 1929
9 40 1930
9 40 1931
9 40 1932
9 40 1933
9 40 1934
9 40 1935
9 40 1936
9 40 1937
9 40 1938
9 40 1939
9 40 1940
9 40 1941
9 40 1942
9 40 1943
9 40 1944
9 40 1945
9 40 1946
9 40 1947
9 40 1948
9 40 1949
9 40 1950
9 40 1951
9 40 1952
9 40 1953
9 40 1954
9 40 1955
9 40 1956
9 40 1957
9 40 1958
9 40 1959
9 40 1960
9 40 1961
9 40 1962
9 40 1963
9 40 1964
9 40 1965
9 40 1966
9 40 1967
9 40 1968
9 40 1969
9 40 1970
9 40 1971
9 40 1972
9 40 1973
9 40 1974
9 40 1975
9 40 1976
9 40 1977
9 40 1978
9 40 1979
9 40 1980
9 40 1981
9 40 1982
9 40 1983
9 40 1984
9 40 1985
9 40 1986
9 40 1987
9 40 1988
9 40 1989
9 40 1990
9 40 1991
9 40 1992
9 40 1993
9 40 1994
9 40 1995
9 40 1996
9 40 1997
9 40 1998
9 40 1999
9 40 2000
9 40 2001
9 40 2002
9 40 2003
9 40 2004
9 40 2005
9 40 2006
9 40 2007
9 40 2008
9 40 2009
9 40 2010
9 40 2011
9 40 2012
9 40 2013
9 40 2014
9 40 2015
9 40 2016
9 40 2017
9 40 2018
9 40 2019
9 40 2020
9 40 2021
9 40 2022
9 40 2023
9 40 2024
9 40 2025
9 40 2026
9 40 2027
9 40 2028
9 40 2029
9 40 2030
9 40 2031
9 40 2032
9 40 2033
9 40 2034
9 40 2035
9 40 2036
9 40 2037
9 40 2038
9 40 2039
9 40 2040
9 40 2041
9 40 2042
9 40 2043
9 40 2044
9 40 2045
9 40 2046
9 40 2047
9 40 2048
9 40 2049
9 40 2050
9 40 2051
9 40 2052
9 40 2053
9 40 2054
9 40 2055
9 40 2056
9 40 2057
9 40 2058
9 40 2059
9 40 2060
9 40 2061
9 40 2062
9 40 2063
9 40 2064
9 40 2065
9 40 2066
9 40 2067
9 40 2068
9 40 2069
9 40 2070
9 40 2071
9 40 2072
9 40 2073
9 40 2074
9 40 2075
9 40 2076
9 40 2077
9 40 2078
9 40 2079
9 40 2080
9 40 2081
9 40 2082
9 40 2083
9 40 2084
9 40 2085
9 40 2086
9 40 2087
9 40 2088
9 40 2089
9 40 2090
9 40 2091
9 40 2092
9 40 2093
9 40 2094
9 40 2095
9 40 2096
9 40 2097
9 40 2098
9 40 2099
9 40 2100
9 40 2101
9 40 2102
9 40 2103
9 40 2104
9 40 2105
9 40 2106
9 40 2107
9 40 2108
9 40 2109
9 40 2110
9 40 2111
9 40 2112
9 40 2113
9 40 2114
9 40 2115
9 40 2116
9 40 2117
9 40 2118
9 40 2119
9 40 2120
9 40 2121
9 40 2122
9 40 2123
9 40 2124
9 40 2125
9 40 2126
9 40 2127
9 40 2128
9 40 2129
9 40 2130
9 40 2131
9 40 2132
9 40 2133
9 40 2134
9 40 2135
9 40 2136
9 40 2137
9 40 2138
9 40 2139
9 40 2140
9 40 2141
9 40 2142
9 40 2143
9 40 2144
9 40 2145
9 40 2146
9 40 2147
9 40 2148
9 40 2149
9 40 2150
9 40 2151
9 40 2152
9 40 2153
9 40 2154
9 40 2155
9 40 2156
9 40 2157
9 40 2158
9 40 2159
9 40 2160
9 40 2161
9 40 2162
9 40 2163
9 40 2164
9 40 2165
9 40 2166
9 40 2167
9 40 2168
9 40 2169
9 40 2170
9 40 2171
9 40 2172
9 40 2173
9 40 2174
9 40 2175
9 40 2176
9 40 2177
9 40 2178
9 40 2179
9 40 2180
9 40 2181
9 40 2182
9 40 2183
9 40 2184
9 40 2185
9 40 2186
9 40 2187
9 40 2188
9 40 2189
9 40 2190
9 40 2191
9 40 2192
9 40 2193
9 40 2194
9 40 2195
9 40 2196
9 40 2197
9 40 2198
9 40 2199
9 40 2200
9 40 2201
9 40 2202
9 40 2203
9 40 2204
9 40 2205
9 40 2206
9 40 2207
9 40 2208
9 40 2209
9 40 2210
9 40 2211
9 40 2212
9 40 2213
9 40 2214
9 40 2215
9 40 2216
9 40 2217
9 40 2218
9 40 2219
9 40 2220
9 40 2221
9 40 2222
9 40 2223
9 40 2224
9 40 2225
9 40 2226
9 40 2227
9 40 2228
9 40 2229
9 40 2230
9 40 2231
9 40 2232
9 40 2233
9 40 2234
9 40 2235
9 40 2236
9 40 2237
9 40 2238
9 40 2239
9 40 2240
9 40 2241
9 40 2242
9 40 2243
9 40 2244
9 40 2245
9 40 2246
9 40 2247
9 40 2248
9 40 2249
9 40 2250
9 40 2251
9 40 2252
9 40 2253
9 40 2254
9 40 2255
9 40 2256
9 40 2257
9 40 2258
9 40 2259
9 40 2260
9 40 2261
9 40 2262
9 40 2263
9 40 2264
9 40 2265
9 40 2266
9 40 2267
9 40 2268
9 40 2269
9 40 2270
9 40 2271
9 40 2272
9 40 2273
9 40 2274
9 40 2275
9 40 2276
9 40 2277
9 40 2278
9 40 2279
9 40 2280
9 40 2281
9 40 2282
9 40 2283
9 40 2284
9 40 2285
9 40 2286
9 40 2287
9 40 2288
9 40 2289
9 40 2290
9 40 2291
9 40 2292
9 40 2293
9 40 2294
9 40 2295
9 40 2296
9 40 2297
9 40 2298
9 40 2299
9 40 2300
9 40 2301
9 40 2302
9 40 2303
9 40 2304
9 40 2305
9 40 2306
9 40 2307
9 40 2308
9 40 2309
9 40 2310
9 40 2311
9 40 2312
9 40 2313
9 40 2314
9 40 2315
9 40 2316
9 40 2317
9 40 2318
9 40 2319
9 40 2320
9 40 2321
9 40 2322
9 40 2323
9 40 2324
9 40 2325
9 40 2326
9 40 2327
9 40 2328
9 40 2329
9 40 2330
9 40 2331
9 40 2332
9 40 2333
9 40 2334
9 40 2335
9 40 2336
9 40 2337
9 40 2338
9 40 2339
9 40 2340
9 40 2341
9 40 2342
9 40 2343
9 40 2344
9 40 2345
9 40 2346
9 40 2347
9 40 2348
9 40 2349
9 40 2350
9 40 2351
9 40 2352
9 40 2353
9 40 2354
9 40 2355
9 40 2356
9 40 2357
9 40 2358
9 40 2359
9 40 2360
9 40 2361
9 40 2362
9 40 2363
9 40 2364
9 40 2365
9 40 2366
9 40 2367
9 40 2368
9 40 2369
9 40 2370
9 40 2371
9 40 2372
9 40 2373
9 40 2374
9 40 2375
9 40 2376
9 40 2377
9 40 2378
9 40 2379
9 40 2380
9 40 2381
9 40 2382
9 40 2383
9 40 2384
9 40 2385
9 40 2386
9 40 2387
9 40 2388
9 40 2389
9 40 2390
9 40 2391
9 40 2392
9 40 2393
9 40 2394
9 40 2395
9 40 2396
9 40 2397
9 40 2398
9 40 2399
9 40 2400
9 40 2401
9 40 2402
9 40 2403
9 40 2404
9 40 2405
9 40 2406
9 40 2407
9 40 2408
9 40 2409
9 40 2410
9 40 2411
9 40 2412
9 40 2413
9 40 2414
9 40 2415
9 40 2416
9 40 2417
9 40 2418
9 40 2419
9 40 2420
9 40 2421
9 40 2422
9 40 2423
9 40 2424
9 40 2425
9 40 2426
9 40 2427
9 40 2428
9 40 2429
9 40 2430
9 40 2431
9 40 2432
9 40 2433
9 40 2434
9 40 2435
9 40 2436
9 40 2437
9 40 2438
9 40 2439
9 40 2440
9 40 2441
9 40 2442
9 40 2443
9 40 2444
9 40 2445
9 40 2446
9 40 2447
9 40 2448
9 40 2449
9 40 2450
9 40 2451
9 40 2452
9 40 2453
9 40 2454
9 40 2455
9 40 2456
9 40 2457
