31 40 1
31 40 2
31 40 3
31 40 4
31 40 5
31 40 6
31 40 7
31 40 8
31 40 9
31 40 10
31 40 11
31 40 12
31 40 13
31 40 14
31 40 15
31 40 16
31 40 17
31 40 18
31 40 19
31 40 20
31 40 21
31 40 22
31 40 23
31 40 24
31 40 25
31 40 26
31 40 27
31 40 28
31 40 29
31 40 30
31 40 31
31 40 32
31 40 33
31 40 34
31 40 35
31 40 36
31 40 37
31 40 38
31 40 39
31 40 40
31 40 41
31 40 42
31 40 43
31 40 44
31 40 45
31 40 46
31 40 47
31 40 48
31 40 49
31 40 50
31 40 51
31 40 52
31 40 53
31 40 54
31 40 55
31 40 56
31 40 57
31 40 58
31 40 59
31 40 60
31 40 61
31 40 62
31 40 63
31 40 64
31 40 65
31 40 66
31 40 67
31 40 68
31 40 69
31 40 70
31 40 71
31 40 72
31 40 73
31 40 74
31 40 75
31 40 76
31 40 77
31 40 78
31 40 79
31 40 80
31 40 81
31 40 82
31 40 83
31 40 84
31 40 85
31 40 86
31 40 87
31 40 88
31 40 89
31 40 90
31 40 91
31 40 92
31 40 93
31 40 94
31 40 95
31 40 96
31 40 97
31 40 98
31 40 99
31 40 100
31 40 101
31 40 102
