1 40 1
1 40 2
1 40 3
1 40 4
1 40 5
1 40 6
1 40 7
1 40 8
1 40 9
1 40 10
1 40 11
1 40 12
1 40 13
1 40 14
1 40 15
1 40 16
1 40 17
1 40 18
1 40 19
1 40 20
1 40 21
1 40 22
1 40 23
1 40 24
1 40 25
1 40 26
1 40 27
1 40 28
1 40 29
1 40 30
1 40 31
1 40 32
1 40 33
1 40 34
1 40 35
1 40 36
1 40 37
1 40 38
1 40 39
1 40 40
1 40 41
1 40 42
1 40 43
1 40 44
1 40 45
1 40 46
1 40 47
1 40 48
1 40 49
1 40 50
1 40 51
1 40 52
1 40 53
1 40 54
1 40 55
1 40 56
1 40 57
1 40 58
1 40 59
1 40 60
1 40 61
1 40 62
1 40 63
1 40 64
1 40 65
1 40 66
1 40 67
1 40 68
1 40 69
1 40 70
1 40 71
1 40 72
1 40 73
1 40 74
1 40 75
1 40 76
1 40 77
1 40 78
1 40 79
1 40 80
1 40 81
1 40 82
1 40 83
1 40 84
1 40 85
1 40 86
1 40 87
1 40 88
1 40 89
1 40 90
1 40 91
1 40 92
1 40 93
1 40 94
1 40 95
1 40 96
1 40 97
1 40 98
1 40 99
1 40 100
1 40 101
1 40 102
1 40 103
1 40 104
1 40 105
1 40 106
1 40 107
1 40 108
1 40 109
1 40 110
1 40 111
1 40 112
1 40 113
1 40 114
1 40 115
1 40 116
1 40 117
1 40 118
1 40 119
1 40 120
1 40 121
1 40 122
1 40 123
1 40 124
1 40 125
1 40 126
1 40 127
1 40 128
1 40 129
1 40 130
1 40 131
1 40 132
1 40 133
1 40 134
1 40 135
1 40 136
1 40 137
1 40 138
1 40 139
1 40 140
1 40 141
1 40 142
1 40 143
1 40 144
1 40 145
1 40 146
1 40 147
1 40 148
1 40 149
1 40 150
1 40 151
1 40 152
1 40 153
1 40 154
1 40 155
1 40 156
1 40 157
1 40 158
1 40 159
1 40 160
1 40 161
1 40 162
1 40 163
1 40 164
1 40 165
1 40 166
1 40 167
1 40 168
1 40 169
1 40 170
1 40 171
1 40 172
1 40 173
1 40 174
1 40 175
1 40 176
1 40 177
1 40 178
1 40 179
1 40 180
1 40 181
1 40 182
1 40 183
1 40 184
1 40 185
1 40 186
1 40 187
1 40 188
1 40 189
1 40 190
1 40 191
1 40 192
1 40 193
1 40 194
1 40 195
1 40 196
1 40 197
1 40 198
1 40 199
1 40 200
1 40 201
1 40 202
1 40 203
1 40 204
1 40 205
1 40 206
1 40 207
1 40 208
1 40 209
1 40 210
1 40 211
1 40 212
1 40 213
1 40 214
1 40 215
1 40 216
1 40 217
1 40 218
1 40 219
1 40 220
1 40 221
1 40 222
1 40 223
1 40 224
1 40 225
1 40 226
1 40 227
1 40 228
1 40 229
1 40 230
1 40 231
1 40 232
1 40 233
1 40 234
1 40 235
1 40 236
1 40 237
1 40 238
1 40 239
1 40 240
1 40 241
1 40 242
1 40 243
1 40 244
1 40 245
1 40 246
1 40 247
1 40 248
1 40 249
1 40 250
1 40 251
1 40 252
1 40 253
1 40 254
1 40 255
1 40 256
1 40 257
1 40 258
1 40 259
1 40 260
1 40 261
1 40 262
1 40 263
1 40 264
1 40 265
1 40 266
1 40 267
1 40 268
1 40 269
1 40 270
1 40 271
1 40 272
1 40 273
1 40 274
1 40 275
1 40 276
1 40 277
1 40 278
1 40 279
1 40 280
1 40 281
1 40 282
1 40 283
1 40 284
1 40 285
1 40 286
1 40 287
1 40 288
1 40 289
1 40 290
1 40 291
1 40 292
1 40 293
1 40 294
1 40 295
1 40 296
1 40 297
1 40 298
1 40 299
1 40 300
1 40 301
1 40 302
1 40 303
1 40 304
1 40 305
1 40 306
1 40 307
1 40 308
1 40 309
1 40 310
1 40 311
1 40 312
1 40 313
1 40 314
1 40 315
1 40 316
1 40 317
1 40 318
1 40 319
1 40 320
1 40 321
1 40 322
1 40 323
1 40 324
1 40 325
1 40 326
1 40 327
1 40 328
1 40 329
1 40 330
1 40 331
1 40 332
1 40 333
1 40 334
1 40 335
1 40 336
1 40 337
1 40 338
1 40 339
1 40 340
1 40 341
1 40 342
1 40 343
1 40 344
1 40 345
1 40 346
1 40 347
1 40 348
1 40 349
1 40 350
1 40 351
1 40 352
1 40 353
1 40 354
1 40 355
1 40 356
1 40 357
1 40 358
1 40 359
1 40 360
1 40 361
1 40 362
1 40 363
1 40 364
1 40 365
1 40 366
1 40 367
1 40 368
1 40 369
1 40 370
1 40 371
1 40 372
1 40 373
1 40 374
1 40 375
1 40 376
1 40 377
1 40 378
1 40 379
1 40 380
1 40 381
1 40 382
1 40 383
1 40 384
1 40 385
1 40 386
1 40 387
1 40 388
1 40 389
1 40 390
1 40 391
1 40 392
1 40 393
1 40 394
1 40 395
1 40 396
1 40 397
1 40 398
1 40 399
1 40 400
1 40 401
1 40 402
1 40 403
1 40 404
1 40 405
1 40 406
1 40 407
1 40 408
1 40 409
1 40 410
1 40 411
1 40 412
1 40 413
1 40 414
1 40 415
1 40 416
1 40 417
1 40 418
1 40 419
1 40 420
1 40 421
1 40 422
1 40 423
1 40 424
1 40 425
1 40 426
1 40 427
1 40 428
1 40 429
1 40 430
1 40 431
1 40 432
1 40 433
1 40 434
1 40 435
1 40 436
1 40 437
1 40 438
1 40 439
1 40 440
1 40 441
1 40 442
1 40 443
1 40 444
1 40 445
1 40 446
1 40 447
1 40 448
1 40 449
1 40 450
1 40 451
1 40 452
1 40 453
1 40 454
1 40 455
1 40 456
1 40 457
1 40 458
1 40 459
1 40 460
1 40 461
1 40 462
1 40 463
1 40 464
1 40 465
1 40 466
1 40 467
1 40 468
1 40 469
1 40 470
1 40 471
1 40 472
1 40 473
1 40 474
1 40 475
1 40 476
1 40 477
1 40 478
1 40 479
1 40 480
1 40 481
1 40 482
1 40 483
1 40 484
1 40 485
1 40 486
1 40 487
1 40 488
1 40 489
1 40 490
1 40 491
1 40 492
1 40 493
1 40 494
1 40 495
1 40 496
1 40 497
1 40 498
1 40 499
1 40 500
1 40 501
1 40 502
1 40 503
1 40 504
1 40 505
1 40 506
1 40 507
1 40 508
1 40 509
1 40 510
1 40 511
1 40 512
1 40 513
1 40 514
1 40 515
1 40 516
1 40 517
1 40 518
1 40 519
1 40 520
1 40 521
1 40 522
1 40 523
1 40 524
1 40 525
1 40 526
1 40 527
1 40 528
1 40 529
1 40 530
1 40 531
1 40 532
1 40 533
1 40 534
1 40 535
1 40 536
1 40 537
1 40 538
1 40 539
1 40 540
1 40 541
1 40 542
1 40 543
1 40 544
1 40 545
1 40 546
1 40 547
1 40 548
1 40 549
1 40 550
1 40 551
1 40 552
1 40 553
1 40 554
1 40 555
1 40 556
1 40 557
1 40 558
1 40 559
1 40 560
1 40 561
1 40 562
1 40 563
1 40 564
1 40 565
1 40 566
1 40 567
1 40 568
1 40 569
1 40 570
1 40 571
1 40 572
1 40 573
1 40 574
1 40 575
1 40 576
1 40 577
1 40 578
1 40 579
1 40 580
1 40 581
1 40 582
1 40 583
1 40 584
1 40 585
1 40 586
1 40 587
1 40 588
1 40 589
1 40 590
1 40 591
1 40 592
1 40 593
1 40 594
1 40 595
1 40 596
1 40 597
1 40 598
1 40 599
1 40 600
1 40 601
1 40 602
1 40 603
1 40 604
1 40 605
1 40 606
1 40 607
1 40 608
1 40 609
1 40 610
1 40 611
1 40 612
1 40 613
1 40 614
1 40 615
1 40 616
1 40 617
1 40 618
1 40 619
1 40 620
1 40 621
1 40 622
1 40 623
1 40 624
1 40 625
1 40 626
1 40 627
1 40 628
1 40 629
1 40 630
1 40 631
1 40 632
1 40 633
1 40 634
1 40 635
1 40 636
1 40 637
1 40 638
1 40 639
1 40 640
1 40 641
1 40 642
1 40 643
1 40 644
1 40 645
1 40 646
1 40 647
1 40 648
1 40 649
1 40 650
1 40 651
1 40 652
1 40 653
1 40 654
1 40 655
1 40 656
1 40 657
1 40 658
1 40 659
1 40 660
1 40 661
1 40 662
1 40 663
1 40 664
1 40 665
1 40 666
1 40 667
1 40 668
1 40 669
1 40 670
1 40 671
1 40 672
1 40 673
1 40 674
1 40 675
1 40 676
1 40 677
1 40 678
1 40 679
1 40 680
1 40 681
1 40 682
1 40 683
1 40 684
1 40 685
1 40 686
1 40 687
1 40 688
1 40 689
1 40 690
1 40 691
1 40 692
1 40 693
1 40 694
1 40 695
1 40 696
1 40 697
1 40 698
1 40 699
1 40 700
1 40 701
1 40 702
1 40 703
1 40 704
1 40 705
1 40 706
1 40 707
1 40 708
1 40 709
1 40 710
1 40 711
1 40 712
1 40 713
1 40 714
1 40 715
1 40 716
1 40 717
1 40 718
1 40 719
1 40 720
1 40 721
1 40 722
1 40 723
1 40 724
1 40 725
1 40 726
1 40 727
1 40 728
1 40 729
1 40 730
1 40 731
1 40 732
1 40 733
1 40 734
1 40 735
1 40 736
1 40 737
1 40 738
1 40 739
1 40 740
1 40 741
1 40 742
1 40 743
1 40 744
1 40 745
1 40 746
1 40 747
1 40 748
1 40 749
1 40 750
1 40 751
1 40 752
1 40 753
1 40 754
1 40 755
1 40 756
1 40 757
1 40 758
1 40 759
1 40 760
1 40 761
1 40 762
1 40 763
1 40 764
1 40 765
1 40 766
1 40 767
1 40 768
1 40 769
1 40 770
1 40 771
1 40 772
1 40 773
1 40 774
1 40 775
1 40 776
1 40 777
1 40 778
1 40 779
1 40 780
1 40 781
1 40 782
1 40 783
1 40 784
1 40 785
1 40 786
1 40 787
1 40 788
1 40 789
1 40 790
1 40 791
1 40 792
1 40 793
1 40 794
1 40 795
1 40 796
1 40 797
1 40 798
1 40 799
1 40 800
1 40 801
1 40 802
1 40 803
1 40 804
1 40 805
1 40 806
1 40 807
1 40 808
1 40 809
1 40 810
1 40 811
1 40 812
1 40 813
1 40 814
1 40 815
1 40 816
1 40 817
1 40 818
1 40 819
1 40 820
1 40 821
1 40 822
1 40 823
1 40 824
1 40 825
1 40 826
1 40 827
1 40 828
1 40 829
1 40 830
1 40 831
1 40 832
1 40 833
1 40 834
1 40 835
1 40 836
1 40 837
1 40 838
1 40 839
1 40 840
1 40 841
1 40 842
1 40 843
1 40 844
1 40 845
1 40 846
1 40 847
1 40 848
1 40 849
1 40 850
1 40 851
1 40 852
1 40 853
1 40 854
1 40 855
1 40 856
1 40 857
1 40 858
1 40 859
1 40 860
1 40 861
1 40 862
1 40 863
1 40 864
1 40 865
1 40 866
1 40 867
1 40 868
1 40 869
1 40 870
1 40 871
1 40 872
1 40 873
1 40 874
1 40 875
1 40 876
1 40 877
1 40 878
1 40 879
1 40 880
1 40 881
1 40 882
1 40 883
1 40 884
1 40 885
1 40 886
1 40 887
1 40 888
1 40 889
1 40 890
1 40 891
1 40 892
1 40 893
1 40 894
1 40 895
1 40 896
1 40 897
1 40 898
1 40 899
1 40 900
1 40 901
1 40 902
1 40 903
1 40 904
1 40 905
1 40 906
1 40 907
1 40 908
1 40 909
1 40 910
1 40 911
1 40 912
1 40 913
1 40 914
1 40 915
1 40 916
1 40 917
1 40 918
1 40 919
1 40 920
1 40 921
1 40 922
1 40 923
1 40 924
1 40 925
1 40 926
1 40 927
1 40 928
1 40 929
1 40 930
1 40 931
1 40 932
1 40 933
1 40 934
1 40 935
1 40 936
1 40 937
1 40 938
1 40 939
1 40 940
1 40 941
1 40 942
1 40 943
1 40 944
1 40 945
1 40 946
1 40 947
1 40 948
1 40 949
1 40 950
1 40 951
1 40 952
1 40 953
1 40 954
1 40 955
1 40 956
1 40 957
1 40 958
1 40 959
1 40 960
1 40 961
1 40 962
1 40 963
1 40 964
1 40 965
1 40 966
1 40 967
1 40 968
1 40 969
1 40 970
1 40 971
1 40 972
1 40 973
1 40 974
1 40 975
1 40 976
1 40 977
1 40 978
1 40 979
1 40 980
1 40 981
1 40 982
1 40 983
1 40 984
1 40 985
1 40 986
1 40 987
1 40 988
1 40 989
1 40 990
1 40 991
1 40 992
1 40 993
1 40 994
1 40 995
1 40 996
1 40 997
1 40 998
1 40 999
1 40 1000
1 40 1001
1 40 1002
1 40 1003
1 40 1004
1 40 1005
1 40 1006
1 40 1007
1 40 1008
1 40 1009
1 40 1010
1 40 1011
1 40 1012
1 40 1013
1 40 1014
1 40 1015
1 40 1016
1 40 1017
1 40 1018
1 40 1019
1 40 1020
1 40 1021
1 40 1022
1 40 1023
1 40 1024
1 40 1025
1 40 1026
1 40 1027
1 40 1028
1 40 1029
1 40 1030
1 40 1031
1 40 1032
1 40 1033
1 40 1034
1 40 1035
1 40 1036
1 40 1037
1 40 1038
1 40 1039
1 40 1040
1 40 1041
1 40 1042
1 40 1043
1 40 1044
1 40 1045
1 40 1046
1 40 1047
1 40 1048
1 40 1049
1 40 1050
1 40 1051
1 40 1052
1 40 1053
1 40 1054
1 40 1055
1 40 1056
1 40 1057
1 40 1058
1 40 1059
1 40 1060
1 40 1061
1 40 1062
1 40 1063
1 40 1064
1 40 1065
1 40 1066
1 40 1067
1 40 1068
1 40 1069
1 40 1070
1 40 1071
1 40 1072
1 40 1073
1 40 1074
1 40 1075
1 40 1076
1 40 1077
1 40 1078
1 40 1079
1 40 1080
1 40 1081
1 40 1082
1 40 1083
1 40 1084
1 40 1085
1 40 1086
1 40 1087
1 40 1088
1 40 1089
1 40 1090
1 40 1091
1 40 1092
1 40 1093
1 40 1094
1 40 1095
1 40 1096
1 40 1097
1 40 1098
1 40 1099
1 40 1100
1 40 1101
1 40 1102
1 40 1103
1 40 1104
1 40 1105
1 40 1106
1 40 1107
1 40 1108
1 40 1109
1 40 1110
1 40 1111
1 40 1112
1 40 1113
1 40 1114
1 40 1115
1 40 1116
1 40 1117
1 40 1118
1 40 1119
1 40 1120
1 40 1121
1 40 1122
1 40 1123
1 40 1124
1 40 1125
1 40 1126
1 40 1127
1 40 1128
1 40 1129
1 40 1130
1 40 1131
1 40 1132
1 40 1133
1 40 1134
1 40 1135
1 40 1136
1 40 1137
1 40 1138
1 40 1139
1 40 1140
1 40 1141
1 40 1142
1 40 1143
1 40 1144
1 40 1145
1 40 1146
1 40 1147
1 40 1148
1 40 1149
1 40 1150
1 40 1151
1 40 1152
1 40 1153
1 40 1154
1 40 1155
1 40 1156
1 40 1157
1 40 1158
1 40 1159
1 40 1160
1 40 1161
1 40 1162
1 40 1163
1 40 1164
1 40 1165
1 40 1166
1 40 1167
1 40 1168
1 40 1169
1 40 1170
1 40 1171
1 40 1172
1 40 1173
1 40 1174
1 40 1175
1 40 1176
1 40 1177
1 40 1178
1 40 1179
1 40 1180
1 40 1181
1 40 1182
1 40 1183
1 40 1184
1 40 1185
1 40 1186
1 40 1187
1 40 1188
1 40 1189
1 40 1190
1 40 1191
1 40 1192
1 40 1193
1 40 1194
1 40 1195
1 40 1196
1 40 1197
1 40 1198
1 40 1199
1 40 1200
1 40 1201
1 40 1202
1 40 1203
1 40 1204
1 40 1205
1 40 1206
1 40 1207
1 40 1208
1 40 1209
1 40 1210
1 40 1211
1 40 1212
1 40 1213
1 40 1214
1 40 1215
1 40 1216
1 40 1217
1 40 1218
1 40 1219
1 40 1220
1 40 1221
1 40 1222
1 40 1223
1 40 1224
1 40 1225
1 40 1226
1 40 1227
1 40 1228
1 40 1229
1 40 1230
1 40 1231
1 40 1232
1 40 1233
1 40 1234
1 40 1235
1 40 1236
1 40 1237
1 40 1238
1 40 1239
1 40 1240
1 40 1241
1 40 1242
1 40 1243
1 40 1244
1 40 1245
1 40 1246
1 40 1247
1 40 1248
1 40 1249
1 40 1250
1 40 1251
1 40 1252
1 40 1253
1 40 1254
1 40 1255
1 40 1256
1 40 1257
1 40 1258
1 40 1259
1 40 1260
1 40 1261
1 40 1262
1 40 1263
1 40 1264
1 40 1265
1 40 1266
1 40 1267
1 40 1268
1 40 1269
1 40 1270
1 40 1271
1 40 1272
1 40 1273
1 40 1274
1 40 1275
1 40 1276
1 40 1277
1 40 1278
1 40 1279
1 40 1280
1 40 1281
1 40 1282
1 40 1283
1 40 1284
1 40 1285
1 40 1286
1 40 1287
1 40 1288
1 40 1289
1 40 1290
1 40 1291
1 40 1292
1 40 1293
1 40 1294
1 40 1295
1 40 1296
1 40 1297
1 40 1298
1 40 1299
1 40 1300
1 40 1301
1 40 1302
1 40 1303
1 40 1304
1 40 1305
1 40 1306
1 40 1307
1 40 1308
1 40 1309
1 40 1310
1 40 1311
1 40 1312
1 40 1313
1 40 1314
1 40 1315
1 40 1316
1 40 1317
1 40 1318
1 40 1319
1 40 1320
1 40 1321
1 40 1322
1 40 1323
1 40 1324
1 40 1325
1 40 1326
1 40 1327
1 40 1328
1 40 1329
1 40 1330
1 40 1331
1 40 1332
1 40 1333
1 40 1334
1 40 1335
1 40 1336
1 40 1337
1 40 1338
1 40 1339
1 40 1340
1 40 1341
1 40 1342
1 40 1343
1 40 1344
1 40 1345
1 40 1346
1 40 1347
1 40 1348
1 40 1349
1 40 1350
1 40 1351
1 40 1352
1 40 1353
1 40 1354
1 40 1355
1 40 1356
1 40 1357
1 40 1358
1 40 1359
1 40 1360
1 40 1361
1 40 1362
1 40 1363
1 40 1364
1 40 1365
1 40 1366
1 40 1367
1 40 1368
1 40 1369
1 40 1370
1 40 1371
1 40 1372
1 40 1373
1 40 1374
1 40 1375
1 40 1376
1 40 1377
1 40 1378
1 40 1379
1 40 1380
1 40 1381
1 40 1382
1 40 1383
1 40 1384
1 40 1385
1 40 1386
1 40 1387
1 40 1388
1 40 1389
1 40 1390
1 40 1391
1 40 1392
1 40 1393
1 40 1394
1 40 1395
1 40 1396
1 40 1397
1 40 1398
1 40 1399
1 40 1400
1 40 1401
1 40 1402
1 40 1403
1 40 1404
1 40 1405
1 40 1406
1 40 1407
1 40 1408
1 40 1409
1 40 1410
1 40 1411
1 40 1412
1 40 1413
1 40 1414
1 40 1415
1 40 1416
1 40 1417
1 40 1418
1 40 1419
1 40 1420
1 40 1421
1 40 1422
1 40 1423
1 40 1424
1 40 1425
1 40 1426
1 40 1427
1 40 1428
1 40 1429
1 40 1430
1 40 1431
1 40 1432
1 40 1433
1 40 1434
1 40 1435
1 40 1436
1 40 1437
1 40 1438
1 40 1439
1 40 1440
1 40 1441
1 40 1442
1 40 1443
1 40 1444
1 40 1445
1 40 1446
1 40 1447
1 40 1448
1 40 1449
1 40 1450
1 40 1451
1 40 1452
1 40 1453
1 40 1454
1 40 1455
1 40 1456
1 40 1457
1 40 1458
1 40 1459
1 40 1460
1 40 1461
1 40 1462
1 40 1463
1 40 1464
1 40 1465
1 40 1466
1 40 1467
1 40 1468
1 40 1469
1 40 1470
1 40 1471
1 40 1472
1 40 1473
1 40 1474
1 40 1475
1 40 1476
1 40 1477
1 40 1478
1 40 1479
1 40 1480
1 40 1481
1 40 1482
1 40 1483
1 40 1484
1 40 1485
1 40 1486
1 40 1487
1 40 1488
1 40 1489
1 40 1490
1 40 1491
1 40 1492
1 40 1493
1 40 1494
1 40 1495
1 40 1496
1 40 1497
1 40 1498
1 40 1499
1 40 1500
1 40 1501
1 40 1502
1 40 1503
1 40 1504
1 40 1505
1 40 1506
1 40 1507
1 40 1508
1 40 1509
1 40 1510
1 40 1511
1 40 1512
1 40 1513
1 40 1514
1 40 1515
1 40 1516
1 40 1517
1 40 1518
1 40 1519
1 40 1520
1 40 1521
1 40 1522
1 40 1523
1 40 1524
1 40 1525
1 40 1526
1 40 1527
1 40 1528
1 40 1529
1 40 1530
1 40 1531
1 40 1532
1 40 1533
1 40 1534
1 40 1535
1 40 1536
1 40 1537
1 40 1538
1 40 1539
1 40 1540
1 40 1541
1 40 1542
1 40 1543
1 40 1544
1 40 1545
1 40 1546
1 40 1547
1 40 1548
1 40 1549
1 40 1550
1 40 1551
1 40 1552
1 40 1553
1 40 1554
1 40 1555
1 40 1556
1 40 1557
1 40 1558
1 40 1559
1 40 1560
1 40 1561
1 40 1562
1 40 1563
1 40 1564
1 40 1565
1 40 1566
1 40 1567
1 40 1568
1 40 1569
1 40 1570
1 40 1571
1 40 1572
1 40 1573
1 40 1574
1 40 1575
1 40 1576
1 40 1577
1 40 1578
1 40 1579
1 40 1580
1 40 1581
1 40 1582
1 40 1583
1 40 1584
1 40 1585
1 40 1586
1 40 1587
1 40 1588
1 40 1589
1 40 1590
1 40 1591
1 40 1592
1 40 1593
1 40 1594
1 40 1595
1 40 1596
1 40 1597
1 40 1598
1 40 1599
1 40 1600
1 40 1601
1 40 1602
1 40 1603
1 40 1604
1 40 1605
1 40 1606
1 40 1607
1 40 1608
1 40 1609
1 40 1610
1 40 1611
1 40 1612
1 40 1613
1 40 1614
1 40 1615
1 40 1616
1 40 1617
1 40 1618
1 40 1619
1 40 1620
1 40 1621
1 40 1622
1 40 1623
1 40 1624
1 40 1625
1 40 1626
1 40 1627
1 40 1628
1 40 1629
1 40 1630
1 40 1631
1 40 1632
1 40 1633
1 40 1634
1 40 1635
1 40 1636
1 40 1637
1 40 1638
1 40 1639
1 40 1640
1 40 1641
1 40 1642
1 40 1643
1 40 1644
1 40 1645
1 40 1646
1 40 1647
1 40 1648
1 40 1649
1 40 1650
1 40 1651
1 40 1652
1 40 1653
1 40 1654
1 40 1655
1 40 1656
1 40 1657
1 40 1658
1 40 1659
1 40 1660
1 40 1661
1 40 1662
1 40 1663
1 40 1664
1 40 1665
1 40 1666
1 40 1667
1 40 1668
1 40 1669
1 40 1670
1 40 1671
1 40 1672
1 40 1673
1 40 1674
1 40 1675
1 40 1676
1 40 1677
1 40 1678
1 40 1679
1 40 1680
1 40 1681
1 40 1682
1 40 1683
1 40 1684
1 40 1685
1 40 1686
1 40 1687
1 40 1688
1 40 1689
1 40 1690
1 40 1691
1 40 1692
1 40 1693
1 40 1694
1 40 1695
1 40 1696
1 40 1697
1 40 1698
1 40 1699
1 40 1700
1 40 1701
1 40 1702
1 40 1703
1 40 1704
1 40 1705
1 40 1706
1 40 1707
1 40 1708
1 40 1709
1 40 1710
1 40 1711
1 40 1712
1 40 1713
1 40 1714
1 40 1715
1 40 1716
1 40 1717
1 40 1718
1 40 1719
1 40 1720
1 40 1721
1 40 1722
1 40 1723
1 40 1724
1 40 1725
1 40 1726
1 40 1727
1 40 1728
1 40 1729
1 40 1730
1 40 1731
1 40 1732
1 40 1733
1 40 1734
1 40 1735
1 40 1736
1 40 1737
1 40 1738
1 40 1739
1 40 1740
1 40 1741
1 40 1742
1 40 1743
1 40 1744
1 40 1745
1 40 1746
1 40 1747
1 40 1748
1 40 1749
1 40 1750
1 40 1751
1 40 1752
1 40 1753
1 40 1754
1 40 1755
1 40 1756
1 40 1757
1 40 1758
1 40 1759
1 40 1760
1 40 1761
1 40 1762
1 40 1763
1 40 1764
1 40 1765
1 40 1766
1 40 1767
1 40 1768
1 40 1769
1 40 1770
1 40 1771
1 40 1772
1 40 1773
1 40 1774
1 40 1775
1 40 1776
1 40 1777
1 40 1778
1 40 1779
1 40 1780
1 40 1781
1 40 1782
1 40 1783
1 40 1784
1 40 1785
1 40 1786
1 40 1787
1 40 1788
1 40 1789
1 40 1790
1 40 1791
1 40 1792
1 40 1793
1 40 1794
1 40 1795
1 40 1796
1 40 1797
1 40 1798
1 40 1799
1 40 1800
1 40 1801
1 40 1802
1 40 1803
1 40 1804
1 40 1805
1 40 1806
1 40 1807
1 40 1808
1 40 1809
1 40 1810
1 40 1811
1 40 1812
1 40 1813
1 40 1814
1 40 1815
1 40 1816
1 40 1817
1 40 1818
1 40 1819
1 40 1820
1 40 1821
1 40 1822
1 40 1823
1 40 1824
1 40 1825
1 40 1826
1 40 1827
1 40 1828
1 40 1829
1 40 1830
1 40 1831
1 40 1832
1 40 1833
1 40 1834
1 40 1835
1 40 1836
1 40 1837
1 40 1838
1 40 1839
1 40 1840
1 40 1841
1 40 1842
1 40 1843
1 40 1844
1 40 1845
1 40 1846
1 40 1847
1 40 1848
1 40 1849
1 40 1850
1 40 1851
1 40 1852
1 40 1853
1 40 1854
1 40 1855
1 40 1856
1 40 1857
1 40 1858
1 40 1859
1 40 1860
1 40 1861
1 40 1862
1 40 1863
1 40 1864
1 40 1865
1 40 1866
1 40 1867
1 40 1868
1 40 1869
1 40 1870
1 40 1871
1 40 1872
1 40 1873
1 40 1874
1 40 1875
1 40 1876
1 40 1877
1 40 1878
1 40 1879
1 40 1880
1 40 1881
1 40 1882
1 40 1883
1 40 1884
1 40 1885
1 40 1886
1 40 1887
1 40 1888
1 40 1889
1 40 1890
1 40 1891
1 40 1892
1 40 1893
1 40 1894
1 40 1895
1 40 1896
1 40 1897
1 40 1898
1 40 1899
1 40 1900
1 40 1901
1 40 1902
1 40 1903
1 40 1904
1 40 1905
1 40 1906
1 40 1907
1 40 1908
1 40 1909
1 40 1910
1 40 1911
1 40 1912
1 40 1913
1 40 1914
1 40 1915
1 40 1916
1 40 1917
1 40 1918
1 40 1919
1 40 1920
1 40 1921
1 40 1922
1 40 1923
1 40 1924
1 40 1925
1 40 1926
1 40 1927
1 40 1928
1 40 1929
1 40 1930
1 40 1931
1 40 1932
1 40 1933
1 40 1934
1 40 1935
1 40 1936
1 40 1937
1 40 1938
1 40 1939
1 40 1940
1 40 1941
1 40 1942
1 40 1943
1 40 1944
1 40 1945
1 40 1946
1 40 1947
1 40 1948
1 40 1949
1 40 1950
1 40 1951
1 40 1952
1 40 1953
1 40 1954
1 40 1955
1 40 1956
1 40 1957
1 40 1958
1 40 1959
1 40 1960
1 40 1961
1 40 1962
1 40 1963
1 40 1964
1 40 1965
1 40 1966
1 40 1967
1 40 1968
1 40 1969
1 40 1970
1 40 1971
1 40 1972
1 40 1973
1 40 1974
1 40 1975
1 40 1976
1 40 1977
1 40 1978
1 40 1979
1 40 1980
1 40 1981
1 40 1982
1 40 1983
1 40 1984
1 40 1985
1 40 1986
1 40 1987
1 40 1988
1 40 1989
1 40 1990
1 40 1991
1 40 1992
1 40 1993
1 40 1994
1 40 1995
1 40 1996
1 40 1997
1 40 1998
1 40 1999
1 40 2000
1 40 2001
1 40 2002
1 40 2003
1 40 2004
1 40 2005
1 40 2006
1 40 2007
1 40 2008
1 40 2009
1 40 2010
1 40 2011
1 40 2012
1 40 2013
1 40 2014
1 40 2015
1 40 2016
1 40 2017
1 40 2018
1 40 2019
1 40 2020
1 40 2021
1 40 2022
1 40 2023
1 40 2024
1 40 2025
1 40 2026
1 40 2027
1 40 2028
1 40 2029
1 40 2030
1 40 2031
1 40 2032
1 40 2033
1 40 2034
1 40 2035
1 40 2036
1 40 2037
1 40 2038
1 40 2039
1 40 2040
1 40 2041
1 40 2042
1 40 2043
1 40 2044
1 40 2045
1 40 2046
1 40 2047
1 40 2048
1 40 2049
1 40 2050
1 40 2051
1 40 2052
1 40 2053
1 40 2054
1 40 2055
1 40 2056
1 40 2057
1 40 2058
1 40 2059
1 40 2060
1 40 2061
1 40 2062
1 40 2063
1 40 2064
1 40 2065
1 40 2066
1 40 2067
1 40 2068
1 40 2069
1 40 2070
1 40 2071
1 40 2072
1 40 2073
1 40 2074
1 40 2075
1 40 2076
1 40 2077
1 40 2078
1 40 2079
1 40 2080
1 40 2081
1 40 2082
1 40 2083
1 40 2084
1 40 2085
1 40 2086
1 40 2087
1 40 2088
1 40 2089
1 40 2090
1 40 2091
1 40 2092
1 40 2093
1 40 2094
1 40 2095
1 40 2096
1 40 2097
1 40 2098
1 40 2099
1 40 2100
1 40 2101
1 40 2102
1 40 2103
1 40 2104
1 40 2105
1 40 2106
1 40 2107
1 40 2108
1 40 2109
1 40 2110
1 40 2111
1 40 2112
1 40 2113
1 40 2114
1 40 2115
1 40 2116
1 40 2117
1 40 2118
1 40 2119
1 40 2120
1 40 2121
1 40 2122
1 40 2123
1 40 2124
1 40 2125
1 40 2126
1 40 2127
1 40 2128
1 40 2129
1 40 2130
1 40 2131
1 40 2132
1 40 2133
1 40 2134
1 40 2135
1 40 2136
1 40 2137
1 40 2138
1 40 2139
1 40 2140
1 40 2141
1 40 2142
1 40 2143
1 40 2144
1 40 2145
1 40 2146
1 40 2147
1 40 2148
1 40 2149
1 40 2150
1 40 2151
1 40 2152
1 40 2153
1 40 2154
1 40 2155
1 40 2156
1 40 2157
1 40 2158
1 40 2159
1 40 2160
1 40 2161
1 40 2162
1 40 2163
1 40 2164
1 40 2165
1 40 2166
1 40 2167
1 40 2168
1 40 2169
1 40 2170
1 40 2171
1 40 2172
1 40 2173
1 40 2174
1 40 2175
1 40 2176
1 40 2177
1 40 2178
1 40 2179
1 40 2180
1 40 2181
1 40 2182
1 40 2183
1 40 2184
1 40 2185
1 40 2186
1 40 2187
1 40 2188
1 40 2189
1 40 2190
1 40 2191
1 40 2192
1 40 2193
1 40 2194
1 40 2195
1 40 2196
1 40 2197
1 40 2198
1 40 2199
1 40 2200
1 40 2201
1 40 2202
1 40 2203
1 40 2204
1 40 2205
1 40 2206
1 40 2207
1 40 2208
1 40 2209
1 40 2210
1 40 2211
1 40 2212
1 40 2213
1 40 2214
1 40 2215
1 40 2216
1 40 2217
1 40 2218
1 40 2219
1 40 2220
1 40 2221
1 40 2222
1 40 2223
1 40 2224
1 40 2225
1 40 2226
1 40 2227
1 40 2228
1 40 2229
1 40 2230
1 40 2231
1 40 2232
1 40 2233
1 40 2234
1 40 2235
1 40 2236
1 40 2237
1 40 2238
1 40 2239
1 40 2240
1 40 2241
1 40 2242
1 40 2243
1 40 2244
1 40 2245
1 40 2246
1 40 2247
1 40 2248
1 40 2249
1 40 2250
1 40 2251
1 40 2252
1 40 2253
1 40 2254
1 40 2255
1 40 2256
1 40 2257
1 40 2258
1 40 2259
1 40 2260
1 40 2261
1 40 2262
1 40 2263
1 40 2264
1 40 2265
1 40 2266
1 40 2267
1 40 2268
1 40 2269
1 40 2270
1 40 2271
1 40 2272
1 40 2273
1 40 2274
1 40 2275
1 40 2276
1 40 2277
1 40 2278
1 40 2279
1 40 2280
1 40 2281
1 40 2282
1 40 2283
1 40 2284
1 40 2285
1 40 2286
1 40 2287
1 40 2288
1 40 2289
1 40 2290
1 40 2291
1 40 2292
1 40 2293
1 40 2294
1 40 2295
1 40 2296
1 40 2297
1 40 2298
1 40 2299
1 40 2300
1 40 2301
1 40 2302
1 40 2303
1 40 2304
1 40 2305
1 40 2306
1 40 2307
1 40 2308
1 40 2309
1 40 2310
1 40 2311
1 40 2312
1 40 2313
1 40 2314
1 40 2315
1 40 2316
1 40 2317
1 40 2318
1 40 2319
1 40 2320
1 40 2321
1 40 2322
1 40 2323
1 40 2324
1 40 2325
1 40 2326
1 40 2327
1 40 2328
1 40 2329
1 40 2330
1 40 2331
1 40 2332
1 40 2333
1 40 2334
1 40 2335
1 40 2336
1 40 2337
1 40 2338
1 40 2339
1 40 2340
1 40 2341
1 40 2342
1 40 2343
1 40 2344
1 40 2345
1 40 2346
1 40 2347
1 40 2348
1 40 2349
1 40 2350
1 40 2351
1 40 2352
1 40 2353
1 40 2354
1 40 2355
1 40 2356
1 40 2357
1 40 2358
1 40 2359
1 40 2360
1 40 2361
1 40 2362
1 40 2363
1 40 2364
1 40 2365
1 40 2366
1 40 2367
1 40 2368
1 40 2369
1 40 2370
1 40 2371
1 40 2372
1 40 2373
1 40 2374
1 40 2375
1 40 2376
1 40 2377
1 40 2378
1 40 2379
1 40 2380
1 40 2381
1 40 2382
1 40 2383
1 40 2384
1 40 2385
1 40 2386
1 40 2387
1 40 2388
1 40 2389
1 40 2390
1 40 2391
1 40 2392
1 40 2393
1 40 2394
1 40 2395
1 40 2396
1 40 2397
1 40 2398
1 40 2399
1 40 2400
1 40 2401
1 40 2402
1 40 2403
1 40 2404
1 40 2405
1 40 2406
1 40 2407
1 40 2408
1 40 2409
1 40 2410
1 40 2411
1 40 2412
1 40 2413
1 40 2414
1 40 2415
1 40 2416
1 40 2417
1 40 2418
1 40 2419
1 40 2420
1 40 2421
1 40 2422
1 40 2423
1 40 2424
1 40 2425
1 40 2426
1 40 2427
1 40 2428
1 40 2429
1 40 2430
1 40 2431
1 40 2432
1 40 2433
1 40 2434
1 40 2435
1 40 2436
1 40 2437
1 40 2438
1 40 2439
1 40 2440
1 40 2441
1 40 2442
1 40 2443
1 40 2444
1 40 2445
1 40 2446
1 40 2447
1 40 2448
1 40 2449
1 40 2450
1 40 2451
1 40 2452
1 40 2453
1 40 2454
1 40 2455
1 40 2456
1 40 2457
