54 72 1
55 72 1
56 72 1
57 72 1
58 72 1
59 72 1
60 72 1
61 72 1
62 72 1
63 72 1
64 72 1
65 72 1
66 72 1
67 72 1
68 72 1
69 72 1
70 72 1
71 72 1
54 73 2
55 73 2
56 73 2
57 73 2
58 73 2
59 73 2
60 73 2
61 73 2
62 73 2
63 73 2
64 73 2
65 73 2
66 73 2
67 73 2
68 73 2
69 73 2
70 73 2
71 73 2
54 74 3
55 74 3
56 74 3
57 74 3
58 74 3
59 74 3
60 74 3
61 74 3
62 74 3
63 74 3
64 74 3
65 74 3
66 74 3
67 74 3
68 74 3
69 74 3
70 74 3
71 74 3
54 75 4
55 75 4
56 75 4
57 75 4
58 75 4
59 75 4
60 75 4
61 75 4
62 75 4
63 75 4
64 75 4
65 75 4
66 75 4
67 75 4
68 75 4
69 75 4
70 75 4
71 75 4
54 76 5
55 76 5
56 76 5
57 76 5
58 76 5
59 76 5
60 76 5
61 76 5
62 76 5
63 76 5
64 76 5
65 76 5
66 76 5
67 76 5
68 76 5
69 76 5
70 76 5
71 76 5
54 77 6
55 77 6
56 77 6
57 77 6
58 77 6
59 77 6
60 77 6
61 77 6
62 77 6
63 77 6
64 77 6
65 77 6
66 77 6
67 77 6
68 77 6
69 77 6
70 77 6
71 77 6
54 78 7
55 78 7
56 78 7
57 78 7
58 78 7
59 78 7
60 78 7
61 78 7
62 78 7
63 78 7
64 78 7
65 78 7
66 78 7
67 78 7
68 78 7
69 78 7
70 78 7
71 78 7
54 79 8
55 79 8
56 79 8
57 79 8
58 79 8
59 79 8
60 79 8
61 79 8
62 79 8
63 79 8
64 79 8
65 79 8
66 79 8
67 79 8
68 79 8
69 79 8
70 79 8
71 79 8
54 80 9
55 80 9
56 80 9
57 80 9
58 80 9
59 80 9
60 80 9
61 80 9
62 80 9
63 80 9
64 80 9
65 80 9
66 80 9
67 80 9
68 80 9
69 80 9
70 80 9
71 80 9
54 81 10
55 81 10
56 81 10
57 81 10
58 81 10
59 81 10
60 81 10
61 81 10
62 81 10
63 81 10
64 81 10
65 81 10
66 81 10
67 81 10
68 81 10
69 81 10
70 81 10
71 81 10
54 82 11
55 82 11
56 82 11
57 82 11
58 82 11
59 82 11
60 82 11
61 82 11
62 82 11
63 82 11
64 82 11
65 82 11
66 82 11
67 82 11
68 82 11
69 82 11
70 82 11
71 82 11
54 83 12
55 83 12
56 83 12
57 83 12
58 83 12
59 83 12
60 83 12
61 83 12
62 83 12
63 83 12
64 83 12
65 83 12
66 83 12
67 83 12
68 83 12
69 83 12
70 83 12
71 83 12
54 84 13
55 84 13
56 84 13
57 84 13
58 84 13
59 84 13
60 84 13
61 84 13
62 84 13
63 84 13
64 84 13
65 84 13
66 84 13
67 84 13
68 84 13
69 84 13
70 84 13
71 84 13
54 85 14
55 85 14
56 85 14
57 85 14
58 85 14
59 85 14
60 85 14
61 85 14
62 85 14
63 85 14
64 85 14
65 85 14
66 85 14
67 85 14
68 85 14
69 85 14
70 85 14
71 85 14
54 86 15
55 86 15
56 86 15
57 86 15
58 86 15
59 86 15
60 86 15
61 86 15
62 86 15
63 86 15
64 86 15
65 86 15
66 86 15
67 86 15
68 86 15
69 86 15
70 86 15
71 86 15
54 87 16
55 87 16
56 87 16
57 87 16
58 87 16
59 87 16
60 87 16
61 87 16
62 87 16
63 87 16
64 87 16
65 87 16
66 87 16
67 87 16
68 87 16
69 87 16
70 87 16
71 87 16
54 88 17
55 88 17
56 88 17
57 88 17
58 88 17
59 88 17
60 88 17
61 88 17
62 88 17
63 88 17
64 88 17
65 88 17
66 88 17
67 88 17
68 88 17
69 88 17
70 88 17
71 88 17
54 89 18
55 89 18
56 89 18
57 89 18
58 89 18
59 89 18
60 89 18
61 89 18
62 89 18
63 89 18
64 89 18
65 89 18
66 89 18
67 89 18
68 89 18
69 89 18
70 89 18
71 89 18
54 72 19
55 72 19
56 72 19
57 72 19
58 72 19
59 72 19
60 72 19
61 72 19
62 72 19
63 72 19
64 72 19
65 72 19
66 72 19
67 72 19
68 72 19
69 72 19
70 72 19
71 72 19
54 73 20
55 73 20
56 73 20
57 73 20
58 73 20
59 73 20
60 73 20
61 73 20
62 73 20
63 73 20
64 73 20
65 73 20
66 73 20
67 73 20
68 73 20
69 73 20
70 73 20
71 73 20
54 74 21
55 74 21
56 74 21
57 74 21
58 74 21
59 74 21
60 74 21
61 74 21
62 74 21
63 74 21
64 74 21
65 74 21
66 74 21
67 74 21
68 74 21
69 74 21
70 74 21
71 74 21
54 75 22
55 75 22
56 75 22
57 75 22
58 75 22
59 75 22
60 75 22
61 75 22
62 75 22
63 75 22
64 75 22
65 75 22
66 75 22
67 75 22
68 75 22
69 75 22
70 75 22
71 75 22
54 76 23
55 76 23
56 76 23
57 76 23
58 76 23
59 76 23
60 76 23
61 76 23
62 76 23
63 76 23
64 76 23
65 76 23
66 76 23
67 76 23
68 76 23
69 76 23
70 76 23
71 76 23
54 77 24
55 77 24
56 77 24
57 77 24
58 77 24
59 77 24
60 77 24
61 77 24
62 77 24
63 77 24
64 77 24
65 77 24
66 77 24
67 77 24
68 77 24
69 77 24
70 77 24
71 77 24
54 78 25
55 78 25
56 78 25
57 78 25
58 78 25
59 78 25
60 78 25
61 78 25
62 78 25
63 78 25
64 78 25
65 78 25
66 78 25
67 78 25
68 78 25
69 78 25
70 78 25
71 78 25
54 79 26
55 79 26
56 79 26
57 79 26
58 79 26
59 79 26
60 79 26
61 79 26
62 79 26
63 79 26
64 79 26
65 79 26
66 79 26
67 79 26
68 79 26
69 79 26
70 79 26
71 79 26
54 80 27
55 80 27
56 80 27
57 80 27
58 80 27
59 80 27
60 80 27
61 80 27
62 80 27
63 80 27
64 80 27
65 80 27
66 80 27
67 80 27
68 80 27
69 80 27
70 80 27
71 80 27
54 81 28
55 81 28
56 81 28
57 81 28
58 81 28
59 81 28
60 81 28
61 81 28
62 81 28
63 81 28
64 81 28
65 81 28
66 81 28
67 81 28
68 81 28
69 81 28
70 81 28
71 81 28
54 82 29
55 82 29
56 82 29
57 82 29
58 82 29
59 82 29
60 82 29
61 82 29
62 82 29
63 82 29
64 82 29
65 82 29
66 82 29
67 82 29
68 82 29
69 82 29
70 82 29
71 82 29
54 83 30
55 83 30
56 83 30
57 83 30
58 83 30
59 83 30
60 83 30
61 83 30
62 83 30
63 83 30
64 83 30
65 83 30
66 83 30
67 83 30
68 83 30
69 83 30
70 83 30
71 83 30
54 84 31
55 84 31
56 84 31
57 84 31
58 84 31
59 84 31
60 84 31
61 84 31
62 84 31
63 84 31
64 84 31
65 84 31
66 84 31
67 84 31
68 84 31
69 84 31
70 84 31
71 84 31
54 85 32
55 85 32
56 85 32
57 85 32
58 85 32
59 85 32
60 85 32
61 85 32
62 85 32
63 85 32
64 85 32
65 85 32
66 85 32
67 85 32
68 85 32
69 85 32
70 85 32
71 85 32
54 86 33
55 86 33
56 86 33
57 86 33
58 86 33
59 86 33
60 86 33
61 86 33
62 86 33
63 86 33
64 86 33
65 86 33
66 86 33
67 86 33
68 86 33
69 86 33
70 86 33
71 86 33
54 87 34
55 87 34
56 87 34
57 87 34
58 87 34
59 87 34
60 87 34
61 87 34
62 87 34
63 87 34
64 87 34
65 87 34
66 87 34
67 87 34
68 87 34
69 87 34
70 87 34
71 87 34
54 88 35
55 88 35
56 88 35
57 88 35
58 88 35
59 88 35
60 88 35
61 88 35
62 88 35
63 88 35
64 88 35
65 88 35
66 88 35
67 88 35
68 88 35
69 88 35
70 88 35
71 88 35
54 89 36
55 89 36
56 89 36
57 89 36
58 89 36
59 89 36
60 89 36
61 89 36
62 89 36
63 89 36
64 89 36
65 89 36
66 89 36
67 89 36
68 89 36
69 89 36
70 89 36
71 89 36
