22 23 1
22 23 2
22 23 3
22 23 4
22 23 5
22 23 6
22 23 7
22 23 8
22 23 9
22 23 10
22 23 11
22 23 12
22 23 13
22 23 14
22 23 15
22 23 16
22 23 17
22 23 18
22 23 19
22 23 20
22 23 21
22 23 22
22 23 23
22 23 24
22 23 25
22 23 26
22 23 27
22 23 28
22 23 29
22 23 30
22 23 31
22 23 32
22 23 33
22 23 34
22 23 35
22 23 36
22 23 37
22 23 38
22 23 39
22 23 40
22 23 41
22 23 42
22 23 43
22 23 44
22 23 45
22 23 46
22 23 47
22 23 48
22 23 49
22 23 50
22 23 51
22 23 52
22 23 53
22 23 54
22 23 55
22 23 56
22 23 57
22 23 58
22 23 59
22 23 60
22 23 61
22 23 62
22 23 63
22 23 64
22 23 65
22 23 66
22 23 67
22 23 68
22 23 69
22 23 70
22 23 71
22 23 72
22 23 73
22 23 74
22 23 75
22 23 76
22 23 77
22 23 78
22 23 79
22 23 80
22 23 81
22 23 82
22 23 83
22 23 84
22 23 85
22 23 86
22 23 87
22 23 88
22 23 89
22 23 90
22 23 91
22 23 92
22 23 93
22 23 94
22 23 95
22 23 96
22 23 97
22 23 98
22 23 99
22 23 100
22 23 101
22 23 102
22 23 103
22 23 104
22 23 105
22 23 106
22 23 107
22 23 108
22 23 109
22 23 110
22 23 111
22 23 112
22 23 113
22 23 114
22 23 115
22 23 116
22 23 117
22 23 118
22 23 119
22 23 120
22 23 121
22 23 122
22 23 123
22 23 124
22 23 125
22 23 126
22 23 127
22 23 128
22 23 129
22 23 130
22 23 131
22 23 132
22 23 133
22 23 134
22 23 135
22 23 136
22 23 137
22 23 138
22 23 139
22 23 140
22 23 141
22 23 142
22 23 143
22 23 144
22 23 145
22 23 146
22 23 147
22 23 148
22 23 149
22 23 150
22 23 151
22 23 152
22 23 153
22 23 154
22 23 155
22 23 156
22 23 157
22 23 158
22 23 159
22 23 160
22 23 161
22 23 162
22 23 163
22 23 164
22 23 165
22 23 166
22 23 167
22 23 168
22 23 169
22 23 170
22 23 171
22 23 172
22 23 173
22 23 174
22 23 175
22 23 176
22 23 177
22 23 178
22 23 179
22 23 180
22 23 181
22 23 182
22 23 183
22 23 184
22 23 185
22 23 186
22 23 187
22 23 188
22 23 189
22 23 190
22 23 191
22 23 192
22 23 193
22 23 194
22 23 195
22 23 196
22 23 197
22 23 198
22 23 199
22 23 200
22 23 201
22 23 202
22 23 203
22 23 204
22 23 205
22 23 206
22 23 207
22 23 208
22 23 209
22 23 210
22 23 211
22 23 212
22 23 213
22 23 214
22 23 215
22 23 216
22 23 217
22 23 218
22 23 219
22 23 220
22 23 221
22 23 222
22 23 223
22 23 224
22 23 225
22 23 226
22 23 227
22 23 228
22 23 229
22 23 230
22 23 231
22 23 232
22 23 233
22 23 234
22 23 235
22 23 236
22 23 237
22 23 238
22 23 239
22 23 240
22 23 241
22 23 242
22 23 243
22 23 244
22 23 245
