25 12 1
25 12 2
25 12 3
25 12 4
25 12 5
25 12 6
25 12 7
25 12 8
25 12 9
25 12 10
25 12 11
25 12 12
25 12 13
25 12 14
25 12 15
25 12 16
25 12 17
25 12 18
25 12 19
25 12 20
25 12 21
25 12 22
25 12 23
25 12 24
25 12 25
25 12 26
25 12 27
25 12 28
25 12 29
25 12 30
25 12 31
25 12 32
25 12 33
25 12 34
25 12 35
25 12 36
25 12 37
25 12 38
25 12 39
25 12 40
25 12 41
25 12 42
25 12 43
25 12 44
25 12 45
25 12 46
25 12 47
25 12 48
25 12 49
25 12 50
25 12 51
25 12 52
25 12 53
25 12 54
25 12 55
25 12 56
25 12 57
25 12 58
25 12 59
25 12 60
25 12 61
25 12 62
25 12 63
25 12 64
25 12 65
25 12 66
25 12 67
25 12 68
25 12 69
25 12 70
25 12 71
25 12 72
25 12 73
25 12 74
25 12 75
25 12 76
25 12 77
25 12 78
25 12 79
25 12 80
25 12 81
25 12 82
25 12 83
25 12 84
25 12 85
25 12 86
25 12 87
25 12 88
25 12 89
25 12 90
25 12 91
25 12 92
25 12 93
25 12 94
25 12 95
25 12 96
25 12 97
25 12 98
25 12 99
25 12 100
25 12 101
25 12 102
25 12 103
25 12 104
25 12 105
25 12 106
25 12 107
25 12 108
25 12 109
25 12 110
25 12 111
25 12 112
25 12 113
25 12 114
25 12 115
25 12 116
25 12 117
25 12 118
25 12 119
25 12 120
25 12 121
25 12 122
25 12 123
25 12 124
25 12 125
25 12 126
25 12 127
25 12 128
25 12 129
25 12 130
25 12 131
25 12 132
25 12 133
25 12 134
25 12 135
25 12 136
25 12 137
25 12 138
25 12 139
25 12 140
25 12 141
25 12 142
25 12 143
25 12 144
25 12 145
25 12 146
25 12 147
25 12 148
25 12 149
25 12 150
25 12 151
25 12 152
25 12 153
25 12 154
25 12 155
25 12 156
25 12 157
25 12 158
25 12 159
25 12 160
25 12 161
25 12 162
25 12 163
25 12 164
25 12 165
25 12 166
25 12 167
25 12 168
25 12 169
25 12 170
25 12 171
25 12 172
25 12 173
25 12 174
25 12 175
25 12 176
25 12 177
25 12 178
25 12 179
25 12 180
25 12 181
25 12 182
25 12 183
25 12 184
25 12 185
25 12 186
25 12 187
25 12 188
25 12 189
25 12 190
25 12 191
25 12 192
25 12 193
25 12 194
25 12 195
25 12 196
25 12 197
25 12 198
25 12 199
25 12 200
25 12 201
25 12 202
25 12 203
25 12 204
25 12 205
25 12 206
25 12 207
25 12 208
25 12 209
25 12 210
25 12 211
25 12 212
25 12 213
25 12 214
25 12 215
25 12 216
25 12 217
25 12 218
25 12 219
25 12 220
25 12 221
25 12 222
25 12 223
25 12 224
25 12 225
25 12 226
25 12 227
25 12 228
25 12 229
25 12 230
25 12 231
25 12 232
25 12 233
25 12 234
25 12 235
25 12 236
25 12 237
25 12 238
25 12 239
25 12 240
25 12 241
25 12 242
25 12 243
25 12 244
25 12 245
