25 14 1
25 14 2
25 14 3
25 14 4
25 14 5
25 14 6
25 14 7
25 14 8
25 14 9
25 14 10
25 14 11
25 14 12
25 14 13
25 14 14
25 14 15
25 14 16
25 14 17
25 14 18
25 14 19
25 14 20
25 14 21
25 14 22
25 14 23
25 14 24
25 14 25
25 14 26
25 14 27
25 14 28
25 14 29
25 14 30
25 14 31
25 14 32
25 14 33
25 14 34
25 14 35
25 14 36
25 14 37
25 14 38
25 14 39
25 14 40
25 14 41
25 14 42
25 14 43
25 14 44
25 14 45
25 14 46
25 14 47
25 14 48
25 14 49
25 14 50
25 14 51
25 14 52
25 14 53
25 14 54
25 14 55
25 14 56
25 14 57
25 14 58
25 14 59
25 14 60
25 14 61
25 14 62
25 14 63
25 14 64
25 14 65
25 14 66
25 14 67
25 14 68
25 14 69
25 14 70
25 14 71
25 14 72
25 14 73
25 14 74
25 14 75
25 14 76
25 14 77
25 14 78
25 14 79
25 14 80
25 14 81
25 14 82
25 14 83
25 14 84
25 14 85
25 14 86
25 14 87
25 14 88
25 14 89
25 14 90
25 14 91
25 14 92
25 14 93
25 14 94
25 14 95
25 14 96
25 14 97
25 14 98
25 14 99
25 14 100
25 14 101
25 14 102
25 14 103
25 14 104
25 14 105
25 14 106
25 14 107
25 14 108
25 14 109
25 14 110
25 14 111
25 14 112
25 14 113
25 14 114
25 14 115
25 14 116
25 14 117
25 14 118
25 14 119
25 14 120
25 14 121
25 14 122
25 14 123
25 14 124
25 14 125
25 14 126
25 14 127
25 14 128
25 14 129
25 14 130
25 14 131
25 14 132
25 14 133
25 14 134
25 14 135
25 14 136
25 14 137
25 14 138
25 14 139
25 14 140
25 14 141
25 14 142
25 14 143
25 14 144
25 14 145
25 14 146
25 14 147
25 14 148
25 14 149
25 14 150
25 14 151
25 14 152
25 14 153
25 14 154
25 14 155
25 14 156
25 14 157
25 14 158
25 14 159
25 14 160
25 14 161
25 14 162
25 14 163
25 14 164
25 14 165
25 14 166
25 14 167
25 14 168
25 14 169
25 14 170
25 14 171
25 14 172
25 14 173
25 14 174
25 14 175
25 14 176
25 14 177
25 14 178
25 14 179
25 14 180
25 14 181
25 14 182
25 14 183
25 14 184
25 14 185
25 14 186
25 14 187
25 14 188
25 14 189
25 14 190
25 14 191
25 14 192
25 14 193
25 14 194
25 14 195
25 14 196
25 14 197
25 14 198
25 14 199
25 14 200
25 14 201
25 14 202
25 14 203
25 14 204
25 14 205
25 14 206
25 14 207
25 14 208
25 14 209
25 14 210
25 14 211
25 14 212
25 14 213
25 14 214
25 14 215
25 14 216
25 14 217
25 14 218
25 14 219
25 14 220
25 14 221
25 14 222
25 14 223
25 14 224
25 14 225
25 14 226
25 14 227
25 14 228
25 14 229
25 14 230
25 14 231
25 14 232
25 14 233
25 14 234
25 14 235
25 14 236
25 14 237
25 14 238
25 14 239
25 14 240
25 14 241
25 14 242
25 14 243
25 14 244
25 14 245
