10 11 1
10 11 2
10 11 3
10 11 4
10 11 5
10 11 6
10 11 7
10 11 8
10 11 9
10 11 10
10 11 11
10 11 12
10 11 13
10 11 14
10 11 15
10 11 16
10 11 17
10 11 18
10 11 19
10 11 20
10 11 21
10 11 22
10 11 23
10 11 24
10 11 25
10 11 26
10 11 27
10 11 28
10 11 29
10 11 30
10 11 31
10 11 32
10 11 33
10 11 34
10 11 35
10 11 36
10 11 37
10 11 38
10 11 39
10 11 40
10 11 41
10 11 42
10 11 43
10 11 44
10 11 45
10 11 46
10 11 47
10 11 48
10 11 49
10 11 50
10 11 51
10 11 52
10 11 53
10 11 54
10 11 55
10 11 56
10 11 57
10 11 58
10 11 59
10 11 60
10 11 61
10 11 62
10 11 63
10 11 64
10 11 65
10 11 66
10 11 67
10 11 68
10 11 69
10 11 70
10 11 71
10 11 72
10 11 73
10 11 74
10 11 75
10 11 76
10 11 77
10 11 78
10 11 79
10 11 80
10 11 81
10 11 82
10 11 83
10 11 84
10 11 85
10 11 86
10 11 87
10 11 88
10 11 89
10 11 90
10 11 91
10 11 92
10 11 93
10 11 94
10 11 95
10 11 96
10 11 97
10 11 98
10 11 99
10 11 100
10 11 101
10 11 102
10 11 103
10 11 104
10 11 105
10 11 106
10 11 107
10 11 108
10 11 109
10 11 110
10 11 111
10 11 112
10 11 113
10 11 114
10 11 115
10 11 116
10 11 117
10 11 118
10 11 119
10 11 120
10 11 121
10 11 122
10 11 123
10 11 124
10 11 125
10 11 126
10 11 127
10 11 128
10 11 129
10 11 130
10 11 131
10 11 132
10 11 133
10 11 134
10 11 135
10 11 136
10 11 137
10 11 138
10 11 139
10 11 140
10 11 141
10 11 142
10 11 143
10 11 144
10 11 145
10 11 146
10 11 147
10 11 148
10 11 149
10 11 150
10 11 151
10 11 152
10 11 153
10 11 154
10 11 155
10 11 156
10 11 157
10 11 158
10 11 159
10 11 160
10 11 161
10 11 162
10 11 163
10 11 164
10 11 165
10 11 166
10 11 167
10 11 168
10 11 169
10 11 170
10 11 171
10 11 172
10 11 173
10 11 174
10 11 175
10 11 176
10 11 177
10 11 178
10 11 179
10 11 180
10 11 181
10 11 182
10 11 183
10 11 184
10 11 185
10 11 186
10 11 187
10 11 188
10 11 189
10 11 190
10 11 191
10 11 192
10 11 193
10 11 194
10 11 195
10 11 196
10 11 197
10 11 198
10 11 199
10 11 200
10 11 201
10 11 202
10 11 203
10 11 204
10 11 205
10 11 206
10 11 207
10 11 208
10 11 209
10 11 210
10 11 211
10 11 212
10 11 213
10 11 214
10 11 215
10 11 216
10 11 217
10 11 218
10 11 219
10 11 220
10 11 221
10 11 222
10 11 223
10 11 224
10 11 225
10 11 226
10 11 227
10 11 228
10 11 229
10 11 230
10 11 231
10 11 232
10 11 233
10 11 234
10 11 235
10 11 236
10 11 237
10 11 238
10 11 239
10 11 240
10 11 241
10 11 242
10 11 243
10 11 244
10 11 245
