25 10 1
25 10 2
25 10 3
25 10 4
25 10 5
25 10 6
25 10 7
25 10 8
25 10 9
25 10 10
25 10 11
25 10 12
25 10 13
25 10 14
25 10 15
25 10 16
25 10 17
25 10 18
25 10 19
25 10 20
25 10 21
25 10 22
25 10 23
25 10 24
25 10 25
25 10 26
25 10 27
25 10 28
25 10 29
25 10 30
25 10 31
25 10 32
25 10 33
25 10 34
25 10 35
25 10 36
25 10 37
25 10 38
25 10 39
25 10 40
25 10 41
25 10 42
25 10 43
25 10 44
25 10 45
25 10 46
25 10 47
25 10 48
25 10 49
25 10 50
25 10 51
25 10 52
25 10 53
25 10 54
25 10 55
25 10 56
25 10 57
25 10 58
25 10 59
25 10 60
25 10 61
25 10 62
25 10 63
25 10 64
25 10 65
25 10 66
25 10 67
25 10 68
25 10 69
25 10 70
25 10 71
25 10 72
25 10 73
25 10 74
25 10 75
25 10 76
25 10 77
25 10 78
25 10 79
25 10 80
25 10 81
25 10 82
25 10 83
25 10 84
25 10 85
25 10 86
25 10 87
25 10 88
25 10 89
25 10 90
25 10 91
25 10 92
25 10 93
25 10 94
25 10 95
25 10 96
25 10 97
25 10 98
25 10 99
25 10 100
25 10 101
25 10 102
25 10 103
25 10 104
25 10 105
25 10 106
25 10 107
25 10 108
25 10 109
25 10 110
25 10 111
25 10 112
25 10 113
25 10 114
25 10 115
25 10 116
25 10 117
25 10 118
25 10 119
25 10 120
25 10 121
25 10 122
25 10 123
25 10 124
25 10 125
25 10 126
25 10 127
25 10 128
25 10 129
25 10 130
25 10 131
25 10 132
25 10 133
25 10 134
25 10 135
25 10 136
25 10 137
25 10 138
25 10 139
25 10 140
25 10 141
25 10 142
25 10 143
25 10 144
25 10 145
25 10 146
25 10 147
25 10 148
25 10 149
25 10 150
25 10 151
25 10 152
25 10 153
25 10 154
25 10 155
25 10 156
25 10 157
25 10 158
25 10 159
25 10 160
25 10 161
25 10 162
25 10 163
25 10 164
25 10 165
25 10 166
25 10 167
25 10 168
25 10 169
25 10 170
25 10 171
25 10 172
25 10 173
25 10 174
25 10 175
25 10 176
25 10 177
25 10 178
25 10 179
25 10 180
25 10 181
25 10 182
25 10 183
25 10 184
25 10 185
25 10 186
25 10 187
25 10 188
25 10 189
25 10 190
25 10 191
25 10 192
25 10 193
25 10 194
25 10 195
25 10 196
25 10 197
25 10 198
25 10 199
25 10 200
25 10 201
25 10 202
25 10 203
25 10 204
25 10 205
25 10 206
25 10 207
25 10 208
25 10 209
25 10 210
25 10 211
25 10 212
25 10 213
25 10 214
25 10 215
25 10 216
25 10 217
25 10 218
25 10 219
25 10 220
25 10 221
25 10 222
25 10 223
25 10 224
25 10 225
25 10 226
25 10 227
25 10 228
25 10 229
25 10 230
25 10 231
25 10 232
25 10 233
25 10 234
25 10 235
25 10 236
25 10 237
25 10 238
25 10 239
25 10 240
25 10 241
25 10 242
25 10 243
25 10 244
25 10 245
