25 8 1
25 8 2
25 8 3
25 8 4
25 8 5
25 8 6
25 8 7
25 8 8
25 8 9
25 8 10
25 8 11
25 8 12
25 8 13
25 8 14
25 8 15
25 8 16
25 8 17
25 8 18
25 8 19
25 8 20
25 8 21
25 8 22
25 8 23
25 8 24
25 8 25
25 8 26
25 8 27
25 8 28
25 8 29
25 8 30
25 8 31
25 8 32
25 8 33
25 8 34
25 8 35
25 8 36
25 8 37
25 8 38
25 8 39
25 8 40
25 8 41
25 8 42
25 8 43
25 8 44
25 8 45
25 8 46
25 8 47
25 8 48
25 8 49
25 8 50
25 8 51
25 8 52
25 8 53
25 8 54
25 8 55
25 8 56
25 8 57
25 8 58
25 8 59
25 8 60
25 8 61
25 8 62
25 8 63
25 8 64
25 8 65
25 8 66
25 8 67
25 8 68
25 8 69
25 8 70
25 8 71
25 8 72
25 8 73
25 8 74
25 8 75
25 8 76
25 8 77
25 8 78
25 8 79
25 8 80
25 8 81
25 8 82
25 8 83
25 8 84
25 8 85
25 8 86
25 8 87
25 8 88
25 8 89
25 8 90
25 8 91
25 8 92
25 8 93
25 8 94
25 8 95
25 8 96
25 8 97
25 8 98
25 8 99
25 8 100
25 8 101
25 8 102
25 8 103
25 8 104
25 8 105
25 8 106
25 8 107
25 8 108
25 8 109
25 8 110
25 8 111
25 8 112
25 8 113
25 8 114
25 8 115
25 8 116
25 8 117
25 8 118
25 8 119
25 8 120
25 8 121
25 8 122
25 8 123
25 8 124
25 8 125
25 8 126
25 8 127
25 8 128
25 8 129
25 8 130
25 8 131
25 8 132
25 8 133
25 8 134
25 8 135
25 8 136
25 8 137
25 8 138
25 8 139
25 8 140
25 8 141
25 8 142
25 8 143
25 8 144
25 8 145
25 8 146
25 8 147
25 8 148
25 8 149
25 8 150
25 8 151
25 8 152
25 8 153
25 8 154
25 8 155
25 8 156
25 8 157
25 8 158
25 8 159
25 8 160
25 8 161
25 8 162
25 8 163
25 8 164
25 8 165
25 8 166
25 8 167
25 8 168
25 8 169
25 8 170
25 8 171
25 8 172
25 8 173
25 8 174
25 8 175
25 8 176
25 8 177
25 8 178
25 8 179
25 8 180
25 8 181
25 8 182
25 8 183
25 8 184
25 8 185
25 8 186
25 8 187
25 8 188
25 8 189
25 8 190
25 8 191
25 8 192
25 8 193
25 8 194
25 8 195
25 8 196
25 8 197
25 8 198
25 8 199
25 8 200
25 8 201
25 8 202
25 8 203
25 8 204
25 8 205
25 8 206
25 8 207
25 8 208
25 8 209
25 8 210
25 8 211
25 8 212
25 8 213
25 8 214
25 8 215
25 8 216
25 8 217
25 8 218
25 8 219
25 8 220
25 8 221
25 8 222
25 8 223
25 8 224
25 8 225
25 8 226
25 8 227
25 8 228
25 8 229
25 8 230
25 8 231
25 8 232
25 8 233
25 8 234
25 8 235
25 8 236
25 8 237
25 8 238
25 8 239
25 8 240
25 8 241
25 8 242
25 8 243
25 8 244
25 8 245
