14 11 1
14 11 2
14 11 3
14 11 4
14 11 5
14 11 6
14 11 7
14 11 8
14 11 9
14 11 10
14 11 11
14 11 12
14 11 13
14 11 14
14 11 15
14 11 16
14 11 17
14 11 18
14 11 19
14 11 20
14 11 21
14 11 22
14 11 23
14 11 24
14 11 25
14 11 26
14 11 27
14 11 28
14 11 29
14 11 30
14 11 31
14 11 32
14 11 33
14 11 34
14 11 35
14 11 36
14 11 37
14 11 38
14 11 39
14 11 40
14 11 41
14 11 42
14 11 43
14 11 44
14 11 45
14 11 46
14 11 47
14 11 48
14 11 49
14 11 50
14 11 51
14 11 52
14 11 53
14 11 54
14 11 55
14 11 56
14 11 57
14 11 58
14 11 59
14 11 60
14 11 61
14 11 62
14 11 63
14 11 64
14 11 65
14 11 66
14 11 67
14 11 68
14 11 69
14 11 70
14 11 71
14 11 72
14 11 73
14 11 74
14 11 75
14 11 76
14 11 77
14 11 78
14 11 79
14 11 80
14 11 81
14 11 82
14 11 83
14 11 84
14 11 85
14 11 86
14 11 87
14 11 88
14 11 89
14 11 90
14 11 91
14 11 92
14 11 93
14 11 94
14 11 95
14 11 96
14 11 97
14 11 98
14 11 99
14 11 100
14 11 101
14 11 102
14 11 103
14 11 104
14 11 105
14 11 106
14 11 107
14 11 108
14 11 109
14 11 110
14 11 111
14 11 112
14 11 113
14 11 114
14 11 115
14 11 116
14 11 117
14 11 118
14 11 119
14 11 120
14 11 121
14 11 122
14 11 123
14 11 124
14 11 125
14 11 126
14 11 127
14 11 128
14 11 129
14 11 130
14 11 131
14 11 132
14 11 133
14 11 134
14 11 135
14 11 136
14 11 137
14 11 138
14 11 139
14 11 140
14 11 141
14 11 142
14 11 143
14 11 144
14 11 145
14 11 146
14 11 147
14 11 148
14 11 149
14 11 150
14 11 151
14 11 152
14 11 153
14 11 154
14 11 155
14 11 156
14 11 157
14 11 158
14 11 159
14 11 160
14 11 161
14 11 162
14 11 163
14 11 164
14 11 165
14 11 166
14 11 167
14 11 168
14 11 169
14 11 170
14 11 171
14 11 172
14 11 173
14 11 174
14 11 175
14 11 176
14 11 177
14 11 178
14 11 179
14 11 180
14 11 181
14 11 182
14 11 183
14 11 184
14 11 185
14 11 186
14 11 187
14 11 188
14 11 189
14 11 190
14 11 191
14 11 192
14 11 193
14 11 194
14 11 195
14 11 196
14 11 197
14 11 198
14 11 199
14 11 200
14 11 201
14 11 202
14 11 203
14 11 204
14 11 205
14 11 206
14 11 207
14 11 208
14 11 209
14 11 210
14 11 211
14 11 212
14 11 213
14 11 214
14 11 215
14 11 216
14 11 217
14 11 218
14 11 219
14 11 220
14 11 221
14 11 222
14 11 223
14 11 224
14 11 225
14 11 226
14 11 227
14 11 228
14 11 229
14 11 230
14 11 231
14 11 232
14 11 233
14 11 234
14 11 235
14 11 236
14 11 237
14 11 238
14 11 239
14 11 240
14 11 241
14 11 242
14 11 243
14 11 244
14 11 245
