9 10 1
9 10 2
9 10 3
9 10 4
9 10 5
9 10 6
9 10 7
9 10 8
9 10 9
9 10 10
9 10 11
9 10 12
9 10 13
9 10 14
9 10 15
9 10 16
9 10 17
9 10 18
9 10 19
9 10 20
9 10 21
9 10 22
9 10 23
9 10 24
9 10 25
9 10 26
9 10 27
9 10 28
9 10 29
9 10 30
9 10 31
9 10 32
9 10 33
9 10 34
9 10 35
9 10 36
9 10 37
9 10 38
9 10 39
9 10 40
9 10 41
9 10 42
9 10 43
9 10 44
9 10 45
9 10 46
9 10 47
9 10 48
9 10 49
9 10 50
9 10 51
9 10 52
9 10 53
9 10 54
9 10 55
9 10 56
9 10 57
9 10 58
9 10 59
9 10 60
9 10 61
9 10 62
9 10 63
9 10 64
9 10 65
9 10 66
9 10 67
9 10 68
9 10 69
9 10 70
9 10 71
9 10 72
9 10 73
9 10 74
9 10 75
9 10 76
9 10 77
9 10 78
9 10 79
9 10 80
9 10 81
9 10 82
9 10 83
9 10 84
9 10 85
9 10 86
9 10 87
9 10 88
9 10 89
9 10 90
9 10 91
9 10 92
9 10 93
9 10 94
9 10 95
9 10 96
9 10 97
9 10 98
9 10 99
9 10 100
9 10 101
9 10 102
9 10 103
9 10 104
9 10 105
9 10 106
9 10 107
9 10 108
9 10 109
9 10 110
9 10 111
9 10 112
9 10 113
9 10 114
9 10 115
9 10 116
9 10 117
9 10 118
9 10 119
9 10 120
9 10 121
9 10 122
9 10 123
9 10 124
9 10 125
9 10 126
9 10 127
9 10 128
9 10 129
9 10 130
9 10 131
9 10 132
9 10 133
9 10 134
9 10 135
9 10 136
9 10 137
9 10 138
9 10 139
9 10 140
9 10 141
9 10 142
9 10 143
9 10 144
9 10 145
9 10 146
9 10 147
9 10 148
9 10 149
9 10 150
9 10 151
9 10 152
9 10 153
9 10 154
9 10 155
9 10 156
9 10 157
9 10 158
9 10 159
9 10 160
9 10 161
9 10 162
9 10 163
9 10 164
9 10 165
9 10 166
9 10 167
9 10 168
9 10 169
9 10 170
9 10 171
9 10 172
9 10 173
9 10 174
9 10 175
9 10 176
9 10 177
9 10 178
9 10 179
9 10 180
9 10 181
9 10 182
9 10 183
9 10 184
9 10 185
9 10 186
9 10 187
9 10 188
9 10 189
9 10 190
9 10 191
9 10 192
9 10 193
9 10 194
9 10 195
9 10 196
9 10 197
9 10 198
9 10 199
9 10 200
9 10 201
9 10 202
9 10 203
9 10 204
9 10 205
9 10 206
9 10 207
9 10 208
9 10 209
9 10 210
9 10 211
9 10 212
9 10 213
9 10 214
9 10 215
9 10 216
9 10 217
9 10 218
9 10 219
9 10 220
9 10 221
9 10 222
9 10 223
9 10 224
9 10 225
9 10 226
9 10 227
9 10 228
9 10 229
9 10 230
9 10 231
9 10 232
9 10 233
9 10 234
9 10 235
9 10 236
9 10 237
9 10 238
9 10 239
9 10 240
9 10 241
9 10 242
9 10 243
9 10 244
9 10 245
9 10 246
9 10 247
9 10 248
9 10 249
9 10 250
9 10 251
9 10 252
9 10 253
9 10 254
9 10 255
9 10 256
9 10 257
9 10 258
9 10 259
9 10 260
9 10 261
9 10 262
9 10 263
9 10 264
9 10 265
9 10 266
9 10 267
9 10 268
9 10 269
9 10 270
9 10 271
9 10 272
9 10 273
9 10 274
9 10 275
9 10 276
9 10 277
9 10 278
9 10 279
9 10 280
9 10 281
9 10 282
9 10 283
9 10 284
9 10 285
9 10 286
9 10 287
9 10 288
9 10 289
9 10 290
9 10 291
9 10 292
9 10 293
9 10 294
9 10 295
9 10 296
9 10 297
9 10 298
9 10 299
9 10 300
9 10 301
9 10 302
9 10 303
9 10 304
9 10 305
9 10 306
9 10 307
9 10 308
9 10 309
9 10 310
9 10 311
9 10 312
9 10 313
9 10 314
9 10 315
9 10 316
9 10 317
9 10 318
9 10 319
9 10 320
9 10 321
9 10 322
9 10 323
9 10 324
9 10 325
9 10 326
9 10 327
9 10 328
9 10 329
9 10 330
9 10 331
9 10 332
9 10 333
9 10 334
9 10 335
9 10 336
9 10 337
9 10 338
9 10 339
9 10 340
9 10 341
9 10 342
9 10 343
9 10 344
9 10 345
9 10 346
9 10 347
9 10 348
9 10 349
9 10 350
9 10 351
9 10 352
9 10 353
9 10 354
9 10 355
9 10 356
9 10 357
9 10 358
9 10 359
9 10 360
9 10 361
9 10 362
9 10 363
9 10 364
9 10 365
9 10 366
9 10 367
9 10 368
9 10 369
9 10 370
9 10 371
9 10 372
9 10 373
9 10 374
9 10 375
9 10 376
9 10 377
9 10 378
9 10 379
9 10 380
9 10 381
9 10 382
9 10 383
9 10 384
9 10 385
9 10 386
9 10 387
9 10 388
9 10 389
9 10 390
9 10 391
9 10 392
9 10 393
9 10 394
9 10 395
9 10 396
9 10 397
9 10 398
9 10 399
9 10 400
9 10 401
9 10 402
9 10 403
9 10 404
9 10 405
9 10 406
9 10 407
9 10 408
9 10 409
9 10 410
9 10 411
9 10 412
9 10 413
9 10 414
9 10 415
9 10 416
9 10 417
9 10 418
9 10 419
9 10 420
9 10 421
9 10 422
9 10 423
9 10 424
9 10 425
9 10 426
9 10 427
9 10 428
9 10 429
9 10 430
9 10 431
9 10 432
9 10 433
9 10 434
9 10 435
9 10 436
9 10 437
9 10 438
9 10 439
9 10 440
9 10 441
9 10 442
9 10 443
9 10 444
9 10 445
9 10 446
9 10 447
9 10 448
9 10 449
9 10 450
9 10 451
9 10 452
9 10 453
9 10 454
9 10 455
9 10 456
9 10 457
9 10 458
9 10 459
9 10 460
9 10 461
9 10 462
9 10 463
9 10 464
9 10 465
9 10 466
9 10 467
9 10 468
9 10 469
9 10 470
9 10 471
9 10 472
9 10 473
9 10 474
9 10 475
9 10 476
9 10 477
9 10 478
9 10 479
9 10 480
9 10 481
9 10 482
9 10 483
9 10 484
9 10 485
9 10 486
9 10 487
9 10 488
9 10 489
9 10 490
9 10 491
9 10 492
9 10 493
9 10 494
9 10 495
9 10 496
9 10 497
9 10 498
9 10 499
9 10 500
9 10 501
9 10 502
9 10 503
9 10 504
9 10 505
9 10 506
9 10 507
9 10 508
9 10 509
9 10 510
9 10 511
9 10 512
9 10 513
9 10 514
9 10 515
9 10 516
9 10 517
9 10 518
9 10 519
9 10 520
9 10 521
9 10 522
9 10 523
9 10 524
9 10 525
9 10 526
9 10 527
9 10 528
9 10 529
9 10 530
9 10 531
9 10 532
9 10 533
9 10 534
9 10 535
9 10 536
9 10 537
9 10 538
9 10 539
9 10 540
9 10 541
9 10 542
9 10 543
9 10 544
9 10 545
9 10 546
9 10 547
9 10 548
9 10 549
9 10 550
9 10 551
9 10 552
9 10 553
9 10 554
9 10 555
9 10 556
9 10 557
9 10 558
9 10 559
9 10 560
9 10 561
9 10 562
9 10 563
9 10 564
9 10 565
9 10 566
9 10 567
9 10 568
9 10 569
9 10 570
9 10 571
9 10 572
9 10 573
9 10 574
9 10 575
9 10 576
9 10 577
9 10 578
9 10 579
9 10 580
9 10 581
9 10 582
9 10 583
9 10 584
9 10 585
9 10 586
9 10 587
9 10 588
9 10 589
9 10 590
9 10 591
9 10 592
9 10 593
9 10 594
9 10 595
9 10 596
9 10 597
9 10 598
9 10 599
9 10 600
9 10 601
9 10 602
9 10 603
9 10 604
9 10 605
9 10 606
9 10 607
9 10 608
9 10 609
9 10 610
9 10 611
9 10 612
9 10 613
9 10 614
9 10 615
9 10 616
9 10 617
9 10 618
9 10 619
9 10 620
9 10 621
9 10 622
9 10 623
9 10 624
9 10 625
9 10 626
9 10 627
9 10 628
9 10 629
9 10 630
9 10 631
9 10 632
9 10 633
9 10 634
9 10 635
9 10 636
9 10 637
9 10 638
9 10 639
9 10 640
9 10 641
9 10 642
9 10 643
9 10 644
9 10 645
9 10 646
9 10 647
9 10 648
9 10 649
9 10 650
9 10 651
9 10 652
9 10 653
9 10 654
9 10 655
9 10 656
9 10 657
9 10 658
9 10 659
9 10 660
9 10 661
9 10 662
9 10 663
9 10 664
9 10 665
9 10 666
9 10 667
9 10 668
9 10 669
9 10 670
9 10 671
9 10 672
9 10 673
9 10 674
9 10 675
9 10 676
9 10 677
9 10 678
9 10 679
9 10 680
9 10 681
9 10 682
9 10 683
9 10 684
9 10 685
9 10 686
9 10 687
9 10 688
9 10 689
9 10 690
9 10 691
9 10 692
9 10 693
9 10 694
9 10 695
9 10 696
9 10 697
9 10 698
9 10 699
9 10 700
9 10 701
9 10 702
9 10 703
9 10 704
9 10 705
9 10 706
9 10 707
9 10 708
9 10 709
9 10 710
9 10 711
9 10 712
9 10 713
9 10 714
9 10 715
9 10 716
9 10 717
9 10 718
9 10 719
9 10 720
9 10 721
9 10 722
9 10 723
9 10 724
9 10 725
9 10 726
9 10 727
9 10 728
9 10 729
9 10 730
9 10 731
9 10 732
9 10 733
9 10 734
9 10 735
9 10 736
9 10 737
9 10 738
9 10 739
9 10 740
9 10 741
9 10 742
9 10 743
9 10 744
9 10 745
9 10 746
9 10 747
9 10 748
9 10 749
9 10 750
9 10 751
9 10 752
9 10 753
9 10 754
9 10 755
9 10 756
9 10 757
9 10 758
9 10 759
9 10 760
9 10 761
9 10 762
9 10 763
9 10 764
9 10 765
9 10 766
9 10 767
9 10 768
9 10 769
9 10 770
9 10 771
9 10 772
9 10 773
9 10 774
9 10 775
9 10 776
9 10 777
9 10 778
9 10 779
9 10 780
9 10 781
9 10 782
9 10 783
9 10 784
9 10 785
9 10 786
9 10 787
9 10 788
9 10 789
9 10 790
9 10 791
9 10 792
9 10 793
9 10 794
9 10 795
9 10 796
9 10 797
9 10 798
9 10 799
9 10 800
9 10 801
9 10 802
9 10 803
9 10 804
9 10 805
9 10 806
9 10 807
9 10 808
9 10 809
9 10 810
9 10 811
9 10 812
9 10 813
9 10 814
9 10 815
9 10 816
9 10 817
9 10 818
9 10 819
9 10 820
9 10 821
9 10 822
9 10 823
9 10 824
9 10 825
9 10 826
9 10 827
9 10 828
9 10 829
9 10 830
9 10 831
9 10 832
9 10 833
9 10 834
9 10 835
9 10 836
9 10 837
9 10 838
9 10 839
9 10 840
9 10 841
9 10 842
9 10 843
9 10 844
9 10 845
9 10 846
9 10 847
9 10 848
9 10 849
9 10 850
9 10 851
9 10 852
9 10 853
9 10 854
9 10 855
9 10 856
9 10 857
9 10 858
9 10 859
9 10 860
9 10 861
9 10 862
9 10 863
9 10 864
9 10 865
9 10 866
9 10 867
9 10 868
9 10 869
9 10 870
9 10 871
9 10 872
9 10 873
9 10 874
9 10 875
9 10 876
9 10 877
9 10 878
9 10 879
9 10 880
9 10 881
9 10 882
9 10 883
9 10 884
9 10 885
9 10 886
9 10 887
9 10 888
9 10 889
9 10 890
9 10 891
9 10 892
9 10 893
9 10 894
9 10 895
9 10 896
9 10 897
9 10 898
9 10 899
9 10 900
9 10 901
9 10 902
9 10 903
9 10 904
9 10 905
9 10 906
9 10 907
9 10 908
9 10 909
9 10 910
9 10 911
9 10 912
9 10 913
9 10 914
9 10 915
9 10 916
9 10 917
9 10 918
9 10 919
9 10 920
9 10 921
9 10 922
9 10 923
9 10 924
9 10 925
9 10 926
9 10 927
9 10 928
9 10 929
9 10 930
9 10 931
9 10 932
9 10 933
9 10 934
9 10 935
9 10 936
9 10 937
9 10 938
9 10 939
9 10 940
9 10 941
9 10 942
9 10 943
9 10 944
9 10 945
9 10 946
9 10 947
9 10 948
9 10 949
9 10 950
9 10 951
9 10 952
9 10 953
9 10 954
9 10 955
9 10 956
9 10 957
9 10 958
9 10 959
9 10 960
9 10 961
9 10 962
9 10 963
9 10 964
9 10 965
9 10 966
9 10 967
9 10 968
9 10 969
9 10 970
9 10 971
9 10 972
9 10 973
9 10 974
9 10 975
9 10 976
9 10 977
9 10 978
9 10 979
9 10 980
9 10 981
9 10 982
9 10 983
