14 2 1
14 2 2
14 2 3
14 2 4
14 2 5
14 2 6
14 2 7
14 2 8
14 2 9
14 2 10
14 2 11
14 2 12
14 2 13
14 2 14
14 2 15
14 2 16
14 2 17
14 2 18
14 2 19
14 2 20
14 2 21
14 2 22
14 2 23
14 2 24
14 2 25
14 2 26
14 2 27
14 2 28
14 2 29
14 2 30
14 2 31
14 2 32
14 2 33
14 2 34
14 2 35
14 2 36
14 2 37
14 2 38
14 2 39
14 2 40
14 2 41
14 2 42
14 2 43
14 2 44
14 2 45
14 2 46
14 2 47
14 2 48
14 2 49
14 2 50
14 2 51
14 2 52
14 2 53
14 2 54
14 2 55
14 2 56
14 2 57
14 2 58
14 2 59
14 2 60
14 2 61
14 2 62
14 2 63
14 2 64
14 2 65
14 2 66
14 2 67
14 2 68
14 2 69
14 2 70
14 2 71
14 2 72
14 2 73
14 2 74
14 2 75
14 2 76
14 2 77
14 2 78
14 2 79
14 2 80
14 2 81
14 2 82
14 2 83
14 2 84
14 2 85
14 2 86
14 2 87
14 2 88
14 2 89
14 2 90
14 2 91
14 2 92
14 2 93
14 2 94
14 2 95
14 2 96
14 2 97
14 2 98
14 2 99
14 2 100
14 2 101
14 2 102
14 2 103
14 2 104
14 2 105
14 2 106
14 2 107
14 2 108
14 2 109
14 2 110
14 2 111
14 2 112
14 2 113
14 2 114
14 2 115
14 2 116
14 2 117
14 2 118
14 2 119
14 2 120
14 2 121
14 2 122
14 2 123
14 2 124
14 2 125
14 2 126
14 2 127
14 2 128
14 2 129
14 2 130
14 2 131
14 2 132
14 2 133
14 2 134
14 2 135
14 2 136
14 2 137
14 2 138
14 2 139
14 2 140
14 2 141
14 2 142
14 2 143
14 2 144
14 2 145
14 2 146
14 2 147
14 2 148
14 2 149
14 2 150
14 2 151
14 2 152
14 2 153
14 2 154
14 2 155
14 2 156
14 2 157
14 2 158
14 2 159
14 2 160
14 2 161
14 2 162
14 2 163
14 2 164
14 2 165
14 2 166
14 2 167
14 2 168
14 2 169
14 2 170
14 2 171
14 2 172
14 2 173
14 2 174
14 2 175
14 2 176
14 2 177
14 2 178
14 2 179
14 2 180
14 2 181
14 2 182
14 2 183
14 2 184
14 2 185
14 2 186
14 2 187
14 2 188
14 2 189
14 2 190
14 2 191
14 2 192
14 2 193
14 2 194
14 2 195
14 2 196
14 2 197
14 2 198
14 2 199
14 2 200
14 2 201
14 2 202
14 2 203
14 2 204
14 2 205
14 2 206
14 2 207
14 2 208
14 2 209
14 2 210
14 2 211
14 2 212
14 2 213
14 2 214
14 2 215
14 2 216
14 2 217
14 2 218
14 2 219
14 2 220
14 2 221
14 2 222
14 2 223
14 2 224
14 2 225
14 2 226
14 2 227
14 2 228
14 2 229
14 2 230
14 2 231
14 2 232
14 2 233
14 2 234
14 2 235
14 2 236
14 2 237
14 2 238
14 2 239
14 2 240
14 2 241
14 2 242
14 2 243
14 2 244
14 2 245
