108 120 1
109 120 1
110 120 1
111 120 1
112 120 1
113 120 1
114 120 1
115 120 1
116 120 1
117 120 1
118 120 1
119 120 1
108 121 2
109 121 2
110 121 2
111 121 2
112 121 2
113 121 2
114 121 2
115 121 2
116 121 2
117 121 2
118 121 2
119 121 2
108 122 3
109 122 3
110 122 3
111 122 3
112 122 3
113 122 3
114 122 3
115 122 3
116 122 3
117 122 3
118 122 3
119 122 3
108 123 4
109 123 4
110 123 4
111 123 4
112 123 4
113 123 4
114 123 4
115 123 4
116 123 4
117 123 4
118 123 4
119 123 4
108 124 5
109 124 5
110 124 5
111 124 5
112 124 5
113 124 5
114 124 5
115 124 5
116 124 5
117 124 5
118 124 5
119 124 5
108 125 6
109 125 6
110 125 6
111 125 6
112 125 6
113 125 6
114 125 6
115 125 6
116 125 6
117 125 6
118 125 6
119 125 6
108 120 7
109 120 7
110 120 7
111 120 7
112 120 7
113 120 7
114 120 7
115 120 7
116 120 7
117 120 7
118 120 7
119 120 7
108 121 8
109 121 8
110 121 8
111 121 8
112 121 8
113 121 8
114 121 8
115 121 8
116 121 8
117 121 8
118 121 8
119 121 8
108 122 9
109 122 9
110 122 9
111 122 9
112 122 9
113 122 9
114 122 9
115 122 9
116 122 9
117 122 9
118 122 9
119 122 9
108 123 10
109 123 10
110 123 10
111 123 10
112 123 10
113 123 10
114 123 10
115 123 10
116 123 10
117 123 10
118 123 10
119 123 10
108 124 11
109 124 11
110 124 11
111 124 11
112 124 11
113 124 11
114 124 11
115 124 11
116 124 11
117 124 11
118 124 11
119 124 11
108 125 12
109 125 12
110 125 12
111 125 12
112 125 12
113 125 12
114 125 12
115 125 12
116 125 12
117 125 12
118 125 12
119 125 12
108 120 13
109 120 13
110 120 13
111 120 13
112 120 13
113 120 13
114 120 13
115 120 13
116 120 13
117 120 13
118 120 13
119 120 13
108 121 14
109 121 14
110 121 14
111 121 14
112 121 14
113 121 14
114 121 14
115 121 14
116 121 14
117 121 14
118 121 14
119 121 14
108 122 15
109 122 15
110 122 15
111 122 15
112 122 15
113 122 15
114 122 15
115 122 15
116 122 15
117 122 15
118 122 15
119 122 15
108 123 16
109 123 16
110 123 16
111 123 16
112 123 16
113 123 16
114 123 16
115 123 16
116 123 16
117 123 16
118 123 16
119 123 16
108 124 17
109 124 17
110 124 17
111 124 17
112 124 17
113 124 17
114 124 17
115 124 17
116 124 17
117 124 17
118 124 17
119 124 17
108 125 18
109 125 18
110 125 18
111 125 18
112 125 18
113 125 18
114 125 18
115 125 18
116 125 18
117 125 18
118 125 18
119 125 18
108 120 19
109 120 19
110 120 19
111 120 19
112 120 19
113 120 19
114 120 19
115 120 19
116 120 19
117 120 19
118 120 19
119 120 19
108 121 20
109 121 20
110 121 20
111 121 20
112 121 20
113 121 20
114 121 20
115 121 20
116 121 20
117 121 20
118 121 20
119 121 20
108 122 21
109 122 21
110 122 21
111 122 21
112 122 21
113 122 21
114 122 21
115 122 21
116 122 21
117 122 21
118 122 21
119 122 21
108 123 22
109 123 22
110 123 22
111 123 22
112 123 22
113 123 22
114 123 22
115 123 22
116 123 22
117 123 22
118 123 22
119 123 22
108 124 23
109 124 23
110 124 23
111 124 23
112 124 23
113 124 23
114 124 23
115 124 23
116 124 23
117 124 23
118 124 23
119 124 23
108 125 24
109 125 24
110 125 24
111 125 24
112 125 24
113 125 24
114 125 24
115 125 24
116 125 24
117 125 24
118 125 24
119 125 24
108 120 25
109 120 25
110 120 25
111 120 25
112 120 25
113 120 25
114 120 25
115 120 25
116 120 25
117 120 25
118 120 25
119 120 25
108 121 26
109 121 26
110 121 26
111 121 26
112 121 26
113 121 26
114 121 26
115 121 26
116 121 26
117 121 26
118 121 26
119 121 26
108 122 27
109 122 27
110 122 27
111 122 27
112 122 27
113 122 27
114 122 27
115 122 27
116 122 27
117 122 27
118 122 27
119 122 27
108 123 28
109 123 28
110 123 28
111 123 28
112 123 28
113 123 28
114 123 28
115 123 28
116 123 28
117 123 28
118 123 28
119 123 28
108 124 29
109 124 29
110 124 29
111 124 29
112 124 29
113 124 29
114 124 29
115 124 29
116 124 29
117 124 29
118 124 29
119 124 29
108 125 30
109 125 30
110 125 30
111 125 30
112 125 30
113 125 30
114 125 30
115 125 30
116 125 30
117 125 30
118 125 30
119 125 30
108 120 31
109 120 31
110 120 31
111 120 31
112 120 31
113 120 31
114 120 31
115 120 31
116 120 31
117 120 31
118 120 31
119 120 31
108 121 32
109 121 32
110 121 32
111 121 32
112 121 32
113 121 32
114 121 32
115 121 32
116 121 32
117 121 32
118 121 32
119 121 32
108 122 33
109 122 33
110 122 33
111 122 33
112 122 33
113 122 33
114 122 33
115 122 33
116 122 33
117 122 33
118 122 33
119 122 33
108 123 34
109 123 34
110 123 34
111 123 34
112 123 34
113 123 34
114 123 34
115 123 34
116 123 34
117 123 34
118 123 34
119 123 34
108 124 35
109 124 35
110 124 35
111 124 35
112 124 35
113 124 35
114 124 35
115 124 35
116 124 35
117 124 35
118 124 35
119 124 35
108 125 36
109 125 36
110 125 36
111 125 36
112 125 36
113 125 36
114 125 36
115 125 36
116 125 36
117 125 36
118 125 36
119 125 36
108 120 37
109 120 37
110 120 37
111 120 37
112 120 37
113 120 37
114 120 37
115 120 37
116 120 37
117 120 37
118 120 37
119 120 37
108 121 38
109 121 38
110 121 38
111 121 38
112 121 38
113 121 38
114 121 38
115 121 38
116 121 38
117 121 38
118 121 38
119 121 38
108 122 39
109 122 39
110 122 39
111 122 39
112 122 39
113 122 39
114 122 39
115 122 39
116 122 39
117 122 39
118 122 39
119 122 39
108 123 40
109 123 40
110 123 40
111 123 40
112 123 40
113 123 40
114 123 40
115 123 40
116 123 40
117 123 40
118 123 40
119 123 40
108 124 41
109 124 41
110 124 41
111 124 41
112 124 41
113 124 41
114 124 41
115 124 41
116 124 41
117 124 41
118 124 41
119 124 41
108 125 42
109 125 42
110 125 42
111 125 42
112 125 42
113 125 42
114 125 42
115 125 42
116 125 42
117 125 42
118 125 42
119 125 42
108 120 43
109 120 43
110 120 43
111 120 43
112 120 43
113 120 43
114 120 43
115 120 43
116 120 43
117 120 43
118 120 43
119 120 43
108 121 44
109 121 44
110 121 44
111 121 44
112 121 44
113 121 44
114 121 44
115 121 44
116 121 44
117 121 44
118 121 44
119 121 44
108 122 45
109 122 45
110 122 45
111 122 45
112 122 45
113 122 45
114 122 45
115 122 45
116 122 45
117 122 45
118 122 45
119 122 45
108 123 46
109 123 46
110 123 46
111 123 46
112 123 46
113 123 46
114 123 46
115 123 46
116 123 46
117 123 46
118 123 46
119 123 46
108 124 47
109 124 47
110 124 47
111 124 47
112 124 47
113 124 47
114 124 47
115 124 47
116 124 47
117 124 47
118 124 47
119 124 47
108 125 48
109 125 48
110 125 48
111 125 48
112 125 48
113 125 48
114 125 48
115 125 48
116 125 48
117 125 48
118 125 48
119 125 48
108 120 49
109 120 49
110 120 49
111 120 49
112 120 49
113 120 49
114 120 49
115 120 49
116 120 49
117 120 49
118 120 49
119 120 49
108 121 50
109 121 50
110 121 50
111 121 50
112 121 50
113 121 50
114 121 50
115 121 50
116 121 50
117 121 50
118 121 50
119 121 50
108 122 51
109 122 51
110 122 51
111 122 51
112 122 51
113 122 51
114 122 51
115 122 51
116 122 51
117 122 51
118 122 51
119 122 51
108 123 52
109 123 52
110 123 52
111 123 52
112 123 52
113 123 52
114 123 52
115 123 52
116 123 52
117 123 52
118 123 52
119 123 52
108 124 53
109 124 53
110 124 53
111 124 53
112 124 53
113 124 53
114 124 53
115 124 53
116 124 53
117 124 53
118 124 53
119 124 53
108 125 54
109 125 54
110 125 54
111 125 54
112 125 54
113 125 54
114 125 54
115 125 54
116 125 54
117 125 54
118 125 54
119 125 54
108 120 55
109 120 55
110 120 55
111 120 55
112 120 55
113 120 55
114 120 55
115 120 55
116 120 55
117 120 55
118 120 55
119 120 55
108 121 56
109 121 56
110 121 56
111 121 56
112 121 56
113 121 56
114 121 56
115 121 56
116 121 56
117 121 56
118 121 56
119 121 56
108 122 57
109 122 57
110 122 57
111 122 57
112 122 57
113 122 57
114 122 57
115 122 57
116 122 57
117 122 57
118 122 57
119 122 57
108 123 58
109 123 58
110 123 58
111 123 58
112 123 58
113 123 58
114 123 58
115 123 58
116 123 58
117 123 58
118 123 58
119 123 58
108 124 59
109 124 59
110 124 59
111 124 59
112 124 59
113 124 59
114 124 59
115 124 59
116 124 59
117 124 59
118 124 59
119 124 59
108 125 60
109 125 60
110 125 60
111 125 60
112 125 60
113 125 60
114 125 60
115 125 60
116 125 60
117 125 60
118 125 60
119 125 60
