132 144 1
133 144 1
134 144 1
135 144 1
136 144 1
137 144 1
138 144 1
139 144 1
140 144 1
141 144 1
142 144 1
143 144 1
132 145 2
133 145 2
134 145 2
135 145 2
136 145 2
137 145 2
138 145 2
139 145 2
140 145 2
141 145 2
142 145 2
143 145 2
132 146 3
133 146 3
134 146 3
135 146 3
136 146 3
137 146 3
138 146 3
139 146 3
140 146 3
141 146 3
142 146 3
143 146 3
132 147 4
133 147 4
134 147 4
135 147 4
136 147 4
137 147 4
138 147 4
139 147 4
140 147 4
141 147 4
142 147 4
143 147 4
132 148 5
133 148 5
134 148 5
135 148 5
136 148 5
137 148 5
138 148 5
139 148 5
140 148 5
141 148 5
142 148 5
143 148 5
132 149 6
133 149 6
134 149 6
135 149 6
136 149 6
137 149 6
138 149 6
139 149 6
140 149 6
141 149 6
142 149 6
143 149 6
132 144 7
133 144 7
134 144 7
135 144 7
136 144 7
137 144 7
138 144 7
139 144 7
140 144 7
141 144 7
142 144 7
143 144 7
132 145 8
133 145 8
134 145 8
135 145 8
136 145 8
137 145 8
138 145 8
139 145 8
140 145 8
141 145 8
142 145 8
143 145 8
132 146 9
133 146 9
134 146 9
135 146 9
136 146 9
137 146 9
138 146 9
139 146 9
140 146 9
141 146 9
142 146 9
143 146 9
132 147 10
133 147 10
134 147 10
135 147 10
136 147 10
137 147 10
138 147 10
139 147 10
140 147 10
141 147 10
142 147 10
143 147 10
132 148 11
133 148 11
134 148 11
135 148 11
136 148 11
137 148 11
138 148 11
139 148 11
140 148 11
141 148 11
142 148 11
143 148 11
132 149 12
133 149 12
134 149 12
135 149 12
136 149 12
137 149 12
138 149 12
139 149 12
140 149 12
141 149 12
142 149 12
143 149 12
132 144 13
133 144 13
134 144 13
135 144 13
136 144 13
137 144 13
138 144 13
139 144 13
140 144 13
141 144 13
142 144 13
143 144 13
132 145 14
133 145 14
134 145 14
135 145 14
136 145 14
137 145 14
138 145 14
139 145 14
140 145 14
141 145 14
142 145 14
143 145 14
132 146 15
133 146 15
134 146 15
135 146 15
136 146 15
137 146 15
138 146 15
139 146 15
140 146 15
141 146 15
142 146 15
143 146 15
132 147 16
133 147 16
134 147 16
135 147 16
136 147 16
137 147 16
138 147 16
139 147 16
140 147 16
141 147 16
142 147 16
143 147 16
132 148 17
133 148 17
134 148 17
135 148 17
136 148 17
137 148 17
138 148 17
139 148 17
140 148 17
141 148 17
142 148 17
143 148 17
132 149 18
133 149 18
134 149 18
135 149 18
136 149 18
137 149 18
138 149 18
139 149 18
140 149 18
141 149 18
142 149 18
143 149 18
132 144 19
133 144 19
134 144 19
135 144 19
136 144 19
137 144 19
138 144 19
139 144 19
140 144 19
141 144 19
142 144 19
143 144 19
132 145 20
133 145 20
134 145 20
135 145 20
136 145 20
137 145 20
138 145 20
139 145 20
140 145 20
141 145 20
142 145 20
143 145 20
132 146 21
133 146 21
134 146 21
135 146 21
136 146 21
137 146 21
138 146 21
139 146 21
140 146 21
141 146 21
142 146 21
143 146 21
132 147 22
133 147 22
134 147 22
135 147 22
136 147 22
137 147 22
138 147 22
139 147 22
140 147 22
141 147 22
142 147 22
143 147 22
132 148 23
133 148 23
134 148 23
135 148 23
136 148 23
137 148 23
138 148 23
139 148 23
140 148 23
141 148 23
142 148 23
143 148 23
132 149 24
133 149 24
134 149 24
135 149 24
136 149 24
137 149 24
138 149 24
139 149 24
140 149 24
141 149 24
142 149 24
143 149 24
132 144 25
133 144 25
134 144 25
135 144 25
136 144 25
137 144 25
138 144 25
139 144 25
140 144 25
141 144 25
142 144 25
143 144 25
132 145 26
133 145 26
134 145 26
135 145 26
136 145 26
137 145 26
138 145 26
139 145 26
140 145 26
141 145 26
142 145 26
143 145 26
132 146 27
133 146 27
134 146 27
135 146 27
136 146 27
137 146 27
138 146 27
139 146 27
140 146 27
141 146 27
142 146 27
143 146 27
132 147 28
133 147 28
134 147 28
135 147 28
136 147 28
137 147 28
138 147 28
139 147 28
140 147 28
141 147 28
142 147 28
143 147 28
132 148 29
133 148 29
134 148 29
135 148 29
136 148 29
137 148 29
138 148 29
139 148 29
140 148 29
141 148 29
142 148 29
143 148 29
132 149 30
133 149 30
134 149 30
135 149 30
136 149 30
137 149 30
138 149 30
139 149 30
140 149 30
141 149 30
142 149 30
143 149 30
132 144 31
133 144 31
134 144 31
135 144 31
136 144 31
137 144 31
138 144 31
139 144 31
140 144 31
141 144 31
142 144 31
143 144 31
132 145 32
133 145 32
134 145 32
135 145 32
136 145 32
137 145 32
138 145 32
139 145 32
140 145 32
141 145 32
142 145 32
143 145 32
132 146 33
133 146 33
134 146 33
135 146 33
136 146 33
137 146 33
138 146 33
139 146 33
140 146 33
141 146 33
142 146 33
143 146 33
132 147 34
133 147 34
134 147 34
135 147 34
136 147 34
137 147 34
138 147 34
139 147 34
140 147 34
141 147 34
142 147 34
143 147 34
132 148 35
133 148 35
134 148 35
135 148 35
136 148 35
137 148 35
138 148 35
139 148 35
140 148 35
141 148 35
142 148 35
143 148 35
132 149 36
133 149 36
134 149 36
135 149 36
136 149 36
137 149 36
138 149 36
139 149 36
140 149 36
141 149 36
142 149 36
143 149 36
132 144 37
133 144 37
134 144 37
135 144 37
136 144 37
137 144 37
138 144 37
139 144 37
140 144 37
141 144 37
142 144 37
143 144 37
132 145 38
133 145 38
134 145 38
135 145 38
136 145 38
137 145 38
138 145 38
139 145 38
140 145 38
141 145 38
142 145 38
143 145 38
132 146 39
133 146 39
134 146 39
135 146 39
136 146 39
137 146 39
138 146 39
139 146 39
140 146 39
141 146 39
142 146 39
143 146 39
132 147 40
133 147 40
134 147 40
135 147 40
136 147 40
137 147 40
138 147 40
139 147 40
140 147 40
141 147 40
142 147 40
143 147 40
132 148 41
133 148 41
134 148 41
135 148 41
136 148 41
137 148 41
138 148 41
139 148 41
140 148 41
141 148 41
142 148 41
143 148 41
132 149 42
133 149 42
134 149 42
135 149 42
136 149 42
137 149 42
138 149 42
139 149 42
140 149 42
141 149 42
142 149 42
143 149 42
132 144 43
133 144 43
134 144 43
135 144 43
136 144 43
137 144 43
138 144 43
139 144 43
140 144 43
141 144 43
142 144 43
143 144 43
132 145 44
133 145 44
134 145 44
135 145 44
136 145 44
137 145 44
138 145 44
139 145 44
140 145 44
141 145 44
142 145 44
143 145 44
132 146 45
133 146 45
134 146 45
135 146 45
136 146 45
137 146 45
138 146 45
139 146 45
140 146 45
141 146 45
142 146 45
143 146 45
132 147 46
133 147 46
134 147 46
135 147 46
136 147 46
137 147 46
138 147 46
139 147 46
140 147 46
141 147 46
142 147 46
143 147 46
132 148 47
133 148 47
134 148 47
135 148 47
136 148 47
137 148 47
138 148 47
139 148 47
140 148 47
141 148 47
142 148 47
143 148 47
132 149 48
133 149 48
134 149 48
135 149 48
136 149 48
137 149 48
138 149 48
139 149 48
140 149 48
141 149 48
142 149 48
143 149 48
132 144 49
133 144 49
134 144 49
135 144 49
136 144 49
137 144 49
138 144 49
139 144 49
140 144 49
141 144 49
142 144 49
143 144 49
132 145 50
133 145 50
134 145 50
135 145 50
136 145 50
137 145 50
138 145 50
139 145 50
140 145 50
141 145 50
142 145 50
143 145 50
132 146 51
133 146 51
134 146 51
135 146 51
136 146 51
137 146 51
138 146 51
139 146 51
140 146 51
141 146 51
142 146 51
143 146 51
132 147 52
133 147 52
134 147 52
135 147 52
136 147 52
137 147 52
138 147 52
139 147 52
140 147 52
141 147 52
142 147 52
143 147 52
132 148 53
133 148 53
134 148 53
135 148 53
136 148 53
137 148 53
138 148 53
139 148 53
140 148 53
141 148 53
142 148 53
143 148 53
132 149 54
133 149 54
134 149 54
135 149 54
136 149 54
137 149 54
138 149 54
139 149 54
140 149 54
141 149 54
142 149 54
143 149 54
132 144 55
133 144 55
134 144 55
135 144 55
136 144 55
137 144 55
138 144 55
139 144 55
140 144 55
141 144 55
142 144 55
143 144 55
132 145 56
133 145 56
134 145 56
135 145 56
136 145 56
137 145 56
138 145 56
139 145 56
140 145 56
141 145 56
142 145 56
143 145 56
132 146 57
133 146 57
134 146 57
135 146 57
136 146 57
137 146 57
138 146 57
139 146 57
140 146 57
141 146 57
142 146 57
143 146 57
132 147 58
133 147 58
134 147 58
135 147 58
136 147 58
137 147 58
138 147 58
139 147 58
140 147 58
141 147 58
142 147 58
143 147 58
132 148 59
133 148 59
134 148 59
135 148 59
136 148 59
137 148 59
138 148 59
139 148 59
140 148 59
141 148 59
142 148 59
143 148 59
132 149 60
133 149 60
134 149 60
135 149 60
136 149 60
137 149 60
138 149 60
139 149 60
140 149 60
141 149 60
142 149 60
143 149 60
