4 22 1
4 22 2
4 22 3
4 22 4
4 22 5
4 22 6
4 22 7
4 22 8
4 22 9
4 22 10
4 22 11
4 22 12
4 22 13
4 22 14
4 22 15
4 22 16
4 22 17
4 22 18
4 22 19
4 22 20
4 22 21
4 22 22
4 22 23
4 22 24
4 22 25
4 22 26
4 22 27
4 22 28
4 22 29
4 22 30
4 22 31
4 22 32
4 22 33
4 22 34
4 22 35
4 22 36
4 22 37
4 22 38
4 22 39
4 22 40
4 22 41
4 22 42
4 22 43
4 22 44
4 22 45
4 22 46
4 22 47
4 22 48
4 22 49
4 22 50
4 22 51
4 22 52
4 22 53
4 22 54
4 22 55
4 22 56
4 22 57
4 22 58
4 22 59
4 22 60
4 22 61
4 22 62
4 22 63
4 22 64
4 22 65
4 22 66
4 22 67
4 22 68
4 22 69
4 22 70
4 22 71
4 22 72
4 22 73
4 22 74
4 22 75
4 22 76
4 22 77
4 22 78
4 22 79
4 22 80
4 22 81
4 22 82
4 22 83
4 22 84
4 22 85
4 22 86
4 22 87
4 22 88
4 22 89
4 22 90
4 22 91
4 22 92
4 22 93
4 22 94
4 22 95
4 22 96
4 22 97
4 22 98
4 22 99
4 22 100
4 22 101
4 22 102
4 22 103
4 22 104
4 22 105
4 22 106
4 22 107
4 22 108
4 22 109
4 22 110
4 22 111
4 22 112
4 22 113
4 22 114
4 22 115
4 22 116
4 22 117
4 22 118
4 22 119
4 22 120
4 22 121
4 22 122
4 22 123
4 22 124
4 22 125
4 22 126
4 22 127
4 22 128
4 22 129
4 22 130
4 22 131
4 22 132
4 22 133
4 22 134
4 22 135
4 22 136
4 22 137
4 22 138
4 22 139
4 22 140
4 22 141
4 22 142
4 22 143
4 22 144
4 22 145
4 22 146
4 22 147
4 22 148
4 22 149
4 22 150
4 22 151
4 22 152
4 22 153
4 22 154
4 22 155
4 22 156
4 22 157
4 22 158
4 22 159
4 22 160
4 22 161
4 22 162
4 22 163
4 22 164
4 22 165
4 22 166
4 22 167
4 22 168
4 22 169
4 22 170
4 22 171
4 22 172
4 22 173
4 22 174
4 22 175
4 22 176
4 22 177
4 22 178
4 22 179
4 22 180
4 22 181
4 22 182
4 22 183
4 22 184
4 22 185
4 22 186
4 22 187
4 22 188
4 22 189
4 22 190
4 22 191
4 22 192
4 22 193
4 22 194
4 22 195
4 22 196
4 22 197
4 22 198
4 22 199
4 22 200
4 22 201
4 22 202
4 22 203
4 22 204
4 22 205
4 22 206
4 22 207
4 22 208
4 22 209
4 22 210
4 22 211
4 22 212
4 22 213
4 22 214
4 22 215
4 22 216
4 22 217
4 22 218
4 22 219
4 22 220
4 22 221
4 22 222
4 22 223
4 22 224
4 22 225
4 22 226
4 22 227
4 22 228
4 22 229
4 22 230
4 22 231
4 22 232
4 22 233
4 22 234
4 22 235
4 22 236
4 22 237
4 22 238
4 22 239
4 22 240
4 22 241
4 22 242
4 22 243
4 22 244
4 22 245
