23 22 1
23 22 2
23 22 3
23 22 4
23 22 5
23 22 6
23 22 7
23 22 8
23 22 9
23 22 10
23 22 11
23 22 12
23 22 13
23 22 14
23 22 15
23 22 16
23 22 17
23 22 18
23 22 19
23 22 20
23 22 21
23 22 22
23 22 23
23 22 24
23 22 25
23 22 26
23 22 27
23 22 28
23 22 29
23 22 30
23 22 31
23 22 32
23 22 33
23 22 34
23 22 35
23 22 36
23 22 37
23 22 38
23 22 39
23 22 40
23 22 41
23 22 42
23 22 43
23 22 44
23 22 45
23 22 46
23 22 47
23 22 48
23 22 49
23 22 50
23 22 51
23 22 52
23 22 53
23 22 54
23 22 55
23 22 56
23 22 57
23 22 58
23 22 59
23 22 60
23 22 61
