23 21 1
23 21 2
23 21 3
23 21 4
23 21 5
23 21 6
23 21 7
23 21 8
23 21 9
23 21 10
23 21 11
23 21 12
23 21 13
23 21 14
23 21 15
23 21 16
23 21 17
23 21 18
23 21 19
23 21 20
23 21 21
23 21 22
23 21 23
23 21 24
23 21 25
23 21 26
23 21 27
23 21 28
23 21 29
23 21 30
23 21 31
23 21 32
23 21 33
23 21 34
23 21 35
23 21 36
23 21 37
23 21 38
23 21 39
23 21 40
23 21 41
23 21 42
23 21 43
23 21 44
23 21 45
23 21 46
23 21 47
23 21 48
23 21 49
23 21 50
23 21 51
23 21 52
23 21 53
23 21 54
23 21 55
23 21 56
23 21 57
23 21 58
23 21 59
23 21 60
23 21 61
