1 22 1
1 22 2
1 22 3
1 22 4
1 22 5
1 22 6
1 22 7
1 22 8
1 22 9
1 22 10
1 22 11
1 22 12
1 22 13
1 22 14
1 22 15
1 22 16
1 22 17
1 22 18
1 22 19
1 22 20
1 22 21
1 22 22
1 22 23
1 22 24
1 22 25
1 22 26
1 22 27
1 22 28
1 22 29
1 22 30
1 22 31
1 22 32
1 22 33
1 22 34
1 22 35
1 22 36
1 22 37
1 22 38
1 22 39
1 22 40
1 22 41
1 22 42
1 22 43
1 22 44
1 22 45
1 22 46
1 22 47
1 22 48
1 22 49
1 22 50
1 22 51
1 22 52
1 22 53
1 22 54
1 22 55
1 22 56
1 22 57
1 22 58
1 22 59
1 22 60
1 22 61
1 22 62
1 22 63
1 22 64
1 22 65
1 22 66
1 22 67
1 22 68
1 22 69
1 22 70
1 22 71
1 22 72
1 22 73
1 22 74
1 22 75
1 22 76
1 22 77
1 22 78
1 22 79
1 22 80
1 22 81
1 22 82
1 22 83
1 22 84
1 22 85
1 22 86
1 22 87
1 22 88
1 22 89
1 22 90
1 22 91
1 22 92
1 22 93
1 22 94
1 22 95
1 22 96
1 22 97
1 22 98
1 22 99
1 22 100
1 22 101
1 22 102
1 22 103
1 22 104
1 22 105
1 22 106
1 22 107
1 22 108
1 22 109
1 22 110
1 22 111
1 22 112
1 22 113
1 22 114
1 22 115
1 22 116
1 22 117
1 22 118
1 22 119
1 22 120
1 22 121
1 22 122
1 22 123
1 22 124
1 22 125
1 22 126
1 22 127
1 22 128
1 22 129
1 22 130
1 22 131
1 22 132
1 22 133
1 22 134
1 22 135
1 22 136
1 22 137
1 22 138
1 22 139
1 22 140
1 22 141
1 22 142
1 22 143
1 22 144
1 22 145
1 22 146
1 22 147
1 22 148
1 22 149
1 22 150
1 22 151
1 22 152
1 22 153
1 22 154
1 22 155
1 22 156
1 22 157
1 22 158
1 22 159
1 22 160
1 22 161
1 22 162
1 22 163
1 22 164
1 22 165
1 22 166
1 22 167
1 22 168
1 22 169
1 22 170
1 22 171
1 22 172
1 22 173
1 22 174
1 22 175
1 22 176
1 22 177
1 22 178
1 22 179
1 22 180
1 22 181
1 22 182
1 22 183
1 22 184
1 22 185
1 22 186
1 22 187
1 22 188
1 22 189
1 22 190
1 22 191
1 22 192
1 22 193
1 22 194
1 22 195
1 22 196
1 22 197
1 22 198
1 22 199
1 22 200
1 22 201
1 22 202
1 22 203
1 22 204
1 22 205
1 22 206
1 22 207
1 22 208
1 22 209
1 22 210
1 22 211
1 22 212
1 22 213
1 22 214
1 22 215
1 22 216
1 22 217
1 22 218
1 22 219
1 22 220
1 22 221
1 22 222
1 22 223
1 22 224
1 22 225
1 22 226
1 22 227
1 22 228
1 22 229
1 22 230
1 22 231
1 22 232
1 22 233
1 22 234
1 22 235
1 22 236
1 22 237
1 22 238
1 22 239
1 22 240
1 22 241
1 22 242
1 22 243
1 22 244
1 22 245
