124 136 1
125 136 1
126 136 1
127 136 1
128 136 1
129 136 1
130 136 1
131 136 1
132 136 1
133 136 1
134 136 1
135 136 1
124 137 2
125 137 2
126 137 2
127 137 2
128 137 2
129 137 2
130 137 2
131 137 2
132 137 2
133 137 2
134 137 2
135 137 2
124 138 3
125 138 3
126 138 3
127 138 3
128 138 3
129 138 3
130 138 3
131 138 3
132 138 3
133 138 3
134 138 3
135 138 3
124 139 4
125 139 4
126 139 4
127 139 4
128 139 4
129 139 4
130 139 4
131 139 4
132 139 4
133 139 4
134 139 4
135 139 4
124 140 5
125 140 5
126 140 5
127 140 5
128 140 5
129 140 5
130 140 5
131 140 5
132 140 5
133 140 5
134 140 5
135 140 5
124 141 6
125 141 6
126 141 6
127 141 6
128 141 6
129 141 6
130 141 6
131 141 6
132 141 6
133 141 6
134 141 6
135 141 6
124 136 7
125 136 7
126 136 7
127 136 7
128 136 7
129 136 7
130 136 7
131 136 7
132 136 7
133 136 7
134 136 7
135 136 7
124 137 8
125 137 8
126 137 8
127 137 8
128 137 8
129 137 8
130 137 8
131 137 8
132 137 8
133 137 8
134 137 8
135 137 8
124 138 9
125 138 9
126 138 9
127 138 9
128 138 9
129 138 9
130 138 9
131 138 9
132 138 9
133 138 9
134 138 9
135 138 9
124 139 10
125 139 10
126 139 10
127 139 10
128 139 10
129 139 10
130 139 10
131 139 10
132 139 10
133 139 10
134 139 10
135 139 10
124 140 11
125 140 11
126 140 11
127 140 11
128 140 11
129 140 11
130 140 11
131 140 11
132 140 11
133 140 11
134 140 11
135 140 11
124 141 12
125 141 12
126 141 12
127 141 12
128 141 12
129 141 12
130 141 12
131 141 12
132 141 12
133 141 12
134 141 12
135 141 12
124 136 13
125 136 13
126 136 13
127 136 13
128 136 13
129 136 13
130 136 13
131 136 13
132 136 13
133 136 13
134 136 13
135 136 13
124 137 14
125 137 14
126 137 14
127 137 14
128 137 14
129 137 14
130 137 14
131 137 14
132 137 14
133 137 14
134 137 14
135 137 14
124 138 15
125 138 15
126 138 15
127 138 15
128 138 15
129 138 15
130 138 15
131 138 15
132 138 15
133 138 15
134 138 15
135 138 15
124 139 16
125 139 16
126 139 16
127 139 16
128 139 16
129 139 16
130 139 16
131 139 16
132 139 16
133 139 16
134 139 16
135 139 16
124 140 17
125 140 17
126 140 17
127 140 17
128 140 17
129 140 17
130 140 17
131 140 17
132 140 17
133 140 17
134 140 17
135 140 17
124 141 18
125 141 18
126 141 18
127 141 18
128 141 18
129 141 18
130 141 18
131 141 18
132 141 18
133 141 18
134 141 18
135 141 18
124 136 19
125 136 19
126 136 19
127 136 19
128 136 19
129 136 19
130 136 19
131 136 19
132 136 19
133 136 19
134 136 19
135 136 19
124 137 20
125 137 20
126 137 20
127 137 20
128 137 20
129 137 20
130 137 20
131 137 20
132 137 20
133 137 20
134 137 20
135 137 20
124 138 21
125 138 21
126 138 21
127 138 21
128 138 21
129 138 21
130 138 21
131 138 21
132 138 21
133 138 21
134 138 21
135 138 21
124 139 22
125 139 22
126 139 22
127 139 22
128 139 22
129 139 22
130 139 22
131 139 22
132 139 22
133 139 22
134 139 22
135 139 22
124 140 23
125 140 23
126 140 23
127 140 23
128 140 23
129 140 23
130 140 23
131 140 23
132 140 23
133 140 23
134 140 23
135 140 23
124 141 24
125 141 24
126 141 24
127 141 24
128 141 24
129 141 24
130 141 24
131 141 24
132 141 24
133 141 24
134 141 24
135 141 24
124 136 25
125 136 25
126 136 25
127 136 25
128 136 25
129 136 25
130 136 25
131 136 25
132 136 25
133 136 25
134 136 25
135 136 25
124 137 26
125 137 26
126 137 26
127 137 26
128 137 26
129 137 26
130 137 26
131 137 26
132 137 26
133 137 26
134 137 26
135 137 26
124 138 27
125 138 27
126 138 27
127 138 27
128 138 27
129 138 27
130 138 27
131 138 27
132 138 27
133 138 27
134 138 27
135 138 27
124 139 28
125 139 28
126 139 28
127 139 28
128 139 28
129 139 28
130 139 28
131 139 28
132 139 28
133 139 28
134 139 28
135 139 28
124 140 29
125 140 29
126 140 29
127 140 29
128 140 29
129 140 29
130 140 29
131 140 29
132 140 29
133 140 29
134 140 29
135 140 29
124 141 30
125 141 30
126 141 30
127 141 30
128 141 30
129 141 30
130 141 30
131 141 30
132 141 30
133 141 30
134 141 30
135 141 30
124 136 31
125 136 31
126 136 31
127 136 31
128 136 31
129 136 31
130 136 31
131 136 31
132 136 31
133 136 31
134 136 31
135 136 31
124 137 32
125 137 32
126 137 32
127 137 32
128 137 32
129 137 32
130 137 32
131 137 32
132 137 32
133 137 32
134 137 32
135 137 32
124 138 33
125 138 33
126 138 33
127 138 33
128 138 33
129 138 33
130 138 33
131 138 33
132 138 33
133 138 33
134 138 33
135 138 33
124 139 34
125 139 34
126 139 34
127 139 34
128 139 34
129 139 34
130 139 34
131 139 34
132 139 34
133 139 34
134 139 34
135 139 34
124 140 35
125 140 35
126 140 35
127 140 35
128 140 35
129 140 35
130 140 35
131 140 35
132 140 35
133 140 35
134 140 35
135 140 35
124 141 36
125 141 36
126 141 36
127 141 36
128 141 36
129 141 36
130 141 36
131 141 36
132 141 36
133 141 36
134 141 36
135 141 36
124 136 37
125 136 37
126 136 37
127 136 37
128 136 37
129 136 37
130 136 37
131 136 37
132 136 37
133 136 37
134 136 37
135 136 37
124 137 38
125 137 38
126 137 38
127 137 38
128 137 38
129 137 38
130 137 38
131 137 38
132 137 38
133 137 38
134 137 38
135 137 38
124 138 39
125 138 39
126 138 39
127 138 39
128 138 39
129 138 39
130 138 39
131 138 39
132 138 39
133 138 39
134 138 39
135 138 39
124 139 40
125 139 40
126 139 40
127 139 40
128 139 40
129 139 40
130 139 40
131 139 40
132 139 40
133 139 40
134 139 40
135 139 40
124 140 41
125 140 41
126 140 41
127 140 41
128 140 41
129 140 41
130 140 41
131 140 41
132 140 41
133 140 41
134 140 41
135 140 41
124 141 42
125 141 42
126 141 42
127 141 42
128 141 42
129 141 42
130 141 42
131 141 42
132 141 42
133 141 42
134 141 42
135 141 42
124 136 43
125 136 43
126 136 43
127 136 43
128 136 43
129 136 43
130 136 43
131 136 43
132 136 43
133 136 43
134 136 43
135 136 43
124 137 44
125 137 44
126 137 44
127 137 44
128 137 44
129 137 44
130 137 44
131 137 44
132 137 44
133 137 44
134 137 44
135 137 44
124 138 45
125 138 45
126 138 45
127 138 45
128 138 45
129 138 45
130 138 45
131 138 45
132 138 45
133 138 45
134 138 45
135 138 45
124 139 46
125 139 46
126 139 46
127 139 46
128 139 46
129 139 46
130 139 46
131 139 46
132 139 46
133 139 46
134 139 46
135 139 46
124 140 47
125 140 47
126 140 47
127 140 47
128 140 47
129 140 47
130 140 47
131 140 47
132 140 47
133 140 47
134 140 47
135 140 47
124 141 48
125 141 48
126 141 48
127 141 48
128 141 48
129 141 48
130 141 48
131 141 48
132 141 48
133 141 48
134 141 48
135 141 48
124 136 49
125 136 49
126 136 49
127 136 49
128 136 49
129 136 49
130 136 49
131 136 49
132 136 49
133 136 49
134 136 49
135 136 49
124 137 50
125 137 50
126 137 50
127 137 50
128 137 50
129 137 50
130 137 50
131 137 50
132 137 50
133 137 50
134 137 50
135 137 50
124 138 51
125 138 51
126 138 51
127 138 51
128 138 51
129 138 51
130 138 51
131 138 51
132 138 51
133 138 51
134 138 51
135 138 51
124 139 52
125 139 52
126 139 52
127 139 52
128 139 52
129 139 52
130 139 52
131 139 52
132 139 52
133 139 52
134 139 52
135 139 52
124 140 53
125 140 53
126 140 53
127 140 53
128 140 53
129 140 53
130 140 53
131 140 53
132 140 53
133 140 53
134 140 53
135 140 53
124 141 54
125 141 54
126 141 54
127 141 54
128 141 54
129 141 54
130 141 54
131 141 54
132 141 54
133 141 54
134 141 54
135 141 54
124 136 55
125 136 55
126 136 55
127 136 55
128 136 55
129 136 55
130 136 55
131 136 55
132 136 55
133 136 55
134 136 55
135 136 55
124 137 56
125 137 56
126 137 56
127 137 56
128 137 56
129 137 56
130 137 56
131 137 56
132 137 56
133 137 56
134 137 56
135 137 56
124 138 57
125 138 57
126 138 57
127 138 57
128 138 57
129 138 57
130 138 57
131 138 57
132 138 57
133 138 57
134 138 57
135 138 57
124 139 58
125 139 58
126 139 58
127 139 58
128 139 58
129 139 58
130 139 58
131 139 58
132 139 58
133 139 58
134 139 58
135 139 58
124 140 59
125 140 59
126 140 59
127 140 59
128 140 59
129 140 59
130 140 59
131 140 59
132 140 59
133 140 59
134 140 59
135 140 59
124 141 60
125 141 60
126 141 60
127 141 60
128 141 60
129 141 60
130 141 60
131 141 60
132 141 60
133 141 60
134 141 60
135 141 60
