162 174 1
163 174 1
164 174 1
165 174 1
166 174 1
167 174 1
168 174 1
169 174 1
170 174 1
171 174 1
172 174 1
173 174 1
162 175 2
163 175 2
164 175 2
165 175 2
166 175 2
167 175 2
168 175 2
169 175 2
170 175 2
171 175 2
172 175 2
173 175 2
162 176 3
163 176 3
164 176 3
165 176 3
166 176 3
167 176 3
168 176 3
169 176 3
170 176 3
171 176 3
172 176 3
173 176 3
162 177 4
163 177 4
164 177 4
165 177 4
166 177 4
167 177 4
168 177 4
169 177 4
170 177 4
171 177 4
172 177 4
173 177 4
162 178 5
163 178 5
164 178 5
165 178 5
166 178 5
167 178 5
168 178 5
169 178 5
170 178 5
171 178 5
172 178 5
173 178 5
162 179 6
163 179 6
164 179 6
165 179 6
166 179 6
167 179 6
168 179 6
169 179 6
170 179 6
171 179 6
172 179 6
173 179 6
162 174 7
163 174 7
164 174 7
165 174 7
166 174 7
167 174 7
168 174 7
169 174 7
170 174 7
171 174 7
172 174 7
173 174 7
162 175 8
163 175 8
164 175 8
165 175 8
166 175 8
167 175 8
168 175 8
169 175 8
170 175 8
171 175 8
172 175 8
173 175 8
162 176 9
163 176 9
164 176 9
165 176 9
166 176 9
167 176 9
168 176 9
169 176 9
170 176 9
171 176 9
172 176 9
173 176 9
162 177 10
163 177 10
164 177 10
165 177 10
166 177 10
167 177 10
168 177 10
169 177 10
170 177 10
171 177 10
172 177 10
173 177 10
162 178 11
163 178 11
164 178 11
165 178 11
166 178 11
167 178 11
168 178 11
169 178 11
170 178 11
171 178 11
172 178 11
173 178 11
162 179 12
163 179 12
164 179 12
165 179 12
166 179 12
167 179 12
168 179 12
169 179 12
170 179 12
171 179 12
172 179 12
173 179 12
162 174 13
163 174 13
164 174 13
165 174 13
166 174 13
167 174 13
168 174 13
169 174 13
170 174 13
171 174 13
172 174 13
173 174 13
162 175 14
163 175 14
164 175 14
165 175 14
166 175 14
167 175 14
168 175 14
169 175 14
170 175 14
171 175 14
172 175 14
173 175 14
162 176 15
163 176 15
164 176 15
165 176 15
166 176 15
167 176 15
168 176 15
169 176 15
170 176 15
171 176 15
172 176 15
173 176 15
162 177 16
163 177 16
164 177 16
165 177 16
166 177 16
167 177 16
168 177 16
169 177 16
170 177 16
171 177 16
172 177 16
173 177 16
162 178 17
163 178 17
164 178 17
165 178 17
166 178 17
167 178 17
168 178 17
169 178 17
170 178 17
171 178 17
172 178 17
173 178 17
162 179 18
163 179 18
164 179 18
165 179 18
166 179 18
167 179 18
168 179 18
169 179 18
170 179 18
171 179 18
172 179 18
173 179 18
162 174 19
163 174 19
164 174 19
165 174 19
166 174 19
167 174 19
168 174 19
169 174 19
170 174 19
171 174 19
172 174 19
173 174 19
162 175 20
163 175 20
164 175 20
165 175 20
166 175 20
167 175 20
168 175 20
169 175 20
170 175 20
171 175 20
172 175 20
173 175 20
162 176 21
163 176 21
164 176 21
165 176 21
166 176 21
167 176 21
168 176 21
169 176 21
170 176 21
171 176 21
172 176 21
173 176 21
162 177 22
163 177 22
164 177 22
165 177 22
166 177 22
167 177 22
168 177 22
169 177 22
170 177 22
171 177 22
172 177 22
173 177 22
162 178 23
163 178 23
164 178 23
165 178 23
166 178 23
167 178 23
168 178 23
169 178 23
170 178 23
171 178 23
172 178 23
173 178 23
162 179 24
163 179 24
164 179 24
165 179 24
166 179 24
167 179 24
168 179 24
169 179 24
170 179 24
171 179 24
172 179 24
173 179 24
162 174 25
163 174 25
164 174 25
165 174 25
166 174 25
167 174 25
168 174 25
169 174 25
170 174 25
171 174 25
172 174 25
173 174 25
162 175 26
163 175 26
164 175 26
165 175 26
166 175 26
167 175 26
168 175 26
169 175 26
170 175 26
171 175 26
172 175 26
173 175 26
162 176 27
163 176 27
164 176 27
165 176 27
166 176 27
167 176 27
168 176 27
169 176 27
170 176 27
171 176 27
172 176 27
173 176 27
162 177 28
163 177 28
164 177 28
165 177 28
166 177 28
167 177 28
168 177 28
169 177 28
170 177 28
171 177 28
172 177 28
173 177 28
162 178 29
163 178 29
164 178 29
165 178 29
166 178 29
167 178 29
168 178 29
169 178 29
170 178 29
171 178 29
172 178 29
173 178 29
162 179 30
163 179 30
164 179 30
165 179 30
166 179 30
167 179 30
168 179 30
169 179 30
170 179 30
171 179 30
172 179 30
173 179 30
162 174 31
163 174 31
164 174 31
165 174 31
166 174 31
167 174 31
168 174 31
169 174 31
170 174 31
171 174 31
172 174 31
173 174 31
162 175 32
163 175 32
164 175 32
165 175 32
166 175 32
167 175 32
168 175 32
169 175 32
170 175 32
171 175 32
172 175 32
173 175 32
162 176 33
163 176 33
164 176 33
165 176 33
166 176 33
167 176 33
168 176 33
169 176 33
170 176 33
171 176 33
172 176 33
173 176 33
162 177 34
163 177 34
164 177 34
165 177 34
166 177 34
167 177 34
168 177 34
169 177 34
170 177 34
171 177 34
172 177 34
173 177 34
162 178 35
163 178 35
164 178 35
165 178 35
166 178 35
167 178 35
168 178 35
169 178 35
170 178 35
171 178 35
172 178 35
173 178 35
162 179 36
163 179 36
164 179 36
165 179 36
166 179 36
167 179 36
168 179 36
169 179 36
170 179 36
171 179 36
172 179 36
173 179 36
162 174 37
163 174 37
164 174 37
165 174 37
166 174 37
167 174 37
168 174 37
169 174 37
170 174 37
171 174 37
172 174 37
173 174 37
162 175 38
163 175 38
164 175 38
165 175 38
166 175 38
167 175 38
168 175 38
169 175 38
170 175 38
171 175 38
172 175 38
173 175 38
162 176 39
163 176 39
164 176 39
165 176 39
166 176 39
167 176 39
168 176 39
169 176 39
170 176 39
171 176 39
172 176 39
173 176 39
162 177 40
163 177 40
164 177 40
165 177 40
166 177 40
167 177 40
168 177 40
169 177 40
170 177 40
171 177 40
172 177 40
173 177 40
162 178 41
163 178 41
164 178 41
165 178 41
166 178 41
167 178 41
168 178 41
169 178 41
170 178 41
171 178 41
172 178 41
173 178 41
162 179 42
163 179 42
164 179 42
165 179 42
166 179 42
167 179 42
168 179 42
169 179 42
170 179 42
171 179 42
172 179 42
173 179 42
162 174 43
163 174 43
164 174 43
165 174 43
166 174 43
167 174 43
168 174 43
169 174 43
170 174 43
171 174 43
172 174 43
173 174 43
162 175 44
163 175 44
164 175 44
165 175 44
166 175 44
167 175 44
168 175 44
169 175 44
170 175 44
171 175 44
172 175 44
173 175 44
162 176 45
163 176 45
164 176 45
165 176 45
166 176 45
167 176 45
168 176 45
169 176 45
170 176 45
171 176 45
172 176 45
173 176 45
162 177 46
163 177 46
164 177 46
165 177 46
166 177 46
167 177 46
168 177 46
169 177 46
170 177 46
171 177 46
172 177 46
173 177 46
162 178 47
163 178 47
164 178 47
165 178 47
166 178 47
167 178 47
168 178 47
169 178 47
170 178 47
171 178 47
172 178 47
173 178 47
162 179 48
163 179 48
164 179 48
165 179 48
166 179 48
167 179 48
168 179 48
169 179 48
170 179 48
171 179 48
172 179 48
173 179 48
162 174 49
163 174 49
164 174 49
165 174 49
166 174 49
167 174 49
168 174 49
169 174 49
170 174 49
171 174 49
172 174 49
173 174 49
162 175 50
163 175 50
164 175 50
165 175 50
166 175 50
167 175 50
168 175 50
169 175 50
170 175 50
171 175 50
172 175 50
173 175 50
162 176 51
163 176 51
164 176 51
165 176 51
166 176 51
167 176 51
168 176 51
169 176 51
170 176 51
171 176 51
172 176 51
173 176 51
162 177 52
163 177 52
164 177 52
165 177 52
166 177 52
167 177 52
168 177 52
169 177 52
170 177 52
171 177 52
172 177 52
173 177 52
162 178 53
163 178 53
164 178 53
165 178 53
166 178 53
167 178 53
168 178 53
169 178 53
170 178 53
171 178 53
172 178 53
173 178 53
162 179 54
163 179 54
164 179 54
165 179 54
166 179 54
167 179 54
168 179 54
169 179 54
170 179 54
171 179 54
172 179 54
173 179 54
162 174 55
163 174 55
164 174 55
165 174 55
166 174 55
167 174 55
168 174 55
169 174 55
170 174 55
171 174 55
172 174 55
173 174 55
162 175 56
163 175 56
164 175 56
165 175 56
166 175 56
167 175 56
168 175 56
169 175 56
170 175 56
171 175 56
172 175 56
173 175 56
162 176 57
163 176 57
164 176 57
165 176 57
166 176 57
167 176 57
168 176 57
169 176 57
170 176 57
171 176 57
172 176 57
173 176 57
162 177 58
163 177 58
164 177 58
165 177 58
166 177 58
167 177 58
168 177 58
169 177 58
170 177 58
171 177 58
172 177 58
173 177 58
162 178 59
163 178 59
164 178 59
165 178 59
166 178 59
167 178 59
168 178 59
169 178 59
170 178 59
171 178 59
172 178 59
173 178 59
162 179 60
163 179 60
164 179 60
165 179 60
166 179 60
167 179 60
168 179 60
169 179 60
170 179 60
171 179 60
172 179 60
173 179 60
