19 11 1
19 11 2
19 11 3
19 11 4
19 11 5
19 11 6
19 11 7
19 11 8
19 11 9
19 11 10
19 11 11
19 11 12
19 11 13
19 11 14
19 11 15
19 11 16
19 11 17
19 11 18
19 11 19
19 11 20
19 11 21
19 11 22
19 11 23
19 11 24
19 11 25
19 11 26
19 11 27
19 11 28
19 11 29
19 11 30
19 11 31
19 11 32
19 11 33
19 11 34
19 11 35
19 11 36
19 11 37
19 11 38
19 11 39
19 11 40
19 11 41
19 11 42
19 11 43
19 11 44
19 11 45
19 11 46
19 11 47
19 11 48
19 11 49
19 11 50
19 11 51
19 11 52
19 11 53
19 11 54
19 11 55
19 11 56
19 11 57
19 11 58
19 11 59
19 11 60
19 11 61
19 11 62
19 11 63
19 11 64
19 11 65
19 11 66
19 11 67
19 11 68
19 11 69
19 11 70
19 11 71
19 11 72
19 11 73
19 11 74
19 11 75
19 11 76
19 11 77
19 11 78
19 11 79
19 11 80
19 11 81
19 11 82
19 11 83
19 11 84
19 11 85
19 11 86
19 11 87
19 11 88
19 11 89
19 11 90
19 11 91
19 11 92
19 11 93
19 11 94
19 11 95
19 11 96
19 11 97
19 11 98
19 11 99
19 11 100
19 11 101
19 11 102
19 11 103
19 11 104
19 11 105
19 11 106
19 11 107
19 11 108
19 11 109
19 11 110
19 11 111
19 11 112
19 11 113
19 11 114
19 11 115
19 11 116
19 11 117
19 11 118
19 11 119
19 11 120
19 11 121
19 11 122
19 11 123
19 11 124
19 11 125
19 11 126
19 11 127
19 11 128
19 11 129
19 11 130
19 11 131
19 11 132
19 11 133
19 11 134
19 11 135
19 11 136
19 11 137
19 11 138
19 11 139
19 11 140
19 11 141
19 11 142
19 11 143
19 11 144
19 11 145
19 11 146
19 11 147
19 11 148
19 11 149
19 11 150
19 11 151
19 11 152
19 11 153
19 11 154
19 11 155
19 11 156
19 11 157
19 11 158
19 11 159
19 11 160
19 11 161
19 11 162
19 11 163
19 11 164
19 11 165
19 11 166
19 11 167
19 11 168
19 11 169
19 11 170
19 11 171
19 11 172
19 11 173
19 11 174
19 11 175
19 11 176
19 11 177
19 11 178
19 11 179
19 11 180
19 11 181
19 11 182
19 11 183
19 11 184
19 11 185
19 11 186
19 11 187
19 11 188
19 11 189
19 11 190
19 11 191
19 11 192
19 11 193
19 11 194
19 11 195
19 11 196
19 11 197
19 11 198
19 11 199
19 11 200
19 11 201
19 11 202
19 11 203
19 11 204
19 11 205
19 11 206
19 11 207
19 11 208
19 11 209
19 11 210
19 11 211
19 11 212
19 11 213
19 11 214
19 11 215
19 11 216
19 11 217
19 11 218
19 11 219
19 11 220
19 11 221
19 11 222
19 11 223
19 11 224
19 11 225
19 11 226
19 11 227
19 11 228
19 11 229
19 11 230
19 11 231
19 11 232
19 11 233
19 11 234
19 11 235
19 11 236
19 11 237
19 11 238
19 11 239
19 11 240
19 11 241
19 11 242
19 11 243
19 11 244
19 11 245
19 11 246
19 11 247
19 11 248
19 11 249
19 11 250
19 11 251
19 11 252
19 11 253
19 11 254
19 11 255
19 11 256
19 11 257
19 11 258
19 11 259
19 11 260
19 11 261
19 11 262
19 11 263
19 11 264
19 11 265
19 11 266
19 11 267
19 11 268
19 11 269
19 11 270
19 11 271
19 11 272
19 11 273
19 11 274
19 11 275
19 11 276
19 11 277
19 11 278
19 11 279
19 11 280
19 11 281
19 11 282
19 11 283
19 11 284
19 11 285
19 11 286
19 11 287
19 11 288
19 11 289
19 11 290
19 11 291
19 11 292
19 11 293
19 11 294
19 11 295
19 11 296
19 11 297
19 11 298
19 11 299
19 11 300
19 11 301
19 11 302
19 11 303
19 11 304
19 11 305
19 11 306
19 11 307
19 11 308
19 11 309
19 11 310
19 11 311
19 11 312
19 11 313
19 11 314
19 11 315
19 11 316
19 11 317
19 11 318
19 11 319
19 11 320
19 11 321
19 11 322
19 11 323
19 11 324
19 11 325
19 11 326
19 11 327
19 11 328
19 11 329
19 11 330
19 11 331
19 11 332
19 11 333
19 11 334
19 11 335
19 11 336
19 11 337
19 11 338
19 11 339
19 11 340
19 11 341
19 11 342
19 11 343
19 11 344
19 11 345
19 11 346
19 11 347
19 11 348
19 11 349
19 11 350
19 11 351
19 11 352
19 11 353
19 11 354
19 11 355
19 11 356
19 11 357
19 11 358
19 11 359
19 11 360
19 11 361
19 11 362
19 11 363
19 11 364
19 11 365
19 11 366
19 11 367
19 11 368
19 11 369
19 11 370
19 11 371
19 11 372
19 11 373
19 11 374
19 11 375
19 11 376
19 11 377
19 11 378
19 11 379
19 11 380
19 11 381
19 11 382
19 11 383
19 11 384
19 11 385
19 11 386
19 11 387
19 11 388
19 11 389
19 11 390
19 11 391
19 11 392
19 11 393
19 11 394
19 11 395
19 11 396
19 11 397
19 11 398
19 11 399
19 11 400
19 11 401
19 11 402
19 11 403
19 11 404
19 11 405
19 11 406
19 11 407
19 11 408
19 11 409
19 11 410
19 11 411
19 11 412
19 11 413
19 11 414
19 11 415
19 11 416
19 11 417
19 11 418
19 11 419
19 11 420
19 11 421
19 11 422
19 11 423
19 11 424
19 11 425
19 11 426
19 11 427
19 11 428
19 11 429
19 11 430
19 11 431
19 11 432
19 11 433
19 11 434
19 11 435
19 11 436
19 11 437
19 11 438
19 11 439
19 11 440
19 11 441
19 11 442
19 11 443
19 11 444
19 11 445
19 11 446
19 11 447
19 11 448
19 11 449
19 11 450
19 11 451
19 11 452
19 11 453
19 11 454
19 11 455
19 11 456
19 11 457
19 11 458
19 11 459
19 11 460
19 11 461
19 11 462
19 11 463
19 11 464
19 11 465
19 11 466
19 11 467
19 11 468
19 11 469
19 11 470
19 11 471
19 11 472
19 11 473
19 11 474
19 11 475
19 11 476
19 11 477
19 11 478
19 11 479
19 11 480
19 11 481
19 11 482
19 11 483
19 11 484
19 11 485
19 11 486
19 11 487
19 11 488
19 11 489
19 11 490
19 11 491
19 11 492
19 11 493
19 11 494
19 11 495
19 11 496
19 11 497
19 11 498
19 11 499
19 11 500
19 11 501
19 11 502
19 11 503
19 11 504
19 11 505
19 11 506
19 11 507
19 11 508
19 11 509
19 11 510
19 11 511
19 11 512
19 11 513
19 11 514
19 11 515
19 11 516
19 11 517
19 11 518
19 11 519
19 11 520
19 11 521
19 11 522
19 11 523
19 11 524
19 11 525
19 11 526
19 11 527
19 11 528
19 11 529
19 11 530
19 11 531
19 11 532
19 11 533
19 11 534
19 11 535
19 11 536
19 11 537
19 11 538
19 11 539
19 11 540
19 11 541
19 11 542
19 11 543
19 11 544
19 11 545
19 11 546
19 11 547
19 11 548
19 11 549
19 11 550
19 11 551
19 11 552
19 11 553
19 11 554
19 11 555
19 11 556
19 11 557
19 11 558
19 11 559
19 11 560
19 11 561
19 11 562
19 11 563
19 11 564
19 11 565
19 11 566
19 11 567
19 11 568
19 11 569
19 11 570
19 11 571
19 11 572
19 11 573
19 11 574
19 11 575
19 11 576
19 11 577
19 11 578
19 11 579
19 11 580
19 11 581
19 11 582
19 11 583
19 11 584
19 11 585
19 11 586
19 11 587
19 11 588
19 11 589
19 11 590
19 11 591
19 11 592
19 11 593
19 11 594
19 11 595
19 11 596
19 11 597
19 11 598
19 11 599
19 11 600
19 11 601
19 11 602
19 11 603
19 11 604
19 11 605
19 11 606
19 11 607
19 11 608
19 11 609
19 11 610
19 11 611
19 11 612
19 11 613
19 11 614
