3 14 1
3 14 2
3 14 3
3 14 4
3 14 5
3 14 6
3 14 7
3 14 8
3 14 9
3 14 10
3 14 11
3 14 12
3 14 13
3 14 14
3 14 15
3 14 16
3 14 17
3 14 18
3 14 19
3 14 20
3 14 21
3 14 22
3 14 23
3 14 24
3 14 25
3 14 26
3 14 27
3 14 28
3 14 29
3 14 30
3 14 31
3 14 32
3 14 33
3 14 34
3 14 35
3 14 36
3 14 37
3 14 38
3 14 39
3 14 40
3 14 41
3 14 42
3 14 43
3 14 44
3 14 45
3 14 46
3 14 47
3 14 48
3 14 49
3 14 50
3 14 51
3 14 52
3 14 53
3 14 54
3 14 55
3 14 56
3 14 57
3 14 58
3 14 59
3 14 60
3 14 61
3 14 62
3 14 63
3 14 64
3 14 65
3 14 66
3 14 67
3 14 68
3 14 69
3 14 70
3 14 71
3 14 72
3 14 73
3 14 74
3 14 75
3 14 76
3 14 77
3 14 78
3 14 79
3 14 80
3 14 81
3 14 82
3 14 83
3 14 84
3 14 85
3 14 86
3 14 87
3 14 88
3 14 89
3 14 90
3 14 91
3 14 92
3 14 93
3 14 94
3 14 95
3 14 96
3 14 97
3 14 98
3 14 99
3 14 100
3 14 101
3 14 102
3 14 103
3 14 104
3 14 105
3 14 106
3 14 107
3 14 108
3 14 109
3 14 110
3 14 111
3 14 112
3 14 113
3 14 114
3 14 115
3 14 116
3 14 117
3 14 118
3 14 119
3 14 120
3 14 121
3 14 122
3 14 123
3 14 124
3 14 125
3 14 126
3 14 127
3 14 128
3 14 129
3 14 130
3 14 131
3 14 132
3 14 133
3 14 134
3 14 135
3 14 136
3 14 137
3 14 138
3 14 139
3 14 140
3 14 141
3 14 142
3 14 143
3 14 144
3 14 145
3 14 146
3 14 147
3 14 148
3 14 149
3 14 150
3 14 151
3 14 152
3 14 153
3 14 154
3 14 155
3 14 156
3 14 157
3 14 158
3 14 159
3 14 160
3 14 161
3 14 162
3 14 163
3 14 164
3 14 165
3 14 166
3 14 167
3 14 168
3 14 169
3 14 170
3 14 171
3 14 172
3 14 173
3 14 174
3 14 175
3 14 176
3 14 177
3 14 178
3 14 179
3 14 180
3 14 181
3 14 182
3 14 183
3 14 184
3 14 185
3 14 186
3 14 187
3 14 188
3 14 189
3 14 190
3 14 191
3 14 192
3 14 193
3 14 194
3 14 195
3 14 196
3 14 197
3 14 198
3 14 199
3 14 200
3 14 201
3 14 202
3 14 203
3 14 204
3 14 205
3 14 206
3 14 207
3 14 208
3 14 209
3 14 210
3 14 211
3 14 212
3 14 213
3 14 214
3 14 215
3 14 216
3 14 217
3 14 218
3 14 219
3 14 220
3 14 221
3 14 222
3 14 223
3 14 224
3 14 225
3 14 226
3 14 227
3 14 228
3 14 229
3 14 230
3 14 231
3 14 232
3 14 233
3 14 234
3 14 235
3 14 236
3 14 237
3 14 238
3 14 239
3 14 240
3 14 241
3 14 242
3 14 243
3 14 244
3 14 245
3 14 246
3 14 247
3 14 248
3 14 249
3 14 250
3 14 251
3 14 252
3 14 253
3 14 254
3 14 255
3 14 256
3 14 257
3 14 258
3 14 259
3 14 260
3 14 261
3 14 262
3 14 263
3 14 264
3 14 265
3 14 266
3 14 267
3 14 268
3 14 269
3 14 270
3 14 271
3 14 272
3 14 273
3 14 274
3 14 275
3 14 276
3 14 277
3 14 278
3 14 279
3 14 280
3 14 281
3 14 282
3 14 283
3 14 284
3 14 285
3 14 286
3 14 287
3 14 288
3 14 289
3 14 290
3 14 291
3 14 292
3 14 293
3 14 294
3 14 295
3 14 296
3 14 297
3 14 298
3 14 299
3 14 300
3 14 301
3 14 302
3 14 303
3 14 304
3 14 305
3 14 306
3 14 307
3 14 308
3 14 309
3 14 310
3 14 311
3 14 312
3 14 313
3 14 314
3 14 315
3 14 316
3 14 317
3 14 318
3 14 319
3 14 320
3 14 321
3 14 322
3 14 323
3 14 324
3 14 325
3 14 326
3 14 327
3 14 328
3 14 329
3 14 330
3 14 331
3 14 332
3 14 333
3 14 334
3 14 335
3 14 336
3 14 337
3 14 338
3 14 339
3 14 340
3 14 341
3 14 342
3 14 343
3 14 344
3 14 345
3 14 346
3 14 347
3 14 348
3 14 349
3 14 350
3 14 351
3 14 352
3 14 353
3 14 354
3 14 355
3 14 356
3 14 357
3 14 358
3 14 359
3 14 360
3 14 361
3 14 362
3 14 363
3 14 364
3 14 365
3 14 366
3 14 367
3 14 368
3 14 369
3 14 370
3 14 371
3 14 372
3 14 373
3 14 374
3 14 375
3 14 376
3 14 377
3 14 378
3 14 379
3 14 380
3 14 381
3 14 382
3 14 383
3 14 384
3 14 385
3 14 386
3 14 387
3 14 388
3 14 389
3 14 390
3 14 391
3 14 392
3 14 393
3 14 394
3 14 395
3 14 396
3 14 397
3 14 398
3 14 399
3 14 400
3 14 401
3 14 402
3 14 403
3 14 404
3 14 405
3 14 406
3 14 407
3 14 408
3 14 409
3 14 410
3 14 411
3 14 412
3 14 413
3 14 414
3 14 415
3 14 416
3 14 417
3 14 418
3 14 419
3 14 420
3 14 421
3 14 422
3 14 423
3 14 424
3 14 425
3 14 426
3 14 427
3 14 428
3 14 429
3 14 430
3 14 431
3 14 432
3 14 433
3 14 434
3 14 435
3 14 436
3 14 437
3 14 438
3 14 439
3 14 440
3 14 441
3 14 442
3 14 443
3 14 444
3 14 445
3 14 446
3 14 447
3 14 448
3 14 449
3 14 450
3 14 451
3 14 452
3 14 453
3 14 454
3 14 455
3 14 456
3 14 457
3 14 458
3 14 459
3 14 460
3 14 461
3 14 462
3 14 463
3 14 464
3 14 465
3 14 466
3 14 467
3 14 468
3 14 469
3 14 470
3 14 471
3 14 472
3 14 473
3 14 474
3 14 475
3 14 476
3 14 477
3 14 478
3 14 479
3 14 480
3 14 481
3 14 482
3 14 483
3 14 484
3 14 485
3 14 486
3 14 487
3 14 488
3 14 489
3 14 490
3 14 491
3 14 492
3 14 493
3 14 494
3 14 495
3 14 496
3 14 497
3 14 498
3 14 499
3 14 500
3 14 501
3 14 502
3 14 503
3 14 504
3 14 505
3 14 506
3 14 507
3 14 508
3 14 509
3 14 510
3 14 511
3 14 512
3 14 513
3 14 514
3 14 515
3 14 516
3 14 517
3 14 518
3 14 519
3 14 520
3 14 521
3 14 522
3 14 523
3 14 524
3 14 525
3 14 526
3 14 527
3 14 528
3 14 529
3 14 530
3 14 531
3 14 532
3 14 533
3 14 534
3 14 535
3 14 536
3 14 537
3 14 538
3 14 539
3 14 540
3 14 541
3 14 542
3 14 543
3 14 544
3 14 545
3 14 546
3 14 547
3 14 548
3 14 549
3 14 550
3 14 551
3 14 552
3 14 553
3 14 554
3 14 555
3 14 556
3 14 557
3 14 558
3 14 559
3 14 560
3 14 561
3 14 562
3 14 563
3 14 564
3 14 565
3 14 566
3 14 567
3 14 568
3 14 569
3 14 570
3 14 571
3 14 572
3 14 573
3 14 574
3 14 575
3 14 576
3 14 577
3 14 578
3 14 579
3 14 580
3 14 581
3 14 582
3 14 583
3 14 584
3 14 585
3 14 586
3 14 587
3 14 588
3 14 589
3 14 590
3 14 591
3 14 592
3 14 593
3 14 594
3 14 595
3 14 596
3 14 597
3 14 598
3 14 599
3 14 600
3 14 601
3 14 602
3 14 603
3 14 604
3 14 605
3 14 606
3 14 607
3 14 608
3 14 609
3 14 610
3 14 611
3 14 612
3 14 613
3 14 614
3 14 615
3 14 616
3 14 617
3 14 618
3 14 619
3 14 620
3 14 621
3 14 622
3 14 623
3 14 624
3 14 625
3 14 626
3 14 627
3 14 628
3 14 629
3 14 630
3 14 631
3 14 632
3 14 633
3 14 634
3 14 635
3 14 636
3 14 637
3 14 638
3 14 639
3 14 640
3 14 641
3 14 642
3 14 643
3 14 644
3 14 645
3 14 646
3 14 647
3 14 648
3 14 649
3 14 650
3 14 651
3 14 652
3 14 653
3 14 654
3 14 655
3 14 656
3 14 657
3 14 658
3 14 659
3 14 660
3 14 661
3 14 662
3 14 663
3 14 664
3 14 665
3 14 666
3 14 667
3 14 668
3 14 669
3 14 670
3 14 671
3 14 672
3 14 673
3 14 674
3 14 675
3 14 676
3 14 677
3 14 678
3 14 679
3 14 680
3 14 681
3 14 682
3 14 683
3 14 684
3 14 685
3 14 686
3 14 687
3 14 688
3 14 689
3 14 690
3 14 691
3 14 692
3 14 693
3 14 694
3 14 695
3 14 696
3 14 697
3 14 698
3 14 699
3 14 700
3 14 701
3 14 702
3 14 703
3 14 704
3 14 705
3 14 706
3 14 707
3 14 708
3 14 709
3 14 710
3 14 711
3 14 712
3 14 713
3 14 714
3 14 715
3 14 716
3 14 717
3 14 718
3 14 719
3 14 720
3 14 721
3 14 722
3 14 723
3 14 724
3 14 725
3 14 726
3 14 727
3 14 728
3 14 729
3 14 730
3 14 731
3 14 732
3 14 733
3 14 734
3 14 735
3 14 736
3 14 737
3 14 738
3 14 739
3 14 740
3 14 741
3 14 742
3 14 743
3 14 744
3 14 745
3 14 746
3 14 747
3 14 748
3 14 749
3 14 750
3 14 751
3 14 752
3 14 753
3 14 754
3 14 755
3 14 756
3 14 757
3 14 758
3 14 759
3 14 760
3 14 761
3 14 762
3 14 763
3 14 764
3 14 765
3 14 766
3 14 767
3 14 768
3 14 769
3 14 770
3 14 771
3 14 772
3 14 773
3 14 774
3 14 775
3 14 776
3 14 777
3 14 778
3 14 779
3 14 780
3 14 781
3 14 782
3 14 783
3 14 784
3 14 785
3 14 786
3 14 787
3 14 788
3 14 789
3 14 790
3 14 791
3 14 792
3 14 793
3 14 794
3 14 795
3 14 796
3 14 797
3 14 798
3 14 799
3 14 800
3 14 801
3 14 802
3 14 803
3 14 804
3 14 805
3 14 806
3 14 807
3 14 808
3 14 809
3 14 810
3 14 811
3 14 812
3 14 813
3 14 814
3 14 815
3 14 816
3 14 817
3 14 818
3 14 819
3 14 820
3 14 821
3 14 822
3 14 823
3 14 824
3 14 825
3 14 826
3 14 827
3 14 828
3 14 829
3 14 830
3 14 831
3 14 832
3 14 833
3 14 834
3 14 835
3 14 836
3 14 837
3 14 838
3 14 839
3 14 840
3 14 841
3 14 842
3 14 843
3 14 844
3 14 845
3 14 846
3 14 847
3 14 848
3 14 849
3 14 850
3 14 851
3 14 852
3 14 853
3 14 854
3 14 855
3 14 856
3 14 857
3 14 858
3 14 859
3 14 860
3 14 861
3 14 862
3 14 863
3 14 864
3 14 865
3 14 866
3 14 867
3 14 868
3 14 869
3 14 870
3 14 871
3 14 872
3 14 873
3 14 874
3 14 875
3 14 876
3 14 877
3 14 878
3 14 879
3 14 880
3 14 881
3 14 882
3 14 883
3 14 884
3 14 885
3 14 886
3 14 887
3 14 888
3 14 889
3 14 890
3 14 891
3 14 892
3 14 893
3 14 894
3 14 895
3 14 896
3 14 897
3 14 898
3 14 899
3 14 900
3 14 901
3 14 902
3 14 903
3 14 904
3 14 905
3 14 906
3 14 907
3 14 908
3 14 909
3 14 910
3 14 911
3 14 912
3 14 913
3 14 914
3 14 915
3 14 916
3 14 917
3 14 918
3 14 919
3 14 920
3 14 921
3 14 922
3 14 923
3 14 924
3 14 925
3 14 926
3 14 927
3 14 928
3 14 929
3 14 930
3 14 931
3 14 932
3 14 933
3 14 934
3 14 935
3 14 936
3 14 937
3 14 938
3 14 939
3 14 940
3 14 941
3 14 942
3 14 943
3 14 944
3 14 945
3 14 946
3 14 947
3 14 948
3 14 949
3 14 950
3 14 951
3 14 952
3 14 953
3 14 954
3 14 955
3 14 956
3 14 957
3 14 958
3 14 959
3 14 960
3 14 961
3 14 962
3 14 963
3 14 964
3 14 965
3 14 966
3 14 967
3 14 968
3 14 969
3 14 970
3 14 971
3 14 972
3 14 973
3 14 974
3 14 975
3 14 976
3 14 977
3 14 978
3 14 979
3 14 980
3 14 981
3 14 982
3 14 983
3 14 984
3 14 985
3 14 986
3 14 987
3 14 988
3 14 989
3 14 990
3 14 991
3 14 992
3 14 993
3 14 994
3 14 995
3 14 996
3 14 997
3 14 998
3 14 999
3 14 1000
3 14 1001
3 14 1002
3 14 1003
3 14 1004
3 14 1005
3 14 1006
3 14 1007
3 14 1008
3 14 1009
3 14 1010
3 14 1011
3 14 1012
3 14 1013
3 14 1014
3 14 1015
3 14 1016
3 14 1017
3 14 1018
3 14 1019
3 14 1020
3 14 1021
3 14 1022
3 14 1023
3 14 1024
3 14 1025
3 14 1026
3 14 1027
3 14 1028
3 14 1029
3 14 1030
3 14 1031
3 14 1032
3 14 1033
3 14 1034
3 14 1035
3 14 1036
3 14 1037
3 14 1038
3 14 1039
3 14 1040
3 14 1041
3 14 1042
3 14 1043
3 14 1044
3 14 1045
3 14 1046
3 14 1047
3 14 1048
3 14 1049
3 14 1050
3 14 1051
3 14 1052
3 14 1053
3 14 1054
3 14 1055
3 14 1056
3 14 1057
3 14 1058
3 14 1059
3 14 1060
3 14 1061
3 14 1062
3 14 1063
3 14 1064
3 14 1065
3 14 1066
3 14 1067
3 14 1068
3 14 1069
3 14 1070
3 14 1071
3 14 1072
3 14 1073
3 14 1074
3 14 1075
3 14 1076
3 14 1077
3 14 1078
3 14 1079
3 14 1080
3 14 1081
3 14 1082
3 14 1083
3 14 1084
3 14 1085
3 14 1086
3 14 1087
3 14 1088
3 14 1089
3 14 1090
3 14 1091
3 14 1092
3 14 1093
3 14 1094
3 14 1095
3 14 1096
3 14 1097
3 14 1098
3 14 1099
3 14 1100
3 14 1101
3 14 1102
3 14 1103
3 14 1104
3 14 1105
3 14 1106
3 14 1107
3 14 1108
3 14 1109
3 14 1110
3 14 1111
3 14 1112
3 14 1113
3 14 1114
3 14 1115
3 14 1116
3 14 1117
3 14 1118
3 14 1119
3 14 1120
3 14 1121
3 14 1122
3 14 1123
3 14 1124
3 14 1125
3 14 1126
3 14 1127
3 14 1128
3 14 1129
3 14 1130
3 14 1131
3 14 1132
3 14 1133
3 14 1134
3 14 1135
3 14 1136
3 14 1137
3 14 1138
3 14 1139
3 14 1140
3 14 1141
3 14 1142
3 14 1143
3 14 1144
3 14 1145
3 14 1146
3 14 1147
3 14 1148
3 14 1149
3 14 1150
3 14 1151
3 14 1152
3 14 1153
3 14 1154
3 14 1155
3 14 1156
3 14 1157
3 14 1158
3 14 1159
3 14 1160
3 14 1161
3 14 1162
3 14 1163
3 14 1164
3 14 1165
3 14 1166
3 14 1167
3 14 1168
3 14 1169
3 14 1170
3 14 1171
3 14 1172
3 14 1173
3 14 1174
3 14 1175
3 14 1176
3 14 1177
3 14 1178
3 14 1179
3 14 1180
3 14 1181
3 14 1182
3 14 1183
3 14 1184
3 14 1185
3 14 1186
3 14 1187
3 14 1188
3 14 1189
3 14 1190
3 14 1191
3 14 1192
3 14 1193
3 14 1194
3 14 1195
3 14 1196
3 14 1197
3 14 1198
3 14 1199
3 14 1200
3 14 1201
3 14 1202
3 14 1203
3 14 1204
3 14 1205
3 14 1206
3 14 1207
3 14 1208
3 14 1209
3 14 1210
3 14 1211
3 14 1212
3 14 1213
3 14 1214
3 14 1215
3 14 1216
3 14 1217
3 14 1218
3 14 1219
3 14 1220
3 14 1221
3 14 1222
3 14 1223
3 14 1224
3 14 1225
3 14 1226
3 14 1227
3 14 1228
3 14 1229
3 14 1230
3 14 1231
3 14 1232
3 14 1233
3 14 1234
3 14 1235
3 14 1236
3 14 1237
3 14 1238
3 14 1239
3 14 1240
3 14 1241
3 14 1242
3 14 1243
3 14 1244
3 14 1245
3 14 1246
3 14 1247
3 14 1248
3 14 1249
3 14 1250
3 14 1251
3 14 1252
3 14 1253
3 14 1254
3 14 1255
3 14 1256
3 14 1257
3 14 1258
3 14 1259
3 14 1260
3 14 1261
3 14 1262
3 14 1263
3 14 1264
3 14 1265
3 14 1266
3 14 1267
3 14 1268
3 14 1269
3 14 1270
3 14 1271
3 14 1272
3 14 1273
3 14 1274
3 14 1275
3 14 1276
3 14 1277
3 14 1278
3 14 1279
3 14 1280
3 14 1281
3 14 1282
3 14 1283
3 14 1284
3 14 1285
3 14 1286
3 14 1287
3 14 1288
3 14 1289
3 14 1290
3 14 1291
3 14 1292
3 14 1293
3 14 1294
3 14 1295
3 14 1296
3 14 1297
3 14 1298
3 14 1299
3 14 1300
3 14 1301
3 14 1302
3 14 1303
3 14 1304
3 14 1305
3 14 1306
3 14 1307
3 14 1308
3 14 1309
3 14 1310
3 14 1311
3 14 1312
3 14 1313
3 14 1314
3 14 1315
3 14 1316
3 14 1317
3 14 1318
3 14 1319
3 14 1320
3 14 1321
3 14 1322
3 14 1323
3 14 1324
3 14 1325
3 14 1326
3 14 1327
3 14 1328
3 14 1329
3 14 1330
3 14 1331
3 14 1332
3 14 1333
3 14 1334
3 14 1335
3 14 1336
3 14 1337
3 14 1338
3 14 1339
3 14 1340
3 14 1341
3 14 1342
3 14 1343
3 14 1344
3 14 1345
3 14 1346
3 14 1347
3 14 1348
3 14 1349
3 14 1350
3 14 1351
3 14 1352
3 14 1353
3 14 1354
3 14 1355
3 14 1356
3 14 1357
3 14 1358
3 14 1359
3 14 1360
3 14 1361
3 14 1362
3 14 1363
3 14 1364
3 14 1365
3 14 1366
3 14 1367
3 14 1368
3 14 1369
3 14 1370
3 14 1371
3 14 1372
3 14 1373
3 14 1374
3 14 1375
3 14 1376
3 14 1377
3 14 1378
3 14 1379
3 14 1380
3 14 1381
3 14 1382
3 14 1383
3 14 1384
3 14 1385
3 14 1386
3 14 1387
3 14 1388
3 14 1389
3 14 1390
3 14 1391
3 14 1392
3 14 1393
3 14 1394
3 14 1395
3 14 1396
3 14 1397
3 14 1398
3 14 1399
3 14 1400
3 14 1401
3 14 1402
3 14 1403
3 14 1404
3 14 1405
3 14 1406
3 14 1407
3 14 1408
3 14 1409
3 14 1410
3 14 1411
3 14 1412
3 14 1413
3 14 1414
3 14 1415
3 14 1416
3 14 1417
3 14 1418
3 14 1419
3 14 1420
3 14 1421
3 14 1422
3 14 1423
3 14 1424
3 14 1425
3 14 1426
3 14 1427
3 14 1428
3 14 1429
3 14 1430
3 14 1431
3 14 1432
3 14 1433
3 14 1434
3 14 1435
3 14 1436
3 14 1437
3 14 1438
3 14 1439
3 14 1440
3 14 1441
3 14 1442
3 14 1443
3 14 1444
3 14 1445
3 14 1446
3 14 1447
3 14 1448
3 14 1449
3 14 1450
3 14 1451
3 14 1452
3 14 1453
3 14 1454
3 14 1455
3 14 1456
3 14 1457
3 14 1458
3 14 1459
3 14 1460
3 14 1461
3 14 1462
3 14 1463
3 14 1464
3 14 1465
3 14 1466
3 14 1467
3 14 1468
3 14 1469
3 14 1470
3 14 1471
3 14 1472
3 14 1473
3 14 1474
3 14 1475
3 14 1476
3 14 1477
3 14 1478
3 14 1479
3 14 1480
3 14 1481
3 14 1482
3 14 1483
3 14 1484
3 14 1485
3 14 1486
3 14 1487
3 14 1488
3 14 1489
3 14 1490
3 14 1491
3 14 1492
3 14 1493
3 14 1494
3 14 1495
3 14 1496
3 14 1497
3 14 1498
3 14 1499
3 14 1500
3 14 1501
3 14 1502
3 14 1503
3 14 1504
3 14 1505
3 14 1506
3 14 1507
3 14 1508
3 14 1509
3 14 1510
3 14 1511
3 14 1512
3 14 1513
3 14 1514
3 14 1515
3 14 1516
3 14 1517
3 14 1518
3 14 1519
3 14 1520
3 14 1521
3 14 1522
3 14 1523
3 14 1524
3 14 1525
3 14 1526
3 14 1527
3 14 1528
3 14 1529
3 14 1530
3 14 1531
3 14 1532
3 14 1533
3 14 1534
3 14 1535
3 14 1536
3 14 1537
3 14 1538
3 14 1539
3 14 1540
3 14 1541
3 14 1542
3 14 1543
3 14 1544
3 14 1545
3 14 1546
3 14 1547
3 14 1548
3 14 1549
3 14 1550
3 14 1551
3 14 1552
3 14 1553
3 14 1554
3 14 1555
3 14 1556
3 14 1557
3 14 1558
3 14 1559
3 14 1560
3 14 1561
3 14 1562
3 14 1563
3 14 1564
3 14 1565
3 14 1566
3 14 1567
3 14 1568
3 14 1569
3 14 1570
3 14 1571
3 14 1572
3 14 1573
3 14 1574
3 14 1575
3 14 1576
3 14 1577
3 14 1578
3 14 1579
3 14 1580
3 14 1581
3 14 1582
3 14 1583
3 14 1584
3 14 1585
3 14 1586
3 14 1587
3 14 1588
3 14 1589
3 14 1590
3 14 1591
3 14 1592
3 14 1593
3 14 1594
3 14 1595
3 14 1596
3 14 1597
3 14 1598
3 14 1599
3 14 1600
3 14 1601
3 14 1602
3 14 1603
3 14 1604
3 14 1605
3 14 1606
3 14 1607
3 14 1608
3 14 1609
3 14 1610
3 14 1611
3 14 1612
3 14 1613
3 14 1614
3 14 1615
3 14 1616
3 14 1617
3 14 1618
3 14 1619
3 14 1620
3 14 1621
3 14 1622
3 14 1623
3 14 1624
3 14 1625
3 14 1626
3 14 1627
3 14 1628
3 14 1629
3 14 1630
3 14 1631
3 14 1632
3 14 1633
3 14 1634
3 14 1635
3 14 1636
3 14 1637
3 14 1638
3 14 1639
3 14 1640
3 14 1641
3 14 1642
3 14 1643
3 14 1644
3 14 1645
3 14 1646
3 14 1647
3 14 1648
3 14 1649
3 14 1650
3 14 1651
3 14 1652
3 14 1653
3 14 1654
3 14 1655
3 14 1656
3 14 1657
3 14 1658
3 14 1659
3 14 1660
3 14 1661
3 14 1662
3 14 1663
3 14 1664
3 14 1665
3 14 1666
3 14 1667
3 14 1668
3 14 1669
3 14 1670
3 14 1671
3 14 1672
3 14 1673
3 14 1674
3 14 1675
3 14 1676
3 14 1677
3 14 1678
3 14 1679
3 14 1680
3 14 1681
3 14 1682
3 14 1683
3 14 1684
3 14 1685
3 14 1686
3 14 1687
3 14 1688
3 14 1689
3 14 1690
3 14 1691
3 14 1692
3 14 1693
3 14 1694
3 14 1695
3 14 1696
3 14 1697
3 14 1698
3 14 1699
3 14 1700
3 14 1701
3 14 1702
3 14 1703
3 14 1704
3 14 1705
3 14 1706
3 14 1707
3 14 1708
3 14 1709
3 14 1710
3 14 1711
3 14 1712
3 14 1713
3 14 1714
3 14 1715
3 14 1716
3 14 1717
3 14 1718
3 14 1719
3 14 1720
3 14 1721
3 14 1722
3 14 1723
3 14 1724
3 14 1725
3 14 1726
3 14 1727
3 14 1728
3 14 1729
3 14 1730
3 14 1731
3 14 1732
3 14 1733
3 14 1734
3 14 1735
3 14 1736
3 14 1737
3 14 1738
3 14 1739
3 14 1740
3 14 1741
3 14 1742
3 14 1743
3 14 1744
3 14 1745
3 14 1746
3 14 1747
3 14 1748
3 14 1749
3 14 1750
3 14 1751
3 14 1752
3 14 1753
3 14 1754
3 14 1755
3 14 1756
3 14 1757
3 14 1758
3 14 1759
3 14 1760
3 14 1761
3 14 1762
3 14 1763
3 14 1764
3 14 1765
3 14 1766
3 14 1767
3 14 1768
3 14 1769
3 14 1770
3 14 1771
3 14 1772
3 14 1773
3 14 1774
3 14 1775
3 14 1776
3 14 1777
3 14 1778
3 14 1779
3 14 1780
3 14 1781
3 14 1782
3 14 1783
3 14 1784
3 14 1785
3 14 1786
3 14 1787
3 14 1788
3 14 1789
3 14 1790
3 14 1791
3 14 1792
3 14 1793
3 14 1794
3 14 1795
3 14 1796
3 14 1797
3 14 1798
3 14 1799
3 14 1800
3 14 1801
3 14 1802
3 14 1803
3 14 1804
3 14 1805
3 14 1806
3 14 1807
3 14 1808
3 14 1809
3 14 1810
3 14 1811
3 14 1812
3 14 1813
3 14 1814
3 14 1815
3 14 1816
3 14 1817
3 14 1818
3 14 1819
3 14 1820
3 14 1821
3 14 1822
3 14 1823
3 14 1824
3 14 1825
3 14 1826
3 14 1827
3 14 1828
3 14 1829
3 14 1830
3 14 1831
3 14 1832
3 14 1833
3 14 1834
3 14 1835
3 14 1836
3 14 1837
3 14 1838
3 14 1839
3 14 1840
3 14 1841
3 14 1842
3 14 1843
3 14 1844
3 14 1845
3 14 1846
3 14 1847
3 14 1848
3 14 1849
3 14 1850
3 14 1851
3 14 1852
3 14 1853
3 14 1854
3 14 1855
3 14 1856
3 14 1857
3 14 1858
3 14 1859
3 14 1860
3 14 1861
3 14 1862
3 14 1863
3 14 1864
3 14 1865
3 14 1866
3 14 1867
3 14 1868
3 14 1869
3 14 1870
3 14 1871
3 14 1872
3 14 1873
3 14 1874
3 14 1875
3 14 1876
3 14 1877
3 14 1878
3 14 1879
3 14 1880
3 14 1881
3 14 1882
3 14 1883
3 14 1884
3 14 1885
3 14 1886
3 14 1887
3 14 1888
3 14 1889
3 14 1890
3 14 1891
3 14 1892
3 14 1893
3 14 1894
3 14 1895
3 14 1896
3 14 1897
3 14 1898
3 14 1899
3 14 1900
3 14 1901
3 14 1902
3 14 1903
3 14 1904
3 14 1905
3 14 1906
3 14 1907
3 14 1908
3 14 1909
3 14 1910
3 14 1911
3 14 1912
3 14 1913
3 14 1914
3 14 1915
3 14 1916
3 14 1917
3 14 1918
3 14 1919
3 14 1920
3 14 1921
3 14 1922
3 14 1923
3 14 1924
3 14 1925
3 14 1926
3 14 1927
3 14 1928
3 14 1929
3 14 1930
3 14 1931
3 14 1932
3 14 1933
3 14 1934
3 14 1935
3 14 1936
3 14 1937
3 14 1938
3 14 1939
3 14 1940
3 14 1941
3 14 1942
3 14 1943
3 14 1944
3 14 1945
3 14 1946
3 14 1947
3 14 1948
3 14 1949
3 14 1950
3 14 1951
3 14 1952
3 14 1953
3 14 1954
3 14 1955
3 14 1956
3 14 1957
3 14 1958
3 14 1959
3 14 1960
3 14 1961
3 14 1962
3 14 1963
3 14 1964
3 14 1965
3 14 1966
3 14 1967
3 14 1968
3 14 1969
3 14 1970
3 14 1971
3 14 1972
3 14 1973
3 14 1974
3 14 1975
3 14 1976
3 14 1977
3 14 1978
3 14 1979
3 14 1980
3 14 1981
3 14 1982
3 14 1983
3 14 1984
3 14 1985
3 14 1986
3 14 1987
3 14 1988
3 14 1989
3 14 1990
3 14 1991
3 14 1992
3 14 1993
3 14 1994
3 14 1995
3 14 1996
3 14 1997
3 14 1998
3 14 1999
3 14 2000
3 14 2001
3 14 2002
3 14 2003
3 14 2004
3 14 2005
3 14 2006
3 14 2007
3 14 2008
3 14 2009
3 14 2010
3 14 2011
3 14 2012
3 14 2013
3 14 2014
3 14 2015
3 14 2016
3 14 2017
3 14 2018
3 14 2019
3 14 2020
3 14 2021
3 14 2022
3 14 2023
3 14 2024
3 14 2025
3 14 2026
3 14 2027
3 14 2028
3 14 2029
3 14 2030
3 14 2031
3 14 2032
3 14 2033
3 14 2034
3 14 2035
3 14 2036
3 14 2037
3 14 2038
3 14 2039
3 14 2040
3 14 2041
3 14 2042
3 14 2043
3 14 2044
3 14 2045
3 14 2046
3 14 2047
3 14 2048
3 14 2049
3 14 2050
3 14 2051
3 14 2052
3 14 2053
3 14 2054
3 14 2055
3 14 2056
3 14 2057
3 14 2058
3 14 2059
3 14 2060
3 14 2061
3 14 2062
3 14 2063
3 14 2064
3 14 2065
3 14 2066
3 14 2067
3 14 2068
3 14 2069
3 14 2070
3 14 2071
3 14 2072
3 14 2073
3 14 2074
3 14 2075
3 14 2076
3 14 2077
3 14 2078
3 14 2079
3 14 2080
3 14 2081
3 14 2082
3 14 2083
3 14 2084
3 14 2085
3 14 2086
3 14 2087
3 14 2088
3 14 2089
3 14 2090
3 14 2091
3 14 2092
3 14 2093
3 14 2094
3 14 2095
3 14 2096
3 14 2097
3 14 2098
3 14 2099
3 14 2100
3 14 2101
3 14 2102
3 14 2103
3 14 2104
3 14 2105
3 14 2106
3 14 2107
3 14 2108
3 14 2109
3 14 2110
3 14 2111
3 14 2112
3 14 2113
3 14 2114
3 14 2115
3 14 2116
3 14 2117
3 14 2118
3 14 2119
3 14 2120
3 14 2121
3 14 2122
3 14 2123
3 14 2124
3 14 2125
3 14 2126
3 14 2127
3 14 2128
3 14 2129
3 14 2130
3 14 2131
3 14 2132
3 14 2133
3 14 2134
3 14 2135
3 14 2136
3 14 2137
3 14 2138
3 14 2139
3 14 2140
3 14 2141
3 14 2142
3 14 2143
3 14 2144
3 14 2145
3 14 2146
3 14 2147
3 14 2148
3 14 2149
3 14 2150
3 14 2151
3 14 2152
3 14 2153
3 14 2154
3 14 2155
3 14 2156
3 14 2157
3 14 2158
3 14 2159
3 14 2160
3 14 2161
3 14 2162
3 14 2163
3 14 2164
3 14 2165
3 14 2166
3 14 2167
3 14 2168
3 14 2169
3 14 2170
3 14 2171
3 14 2172
3 14 2173
3 14 2174
3 14 2175
3 14 2176
3 14 2177
3 14 2178
3 14 2179
3 14 2180
3 14 2181
3 14 2182
3 14 2183
3 14 2184
3 14 2185
3 14 2186
3 14 2187
3 14 2188
3 14 2189
3 14 2190
3 14 2191
3 14 2192
3 14 2193
3 14 2194
3 14 2195
3 14 2196
3 14 2197
3 14 2198
3 14 2199
3 14 2200
3 14 2201
3 14 2202
3 14 2203
3 14 2204
3 14 2205
3 14 2206
3 14 2207
3 14 2208
3 14 2209
3 14 2210
3 14 2211
3 14 2212
3 14 2213
3 14 2214
3 14 2215
3 14 2216
3 14 2217
3 14 2218
3 14 2219
3 14 2220
3 14 2221
3 14 2222
3 14 2223
3 14 2224
3 14 2225
3 14 2226
3 14 2227
3 14 2228
3 14 2229
3 14 2230
3 14 2231
3 14 2232
3 14 2233
3 14 2234
3 14 2235
3 14 2236
3 14 2237
3 14 2238
3 14 2239
3 14 2240
3 14 2241
3 14 2242
3 14 2243
3 14 2244
3 14 2245
3 14 2246
3 14 2247
3 14 2248
3 14 2249
3 14 2250
3 14 2251
3 14 2252
3 14 2253
3 14 2254
3 14 2255
3 14 2256
3 14 2257
3 14 2258
3 14 2259
3 14 2260
3 14 2261
3 14 2262
3 14 2263
3 14 2264
3 14 2265
3 14 2266
3 14 2267
3 14 2268
3 14 2269
3 14 2270
3 14 2271
3 14 2272
3 14 2273
3 14 2274
3 14 2275
3 14 2276
3 14 2277
3 14 2278
3 14 2279
3 14 2280
3 14 2281
3 14 2282
3 14 2283
3 14 2284
3 14 2285
3 14 2286
3 14 2287
3 14 2288
3 14 2289
3 14 2290
3 14 2291
3 14 2292
3 14 2293
3 14 2294
3 14 2295
3 14 2296
3 14 2297
3 14 2298
3 14 2299
3 14 2300
3 14 2301
3 14 2302
3 14 2303
3 14 2304
3 14 2305
3 14 2306
3 14 2307
3 14 2308
3 14 2309
3 14 2310
3 14 2311
3 14 2312
3 14 2313
3 14 2314
3 14 2315
3 14 2316
3 14 2317
3 14 2318
3 14 2319
3 14 2320
3 14 2321
3 14 2322
3 14 2323
3 14 2324
3 14 2325
3 14 2326
3 14 2327
3 14 2328
3 14 2329
3 14 2330
3 14 2331
3 14 2332
3 14 2333
3 14 2334
3 14 2335
3 14 2336
3 14 2337
3 14 2338
3 14 2339
3 14 2340
3 14 2341
3 14 2342
3 14 2343
3 14 2344
3 14 2345
3 14 2346
3 14 2347
3 14 2348
3 14 2349
3 14 2350
3 14 2351
3 14 2352
3 14 2353
3 14 2354
3 14 2355
3 14 2356
3 14 2357
3 14 2358
3 14 2359
3 14 2360
3 14 2361
3 14 2362
3 14 2363
3 14 2364
3 14 2365
3 14 2366
3 14 2367
3 14 2368
3 14 2369
3 14 2370
3 14 2371
3 14 2372
3 14 2373
3 14 2374
3 14 2375
3 14 2376
3 14 2377
3 14 2378
3 14 2379
3 14 2380
3 14 2381
3 14 2382
3 14 2383
3 14 2384
3 14 2385
3 14 2386
3 14 2387
3 14 2388
3 14 2389
3 14 2390
3 14 2391
3 14 2392
3 14 2393
3 14 2394
3 14 2395
3 14 2396
3 14 2397
3 14 2398
3 14 2399
3 14 2400
3 14 2401
3 14 2402
3 14 2403
3 14 2404
3 14 2405
3 14 2406
3 14 2407
3 14 2408
3 14 2409
3 14 2410
3 14 2411
3 14 2412
3 14 2413
3 14 2414
3 14 2415
3 14 2416
3 14 2417
3 14 2418
3 14 2419
3 14 2420
3 14 2421
3 14 2422
3 14 2423
3 14 2424
3 14 2425
3 14 2426
3 14 2427
3 14 2428
3 14 2429
3 14 2430
3 14 2431
3 14 2432
3 14 2433
3 14 2434
3 14 2435
3 14 2436
3 14 2437
3 14 2438
3 14 2439
3 14 2440
3 14 2441
3 14 2442
3 14 2443
3 14 2444
3 14 2445
3 14 2446
3 14 2447
3 14 2448
3 14 2449
3 14 2450
3 14 2451
3 14 2452
3 14 2453
3 14 2454
3 14 2455
3 14 2456
3 14 2457
