19 13 1
19 13 2
19 13 3
19 13 4
19 13 5
19 13 6
19 13 7
19 13 8
19 13 9
19 13 10
19 13 11
19 13 12
19 13 13
19 13 14
19 13 15
19 13 16
19 13 17
19 13 18
19 13 19
19 13 20
19 13 21
19 13 22
19 13 23
19 13 24
19 13 25
19 13 26
19 13 27
19 13 28
19 13 29
19 13 30
19 13 31
19 13 32
19 13 33
19 13 34
19 13 35
19 13 36
19 13 37
19 13 38
19 13 39
19 13 40
19 13 41
19 13 42
19 13 43
19 13 44
19 13 45
19 13 46
19 13 47
19 13 48
19 13 49
19 13 50
19 13 51
19 13 52
19 13 53
19 13 54
19 13 55
19 13 56
19 13 57
19 13 58
19 13 59
19 13 60
19 13 61
19 13 62
19 13 63
19 13 64
19 13 65
19 13 66
19 13 67
19 13 68
19 13 69
19 13 70
19 13 71
19 13 72
19 13 73
19 13 74
19 13 75
19 13 76
19 13 77
19 13 78
19 13 79
19 13 80
19 13 81
19 13 82
19 13 83
19 13 84
19 13 85
19 13 86
19 13 87
19 13 88
19 13 89
19 13 90
19 13 91
19 13 92
19 13 93
19 13 94
19 13 95
19 13 96
19 13 97
19 13 98
19 13 99
19 13 100
19 13 101
19 13 102
