19 12 1
19 12 2
19 12 3
19 12 4
19 12 5
19 12 6
19 12 7
19 12 8
19 12 9
19 12 10
19 12 11
19 12 12
19 12 13
19 12 14
19 12 15
19 12 16
19 12 17
19 12 18
19 12 19
19 12 20
19 12 21
19 12 22
19 12 23
19 12 24
19 12 25
19 12 26
19 12 27
19 12 28
19 12 29
19 12 30
19 12 31
19 12 32
19 12 33
19 12 34
19 12 35
19 12 36
19 12 37
19 12 38
19 12 39
19 12 40
19 12 41
19 12 42
19 12 43
19 12 44
19 12 45
19 12 46
19 12 47
19 12 48
19 12 49
19 12 50
19 12 51
19 12 52
19 12 53
19 12 54
19 12 55
19 12 56
19 12 57
19 12 58
19 12 59
19 12 60
19 12 61
19 12 62
19 12 63
19 12 64
19 12 65
19 12 66
19 12 67
19 12 68
19 12 69
19 12 70
19 12 71
19 12 72
19 12 73
19 12 74
19 12 75
19 12 76
19 12 77
19 12 78
19 12 79
19 12 80
19 12 81
19 12 82
19 12 83
19 12 84
19 12 85
19 12 86
19 12 87
19 12 88
19 12 89
19 12 90
19 12 91
19 12 92
19 12 93
19 12 94
19 12 95
19 12 96
19 12 97
19 12 98
19 12 99
19 12 100
19 12 101
19 12 102
