19 15 1
19 15 2
19 15 3
19 15 4
19 15 5
19 15 6
19 15 7
19 15 8
19 15 9
19 15 10
19 15 11
19 15 12
19 15 13
19 15 14
19 15 15
19 15 16
19 15 17
19 15 18
19 15 19
19 15 20
19 15 21
19 15 22
19 15 23
19 15 24
19 15 25
19 15 26
19 15 27
19 15 28
19 15 29
19 15 30
19 15 31
19 15 32
19 15 33
19 15 34
19 15 35
19 15 36
19 15 37
19 15 38
19 15 39
19 15 40
19 15 41
19 15 42
19 15 43
19 15 44
19 15 45
19 15 46
19 15 47
19 15 48
19 15 49
19 15 50
19 15 51
19 15 52
19 15 53
19 15 54
19 15 55
19 15 56
19 15 57
19 15 58
19 15 59
19 15 60
19 15 61
19 15 62
19 15 63
19 15 64
19 15 65
19 15 66
19 15 67
19 15 68
19 15 69
19 15 70
19 15 71
19 15 72
19 15 73
19 15 74
19 15 75
19 15 76
19 15 77
19 15 78
19 15 79
19 15 80
19 15 81
19 15 82
19 15 83
19 15 84
19 15 85
19 15 86
19 15 87
19 15 88
19 15 89
19 15 90
19 15 91
19 15 92
19 15 93
19 15 94
19 15 95
19 15 96
19 15 97
19 15 98
19 15 99
19 15 100
19 15 101
19 15 102
19 15 103
19 15 104
19 15 105
19 15 106
19 15 107
19 15 108
19 15 109
19 15 110
19 15 111
19 15 112
19 15 113
19 15 114
19 15 115
19 15 116
19 15 117
19 15 118
19 15 119
19 15 120
19 15 121
19 15 122
19 15 123
19 15 124
19 15 125
19 15 126
19 15 127
19 15 128
19 15 129
19 15 130
19 15 131
19 15 132
19 15 133
19 15 134
19 15 135
19 15 136
19 15 137
19 15 138
19 15 139
19 15 140
19 15 141
19 15 142
19 15 143
19 15 144
19 15 145
19 15 146
19 15 147
19 15 148
19 15 149
19 15 150
19 15 151
19 15 152
19 15 153
19 15 154
19 15 155
19 15 156
19 15 157
19 15 158
19 15 159
19 15 160
19 15 161
19 15 162
19 15 163
19 15 164
19 15 165
19 15 166
19 15 167
19 15 168
19 15 169
19 15 170
19 15 171
19 15 172
19 15 173
19 15 174
19 15 175
19 15 176
19 15 177
19 15 178
19 15 179
19 15 180
19 15 181
19 15 182
19 15 183
19 15 184
19 15 185
19 15 186
19 15 187
19 15 188
19 15 189
19 15 190
19 15 191
19 15 192
19 15 193
19 15 194
19 15 195
19 15 196
19 15 197
19 15 198
19 15 199
19 15 200
19 15 201
19 15 202
19 15 203
19 15 204
19 15 205
19 15 206
19 15 207
19 15 208
19 15 209
19 15 210
19 15 211
19 15 212
19 15 213
19 15 214
19 15 215
19 15 216
19 15 217
19 15 218
19 15 219
19 15 220
19 15 221
19 15 222
19 15 223
19 15 224
19 15 225
19 15 226
19 15 227
19 15 228
19 15 229
19 15 230
19 15 231
19 15 232
19 15 233
19 15 234
19 15 235
19 15 236
19 15 237
19 15 238
19 15 239
19 15 240
19 15 241
19 15 242
19 15 243
19 15 244
19 15 245
19 15 246
19 15 247
19 15 248
19 15 249
19 15 250
19 15 251
19 15 252
19 15 253
19 15 254
19 15 255
19 15 256
19 15 257
19 15 258
19 15 259
19 15 260
19 15 261
19 15 262
19 15 263
19 15 264
19 15 265
19 15 266
19 15 267
19 15 268
19 15 269
19 15 270
19 15 271
19 15 272
19 15 273
19 15 274
19 15 275
19 15 276
19 15 277
19 15 278
19 15 279
19 15 280
19 15 281
19 15 282
19 15 283
19 15 284
19 15 285
19 15 286
19 15 287
19 15 288
19 15 289
19 15 290
19 15 291
19 15 292
19 15 293
19 15 294
19 15 295
19 15 296
19 15 297
19 15 298
19 15 299
19 15 300
19 15 301
19 15 302
19 15 303
19 15 304
19 15 305
19 15 306
19 15 307
19 15 308
19 15 309
19 15 310
19 15 311
19 15 312
19 15 313
19 15 314
19 15 315
19 15 316
19 15 317
19 15 318
19 15 319
19 15 320
19 15 321
19 15 322
19 15 323
19 15 324
19 15 325
19 15 326
19 15 327
19 15 328
19 15 329
19 15 330
19 15 331
19 15 332
19 15 333
19 15 334
19 15 335
19 15 336
19 15 337
19 15 338
19 15 339
19 15 340
19 15 341
19 15 342
19 15 343
19 15 344
19 15 345
19 15 346
19 15 347
19 15 348
19 15 349
19 15 350
19 15 351
19 15 352
19 15 353
19 15 354
19 15 355
19 15 356
19 15 357
19 15 358
19 15 359
19 15 360
19 15 361
19 15 362
19 15 363
19 15 364
19 15 365
19 15 366
19 15 367
19 15 368
19 15 369
19 15 370
19 15 371
19 15 372
19 15 373
19 15 374
19 15 375
19 15 376
19 15 377
19 15 378
19 15 379
19 15 380
19 15 381
19 15 382
19 15 383
19 15 384
19 15 385
19 15 386
19 15 387
19 15 388
19 15 389
19 15 390
19 15 391
19 15 392
19 15 393
19 15 394
19 15 395
19 15 396
19 15 397
19 15 398
19 15 399
19 15 400
19 15 401
19 15 402
19 15 403
19 15 404
19 15 405
19 15 406
19 15 407
19 15 408
19 15 409
19 15 410
19 15 411
19 15 412
19 15 413
19 15 414
19 15 415
19 15 416
19 15 417
19 15 418
19 15 419
19 15 420
19 15 421
19 15 422
19 15 423
19 15 424
19 15 425
19 15 426
19 15 427
19 15 428
19 15 429
19 15 430
19 15 431
19 15 432
19 15 433
19 15 434
19 15 435
19 15 436
19 15 437
19 15 438
19 15 439
19 15 440
19 15 441
19 15 442
19 15 443
19 15 444
19 15 445
19 15 446
19 15 447
19 15 448
19 15 449
19 15 450
19 15 451
19 15 452
19 15 453
19 15 454
19 15 455
19 15 456
19 15 457
19 15 458
19 15 459
19 15 460
19 15 461
19 15 462
19 15 463
19 15 464
19 15 465
19 15 466
19 15 467
19 15 468
19 15 469
19 15 470
19 15 471
19 15 472
19 15 473
19 15 474
19 15 475
19 15 476
19 15 477
19 15 478
19 15 479
19 15 480
19 15 481
19 15 482
19 15 483
19 15 484
19 15 485
19 15 486
19 15 487
19 15 488
19 15 489
19 15 490
19 15 491
19 15 492
19 15 493
19 15 494
19 15 495
19 15 496
19 15 497
19 15 498
19 15 499
19 15 500
19 15 501
19 15 502
19 15 503
19 15 504
19 15 505
19 15 506
19 15 507
19 15 508
19 15 509
19 15 510
19 15 511
19 15 512
19 15 513
19 15 514
19 15 515
19 15 516
19 15 517
19 15 518
19 15 519
19 15 520
19 15 521
19 15 522
19 15 523
19 15 524
19 15 525
19 15 526
19 15 527
19 15 528
19 15 529
19 15 530
19 15 531
19 15 532
19 15 533
19 15 534
19 15 535
19 15 536
19 15 537
19 15 538
19 15 539
19 15 540
19 15 541
19 15 542
19 15 543
19 15 544
19 15 545
19 15 546
19 15 547
19 15 548
19 15 549
19 15 550
19 15 551
19 15 552
19 15 553
19 15 554
19 15 555
19 15 556
19 15 557
19 15 558
19 15 559
19 15 560
19 15 561
19 15 562
19 15 563
19 15 564
19 15 565
19 15 566
19 15 567
19 15 568
19 15 569
19 15 570
19 15 571
19 15 572
19 15 573
19 15 574
19 15 575
19 15 576
19 15 577
19 15 578
19 15 579
19 15 580
19 15 581
19 15 582
19 15 583
19 15 584
19 15 585
19 15 586
19 15 587
19 15 588
19 15 589
19 15 590
19 15 591
19 15 592
19 15 593
19 15 594
19 15 595
19 15 596
19 15 597
19 15 598
19 15 599
19 15 600
19 15 601
19 15 602
19 15 603
19 15 604
19 15 605
19 15 606
19 15 607
19 15 608
19 15 609
19 15 610
19 15 611
19 15 612
19 15 613
19 15 614
