19 16 1
19 16 2
19 16 3
19 16 4
19 16 5
19 16 6
19 16 7
19 16 8
19 16 9
19 16 10
19 16 11
19 16 12
19 16 13
19 16 14
19 16 15
19 16 16
19 16 17
19 16 18
19 16 19
19 16 20
19 16 21
19 16 22
19 16 23
19 16 24
19 16 25
19 16 26
19 16 27
19 16 28
19 16 29
19 16 30
19 16 31
19 16 32
19 16 33
19 16 34
19 16 35
19 16 36
19 16 37
19 16 38
19 16 39
19 16 40
19 16 41
19 16 42
19 16 43
19 16 44
19 16 45
19 16 46
19 16 47
19 16 48
19 16 49
19 16 50
19 16 51
19 16 52
19 16 53
19 16 54
19 16 55
19 16 56
19 16 57
19 16 58
19 16 59
19 16 60
19 16 61
19 16 62
19 16 63
19 16 64
19 16 65
19 16 66
19 16 67
19 16 68
19 16 69
19 16 70
19 16 71
19 16 72
19 16 73
19 16 74
19 16 75
19 16 76
19 16 77
19 16 78
19 16 79
19 16 80
19 16 81
19 16 82
19 16 83
19 16 84
19 16 85
19 16 86
19 16 87
19 16 88
19 16 89
19 16 90
19 16 91
19 16 92
19 16 93
19 16 94
19 16 95
19 16 96
19 16 97
19 16 98
19 16 99
19 16 100
19 16 101
19 16 102
