19 14 1
19 14 2
19 14 3
19 14 4
19 14 5
19 14 6
19 14 7
19 14 8
19 14 9
19 14 10
19 14 11
19 14 12
19 14 13
19 14 14
19 14 15
19 14 16
19 14 17
19 14 18
19 14 19
19 14 20
19 14 21
19 14 22
19 14 23
19 14 24
19 14 25
19 14 26
19 14 27
19 14 28
19 14 29
19 14 30
19 14 31
19 14 32
19 14 33
19 14 34
19 14 35
19 14 36
19 14 37
19 14 38
19 14 39
19 14 40
19 14 41
19 14 42
19 14 43
19 14 44
19 14 45
19 14 46
19 14 47
19 14 48
19 14 49
19 14 50
19 14 51
19 14 52
19 14 53
19 14 54
19 14 55
19 14 56
19 14 57
19 14 58
19 14 59
19 14 60
19 14 61
19 14 62
19 14 63
19 14 64
19 14 65
19 14 66
19 14 67
19 14 68
19 14 69
19 14 70
19 14 71
19 14 72
19 14 73
19 14 74
19 14 75
19 14 76
19 14 77
19 14 78
19 14 79
19 14 80
19 14 81
19 14 82
19 14 83
19 14 84
19 14 85
19 14 86
19 14 87
19 14 88
19 14 89
19 14 90
19 14 91
19 14 92
19 14 93
19 14 94
19 14 95
19 14 96
19 14 97
19 14 98
19 14 99
19 14 100
19 14 101
19 14 102
