4 13 1
4 13 2
4 13 3
4 13 4
4 13 5
4 13 6
4 13 7
4 13 8
4 13 9
4 13 10
4 13 11
4 13 12
4 13 13
4 13 14
4 13 15
4 13 16
4 13 17
4 13 18
4 13 19
4 13 20
4 13 21
4 13 22
4 13 23
4 13 24
4 13 25
4 13 26
4 13 27
4 13 28
4 13 29
4 13 30
4 13 31
4 13 32
4 13 33
4 13 34
4 13 35
4 13 36
4 13 37
4 13 38
4 13 39
4 13 40
4 13 41
4 13 42
4 13 43
4 13 44
4 13 45
4 13 46
4 13 47
4 13 48
4 13 49
4 13 50
4 13 51
4 13 52
4 13 53
4 13 54
4 13 55
4 13 56
4 13 57
4 13 58
4 13 59
4 13 60
4 13 61
4 13 62
4 13 63
4 13 64
4 13 65
4 13 66
4 13 67
4 13 68
4 13 69
4 13 70
4 13 71
4 13 72
4 13 73
4 13 74
4 13 75
4 13 76
4 13 77
4 13 78
4 13 79
4 13 80
4 13 81
4 13 82
4 13 83
4 13 84
4 13 85
4 13 86
4 13 87
4 13 88
4 13 89
4 13 90
4 13 91
4 13 92
4 13 93
4 13 94
4 13 95
4 13 96
4 13 97
4 13 98
4 13 99
4 13 100
4 13 101
4 13 102
4 13 103
4 13 104
4 13 105
4 13 106
4 13 107
4 13 108
4 13 109
4 13 110
4 13 111
4 13 112
4 13 113
4 13 114
4 13 115
4 13 116
4 13 117
4 13 118
4 13 119
4 13 120
4 13 121
4 13 122
4 13 123
4 13 124
4 13 125
4 13 126
4 13 127
4 13 128
4 13 129
4 13 130
4 13 131
4 13 132
4 13 133
4 13 134
4 13 135
4 13 136
4 13 137
4 13 138
4 13 139
4 13 140
4 13 141
4 13 142
4 13 143
4 13 144
4 13 145
4 13 146
4 13 147
4 13 148
4 13 149
4 13 150
4 13 151
4 13 152
4 13 153
4 13 154
4 13 155
4 13 156
4 13 157
4 13 158
4 13 159
4 13 160
4 13 161
4 13 162
4 13 163
4 13 164
4 13 165
4 13 166
4 13 167
4 13 168
4 13 169
4 13 170
4 13 171
4 13 172
4 13 173
4 13 174
4 13 175
4 13 176
4 13 177
4 13 178
4 13 179
4 13 180
4 13 181
4 13 182
4 13 183
4 13 184
4 13 185
4 13 186
4 13 187
4 13 188
4 13 189
4 13 190
4 13 191
4 13 192
4 13 193
4 13 194
4 13 195
4 13 196
4 13 197
4 13 198
4 13 199
4 13 200
4 13 201
4 13 202
4 13 203
4 13 204
4 13 205
4 13 206
4 13 207
4 13 208
4 13 209
4 13 210
4 13 211
4 13 212
4 13 213
4 13 214
4 13 215
4 13 216
4 13 217
4 13 218
4 13 219
4 13 220
4 13 221
4 13 222
4 13 223
4 13 224
4 13 225
4 13 226
4 13 227
4 13 228
4 13 229
4 13 230
4 13 231
4 13 232
4 13 233
4 13 234
4 13 235
4 13 236
4 13 237
4 13 238
4 13 239
4 13 240
4 13 241
4 13 242
4 13 243
4 13 244
4 13 245
4 13 246
4 13 247
4 13 248
4 13 249
4 13 250
4 13 251
4 13 252
4 13 253
4 13 254
4 13 255
4 13 256
4 13 257
4 13 258
4 13 259
4 13 260
4 13 261
4 13 262
4 13 263
4 13 264
4 13 265
4 13 266
4 13 267
4 13 268
4 13 269
4 13 270
4 13 271
4 13 272
4 13 273
4 13 274
4 13 275
4 13 276
4 13 277
4 13 278
4 13 279
4 13 280
4 13 281
4 13 282
4 13 283
4 13 284
4 13 285
4 13 286
4 13 287
4 13 288
4 13 289
4 13 290
4 13 291
4 13 292
4 13 293
4 13 294
4 13 295
4 13 296
4 13 297
4 13 298
4 13 299
4 13 300
4 13 301
4 13 302
4 13 303
4 13 304
4 13 305
4 13 306
4 13 307
4 13 308
4 13 309
4 13 310
4 13 311
4 13 312
4 13 313
4 13 314
4 13 315
4 13 316
4 13 317
4 13 318
4 13 319
4 13 320
4 13 321
4 13 322
4 13 323
4 13 324
4 13 325
4 13 326
4 13 327
4 13 328
4 13 329
4 13 330
4 13 331
4 13 332
4 13 333
4 13 334
4 13 335
4 13 336
4 13 337
4 13 338
4 13 339
4 13 340
4 13 341
4 13 342
4 13 343
4 13 344
4 13 345
4 13 346
4 13 347
4 13 348
4 13 349
4 13 350
4 13 351
4 13 352
4 13 353
4 13 354
4 13 355
4 13 356
4 13 357
4 13 358
4 13 359
4 13 360
4 13 361
4 13 362
4 13 363
4 13 364
4 13 365
4 13 366
4 13 367
4 13 368
4 13 369
4 13 370
4 13 371
4 13 372
4 13 373
4 13 374
4 13 375
4 13 376
4 13 377
4 13 378
4 13 379
4 13 380
4 13 381
4 13 382
4 13 383
4 13 384
4 13 385
4 13 386
4 13 387
4 13 388
4 13 389
4 13 390
4 13 391
4 13 392
4 13 393
4 13 394
4 13 395
4 13 396
4 13 397
4 13 398
4 13 399
4 13 400
4 13 401
4 13 402
4 13 403
4 13 404
4 13 405
4 13 406
4 13 407
4 13 408
4 13 409
4 13 410
4 13 411
4 13 412
4 13 413
4 13 414
4 13 415
4 13 416
4 13 417
4 13 418
4 13 419
4 13 420
4 13 421
4 13 422
4 13 423
4 13 424
4 13 425
4 13 426
4 13 427
4 13 428
4 13 429
4 13 430
4 13 431
4 13 432
4 13 433
4 13 434
4 13 435
4 13 436
4 13 437
4 13 438
4 13 439
4 13 440
4 13 441
4 13 442
4 13 443
4 13 444
4 13 445
4 13 446
4 13 447
4 13 448
4 13 449
4 13 450
4 13 451
4 13 452
4 13 453
4 13 454
4 13 455
4 13 456
4 13 457
4 13 458
4 13 459
4 13 460
4 13 461
4 13 462
4 13 463
4 13 464
4 13 465
4 13 466
4 13 467
4 13 468
4 13 469
4 13 470
4 13 471
4 13 472
4 13 473
4 13 474
4 13 475
4 13 476
4 13 477
4 13 478
4 13 479
4 13 480
4 13 481
4 13 482
4 13 483
4 13 484
4 13 485
4 13 486
4 13 487
4 13 488
4 13 489
4 13 490
4 13 491
4 13 492
4 13 493
4 13 494
4 13 495
4 13 496
4 13 497
4 13 498
4 13 499
4 13 500
4 13 501
4 13 502
4 13 503
4 13 504
4 13 505
4 13 506
4 13 507
4 13 508
4 13 509
4 13 510
4 13 511
4 13 512
4 13 513
4 13 514
4 13 515
4 13 516
4 13 517
4 13 518
4 13 519
4 13 520
4 13 521
4 13 522
4 13 523
4 13 524
4 13 525
4 13 526
4 13 527
4 13 528
4 13 529
4 13 530
4 13 531
4 13 532
4 13 533
4 13 534
4 13 535
4 13 536
4 13 537
4 13 538
4 13 539
4 13 540
4 13 541
4 13 542
4 13 543
4 13 544
4 13 545
4 13 546
4 13 547
4 13 548
4 13 549
4 13 550
4 13 551
4 13 552
4 13 553
4 13 554
4 13 555
4 13 556
4 13 557
4 13 558
4 13 559
4 13 560
4 13 561
4 13 562
4 13 563
4 13 564
4 13 565
4 13 566
4 13 567
4 13 568
4 13 569
4 13 570
4 13 571
4 13 572
4 13 573
4 13 574
4 13 575
4 13 576
4 13 577
4 13 578
4 13 579
4 13 580
4 13 581
4 13 582
4 13 583
4 13 584
4 13 585
4 13 586
4 13 587
4 13 588
4 13 589
4 13 590
4 13 591
4 13 592
4 13 593
4 13 594
4 13 595
4 13 596
4 13 597
4 13 598
4 13 599
4 13 600
4 13 601
4 13 602
4 13 603
4 13 604
4 13 605
4 13 606
4 13 607
4 13 608
4 13 609
4 13 610
4 13 611
4 13 612
4 13 613
4 13 614
4 13 615
4 13 616
4 13 617
4 13 618
4 13 619
4 13 620
4 13 621
4 13 622
4 13 623
4 13 624
4 13 625
4 13 626
4 13 627
4 13 628
4 13 629
4 13 630
4 13 631
4 13 632
4 13 633
4 13 634
4 13 635
4 13 636
4 13 637
4 13 638
4 13 639
4 13 640
4 13 641
4 13 642
4 13 643
4 13 644
4 13 645
4 13 646
4 13 647
4 13 648
4 13 649
4 13 650
4 13 651
4 13 652
4 13 653
4 13 654
4 13 655
4 13 656
4 13 657
4 13 658
4 13 659
4 13 660
4 13 661
4 13 662
4 13 663
4 13 664
4 13 665
4 13 666
4 13 667
4 13 668
4 13 669
4 13 670
4 13 671
4 13 672
4 13 673
4 13 674
4 13 675
4 13 676
4 13 677
4 13 678
4 13 679
4 13 680
4 13 681
4 13 682
4 13 683
4 13 684
4 13 685
4 13 686
4 13 687
4 13 688
4 13 689
4 13 690
4 13 691
4 13 692
4 13 693
4 13 694
4 13 695
4 13 696
4 13 697
4 13 698
4 13 699
4 13 700
4 13 701
4 13 702
4 13 703
4 13 704
4 13 705
4 13 706
4 13 707
4 13 708
4 13 709
4 13 710
4 13 711
4 13 712
4 13 713
4 13 714
4 13 715
4 13 716
4 13 717
4 13 718
4 13 719
4 13 720
4 13 721
4 13 722
4 13 723
4 13 724
4 13 725
4 13 726
4 13 727
4 13 728
4 13 729
4 13 730
4 13 731
4 13 732
4 13 733
4 13 734
4 13 735
4 13 736
4 13 737
4 13 738
4 13 739
4 13 740
4 13 741
4 13 742
4 13 743
4 13 744
4 13 745
4 13 746
4 13 747
4 13 748
4 13 749
4 13 750
4 13 751
4 13 752
4 13 753
4 13 754
4 13 755
4 13 756
4 13 757
4 13 758
4 13 759
4 13 760
4 13 761
4 13 762
4 13 763
4 13 764
4 13 765
4 13 766
4 13 767
4 13 768
4 13 769
4 13 770
4 13 771
4 13 772
4 13 773
4 13 774
4 13 775
4 13 776
4 13 777
4 13 778
4 13 779
4 13 780
4 13 781
4 13 782
4 13 783
4 13 784
4 13 785
4 13 786
4 13 787
4 13 788
4 13 789
4 13 790
4 13 791
4 13 792
4 13 793
4 13 794
4 13 795
4 13 796
4 13 797
4 13 798
4 13 799
4 13 800
4 13 801
4 13 802
4 13 803
4 13 804
4 13 805
4 13 806
4 13 807
4 13 808
4 13 809
4 13 810
4 13 811
4 13 812
4 13 813
4 13 814
4 13 815
4 13 816
4 13 817
4 13 818
4 13 819
4 13 820
4 13 821
4 13 822
4 13 823
4 13 824
4 13 825
4 13 826
4 13 827
4 13 828
4 13 829
4 13 830
4 13 831
4 13 832
4 13 833
4 13 834
4 13 835
4 13 836
4 13 837
4 13 838
4 13 839
4 13 840
4 13 841
4 13 842
4 13 843
4 13 844
4 13 845
4 13 846
4 13 847
4 13 848
4 13 849
4 13 850
4 13 851
4 13 852
4 13 853
4 13 854
4 13 855
4 13 856
4 13 857
4 13 858
4 13 859
4 13 860
4 13 861
4 13 862
4 13 863
4 13 864
4 13 865
4 13 866
4 13 867
4 13 868
4 13 869
4 13 870
4 13 871
4 13 872
4 13 873
4 13 874
4 13 875
4 13 876
4 13 877
4 13 878
4 13 879
4 13 880
4 13 881
4 13 882
4 13 883
4 13 884
4 13 885
4 13 886
4 13 887
4 13 888
4 13 889
4 13 890
4 13 891
4 13 892
4 13 893
4 13 894
4 13 895
4 13 896
4 13 897
4 13 898
4 13 899
4 13 900
4 13 901
4 13 902
4 13 903
4 13 904
4 13 905
4 13 906
4 13 907
4 13 908
4 13 909
4 13 910
4 13 911
4 13 912
4 13 913
4 13 914
4 13 915
4 13 916
4 13 917
4 13 918
4 13 919
4 13 920
4 13 921
4 13 922
4 13 923
4 13 924
4 13 925
4 13 926
4 13 927
4 13 928
4 13 929
4 13 930
4 13 931
4 13 932
4 13 933
4 13 934
4 13 935
4 13 936
4 13 937
4 13 938
4 13 939
4 13 940
4 13 941
4 13 942
4 13 943
4 13 944
4 13 945
4 13 946
4 13 947
4 13 948
4 13 949
4 13 950
4 13 951
4 13 952
4 13 953
4 13 954
4 13 955
4 13 956
4 13 957
4 13 958
4 13 959
4 13 960
4 13 961
4 13 962
4 13 963
4 13 964
4 13 965
4 13 966
4 13 967
4 13 968
4 13 969
4 13 970
4 13 971
4 13 972
4 13 973
4 13 974
4 13 975
4 13 976
4 13 977
4 13 978
4 13 979
4 13 980
4 13 981
4 13 982
4 13 983
4 13 984
4 13 985
4 13 986
4 13 987
4 13 988
4 13 989
4 13 990
4 13 991
4 13 992
4 13 993
4 13 994
4 13 995
4 13 996
4 13 997
4 13 998
4 13 999
4 13 1000
4 13 1001
4 13 1002
4 13 1003
4 13 1004
4 13 1005
4 13 1006
4 13 1007
4 13 1008
4 13 1009
4 13 1010
4 13 1011
4 13 1012
4 13 1013
4 13 1014
4 13 1015
4 13 1016
4 13 1017
4 13 1018
4 13 1019
4 13 1020
4 13 1021
4 13 1022
4 13 1023
4 13 1024
4 13 1025
4 13 1026
4 13 1027
4 13 1028
4 13 1029
4 13 1030
4 13 1031
4 13 1032
4 13 1033
4 13 1034
4 13 1035
4 13 1036
4 13 1037
4 13 1038
4 13 1039
4 13 1040
4 13 1041
4 13 1042
4 13 1043
4 13 1044
4 13 1045
4 13 1046
4 13 1047
4 13 1048
4 13 1049
4 13 1050
4 13 1051
4 13 1052
4 13 1053
4 13 1054
4 13 1055
4 13 1056
4 13 1057
4 13 1058
4 13 1059
4 13 1060
4 13 1061
4 13 1062
4 13 1063
4 13 1064
4 13 1065
4 13 1066
4 13 1067
4 13 1068
4 13 1069
4 13 1070
4 13 1071
4 13 1072
4 13 1073
4 13 1074
4 13 1075
4 13 1076
4 13 1077
4 13 1078
4 13 1079
4 13 1080
4 13 1081
4 13 1082
4 13 1083
4 13 1084
4 13 1085
4 13 1086
4 13 1087
4 13 1088
4 13 1089
4 13 1090
4 13 1091
4 13 1092
4 13 1093
4 13 1094
4 13 1095
4 13 1096
4 13 1097
4 13 1098
4 13 1099
4 13 1100
4 13 1101
4 13 1102
4 13 1103
4 13 1104
4 13 1105
4 13 1106
4 13 1107
4 13 1108
4 13 1109
4 13 1110
4 13 1111
4 13 1112
4 13 1113
4 13 1114
4 13 1115
4 13 1116
4 13 1117
4 13 1118
4 13 1119
4 13 1120
4 13 1121
4 13 1122
4 13 1123
4 13 1124
4 13 1125
4 13 1126
4 13 1127
4 13 1128
4 13 1129
4 13 1130
4 13 1131
4 13 1132
4 13 1133
4 13 1134
4 13 1135
4 13 1136
4 13 1137
4 13 1138
4 13 1139
4 13 1140
4 13 1141
4 13 1142
4 13 1143
4 13 1144
4 13 1145
4 13 1146
4 13 1147
4 13 1148
4 13 1149
4 13 1150
4 13 1151
4 13 1152
4 13 1153
4 13 1154
4 13 1155
4 13 1156
4 13 1157
4 13 1158
4 13 1159
4 13 1160
4 13 1161
4 13 1162
4 13 1163
4 13 1164
4 13 1165
4 13 1166
4 13 1167
4 13 1168
4 13 1169
4 13 1170
4 13 1171
4 13 1172
4 13 1173
4 13 1174
4 13 1175
4 13 1176
4 13 1177
4 13 1178
4 13 1179
4 13 1180
4 13 1181
4 13 1182
4 13 1183
4 13 1184
4 13 1185
4 13 1186
4 13 1187
4 13 1188
4 13 1189
4 13 1190
4 13 1191
4 13 1192
4 13 1193
4 13 1194
4 13 1195
4 13 1196
4 13 1197
4 13 1198
4 13 1199
4 13 1200
4 13 1201
4 13 1202
4 13 1203
4 13 1204
4 13 1205
4 13 1206
4 13 1207
4 13 1208
4 13 1209
4 13 1210
4 13 1211
4 13 1212
4 13 1213
4 13 1214
4 13 1215
4 13 1216
4 13 1217
4 13 1218
4 13 1219
4 13 1220
4 13 1221
4 13 1222
4 13 1223
4 13 1224
4 13 1225
4 13 1226
4 13 1227
4 13 1228
4 13 1229
4 13 1230
4 13 1231
4 13 1232
4 13 1233
4 13 1234
4 13 1235
4 13 1236
4 13 1237
4 13 1238
4 13 1239
4 13 1240
4 13 1241
4 13 1242
4 13 1243
4 13 1244
4 13 1245
4 13 1246
4 13 1247
4 13 1248
4 13 1249
4 13 1250
4 13 1251
4 13 1252
4 13 1253
4 13 1254
4 13 1255
4 13 1256
4 13 1257
4 13 1258
4 13 1259
4 13 1260
4 13 1261
4 13 1262
4 13 1263
4 13 1264
4 13 1265
4 13 1266
4 13 1267
4 13 1268
4 13 1269
4 13 1270
4 13 1271
4 13 1272
4 13 1273
4 13 1274
4 13 1275
4 13 1276
4 13 1277
4 13 1278
4 13 1279
4 13 1280
4 13 1281
4 13 1282
4 13 1283
4 13 1284
4 13 1285
4 13 1286
4 13 1287
4 13 1288
4 13 1289
4 13 1290
4 13 1291
4 13 1292
4 13 1293
4 13 1294
4 13 1295
4 13 1296
4 13 1297
4 13 1298
4 13 1299
4 13 1300
4 13 1301
4 13 1302
4 13 1303
4 13 1304
4 13 1305
4 13 1306
4 13 1307
4 13 1308
4 13 1309
4 13 1310
4 13 1311
4 13 1312
4 13 1313
4 13 1314
4 13 1315
4 13 1316
4 13 1317
4 13 1318
4 13 1319
4 13 1320
4 13 1321
4 13 1322
4 13 1323
4 13 1324
4 13 1325
4 13 1326
4 13 1327
4 13 1328
4 13 1329
4 13 1330
4 13 1331
4 13 1332
4 13 1333
4 13 1334
4 13 1335
4 13 1336
4 13 1337
4 13 1338
4 13 1339
4 13 1340
4 13 1341
4 13 1342
4 13 1343
4 13 1344
4 13 1345
4 13 1346
4 13 1347
4 13 1348
4 13 1349
4 13 1350
4 13 1351
4 13 1352
4 13 1353
4 13 1354
4 13 1355
4 13 1356
4 13 1357
4 13 1358
4 13 1359
4 13 1360
4 13 1361
4 13 1362
4 13 1363
4 13 1364
4 13 1365
4 13 1366
4 13 1367
4 13 1368
4 13 1369
4 13 1370
4 13 1371
4 13 1372
4 13 1373
4 13 1374
4 13 1375
4 13 1376
4 13 1377
4 13 1378
4 13 1379
4 13 1380
4 13 1381
4 13 1382
4 13 1383
4 13 1384
4 13 1385
4 13 1386
4 13 1387
4 13 1388
4 13 1389
4 13 1390
4 13 1391
4 13 1392
4 13 1393
4 13 1394
4 13 1395
4 13 1396
4 13 1397
4 13 1398
4 13 1399
4 13 1400
4 13 1401
4 13 1402
4 13 1403
4 13 1404
4 13 1405
4 13 1406
4 13 1407
4 13 1408
4 13 1409
4 13 1410
4 13 1411
4 13 1412
4 13 1413
4 13 1414
4 13 1415
4 13 1416
4 13 1417
4 13 1418
4 13 1419
4 13 1420
4 13 1421
4 13 1422
4 13 1423
4 13 1424
4 13 1425
4 13 1426
4 13 1427
4 13 1428
4 13 1429
4 13 1430
4 13 1431
4 13 1432
4 13 1433
4 13 1434
4 13 1435
4 13 1436
4 13 1437
4 13 1438
4 13 1439
4 13 1440
4 13 1441
4 13 1442
4 13 1443
4 13 1444
4 13 1445
4 13 1446
4 13 1447
4 13 1448
4 13 1449
4 13 1450
4 13 1451
4 13 1452
4 13 1453
4 13 1454
4 13 1455
4 13 1456
4 13 1457
4 13 1458
4 13 1459
4 13 1460
4 13 1461
4 13 1462
4 13 1463
4 13 1464
4 13 1465
4 13 1466
4 13 1467
4 13 1468
4 13 1469
4 13 1470
4 13 1471
4 13 1472
4 13 1473
4 13 1474
4 13 1475
4 13 1476
4 13 1477
4 13 1478
4 13 1479
4 13 1480
4 13 1481
4 13 1482
4 13 1483
4 13 1484
4 13 1485
4 13 1486
4 13 1487
4 13 1488
4 13 1489
4 13 1490
4 13 1491
4 13 1492
4 13 1493
4 13 1494
4 13 1495
4 13 1496
4 13 1497
4 13 1498
4 13 1499
4 13 1500
4 13 1501
4 13 1502
4 13 1503
4 13 1504
4 13 1505
4 13 1506
4 13 1507
4 13 1508
4 13 1509
4 13 1510
4 13 1511
4 13 1512
4 13 1513
4 13 1514
4 13 1515
4 13 1516
4 13 1517
4 13 1518
4 13 1519
4 13 1520
4 13 1521
4 13 1522
4 13 1523
4 13 1524
4 13 1525
4 13 1526
4 13 1527
4 13 1528
4 13 1529
4 13 1530
4 13 1531
4 13 1532
4 13 1533
4 13 1534
4 13 1535
4 13 1536
4 13 1537
4 13 1538
4 13 1539
4 13 1540
4 13 1541
4 13 1542
4 13 1543
4 13 1544
4 13 1545
4 13 1546
4 13 1547
4 13 1548
4 13 1549
4 13 1550
4 13 1551
4 13 1552
4 13 1553
4 13 1554
4 13 1555
4 13 1556
4 13 1557
4 13 1558
4 13 1559
4 13 1560
4 13 1561
4 13 1562
4 13 1563
4 13 1564
4 13 1565
4 13 1566
4 13 1567
4 13 1568
4 13 1569
4 13 1570
4 13 1571
4 13 1572
4 13 1573
4 13 1574
4 13 1575
4 13 1576
4 13 1577
4 13 1578
4 13 1579
4 13 1580
4 13 1581
4 13 1582
4 13 1583
4 13 1584
4 13 1585
4 13 1586
4 13 1587
4 13 1588
4 13 1589
4 13 1590
4 13 1591
4 13 1592
4 13 1593
4 13 1594
4 13 1595
4 13 1596
4 13 1597
4 13 1598
4 13 1599
4 13 1600
4 13 1601
4 13 1602
4 13 1603
4 13 1604
4 13 1605
4 13 1606
4 13 1607
4 13 1608
4 13 1609
4 13 1610
4 13 1611
4 13 1612
4 13 1613
4 13 1614
4 13 1615
4 13 1616
4 13 1617
4 13 1618
4 13 1619
4 13 1620
4 13 1621
4 13 1622
4 13 1623
4 13 1624
4 13 1625
4 13 1626
4 13 1627
4 13 1628
4 13 1629
4 13 1630
4 13 1631
4 13 1632
4 13 1633
4 13 1634
4 13 1635
4 13 1636
4 13 1637
4 13 1638
4 13 1639
4 13 1640
4 13 1641
4 13 1642
4 13 1643
4 13 1644
4 13 1645
4 13 1646
4 13 1647
4 13 1648
4 13 1649
4 13 1650
4 13 1651
4 13 1652
4 13 1653
4 13 1654
4 13 1655
4 13 1656
4 13 1657
4 13 1658
4 13 1659
4 13 1660
4 13 1661
4 13 1662
4 13 1663
4 13 1664
4 13 1665
4 13 1666
4 13 1667
4 13 1668
4 13 1669
4 13 1670
4 13 1671
4 13 1672
4 13 1673
4 13 1674
4 13 1675
4 13 1676
4 13 1677
4 13 1678
4 13 1679
4 13 1680
4 13 1681
4 13 1682
4 13 1683
4 13 1684
4 13 1685
4 13 1686
4 13 1687
4 13 1688
4 13 1689
4 13 1690
4 13 1691
4 13 1692
4 13 1693
4 13 1694
4 13 1695
4 13 1696
4 13 1697
4 13 1698
4 13 1699
4 13 1700
4 13 1701
4 13 1702
4 13 1703
4 13 1704
4 13 1705
4 13 1706
4 13 1707
4 13 1708
4 13 1709
4 13 1710
4 13 1711
4 13 1712
4 13 1713
4 13 1714
4 13 1715
4 13 1716
4 13 1717
4 13 1718
4 13 1719
4 13 1720
4 13 1721
4 13 1722
4 13 1723
4 13 1724
4 13 1725
4 13 1726
4 13 1727
4 13 1728
4 13 1729
4 13 1730
4 13 1731
4 13 1732
4 13 1733
4 13 1734
4 13 1735
4 13 1736
4 13 1737
4 13 1738
4 13 1739
4 13 1740
4 13 1741
4 13 1742
4 13 1743
4 13 1744
4 13 1745
4 13 1746
4 13 1747
4 13 1748
4 13 1749
4 13 1750
4 13 1751
4 13 1752
4 13 1753
4 13 1754
4 13 1755
4 13 1756
4 13 1757
4 13 1758
4 13 1759
4 13 1760
4 13 1761
4 13 1762
4 13 1763
4 13 1764
4 13 1765
4 13 1766
4 13 1767
4 13 1768
4 13 1769
4 13 1770
4 13 1771
4 13 1772
4 13 1773
4 13 1774
4 13 1775
4 13 1776
4 13 1777
4 13 1778
4 13 1779
4 13 1780
4 13 1781
4 13 1782
4 13 1783
4 13 1784
4 13 1785
4 13 1786
4 13 1787
4 13 1788
4 13 1789
4 13 1790
4 13 1791
4 13 1792
4 13 1793
4 13 1794
4 13 1795
4 13 1796
4 13 1797
4 13 1798
4 13 1799
4 13 1800
4 13 1801
4 13 1802
4 13 1803
4 13 1804
4 13 1805
4 13 1806
4 13 1807
4 13 1808
4 13 1809
4 13 1810
4 13 1811
4 13 1812
4 13 1813
4 13 1814
4 13 1815
4 13 1816
4 13 1817
4 13 1818
4 13 1819
4 13 1820
4 13 1821
4 13 1822
4 13 1823
4 13 1824
4 13 1825
4 13 1826
4 13 1827
4 13 1828
4 13 1829
4 13 1830
4 13 1831
4 13 1832
4 13 1833
4 13 1834
4 13 1835
4 13 1836
4 13 1837
4 13 1838
4 13 1839
4 13 1840
4 13 1841
4 13 1842
4 13 1843
4 13 1844
4 13 1845
4 13 1846
4 13 1847
4 13 1848
4 13 1849
4 13 1850
4 13 1851
4 13 1852
4 13 1853
4 13 1854
4 13 1855
4 13 1856
4 13 1857
4 13 1858
4 13 1859
4 13 1860
4 13 1861
4 13 1862
4 13 1863
4 13 1864
4 13 1865
4 13 1866
4 13 1867
4 13 1868
4 13 1869
4 13 1870
4 13 1871
4 13 1872
4 13 1873
4 13 1874
4 13 1875
4 13 1876
4 13 1877
4 13 1878
4 13 1879
4 13 1880
4 13 1881
4 13 1882
4 13 1883
4 13 1884
4 13 1885
4 13 1886
4 13 1887
4 13 1888
4 13 1889
4 13 1890
4 13 1891
4 13 1892
4 13 1893
4 13 1894
4 13 1895
4 13 1896
4 13 1897
4 13 1898
4 13 1899
4 13 1900
4 13 1901
4 13 1902
4 13 1903
4 13 1904
4 13 1905
4 13 1906
4 13 1907
4 13 1908
4 13 1909
4 13 1910
4 13 1911
4 13 1912
4 13 1913
4 13 1914
4 13 1915
4 13 1916
4 13 1917
4 13 1918
4 13 1919
4 13 1920
4 13 1921
4 13 1922
4 13 1923
4 13 1924
4 13 1925
4 13 1926
4 13 1927
4 13 1928
4 13 1929
4 13 1930
4 13 1931
4 13 1932
4 13 1933
4 13 1934
4 13 1935
4 13 1936
4 13 1937
4 13 1938
4 13 1939
4 13 1940
4 13 1941
4 13 1942
4 13 1943
4 13 1944
4 13 1945
4 13 1946
4 13 1947
4 13 1948
4 13 1949
4 13 1950
4 13 1951
4 13 1952
4 13 1953
4 13 1954
4 13 1955
4 13 1956
4 13 1957
4 13 1958
4 13 1959
4 13 1960
4 13 1961
4 13 1962
4 13 1963
4 13 1964
4 13 1965
4 13 1966
4 13 1967
4 13 1968
4 13 1969
4 13 1970
4 13 1971
4 13 1972
4 13 1973
4 13 1974
4 13 1975
4 13 1976
4 13 1977
4 13 1978
4 13 1979
4 13 1980
4 13 1981
4 13 1982
4 13 1983
4 13 1984
4 13 1985
4 13 1986
4 13 1987
4 13 1988
4 13 1989
4 13 1990
4 13 1991
4 13 1992
4 13 1993
4 13 1994
4 13 1995
4 13 1996
4 13 1997
4 13 1998
4 13 1999
4 13 2000
4 13 2001
4 13 2002
4 13 2003
4 13 2004
4 13 2005
4 13 2006
4 13 2007
4 13 2008
4 13 2009
4 13 2010
4 13 2011
4 13 2012
4 13 2013
4 13 2014
4 13 2015
4 13 2016
4 13 2017
4 13 2018
4 13 2019
4 13 2020
4 13 2021
4 13 2022
4 13 2023
4 13 2024
4 13 2025
4 13 2026
4 13 2027
4 13 2028
4 13 2029
4 13 2030
4 13 2031
4 13 2032
4 13 2033
4 13 2034
4 13 2035
4 13 2036
4 13 2037
4 13 2038
4 13 2039
4 13 2040
4 13 2041
4 13 2042
4 13 2043
4 13 2044
4 13 2045
4 13 2046
4 13 2047
4 13 2048
4 13 2049
4 13 2050
4 13 2051
4 13 2052
4 13 2053
4 13 2054
4 13 2055
4 13 2056
4 13 2057
4 13 2058
4 13 2059
4 13 2060
4 13 2061
4 13 2062
4 13 2063
4 13 2064
4 13 2065
4 13 2066
4 13 2067
4 13 2068
4 13 2069
4 13 2070
4 13 2071
4 13 2072
4 13 2073
4 13 2074
4 13 2075
4 13 2076
4 13 2077
4 13 2078
4 13 2079
4 13 2080
4 13 2081
4 13 2082
4 13 2083
4 13 2084
4 13 2085
4 13 2086
4 13 2087
4 13 2088
4 13 2089
4 13 2090
4 13 2091
4 13 2092
4 13 2093
4 13 2094
4 13 2095
4 13 2096
4 13 2097
4 13 2098
4 13 2099
4 13 2100
4 13 2101
4 13 2102
4 13 2103
4 13 2104
4 13 2105
4 13 2106
4 13 2107
4 13 2108
4 13 2109
4 13 2110
4 13 2111
4 13 2112
4 13 2113
4 13 2114
4 13 2115
4 13 2116
4 13 2117
4 13 2118
4 13 2119
4 13 2120
4 13 2121
4 13 2122
4 13 2123
4 13 2124
4 13 2125
4 13 2126
4 13 2127
4 13 2128
4 13 2129
4 13 2130
4 13 2131
4 13 2132
4 13 2133
4 13 2134
4 13 2135
4 13 2136
4 13 2137
4 13 2138
4 13 2139
4 13 2140
4 13 2141
4 13 2142
4 13 2143
4 13 2144
4 13 2145
4 13 2146
4 13 2147
4 13 2148
4 13 2149
4 13 2150
4 13 2151
4 13 2152
4 13 2153
4 13 2154
4 13 2155
4 13 2156
4 13 2157
4 13 2158
4 13 2159
4 13 2160
4 13 2161
4 13 2162
4 13 2163
4 13 2164
4 13 2165
4 13 2166
4 13 2167
4 13 2168
4 13 2169
4 13 2170
4 13 2171
4 13 2172
4 13 2173
4 13 2174
4 13 2175
4 13 2176
4 13 2177
4 13 2178
4 13 2179
4 13 2180
4 13 2181
4 13 2182
4 13 2183
4 13 2184
4 13 2185
4 13 2186
4 13 2187
4 13 2188
4 13 2189
4 13 2190
4 13 2191
4 13 2192
4 13 2193
4 13 2194
4 13 2195
4 13 2196
4 13 2197
4 13 2198
4 13 2199
4 13 2200
4 13 2201
4 13 2202
4 13 2203
4 13 2204
4 13 2205
4 13 2206
4 13 2207
4 13 2208
4 13 2209
4 13 2210
4 13 2211
4 13 2212
4 13 2213
4 13 2214
4 13 2215
4 13 2216
4 13 2217
4 13 2218
4 13 2219
4 13 2220
4 13 2221
4 13 2222
4 13 2223
4 13 2224
4 13 2225
4 13 2226
4 13 2227
4 13 2228
4 13 2229
4 13 2230
4 13 2231
4 13 2232
4 13 2233
4 13 2234
4 13 2235
4 13 2236
4 13 2237
4 13 2238
4 13 2239
4 13 2240
4 13 2241
4 13 2242
4 13 2243
4 13 2244
4 13 2245
4 13 2246
4 13 2247
4 13 2248
4 13 2249
4 13 2250
4 13 2251
4 13 2252
4 13 2253
4 13 2254
4 13 2255
4 13 2256
4 13 2257
4 13 2258
4 13 2259
4 13 2260
4 13 2261
4 13 2262
4 13 2263
4 13 2264
4 13 2265
4 13 2266
4 13 2267
4 13 2268
4 13 2269
4 13 2270
4 13 2271
4 13 2272
4 13 2273
4 13 2274
4 13 2275
4 13 2276
4 13 2277
4 13 2278
4 13 2279
4 13 2280
4 13 2281
4 13 2282
4 13 2283
4 13 2284
4 13 2285
4 13 2286
4 13 2287
4 13 2288
4 13 2289
4 13 2290
4 13 2291
4 13 2292
4 13 2293
4 13 2294
4 13 2295
4 13 2296
4 13 2297
4 13 2298
4 13 2299
4 13 2300
4 13 2301
4 13 2302
4 13 2303
4 13 2304
4 13 2305
4 13 2306
4 13 2307
4 13 2308
4 13 2309
4 13 2310
4 13 2311
4 13 2312
4 13 2313
4 13 2314
4 13 2315
4 13 2316
4 13 2317
4 13 2318
4 13 2319
4 13 2320
4 13 2321
4 13 2322
4 13 2323
4 13 2324
4 13 2325
4 13 2326
4 13 2327
4 13 2328
4 13 2329
4 13 2330
4 13 2331
4 13 2332
4 13 2333
4 13 2334
4 13 2335
4 13 2336
4 13 2337
4 13 2338
4 13 2339
4 13 2340
4 13 2341
4 13 2342
4 13 2343
4 13 2344
4 13 2345
4 13 2346
4 13 2347
4 13 2348
4 13 2349
4 13 2350
4 13 2351
4 13 2352
4 13 2353
4 13 2354
4 13 2355
4 13 2356
4 13 2357
4 13 2358
4 13 2359
4 13 2360
4 13 2361
4 13 2362
4 13 2363
4 13 2364
4 13 2365
4 13 2366
4 13 2367
4 13 2368
4 13 2369
4 13 2370
4 13 2371
4 13 2372
4 13 2373
4 13 2374
4 13 2375
4 13 2376
4 13 2377
4 13 2378
4 13 2379
4 13 2380
4 13 2381
4 13 2382
4 13 2383
4 13 2384
4 13 2385
4 13 2386
4 13 2387
4 13 2388
4 13 2389
4 13 2390
4 13 2391
4 13 2392
4 13 2393
4 13 2394
4 13 2395
4 13 2396
4 13 2397
4 13 2398
4 13 2399
4 13 2400
4 13 2401
4 13 2402
4 13 2403
4 13 2404
4 13 2405
4 13 2406
4 13 2407
4 13 2408
4 13 2409
4 13 2410
4 13 2411
4 13 2412
4 13 2413
4 13 2414
4 13 2415
4 13 2416
4 13 2417
4 13 2418
4 13 2419
4 13 2420
4 13 2421
4 13 2422
4 13 2423
4 13 2424
4 13 2425
4 13 2426
4 13 2427
4 13 2428
4 13 2429
4 13 2430
4 13 2431
4 13 2432
4 13 2433
4 13 2434
4 13 2435
4 13 2436
4 13 2437
4 13 2438
4 13 2439
4 13 2440
4 13 2441
4 13 2442
4 13 2443
4 13 2444
4 13 2445
4 13 2446
4 13 2447
4 13 2448
4 13 2449
4 13 2450
4 13 2451
4 13 2452
4 13 2453
4 13 2454
4 13 2455
4 13 2456
4 13 2457
