2 15 1
2 15 2
2 15 3
2 15 4
2 15 5
2 15 6
2 15 7
2 15 8
2 15 9
2 15 10
2 15 11
2 15 12
2 15 13
2 15 14
2 15 15
2 15 16
2 15 17
2 15 18
2 15 19
2 15 20
2 15 21
2 15 22
2 15 23
2 15 24
2 15 25
2 15 26
2 15 27
2 15 28
2 15 29
2 15 30
2 15 31
2 15 32
2 15 33
2 15 34
2 15 35
2 15 36
2 15 37
2 15 38
2 15 39
2 15 40
2 15 41
2 15 42
2 15 43
2 15 44
2 15 45
2 15 46
2 15 47
2 15 48
2 15 49
2 15 50
2 15 51
2 15 52
2 15 53
2 15 54
2 15 55
2 15 56
2 15 57
2 15 58
2 15 59
2 15 60
2 15 61
2 15 62
2 15 63
2 15 64
2 15 65
2 15 66
2 15 67
2 15 68
2 15 69
2 15 70
2 15 71
2 15 72
2 15 73
2 15 74
2 15 75
2 15 76
2 15 77
2 15 78
2 15 79
2 15 80
2 15 81
2 15 82
2 15 83
2 15 84
2 15 85
2 15 86
2 15 87
2 15 88
2 15 89
2 15 90
2 15 91
2 15 92
2 15 93
2 15 94
2 15 95
2 15 96
2 15 97
2 15 98
2 15 99
2 15 100
2 15 101
2 15 102
2 15 103
2 15 104
2 15 105
2 15 106
2 15 107
2 15 108
2 15 109
2 15 110
2 15 111
2 15 112
2 15 113
2 15 114
2 15 115
2 15 116
2 15 117
2 15 118
2 15 119
2 15 120
2 15 121
2 15 122
2 15 123
2 15 124
2 15 125
2 15 126
2 15 127
2 15 128
2 15 129
2 15 130
2 15 131
2 15 132
2 15 133
2 15 134
2 15 135
2 15 136
2 15 137
2 15 138
2 15 139
2 15 140
2 15 141
2 15 142
2 15 143
2 15 144
2 15 145
2 15 146
2 15 147
2 15 148
2 15 149
2 15 150
2 15 151
2 15 152
2 15 153
2 15 154
2 15 155
2 15 156
2 15 157
2 15 158
2 15 159
2 15 160
2 15 161
2 15 162
2 15 163
2 15 164
2 15 165
2 15 166
2 15 167
2 15 168
2 15 169
2 15 170
2 15 171
2 15 172
2 15 173
2 15 174
2 15 175
2 15 176
2 15 177
2 15 178
2 15 179
2 15 180
2 15 181
2 15 182
2 15 183
2 15 184
2 15 185
2 15 186
2 15 187
2 15 188
2 15 189
2 15 190
2 15 191
2 15 192
2 15 193
2 15 194
2 15 195
2 15 196
2 15 197
2 15 198
2 15 199
2 15 200
2 15 201
2 15 202
2 15 203
2 15 204
