3 14 1
3 14 2
3 14 3
3 14 4
3 14 5
3 14 6
3 14 7
3 14 8
3 14 9
3 14 10
3 14 11
3 14 12
3 14 13
3 14 14
3 14 15
3 14 16
3 14 17
3 14 18
3 14 19
3 14 20
3 14 21
3 14 22
3 14 23
3 14 24
3 14 25
3 14 26
3 14 27
3 14 28
3 14 29
3 14 30
3 14 31
3 14 32
3 14 33
3 14 34
3 14 35
3 14 36
3 14 37
3 14 38
3 14 39
3 14 40
3 14 41
3 14 42
3 14 43
3 14 44
3 14 45
3 14 46
3 14 47
3 14 48
3 14 49
3 14 50
3 14 51
3 14 52
3 14 53
3 14 54
3 14 55
3 14 56
3 14 57
3 14 58
3 14 59
3 14 60
3 14 61
3 14 62
3 14 63
3 14 64
3 14 65
3 14 66
3 14 67
3 14 68
3 14 69
3 14 70
3 14 71
3 14 72
3 14 73
3 14 74
3 14 75
3 14 76
3 14 77
3 14 78
3 14 79
3 14 80
3 14 81
3 14 82
3 14 83
3 14 84
3 14 85
3 14 86
3 14 87
3 14 88
3 14 89
3 14 90
3 14 91
3 14 92
3 14 93
3 14 94
3 14 95
3 14 96
3 14 97
3 14 98
3 14 99
3 14 100
3 14 101
3 14 102
3 14 103
3 14 104
3 14 105
3 14 106
3 14 107
3 14 108
3 14 109
3 14 110
3 14 111
3 14 112
3 14 113
3 14 114
3 14 115
3 14 116
3 14 117
3 14 118
3 14 119
3 14 120
3 14 121
3 14 122
3 14 123
3 14 124
3 14 125
3 14 126
3 14 127
3 14 128
3 14 129
3 14 130
3 14 131
3 14 132
3 14 133
3 14 134
3 14 135
3 14 136
3 14 137
3 14 138
3 14 139
3 14 140
3 14 141
3 14 142
3 14 143
3 14 144
3 14 145
3 14 146
3 14 147
3 14 148
3 14 149
3 14 150
3 14 151
3 14 152
3 14 153
3 14 154
3 14 155
3 14 156
3 14 157
3 14 158
3 14 159
3 14 160
3 14 161
3 14 162
3 14 163
3 14 164
3 14 165
3 14 166
3 14 167
3 14 168
3 14 169
3 14 170
3 14 171
3 14 172
3 14 173
3 14 174
3 14 175
3 14 176
3 14 177
3 14 178
3 14 179
3 14 180
3 14 181
3 14 182
3 14 183
3 14 184
3 14 185
3 14 186
3 14 187
3 14 188
3 14 189
3 14 190
3 14 191
3 14 192
3 14 193
3 14 194
3 14 195
3 14 196
3 14 197
3 14 198
3 14 199
3 14 200
3 14 201
3 14 202
3 14 203
3 14 204
