2 14 1
2 14 2
2 14 3
2 14 4
2 14 5
2 14 6
2 14 7
2 14 8
2 14 9
2 14 10
2 14 11
2 14 12
2 14 13
2 14 14
2 14 15
2 14 16
2 14 17
2 14 18
2 14 19
2 14 20
2 14 21
2 14 22
2 14 23
2 14 24
2 14 25
2 14 26
2 14 27
2 14 28
2 14 29
2 14 30
2 14 31
2 14 32
2 14 33
2 14 34
2 14 35
2 14 36
2 14 37
2 14 38
2 14 39
2 14 40
2 14 41
2 14 42
2 14 43
2 14 44
2 14 45
2 14 46
2 14 47
2 14 48
2 14 49
2 14 50
2 14 51
2 14 52
2 14 53
2 14 54
2 14 55
2 14 56
2 14 57
2 14 58
2 14 59
2 14 60
2 14 61
2 14 62
2 14 63
2 14 64
2 14 65
2 14 66
2 14 67
2 14 68
2 14 69
2 14 70
2 14 71
2 14 72
2 14 73
2 14 74
2 14 75
2 14 76
2 14 77
2 14 78
2 14 79
2 14 80
2 14 81
2 14 82
2 14 83
2 14 84
2 14 85
2 14 86
2 14 87
2 14 88
2 14 89
2 14 90
2 14 91
2 14 92
2 14 93
2 14 94
2 14 95
2 14 96
2 14 97
2 14 98
2 14 99
2 14 100
2 14 101
2 14 102
2 14 103
2 14 104
2 14 105
2 14 106
2 14 107
2 14 108
2 14 109
2 14 110
2 14 111
2 14 112
2 14 113
2 14 114
2 14 115
2 14 116
2 14 117
2 14 118
2 14 119
2 14 120
2 14 121
2 14 122
2 14 123
2 14 124
2 14 125
2 14 126
2 14 127
2 14 128
2 14 129
2 14 130
2 14 131
2 14 132
2 14 133
2 14 134
2 14 135
2 14 136
2 14 137
2 14 138
2 14 139
2 14 140
2 14 141
2 14 142
2 14 143
2 14 144
2 14 145
2 14 146
2 14 147
2 14 148
2 14 149
2 14 150
2 14 151
2 14 152
2 14 153
2 14 154
2 14 155
2 14 156
2 14 157
2 14 158
2 14 159
2 14 160
2 14 161
2 14 162
2 14 163
2 14 164
2 14 165
2 14 166
2 14 167
2 14 168
2 14 169
2 14 170
2 14 171
2 14 172
2 14 173
2 14 174
2 14 175
2 14 176
2 14 177
2 14 178
2 14 179
2 14 180
2 14 181
2 14 182
2 14 183
2 14 184
2 14 185
2 14 186
2 14 187
2 14 188
2 14 189
2 14 190
2 14 191
2 14 192
2 14 193
2 14 194
2 14 195
2 14 196
2 14 197
2 14 198
2 14 199
2 14 200
2 14 201
2 14 202
2 14 203
2 14 204
2 14 205
2 14 206
2 14 207
2 14 208
2 14 209
2 14 210
2 14 211
2 14 212
2 14 213
2 14 214
2 14 215
2 14 216
2 14 217
2 14 218
2 14 219
2 14 220
2 14 221
2 14 222
2 14 223
2 14 224
2 14 225
2 14 226
2 14 227
2 14 228
2 14 229
2 14 230
2 14 231
2 14 232
2 14 233
2 14 234
2 14 235
2 14 236
2 14 237
2 14 238
2 14 239
2 14 240
2 14 241
2 14 242
2 14 243
2 14 244
2 14 245
2 14 246
2 14 247
2 14 248
2 14 249
2 14 250
2 14 251
2 14 252
2 14 253
2 14 254
2 14 255
2 14 256
2 14 257
2 14 258
2 14 259
2 14 260
2 14 261
2 14 262
2 14 263
2 14 264
2 14 265
2 14 266
2 14 267
2 14 268
2 14 269
2 14 270
2 14 271
2 14 272
2 14 273
2 14 274
2 14 275
2 14 276
2 14 277
2 14 278
2 14 279
2 14 280
2 14 281
2 14 282
2 14 283
2 14 284
2 14 285
2 14 286
2 14 287
2 14 288
2 14 289
2 14 290
2 14 291
2 14 292
2 14 293
2 14 294
2 14 295
2 14 296
2 14 297
2 14 298
2 14 299
2 14 300
2 14 301
2 14 302
2 14 303
2 14 304
2 14 305
2 14 306
2 14 307
2 14 308
2 14 309
2 14 310
2 14 311
2 14 312
2 14 313
2 14 314
2 14 315
2 14 316
2 14 317
2 14 318
2 14 319
2 14 320
2 14 321
2 14 322
2 14 323
2 14 324
2 14 325
2 14 326
2 14 327
2 14 328
2 14 329
2 14 330
2 14 331
2 14 332
2 14 333
2 14 334
2 14 335
2 14 336
2 14 337
2 14 338
2 14 339
2 14 340
2 14 341
2 14 342
2 14 343
2 14 344
2 14 345
2 14 346
2 14 347
2 14 348
2 14 349
2 14 350
2 14 351
2 14 352
2 14 353
2 14 354
2 14 355
2 14 356
2 14 357
2 14 358
2 14 359
2 14 360
2 14 361
2 14 362
2 14 363
2 14 364
2 14 365
2 14 366
2 14 367
2 14 368
2 14 369
2 14 370
2 14 371
2 14 372
2 14 373
2 14 374
2 14 375
2 14 376
2 14 377
2 14 378
2 14 379
2 14 380
2 14 381
2 14 382
2 14 383
2 14 384
2 14 385
2 14 386
2 14 387
2 14 388
2 14 389
2 14 390
2 14 391
2 14 392
2 14 393
2 14 394
2 14 395
2 14 396
2 14 397
2 14 398
2 14 399
2 14 400
2 14 401
2 14 402
2 14 403
2 14 404
2 14 405
2 14 406
2 14 407
2 14 408
2 14 409
2 14 410
2 14 411
2 14 412
2 14 413
2 14 414
2 14 415
2 14 416
2 14 417
2 14 418
2 14 419
2 14 420
2 14 421
2 14 422
2 14 423
2 14 424
2 14 425
2 14 426
2 14 427
2 14 428
2 14 429
2 14 430
2 14 431
2 14 432
2 14 433
2 14 434
2 14 435
2 14 436
2 14 437
2 14 438
2 14 439
2 14 440
2 14 441
2 14 442
2 14 443
2 14 444
2 14 445
2 14 446
2 14 447
2 14 448
2 14 449
2 14 450
2 14 451
2 14 452
2 14 453
2 14 454
2 14 455
2 14 456
2 14 457
2 14 458
2 14 459
2 14 460
2 14 461
2 14 462
2 14 463
2 14 464
2 14 465
2 14 466
2 14 467
2 14 468
2 14 469
2 14 470
2 14 471
2 14 472
2 14 473
2 14 474
2 14 475
2 14 476
2 14 477
2 14 478
2 14 479
2 14 480
2 14 481
2 14 482
2 14 483
2 14 484
2 14 485
2 14 486
2 14 487
2 14 488
2 14 489
2 14 490
2 14 491
2 14 492
2 14 493
2 14 494
2 14 495
2 14 496
2 14 497
2 14 498
2 14 499
2 14 500
2 14 501
2 14 502
2 14 503
2 14 504
2 14 505
2 14 506
2 14 507
2 14 508
2 14 509
2 14 510
2 14 511
2 14 512
2 14 513
2 14 514
2 14 515
2 14 516
2 14 517
2 14 518
2 14 519
2 14 520
2 14 521
2 14 522
2 14 523
2 14 524
2 14 525
2 14 526
2 14 527
2 14 528
2 14 529
2 14 530
2 14 531
2 14 532
2 14 533
2 14 534
2 14 535
2 14 536
2 14 537
2 14 538
2 14 539
2 14 540
2 14 541
2 14 542
2 14 543
2 14 544
2 14 545
2 14 546
2 14 547
2 14 548
2 14 549
2 14 550
2 14 551
2 14 552
2 14 553
2 14 554
2 14 555
2 14 556
2 14 557
2 14 558
2 14 559
2 14 560
2 14 561
2 14 562
2 14 563
2 14 564
2 14 565
2 14 566
2 14 567
2 14 568
2 14 569
2 14 570
2 14 571
2 14 572
2 14 573
2 14 574
2 14 575
2 14 576
2 14 577
2 14 578
2 14 579
2 14 580
2 14 581
2 14 582
2 14 583
2 14 584
2 14 585
2 14 586
2 14 587
2 14 588
2 14 589
2 14 590
2 14 591
2 14 592
2 14 593
2 14 594
2 14 595
2 14 596
2 14 597
2 14 598
2 14 599
2 14 600
2 14 601
2 14 602
2 14 603
2 14 604
2 14 605
2 14 606
2 14 607
2 14 608
2 14 609
2 14 610
2 14 611
2 14 612
2 14 613
2 14 614
2 14 615
2 14 616
2 14 617
2 14 618
2 14 619
2 14 620
2 14 621
2 14 622
2 14 623
2 14 624
2 14 625
2 14 626
2 14 627
2 14 628
2 14 629
2 14 630
2 14 631
2 14 632
2 14 633
2 14 634
2 14 635
2 14 636
2 14 637
2 14 638
2 14 639
2 14 640
2 14 641
2 14 642
2 14 643
2 14 644
2 14 645
2 14 646
2 14 647
2 14 648
2 14 649
2 14 650
2 14 651
2 14 652
2 14 653
2 14 654
2 14 655
2 14 656
2 14 657
2 14 658
2 14 659
2 14 660
2 14 661
2 14 662
2 14 663
2 14 664
2 14 665
2 14 666
2 14 667
2 14 668
2 14 669
2 14 670
2 14 671
2 14 672
2 14 673
2 14 674
2 14 675
2 14 676
2 14 677
2 14 678
2 14 679
2 14 680
2 14 681
2 14 682
2 14 683
2 14 684
2 14 685
2 14 686
2 14 687
2 14 688
2 14 689
2 14 690
2 14 691
2 14 692
2 14 693
2 14 694
2 14 695
2 14 696
2 14 697
2 14 698
2 14 699
2 14 700
2 14 701
2 14 702
2 14 703
2 14 704
2 14 705
2 14 706
2 14 707
2 14 708
2 14 709
2 14 710
2 14 711
2 14 712
2 14 713
2 14 714
2 14 715
2 14 716
2 14 717
2 14 718
2 14 719
2 14 720
2 14 721
2 14 722
2 14 723
2 14 724
2 14 725
2 14 726
2 14 727
2 14 728
2 14 729
2 14 730
2 14 731
2 14 732
2 14 733
2 14 734
2 14 735
2 14 736
2 14 737
2 14 738
2 14 739
2 14 740
2 14 741
2 14 742
2 14 743
2 14 744
2 14 745
2 14 746
2 14 747
2 14 748
2 14 749
2 14 750
2 14 751
2 14 752
2 14 753
2 14 754
2 14 755
2 14 756
2 14 757
2 14 758
2 14 759
2 14 760
2 14 761
2 14 762
2 14 763
2 14 764
2 14 765
2 14 766
2 14 767
2 14 768
2 14 769
2 14 770
2 14 771
2 14 772
2 14 773
2 14 774
2 14 775
2 14 776
2 14 777
2 14 778
2 14 779
2 14 780
2 14 781
2 14 782
2 14 783
2 14 784
2 14 785
2 14 786
2 14 787
2 14 788
2 14 789
2 14 790
2 14 791
2 14 792
2 14 793
2 14 794
2 14 795
2 14 796
2 14 797
2 14 798
2 14 799
2 14 800
2 14 801
2 14 802
2 14 803
2 14 804
2 14 805
2 14 806
2 14 807
2 14 808
2 14 809
2 14 810
2 14 811
2 14 812
2 14 813
2 14 814
2 14 815
2 14 816
2 14 817
2 14 818
2 14 819
2 14 820
2 14 821
2 14 822
2 14 823
2 14 824
2 14 825
2 14 826
2 14 827
2 14 828
2 14 829
2 14 830
2 14 831
2 14 832
2 14 833
2 14 834
2 14 835
2 14 836
2 14 837
2 14 838
2 14 839
2 14 840
2 14 841
2 14 842
2 14 843
2 14 844
2 14 845
2 14 846
2 14 847
2 14 848
2 14 849
2 14 850
2 14 851
2 14 852
2 14 853
2 14 854
2 14 855
2 14 856
2 14 857
2 14 858
2 14 859
2 14 860
2 14 861
2 14 862
2 14 863
2 14 864
2 14 865
2 14 866
2 14 867
2 14 868
2 14 869
2 14 870
2 14 871
2 14 872
2 14 873
2 14 874
2 14 875
2 14 876
2 14 877
2 14 878
2 14 879
2 14 880
2 14 881
2 14 882
2 14 883
2 14 884
2 14 885
2 14 886
2 14 887
2 14 888
2 14 889
2 14 890
2 14 891
2 14 892
2 14 893
2 14 894
2 14 895
2 14 896
2 14 897
2 14 898
2 14 899
2 14 900
2 14 901
2 14 902
2 14 903
2 14 904
2 14 905
2 14 906
2 14 907
2 14 908
2 14 909
2 14 910
2 14 911
2 14 912
2 14 913
2 14 914
2 14 915
2 14 916
2 14 917
2 14 918
2 14 919
2 14 920
2 14 921
2 14 922
2 14 923
2 14 924
2 14 925
2 14 926
2 14 927
2 14 928
2 14 929
2 14 930
2 14 931
2 14 932
2 14 933
2 14 934
2 14 935
2 14 936
2 14 937
2 14 938
2 14 939
2 14 940
2 14 941
2 14 942
2 14 943
2 14 944
2 14 945
2 14 946
2 14 947
2 14 948
2 14 949
2 14 950
2 14 951
2 14 952
2 14 953
2 14 954
2 14 955
2 14 956
2 14 957
2 14 958
2 14 959
2 14 960
2 14 961
2 14 962
2 14 963
2 14 964
2 14 965
2 14 966
2 14 967
2 14 968
2 14 969
2 14 970
2 14 971
2 14 972
2 14 973
2 14 974
2 14 975
2 14 976
2 14 977
2 14 978
2 14 979
2 14 980
2 14 981
2 14 982
2 14 983
2 14 984
2 14 985
2 14 986
2 14 987
2 14 988
2 14 989
2 14 990
2 14 991
2 14 992
2 14 993
2 14 994
2 14 995
2 14 996
2 14 997
2 14 998
2 14 999
2 14 1000
2 14 1001
2 14 1002
2 14 1003
2 14 1004
2 14 1005
2 14 1006
2 14 1007
2 14 1008
2 14 1009
2 14 1010
2 14 1011
2 14 1012
2 14 1013
2 14 1014
2 14 1015
2 14 1016
2 14 1017
2 14 1018
2 14 1019
2 14 1020
2 14 1021
2 14 1022
2 14 1023
2 14 1024
2 14 1025
2 14 1026
2 14 1027
2 14 1028
2 14 1029
2 14 1030
2 14 1031
2 14 1032
2 14 1033
2 14 1034
2 14 1035
2 14 1036
2 14 1037
2 14 1038
2 14 1039
2 14 1040
2 14 1041
2 14 1042
2 14 1043
2 14 1044
2 14 1045
2 14 1046
2 14 1047
2 14 1048
2 14 1049
2 14 1050
2 14 1051
2 14 1052
2 14 1053
2 14 1054
2 14 1055
2 14 1056
2 14 1057
2 14 1058
2 14 1059
2 14 1060
2 14 1061
2 14 1062
2 14 1063
2 14 1064
2 14 1065
2 14 1066
2 14 1067
2 14 1068
2 14 1069
2 14 1070
2 14 1071
2 14 1072
2 14 1073
2 14 1074
2 14 1075
2 14 1076
2 14 1077
2 14 1078
2 14 1079
2 14 1080
2 14 1081
2 14 1082
2 14 1083
2 14 1084
2 14 1085
2 14 1086
2 14 1087
2 14 1088
2 14 1089
2 14 1090
2 14 1091
2 14 1092
2 14 1093
2 14 1094
2 14 1095
2 14 1096
2 14 1097
2 14 1098
2 14 1099
2 14 1100
2 14 1101
2 14 1102
2 14 1103
2 14 1104
2 14 1105
2 14 1106
2 14 1107
2 14 1108
2 14 1109
2 14 1110
2 14 1111
2 14 1112
2 14 1113
2 14 1114
2 14 1115
2 14 1116
2 14 1117
2 14 1118
2 14 1119
2 14 1120
2 14 1121
2 14 1122
2 14 1123
2 14 1124
2 14 1125
2 14 1126
2 14 1127
2 14 1128
2 14 1129
2 14 1130
2 14 1131
2 14 1132
2 14 1133
2 14 1134
2 14 1135
2 14 1136
2 14 1137
2 14 1138
2 14 1139
2 14 1140
2 14 1141
2 14 1142
2 14 1143
2 14 1144
2 14 1145
2 14 1146
2 14 1147
2 14 1148
2 14 1149
2 14 1150
2 14 1151
2 14 1152
2 14 1153
2 14 1154
2 14 1155
2 14 1156
2 14 1157
2 14 1158
2 14 1159
2 14 1160
2 14 1161
2 14 1162
2 14 1163
2 14 1164
2 14 1165
2 14 1166
2 14 1167
2 14 1168
2 14 1169
2 14 1170
2 14 1171
2 14 1172
2 14 1173
2 14 1174
2 14 1175
2 14 1176
2 14 1177
2 14 1178
2 14 1179
2 14 1180
2 14 1181
2 14 1182
2 14 1183
2 14 1184
2 14 1185
2 14 1186
2 14 1187
2 14 1188
2 14 1189
2 14 1190
2 14 1191
2 14 1192
2 14 1193
2 14 1194
2 14 1195
2 14 1196
2 14 1197
2 14 1198
2 14 1199
2 14 1200
2 14 1201
2 14 1202
2 14 1203
2 14 1204
2 14 1205
2 14 1206
2 14 1207
2 14 1208
2 14 1209
2 14 1210
2 14 1211
2 14 1212
2 14 1213
2 14 1214
2 14 1215
2 14 1216
2 14 1217
2 14 1218
2 14 1219
2 14 1220
2 14 1221
2 14 1222
2 14 1223
2 14 1224
2 14 1225
2 14 1226
2 14 1227
2 14 1228
2 14 1229
2 14 1230
2 14 1231
2 14 1232
2 14 1233
2 14 1234
2 14 1235
2 14 1236
2 14 1237
2 14 1238
2 14 1239
2 14 1240
2 14 1241
2 14 1242
2 14 1243
2 14 1244
2 14 1245
2 14 1246
2 14 1247
2 14 1248
2 14 1249
2 14 1250
2 14 1251
2 14 1252
2 14 1253
2 14 1254
2 14 1255
2 14 1256
2 14 1257
2 14 1258
2 14 1259
2 14 1260
2 14 1261
2 14 1262
2 14 1263
2 14 1264
2 14 1265
2 14 1266
2 14 1267
2 14 1268
2 14 1269
2 14 1270
2 14 1271
2 14 1272
2 14 1273
2 14 1274
2 14 1275
2 14 1276
2 14 1277
2 14 1278
2 14 1279
2 14 1280
2 14 1281
2 14 1282
2 14 1283
2 14 1284
2 14 1285
2 14 1286
2 14 1287
2 14 1288
2 14 1289
2 14 1290
2 14 1291
2 14 1292
2 14 1293
2 14 1294
2 14 1295
2 14 1296
2 14 1297
2 14 1298
2 14 1299
2 14 1300
2 14 1301
2 14 1302
2 14 1303
2 14 1304
2 14 1305
2 14 1306
2 14 1307
2 14 1308
2 14 1309
2 14 1310
2 14 1311
2 14 1312
2 14 1313
2 14 1314
2 14 1315
2 14 1316
2 14 1317
2 14 1318
2 14 1319
2 14 1320
2 14 1321
2 14 1322
2 14 1323
2 14 1324
2 14 1325
2 14 1326
2 14 1327
2 14 1328
2 14 1329
2 14 1330
2 14 1331
2 14 1332
2 14 1333
2 14 1334
2 14 1335
2 14 1336
2 14 1337
2 14 1338
2 14 1339
2 14 1340
2 14 1341
2 14 1342
2 14 1343
2 14 1344
2 14 1345
2 14 1346
2 14 1347
2 14 1348
2 14 1349
2 14 1350
2 14 1351
2 14 1352
2 14 1353
2 14 1354
2 14 1355
2 14 1356
2 14 1357
2 14 1358
2 14 1359
2 14 1360
2 14 1361
2 14 1362
2 14 1363
2 14 1364
2 14 1365
2 14 1366
2 14 1367
2 14 1368
2 14 1369
2 14 1370
2 14 1371
2 14 1372
2 14 1373
2 14 1374
2 14 1375
2 14 1376
2 14 1377
2 14 1378
2 14 1379
2 14 1380
2 14 1381
2 14 1382
2 14 1383
2 14 1384
2 14 1385
2 14 1386
2 14 1387
2 14 1388
2 14 1389
2 14 1390
2 14 1391
2 14 1392
2 14 1393
2 14 1394
2 14 1395
2 14 1396
2 14 1397
2 14 1398
2 14 1399
2 14 1400
2 14 1401
2 14 1402
2 14 1403
2 14 1404
2 14 1405
2 14 1406
2 14 1407
2 14 1408
2 14 1409
2 14 1410
2 14 1411
2 14 1412
2 14 1413
2 14 1414
2 14 1415
2 14 1416
2 14 1417
2 14 1418
2 14 1419
2 14 1420
2 14 1421
2 14 1422
2 14 1423
2 14 1424
2 14 1425
2 14 1426
2 14 1427
2 14 1428
2 14 1429
2 14 1430
2 14 1431
2 14 1432
2 14 1433
2 14 1434
2 14 1435
2 14 1436
2 14 1437
2 14 1438
2 14 1439
2 14 1440
2 14 1441
2 14 1442
2 14 1443
2 14 1444
2 14 1445
2 14 1446
2 14 1447
2 14 1448
2 14 1449
2 14 1450
2 14 1451
2 14 1452
2 14 1453
2 14 1454
2 14 1455
2 14 1456
2 14 1457
2 14 1458
2 14 1459
2 14 1460
2 14 1461
2 14 1462
2 14 1463
2 14 1464
2 14 1465
2 14 1466
2 14 1467
2 14 1468
2 14 1469
2 14 1470
2 14 1471
2 14 1472
2 14 1473
2 14 1474
2 14 1475
2 14 1476
2 14 1477
2 14 1478
2 14 1479
2 14 1480
2 14 1481
2 14 1482
2 14 1483
2 14 1484
2 14 1485
2 14 1486
2 14 1487
2 14 1488
2 14 1489
2 14 1490
2 14 1491
2 14 1492
2 14 1493
2 14 1494
2 14 1495
2 14 1496
2 14 1497
2 14 1498
2 14 1499
2 14 1500
2 14 1501
2 14 1502
2 14 1503
2 14 1504
2 14 1505
2 14 1506
2 14 1507
2 14 1508
2 14 1509
2 14 1510
2 14 1511
2 14 1512
2 14 1513
2 14 1514
2 14 1515
2 14 1516
2 14 1517
2 14 1518
2 14 1519
2 14 1520
2 14 1521
2 14 1522
2 14 1523
2 14 1524
2 14 1525
2 14 1526
2 14 1527
2 14 1528
2 14 1529
2 14 1530
2 14 1531
2 14 1532
2 14 1533
2 14 1534
2 14 1535
2 14 1536
2 14 1537
2 14 1538
2 14 1539
2 14 1540
2 14 1541
2 14 1542
2 14 1543
2 14 1544
2 14 1545
2 14 1546
2 14 1547
2 14 1548
2 14 1549
2 14 1550
2 14 1551
2 14 1552
2 14 1553
2 14 1554
2 14 1555
2 14 1556
2 14 1557
2 14 1558
2 14 1559
2 14 1560
2 14 1561
2 14 1562
2 14 1563
2 14 1564
2 14 1565
2 14 1566
2 14 1567
2 14 1568
2 14 1569
2 14 1570
2 14 1571
2 14 1572
2 14 1573
2 14 1574
2 14 1575
2 14 1576
2 14 1577
2 14 1578
2 14 1579
2 14 1580
2 14 1581
2 14 1582
2 14 1583
2 14 1584
2 14 1585
2 14 1586
2 14 1587
2 14 1588
2 14 1589
2 14 1590
2 14 1591
2 14 1592
2 14 1593
2 14 1594
2 14 1595
2 14 1596
2 14 1597
2 14 1598
2 14 1599
2 14 1600
2 14 1601
2 14 1602
2 14 1603
2 14 1604
2 14 1605
2 14 1606
2 14 1607
2 14 1608
2 14 1609
2 14 1610
2 14 1611
2 14 1612
2 14 1613
2 14 1614
2 14 1615
2 14 1616
2 14 1617
2 14 1618
2 14 1619
2 14 1620
2 14 1621
2 14 1622
2 14 1623
2 14 1624
2 14 1625
2 14 1626
2 14 1627
2 14 1628
2 14 1629
2 14 1630
2 14 1631
2 14 1632
2 14 1633
2 14 1634
2 14 1635
2 14 1636
2 14 1637
2 14 1638
2 14 1639
2 14 1640
2 14 1641
2 14 1642
2 14 1643
2 14 1644
2 14 1645
2 14 1646
2 14 1647
2 14 1648
2 14 1649
2 14 1650
2 14 1651
2 14 1652
2 14 1653
2 14 1654
2 14 1655
2 14 1656
2 14 1657
2 14 1658
2 14 1659
2 14 1660
2 14 1661
2 14 1662
2 14 1663
2 14 1664
2 14 1665
2 14 1666
2 14 1667
2 14 1668
2 14 1669
2 14 1670
2 14 1671
2 14 1672
2 14 1673
2 14 1674
2 14 1675
2 14 1676
2 14 1677
2 14 1678
2 14 1679
2 14 1680
2 14 1681
2 14 1682
2 14 1683
2 14 1684
2 14 1685
2 14 1686
2 14 1687
2 14 1688
2 14 1689
2 14 1690
2 14 1691
2 14 1692
2 14 1693
2 14 1694
2 14 1695
2 14 1696
2 14 1697
2 14 1698
2 14 1699
2 14 1700
2 14 1701
2 14 1702
2 14 1703
2 14 1704
2 14 1705
2 14 1706
2 14 1707
2 14 1708
2 14 1709
2 14 1710
2 14 1711
2 14 1712
2 14 1713
2 14 1714
2 14 1715
2 14 1716
2 14 1717
2 14 1718
2 14 1719
2 14 1720
2 14 1721
2 14 1722
2 14 1723
2 14 1724
2 14 1725
2 14 1726
2 14 1727
2 14 1728
2 14 1729
2 14 1730
2 14 1731
2 14 1732
2 14 1733
2 14 1734
2 14 1735
2 14 1736
2 14 1737
2 14 1738
2 14 1739
2 14 1740
2 14 1741
2 14 1742
2 14 1743
2 14 1744
2 14 1745
2 14 1746
2 14 1747
2 14 1748
2 14 1749
2 14 1750
2 14 1751
2 14 1752
2 14 1753
2 14 1754
2 14 1755
2 14 1756
2 14 1757
2 14 1758
2 14 1759
2 14 1760
2 14 1761
2 14 1762
2 14 1763
2 14 1764
2 14 1765
2 14 1766
2 14 1767
2 14 1768
2 14 1769
2 14 1770
2 14 1771
2 14 1772
2 14 1773
2 14 1774
2 14 1775
2 14 1776
2 14 1777
2 14 1778
2 14 1779
2 14 1780
2 14 1781
2 14 1782
2 14 1783
2 14 1784
2 14 1785
2 14 1786
2 14 1787
2 14 1788
2 14 1789
2 14 1790
2 14 1791
2 14 1792
2 14 1793
2 14 1794
2 14 1795
2 14 1796
2 14 1797
2 14 1798
2 14 1799
2 14 1800
2 14 1801
2 14 1802
2 14 1803
2 14 1804
2 14 1805
2 14 1806
2 14 1807
2 14 1808
2 14 1809
2 14 1810
2 14 1811
2 14 1812
2 14 1813
2 14 1814
2 14 1815
2 14 1816
2 14 1817
2 14 1818
2 14 1819
2 14 1820
2 14 1821
2 14 1822
2 14 1823
2 14 1824
2 14 1825
2 14 1826
2 14 1827
2 14 1828
2 14 1829
2 14 1830
2 14 1831
2 14 1832
2 14 1833
2 14 1834
2 14 1835
2 14 1836
2 14 1837
2 14 1838
2 14 1839
2 14 1840
2 14 1841
2 14 1842
2 14 1843
2 14 1844
2 14 1845
2 14 1846
2 14 1847
2 14 1848
2 14 1849
2 14 1850
2 14 1851
2 14 1852
2 14 1853
2 14 1854
2 14 1855
2 14 1856
2 14 1857
2 14 1858
2 14 1859
2 14 1860
2 14 1861
2 14 1862
2 14 1863
2 14 1864
2 14 1865
2 14 1866
2 14 1867
2 14 1868
2 14 1869
2 14 1870
2 14 1871
2 14 1872
2 14 1873
2 14 1874
2 14 1875
2 14 1876
2 14 1877
2 14 1878
2 14 1879
2 14 1880
2 14 1881
2 14 1882
2 14 1883
2 14 1884
2 14 1885
2 14 1886
2 14 1887
2 14 1888
2 14 1889
2 14 1890
2 14 1891
2 14 1892
2 14 1893
2 14 1894
2 14 1895
2 14 1896
2 14 1897
2 14 1898
2 14 1899
2 14 1900
2 14 1901
2 14 1902
2 14 1903
2 14 1904
2 14 1905
2 14 1906
2 14 1907
2 14 1908
2 14 1909
2 14 1910
2 14 1911
2 14 1912
2 14 1913
2 14 1914
2 14 1915
2 14 1916
2 14 1917
2 14 1918
2 14 1919
2 14 1920
2 14 1921
2 14 1922
2 14 1923
2 14 1924
2 14 1925
2 14 1926
2 14 1927
2 14 1928
2 14 1929
2 14 1930
2 14 1931
2 14 1932
2 14 1933
2 14 1934
2 14 1935
2 14 1936
2 14 1937
2 14 1938
2 14 1939
2 14 1940
2 14 1941
2 14 1942
2 14 1943
2 14 1944
2 14 1945
2 14 1946
2 14 1947
2 14 1948
2 14 1949
2 14 1950
2 14 1951
2 14 1952
2 14 1953
2 14 1954
2 14 1955
2 14 1956
2 14 1957
2 14 1958
2 14 1959
2 14 1960
2 14 1961
2 14 1962
2 14 1963
2 14 1964
2 14 1965
2 14 1966
2 14 1967
2 14 1968
2 14 1969
2 14 1970
2 14 1971
2 14 1972
2 14 1973
2 14 1974
2 14 1975
2 14 1976
2 14 1977
2 14 1978
2 14 1979
2 14 1980
2 14 1981
2 14 1982
2 14 1983
2 14 1984
2 14 1985
2 14 1986
2 14 1987
2 14 1988
2 14 1989
2 14 1990
2 14 1991
2 14 1992
2 14 1993
2 14 1994
2 14 1995
2 14 1996
2 14 1997
2 14 1998
2 14 1999
2 14 2000
2 14 2001
2 14 2002
2 14 2003
2 14 2004
2 14 2005
2 14 2006
2 14 2007
2 14 2008
2 14 2009
2 14 2010
2 14 2011
2 14 2012
2 14 2013
2 14 2014
2 14 2015
2 14 2016
2 14 2017
2 14 2018
2 14 2019
2 14 2020
2 14 2021
2 14 2022
2 14 2023
2 14 2024
2 14 2025
2 14 2026
2 14 2027
2 14 2028
2 14 2029
2 14 2030
2 14 2031
2 14 2032
2 14 2033
2 14 2034
2 14 2035
2 14 2036
2 14 2037
2 14 2038
2 14 2039
2 14 2040
2 14 2041
2 14 2042
2 14 2043
2 14 2044
2 14 2045
2 14 2046
2 14 2047
2 14 2048
2 14 2049
2 14 2050
2 14 2051
2 14 2052
2 14 2053
2 14 2054
2 14 2055
2 14 2056
2 14 2057
2 14 2058
2 14 2059
2 14 2060
2 14 2061
2 14 2062
2 14 2063
2 14 2064
2 14 2065
2 14 2066
2 14 2067
2 14 2068
2 14 2069
2 14 2070
2 14 2071
2 14 2072
2 14 2073
2 14 2074
2 14 2075
2 14 2076
2 14 2077
2 14 2078
2 14 2079
2 14 2080
2 14 2081
2 14 2082
2 14 2083
2 14 2084
2 14 2085
2 14 2086
2 14 2087
2 14 2088
2 14 2089
2 14 2090
2 14 2091
2 14 2092
2 14 2093
2 14 2094
2 14 2095
2 14 2096
2 14 2097
2 14 2098
2 14 2099
2 14 2100
2 14 2101
2 14 2102
2 14 2103
2 14 2104
2 14 2105
2 14 2106
2 14 2107
2 14 2108
2 14 2109
2 14 2110
2 14 2111
2 14 2112
2 14 2113
2 14 2114
2 14 2115
2 14 2116
2 14 2117
2 14 2118
2 14 2119
2 14 2120
2 14 2121
2 14 2122
2 14 2123
2 14 2124
2 14 2125
2 14 2126
2 14 2127
2 14 2128
2 14 2129
2 14 2130
2 14 2131
2 14 2132
2 14 2133
2 14 2134
2 14 2135
2 14 2136
2 14 2137
2 14 2138
2 14 2139
2 14 2140
2 14 2141
2 14 2142
2 14 2143
2 14 2144
2 14 2145
2 14 2146
2 14 2147
2 14 2148
2 14 2149
2 14 2150
2 14 2151
2 14 2152
2 14 2153
2 14 2154
2 14 2155
2 14 2156
2 14 2157
2 14 2158
2 14 2159
2 14 2160
2 14 2161
2 14 2162
2 14 2163
2 14 2164
2 14 2165
2 14 2166
2 14 2167
2 14 2168
2 14 2169
2 14 2170
2 14 2171
2 14 2172
2 14 2173
2 14 2174
2 14 2175
2 14 2176
2 14 2177
2 14 2178
2 14 2179
2 14 2180
2 14 2181
2 14 2182
2 14 2183
2 14 2184
2 14 2185
2 14 2186
2 14 2187
2 14 2188
2 14 2189
2 14 2190
2 14 2191
2 14 2192
2 14 2193
2 14 2194
2 14 2195
2 14 2196
2 14 2197
2 14 2198
2 14 2199
2 14 2200
2 14 2201
2 14 2202
2 14 2203
2 14 2204
2 14 2205
2 14 2206
2 14 2207
2 14 2208
2 14 2209
2 14 2210
2 14 2211
2 14 2212
2 14 2213
2 14 2214
2 14 2215
2 14 2216
2 14 2217
2 14 2218
2 14 2219
2 14 2220
2 14 2221
2 14 2222
2 14 2223
2 14 2224
2 14 2225
2 14 2226
2 14 2227
2 14 2228
2 14 2229
2 14 2230
2 14 2231
2 14 2232
2 14 2233
2 14 2234
2 14 2235
2 14 2236
2 14 2237
2 14 2238
2 14 2239
2 14 2240
2 14 2241
2 14 2242
2 14 2243
2 14 2244
2 14 2245
2 14 2246
2 14 2247
2 14 2248
2 14 2249
2 14 2250
2 14 2251
2 14 2252
2 14 2253
2 14 2254
2 14 2255
2 14 2256
2 14 2257
2 14 2258
2 14 2259
2 14 2260
2 14 2261
2 14 2262
2 14 2263
2 14 2264
2 14 2265
2 14 2266
2 14 2267
2 14 2268
2 14 2269
2 14 2270
2 14 2271
2 14 2272
2 14 2273
2 14 2274
2 14 2275
2 14 2276
2 14 2277
2 14 2278
2 14 2279
2 14 2280
2 14 2281
2 14 2282
2 14 2283
2 14 2284
2 14 2285
2 14 2286
2 14 2287
2 14 2288
2 14 2289
2 14 2290
2 14 2291
2 14 2292
2 14 2293
2 14 2294
2 14 2295
2 14 2296
2 14 2297
2 14 2298
2 14 2299
2 14 2300
2 14 2301
2 14 2302
2 14 2303
2 14 2304
2 14 2305
2 14 2306
2 14 2307
2 14 2308
2 14 2309
2 14 2310
2 14 2311
2 14 2312
2 14 2313
2 14 2314
2 14 2315
2 14 2316
2 14 2317
2 14 2318
2 14 2319
2 14 2320
2 14 2321
2 14 2322
2 14 2323
2 14 2324
2 14 2325
2 14 2326
2 14 2327
2 14 2328
2 14 2329
2 14 2330
2 14 2331
2 14 2332
2 14 2333
2 14 2334
2 14 2335
2 14 2336
2 14 2337
2 14 2338
2 14 2339
2 14 2340
2 14 2341
2 14 2342
2 14 2343
2 14 2344
2 14 2345
2 14 2346
2 14 2347
2 14 2348
2 14 2349
2 14 2350
2 14 2351
2 14 2352
2 14 2353
2 14 2354
2 14 2355
2 14 2356
2 14 2357
2 14 2358
2 14 2359
2 14 2360
2 14 2361
2 14 2362
2 14 2363
2 14 2364
2 14 2365
2 14 2366
2 14 2367
2 14 2368
2 14 2369
2 14 2370
2 14 2371
2 14 2372
2 14 2373
2 14 2374
2 14 2375
2 14 2376
2 14 2377
2 14 2378
2 14 2379
2 14 2380
2 14 2381
2 14 2382
2 14 2383
2 14 2384
2 14 2385
2 14 2386
2 14 2387
2 14 2388
2 14 2389
2 14 2390
2 14 2391
2 14 2392
2 14 2393
2 14 2394
2 14 2395
2 14 2396
2 14 2397
2 14 2398
2 14 2399
2 14 2400
2 14 2401
2 14 2402
2 14 2403
2 14 2404
2 14 2405
2 14 2406
2 14 2407
2 14 2408
2 14 2409
2 14 2410
2 14 2411
2 14 2412
2 14 2413
2 14 2414
2 14 2415
2 14 2416
2 14 2417
2 14 2418
2 14 2419
2 14 2420
2 14 2421
2 14 2422
2 14 2423
2 14 2424
2 14 2425
2 14 2426
2 14 2427
2 14 2428
2 14 2429
2 14 2430
2 14 2431
2 14 2432
2 14 2433
2 14 2434
2 14 2435
2 14 2436
2 14 2437
2 14 2438
2 14 2439
2 14 2440
2 14 2441
2 14 2442
2 14 2443
2 14 2444
2 14 2445
2 14 2446
2 14 2447
2 14 2448
2 14 2449
2 14 2450
2 14 2451
2 14 2452
2 14 2453
2 14 2454
2 14 2455
2 14 2456
2 14 2457
