2 14 1
2 14 2
2 14 3
2 14 4
2 14 5
2 14 6
2 14 7
2 14 8
2 14 9
2 14 10
2 14 11
2 14 12
2 14 13
2 14 14
2 14 15
2 14 16
2 14 17
2 14 18
2 14 19
2 14 20
2 14 21
2 14 22
2 14 23
2 14 24
2 14 25
2 14 26
2 14 27
2 14 28
2 14 29
2 14 30
2 14 31
2 14 32
2 14 33
2 14 34
2 14 35
2 14 36
2 14 37
2 14 38
2 14 39
2 14 40
2 14 41
2 14 42
2 14 43
2 14 44
2 14 45
2 14 46
2 14 47
2 14 48
2 14 49
2 14 50
2 14 51
2 14 52
2 14 53
2 14 54
2 14 55
2 14 56
2 14 57
2 14 58
2 14 59
2 14 60
2 14 61
2 14 62
2 14 63
2 14 64
2 14 65
2 14 66
2 14 67
2 14 68
2 14 69
2 14 70
2 14 71
2 14 72
2 14 73
2 14 74
2 14 75
2 14 76
2 14 77
2 14 78
2 14 79
2 14 80
2 14 81
2 14 82
2 14 83
2 14 84
2 14 85
2 14 86
2 14 87
2 14 88
2 14 89
2 14 90
2 14 91
2 14 92
2 14 93
2 14 94
2 14 95
2 14 96
2 14 97
2 14 98
2 14 99
2 14 100
2 14 101
2 14 102
2 14 103
2 14 104
2 14 105
2 14 106
2 14 107
2 14 108
2 14 109
2 14 110
2 14 111
2 14 112
2 14 113
2 14 114
2 14 115
2 14 116
2 14 117
2 14 118
2 14 119
2 14 120
2 14 121
2 14 122
2 14 123
2 14 124
2 14 125
2 14 126
2 14 127
2 14 128
2 14 129
2 14 130
2 14 131
2 14 132
2 14 133
2 14 134
2 14 135
2 14 136
2 14 137
2 14 138
2 14 139
2 14 140
2 14 141
2 14 142
2 14 143
2 14 144
2 14 145
2 14 146
2 14 147
2 14 148
2 14 149
2 14 150
2 14 151
2 14 152
2 14 153
2 14 154
2 14 155
2 14 156
2 14 157
2 14 158
2 14 159
2 14 160
2 14 161
2 14 162
2 14 163
2 14 164
2 14 165
2 14 166
2 14 167
2 14 168
2 14 169
2 14 170
2 14 171
2 14 172
2 14 173
2 14 174
2 14 175
2 14 176
2 14 177
2 14 178
2 14 179
2 14 180
2 14 181
2 14 182
2 14 183
2 14 184
2 14 185
2 14 186
2 14 187
2 14 188
2 14 189
2 14 190
2 14 191
2 14 192
2 14 193
2 14 194
2 14 195
2 14 196
2 14 197
2 14 198
2 14 199
2 14 200
2 14 201
2 14 202
2 14 203
2 14 204
