20 29 1
20 30 2
20 31 3
20 29 4
20 30 5
20 31 6
20 29 7
20 30 8
20 31 9
20 29 10
20 30 11
20 31 12
20 29 13
20 30 14
20 31 15
20 29 16
20 30 17
20 31 18
20 29 19
20 30 20
20 31 21
20 29 22
20 30 23
20 31 24
20 29 25
20 30 26
20 31 27
20 29 28
20 30 29
20 31 30
20 29 31
20 30 32
20 31 33
20 29 34
20 30 35
20 31 36
20 29 37
20 30 38
20 31 39
20 29 40
20 30 41
20 31 42
20 29 43
20 30 44
20 31 45
20 29 46
20 30 47
20 31 48
20 29 49
20 30 50
20 31 51
20 29 52
20 30 53
20 31 54
20 29 55
20 30 56
20 31 57
20 29 58
20 30 59
20 31 60
20 29 61
20 30 62
20 31 63
20 29 64
20 30 65
20 31 66
20 29 67
20 30 68
20 31 69
20 29 70
20 30 71
20 31 72
20 29 73
20 30 74
20 31 75
20 29 76
20 30 77
20 31 78
20 29 79
20 30 80
20 31 81
20 29 82
20 30 83
20 31 84
20 29 85
20 30 86
20 31 87
20 29 88
20 30 89
20 31 90
20 29 91
20 30 92
20 31 93
