6 29 1
6 30 2
6 31 3
6 29 4
6 30 5
6 31 6
6 29 7
6 30 8
6 31 9
6 29 10
6 30 11
6 31 12
6 29 13
6 30 14
6 31 15
6 29 16
6 30 17
6 31 18
6 29 19
6 30 20
6 31 21
6 29 22
6 30 23
6 31 24
6 29 25
6 30 26
6 31 27
6 29 28
6 30 29
6 31 30
6 29 31
6 30 32
6 31 33
6 29 34
6 30 35
6 31 36
6 29 37
6 30 38
6 31 39
6 29 40
6 30 41
6 31 42
6 29 43
6 30 44
6 31 45
6 29 46
6 30 47
6 31 48
6 29 49
6 30 50
6 31 51
6 29 52
6 30 53
6 31 54
6 29 55
6 30 56
6 31 57
6 29 58
6 30 59
6 31 60
6 29 61
6 30 62
6 31 63
6 29 64
6 30 65
6 31 66
6 29 67
6 30 68
6 31 69
6 29 70
6 30 71
6 31 72
6 29 73
6 30 74
6 31 75
6 29 76
6 30 77
6 31 78
6 29 79
6 30 80
6 31 81
6 29 82
6 30 83
6 31 84
6 29 85
6 30 86
6 31 87
6 29 88
6 30 89
6 31 90
6 29 91
6 30 92
6 31 93
