8 29 1
8 30 2
8 31 3
8 29 4
8 30 5
8 31 6
8 29 7
8 30 8
8 31 9
8 29 10
8 30 11
8 31 12
8 29 13
8 30 14
8 31 15
8 29 16
8 30 17
8 31 18
8 29 19
8 30 20
8 31 21
8 29 22
8 30 23
8 31 24
8 29 25
8 30 26
8 31 27
8 29 28
8 30 29
8 31 30
8 29 31
8 30 32
8 31 33
8 29 34
8 30 35
8 31 36
8 29 37
8 30 38
8 31 39
8 29 40
8 30 41
8 31 42
8 29 43
8 30 44
8 31 45
8 29 46
8 30 47
8 31 48
8 29 49
8 30 50
8 31 51
8 29 52
8 30 53
8 31 54
8 29 55
8 30 56
8 31 57
8 29 58
8 30 59
8 31 60
8 29 61
8 30 62
8 31 63
8 29 64
8 30 65
8 31 66
8 29 67
8 30 68
8 31 69
8 29 70
8 30 71
8 31 72
8 29 73
8 30 74
8 31 75
8 29 76
8 30 77
8 31 78
8 29 79
8 30 80
8 31 81
8 29 82
8 30 83
8 31 84
8 29 85
8 30 86
8 31 87
8 29 88
8 30 89
8 31 90
8 29 91
8 30 92
8 31 93
