14 29 1
14 30 2
14 31 3
14 29 4
14 30 5
14 31 6
14 29 7
14 30 8
14 31 9
14 29 10
14 30 11
14 31 12
14 29 13
14 30 14
14 31 15
14 29 16
14 30 17
14 31 18
14 29 19
14 30 20
14 31 21
14 29 22
14 30 23
14 31 24
14 29 25
14 30 26
14 31 27
14 29 28
14 30 29
14 31 30
14 29 31
14 30 32
14 31 33
14 29 34
14 30 35
14 31 36
14 29 37
14 30 38
14 31 39
14 29 40
14 30 41
14 31 42
14 29 43
14 30 44
14 31 45
14 29 46
14 30 47
14 31 48
14 29 49
14 30 50
14 31 51
14 29 52
14 30 53
14 31 54
14 29 55
14 30 56
14 31 57
14 29 58
14 30 59
14 31 60
14 29 61
14 30 62
14 31 63
14 29 64
14 30 65
14 31 66
14 29 67
14 30 68
14 31 69
14 29 70
14 30 71
14 31 72
14 29 73
14 30 74
14 31 75
14 29 76
14 30 77
14 31 78
14 29 79
14 30 80
14 31 81
14 29 82
14 30 83
14 31 84
14 29 85
14 30 86
14 31 87
14 29 88
14 30 89
14 31 90
14 29 91
14 30 92
14 31 93
