114 126 1
115 126 1
116 126 1
117 126 1
118 126 1
119 126 1
120 126 1
121 126 1
122 126 1
123 126 1
124 126 1
125 126 1
114 127 2
115 127 2
116 127 2
117 127 2
118 127 2
119 127 2
120 127 2
121 127 2
122 127 2
123 127 2
124 127 2
125 127 2
114 128 3
115 128 3
116 128 3
117 128 3
118 128 3
119 128 3
120 128 3
121 128 3
122 128 3
123 128 3
124 128 3
125 128 3
114 129 4
115 129 4
116 129 4
117 129 4
118 129 4
119 129 4
120 129 4
121 129 4
122 129 4
123 129 4
124 129 4
125 129 4
114 130 5
115 130 5
116 130 5
117 130 5
118 130 5
119 130 5
120 130 5
121 130 5
122 130 5
123 130 5
124 130 5
125 130 5
114 131 6
115 131 6
116 131 6
117 131 6
118 131 6
119 131 6
120 131 6
121 131 6
122 131 6
123 131 6
124 131 6
125 131 6
114 126 7
115 126 7
116 126 7
117 126 7
118 126 7
119 126 7
120 126 7
121 126 7
122 126 7
123 126 7
124 126 7
125 126 7
114 127 8
115 127 8
116 127 8
117 127 8
118 127 8
119 127 8
120 127 8
121 127 8
122 127 8
123 127 8
124 127 8
125 127 8
114 128 9
115 128 9
116 128 9
117 128 9
118 128 9
119 128 9
120 128 9
121 128 9
122 128 9
123 128 9
124 128 9
125 128 9
114 129 10
115 129 10
116 129 10
117 129 10
118 129 10
119 129 10
120 129 10
121 129 10
122 129 10
123 129 10
124 129 10
125 129 10
114 130 11
115 130 11
116 130 11
117 130 11
118 130 11
119 130 11
120 130 11
121 130 11
122 130 11
123 130 11
124 130 11
125 130 11
114 131 12
115 131 12
116 131 12
117 131 12
118 131 12
119 131 12
120 131 12
121 131 12
122 131 12
123 131 12
124 131 12
125 131 12
114 126 13
115 126 13
116 126 13
117 126 13
118 126 13
119 126 13
120 126 13
121 126 13
122 126 13
123 126 13
124 126 13
125 126 13
114 127 14
115 127 14
116 127 14
117 127 14
118 127 14
119 127 14
120 127 14
121 127 14
122 127 14
123 127 14
124 127 14
125 127 14
114 128 15
115 128 15
116 128 15
117 128 15
118 128 15
119 128 15
120 128 15
121 128 15
122 128 15
123 128 15
124 128 15
125 128 15
114 129 16
115 129 16
116 129 16
117 129 16
118 129 16
119 129 16
120 129 16
121 129 16
122 129 16
123 129 16
124 129 16
125 129 16
114 130 17
115 130 17
116 130 17
117 130 17
118 130 17
119 130 17
120 130 17
121 130 17
122 130 17
123 130 17
124 130 17
125 130 17
114 131 18
115 131 18
116 131 18
117 131 18
118 131 18
119 131 18
120 131 18
121 131 18
122 131 18
123 131 18
124 131 18
125 131 18
114 126 19
115 126 19
116 126 19
117 126 19
118 126 19
119 126 19
120 126 19
121 126 19
122 126 19
123 126 19
124 126 19
125 126 19
114 127 20
115 127 20
116 127 20
117 127 20
118 127 20
119 127 20
120 127 20
121 127 20
122 127 20
123 127 20
124 127 20
125 127 20
114 128 21
115 128 21
116 128 21
117 128 21
118 128 21
119 128 21
120 128 21
121 128 21
122 128 21
123 128 21
124 128 21
125 128 21
114 129 22
115 129 22
116 129 22
117 129 22
118 129 22
119 129 22
120 129 22
121 129 22
122 129 22
123 129 22
124 129 22
125 129 22
114 130 23
115 130 23
116 130 23
117 130 23
118 130 23
119 130 23
120 130 23
121 130 23
122 130 23
123 130 23
124 130 23
125 130 23
114 131 24
115 131 24
116 131 24
117 131 24
118 131 24
119 131 24
120 131 24
121 131 24
122 131 24
123 131 24
124 131 24
125 131 24
114 126 25
115 126 25
116 126 25
117 126 25
118 126 25
119 126 25
120 126 25
121 126 25
122 126 25
123 126 25
124 126 25
125 126 25
114 127 26
115 127 26
116 127 26
117 127 26
118 127 26
119 127 26
120 127 26
121 127 26
122 127 26
123 127 26
124 127 26
125 127 26
114 128 27
115 128 27
116 128 27
117 128 27
118 128 27
119 128 27
120 128 27
121 128 27
122 128 27
123 128 27
124 128 27
125 128 27
114 129 28
115 129 28
116 129 28
117 129 28
118 129 28
119 129 28
120 129 28
121 129 28
122 129 28
123 129 28
124 129 28
125 129 28
114 130 29
115 130 29
116 130 29
117 130 29
118 130 29
119 130 29
120 130 29
121 130 29
122 130 29
123 130 29
124 130 29
125 130 29
114 131 30
115 131 30
116 131 30
117 131 30
118 131 30
119 131 30
120 131 30
121 131 30
122 131 30
123 131 30
124 131 30
125 131 30
114 126 31
115 126 31
116 126 31
117 126 31
118 126 31
119 126 31
120 126 31
121 126 31
122 126 31
123 126 31
124 126 31
125 126 31
114 127 32
115 127 32
116 127 32
117 127 32
118 127 32
119 127 32
120 127 32
121 127 32
122 127 32
123 127 32
124 127 32
125 127 32
114 128 33
115 128 33
116 128 33
117 128 33
118 128 33
119 128 33
120 128 33
121 128 33
122 128 33
123 128 33
124 128 33
125 128 33
114 129 34
115 129 34
116 129 34
117 129 34
118 129 34
119 129 34
120 129 34
121 129 34
122 129 34
123 129 34
124 129 34
125 129 34
114 130 35
115 130 35
116 130 35
117 130 35
118 130 35
119 130 35
120 130 35
121 130 35
122 130 35
123 130 35
124 130 35
125 130 35
114 131 36
115 131 36
116 131 36
117 131 36
118 131 36
119 131 36
120 131 36
121 131 36
122 131 36
123 131 36
124 131 36
125 131 36
114 126 37
115 126 37
116 126 37
117 126 37
118 126 37
119 126 37
120 126 37
121 126 37
122 126 37
123 126 37
124 126 37
125 126 37
114 127 38
115 127 38
116 127 38
117 127 38
118 127 38
119 127 38
120 127 38
121 127 38
122 127 38
123 127 38
124 127 38
125 127 38
114 128 39
115 128 39
116 128 39
117 128 39
118 128 39
119 128 39
120 128 39
121 128 39
122 128 39
123 128 39
124 128 39
125 128 39
114 129 40
115 129 40
116 129 40
117 129 40
118 129 40
119 129 40
120 129 40
121 129 40
122 129 40
123 129 40
124 129 40
125 129 40
114 130 41
115 130 41
116 130 41
117 130 41
118 130 41
119 130 41
120 130 41
121 130 41
122 130 41
123 130 41
124 130 41
125 130 41
114 131 42
115 131 42
116 131 42
117 131 42
118 131 42
119 131 42
120 131 42
121 131 42
122 131 42
123 131 42
124 131 42
125 131 42
114 126 43
115 126 43
116 126 43
117 126 43
118 126 43
119 126 43
120 126 43
121 126 43
122 126 43
123 126 43
124 126 43
125 126 43
114 127 44
115 127 44
116 127 44
117 127 44
118 127 44
119 127 44
120 127 44
121 127 44
122 127 44
123 127 44
124 127 44
125 127 44
114 128 45
115 128 45
116 128 45
117 128 45
118 128 45
119 128 45
120 128 45
121 128 45
122 128 45
123 128 45
124 128 45
125 128 45
114 129 46
115 129 46
116 129 46
117 129 46
118 129 46
119 129 46
120 129 46
121 129 46
122 129 46
123 129 46
124 129 46
125 129 46
114 130 47
115 130 47
116 130 47
117 130 47
118 130 47
119 130 47
120 130 47
121 130 47
122 130 47
123 130 47
124 130 47
125 130 47
114 131 48
115 131 48
116 131 48
117 131 48
118 131 48
119 131 48
120 131 48
121 131 48
122 131 48
123 131 48
124 131 48
125 131 48
114 126 49
115 126 49
116 126 49
117 126 49
118 126 49
119 126 49
120 126 49
121 126 49
122 126 49
123 126 49
124 126 49
125 126 49
114 127 50
115 127 50
116 127 50
117 127 50
118 127 50
119 127 50
120 127 50
121 127 50
122 127 50
123 127 50
124 127 50
125 127 50
114 128 51
115 128 51
116 128 51
117 128 51
118 128 51
119 128 51
120 128 51
121 128 51
122 128 51
123 128 51
124 128 51
125 128 51
114 129 52
115 129 52
116 129 52
117 129 52
118 129 52
119 129 52
120 129 52
121 129 52
122 129 52
123 129 52
124 129 52
125 129 52
114 130 53
115 130 53
116 130 53
117 130 53
118 130 53
119 130 53
120 130 53
121 130 53
122 130 53
123 130 53
124 130 53
125 130 53
114 131 54
115 131 54
116 131 54
117 131 54
118 131 54
119 131 54
120 131 54
121 131 54
122 131 54
123 131 54
124 131 54
125 131 54
114 126 55
115 126 55
116 126 55
117 126 55
118 126 55
119 126 55
120 126 55
121 126 55
122 126 55
123 126 55
124 126 55
125 126 55
114 127 56
115 127 56
116 127 56
117 127 56
118 127 56
119 127 56
120 127 56
121 127 56
122 127 56
123 127 56
124 127 56
125 127 56
114 128 57
115 128 57
116 128 57
117 128 57
118 128 57
119 128 57
120 128 57
121 128 57
122 128 57
123 128 57
124 128 57
125 128 57
114 129 58
115 129 58
116 129 58
117 129 58
118 129 58
119 129 58
120 129 58
121 129 58
122 129 58
123 129 58
124 129 58
125 129 58
114 130 59
115 130 59
116 130 59
117 130 59
118 130 59
119 130 59
120 130 59
121 130 59
122 130 59
123 130 59
124 130 59
125 130 59
114 131 60
115 131 60
116 131 60
117 131 60
118 131 60
119 131 60
120 131 60
121 131 60
122 131 60
123 131 60
124 131 60
125 131 60
