42 45 1
43 45 1
44 45 1
42 46 2
43 46 2
44 46 2
42 47 3
43 47 3
44 47 3
42 48 4
43 48 4
44 48 4
42 49 5
43 49 5
44 49 5
42 50 6
43 50 6
44 50 6
42 51 7
43 51 7
44 51 7
42 52 8
43 52 8
44 52 8
42 53 9
43 53 9
44 53 9
42 54 10
43 54 10
44 54 10
42 55 11
43 55 11
44 55 11
42 56 12
43 56 12
44 56 12
42 45 13
43 45 13
44 45 13
42 46 14
43 46 14
44 46 14
42 47 15
43 47 15
44 47 15
42 48 16
43 48 16
44 48 16
42 49 17
43 49 17
44 49 17
42 50 18
43 50 18
44 50 18
42 51 19
43 51 19
44 51 19
42 52 20
43 52 20
44 52 20
42 53 21
43 53 21
44 53 21
42 54 22
43 54 22
44 54 22
42 55 23
43 55 23
44 55 23
42 56 24
43 56 24
44 56 24
42 45 25
43 45 25
44 45 25
42 46 26
43 46 26
44 46 26
42 47 27
43 47 27
44 47 27
42 48 28
43 48 28
44 48 28
42 49 29
43 49 29
44 49 29
42 50 30
43 50 30
44 50 30
42 51 31
43 51 31
44 51 31
42 52 32
43 52 32
44 52 32
42 53 33
43 53 33
44 53 33
42 54 34
43 54 34
44 54 34
42 55 35
43 55 35
44 55 35
42 56 36
43 56 36
44 56 36
