16 17 1
16 18 2
16 17 3
16 18 4
16 17 5
16 18 6
16 17 7
16 18 8
16 17 9
16 18 10
16 17 11
16 18 12
16 17 13
16 18 14
16 17 15
16 18 16
16 17 17
16 18 18
16 17 19
16 18 20
16 17 21
16 18 22
16 17 23
16 18 24
16 17 25
16 18 26
16 17 27
16 18 28
16 17 29
16 18 30
16 17 31
16 18 32
16 17 33
16 18 34
16 17 35
16 18 36
16 17 37
16 18 38
16 17 39
16 18 40
16 17 41
16 18 42
16 17 43
16 18 44
16 17 45
16 18 46
16 17 47
16 18 48
16 17 49
16 18 50
16 17 51
16 18 52
16 17 53
16 18 54
16 17 55
16 18 56
16 17 57
16 18 58
16 17 59
16 18 60
16 17 61
16 18 62
16 17 63
16 18 64
16 17 65
16 18 66
16 17 67
16 18 68
16 17 69
16 18 70
16 17 71
16 18 72
16 17 73
16 18 74
16 17 75
16 18 76
16 17 77
16 18 78
16 17 79
16 18 80
16 17 81
16 18 82
16 17 83
16 18 84
16 17 85
16 18 86
16 17 87
16 18 88
16 17 89
16 18 90
16 17 91
16 18 92
16 17 93
16 18 94
16 17 95
16 18 96
16 17 97
16 18 98
16 17 99
16 18 100
16 17 101
16 18 102
16 17 103
16 18 104
16 17 105
16 18 106
16 17 107
16 18 108
16 17 109
16 18 110
16 17 111
16 18 112
16 17 113
16 18 114
16 17 115
16 18 116
16 17 117
16 18 118
16 17 119
16 18 120
16 17 121
16 18 122
16 17 123
16 18 124
16 17 125
16 18 126
16 17 127
16 18 128
16 17 129
16 18 130
16 17 131
16 18 132
16 17 133
16 18 134
16 17 135
16 18 136
16 17 137
16 18 138
16 17 139
16 18 140
16 17 141
16 18 142
16 17 143
16 18 144
16 17 145
16 18 146
16 17 147
16 18 148
16 17 149
16 18 150
16 17 151
16 18 152
16 17 153
16 18 154
16 17 155
16 18 156
16 17 157
16 18 158
16 17 159
16 18 160
16 17 161
16 18 162
16 17 163
16 18 164
16 17 165
16 18 166
16 17 167
16 18 168
16 17 169
16 18 170
16 17 171
16 18 172
16 17 173
16 18 174
16 17 175
16 18 176
16 17 177
16 18 178
16 17 179
16 18 180
16 17 181
16 18 182
16 17 183
16 18 184
16 17 185
16 18 186
16 17 187
16 18 188
16 17 189
16 18 190
16 17 191
16 18 192
16 17 193
16 18 194
16 17 195
16 18 196
16 17 197
16 18 198
16 17 199
16 18 200
16 17 201
16 18 202
16 17 203
16 18 204
16 17 205
16 18 206
16 17 207
16 18 208
16 17 209
16 18 210
16 17 211
16 18 212
16 17 213
16 18 214
16 17 215
16 18 216
16 17 217
16 18 218
16 17 219
16 18 220
16 17 221
16 18 222
16 17 223
16 18 224
16 17 225
16 18 226
16 17 227
16 18 228
16 17 229
16 18 230
16 17 231
16 18 232
16 17 233
16 18 234
16 17 235
16 18 236
16 17 237
16 18 238
16 17 239
16 18 240
16 17 241
16 18 242
16 17 243
16 18 244
