84 50 1
84 50 2
84 50 3
84 50 4
84 50 5
84 50 6
84 50 7
84 50 8
84 50 9
84 50 10
84 50 11
84 50 12
84 50 13
84 50 14
84 50 15
84 50 16
84 50 17
84 50 18
84 50 19
84 50 20
84 50 21
84 50 22
84 50 23
84 50 24
84 50 25
84 50 26
84 50 27
84 50 28
84 50 29
84 50 30
84 50 31
84 50 32
84 50 33
84 50 34
84 50 35
84 50 36
84 50 37
84 50 38
84 50 39
84 50 40
84 50 41
84 50 42
84 50 43
84 50 44
84 50 45
84 50 46
84 50 47
84 50 48
84 50 49
84 50 50
84 50 51
84 50 52
84 50 53
84 50 54
84 50 55
84 50 56
84 50 57
84 50 58
84 50 59
84 50 60
84 50 61
84 50 62
84 50 63
84 50 64
84 50 65
84 50 66
84 50 67
84 50 68
84 50 69
84 50 70
84 50 71
84 50 72
84 50 73
84 50 74
84 50 75
84 50 76
84 50 77
84 50 78
84 50 79
84 50 80
84 50 81
84 50 82
84 50 83
84 50 84
84 50 85
84 50 86
84 50 87
84 50 88
84 50 89
84 50 90
84 50 91
84 50 92
84 50 93
84 50 94
84 50 95
84 50 96
84 50 97
84 50 98
84 50 99
84 50 100
84 50 101
84 50 102
84 50 103
84 50 104
84 50 105
84 50 106
84 50 107
84 50 108
84 50 109
84 50 110
84 50 111
84 50 112
84 50 113
84 50 114
84 50 115
84 50 116
84 50 117
84 50 118
84 50 119
84 50 120
84 50 121
84 50 122
84 50 123
84 50 124
84 50 125
84 50 126
84 50 127
84 50 128
84 50 129
84 50 130
84 50 131
84 50 132
84 50 133
84 50 134
84 50 135
84 50 136
84 50 137
84 50 138
84 50 139
84 50 140
84 50 141
84 50 142
84 50 143
84 50 144
84 50 145
84 50 146
84 50 147
84 50 148
84 50 149
84 50 150
84 50 151
84 50 152
84 50 153
84 50 154
84 50 155
84 50 156
84 50 157
84 50 158
84 50 159
84 50 160
84 50 161
84 50 162
84 50 163
84 50 164
84 50 165
84 50 166
84 50 167
84 50 168
84 50 169
84 50 170
84 50 171
84 50 172
84 50 173
84 50 174
84 50 175
84 50 176
84 50 177
84 50 178
84 50 179
84 50 180
84 50 181
84 50 182
84 50 183
84 50 184
84 50 185
84 50 186
84 50 187
84 50 188
84 50 189
84 50 190
84 50 191
84 50 192
84 50 193
84 50 194
84 50 195
84 50 196
84 50 197
84 50 198
84 50 199
84 50 200
84 50 201
84 50 202
84 50 203
84 50 204
84 50 205
84 50 206
84 50 207
84 50 208
84 50 209
84 50 210
84 50 211
84 50 212
84 50 213
84 50 214
84 50 215
84 50 216
84 50 217
84 50 218
84 50 219
84 50 220
84 50 221
84 50 222
84 50 223
84 50 224
84 50 225
84 50 226
84 50 227
84 50 228
84 50 229
84 50 230
84 50 231
84 50 232
84 50 233
84 50 234
84 50 235
84 50 236
84 50 237
84 50 238
84 50 239
84 50 240
84 50 241
84 50 242
84 50 243
84 50 244
84 50 245
