52 54 1
53 54 1
52 54 2
53 54 2
52 54 3
53 54 3
52 54 4
53 54 4
52 54 5
53 54 5
52 54 6
53 54 6
52 54 7
53 54 7
52 54 8
53 54 8
52 54 9
53 54 9
52 54 10
53 54 10
52 54 11
53 54 11
52 54 12
53 54 12
52 54 13
53 54 13
52 54 14
53 54 14
52 54 15
53 54 15
52 54 16
53 54 16
52 54 17
53 54 17
52 54 18
53 54 18
52 54 19
53 54 19
52 54 20
53 54 20
52 54 21
53 54 21
52 54 22
53 54 22
52 54 23
53 54 23
52 54 24
53 54 24
52 54 25
53 54 25
52 54 26
53 54 26
52 54 27
53 54 27
52 54 28
53 54 28
52 54 29
53 54 29
52 54 30
53 54 30
52 54 31
53 54 31
52 54 32
53 54 32
52 54 33
53 54 33
52 54 34
53 54 34
52 54 35
53 54 35
52 54 36
53 54 36
52 54 37
53 54 37
52 54 38
53 54 38
52 54 39
53 54 39
52 54 40
53 54 40
52 54 41
53 54 41
52 54 42
53 54 42
52 54 43
53 54 43
52 54 44
53 54 44
52 54 45
53 54 45
52 54 46
53 54 46
52 54 47
53 54 47
52 54 48
53 54 48
52 54 49
53 54 49
52 54 50
53 54 50
52 54 51
53 54 51
52 54 52
53 54 52
52 54 53
53 54 53
52 54 54
53 54 54
52 54 55
53 54 55
52 54 56
53 54 56
52 54 57
53 54 57
52 54 58
53 54 58
52 54 59
53 54 59
52 54 60
53 54 60
52 54 61
53 54 61
52 54 62
53 54 62
52 54 63
53 54 63
52 54 64
53 54 64
52 54 65
53 54 65
52 54 66
53 54 66
52 54 67
53 54 67
52 54 68
53 54 68
52 54 69
53 54 69
52 54 70
53 54 70
52 54 71
53 54 71
52 54 72
53 54 72
52 54 73
53 54 73
52 54 74
53 54 74
52 54 75
53 54 75
52 54 76
53 54 76
52 54 77
53 54 77
52 54 78
53 54 78
52 54 79
53 54 79
52 54 80
53 54 80
52 54 81
53 54 81
52 54 82
53 54 82
52 54 83
53 54 83
52 54 84
53 54 84
52 54 85
53 54 85
52 54 86
53 54 86
52 54 87
53 54 87
52 54 88
53 54 88
52 54 89
53 54 89
52 54 90
53 54 90
52 54 91
53 54 91
52 54 92
53 54 92
52 54 93
53 54 93
52 54 94
53 54 94
52 54 95
53 54 95
52 54 96
53 54 96
52 54 97
53 54 97
52 54 98
53 54 98
52 54 99
53 54 99
52 54 100
53 54 100
52 54 101
53 54 101
52 54 102
53 54 102
52 54 103
53 54 103
52 54 104
53 54 104
52 54 105
53 54 105
52 54 106
53 54 106
52 54 107
53 54 107
52 54 108
53 54 108
52 54 109
53 54 109
52 54 110
53 54 110
52 54 111
53 54 111
52 54 112
53 54 112
52 54 113
53 54 113
52 54 114
53 54 114
52 54 115
53 54 115
52 54 116
53 54 116
52 54 117
53 54 117
52 54 118
53 54 118
52 54 119
53 54 119
52 54 120
53 54 120
52 54 121
53 54 121
52 54 122
53 54 122
52 54 123
53 54 123
52 54 124
53 54 124
52 54 125
53 54 125
52 54 126
53 54 126
52 54 127
53 54 127
52 54 128
53 54 128
52 54 129
53 54 129
52 54 130
53 54 130
52 54 131
53 54 131
52 54 132
53 54 132
52 54 133
53 54 133
52 54 134
53 54 134
52 54 135
53 54 135
52 54 136
53 54 136
52 54 137
53 54 137
52 54 138
53 54 138
52 54 139
53 54 139
52 54 140
53 54 140
52 54 141
53 54 141
52 54 142
53 54 142
52 54 143
53 54 143
52 54 144
53 54 144
52 54 145
53 54 145
52 54 146
53 54 146
52 54 147
53 54 147
52 54 148
53 54 148
52 54 149
53 54 149
52 54 150
53 54 150
52 54 151
53 54 151
52 54 152
53 54 152
52 54 153
53 54 153
52 54 154
53 54 154
52 54 155
53 54 155
52 54 156
53 54 156
52 54 157
53 54 157
52 54 158
53 54 158
52 54 159
53 54 159
52 54 160
53 54 160
52 54 161
53 54 161
52 54 162
53 54 162
52 54 163
53 54 163
52 54 164
53 54 164
52 54 165
53 54 165
52 54 166
53 54 166
52 54 167
53 54 167
52 54 168
53 54 168
52 54 169
53 54 169
52 54 170
53 54 170
52 54 171
53 54 171
52 54 172
53 54 172
52 54 173
53 54 173
52 54 174
53 54 174
52 54 175
53 54 175
52 54 176
53 54 176
52 54 177
53 54 177
52 54 178
53 54 178
52 54 179
53 54 179
52 54 180
53 54 180
52 54 181
53 54 181
52 54 182
53 54 182
52 54 183
53 54 183
52 54 184
53 54 184
52 54 185
53 54 185
52 54 186
53 54 186
52 54 187
53 54 187
52 54 188
53 54 188
52 54 189
53 54 189
52 54 190
53 54 190
52 54 191
53 54 191
52 54 192
53 54 192
52 54 193
53 54 193
52 54 194
53 54 194
52 54 195
53 54 195
52 54 196
53 54 196
52 54 197
53 54 197
52 54 198
53 54 198
52 54 199
53 54 199
52 54 200
53 54 200
52 54 201
53 54 201
52 54 202
53 54 202
52 54 203
53 54 203
52 54 204
53 54 204
52 54 205
53 54 205
52 54 206
53 54 206
52 54 207
53 54 207
52 54 208
53 54 208
52 54 209
53 54 209
52 54 210
53 54 210
52 54 211
53 54 211
52 54 212
53 54 212
52 54 213
53 54 213
52 54 214
53 54 214
52 54 215
53 54 215
52 54 216
53 54 216
52 54 217
53 54 217
52 54 218
53 54 218
52 54 219
53 54 219
52 54 220
53 54 220
52 54 221
53 54 221
52 54 222
53 54 222
52 54 223
53 54 223
52 54 224
53 54 224
52 54 225
53 54 225
52 54 226
53 54 226
52 54 227
53 54 227
52 54 228
53 54 228
52 54 229
53 54 229
52 54 230
53 54 230
52 54 231
53 54 231
52 54 232
53 54 232
52 54 233
53 54 233
52 54 234
53 54 234
52 54 235
53 54 235
52 54 236
53 54 236
52 54 237
53 54 237
52 54 238
53 54 238
52 54 239
53 54 239
52 54 240
53 54 240
52 54 241
53 54 241
52 54 242
53 54 242
52 54 243
53 54 243
52 54 244
53 54 244
52 54 245
53 54 245
52 54 246
53 54 246
52 54 247
53 54 247
52 54 248
53 54 248
52 54 249
53 54 249
52 54 250
53 54 250
52 54 251
53 54 251
52 54 252
53 54 252
52 54 253
53 54 253
52 54 254
53 54 254
52 54 255
53 54 255
52 54 256
53 54 256
52 54 257
53 54 257
52 54 258
53 54 258
52 54 259
53 54 259
52 54 260
53 54 260
52 54 261
53 54 261
52 54 262
53 54 262
52 54 263
53 54 263
52 54 264
53 54 264
52 54 265
53 54 265
52 54 266
53 54 266
52 54 267
53 54 267
52 54 268
53 54 268
52 54 269
53 54 269
52 54 270
53 54 270
52 54 271
53 54 271
52 54 272
53 54 272
52 54 273
53 54 273
52 54 274
53 54 274
52 54 275
53 54 275
52 54 276
53 54 276
52 54 277
53 54 277
52 54 278
53 54 278
52 54 279
53 54 279
52 54 280
53 54 280
52 54 281
53 54 281
52 54 282
53 54 282
52 54 283
53 54 283
52 54 284
53 54 284
52 54 285
53 54 285
52 54 286
53 54 286
52 54 287
53 54 287
52 54 288
53 54 288
52 54 289
53 54 289
52 54 290
53 54 290
52 54 291
53 54 291
52 54 292
53 54 292
52 54 293
53 54 293
52 54 294
53 54 294
52 54 295
53 54 295
52 54 296
53 54 296
52 54 297
53 54 297
52 54 298
53 54 298
52 54 299
53 54 299
52 54 300
53 54 300
52 54 301
53 54 301
52 54 302
53 54 302
52 54 303
53 54 303
52 54 304
53 54 304
52 54 305
53 54 305
52 54 306
53 54 306
52 54 307
53 54 307
52 54 308
53 54 308
52 54 309
53 54 309
52 54 310
53 54 310
52 54 311
53 54 311
52 54 312
53 54 312
52 54 313
53 54 313
52 54 314
53 54 314
52 54 315
53 54 315
52 54 316
53 54 316
52 54 317
53 54 317
52 54 318
53 54 318
52 54 319
53 54 319
52 54 320
53 54 320
52 54 321
53 54 321
52 54 322
53 54 322
52 54 323
53 54 323
52 54 324
53 54 324
52 54 325
53 54 325
52 54 326
53 54 326
52 54 327
53 54 327
52 54 328
53 54 328
52 54 329
53 54 329
52 54 330
53 54 330
52 54 331
53 54 331
52 54 332
53 54 332
52 54 333
53 54 333
52 54 334
53 54 334
52 54 335
53 54 335
52 54 336
53 54 336
52 54 337
53 54 337
52 54 338
53 54 338
52 54 339
53 54 339
52 54 340
53 54 340
52 54 341
53 54 341
52 54 342
53 54 342
52 54 343
53 54 343
52 54 344
53 54 344
52 54 345
53 54 345
52 54 346
53 54 346
52 54 347
53 54 347
52 54 348
53 54 348
52 54 349
53 54 349
52 54 350
53 54 350
52 54 351
53 54 351
52 54 352
53 54 352
52 54 353
53 54 353
52 54 354
53 54 354
52 54 355
53 54 355
52 54 356
53 54 356
52 54 357
53 54 357
52 54 358
53 54 358
52 54 359
53 54 359
52 54 360
53 54 360
52 54 361
53 54 361
52 54 362
53 54 362
52 54 363
53 54 363
52 54 364
53 54 364
52 54 365
53 54 365
52 54 366
53 54 366
52 54 367
53 54 367
52 54 368
53 54 368
52 54 369
53 54 369
52 54 370
53 54 370
52 54 371
53 54 371
52 54 372
53 54 372
52 54 373
53 54 373
52 54 374
53 54 374
52 54 375
53 54 375
52 54 376
53 54 376
52 54 377
53 54 377
52 54 378
53 54 378
52 54 379
53 54 379
52 54 380
53 54 380
52 54 381
53 54 381
52 54 382
53 54 382
52 54 383
53 54 383
52 54 384
53 54 384
52 54 385
53 54 385
52 54 386
53 54 386
52 54 387
53 54 387
52 54 388
53 54 388
52 54 389
53 54 389
52 54 390
53 54 390
52 54 391
53 54 391
52 54 392
53 54 392
52 54 393
53 54 393
52 54 394
53 54 394
52 54 395
53 54 395
52 54 396
53 54 396
52 54 397
53 54 397
52 54 398
53 54 398
52 54 399
53 54 399
52 54 400
53 54 400
52 54 401
53 54 401
52 54 402
53 54 402
52 54 403
53 54 403
52 54 404
53 54 404
52 54 405
53 54 405
52 54 406
53 54 406
52 54 407
53 54 407
52 54 408
53 54 408
52 54 409
53 54 409
52 54 410
53 54 410
52 54 411
53 54 411
52 54 412
53 54 412
52 54 413
53 54 413
52 54 414
53 54 414
52 54 415
53 54 415
52 54 416
53 54 416
52 54 417
53 54 417
52 54 418
53 54 418
52 54 419
53 54 419
52 54 420
53 54 420
52 54 421
53 54 421
52 54 422
53 54 422
52 54 423
53 54 423
52 54 424
53 54 424
52 54 425
53 54 425
52 54 426
53 54 426
52 54 427
53 54 427
52 54 428
53 54 428
52 54 429
53 54 429
52 54 430
53 54 430
52 54 431
53 54 431
52 54 432
53 54 432
52 54 433
53 54 433
52 54 434
53 54 434
52 54 435
53 54 435
52 54 436
53 54 436
52 54 437
53 54 437
52 54 438
53 54 438
52 54 439
53 54 439
52 54 440
53 54 440
52 54 441
53 54 441
52 54 442
53 54 442
52 54 443
53 54 443
52 54 444
53 54 444
52 54 445
53 54 445
52 54 446
53 54 446
52 54 447
53 54 447
52 54 448
53 54 448
52 54 449
53 54 449
52 54 450
53 54 450
52 54 451
53 54 451
52 54 452
53 54 452
52 54 453
53 54 453
52 54 454
53 54 454
52 54 455
53 54 455
52 54 456
53 54 456
52 54 457
53 54 457
52 54 458
53 54 458
52 54 459
53 54 459
52 54 460
53 54 460
52 54 461
53 54 461
52 54 462
53 54 462
52 54 463
53 54 463
52 54 464
53 54 464
52 54 465
53 54 465
52 54 466
53 54 466
52 54 467
53 54 467
52 54 468
53 54 468
52 54 469
53 54 469
52 54 470
53 54 470
52 54 471
53 54 471
52 54 472
53 54 472
52 54 473
53 54 473
52 54 474
53 54 474
52 54 475
53 54 475
52 54 476
53 54 476
52 54 477
53 54 477
52 54 478
53 54 478
52 54 479
53 54 479
52 54 480
53 54 480
52 54 481
53 54 481
52 54 482
53 54 482
52 54 483
53 54 483
52 54 484
53 54 484
52 54 485
53 54 485
52 54 486
53 54 486
52 54 487
53 54 487
52 54 488
53 54 488
52 54 489
53 54 489
52 54 490
53 54 490
52 54 491
53 54 491
