84 57 1
84 57 2
84 57 3
84 57 4
84 57 5
84 57 6
84 57 7
84 57 8
84 57 9
84 57 10
84 57 11
84 57 12
84 57 13
84 57 14
84 57 15
84 57 16
84 57 17
84 57 18
84 57 19
84 57 20
84 57 21
84 57 22
84 57 23
84 57 24
84 57 25
84 57 26
84 57 27
84 57 28
84 57 29
84 57 30
84 57 31
84 57 32
84 57 33
84 57 34
84 57 35
84 57 36
84 57 37
84 57 38
84 57 39
84 57 40
84 57 41
84 57 42
84 57 43
84 57 44
84 57 45
84 57 46
84 57 47
84 57 48
84 57 49
84 57 50
84 57 51
84 57 52
84 57 53
84 57 54
84 57 55
84 57 56
84 57 57
84 57 58
84 57 59
84 57 60
84 57 61
84 57 62
84 57 63
84 57 64
84 57 65
84 57 66
84 57 67
84 57 68
84 57 69
84 57 70
84 57 71
84 57 72
84 57 73
84 57 74
84 57 75
84 57 76
84 57 77
84 57 78
84 57 79
84 57 80
84 57 81
84 57 82
84 57 83
84 57 84
84 57 85
84 57 86
84 57 87
84 57 88
84 57 89
84 57 90
84 57 91
84 57 92
84 57 93
84 57 94
84 57 95
84 57 96
84 57 97
84 57 98
84 57 99
84 57 100
84 57 101
84 57 102
84 57 103
84 57 104
84 57 105
84 57 106
84 57 107
84 57 108
84 57 109
84 57 110
84 57 111
84 57 112
84 57 113
84 57 114
84 57 115
84 57 116
84 57 117
84 57 118
84 57 119
84 57 120
84 57 121
84 57 122
84 57 123
84 57 124
84 57 125
84 57 126
84 57 127
84 57 128
84 57 129
84 57 130
84 57 131
84 57 132
84 57 133
84 57 134
84 57 135
84 57 136
84 57 137
84 57 138
84 57 139
84 57 140
84 57 141
84 57 142
84 57 143
84 57 144
84 57 145
84 57 146
84 57 147
84 57 148
84 57 149
84 57 150
84 57 151
84 57 152
84 57 153
84 57 154
84 57 155
84 57 156
84 57 157
84 57 158
84 57 159
84 57 160
84 57 161
84 57 162
84 57 163
84 57 164
84 57 165
84 57 166
84 57 167
84 57 168
84 57 169
84 57 170
84 57 171
84 57 172
84 57 173
84 57 174
84 57 175
84 57 176
84 57 177
84 57 178
84 57 179
84 57 180
84 57 181
84 57 182
84 57 183
84 57 184
84 57 185
84 57 186
84 57 187
84 57 188
84 57 189
84 57 190
84 57 191
84 57 192
84 57 193
84 57 194
84 57 195
84 57 196
84 57 197
84 57 198
84 57 199
84 57 200
84 57 201
84 57 202
84 57 203
84 57 204
84 57 205
84 57 206
84 57 207
84 57 208
84 57 209
84 57 210
84 57 211
84 57 212
84 57 213
84 57 214
84 57 215
84 57 216
84 57 217
84 57 218
84 57 219
84 57 220
84 57 221
84 57 222
84 57 223
84 57 224
84 57 225
84 57 226
84 57 227
84 57 228
84 57 229
84 57 230
84 57 231
84 57 232
84 57 233
84 57 234
84 57 235
84 57 236
84 57 237
84 57 238
84 57 239
84 57 240
84 57 241
84 57 242
84 57 243
84 57 244
84 57 245
