84 43 1
84 43 2
84 43 3
84 43 4
84 43 5
84 43 6
84 43 7
84 43 8
84 43 9
84 43 10
84 43 11
84 43 12
84 43 13
84 43 14
84 43 15
84 43 16
84 43 17
84 43 18
84 43 19
84 43 20
84 43 21
84 43 22
84 43 23
84 43 24
84 43 25
84 43 26
84 43 27
84 43 28
84 43 29
84 43 30
84 43 31
84 43 32
84 43 33
84 43 34
84 43 35
84 43 36
84 43 37
84 43 38
84 43 39
84 43 40
84 43 41
84 43 42
84 43 43
84 43 44
84 43 45
84 43 46
84 43 47
84 43 48
84 43 49
84 43 50
84 43 51
84 43 52
84 43 53
84 43 54
84 43 55
84 43 56
84 43 57
84 43 58
84 43 59
84 43 60
84 43 61
84 43 62
84 43 63
84 43 64
84 43 65
84 43 66
84 43 67
84 43 68
84 43 69
84 43 70
84 43 71
84 43 72
84 43 73
84 43 74
84 43 75
84 43 76
84 43 77
84 43 78
84 43 79
84 43 80
84 43 81
84 43 82
84 43 83
84 43 84
84 43 85
84 43 86
84 43 87
84 43 88
84 43 89
84 43 90
84 43 91
84 43 92
84 43 93
84 43 94
84 43 95
84 43 96
84 43 97
84 43 98
84 43 99
84 43 100
84 43 101
84 43 102
84 43 103
84 43 104
84 43 105
84 43 106
84 43 107
84 43 108
84 43 109
84 43 110
84 43 111
84 43 112
84 43 113
84 43 114
84 43 115
84 43 116
84 43 117
84 43 118
84 43 119
84 43 120
84 43 121
84 43 122
84 43 123
84 43 124
84 43 125
84 43 126
84 43 127
84 43 128
84 43 129
84 43 130
84 43 131
84 43 132
84 43 133
84 43 134
84 43 135
84 43 136
84 43 137
84 43 138
84 43 139
84 43 140
84 43 141
84 43 142
84 43 143
84 43 144
84 43 145
84 43 146
84 43 147
84 43 148
84 43 149
84 43 150
84 43 151
84 43 152
84 43 153
84 43 154
84 43 155
84 43 156
84 43 157
84 43 158
84 43 159
84 43 160
84 43 161
84 43 162
84 43 163
84 43 164
84 43 165
84 43 166
84 43 167
84 43 168
84 43 169
84 43 170
84 43 171
84 43 172
84 43 173
84 43 174
84 43 175
84 43 176
84 43 177
84 43 178
84 43 179
84 43 180
84 43 181
84 43 182
84 43 183
84 43 184
84 43 185
84 43 186
84 43 187
84 43 188
84 43 189
84 43 190
84 43 191
84 43 192
84 43 193
84 43 194
84 43 195
84 43 196
84 43 197
84 43 198
84 43 199
84 43 200
84 43 201
84 43 202
84 43 203
84 43 204
84 43 205
84 43 206
84 43 207
84 43 208
84 43 209
84 43 210
84 43 211
84 43 212
84 43 213
84 43 214
84 43 215
84 43 216
84 43 217
84 43 218
84 43 219
84 43 220
84 43 221
84 43 222
84 43 223
84 43 224
84 43 225
84 43 226
84 43 227
84 43 228
84 43 229
84 43 230
84 43 231
84 43 232
84 43 233
84 43 234
84 43 235
84 43 236
84 43 237
84 43 238
84 43 239
84 43 240
84 43 241
84 43 242
84 43 243
84 43 244
84 43 245
