45 47 1
46 47 1
45 47 2
46 47 2
45 47 3
46 47 3
45 47 4
46 47 4
45 47 5
46 47 5
45 47 6
46 47 6
45 47 7
46 47 7
45 47 8
46 47 8
45 47 9
46 47 9
45 47 10
46 47 10
45 47 11
46 47 11
45 47 12
46 47 12
45 47 13
46 47 13
45 47 14
46 47 14
45 47 15
46 47 15
45 47 16
46 47 16
45 47 17
46 47 17
45 47 18
46 47 18
45 47 19
46 47 19
45 47 20
46 47 20
45 47 21
46 47 21
45 47 22
46 47 22
45 47 23
46 47 23
45 47 24
46 47 24
45 47 25
46 47 25
45 47 26
46 47 26
45 47 27
46 47 27
45 47 28
46 47 28
45 47 29
46 47 29
45 47 30
46 47 30
45 47 31
46 47 31
45 47 32
46 47 32
45 47 33
46 47 33
45 47 34
46 47 34
45 47 35
46 47 35
45 47 36
46 47 36
45 47 37
46 47 37
45 47 38
46 47 38
45 47 39
46 47 39
45 47 40
46 47 40
45 47 41
46 47 41
45 47 42
46 47 42
45 47 43
46 47 43
45 47 44
46 47 44
45 47 45
46 47 45
45 47 46
46 47 46
45 47 47
46 47 47
45 47 48
46 47 48
45 47 49
46 47 49
45 47 50
46 47 50
45 47 51
46 47 51
45 47 52
46 47 52
45 47 53
46 47 53
45 47 54
46 47 54
45 47 55
46 47 55
45 47 56
46 47 56
45 47 57
46 47 57
45 47 58
46 47 58
45 47 59
46 47 59
45 47 60
46 47 60
45 47 61
46 47 61
45 47 62
46 47 62
45 47 63
46 47 63
45 47 64
46 47 64
45 47 65
46 47 65
45 47 66
46 47 66
45 47 67
46 47 67
45 47 68
46 47 68
45 47 69
46 47 69
45 47 70
46 47 70
45 47 71
46 47 71
45 47 72
46 47 72
45 47 73
46 47 73
45 47 74
46 47 74
45 47 75
46 47 75
45 47 76
46 47 76
45 47 77
46 47 77
45 47 78
46 47 78
45 47 79
46 47 79
45 47 80
46 47 80
45 47 81
46 47 81
45 47 82
46 47 82
45 47 83
46 47 83
45 47 84
46 47 84
45 47 85
46 47 85
45 47 86
46 47 86
45 47 87
46 47 87
45 47 88
46 47 88
45 47 89
46 47 89
45 47 90
46 47 90
45 47 91
46 47 91
45 47 92
46 47 92
45 47 93
46 47 93
45 47 94
46 47 94
45 47 95
46 47 95
45 47 96
46 47 96
45 47 97
46 47 97
45 47 98
46 47 98
45 47 99
46 47 99
45 47 100
46 47 100
45 47 101
46 47 101
45 47 102
46 47 102
45 47 103
46 47 103
45 47 104
46 47 104
45 47 105
46 47 105
45 47 106
46 47 106
45 47 107
46 47 107
45 47 108
46 47 108
45 47 109
46 47 109
45 47 110
46 47 110
45 47 111
46 47 111
45 47 112
46 47 112
45 47 113
46 47 113
45 47 114
46 47 114
45 47 115
46 47 115
45 47 116
46 47 116
45 47 117
46 47 117
45 47 118
46 47 118
45 47 119
46 47 119
45 47 120
46 47 120
45 47 121
46 47 121
45 47 122
46 47 122
45 47 123
46 47 123
45 47 124
46 47 124
45 47 125
46 47 125
45 47 126
46 47 126
45 47 127
46 47 127
45 47 128
46 47 128
45 47 129
46 47 129
45 47 130
46 47 130
45 47 131
46 47 131
45 47 132
46 47 132
45 47 133
46 47 133
45 47 134
46 47 134
45 47 135
46 47 135
45 47 136
46 47 136
45 47 137
46 47 137
45 47 138
46 47 138
45 47 139
46 47 139
45 47 140
46 47 140
45 47 141
46 47 141
45 47 142
46 47 142
45 47 143
46 47 143
45 47 144
46 47 144
45 47 145
46 47 145
45 47 146
46 47 146
45 47 147
46 47 147
45 47 148
46 47 148
45 47 149
46 47 149
45 47 150
46 47 150
45 47 151
46 47 151
45 47 152
46 47 152
45 47 153
46 47 153
45 47 154
46 47 154
45 47 155
46 47 155
45 47 156
46 47 156
45 47 157
46 47 157
45 47 158
46 47 158
45 47 159
46 47 159
45 47 160
46 47 160
45 47 161
46 47 161
45 47 162
46 47 162
45 47 163
46 47 163
45 47 164
46 47 164
45 47 165
46 47 165
45 47 166
46 47 166
45 47 167
46 47 167
45 47 168
46 47 168
45 47 169
46 47 169
45 47 170
46 47 170
45 47 171
46 47 171
45 47 172
46 47 172
45 47 173
46 47 173
45 47 174
46 47 174
45 47 175
46 47 175
45 47 176
46 47 176
45 47 177
46 47 177
45 47 178
46 47 178
45 47 179
46 47 179
45 47 180
46 47 180
45 47 181
46 47 181
45 47 182
46 47 182
45 47 183
46 47 183
45 47 184
46 47 184
45 47 185
46 47 185
45 47 186
46 47 186
45 47 187
46 47 187
45 47 188
46 47 188
45 47 189
46 47 189
45 47 190
46 47 190
45 47 191
46 47 191
45 47 192
46 47 192
45 47 193
46 47 193
45 47 194
46 47 194
45 47 195
46 47 195
45 47 196
46 47 196
45 47 197
46 47 197
45 47 198
46 47 198
45 47 199
46 47 199
45 47 200
46 47 200
45 47 201
46 47 201
45 47 202
46 47 202
45 47 203
46 47 203
45 47 204
46 47 204
45 47 205
46 47 205
45 47 206
46 47 206
45 47 207
46 47 207
45 47 208
46 47 208
45 47 209
46 47 209
45 47 210
46 47 210
45 47 211
46 47 211
45 47 212
46 47 212
45 47 213
46 47 213
45 47 214
46 47 214
45 47 215
46 47 215
45 47 216
46 47 216
45 47 217
46 47 217
45 47 218
46 47 218
45 47 219
46 47 219
45 47 220
46 47 220
45 47 221
46 47 221
45 47 222
46 47 222
45 47 223
46 47 223
45 47 224
46 47 224
45 47 225
46 47 225
45 47 226
46 47 226
45 47 227
46 47 227
45 47 228
46 47 228
45 47 229
46 47 229
45 47 230
46 47 230
45 47 231
46 47 231
45 47 232
46 47 232
45 47 233
46 47 233
45 47 234
46 47 234
45 47 235
46 47 235
45 47 236
46 47 236
45 47 237
46 47 237
45 47 238
46 47 238
45 47 239
46 47 239
45 47 240
46 47 240
45 47 241
46 47 241
45 47 242
46 47 242
45 47 243
46 47 243
45 47 244
46 47 244
45 47 245
46 47 245
45 47 246
46 47 246
45 47 247
46 47 247
45 47 248
46 47 248
45 47 249
46 47 249
45 47 250
46 47 250
45 47 251
46 47 251
45 47 252
46 47 252
45 47 253
46 47 253
45 47 254
46 47 254
45 47 255
46 47 255
45 47 256
46 47 256
45 47 257
46 47 257
45 47 258
46 47 258
45 47 259
46 47 259
45 47 260
46 47 260
45 47 261
46 47 261
45 47 262
46 47 262
45 47 263
46 47 263
45 47 264
46 47 264
45 47 265
46 47 265
45 47 266
46 47 266
45 47 267
46 47 267
45 47 268
46 47 268
45 47 269
46 47 269
45 47 270
46 47 270
45 47 271
46 47 271
45 47 272
46 47 272
45 47 273
46 47 273
45 47 274
46 47 274
45 47 275
46 47 275
45 47 276
46 47 276
45 47 277
46 47 277
45 47 278
46 47 278
45 47 279
46 47 279
45 47 280
46 47 280
45 47 281
46 47 281
45 47 282
46 47 282
45 47 283
46 47 283
45 47 284
46 47 284
45 47 285
46 47 285
45 47 286
46 47 286
45 47 287
46 47 287
45 47 288
46 47 288
45 47 289
46 47 289
45 47 290
46 47 290
45 47 291
46 47 291
45 47 292
46 47 292
45 47 293
46 47 293
45 47 294
46 47 294
45 47 295
46 47 295
45 47 296
46 47 296
45 47 297
46 47 297
45 47 298
46 47 298
45 47 299
46 47 299
45 47 300
46 47 300
45 47 301
46 47 301
45 47 302
46 47 302
45 47 303
46 47 303
45 47 304
46 47 304
45 47 305
46 47 305
45 47 306
46 47 306
45 47 307
46 47 307
45 47 308
46 47 308
45 47 309
46 47 309
45 47 310
46 47 310
45 47 311
46 47 311
45 47 312
46 47 312
45 47 313
46 47 313
45 47 314
46 47 314
45 47 315
46 47 315
45 47 316
46 47 316
45 47 317
46 47 317
45 47 318
46 47 318
45 47 319
46 47 319
45 47 320
46 47 320
45 47 321
46 47 321
45 47 322
46 47 322
45 47 323
46 47 323
45 47 324
46 47 324
45 47 325
46 47 325
45 47 326
46 47 326
45 47 327
46 47 327
45 47 328
46 47 328
45 47 329
46 47 329
45 47 330
46 47 330
45 47 331
46 47 331
45 47 332
46 47 332
45 47 333
46 47 333
45 47 334
46 47 334
45 47 335
46 47 335
45 47 336
46 47 336
45 47 337
46 47 337
45 47 338
46 47 338
45 47 339
46 47 339
45 47 340
46 47 340
45 47 341
46 47 341
45 47 342
46 47 342
45 47 343
46 47 343
45 47 344
46 47 344
45 47 345
46 47 345
45 47 346
46 47 346
45 47 347
46 47 347
45 47 348
46 47 348
45 47 349
46 47 349
45 47 350
46 47 350
45 47 351
46 47 351
45 47 352
46 47 352
45 47 353
46 47 353
45 47 354
46 47 354
45 47 355
46 47 355
45 47 356
46 47 356
45 47 357
46 47 357
45 47 358
46 47 358
45 47 359
46 47 359
45 47 360
46 47 360
45 47 361
46 47 361
45 47 362
46 47 362
45 47 363
46 47 363
45 47 364
46 47 364
45 47 365
46 47 365
45 47 366
46 47 366
45 47 367
46 47 367
45 47 368
46 47 368
45 47 369
46 47 369
45 47 370
46 47 370
45 47 371
46 47 371
45 47 372
46 47 372
45 47 373
46 47 373
45 47 374
46 47 374
45 47 375
46 47 375
45 47 376
46 47 376
45 47 377
46 47 377
45 47 378
46 47 378
45 47 379
46 47 379
45 47 380
46 47 380
45 47 381
46 47 381
45 47 382
46 47 382
45 47 383
46 47 383
45 47 384
46 47 384
45 47 385
46 47 385
45 47 386
46 47 386
45 47 387
46 47 387
45 47 388
46 47 388
45 47 389
46 47 389
45 47 390
46 47 390
45 47 391
46 47 391
45 47 392
46 47 392
45 47 393
46 47 393
45 47 394
46 47 394
45 47 395
46 47 395
45 47 396
46 47 396
45 47 397
46 47 397
45 47 398
46 47 398
45 47 399
46 47 399
45 47 400
46 47 400
45 47 401
46 47 401
45 47 402
46 47 402
45 47 403
46 47 403
45 47 404
46 47 404
45 47 405
46 47 405
45 47 406
46 47 406
45 47 407
46 47 407
45 47 408
46 47 408
45 47 409
46 47 409
45 47 410
46 47 410
45 47 411
46 47 411
45 47 412
46 47 412
45 47 413
46 47 413
45 47 414
46 47 414
45 47 415
46 47 415
45 47 416
46 47 416
45 47 417
46 47 417
45 47 418
46 47 418
45 47 419
46 47 419
45 47 420
46 47 420
45 47 421
46 47 421
45 47 422
46 47 422
45 47 423
46 47 423
45 47 424
46 47 424
45 47 425
46 47 425
45 47 426
46 47 426
45 47 427
46 47 427
45 47 428
46 47 428
45 47 429
46 47 429
45 47 430
46 47 430
45 47 431
46 47 431
45 47 432
46 47 432
45 47 433
46 47 433
45 47 434
46 47 434
45 47 435
46 47 435
45 47 436
46 47 436
45 47 437
46 47 437
45 47 438
46 47 438
45 47 439
46 47 439
45 47 440
46 47 440
45 47 441
46 47 441
45 47 442
46 47 442
45 47 443
46 47 443
45 47 444
46 47 444
45 47 445
46 47 445
45 47 446
46 47 446
45 47 447
46 47 447
45 47 448
46 47 448
45 47 449
46 47 449
45 47 450
46 47 450
45 47 451
46 47 451
45 47 452
46 47 452
45 47 453
46 47 453
45 47 454
46 47 454
45 47 455
46 47 455
45 47 456
46 47 456
45 47 457
46 47 457
45 47 458
46 47 458
45 47 459
46 47 459
45 47 460
46 47 460
45 47 461
46 47 461
45 47 462
46 47 462
45 47 463
46 47 463
45 47 464
46 47 464
45 47 465
46 47 465
45 47 466
46 47 466
45 47 467
46 47 467
45 47 468
46 47 468
45 47 469
46 47 469
45 47 470
46 47 470
45 47 471
46 47 471
45 47 472
46 47 472
45 47 473
46 47 473
45 47 474
46 47 474
45 47 475
46 47 475
45 47 476
46 47 476
45 47 477
46 47 477
45 47 478
46 47 478
45 47 479
46 47 479
45 47 480
46 47 480
45 47 481
46 47 481
45 47 482
46 47 482
45 47 483
46 47 483
45 47 484
46 47 484
45 47 485
46 47 485
45 47 486
46 47 486
45 47 487
46 47 487
45 47 488
46 47 488
45 47 489
46 47 489
45 47 490
46 47 490
45 47 491
46 47 491
