17 19 1
18 19 1
17 19 2
18 19 2
17 19 3
18 19 3
17 19 4
18 19 4
17 19 5
18 19 5
17 19 6
18 19 6
17 19 7
18 19 7
17 19 8
18 19 8
17 19 9
18 19 9
17 19 10
18 19 10
17 19 11
18 19 11
17 19 12
18 19 12
17 19 13
18 19 13
17 19 14
18 19 14
17 19 15
18 19 15
17 19 16
18 19 16
17 19 17
18 19 17
17 19 18
18 19 18
17 19 19
18 19 19
17 19 20
18 19 20
17 19 21
18 19 21
17 19 22
18 19 22
17 19 23
18 19 23
17 19 24
18 19 24
17 19 25
18 19 25
17 19 26
18 19 26
17 19 27
18 19 27
17 19 28
18 19 28
17 19 29
18 19 29
17 19 30
18 19 30
17 19 31
18 19 31
17 19 32
18 19 32
17 19 33
18 19 33
17 19 34
18 19 34
17 19 35
18 19 35
17 19 36
18 19 36
17 19 37
18 19 37
17 19 38
18 19 38
17 19 39
18 19 39
17 19 40
18 19 40
17 19 41
18 19 41
17 19 42
18 19 42
17 19 43
18 19 43
17 19 44
18 19 44
17 19 45
18 19 45
17 19 46
18 19 46
17 19 47
18 19 47
17 19 48
18 19 48
17 19 49
18 19 49
17 19 50
18 19 50
17 19 51
18 19 51
17 19 52
18 19 52
17 19 53
18 19 53
17 19 54
18 19 54
17 19 55
18 19 55
17 19 56
18 19 56
17 19 57
18 19 57
17 19 58
18 19 58
17 19 59
18 19 59
17 19 60
18 19 60
17 19 61
18 19 61
17 19 62
18 19 62
17 19 63
18 19 63
17 19 64
18 19 64
17 19 65
18 19 65
17 19 66
18 19 66
17 19 67
18 19 67
17 19 68
18 19 68
17 19 69
18 19 69
17 19 70
18 19 70
17 19 71
18 19 71
17 19 72
18 19 72
17 19 73
18 19 73
17 19 74
18 19 74
17 19 75
18 19 75
17 19 76
18 19 76
17 19 77
18 19 77
17 19 78
18 19 78
17 19 79
18 19 79
17 19 80
18 19 80
17 19 81
18 19 81
17 19 82
18 19 82
17 19 83
18 19 83
17 19 84
18 19 84
17 19 85
18 19 85
17 19 86
18 19 86
17 19 87
18 19 87
17 19 88
18 19 88
17 19 89
18 19 89
17 19 90
18 19 90
17 19 91
18 19 91
17 19 92
18 19 92
17 19 93
18 19 93
17 19 94
18 19 94
17 19 95
18 19 95
17 19 96
18 19 96
17 19 97
18 19 97
17 19 98
18 19 98
17 19 99
18 19 99
17 19 100
18 19 100
17 19 101
18 19 101
17 19 102
18 19 102
17 19 103
18 19 103
17 19 104
18 19 104
17 19 105
18 19 105
17 19 106
18 19 106
17 19 107
18 19 107
17 19 108
18 19 108
17 19 109
18 19 109
17 19 110
18 19 110
17 19 111
18 19 111
17 19 112
18 19 112
17 19 113
18 19 113
17 19 114
18 19 114
17 19 115
18 19 115
17 19 116
18 19 116
17 19 117
18 19 117
17 19 118
18 19 118
17 19 119
18 19 119
17 19 120
18 19 120
17 19 121
18 19 121
17 19 122
18 19 122
17 19 123
18 19 123
17 19 124
18 19 124
17 19 125
18 19 125
17 19 126
18 19 126
17 19 127
18 19 127
17 19 128
18 19 128
17 19 129
18 19 129
17 19 130
18 19 130
17 19 131
18 19 131
17 19 132
18 19 132
17 19 133
18 19 133
17 19 134
18 19 134
17 19 135
18 19 135
17 19 136
18 19 136
17 19 137
18 19 137
17 19 138
18 19 138
17 19 139
18 19 139
17 19 140
18 19 140
17 19 141
18 19 141
17 19 142
18 19 142
17 19 143
18 19 143
17 19 144
18 19 144
17 19 145
18 19 145
17 19 146
18 19 146
17 19 147
18 19 147
17 19 148
18 19 148
17 19 149
18 19 149
17 19 150
18 19 150
17 19 151
18 19 151
17 19 152
18 19 152
17 19 153
18 19 153
17 19 154
18 19 154
17 19 155
18 19 155
17 19 156
18 19 156
17 19 157
18 19 157
17 19 158
18 19 158
17 19 159
18 19 159
17 19 160
18 19 160
17 19 161
18 19 161
17 19 162
18 19 162
17 19 163
18 19 163
17 19 164
18 19 164
17 19 165
18 19 165
17 19 166
18 19 166
17 19 167
18 19 167
17 19 168
18 19 168
17 19 169
18 19 169
17 19 170
18 19 170
17 19 171
18 19 171
17 19 172
18 19 172
17 19 173
18 19 173
17 19 174
18 19 174
17 19 175
18 19 175
17 19 176
18 19 176
17 19 177
18 19 177
17 19 178
18 19 178
17 19 179
18 19 179
17 19 180
18 19 180
17 19 181
18 19 181
17 19 182
18 19 182
17 19 183
18 19 183
17 19 184
18 19 184
17 19 185
18 19 185
17 19 186
18 19 186
17 19 187
18 19 187
17 19 188
18 19 188
17 19 189
18 19 189
17 19 190
18 19 190
17 19 191
18 19 191
17 19 192
18 19 192
17 19 193
18 19 193
17 19 194
18 19 194
17 19 195
18 19 195
17 19 196
18 19 196
17 19 197
18 19 197
17 19 198
18 19 198
17 19 199
18 19 199
17 19 200
18 19 200
17 19 201
18 19 201
17 19 202
18 19 202
17 19 203
18 19 203
17 19 204
18 19 204
17 19 205
18 19 205
17 19 206
18 19 206
17 19 207
18 19 207
17 19 208
18 19 208
17 19 209
18 19 209
17 19 210
18 19 210
17 19 211
18 19 211
17 19 212
18 19 212
17 19 213
18 19 213
17 19 214
18 19 214
17 19 215
18 19 215
17 19 216
18 19 216
17 19 217
18 19 217
17 19 218
18 19 218
17 19 219
18 19 219
17 19 220
18 19 220
17 19 221
18 19 221
17 19 222
18 19 222
17 19 223
18 19 223
17 19 224
18 19 224
17 19 225
18 19 225
17 19 226
18 19 226
17 19 227
18 19 227
17 19 228
18 19 228
17 19 229
18 19 229
17 19 230
18 19 230
17 19 231
18 19 231
17 19 232
18 19 232
17 19 233
18 19 233
17 19 234
18 19 234
17 19 235
18 19 235
17 19 236
18 19 236
17 19 237
18 19 237
17 19 238
18 19 238
17 19 239
18 19 239
17 19 240
18 19 240
17 19 241
18 19 241
17 19 242
18 19 242
17 19 243
18 19 243
17 19 244
18 19 244
17 19 245
18 19 245
17 19 246
18 19 246
17 19 247
18 19 247
17 19 248
18 19 248
17 19 249
18 19 249
17 19 250
18 19 250
17 19 251
18 19 251
17 19 252
18 19 252
17 19 253
18 19 253
17 19 254
18 19 254
17 19 255
18 19 255
17 19 256
18 19 256
17 19 257
18 19 257
17 19 258
18 19 258
17 19 259
18 19 259
17 19 260
18 19 260
17 19 261
18 19 261
17 19 262
18 19 262
17 19 263
18 19 263
17 19 264
18 19 264
17 19 265
18 19 265
17 19 266
18 19 266
17 19 267
18 19 267
17 19 268
18 19 268
17 19 269
18 19 269
17 19 270
18 19 270
17 19 271
18 19 271
17 19 272
18 19 272
17 19 273
18 19 273
17 19 274
18 19 274
17 19 275
18 19 275
17 19 276
18 19 276
17 19 277
18 19 277
17 19 278
18 19 278
17 19 279
18 19 279
17 19 280
18 19 280
17 19 281
18 19 281
17 19 282
18 19 282
17 19 283
18 19 283
17 19 284
18 19 284
17 19 285
18 19 285
17 19 286
18 19 286
17 19 287
18 19 287
17 19 288
18 19 288
17 19 289
18 19 289
17 19 290
18 19 290
17 19 291
18 19 291
17 19 292
18 19 292
17 19 293
18 19 293
17 19 294
18 19 294
17 19 295
18 19 295
17 19 296
18 19 296
17 19 297
18 19 297
17 19 298
18 19 298
17 19 299
18 19 299
17 19 300
18 19 300
17 19 301
18 19 301
17 19 302
18 19 302
17 19 303
18 19 303
17 19 304
18 19 304
17 19 305
18 19 305
17 19 306
18 19 306
17 19 307
18 19 307
17 19 308
18 19 308
17 19 309
18 19 309
17 19 310
18 19 310
17 19 311
18 19 311
17 19 312
18 19 312
17 19 313
18 19 313
17 19 314
18 19 314
17 19 315
18 19 315
17 19 316
18 19 316
17 19 317
18 19 317
17 19 318
18 19 318
17 19 319
18 19 319
17 19 320
18 19 320
17 19 321
18 19 321
17 19 322
18 19 322
17 19 323
18 19 323
17 19 324
18 19 324
17 19 325
18 19 325
17 19 326
18 19 326
17 19 327
18 19 327
17 19 328
18 19 328
17 19 329
18 19 329
17 19 330
18 19 330
17 19 331
18 19 331
17 19 332
18 19 332
17 19 333
18 19 333
17 19 334
18 19 334
17 19 335
18 19 335
17 19 336
18 19 336
17 19 337
18 19 337
17 19 338
18 19 338
17 19 339
18 19 339
17 19 340
18 19 340
17 19 341
18 19 341
17 19 342
18 19 342
17 19 343
18 19 343
17 19 344
18 19 344
17 19 345
18 19 345
17 19 346
18 19 346
17 19 347
18 19 347
17 19 348
18 19 348
17 19 349
18 19 349
17 19 350
18 19 350
17 19 351
18 19 351
17 19 352
18 19 352
17 19 353
18 19 353
17 19 354
18 19 354
17 19 355
18 19 355
17 19 356
18 19 356
17 19 357
18 19 357
17 19 358
18 19 358
17 19 359
18 19 359
17 19 360
18 19 360
17 19 361
18 19 361
17 19 362
18 19 362
17 19 363
18 19 363
17 19 364
18 19 364
17 19 365
18 19 365
17 19 366
18 19 366
17 19 367
18 19 367
17 19 368
18 19 368
17 19 369
18 19 369
17 19 370
18 19 370
17 19 371
18 19 371
17 19 372
18 19 372
17 19 373
18 19 373
17 19 374
18 19 374
17 19 375
18 19 375
17 19 376
18 19 376
17 19 377
18 19 377
17 19 378
18 19 378
17 19 379
18 19 379
17 19 380
18 19 380
17 19 381
18 19 381
17 19 382
18 19 382
17 19 383
18 19 383
17 19 384
18 19 384
17 19 385
18 19 385
17 19 386
18 19 386
17 19 387
18 19 387
17 19 388
18 19 388
17 19 389
18 19 389
17 19 390
18 19 390
17 19 391
18 19 391
17 19 392
18 19 392
17 19 393
18 19 393
17 19 394
18 19 394
17 19 395
18 19 395
17 19 396
18 19 396
17 19 397
18 19 397
17 19 398
18 19 398
17 19 399
18 19 399
17 19 400
18 19 400
17 19 401
18 19 401
17 19 402
18 19 402
17 19 403
18 19 403
17 19 404
18 19 404
17 19 405
18 19 405
17 19 406
18 19 406
17 19 407
18 19 407
17 19 408
18 19 408
17 19 409
18 19 409
17 19 410
18 19 410
17 19 411
18 19 411
17 19 412
18 19 412
17 19 413
18 19 413
17 19 414
18 19 414
17 19 415
18 19 415
17 19 416
18 19 416
17 19 417
18 19 417
17 19 418
18 19 418
17 19 419
18 19 419
17 19 420
18 19 420
17 19 421
18 19 421
17 19 422
18 19 422
17 19 423
18 19 423
17 19 424
18 19 424
17 19 425
18 19 425
17 19 426
18 19 426
17 19 427
18 19 427
17 19 428
18 19 428
17 19 429
18 19 429
17 19 430
18 19 430
17 19 431
18 19 431
17 19 432
18 19 432
17 19 433
18 19 433
17 19 434
18 19 434
17 19 435
18 19 435
17 19 436
18 19 436
17 19 437
18 19 437
17 19 438
18 19 438
17 19 439
18 19 439
17 19 440
18 19 440
17 19 441
18 19 441
17 19 442
18 19 442
17 19 443
18 19 443
17 19 444
18 19 444
17 19 445
18 19 445
17 19 446
18 19 446
17 19 447
18 19 447
17 19 448
18 19 448
17 19 449
18 19 449
17 19 450
18 19 450
17 19 451
18 19 451
17 19 452
18 19 452
17 19 453
18 19 453
17 19 454
18 19 454
17 19 455
18 19 455
17 19 456
18 19 456
17 19 457
18 19 457
17 19 458
18 19 458
17 19 459
18 19 459
17 19 460
18 19 460
17 19 461
18 19 461
17 19 462
18 19 462
17 19 463
18 19 463
17 19 464
18 19 464
17 19 465
18 19 465
17 19 466
18 19 466
17 19 467
18 19 467
17 19 468
18 19 468
17 19 469
18 19 469
17 19 470
18 19 470
17 19 471
18 19 471
17 19 472
18 19 472
17 19 473
18 19 473
17 19 474
18 19 474
17 19 475
18 19 475
17 19 476
18 19 476
17 19 477
18 19 477
17 19 478
18 19 478
17 19 479
18 19 479
17 19 480
18 19 480
17 19 481
18 19 481
17 19 482
18 19 482
17 19 483
18 19 483
17 19 484
18 19 484
17 19 485
18 19 485
17 19 486
18 19 486
17 19 487
18 19 487
17 19 488
18 19 488
17 19 489
18 19 489
17 19 490
18 19 490
17 19 491
18 19 491
