10 12 1
11 12 1
10 12 2
11 12 2
10 12 3
11 12 3
10 12 4
11 12 4
10 12 5
11 12 5
10 12 6
11 12 6
10 12 7
11 12 7
10 12 8
11 12 8
10 12 9
11 12 9
10 12 10
11 12 10
10 12 11
11 12 11
10 12 12
11 12 12
10 12 13
11 12 13
10 12 14
11 12 14
10 12 15
11 12 15
10 12 16
11 12 16
10 12 17
11 12 17
10 12 18
11 12 18
10 12 19
11 12 19
10 12 20
11 12 20
10 12 21
11 12 21
10 12 22
11 12 22
10 12 23
11 12 23
10 12 24
11 12 24
10 12 25
11 12 25
10 12 26
11 12 26
10 12 27
11 12 27
10 12 28
11 12 28
10 12 29
11 12 29
10 12 30
11 12 30
10 12 31
11 12 31
10 12 32
11 12 32
10 12 33
11 12 33
10 12 34
11 12 34
10 12 35
11 12 35
10 12 36
11 12 36
10 12 37
11 12 37
10 12 38
11 12 38
10 12 39
11 12 39
10 12 40
11 12 40
10 12 41
11 12 41
10 12 42
11 12 42
10 12 43
11 12 43
10 12 44
11 12 44
10 12 45
11 12 45
10 12 46
11 12 46
10 12 47
11 12 47
10 12 48
11 12 48
10 12 49
11 12 49
10 12 50
11 12 50
10 12 51
11 12 51
10 12 52
11 12 52
10 12 53
11 12 53
10 12 54
11 12 54
10 12 55
11 12 55
10 12 56
11 12 56
10 12 57
11 12 57
10 12 58
11 12 58
10 12 59
11 12 59
10 12 60
11 12 60
10 12 61
11 12 61
10 12 62
11 12 62
10 12 63
11 12 63
10 12 64
11 12 64
10 12 65
11 12 65
10 12 66
11 12 66
10 12 67
11 12 67
10 12 68
11 12 68
10 12 69
11 12 69
10 12 70
11 12 70
10 12 71
11 12 71
10 12 72
11 12 72
10 12 73
11 12 73
10 12 74
11 12 74
10 12 75
11 12 75
10 12 76
11 12 76
10 12 77
11 12 77
10 12 78
11 12 78
10 12 79
11 12 79
10 12 80
11 12 80
10 12 81
11 12 81
10 12 82
11 12 82
10 12 83
11 12 83
10 12 84
11 12 84
10 12 85
11 12 85
10 12 86
11 12 86
10 12 87
11 12 87
10 12 88
11 12 88
10 12 89
11 12 89
10 12 90
11 12 90
10 12 91
11 12 91
10 12 92
11 12 92
10 12 93
11 12 93
10 12 94
11 12 94
10 12 95
11 12 95
10 12 96
11 12 96
10 12 97
11 12 97
10 12 98
11 12 98
10 12 99
11 12 99
10 12 100
11 12 100
10 12 101
11 12 101
10 12 102
11 12 102
10 12 103
11 12 103
10 12 104
11 12 104
10 12 105
11 12 105
10 12 106
11 12 106
10 12 107
11 12 107
10 12 108
11 12 108
10 12 109
11 12 109
10 12 110
11 12 110
10 12 111
11 12 111
10 12 112
11 12 112
10 12 113
11 12 113
10 12 114
11 12 114
10 12 115
11 12 115
10 12 116
11 12 116
10 12 117
11 12 117
10 12 118
11 12 118
10 12 119
11 12 119
10 12 120
11 12 120
10 12 121
11 12 121
10 12 122
11 12 122
10 12 123
11 12 123
10 12 124
11 12 124
10 12 125
11 12 125
10 12 126
11 12 126
10 12 127
11 12 127
10 12 128
11 12 128
10 12 129
11 12 129
10 12 130
11 12 130
10 12 131
11 12 131
10 12 132
11 12 132
10 12 133
11 12 133
10 12 134
11 12 134
10 12 135
11 12 135
10 12 136
11 12 136
10 12 137
11 12 137
10 12 138
11 12 138
10 12 139
11 12 139
10 12 140
11 12 140
10 12 141
11 12 141
10 12 142
11 12 142
10 12 143
11 12 143
10 12 144
11 12 144
10 12 145
11 12 145
10 12 146
11 12 146
10 12 147
11 12 147
10 12 148
11 12 148
10 12 149
11 12 149
10 12 150
11 12 150
10 12 151
11 12 151
10 12 152
11 12 152
10 12 153
11 12 153
10 12 154
11 12 154
10 12 155
11 12 155
10 12 156
11 12 156
10 12 157
11 12 157
10 12 158
11 12 158
10 12 159
11 12 159
10 12 160
11 12 160
10 12 161
11 12 161
10 12 162
11 12 162
10 12 163
11 12 163
10 12 164
11 12 164
10 12 165
11 12 165
10 12 166
11 12 166
10 12 167
11 12 167
10 12 168
11 12 168
10 12 169
11 12 169
10 12 170
11 12 170
10 12 171
11 12 171
10 12 172
11 12 172
10 12 173
11 12 173
10 12 174
11 12 174
10 12 175
11 12 175
10 12 176
11 12 176
10 12 177
11 12 177
10 12 178
11 12 178
10 12 179
11 12 179
10 12 180
11 12 180
10 12 181
11 12 181
10 12 182
11 12 182
10 12 183
11 12 183
10 12 184
11 12 184
10 12 185
11 12 185
10 12 186
11 12 186
10 12 187
11 12 187
10 12 188
11 12 188
10 12 189
11 12 189
10 12 190
11 12 190
10 12 191
11 12 191
10 12 192
11 12 192
10 12 193
11 12 193
10 12 194
11 12 194
10 12 195
11 12 195
10 12 196
11 12 196
10 12 197
11 12 197
10 12 198
11 12 198
10 12 199
11 12 199
10 12 200
11 12 200
10 12 201
11 12 201
10 12 202
11 12 202
10 12 203
11 12 203
10 12 204
11 12 204
10 12 205
11 12 205
10 12 206
11 12 206
10 12 207
11 12 207
10 12 208
11 12 208
10 12 209
11 12 209
10 12 210
11 12 210
10 12 211
11 12 211
10 12 212
11 12 212
10 12 213
11 12 213
10 12 214
11 12 214
10 12 215
11 12 215
10 12 216
11 12 216
10 12 217
11 12 217
10 12 218
11 12 218
10 12 219
11 12 219
10 12 220
11 12 220
10 12 221
11 12 221
10 12 222
11 12 222
10 12 223
11 12 223
10 12 224
11 12 224
10 12 225
11 12 225
10 12 226
11 12 226
10 12 227
11 12 227
10 12 228
11 12 228
10 12 229
11 12 229
10 12 230
11 12 230
10 12 231
11 12 231
10 12 232
11 12 232
10 12 233
11 12 233
10 12 234
11 12 234
10 12 235
11 12 235
10 12 236
11 12 236
10 12 237
11 12 237
10 12 238
11 12 238
10 12 239
11 12 239
10 12 240
11 12 240
10 12 241
11 12 241
10 12 242
11 12 242
10 12 243
11 12 243
10 12 244
11 12 244
10 12 245
11 12 245
10 12 246
11 12 246
10 12 247
11 12 247
10 12 248
11 12 248
10 12 249
11 12 249
10 12 250
11 12 250
10 12 251
11 12 251
10 12 252
11 12 252
10 12 253
11 12 253
10 12 254
11 12 254
10 12 255
11 12 255
10 12 256
11 12 256
10 12 257
11 12 257
10 12 258
11 12 258
10 12 259
11 12 259
10 12 260
11 12 260
10 12 261
11 12 261
10 12 262
11 12 262
10 12 263
11 12 263
10 12 264
11 12 264
10 12 265
11 12 265
10 12 266
11 12 266
10 12 267
11 12 267
10 12 268
11 12 268
10 12 269
11 12 269
10 12 270
11 12 270
10 12 271
11 12 271
10 12 272
11 12 272
10 12 273
11 12 273
10 12 274
11 12 274
10 12 275
11 12 275
10 12 276
11 12 276
10 12 277
11 12 277
10 12 278
11 12 278
10 12 279
11 12 279
10 12 280
11 12 280
10 12 281
11 12 281
10 12 282
11 12 282
10 12 283
11 12 283
10 12 284
11 12 284
10 12 285
11 12 285
10 12 286
11 12 286
10 12 287
11 12 287
10 12 288
11 12 288
10 12 289
11 12 289
10 12 290
11 12 290
10 12 291
11 12 291
10 12 292
11 12 292
10 12 293
11 12 293
10 12 294
11 12 294
10 12 295
11 12 295
10 12 296
11 12 296
10 12 297
11 12 297
10 12 298
11 12 298
10 12 299
11 12 299
10 12 300
11 12 300
10 12 301
11 12 301
10 12 302
11 12 302
10 12 303
11 12 303
10 12 304
11 12 304
10 12 305
11 12 305
10 12 306
11 12 306
10 12 307
11 12 307
10 12 308
11 12 308
10 12 309
11 12 309
10 12 310
11 12 310
10 12 311
11 12 311
10 12 312
11 12 312
10 12 313
11 12 313
10 12 314
11 12 314
10 12 315
11 12 315
10 12 316
11 12 316
10 12 317
11 12 317
10 12 318
11 12 318
10 12 319
11 12 319
10 12 320
11 12 320
10 12 321
11 12 321
10 12 322
11 12 322
10 12 323
11 12 323
10 12 324
11 12 324
10 12 325
11 12 325
10 12 326
11 12 326
10 12 327
11 12 327
10 12 328
11 12 328
10 12 329
11 12 329
10 12 330
11 12 330
10 12 331
11 12 331
10 12 332
11 12 332
10 12 333
11 12 333
10 12 334
11 12 334
10 12 335
11 12 335
10 12 336
11 12 336
10 12 337
11 12 337
10 12 338
11 12 338
10 12 339
11 12 339
10 12 340
11 12 340
10 12 341
11 12 341
10 12 342
11 12 342
10 12 343
11 12 343
10 12 344
11 12 344
10 12 345
11 12 345
10 12 346
11 12 346
10 12 347
11 12 347
10 12 348
11 12 348
10 12 349
11 12 349
10 12 350
11 12 350
10 12 351
11 12 351
10 12 352
11 12 352
10 12 353
11 12 353
10 12 354
11 12 354
10 12 355
11 12 355
10 12 356
11 12 356
10 12 357
11 12 357
10 12 358
11 12 358
10 12 359
11 12 359
10 12 360
11 12 360
10 12 361
11 12 361
10 12 362
11 12 362
10 12 363
11 12 363
10 12 364
11 12 364
10 12 365
11 12 365
10 12 366
11 12 366
10 12 367
11 12 367
10 12 368
11 12 368
10 12 369
11 12 369
10 12 370
11 12 370
10 12 371
11 12 371
10 12 372
11 12 372
10 12 373
11 12 373
10 12 374
11 12 374
10 12 375
11 12 375
10 12 376
11 12 376
10 12 377
11 12 377
10 12 378
11 12 378
10 12 379
11 12 379
10 12 380
11 12 380
10 12 381
11 12 381
10 12 382
11 12 382
10 12 383
11 12 383
10 12 384
11 12 384
10 12 385
11 12 385
10 12 386
11 12 386
10 12 387
11 12 387
10 12 388
11 12 388
10 12 389
11 12 389
10 12 390
11 12 390
10 12 391
11 12 391
10 12 392
11 12 392
10 12 393
11 12 393
10 12 394
11 12 394
10 12 395
11 12 395
10 12 396
11 12 396
10 12 397
11 12 397
10 12 398
11 12 398
10 12 399
11 12 399
10 12 400
11 12 400
10 12 401
11 12 401
10 12 402
11 12 402
10 12 403
11 12 403
10 12 404
11 12 404
10 12 405
11 12 405
10 12 406
11 12 406
10 12 407
11 12 407
10 12 408
11 12 408
10 12 409
11 12 409
10 12 410
11 12 410
10 12 411
11 12 411
10 12 412
11 12 412
10 12 413
11 12 413
10 12 414
11 12 414
10 12 415
11 12 415
10 12 416
11 12 416
10 12 417
11 12 417
10 12 418
11 12 418
10 12 419
11 12 419
10 12 420
11 12 420
10 12 421
11 12 421
10 12 422
11 12 422
10 12 423
11 12 423
10 12 424
11 12 424
10 12 425
11 12 425
10 12 426
11 12 426
10 12 427
11 12 427
10 12 428
11 12 428
10 12 429
11 12 429
10 12 430
11 12 430
10 12 431
11 12 431
10 12 432
11 12 432
10 12 433
11 12 433
10 12 434
11 12 434
10 12 435
11 12 435
10 12 436
11 12 436
10 12 437
11 12 437
10 12 438
11 12 438
10 12 439
11 12 439
10 12 440
11 12 440
10 12 441
11 12 441
10 12 442
11 12 442
10 12 443
11 12 443
10 12 444
11 12 444
10 12 445
11 12 445
10 12 446
11 12 446
10 12 447
11 12 447
10 12 448
11 12 448
10 12 449
11 12 449
10 12 450
11 12 450
10 12 451
11 12 451
10 12 452
11 12 452
10 12 453
11 12 453
10 12 454
11 12 454
10 12 455
11 12 455
10 12 456
11 12 456
10 12 457
11 12 457
10 12 458
11 12 458
10 12 459
11 12 459
10 12 460
11 12 460
10 12 461
11 12 461
10 12 462
11 12 462
10 12 463
11 12 463
10 12 464
11 12 464
10 12 465
11 12 465
10 12 466
11 12 466
10 12 467
11 12 467
10 12 468
11 12 468
10 12 469
11 12 469
10 12 470
11 12 470
10 12 471
11 12 471
10 12 472
11 12 472
10 12 473
11 12 473
10 12 474
11 12 474
10 12 475
11 12 475
10 12 476
11 12 476
10 12 477
11 12 477
10 12 478
11 12 478
10 12 479
11 12 479
10 12 480
11 12 480
10 12 481
11 12 481
10 12 482
11 12 482
10 12 483
11 12 483
10 12 484
11 12 484
10 12 485
11 12 485
10 12 486
11 12 486
10 12 487
11 12 487
10 12 488
11 12 488
10 12 489
11 12 489
10 12 490
11 12 490
10 12 491
11 12 491
