38 40 1
39 40 1
38 40 2
39 40 2
38 40 3
39 40 3
38 40 4
39 40 4
38 40 5
39 40 5
38 40 6
39 40 6
38 40 7
39 40 7
38 40 8
39 40 8
38 40 9
39 40 9
38 40 10
39 40 10
38 40 11
39 40 11
38 40 12
39 40 12
38 40 13
39 40 13
38 40 14
39 40 14
38 40 15
39 40 15
38 40 16
39 40 16
38 40 17
39 40 17
38 40 18
39 40 18
38 40 19
39 40 19
38 40 20
39 40 20
38 40 21
39 40 21
38 40 22
39 40 22
38 40 23
39 40 23
38 40 24
39 40 24
38 40 25
39 40 25
38 40 26
39 40 26
38 40 27
39 40 27
38 40 28
39 40 28
38 40 29
39 40 29
38 40 30
39 40 30
38 40 31
39 40 31
38 40 32
39 40 32
38 40 33
39 40 33
38 40 34
39 40 34
38 40 35
39 40 35
38 40 36
39 40 36
38 40 37
39 40 37
38 40 38
39 40 38
38 40 39
39 40 39
38 40 40
39 40 40
38 40 41
39 40 41
38 40 42
39 40 42
38 40 43
39 40 43
38 40 44
39 40 44
38 40 45
39 40 45
38 40 46
39 40 46
38 40 47
39 40 47
38 40 48
39 40 48
38 40 49
39 40 49
38 40 50
39 40 50
38 40 51
39 40 51
38 40 52
39 40 52
38 40 53
39 40 53
38 40 54
39 40 54
38 40 55
39 40 55
38 40 56
39 40 56
38 40 57
39 40 57
38 40 58
39 40 58
38 40 59
39 40 59
38 40 60
39 40 60
38 40 61
39 40 61
38 40 62
39 40 62
38 40 63
39 40 63
38 40 64
39 40 64
38 40 65
39 40 65
38 40 66
39 40 66
38 40 67
39 40 67
38 40 68
39 40 68
38 40 69
39 40 69
38 40 70
39 40 70
38 40 71
39 40 71
38 40 72
39 40 72
38 40 73
39 40 73
38 40 74
39 40 74
38 40 75
39 40 75
38 40 76
39 40 76
38 40 77
39 40 77
38 40 78
39 40 78
38 40 79
39 40 79
38 40 80
39 40 80
38 40 81
39 40 81
38 40 82
39 40 82
38 40 83
39 40 83
38 40 84
39 40 84
38 40 85
39 40 85
38 40 86
39 40 86
38 40 87
39 40 87
38 40 88
39 40 88
38 40 89
39 40 89
38 40 90
39 40 90
38 40 91
39 40 91
38 40 92
39 40 92
38 40 93
39 40 93
38 40 94
39 40 94
38 40 95
39 40 95
38 40 96
39 40 96
38 40 97
39 40 97
38 40 98
39 40 98
38 40 99
39 40 99
38 40 100
39 40 100
38 40 101
39 40 101
38 40 102
39 40 102
38 40 103
39 40 103
38 40 104
39 40 104
38 40 105
39 40 105
38 40 106
39 40 106
38 40 107
39 40 107
38 40 108
39 40 108
38 40 109
39 40 109
38 40 110
39 40 110
38 40 111
39 40 111
38 40 112
39 40 112
38 40 113
39 40 113
38 40 114
39 40 114
38 40 115
39 40 115
38 40 116
39 40 116
38 40 117
39 40 117
38 40 118
39 40 118
38 40 119
39 40 119
38 40 120
39 40 120
38 40 121
39 40 121
38 40 122
39 40 122
38 40 123
39 40 123
38 40 124
39 40 124
38 40 125
39 40 125
38 40 126
39 40 126
38 40 127
39 40 127
38 40 128
39 40 128
38 40 129
39 40 129
38 40 130
39 40 130
38 40 131
39 40 131
38 40 132
39 40 132
38 40 133
39 40 133
38 40 134
39 40 134
38 40 135
39 40 135
38 40 136
39 40 136
38 40 137
39 40 137
38 40 138
39 40 138
38 40 139
39 40 139
38 40 140
39 40 140
38 40 141
39 40 141
38 40 142
39 40 142
38 40 143
39 40 143
38 40 144
39 40 144
38 40 145
39 40 145
38 40 146
39 40 146
38 40 147
39 40 147
38 40 148
39 40 148
38 40 149
39 40 149
38 40 150
39 40 150
38 40 151
39 40 151
38 40 152
39 40 152
38 40 153
39 40 153
38 40 154
39 40 154
38 40 155
39 40 155
38 40 156
39 40 156
38 40 157
39 40 157
38 40 158
39 40 158
38 40 159
39 40 159
38 40 160
39 40 160
38 40 161
39 40 161
38 40 162
39 40 162
38 40 163
39 40 163
38 40 164
39 40 164
38 40 165
39 40 165
38 40 166
39 40 166
38 40 167
39 40 167
38 40 168
39 40 168
38 40 169
39 40 169
38 40 170
39 40 170
38 40 171
39 40 171
38 40 172
39 40 172
38 40 173
39 40 173
38 40 174
39 40 174
38 40 175
39 40 175
38 40 176
39 40 176
38 40 177
39 40 177
38 40 178
39 40 178
38 40 179
39 40 179
38 40 180
39 40 180
38 40 181
39 40 181
38 40 182
39 40 182
38 40 183
39 40 183
38 40 184
39 40 184
38 40 185
39 40 185
38 40 186
39 40 186
38 40 187
39 40 187
38 40 188
39 40 188
38 40 189
39 40 189
38 40 190
39 40 190
38 40 191
39 40 191
38 40 192
39 40 192
38 40 193
39 40 193
38 40 194
39 40 194
38 40 195
39 40 195
38 40 196
39 40 196
38 40 197
39 40 197
38 40 198
39 40 198
38 40 199
39 40 199
38 40 200
39 40 200
38 40 201
39 40 201
38 40 202
39 40 202
38 40 203
39 40 203
38 40 204
39 40 204
38 40 205
39 40 205
38 40 206
39 40 206
38 40 207
39 40 207
38 40 208
39 40 208
38 40 209
39 40 209
38 40 210
39 40 210
38 40 211
39 40 211
38 40 212
39 40 212
38 40 213
39 40 213
38 40 214
39 40 214
38 40 215
39 40 215
38 40 216
39 40 216
38 40 217
39 40 217
38 40 218
39 40 218
38 40 219
39 40 219
38 40 220
39 40 220
38 40 221
39 40 221
38 40 222
39 40 222
38 40 223
39 40 223
38 40 224
39 40 224
38 40 225
39 40 225
38 40 226
39 40 226
38 40 227
39 40 227
38 40 228
39 40 228
38 40 229
39 40 229
38 40 230
39 40 230
38 40 231
39 40 231
38 40 232
39 40 232
38 40 233
39 40 233
38 40 234
39 40 234
38 40 235
39 40 235
38 40 236
39 40 236
38 40 237
39 40 237
38 40 238
39 40 238
38 40 239
39 40 239
38 40 240
39 40 240
38 40 241
39 40 241
38 40 242
39 40 242
38 40 243
39 40 243
38 40 244
39 40 244
38 40 245
39 40 245
38 40 246
39 40 246
38 40 247
39 40 247
38 40 248
39 40 248
38 40 249
39 40 249
38 40 250
39 40 250
38 40 251
39 40 251
38 40 252
39 40 252
38 40 253
39 40 253
38 40 254
39 40 254
38 40 255
39 40 255
38 40 256
39 40 256
38 40 257
39 40 257
38 40 258
39 40 258
38 40 259
39 40 259
38 40 260
39 40 260
38 40 261
39 40 261
38 40 262
39 40 262
38 40 263
39 40 263
38 40 264
39 40 264
38 40 265
39 40 265
38 40 266
39 40 266
38 40 267
39 40 267
38 40 268
39 40 268
38 40 269
39 40 269
38 40 270
39 40 270
38 40 271
39 40 271
38 40 272
39 40 272
38 40 273
39 40 273
38 40 274
39 40 274
38 40 275
39 40 275
38 40 276
39 40 276
38 40 277
39 40 277
38 40 278
39 40 278
38 40 279
39 40 279
38 40 280
39 40 280
38 40 281
39 40 281
38 40 282
39 40 282
38 40 283
39 40 283
38 40 284
39 40 284
38 40 285
39 40 285
38 40 286
39 40 286
38 40 287
39 40 287
38 40 288
39 40 288
38 40 289
39 40 289
38 40 290
39 40 290
38 40 291
39 40 291
38 40 292
39 40 292
38 40 293
39 40 293
38 40 294
39 40 294
38 40 295
39 40 295
38 40 296
39 40 296
38 40 297
39 40 297
38 40 298
39 40 298
38 40 299
39 40 299
38 40 300
39 40 300
38 40 301
39 40 301
38 40 302
39 40 302
38 40 303
39 40 303
38 40 304
39 40 304
38 40 305
39 40 305
38 40 306
39 40 306
38 40 307
39 40 307
38 40 308
39 40 308
38 40 309
39 40 309
38 40 310
39 40 310
38 40 311
39 40 311
38 40 312
39 40 312
38 40 313
39 40 313
38 40 314
39 40 314
38 40 315
39 40 315
38 40 316
39 40 316
38 40 317
39 40 317
38 40 318
39 40 318
38 40 319
39 40 319
38 40 320
39 40 320
38 40 321
39 40 321
38 40 322
39 40 322
38 40 323
39 40 323
38 40 324
39 40 324
38 40 325
39 40 325
38 40 326
39 40 326
38 40 327
39 40 327
38 40 328
39 40 328
38 40 329
39 40 329
38 40 330
39 40 330
38 40 331
39 40 331
38 40 332
39 40 332
38 40 333
39 40 333
38 40 334
39 40 334
38 40 335
39 40 335
38 40 336
39 40 336
38 40 337
39 40 337
38 40 338
39 40 338
38 40 339
39 40 339
38 40 340
39 40 340
38 40 341
39 40 341
38 40 342
39 40 342
38 40 343
39 40 343
38 40 344
39 40 344
38 40 345
39 40 345
38 40 346
39 40 346
38 40 347
39 40 347
38 40 348
39 40 348
38 40 349
39 40 349
38 40 350
39 40 350
38 40 351
39 40 351
38 40 352
39 40 352
38 40 353
39 40 353
38 40 354
39 40 354
38 40 355
39 40 355
38 40 356
39 40 356
38 40 357
39 40 357
38 40 358
39 40 358
38 40 359
39 40 359
38 40 360
39 40 360
38 40 361
39 40 361
38 40 362
39 40 362
38 40 363
39 40 363
38 40 364
39 40 364
38 40 365
39 40 365
38 40 366
39 40 366
38 40 367
39 40 367
38 40 368
39 40 368
38 40 369
39 40 369
38 40 370
39 40 370
38 40 371
39 40 371
38 40 372
39 40 372
38 40 373
39 40 373
38 40 374
39 40 374
38 40 375
39 40 375
38 40 376
39 40 376
38 40 377
39 40 377
38 40 378
39 40 378
38 40 379
39 40 379
38 40 380
39 40 380
38 40 381
39 40 381
38 40 382
39 40 382
38 40 383
39 40 383
38 40 384
39 40 384
38 40 385
39 40 385
38 40 386
39 40 386
38 40 387
39 40 387
38 40 388
39 40 388
38 40 389
39 40 389
38 40 390
39 40 390
38 40 391
39 40 391
38 40 392
39 40 392
38 40 393
39 40 393
38 40 394
39 40 394
38 40 395
39 40 395
38 40 396
39 40 396
38 40 397
39 40 397
38 40 398
39 40 398
38 40 399
39 40 399
38 40 400
39 40 400
38 40 401
39 40 401
38 40 402
39 40 402
38 40 403
39 40 403
38 40 404
39 40 404
38 40 405
39 40 405
38 40 406
39 40 406
38 40 407
39 40 407
38 40 408
39 40 408
38 40 409
39 40 409
38 40 410
39 40 410
38 40 411
39 40 411
38 40 412
39 40 412
38 40 413
39 40 413
38 40 414
39 40 414
38 40 415
39 40 415
38 40 416
39 40 416
38 40 417
39 40 417
38 40 418
39 40 418
38 40 419
39 40 419
38 40 420
39 40 420
38 40 421
39 40 421
38 40 422
39 40 422
38 40 423
39 40 423
38 40 424
39 40 424
38 40 425
39 40 425
38 40 426
39 40 426
38 40 427
39 40 427
38 40 428
39 40 428
38 40 429
39 40 429
38 40 430
39 40 430
38 40 431
39 40 431
38 40 432
39 40 432
38 40 433
39 40 433
38 40 434
39 40 434
38 40 435
39 40 435
38 40 436
39 40 436
38 40 437
39 40 437
38 40 438
39 40 438
38 40 439
39 40 439
38 40 440
39 40 440
38 40 441
39 40 441
38 40 442
39 40 442
38 40 443
39 40 443
38 40 444
39 40 444
38 40 445
39 40 445
38 40 446
39 40 446
38 40 447
39 40 447
38 40 448
39 40 448
38 40 449
39 40 449
38 40 450
39 40 450
38 40 451
39 40 451
38 40 452
39 40 452
38 40 453
39 40 453
38 40 454
39 40 454
38 40 455
39 40 455
38 40 456
39 40 456
38 40 457
39 40 457
38 40 458
39 40 458
38 40 459
39 40 459
38 40 460
39 40 460
38 40 461
39 40 461
38 40 462
39 40 462
38 40 463
39 40 463
38 40 464
39 40 464
38 40 465
39 40 465
38 40 466
39 40 466
38 40 467
39 40 467
38 40 468
39 40 468
38 40 469
39 40 469
38 40 470
39 40 470
38 40 471
39 40 471
38 40 472
39 40 472
38 40 473
39 40 473
38 40 474
39 40 474
38 40 475
39 40 475
38 40 476
39 40 476
38 40 477
39 40 477
38 40 478
39 40 478
38 40 479
39 40 479
38 40 480
39 40 480
38 40 481
39 40 481
38 40 482
39 40 482
38 40 483
39 40 483
38 40 484
39 40 484
38 40 485
39 40 485
38 40 486
39 40 486
38 40 487
39 40 487
38 40 488
39 40 488
38 40 489
39 40 489
38 40 490
39 40 490
38 40 491
39 40 491
