24 26 1
25 26 1
24 26 2
25 26 2
24 26 3
25 26 3
24 26 4
25 26 4
24 26 5
25 26 5
24 26 6
25 26 6
24 26 7
25 26 7
24 26 8
25 26 8
24 26 9
25 26 9
24 26 10
25 26 10
24 26 11
25 26 11
24 26 12
25 26 12
24 26 13
25 26 13
24 26 14
25 26 14
24 26 15
25 26 15
24 26 16
25 26 16
24 26 17
25 26 17
24 26 18
25 26 18
24 26 19
25 26 19
24 26 20
25 26 20
24 26 21
25 26 21
24 26 22
25 26 22
24 26 23
25 26 23
24 26 24
25 26 24
24 26 25
25 26 25
24 26 26
25 26 26
24 26 27
25 26 27
24 26 28
25 26 28
24 26 29
25 26 29
24 26 30
25 26 30
24 26 31
25 26 31
24 26 32
25 26 32
24 26 33
25 26 33
24 26 34
25 26 34
24 26 35
25 26 35
24 26 36
25 26 36
24 26 37
25 26 37
24 26 38
25 26 38
24 26 39
25 26 39
24 26 40
25 26 40
24 26 41
25 26 41
24 26 42
25 26 42
24 26 43
25 26 43
24 26 44
25 26 44
24 26 45
25 26 45
24 26 46
25 26 46
24 26 47
25 26 47
24 26 48
25 26 48
24 26 49
25 26 49
24 26 50
25 26 50
24 26 51
25 26 51
24 26 52
25 26 52
24 26 53
25 26 53
24 26 54
25 26 54
24 26 55
25 26 55
24 26 56
25 26 56
24 26 57
25 26 57
24 26 58
25 26 58
24 26 59
25 26 59
24 26 60
25 26 60
24 26 61
25 26 61
24 26 62
25 26 62
24 26 63
25 26 63
24 26 64
25 26 64
24 26 65
25 26 65
24 26 66
25 26 66
24 26 67
25 26 67
24 26 68
25 26 68
24 26 69
25 26 69
24 26 70
25 26 70
24 26 71
25 26 71
24 26 72
25 26 72
24 26 73
25 26 73
24 26 74
25 26 74
24 26 75
25 26 75
24 26 76
25 26 76
24 26 77
25 26 77
24 26 78
25 26 78
24 26 79
25 26 79
24 26 80
25 26 80
24 26 81
25 26 81
24 26 82
25 26 82
24 26 83
25 26 83
24 26 84
25 26 84
24 26 85
25 26 85
24 26 86
25 26 86
24 26 87
25 26 87
24 26 88
25 26 88
24 26 89
25 26 89
24 26 90
25 26 90
24 26 91
25 26 91
24 26 92
25 26 92
24 26 93
25 26 93
24 26 94
25 26 94
24 26 95
25 26 95
24 26 96
25 26 96
24 26 97
25 26 97
24 26 98
25 26 98
24 26 99
25 26 99
24 26 100
25 26 100
24 26 101
25 26 101
24 26 102
25 26 102
24 26 103
25 26 103
24 26 104
25 26 104
24 26 105
25 26 105
24 26 106
25 26 106
24 26 107
25 26 107
24 26 108
25 26 108
24 26 109
25 26 109
24 26 110
25 26 110
24 26 111
25 26 111
24 26 112
25 26 112
24 26 113
25 26 113
24 26 114
25 26 114
24 26 115
25 26 115
24 26 116
25 26 116
24 26 117
25 26 117
24 26 118
25 26 118
24 26 119
25 26 119
24 26 120
25 26 120
24 26 121
25 26 121
24 26 122
25 26 122
24 26 123
25 26 123
24 26 124
25 26 124
24 26 125
25 26 125
24 26 126
25 26 126
24 26 127
25 26 127
24 26 128
25 26 128
24 26 129
25 26 129
24 26 130
25 26 130
24 26 131
25 26 131
24 26 132
25 26 132
24 26 133
25 26 133
24 26 134
25 26 134
24 26 135
25 26 135
24 26 136
25 26 136
24 26 137
25 26 137
24 26 138
25 26 138
24 26 139
25 26 139
24 26 140
25 26 140
24 26 141
25 26 141
24 26 142
25 26 142
24 26 143
25 26 143
24 26 144
25 26 144
24 26 145
25 26 145
24 26 146
25 26 146
24 26 147
25 26 147
24 26 148
25 26 148
24 26 149
25 26 149
24 26 150
25 26 150
24 26 151
25 26 151
24 26 152
25 26 152
24 26 153
25 26 153
24 26 154
25 26 154
24 26 155
25 26 155
24 26 156
25 26 156
24 26 157
25 26 157
24 26 158
25 26 158
24 26 159
25 26 159
24 26 160
25 26 160
24 26 161
25 26 161
24 26 162
25 26 162
24 26 163
25 26 163
24 26 164
25 26 164
24 26 165
25 26 165
24 26 166
25 26 166
24 26 167
25 26 167
24 26 168
25 26 168
24 26 169
25 26 169
24 26 170
25 26 170
24 26 171
25 26 171
24 26 172
25 26 172
24 26 173
25 26 173
24 26 174
25 26 174
24 26 175
25 26 175
24 26 176
25 26 176
24 26 177
25 26 177
24 26 178
25 26 178
24 26 179
25 26 179
24 26 180
25 26 180
24 26 181
25 26 181
24 26 182
25 26 182
24 26 183
25 26 183
24 26 184
25 26 184
24 26 185
25 26 185
24 26 186
25 26 186
24 26 187
25 26 187
24 26 188
25 26 188
24 26 189
25 26 189
24 26 190
25 26 190
24 26 191
25 26 191
24 26 192
25 26 192
24 26 193
25 26 193
24 26 194
25 26 194
24 26 195
25 26 195
24 26 196
25 26 196
24 26 197
25 26 197
24 26 198
25 26 198
24 26 199
25 26 199
24 26 200
25 26 200
24 26 201
25 26 201
24 26 202
25 26 202
24 26 203
25 26 203
24 26 204
25 26 204
24 26 205
25 26 205
24 26 206
25 26 206
24 26 207
25 26 207
24 26 208
25 26 208
24 26 209
25 26 209
24 26 210
25 26 210
24 26 211
25 26 211
24 26 212
25 26 212
24 26 213
25 26 213
24 26 214
25 26 214
24 26 215
25 26 215
24 26 216
25 26 216
24 26 217
25 26 217
24 26 218
25 26 218
24 26 219
25 26 219
24 26 220
25 26 220
24 26 221
25 26 221
24 26 222
25 26 222
24 26 223
25 26 223
24 26 224
25 26 224
24 26 225
25 26 225
24 26 226
25 26 226
24 26 227
25 26 227
24 26 228
25 26 228
24 26 229
25 26 229
24 26 230
25 26 230
24 26 231
25 26 231
24 26 232
25 26 232
24 26 233
25 26 233
24 26 234
25 26 234
24 26 235
25 26 235
24 26 236
25 26 236
24 26 237
25 26 237
24 26 238
25 26 238
24 26 239
25 26 239
24 26 240
25 26 240
24 26 241
25 26 241
24 26 242
25 26 242
24 26 243
25 26 243
24 26 244
25 26 244
24 26 245
25 26 245
24 26 246
25 26 246
24 26 247
25 26 247
24 26 248
25 26 248
24 26 249
25 26 249
24 26 250
25 26 250
24 26 251
25 26 251
24 26 252
25 26 252
24 26 253
25 26 253
24 26 254
25 26 254
24 26 255
25 26 255
24 26 256
25 26 256
24 26 257
25 26 257
24 26 258
25 26 258
24 26 259
25 26 259
24 26 260
25 26 260
24 26 261
25 26 261
24 26 262
25 26 262
24 26 263
25 26 263
24 26 264
25 26 264
24 26 265
25 26 265
24 26 266
25 26 266
24 26 267
25 26 267
24 26 268
25 26 268
24 26 269
25 26 269
24 26 270
25 26 270
24 26 271
25 26 271
24 26 272
25 26 272
24 26 273
25 26 273
24 26 274
25 26 274
24 26 275
25 26 275
24 26 276
25 26 276
24 26 277
25 26 277
24 26 278
25 26 278
24 26 279
25 26 279
24 26 280
25 26 280
24 26 281
25 26 281
24 26 282
25 26 282
24 26 283
25 26 283
24 26 284
25 26 284
24 26 285
25 26 285
24 26 286
25 26 286
24 26 287
25 26 287
24 26 288
25 26 288
24 26 289
25 26 289
24 26 290
25 26 290
24 26 291
25 26 291
24 26 292
25 26 292
24 26 293
25 26 293
24 26 294
25 26 294
24 26 295
25 26 295
24 26 296
25 26 296
24 26 297
25 26 297
24 26 298
25 26 298
24 26 299
25 26 299
24 26 300
25 26 300
24 26 301
25 26 301
24 26 302
25 26 302
24 26 303
25 26 303
24 26 304
25 26 304
24 26 305
25 26 305
24 26 306
25 26 306
24 26 307
25 26 307
24 26 308
25 26 308
24 26 309
25 26 309
24 26 310
25 26 310
24 26 311
25 26 311
24 26 312
25 26 312
24 26 313
25 26 313
24 26 314
25 26 314
24 26 315
25 26 315
24 26 316
25 26 316
24 26 317
25 26 317
24 26 318
25 26 318
24 26 319
25 26 319
24 26 320
25 26 320
24 26 321
25 26 321
24 26 322
25 26 322
24 26 323
25 26 323
24 26 324
25 26 324
24 26 325
25 26 325
24 26 326
25 26 326
24 26 327
25 26 327
24 26 328
25 26 328
24 26 329
25 26 329
24 26 330
25 26 330
24 26 331
25 26 331
24 26 332
25 26 332
24 26 333
25 26 333
24 26 334
25 26 334
24 26 335
25 26 335
24 26 336
25 26 336
24 26 337
25 26 337
24 26 338
25 26 338
24 26 339
25 26 339
24 26 340
25 26 340
24 26 341
25 26 341
24 26 342
25 26 342
24 26 343
25 26 343
24 26 344
25 26 344
24 26 345
25 26 345
24 26 346
25 26 346
24 26 347
25 26 347
24 26 348
25 26 348
24 26 349
25 26 349
24 26 350
25 26 350
24 26 351
25 26 351
24 26 352
25 26 352
24 26 353
25 26 353
24 26 354
25 26 354
24 26 355
25 26 355
24 26 356
25 26 356
24 26 357
25 26 357
24 26 358
25 26 358
24 26 359
25 26 359
24 26 360
25 26 360
24 26 361
25 26 361
24 26 362
25 26 362
24 26 363
25 26 363
24 26 364
25 26 364
24 26 365
25 26 365
24 26 366
25 26 366
24 26 367
25 26 367
24 26 368
25 26 368
24 26 369
25 26 369
24 26 370
25 26 370
24 26 371
25 26 371
24 26 372
25 26 372
24 26 373
25 26 373
24 26 374
25 26 374
24 26 375
25 26 375
24 26 376
25 26 376
24 26 377
25 26 377
24 26 378
25 26 378
24 26 379
25 26 379
24 26 380
25 26 380
24 26 381
25 26 381
24 26 382
25 26 382
24 26 383
25 26 383
24 26 384
25 26 384
24 26 385
25 26 385
24 26 386
25 26 386
24 26 387
25 26 387
24 26 388
25 26 388
24 26 389
25 26 389
24 26 390
25 26 390
24 26 391
25 26 391
24 26 392
25 26 392
24 26 393
25 26 393
24 26 394
25 26 394
24 26 395
25 26 395
24 26 396
25 26 396
24 26 397
25 26 397
24 26 398
25 26 398
24 26 399
25 26 399
24 26 400
25 26 400
24 26 401
25 26 401
24 26 402
25 26 402
24 26 403
25 26 403
24 26 404
25 26 404
24 26 405
25 26 405
24 26 406
25 26 406
24 26 407
25 26 407
24 26 408
25 26 408
24 26 409
25 26 409
24 26 410
25 26 410
24 26 411
25 26 411
24 26 412
25 26 412
24 26 413
25 26 413
24 26 414
25 26 414
24 26 415
25 26 415
24 26 416
25 26 416
24 26 417
25 26 417
24 26 418
25 26 418
24 26 419
25 26 419
24 26 420
25 26 420
24 26 421
25 26 421
24 26 422
25 26 422
24 26 423
25 26 423
24 26 424
25 26 424
24 26 425
25 26 425
24 26 426
25 26 426
24 26 427
25 26 427
24 26 428
25 26 428
24 26 429
25 26 429
24 26 430
25 26 430
24 26 431
25 26 431
24 26 432
25 26 432
24 26 433
25 26 433
24 26 434
25 26 434
24 26 435
25 26 435
24 26 436
25 26 436
24 26 437
25 26 437
24 26 438
25 26 438
24 26 439
25 26 439
24 26 440
25 26 440
24 26 441
25 26 441
24 26 442
25 26 442
24 26 443
25 26 443
24 26 444
25 26 444
24 26 445
25 26 445
24 26 446
25 26 446
24 26 447
25 26 447
24 26 448
25 26 448
24 26 449
25 26 449
24 26 450
25 26 450
24 26 451
25 26 451
24 26 452
25 26 452
24 26 453
25 26 453
24 26 454
25 26 454
24 26 455
25 26 455
24 26 456
25 26 456
24 26 457
25 26 457
24 26 458
25 26 458
24 26 459
25 26 459
24 26 460
25 26 460
24 26 461
25 26 461
24 26 462
25 26 462
24 26 463
25 26 463
24 26 464
25 26 464
24 26 465
25 26 465
24 26 466
25 26 466
24 26 467
25 26 467
24 26 468
25 26 468
24 26 469
25 26 469
24 26 470
25 26 470
24 26 471
25 26 471
24 26 472
25 26 472
24 26 473
25 26 473
24 26 474
25 26 474
24 26 475
25 26 475
24 26 476
25 26 476
24 26 477
25 26 477
24 26 478
25 26 478
24 26 479
25 26 479
24 26 480
25 26 480
24 26 481
25 26 481
24 26 482
25 26 482
24 26 483
25 26 483
24 26 484
25 26 484
24 26 485
25 26 485
24 26 486
25 26 486
24 26 487
25 26 487
24 26 488
25 26 488
24 26 489
25 26 489
24 26 490
25 26 490
24 26 491
25 26 491
