72 73 1
72 74 2
72 73 3
72 74 4
72 73 5
72 74 6
72 73 7
72 74 8
72 73 9
72 74 10
72 73 11
72 74 12
72 73 13
72 74 14
72 73 15
72 74 16
72 73 17
72 74 18
72 73 19
72 74 20
72 73 21
72 74 22
72 73 23
72 74 24
72 73 25
72 74 26
72 73 27
72 74 28
72 73 29
72 74 30
72 73 31
72 74 32
72 73 33
72 74 34
72 73 35
72 74 36
72 73 37
72 74 38
72 73 39
72 74 40
72 73 41
72 74 42
72 73 43
72 74 44
72 73 45
72 74 46
72 73 47
72 74 48
72 73 49
72 74 50
72 73 51
72 74 52
72 73 53
72 74 54
72 73 55
72 74 56
72 73 57
72 74 58
72 73 59
72 74 60
72 73 61
72 74 62
72 73 63
72 74 64
72 73 65
72 74 66
72 73 67
72 74 68
72 73 69
72 74 70
72 73 71
72 74 72
72 73 73
72 74 74
72 73 75
72 74 76
72 73 77
72 74 78
72 73 79
72 74 80
72 73 81
72 74 82
72 73 83
72 74 84
72 73 85
72 74 86
72 73 87
72 74 88
72 73 89
72 74 90
72 73 91
72 74 92
72 73 93
72 74 94
72 73 95
72 74 96
72 73 97
72 74 98
72 73 99
72 74 100
72 73 101
72 74 102
72 73 103
72 74 104
72 73 105
72 74 106
72 73 107
72 74 108
72 73 109
72 74 110
72 73 111
72 74 112
72 73 113
72 74 114
72 73 115
72 74 116
72 73 117
72 74 118
72 73 119
72 74 120
72 73 121
72 74 122
72 73 123
72 74 124
72 73 125
72 74 126
72 73 127
72 74 128
72 73 129
72 74 130
72 73 131
72 74 132
72 73 133
72 74 134
72 73 135
72 74 136
72 73 137
72 74 138
72 73 139
72 74 140
72 73 141
72 74 142
72 73 143
72 74 144
72 73 145
72 74 146
72 73 147
72 74 148
72 73 149
72 74 150
72 73 151
72 74 152
72 73 153
72 74 154
72 73 155
72 74 156
72 73 157
72 74 158
72 73 159
72 74 160
72 73 161
72 74 162
72 73 163
72 74 164
72 73 165
72 74 166
72 73 167
72 74 168
72 73 169
72 74 170
72 73 171
72 74 172
72 73 173
72 74 174
72 73 175
72 74 176
72 73 177
72 74 178
72 73 179
72 74 180
72 73 181
72 74 182
72 73 183
72 74 184
72 73 185
72 74 186
72 73 187
72 74 188
72 73 189
72 74 190
72 73 191
72 74 192
72 73 193
72 74 194
72 73 195
72 74 196
72 73 197
72 74 198
72 73 199
72 74 200
72 73 201
72 74 202
72 73 203
72 74 204
72 73 205
72 74 206
72 73 207
72 74 208
72 73 209
72 74 210
72 73 211
72 74 212
72 73 213
72 74 214
72 73 215
72 74 216
72 73 217
72 74 218
72 73 219
72 74 220
72 73 221
72 74 222
72 73 223
72 74 224
72 73 225
72 74 226
72 73 227
72 74 228
72 73 229
72 74 230
72 73 231
72 74 232
72 73 233
72 74 234
72 73 235
72 74 236
72 73 237
72 74 238
72 73 239
72 74 240
72 73 241
72 74 242
72 73 243
72 74 244
