30 31 1
30 32 2
30 31 3
30 32 4
30 31 5
30 32 6
30 31 7
30 32 8
30 31 9
30 32 10
30 31 11
30 32 12
30 31 13
30 32 14
30 31 15
30 32 16
30 31 17
30 32 18
30 31 19
30 32 20
30 31 21
30 32 22
30 31 23
30 32 24
30 31 25
30 32 26
30 31 27
30 32 28
30 31 29
30 32 30
30 31 31
30 32 32
30 31 33
30 32 34
30 31 35
30 32 36
30 31 37
30 32 38
30 31 39
30 32 40
30 31 41
30 32 42
30 31 43
30 32 44
30 31 45
30 32 46
30 31 47
30 32 48
30 31 49
30 32 50
30 31 51
30 32 52
30 31 53
30 32 54
30 31 55
30 32 56
30 31 57
30 32 58
30 31 59
30 32 60
30 31 61
30 32 62
30 31 63
30 32 64
30 31 65
30 32 66
30 31 67
30 32 68
30 31 69
30 32 70
30 31 71
30 32 72
30 31 73
30 32 74
30 31 75
30 32 76
30 31 77
30 32 78
30 31 79
30 32 80
30 31 81
30 32 82
30 31 83
30 32 84
30 31 85
30 32 86
30 31 87
30 32 88
30 31 89
30 32 90
30 31 91
30 32 92
30 31 93
30 32 94
30 31 95
30 32 96
30 31 97
30 32 98
30 31 99
30 32 100
30 31 101
30 32 102
30 31 103
30 32 104
30 31 105
30 32 106
30 31 107
30 32 108
30 31 109
30 32 110
30 31 111
30 32 112
30 31 113
30 32 114
30 31 115
30 32 116
30 31 117
30 32 118
30 31 119
30 32 120
30 31 121
30 32 122
30 31 123
30 32 124
30 31 125
30 32 126
30 31 127
30 32 128
30 31 129
30 32 130
30 31 131
30 32 132
30 31 133
30 32 134
30 31 135
30 32 136
30 31 137
30 32 138
30 31 139
30 32 140
30 31 141
30 32 142
30 31 143
30 32 144
30 31 145
30 32 146
30 31 147
30 32 148
30 31 149
30 32 150
30 31 151
30 32 152
30 31 153
30 32 154
30 31 155
30 32 156
30 31 157
30 32 158
30 31 159
30 32 160
30 31 161
30 32 162
30 31 163
30 32 164
30 31 165
30 32 166
30 31 167
30 32 168
30 31 169
30 32 170
30 31 171
30 32 172
30 31 173
30 32 174
30 31 175
30 32 176
30 31 177
30 32 178
30 31 179
30 32 180
30 31 181
30 32 182
30 31 183
30 32 184
30 31 185
30 32 186
30 31 187
30 32 188
30 31 189
30 32 190
30 31 191
30 32 192
30 31 193
30 32 194
30 31 195
30 32 196
30 31 197
30 32 198
30 31 199
30 32 200
30 31 201
30 32 202
30 31 203
30 32 204
30 31 205
30 32 206
30 31 207
30 32 208
30 31 209
30 32 210
30 31 211
30 32 212
30 31 213
30 32 214
30 31 215
30 32 216
30 31 217
30 32 218
30 31 219
30 32 220
30 31 221
30 32 222
30 31 223
30 32 224
30 31 225
30 32 226
30 31 227
30 32 228
30 31 229
30 32 230
30 31 231
30 32 232
30 31 233
30 32 234
30 31 235
30 32 236
30 31 237
30 32 238
30 31 239
30 32 240
30 31 241
30 32 242
30 31 243
30 32 244
