12 24 1
13 24 1
14 24 1
15 24 1
16 24 1
17 24 1
18 24 1
19 24 1
20 24 1
21 24 1
22 24 1
23 24 1
12 25 2
13 25 2
14 25 2
15 25 2
16 25 2
17 25 2
18 25 2
19 25 2
20 25 2
21 25 2
22 25 2
23 25 2
12 26 3
13 26 3
14 26 3
15 26 3
16 26 3
17 26 3
18 26 3
19 26 3
20 26 3
21 26 3
22 26 3
23 26 3
12 27 4
13 27 4
14 27 4
15 27 4
16 27 4
17 27 4
18 27 4
19 27 4
20 27 4
21 27 4
22 27 4
23 27 4
12 28 5
13 28 5
14 28 5
15 28 5
16 28 5
17 28 5
18 28 5
19 28 5
20 28 5
21 28 5
22 28 5
23 28 5
12 29 6
13 29 6
14 29 6
15 29 6
16 29 6
17 29 6
18 29 6
19 29 6
20 29 6
21 29 6
22 29 6
23 29 6
12 24 7
13 24 7
14 24 7
15 24 7
16 24 7
17 24 7
18 24 7
19 24 7
20 24 7
21 24 7
22 24 7
23 24 7
12 25 8
13 25 8
14 25 8
15 25 8
16 25 8
17 25 8
18 25 8
19 25 8
20 25 8
21 25 8
22 25 8
23 25 8
12 26 9
13 26 9
14 26 9
15 26 9
16 26 9
17 26 9
18 26 9
19 26 9
20 26 9
21 26 9
22 26 9
23 26 9
12 27 10
13 27 10
14 27 10
15 27 10
16 27 10
17 27 10
18 27 10
19 27 10
20 27 10
21 27 10
22 27 10
23 27 10
12 28 11
13 28 11
14 28 11
15 28 11
16 28 11
17 28 11
18 28 11
19 28 11
20 28 11
21 28 11
22 28 11
23 28 11
12 29 12
13 29 12
14 29 12
15 29 12
16 29 12
17 29 12
18 29 12
19 29 12
20 29 12
21 29 12
22 29 12
23 29 12
12 24 13
13 24 13
14 24 13
15 24 13
16 24 13
17 24 13
18 24 13
19 24 13
20 24 13
21 24 13
22 24 13
23 24 13
12 25 14
13 25 14
14 25 14
15 25 14
16 25 14
17 25 14
18 25 14
19 25 14
20 25 14
21 25 14
22 25 14
23 25 14
12 26 15
13 26 15
14 26 15
15 26 15
16 26 15
17 26 15
18 26 15
19 26 15
20 26 15
21 26 15
22 26 15
23 26 15
12 27 16
13 27 16
14 27 16
15 27 16
16 27 16
17 27 16
18 27 16
19 27 16
20 27 16
21 27 16
22 27 16
23 27 16
12 28 17
13 28 17
14 28 17
15 28 17
16 28 17
17 28 17
18 28 17
19 28 17
20 28 17
21 28 17
22 28 17
23 28 17
12 29 18
13 29 18
14 29 18
15 29 18
16 29 18
17 29 18
18 29 18
19 29 18
20 29 18
21 29 18
22 29 18
23 29 18
12 24 19
13 24 19
14 24 19
15 24 19
16 24 19
17 24 19
18 24 19
19 24 19
20 24 19
21 24 19
22 24 19
23 24 19
12 25 20
13 25 20
14 25 20
15 25 20
16 25 20
17 25 20
18 25 20
19 25 20
20 25 20
21 25 20
22 25 20
23 25 20
12 26 21
13 26 21
14 26 21
15 26 21
16 26 21
17 26 21
18 26 21
19 26 21
20 26 21
21 26 21
22 26 21
23 26 21
12 27 22
13 27 22
14 27 22
15 27 22
16 27 22
17 27 22
18 27 22
19 27 22
20 27 22
21 27 22
22 27 22
23 27 22
12 28 23
13 28 23
14 28 23
15 28 23
16 28 23
17 28 23
18 28 23
19 28 23
20 28 23
21 28 23
22 28 23
23 28 23
12 29 24
13 29 24
14 29 24
15 29 24
16 29 24
17 29 24
18 29 24
19 29 24
20 29 24
21 29 24
22 29 24
23 29 24
12 24 25
13 24 25
14 24 25
15 24 25
16 24 25
17 24 25
18 24 25
19 24 25
20 24 25
21 24 25
22 24 25
23 24 25
12 25 26
13 25 26
14 25 26
15 25 26
16 25 26
17 25 26
18 25 26
19 25 26
20 25 26
21 25 26
22 25 26
23 25 26
12 26 27
13 26 27
14 26 27
15 26 27
16 26 27
17 26 27
18 26 27
19 26 27
20 26 27
21 26 27
22 26 27
23 26 27
12 27 28
13 27 28
14 27 28
15 27 28
16 27 28
17 27 28
18 27 28
19 27 28
20 27 28
21 27 28
22 27 28
23 27 28
12 28 29
13 28 29
14 28 29
15 28 29
16 28 29
17 28 29
18 28 29
19 28 29
20 28 29
21 28 29
22 28 29
23 28 29
12 29 30
13 29 30
14 29 30
15 29 30
16 29 30
17 29 30
18 29 30
19 29 30
20 29 30
21 29 30
22 29 30
23 29 30
12 24 31
13 24 31
14 24 31
15 24 31
16 24 31
17 24 31
18 24 31
19 24 31
20 24 31
21 24 31
22 24 31
23 24 31
12 25 32
13 25 32
14 25 32
15 25 32
16 25 32
17 25 32
18 25 32
19 25 32
20 25 32
21 25 32
22 25 32
23 25 32
12 26 33
13 26 33
14 26 33
15 26 33
16 26 33
17 26 33
18 26 33
19 26 33
20 26 33
21 26 33
22 26 33
23 26 33
12 27 34
13 27 34
14 27 34
15 27 34
16 27 34
17 27 34
18 27 34
19 27 34
20 27 34
21 27 34
22 27 34
23 27 34
12 28 35
13 28 35
14 28 35
15 28 35
16 28 35
17 28 35
18 28 35
19 28 35
20 28 35
21 28 35
22 28 35
23 28 35
12 29 36
13 29 36
14 29 36
15 29 36
16 29 36
17 29 36
18 29 36
19 29 36
20 29 36
21 29 36
22 29 36
23 29 36
12 24 37
13 24 37
14 24 37
15 24 37
16 24 37
17 24 37
18 24 37
19 24 37
20 24 37
21 24 37
22 24 37
23 24 37
12 25 38
13 25 38
14 25 38
15 25 38
16 25 38
17 25 38
18 25 38
19 25 38
20 25 38
21 25 38
22 25 38
23 25 38
12 26 39
13 26 39
14 26 39
15 26 39
16 26 39
17 26 39
18 26 39
19 26 39
20 26 39
21 26 39
22 26 39
23 26 39
12 27 40
13 27 40
14 27 40
15 27 40
16 27 40
17 27 40
18 27 40
19 27 40
20 27 40
21 27 40
22 27 40
23 27 40
12 28 41
13 28 41
14 28 41
15 28 41
16 28 41
17 28 41
18 28 41
19 28 41
20 28 41
21 28 41
22 28 41
23 28 41
12 29 42
13 29 42
14 29 42
15 29 42
16 29 42
17 29 42
18 29 42
19 29 42
20 29 42
21 29 42
22 29 42
23 29 42
12 24 43
13 24 43
14 24 43
15 24 43
16 24 43
17 24 43
18 24 43
19 24 43
20 24 43
21 24 43
22 24 43
23 24 43
12 25 44
13 25 44
14 25 44
15 25 44
16 25 44
17 25 44
18 25 44
19 25 44
20 25 44
21 25 44
22 25 44
23 25 44
12 26 45
13 26 45
14 26 45
15 26 45
16 26 45
17 26 45
18 26 45
19 26 45
20 26 45
21 26 45
22 26 45
23 26 45
12 27 46
13 27 46
14 27 46
15 27 46
16 27 46
17 27 46
18 27 46
19 27 46
20 27 46
21 27 46
22 27 46
23 27 46
12 28 47
13 28 47
14 28 47
15 28 47
16 28 47
17 28 47
18 28 47
19 28 47
20 28 47
21 28 47
22 28 47
23 28 47
12 29 48
13 29 48
14 29 48
15 29 48
16 29 48
17 29 48
18 29 48
19 29 48
20 29 48
21 29 48
22 29 48
23 29 48
12 24 49
13 24 49
14 24 49
15 24 49
16 24 49
17 24 49
18 24 49
19 24 49
20 24 49
21 24 49
22 24 49
23 24 49
12 25 50
13 25 50
14 25 50
15 25 50
16 25 50
17 25 50
18 25 50
19 25 50
20 25 50
21 25 50
22 25 50
23 25 50
12 26 51
13 26 51
14 26 51
15 26 51
16 26 51
17 26 51
18 26 51
19 26 51
20 26 51
21 26 51
22 26 51
23 26 51
12 27 52
13 27 52
14 27 52
15 27 52
16 27 52
17 27 52
18 27 52
19 27 52
20 27 52
21 27 52
22 27 52
23 27 52
12 28 53
13 28 53
14 28 53
15 28 53
16 28 53
17 28 53
18 28 53
19 28 53
20 28 53
21 28 53
22 28 53
23 28 53
12 29 54
13 29 54
14 29 54
15 29 54
16 29 54
17 29 54
18 29 54
19 29 54
20 29 54
21 29 54
22 29 54
23 29 54
12 24 55
13 24 55
14 24 55
15 24 55
16 24 55
17 24 55
18 24 55
19 24 55
20 24 55
21 24 55
22 24 55
23 24 55
12 25 56
13 25 56
14 25 56
15 25 56
16 25 56
17 25 56
18 25 56
19 25 56
20 25 56
21 25 56
22 25 56
23 25 56
12 26 57
13 26 57
14 26 57
15 26 57
16 26 57
17 26 57
18 26 57
19 26 57
20 26 57
21 26 57
22 26 57
23 26 57
12 27 58
13 27 58
14 27 58
15 27 58
16 27 58
17 27 58
18 27 58
19 27 58
20 27 58
21 27 58
22 27 58
23 27 58
12 28 59
13 28 59
14 28 59
15 28 59
16 28 59
17 28 59
18 28 59
19 28 59
20 28 59
21 28 59
22 28 59
23 28 59
12 29 60
13 29 60
14 29 60
15 29 60
16 29 60
17 29 60
18 29 60
19 29 60
20 29 60
21 29 60
22 29 60
23 29 60
12 24 61
13 24 61
14 24 61
15 24 61
16 24 61
17 24 61
18 24 61
19 24 61
20 24 61
21 24 61
22 24 61
23 24 61
12 25 62
13 25 62
14 25 62
15 25 62
16 25 62
17 25 62
18 25 62
19 25 62
20 25 62
21 25 62
22 25 62
23 25 62
12 26 63
13 26 63
14 26 63
15 26 63
16 26 63
17 26 63
18 26 63
19 26 63
20 26 63
21 26 63
22 26 63
23 26 63
12 27 64
13 27 64
14 27 64
15 27 64
16 27 64
17 27 64
18 27 64
19 27 64
20 27 64
21 27 64
22 27 64
23 27 64
12 28 65
13 28 65
14 28 65
15 28 65
16 28 65
17 28 65
18 28 65
19 28 65
20 28 65
21 28 65
22 28 65
23 28 65
12 29 66
13 29 66
14 29 66
15 29 66
16 29 66
17 29 66
18 29 66
19 29 66
20 29 66
21 29 66
22 29 66
23 29 66
12 24 67
13 24 67
14 24 67
15 24 67
16 24 67
17 24 67
18 24 67
19 24 67
20 24 67
21 24 67
22 24 67
23 24 67
12 25 68
13 25 68
14 25 68
15 25 68
16 25 68
17 25 68
18 25 68
19 25 68
20 25 68
21 25 68
22 25 68
23 25 68
12 26 69
13 26 69
14 26 69
15 26 69
16 26 69
17 26 69
18 26 69
19 26 69
20 26 69
21 26 69
22 26 69
23 26 69
12 27 70
13 27 70
14 27 70
15 27 70
16 27 70
17 27 70
18 27 70
19 27 70
20 27 70
21 27 70
22 27 70
23 27 70
12 28 71
13 28 71
14 28 71
15 28 71
16 28 71
17 28 71
18 28 71
19 28 71
20 28 71
21 28 71
22 28 71
23 28 71
12 29 72
13 29 72
14 29 72
15 29 72
16 29 72
17 29 72
18 29 72
19 29 72
20 29 72
21 29 72
22 29 72
23 29 72
12 24 73
13 24 73
14 24 73
15 24 73
16 24 73
17 24 73
18 24 73
19 24 73
20 24 73
21 24 73
22 24 73
23 24 73
12 25 74
13 25 74
14 25 74
15 25 74
16 25 74
17 25 74
18 25 74
19 25 74
20 25 74
21 25 74
22 25 74
23 25 74
12 26 75
13 26 75
14 26 75
15 26 75
16 26 75
17 26 75
18 26 75
19 26 75
20 26 75
21 26 75
22 26 75
23 26 75
12 27 76
13 27 76
14 27 76
15 27 76
16 27 76
17 27 76
18 27 76
19 27 76
20 27 76
21 27 76
22 27 76
23 27 76
12 28 77
13 28 77
14 28 77
15 28 77
16 28 77
17 28 77
18 28 77
19 28 77
20 28 77
21 28 77
22 28 77
23 28 77
12 29 78
13 29 78
14 29 78
15 29 78
16 29 78
17 29 78
18 29 78
19 29 78
20 29 78
21 29 78
22 29 78
23 29 78
12 24 79
13 24 79
14 24 79
15 24 79
16 24 79
17 24 79
18 24 79
19 24 79
20 24 79
21 24 79
22 24 79
23 24 79
12 25 80
13 25 80
14 25 80
15 25 80
16 25 80
17 25 80
18 25 80
19 25 80
20 25 80
21 25 80
22 25 80
23 25 80
12 26 81
13 26 81
14 26 81
15 26 81
16 26 81
17 26 81
18 26 81
19 26 81
20 26 81
21 26 81
22 26 81
23 26 81
12 27 82
13 27 82
14 27 82
15 27 82
16 27 82
17 27 82
18 27 82
19 27 82
20 27 82
21 27 82
22 27 82
23 27 82
12 28 83
13 28 83
14 28 83
15 28 83
16 28 83
17 28 83
18 28 83
19 28 83
20 28 83
21 28 83
22 28 83
23 28 83
12 29 84
13 29 84
14 29 84
15 29 84
16 29 84
17 29 84
18 29 84
19 29 84
20 29 84
21 29 84
22 29 84
23 29 84
12 24 85
13 24 85
14 24 85
15 24 85
16 24 85
17 24 85
18 24 85
19 24 85
20 24 85
21 24 85
22 24 85
23 24 85
12 25 86
13 25 86
14 25 86
15 25 86
16 25 86
17 25 86
18 25 86
19 25 86
20 25 86
21 25 86
22 25 86
23 25 86
12 26 87
13 26 87
14 26 87
15 26 87
16 26 87
17 26 87
18 26 87
19 26 87
20 26 87
21 26 87
22 26 87
23 26 87
12 27 88
13 27 88
14 27 88
15 27 88
16 27 88
17 27 88
18 27 88
19 27 88
20 27 88
21 27 88
22 27 88
23 27 88
12 28 89
13 28 89
14 28 89
15 28 89
16 28 89
17 28 89
18 28 89
19 28 89
20 28 89
21 28 89
22 28 89
23 28 89
12 29 90
13 29 90
14 29 90
15 29 90
16 29 90
17 29 90
18 29 90
19 29 90
20 29 90
21 29 90
22 29 90
23 29 90
12 24 91
13 24 91
14 24 91
15 24 91
16 24 91
17 24 91
18 24 91
19 24 91
20 24 91
21 24 91
22 24 91
23 24 91
12 25 92
13 25 92
14 25 92
15 25 92
16 25 92
17 25 92
18 25 92
19 25 92
20 25 92
21 25 92
22 25 92
23 25 92
12 26 93
13 26 93
14 26 93
15 26 93
16 26 93
17 26 93
18 26 93
19 26 93
20 26 93
21 26 93
22 26 93
23 26 93
12 27 94
13 27 94
14 27 94
15 27 94
16 27 94
17 27 94
18 27 94
19 27 94
20 27 94
21 27 94
22 27 94
23 27 94
12 28 95
13 28 95
14 28 95
15 28 95
16 28 95
17 28 95
18 28 95
19 28 95
20 28 95
21 28 95
22 28 95
23 28 95
12 29 96
13 29 96
14 29 96
15 29 96
16 29 96
17 29 96
18 29 96
19 29 96
20 29 96
21 29 96
22 29 96
23 29 96
12 24 97
13 24 97
14 24 97
15 24 97
16 24 97
17 24 97
18 24 97
19 24 97
20 24 97
21 24 97
22 24 97
23 24 97
12 25 98
13 25 98
14 25 98
15 25 98
16 25 98
17 25 98
18 25 98
19 25 98
20 25 98
21 25 98
22 25 98
23 25 98
12 26 99
13 26 99
14 26 99
15 26 99
16 26 99
17 26 99
18 26 99
19 26 99
20 26 99
21 26 99
22 26 99
23 26 99
12 27 100
13 27 100
14 27 100
15 27 100
16 27 100
17 27 100
18 27 100
19 27 100
20 27 100
21 27 100
22 27 100
23 27 100
12 28 101
13 28 101
14 28 101
15 28 101
16 28 101
17 28 101
18 28 101
19 28 101
20 28 101
21 28 101
22 28 101
23 28 101
12 29 102
13 29 102
14 29 102
15 29 102
16 29 102
17 29 102
18 29 102
19 29 102
20 29 102
21 29 102
22 29 102
23 29 102
12 24 103
13 24 103
14 24 103
15 24 103
16 24 103
17 24 103
18 24 103
19 24 103
20 24 103
21 24 103
22 24 103
23 24 103
12 25 104
13 25 104
14 25 104
15 25 104
16 25 104
17 25 104
18 25 104
19 25 104
20 25 104
21 25 104
22 25 104
23 25 104
12 26 105
13 26 105
14 26 105
15 26 105
16 26 105
17 26 105
18 26 105
19 26 105
20 26 105
21 26 105
22 26 105
23 26 105
12 27 106
13 27 106
14 27 106
15 27 106
16 27 106
17 27 106
18 27 106
19 27 106
20 27 106
21 27 106
22 27 106
23 27 106
12 28 107
13 28 107
14 28 107
15 28 107
16 28 107
17 28 107
18 28 107
19 28 107
20 28 107
21 28 107
22 28 107
23 28 107
12 29 108
13 29 108
14 29 108
15 29 108
16 29 108
17 29 108
18 29 108
19 29 108
20 29 108
21 29 108
22 29 108
23 29 108
12 24 109
13 24 109
14 24 109
15 24 109
16 24 109
17 24 109
18 24 109
19 24 109
20 24 109
21 24 109
22 24 109
23 24 109
12 25 110
13 25 110
14 25 110
15 25 110
16 25 110
17 25 110
18 25 110
19 25 110
20 25 110
21 25 110
22 25 110
23 25 110
12 26 111
13 26 111
14 26 111
15 26 111
16 26 111
17 26 111
18 26 111
19 26 111
20 26 111
21 26 111
22 26 111
23 26 111
12 27 112
13 27 112
14 27 112
15 27 112
16 27 112
17 27 112
18 27 112
19 27 112
20 27 112
21 27 112
22 27 112
23 27 112
12 28 113
13 28 113
14 28 113
15 28 113
16 28 113
17 28 113
18 28 113
19 28 113
20 28 113
21 28 113
22 28 113
23 28 113
12 29 114
13 29 114
14 29 114
15 29 114
16 29 114
17 29 114
18 29 114
19 29 114
20 29 114
21 29 114
22 29 114
23 29 114
12 24 115
13 24 115
14 24 115
15 24 115
16 24 115
17 24 115
18 24 115
19 24 115
20 24 115
21 24 115
22 24 115
23 24 115
12 25 116
13 25 116
14 25 116
15 25 116
16 25 116
17 25 116
18 25 116
19 25 116
20 25 116
21 25 116
22 25 116
23 25 116
12 26 117
13 26 117
14 26 117
15 26 117
16 26 117
17 26 117
18 26 117
19 26 117
20 26 117
21 26 117
22 26 117
23 26 117
12 27 118
13 27 118
14 27 118
15 27 118
16 27 118
17 27 118
18 27 118
19 27 118
20 27 118
21 27 118
22 27 118
23 27 118
12 28 119
13 28 119
14 28 119
15 28 119
16 28 119
17 28 119
18 28 119
19 28 119
20 28 119
21 28 119
22 28 119
23 28 119
12 29 120
13 29 120
14 29 120
15 29 120
16 29 120
17 29 120
18 29 120
19 29 120
20 29 120
21 29 120
22 29 120
23 29 120
12 24 121
13 24 121
14 24 121
15 24 121
16 24 121
17 24 121
18 24 121
19 24 121
20 24 121
21 24 121
22 24 121
23 24 121
12 25 122
13 25 122
14 25 122
15 25 122
16 25 122
17 25 122
18 25 122
19 25 122
20 25 122
21 25 122
22 25 122
23 25 122
12 26 123
13 26 123
14 26 123
15 26 123
16 26 123
17 26 123
18 26 123
19 26 123
20 26 123
21 26 123
22 26 123
23 26 123
12 27 124
13 27 124
14 27 124
15 27 124
16 27 124
17 27 124
18 27 124
19 27 124
20 27 124
21 27 124
22 27 124
23 27 124
12 28 125
13 28 125
14 28 125
15 28 125
16 28 125
17 28 125
18 28 125
19 28 125
20 28 125
21 28 125
22 28 125
23 28 125
12 29 126
13 29 126
14 29 126
15 29 126
16 29 126
17 29 126
18 29 126
19 29 126
20 29 126
21 29 126
22 29 126
23 29 126
12 24 127
13 24 127
14 24 127
15 24 127
16 24 127
17 24 127
18 24 127
19 24 127
20 24 127
21 24 127
22 24 127
23 24 127
12 25 128
13 25 128
14 25 128
15 25 128
16 25 128
17 25 128
18 25 128
19 25 128
20 25 128
21 25 128
22 25 128
23 25 128
12 26 129
13 26 129
14 26 129
15 26 129
16 26 129
17 26 129
18 26 129
19 26 129
20 26 129
21 26 129
22 26 129
23 26 129
12 27 130
13 27 130
14 27 130
15 27 130
16 27 130
17 27 130
18 27 130
19 27 130
20 27 130
21 27 130
22 27 130
23 27 130
12 28 131
13 28 131
14 28 131
15 28 131
16 28 131
17 28 131
18 28 131
19 28 131
20 28 131
21 28 131
22 28 131
23 28 131
12 29 132
13 29 132
14 29 132
15 29 132
16 29 132
17 29 132
18 29 132
19 29 132
20 29 132
21 29 132
22 29 132
23 29 132
12 24 133
13 24 133
14 24 133
15 24 133
16 24 133
17 24 133
18 24 133
19 24 133
20 24 133
21 24 133
22 24 133
23 24 133
12 25 134
13 25 134
14 25 134
15 25 134
16 25 134
17 25 134
18 25 134
19 25 134
20 25 134
21 25 134
22 25 134
23 25 134
12 26 135
13 26 135
14 26 135
15 26 135
16 26 135
17 26 135
18 26 135
19 26 135
20 26 135
21 26 135
22 26 135
23 26 135
12 27 136
13 27 136
14 27 136
15 27 136
16 27 136
17 27 136
18 27 136
19 27 136
20 27 136
21 27 136
22 27 136
23 27 136
12 28 137
13 28 137
14 28 137
15 28 137
16 28 137
17 28 137
18 28 137
19 28 137
20 28 137
21 28 137
22 28 137
23 28 137
12 29 138
13 29 138
14 29 138
15 29 138
16 29 138
17 29 138
18 29 138
19 29 138
20 29 138
21 29 138
22 29 138
23 29 138
12 24 139
13 24 139
14 24 139
15 24 139
16 24 139
17 24 139
18 24 139
19 24 139
20 24 139
21 24 139
22 24 139
23 24 139
12 25 140
13 25 140
14 25 140
15 25 140
16 25 140
17 25 140
18 25 140
19 25 140
20 25 140
21 25 140
22 25 140
23 25 140
12 26 141
13 26 141
14 26 141
15 26 141
16 26 141
17 26 141
18 26 141
19 26 141
20 26 141
21 26 141
22 26 141
23 26 141
12 27 142
13 27 142
14 27 142
15 27 142
16 27 142
17 27 142
18 27 142
19 27 142
20 27 142
21 27 142
22 27 142
23 27 142
12 28 143
13 28 143
14 28 143
15 28 143
16 28 143
17 28 143
18 28 143
19 28 143
20 28 143
21 28 143
22 28 143
23 28 143
12 29 144
13 29 144
14 29 144
15 29 144
16 29 144
17 29 144
18 29 144
19 29 144
20 29 144
21 29 144
22 29 144
23 29 144
12 24 145
13 24 145
14 24 145
15 24 145
16 24 145
17 24 145
18 24 145
19 24 145
20 24 145
21 24 145
22 24 145
23 24 145
12 25 146
13 25 146
14 25 146
15 25 146
16 25 146
17 25 146
18 25 146
19 25 146
20 25 146
21 25 146
22 25 146
23 25 146
12 26 147
13 26 147
14 26 147
15 26 147
16 26 147
17 26 147
18 26 147
19 26 147
20 26 147
21 26 147
22 26 147
23 26 147
12 27 148
13 27 148
14 27 148
15 27 148
16 27 148
17 27 148
18 27 148
19 27 148
20 27 148
21 27 148
22 27 148
23 27 148
12 28 149
13 28 149
14 28 149
15 28 149
16 28 149
17 28 149
18 28 149
19 28 149
20 28 149
21 28 149
22 28 149
23 28 149
12 29 150
13 29 150
14 29 150
15 29 150
16 29 150
17 29 150
18 29 150
19 29 150
20 29 150
21 29 150
22 29 150
23 29 150
12 24 151
13 24 151
14 24 151
15 24 151
16 24 151
17 24 151
18 24 151
19 24 151
20 24 151
21 24 151
22 24 151
23 24 151
12 25 152
13 25 152
14 25 152
15 25 152
16 25 152
17 25 152
18 25 152
19 25 152
20 25 152
21 25 152
22 25 152
23 25 152
12 26 153
13 26 153
14 26 153
15 26 153
16 26 153
17 26 153
18 26 153
19 26 153
20 26 153
21 26 153
22 26 153
23 26 153
12 27 154
13 27 154
14 27 154
15 27 154
16 27 154
17 27 154
18 27 154
19 27 154
20 27 154
21 27 154
22 27 154
23 27 154
12 28 155
13 28 155
14 28 155
15 28 155
16 28 155
17 28 155
18 28 155
19 28 155
20 28 155
21 28 155
22 28 155
23 28 155
12 29 156
13 29 156
14 29 156
15 29 156
16 29 156
17 29 156
18 29 156
19 29 156
20 29 156
21 29 156
22 29 156
23 29 156
12 24 157
13 24 157
14 24 157
15 24 157
16 24 157
17 24 157
18 24 157
19 24 157
20 24 157
21 24 157
22 24 157
23 24 157
12 25 158
13 25 158
14 25 158
15 25 158
16 25 158
17 25 158
18 25 158
19 25 158
20 25 158
21 25 158
22 25 158
23 25 158
12 26 159
13 26 159
14 26 159
15 26 159
16 26 159
17 26 159
18 26 159
19 26 159
20 26 159
21 26 159
22 26 159
23 26 159
12 27 160
13 27 160
14 27 160
15 27 160
16 27 160
17 27 160
18 27 160
19 27 160
20 27 160
21 27 160
22 27 160
23 27 160
12 28 161
13 28 161
14 28 161
15 28 161
16 28 161
17 28 161
18 28 161
19 28 161
20 28 161
21 28 161
22 28 161
23 28 161
12 29 162
13 29 162
14 29 162
15 29 162
16 29 162
17 29 162
18 29 162
19 29 162
20 29 162
21 29 162
22 29 162
23 29 162
12 24 163
13 24 163
14 24 163
15 24 163
16 24 163
17 24 163
18 24 163
19 24 163
20 24 163
21 24 163
22 24 163
23 24 163
12 25 164
13 25 164
14 25 164
15 25 164
16 25 164
17 25 164
18 25 164
19 25 164
20 25 164
21 25 164
22 25 164
23 25 164
12 26 165
13 26 165
14 26 165
15 26 165
16 26 165
17 26 165
18 26 165
19 26 165
20 26 165
21 26 165
22 26 165
23 26 165
12 27 166
13 27 166
14 27 166
15 27 166
16 27 166
17 27 166
18 27 166
19 27 166
20 27 166
21 27 166
22 27 166
23 27 166
12 28 167
13 28 167
14 28 167
15 28 167
16 28 167
17 28 167
18 28 167
19 28 167
20 28 167
21 28 167
22 28 167
23 28 167
12 29 168
13 29 168
14 29 168
15 29 168
16 29 168
17 29 168
18 29 168
19 29 168
20 29 168
21 29 168
22 29 168
23 29 168
12 24 169
13 24 169
14 24 169
15 24 169
16 24 169
17 24 169
18 24 169
19 24 169
20 24 169
21 24 169
22 24 169
23 24 169
12 25 170
13 25 170
14 25 170
15 25 170
16 25 170
17 25 170
18 25 170
19 25 170
20 25 170
21 25 170
22 25 170
23 25 170
12 26 171
13 26 171
14 26 171
15 26 171
16 26 171
17 26 171
18 26 171
19 26 171
20 26 171
21 26 171
22 26 171
23 26 171
12 27 172
13 27 172
14 27 172
15 27 172
16 27 172
17 27 172
18 27 172
19 27 172
20 27 172
21 27 172
22 27 172
23 27 172
12 28 173
13 28 173
14 28 173
15 28 173
16 28 173
17 28 173
18 28 173
19 28 173
20 28 173
21 28 173
22 28 173
23 28 173
12 29 174
13 29 174
14 29 174
15 29 174
16 29 174
17 29 174
18 29 174
19 29 174
20 29 174
21 29 174
22 29 174
23 29 174
12 24 175
13 24 175
14 24 175
15 24 175
16 24 175
17 24 175
18 24 175
19 24 175
20 24 175
21 24 175
22 24 175
23 24 175
12 25 176
13 25 176
14 25 176
15 25 176
16 25 176
17 25 176
18 25 176
19 25 176
20 25 176
21 25 176
22 25 176
23 25 176
12 26 177
13 26 177
14 26 177
15 26 177
16 26 177
17 26 177
18 26 177
19 26 177
20 26 177
21 26 177
22 26 177
23 26 177
12 27 178
13 27 178
14 27 178
15 27 178
16 27 178
17 27 178
18 27 178
19 27 178
20 27 178
21 27 178
22 27 178
23 27 178
12 28 179
13 28 179
14 28 179
15 28 179
16 28 179
17 28 179
18 28 179
19 28 179
20 28 179
21 28 179
22 28 179
23 28 179
12 29 180
13 29 180
14 29 180
15 29 180
16 29 180
17 29 180
18 29 180
19 29 180
20 29 180
21 29 180
22 29 180
23 29 180
12 24 181
13 24 181
14 24 181
15 24 181
16 24 181
17 24 181
18 24 181
19 24 181
20 24 181
21 24 181
22 24 181
23 24 181
12 25 182
13 25 182
14 25 182
15 25 182
16 25 182
17 25 182
18 25 182
19 25 182
20 25 182
21 25 182
22 25 182
23 25 182
12 26 183
13 26 183
14 26 183
15 26 183
16 26 183
17 26 183
18 26 183
19 26 183
20 26 183
21 26 183
22 26 183
23 26 183
12 27 184
13 27 184
14 27 184
15 27 184
16 27 184
17 27 184
18 27 184
19 27 184
20 27 184
21 27 184
22 27 184
23 27 184
12 28 185
13 28 185
14 28 185
15 28 185
16 28 185
17 28 185
18 28 185
19 28 185
20 28 185
21 28 185
22 28 185
23 28 185
12 29 186
13 29 186
14 29 186
15 29 186
16 29 186
17 29 186
18 29 186
19 29 186
20 29 186
21 29 186
22 29 186
23 29 186
12 24 187
13 24 187
14 24 187
15 24 187
16 24 187
17 24 187
18 24 187
19 24 187
20 24 187
21 24 187
22 24 187
23 24 187
12 25 188
13 25 188
14 25 188
15 25 188
16 25 188
17 25 188
18 25 188
19 25 188
20 25 188
21 25 188
22 25 188
23 25 188
12 26 189
13 26 189
14 26 189
15 26 189
16 26 189
17 26 189
18 26 189
19 26 189
20 26 189
21 26 189
22 26 189
23 26 189
12 27 190
13 27 190
14 27 190
15 27 190
16 27 190
17 27 190
18 27 190
19 27 190
20 27 190
21 27 190
22 27 190
23 27 190
12 28 191
13 28 191
14 28 191
15 28 191
16 28 191
17 28 191
18 28 191
19 28 191
20 28 191
21 28 191
22 28 191
23 28 191
12 29 192
13 29 192
14 29 192
15 29 192
16 29 192
17 29 192
18 29 192
19 29 192
20 29 192
21 29 192
22 29 192
23 29 192
12 24 193
13 24 193
14 24 193
15 24 193
16 24 193
17 24 193
18 24 193
19 24 193
20 24 193
21 24 193
22 24 193
23 24 193
12 25 194
13 25 194
14 25 194
15 25 194
16 25 194
17 25 194
18 25 194
19 25 194
20 25 194
21 25 194
22 25 194
23 25 194
12 26 195
13 26 195
14 26 195
15 26 195
16 26 195
17 26 195
18 26 195
19 26 195
20 26 195
21 26 195
22 26 195
23 26 195
12 27 196
13 27 196
14 27 196
15 27 196
16 27 196
17 27 196
18 27 196
19 27 196
20 27 196
21 27 196
22 27 196
23 27 196
12 28 197
13 28 197
14 28 197
15 28 197
16 28 197
17 28 197
18 28 197
19 28 197
20 28 197
21 28 197
22 28 197
23 28 197
12 29 198
13 29 198
14 29 198
15 29 198
16 29 198
17 29 198
18 29 198
19 29 198
20 29 198
21 29 198
22 29 198
23 29 198
12 24 199
13 24 199
14 24 199
15 24 199
16 24 199
17 24 199
18 24 199
19 24 199
20 24 199
21 24 199
22 24 199
23 24 199
12 25 200
13 25 200
14 25 200
15 25 200
16 25 200
17 25 200
18 25 200
19 25 200
20 25 200
21 25 200
22 25 200
23 25 200
12 26 201
13 26 201
14 26 201
15 26 201
16 26 201
17 26 201
18 26 201
19 26 201
20 26 201
21 26 201
22 26 201
23 26 201
12 27 202
13 27 202
14 27 202
15 27 202
16 27 202
17 27 202
18 27 202
19 27 202
20 27 202
21 27 202
22 27 202
23 27 202
12 28 203
13 28 203
14 28 203
15 28 203
16 28 203
17 28 203
18 28 203
19 28 203
20 28 203
21 28 203
22 28 203
23 28 203
12 29 204
13 29 204
14 29 204
15 29 204
16 29 204
17 29 204
18 29 204
19 29 204
20 29 204
21 29 204
22 29 204
23 29 204
12 24 205
13 24 205
14 24 205
15 24 205
16 24 205
17 24 205
18 24 205
19 24 205
20 24 205
21 24 205
22 24 205
23 24 205
12 25 206
13 25 206
14 25 206
15 25 206
16 25 206
17 25 206
18 25 206
19 25 206
20 25 206
21 25 206
22 25 206
23 25 206
12 26 207
13 26 207
14 26 207
15 26 207
16 26 207
17 26 207
18 26 207
19 26 207
20 26 207
21 26 207
22 26 207
23 26 207
12 27 208
13 27 208
14 27 208
15 27 208
16 27 208
17 27 208
18 27 208
19 27 208
20 27 208
21 27 208
22 27 208
23 27 208
12 28 209
13 28 209
14 28 209
15 28 209
16 28 209
17 28 209
18 28 209
19 28 209
20 28 209
21 28 209
22 28 209
23 28 209
12 29 210
13 29 210
14 29 210
15 29 210
16 29 210
17 29 210
18 29 210
19 29 210
20 29 210
21 29 210
22 29 210
23 29 210
12 24 211
13 24 211
14 24 211
15 24 211
16 24 211
17 24 211
18 24 211
19 24 211
20 24 211
21 24 211
22 24 211
23 24 211
12 25 212
13 25 212
14 25 212
15 25 212
16 25 212
17 25 212
18 25 212
19 25 212
20 25 212
21 25 212
22 25 212
23 25 212
12 26 213
13 26 213
14 26 213
15 26 213
16 26 213
17 26 213
18 26 213
19 26 213
20 26 213
21 26 213
22 26 213
23 26 213
12 27 214
13 27 214
14 27 214
15 27 214
16 27 214
17 27 214
18 27 214
19 27 214
20 27 214
21 27 214
22 27 214
23 27 214
12 28 215
13 28 215
14 28 215
15 28 215
16 28 215
17 28 215
18 28 215
19 28 215
20 28 215
21 28 215
22 28 215
23 28 215
12 29 216
13 29 216
14 29 216
15 29 216
16 29 216
17 29 216
18 29 216
19 29 216
20 29 216
21 29 216
22 29 216
23 29 216
12 24 217
13 24 217
14 24 217
15 24 217
16 24 217
17 24 217
18 24 217
19 24 217
20 24 217
21 24 217
22 24 217
23 24 217
12 25 218
13 25 218
14 25 218
15 25 218
16 25 218
17 25 218
18 25 218
19 25 218
20 25 218
21 25 218
22 25 218
23 25 218
12 26 219
13 26 219
14 26 219
15 26 219
16 26 219
17 26 219
18 26 219
19 26 219
20 26 219
21 26 219
22 26 219
23 26 219
12 27 220
13 27 220
14 27 220
15 27 220
16 27 220
17 27 220
18 27 220
19 27 220
20 27 220
21 27 220
22 27 220
23 27 220
12 28 221
13 28 221
14 28 221
15 28 221
16 28 221
17 28 221
18 28 221
19 28 221
20 28 221
21 28 221
22 28 221
23 28 221
12 29 222
13 29 222
14 29 222
15 29 222
16 29 222
17 29 222
18 29 222
19 29 222
20 29 222
21 29 222
22 29 222
23 29 222
12 24 223
13 24 223
14 24 223
15 24 223
16 24 223
17 24 223
18 24 223
19 24 223
20 24 223
21 24 223
22 24 223
23 24 223
12 25 224
13 25 224
14 25 224
15 25 224
16 25 224
17 25 224
18 25 224
19 25 224
20 25 224
21 25 224
22 25 224
23 25 224
12 26 225
13 26 225
14 26 225
15 26 225
16 26 225
17 26 225
18 26 225
19 26 225
20 26 225
21 26 225
22 26 225
23 26 225
12 27 226
13 27 226
14 27 226
15 27 226
16 27 226
17 27 226
18 27 226
19 27 226
20 27 226
21 27 226
22 27 226
23 27 226
12 28 227
13 28 227
14 28 227
15 28 227
16 28 227
17 28 227
18 28 227
19 28 227
20 28 227
21 28 227
22 28 227
23 28 227
12 29 228
13 29 228
14 29 228
15 29 228
16 29 228
17 29 228
18 29 228
19 29 228
20 29 228
21 29 228
22 29 228
23 29 228
12 24 229
13 24 229
14 24 229
15 24 229
16 24 229
17 24 229
18 24 229
19 24 229
20 24 229
21 24 229
22 24 229
23 24 229
12 25 230
13 25 230
14 25 230
15 25 230
16 25 230
17 25 230
18 25 230
19 25 230
20 25 230
21 25 230
22 25 230
23 25 230
12 26 231
13 26 231
14 26 231
15 26 231
16 26 231
17 26 231
18 26 231
19 26 231
20 26 231
21 26 231
22 26 231
23 26 231
12 27 232
13 27 232
14 27 232
15 27 232
16 27 232
17 27 232
18 27 232
19 27 232
20 27 232
21 27 232
22 27 232
23 27 232
12 28 233
13 28 233
14 28 233
15 28 233
16 28 233
17 28 233
18 28 233
19 28 233
20 28 233
21 28 233
22 28 233
23 28 233
12 29 234
13 29 234
14 29 234
15 29 234
16 29 234
17 29 234
18 29 234
19 29 234
20 29 234
21 29 234
22 29 234
23 29 234
12 24 235
13 24 235
14 24 235
15 24 235
16 24 235
17 24 235
18 24 235
19 24 235
20 24 235
21 24 235
22 24 235
23 24 235
12 25 236
13 25 236
14 25 236
15 25 236
16 25 236
17 25 236
18 25 236
19 25 236
20 25 236
21 25 236
22 25 236
23 25 236
12 26 237
13 26 237
14 26 237
15 26 237
16 26 237
17 26 237
18 26 237
19 26 237
20 26 237
21 26 237
22 26 237
23 26 237
12 27 238
13 27 238
14 27 238
15 27 238
16 27 238
17 27 238
18 27 238
19 27 238
20 27 238
21 27 238
22 27 238
23 27 238
12 28 239
13 28 239
14 28 239
15 28 239
16 28 239
17 28 239
18 28 239
19 28 239
20 28 239
21 28 239
22 28 239
23 28 239
12 29 240
13 29 240
14 29 240
15 29 240
16 29 240
17 29 240
18 29 240
19 29 240
20 29 240
21 29 240
22 29 240
23 29 240
12 24 241
13 24 241
14 24 241
15 24 241
16 24 241
17 24 241
18 24 241
19 24 241
20 24 241
21 24 241
22 24 241
23 24 241
12 25 242
13 25 242
14 25 242
15 25 242
16 25 242
17 25 242
18 25 242
19 25 242
20 25 242
21 25 242
22 25 242
23 25 242
12 26 243
13 26 243
14 26 243
15 26 243
16 26 243
17 26 243
18 26 243
19 26 243
20 26 243
21 26 243
22 26 243
23 26 243
12 27 244
13 27 244
14 27 244
15 27 244
16 27 244
17 27 244
18 27 244
19 27 244
20 27 244
21 27 244
22 27 244
23 27 244
12 28 245
13 28 245
14 28 245
15 28 245
16 28 245
17 28 245
18 28 245
19 28 245
20 28 245
21 28 245
22 28 245
23 28 245
12 29 246
13 29 246
14 29 246
15 29 246
16 29 246
17 29 246
18 29 246
19 29 246
20 29 246
21 29 246
22 29 246
23 29 246
12 24 247
13 24 247
14 24 247
15 24 247
16 24 247
17 24 247
18 24 247
19 24 247
20 24 247
21 24 247
22 24 247
23 24 247
12 25 248
13 25 248
14 25 248
15 25 248
16 25 248
17 25 248
18 25 248
19 25 248
20 25 248
21 25 248
22 25 248
23 25 248
12 26 249
13 26 249
14 26 249
15 26 249
16 26 249
17 26 249
18 26 249
19 26 249
20 26 249
21 26 249
22 26 249
23 26 249
12 27 250
13 27 250
14 27 250
15 27 250
16 27 250
17 27 250
18 27 250
19 27 250
20 27 250
21 27 250
22 27 250
23 27 250
12 28 251
13 28 251
14 28 251
15 28 251
16 28 251
17 28 251
18 28 251
19 28 251
20 28 251
21 28 251
22 28 251
23 28 251
12 29 252
13 29 252
14 29 252
15 29 252
16 29 252
17 29 252
18 29 252
19 29 252
20 29 252
21 29 252
22 29 252
23 29 252
12 24 253
13 24 253
14 24 253
15 24 253
16 24 253
17 24 253
18 24 253
19 24 253
20 24 253
21 24 253
22 24 253
23 24 253
12 25 254
13 25 254
14 25 254
15 25 254
16 25 254
17 25 254
18 25 254
19 25 254
20 25 254
21 25 254
22 25 254
23 25 254
12 26 255
13 26 255
14 26 255
15 26 255
16 26 255
17 26 255
18 26 255
19 26 255
20 26 255
21 26 255
22 26 255
23 26 255
12 27 256
13 27 256
14 27 256
15 27 256
16 27 256
17 27 256
18 27 256
19 27 256
20 27 256
21 27 256
22 27 256
23 27 256
12 28 257
13 28 257
14 28 257
15 28 257
16 28 257
17 28 257
18 28 257
19 28 257
20 28 257
21 28 257
22 28 257
23 28 257
12 29 258
13 29 258
14 29 258
15 29 258
16 29 258
17 29 258
18 29 258
19 29 258
20 29 258
21 29 258
22 29 258
23 29 258
12 24 259
13 24 259
14 24 259
15 24 259
16 24 259
17 24 259
18 24 259
19 24 259
20 24 259
21 24 259
22 24 259
23 24 259
12 25 260
13 25 260
14 25 260
15 25 260
16 25 260
17 25 260
18 25 260
19 25 260
20 25 260
21 25 260
22 25 260
23 25 260
12 26 261
13 26 261
14 26 261
15 26 261
16 26 261
17 26 261
18 26 261
19 26 261
20 26 261
21 26 261
22 26 261
23 26 261
12 27 262
13 27 262
14 27 262
15 27 262
16 27 262
17 27 262
18 27 262
19 27 262
20 27 262
21 27 262
22 27 262
23 27 262
12 28 263
13 28 263
14 28 263
15 28 263
16 28 263
17 28 263
18 28 263
19 28 263
20 28 263
21 28 263
22 28 263
23 28 263
12 29 264
13 29 264
14 29 264
15 29 264
16 29 264
17 29 264
18 29 264
19 29 264
20 29 264
21 29 264
22 29 264
23 29 264
12 24 265
13 24 265
14 24 265
15 24 265
16 24 265
17 24 265
18 24 265
19 24 265
20 24 265
21 24 265
22 24 265
23 24 265
12 25 266
13 25 266
14 25 266
15 25 266
16 25 266
17 25 266
18 25 266
19 25 266
20 25 266
21 25 266
22 25 266
23 25 266
12 26 267
13 26 267
14 26 267
15 26 267
16 26 267
17 26 267
18 26 267
19 26 267
20 26 267
21 26 267
22 26 267
23 26 267
12 27 268
13 27 268
14 27 268
15 27 268
16 27 268
17 27 268
18 27 268
19 27 268
20 27 268
21 27 268
22 27 268
23 27 268
12 28 269
13 28 269
14 28 269
15 28 269
16 28 269
17 28 269
18 28 269
19 28 269
20 28 269
21 28 269
22 28 269
23 28 269
12 29 270
13 29 270
14 29 270
15 29 270
16 29 270
17 29 270
18 29 270
19 29 270
20 29 270
21 29 270
22 29 270
23 29 270
12 24 271
13 24 271
14 24 271
15 24 271
16 24 271
17 24 271
18 24 271
19 24 271
20 24 271
21 24 271
22 24 271
23 24 271
12 25 272
13 25 272
14 25 272
15 25 272
16 25 272
17 25 272
18 25 272
19 25 272
20 25 272
21 25 272
22 25 272
23 25 272
12 26 273
13 26 273
14 26 273
15 26 273
16 26 273
17 26 273
18 26 273
19 26 273
20 26 273
21 26 273
22 26 273
23 26 273
12 27 274
13 27 274
14 27 274
15 27 274
16 27 274
17 27 274
18 27 274
19 27 274
20 27 274
21 27 274
22 27 274
23 27 274
12 28 275
13 28 275
14 28 275
15 28 275
16 28 275
17 28 275
18 28 275
19 28 275
20 28 275
21 28 275
22 28 275
23 28 275
12 29 276
13 29 276
14 29 276
15 29 276
16 29 276
17 29 276
18 29 276
19 29 276
20 29 276
21 29 276
22 29 276
23 29 276
12 24 277
13 24 277
14 24 277
15 24 277
16 24 277
17 24 277
18 24 277
19 24 277
20 24 277
21 24 277
22 24 277
23 24 277
12 25 278
13 25 278
14 25 278
15 25 278
16 25 278
17 25 278
18 25 278
19 25 278
20 25 278
21 25 278
22 25 278
23 25 278
12 26 279
13 26 279
14 26 279
15 26 279
16 26 279
17 26 279
18 26 279
19 26 279
20 26 279
21 26 279
22 26 279
23 26 279
12 27 280
13 27 280
14 27 280
15 27 280
16 27 280
17 27 280
18 27 280
19 27 280
20 27 280
21 27 280
22 27 280
23 27 280
12 28 281
13 28 281
14 28 281
15 28 281
16 28 281
17 28 281
18 28 281
19 28 281
20 28 281
21 28 281
22 28 281
23 28 281
12 29 282
13 29 282
14 29 282
15 29 282
16 29 282
17 29 282
18 29 282
19 29 282
20 29 282
21 29 282
22 29 282
23 29 282
12 24 283
13 24 283
14 24 283
15 24 283
16 24 283
17 24 283
18 24 283
19 24 283
20 24 283
21 24 283
22 24 283
23 24 283
12 25 284
13 25 284
14 25 284
15 25 284
16 25 284
17 25 284
18 25 284
19 25 284
20 25 284
21 25 284
22 25 284
23 25 284
12 26 285
13 26 285
14 26 285
15 26 285
16 26 285
17 26 285
18 26 285
19 26 285
20 26 285
21 26 285
22 26 285
23 26 285
12 27 286
13 27 286
14 27 286
15 27 286
16 27 286
17 27 286
18 27 286
19 27 286
20 27 286
21 27 286
22 27 286
23 27 286
12 28 287
13 28 287
14 28 287
15 28 287
16 28 287
17 28 287
18 28 287
19 28 287
20 28 287
21 28 287
22 28 287
23 28 287
12 29 288
13 29 288
14 29 288
15 29 288
16 29 288
17 29 288
18 29 288
19 29 288
20 29 288
21 29 288
22 29 288
23 29 288
12 24 289
13 24 289
14 24 289
15 24 289
16 24 289
17 24 289
18 24 289
19 24 289
20 24 289
21 24 289
22 24 289
23 24 289
12 25 290
13 25 290
14 25 290
15 25 290
16 25 290
17 25 290
18 25 290
19 25 290
20 25 290
21 25 290
22 25 290
23 25 290
12 26 291
13 26 291
14 26 291
15 26 291
16 26 291
17 26 291
18 26 291
19 26 291
20 26 291
21 26 291
22 26 291
23 26 291
12 27 292
13 27 292
14 27 292
15 27 292
16 27 292
17 27 292
18 27 292
19 27 292
20 27 292
21 27 292
22 27 292
23 27 292
12 28 293
13 28 293
14 28 293
15 28 293
16 28 293
17 28 293
18 28 293
19 28 293
20 28 293
21 28 293
22 28 293
23 28 293
12 29 294
13 29 294
14 29 294
15 29 294
16 29 294
17 29 294
18 29 294
19 29 294
20 29 294
21 29 294
22 29 294
23 29 294
12 24 295
13 24 295
14 24 295
15 24 295
16 24 295
17 24 295
18 24 295
19 24 295
20 24 295
21 24 295
22 24 295
23 24 295
12 25 296
13 25 296
14 25 296
15 25 296
16 25 296
17 25 296
18 25 296
19 25 296
20 25 296
21 25 296
22 25 296
23 25 296
12 26 297
13 26 297
14 26 297
15 26 297
16 26 297
17 26 297
18 26 297
19 26 297
20 26 297
21 26 297
22 26 297
23 26 297
12 27 298
13 27 298
14 27 298
15 27 298
16 27 298
17 27 298
18 27 298
19 27 298
20 27 298
21 27 298
22 27 298
23 27 298
12 28 299
13 28 299
14 28 299
15 28 299
16 28 299
17 28 299
18 28 299
19 28 299
20 28 299
21 28 299
22 28 299
23 28 299
12 29 300
13 29 300
14 29 300
15 29 300
16 29 300
17 29 300
18 29 300
19 29 300
20 29 300
21 29 300
22 29 300
23 29 300
12 24 301
13 24 301
14 24 301
15 24 301
16 24 301
17 24 301
18 24 301
19 24 301
20 24 301
21 24 301
22 24 301
23 24 301
12 25 302
13 25 302
14 25 302
15 25 302
16 25 302
17 25 302
18 25 302
19 25 302
20 25 302
21 25 302
22 25 302
23 25 302
12 26 303
13 26 303
14 26 303
15 26 303
16 26 303
17 26 303
18 26 303
19 26 303
20 26 303
21 26 303
22 26 303
23 26 303
12 27 304
13 27 304
14 27 304
15 27 304
16 27 304
17 27 304
18 27 304
19 27 304
20 27 304
21 27 304
22 27 304
23 27 304
12 28 305
13 28 305
14 28 305
15 28 305
16 28 305
17 28 305
18 28 305
19 28 305
20 28 305
21 28 305
22 28 305
23 28 305
12 29 306
13 29 306
14 29 306
15 29 306
16 29 306
17 29 306
18 29 306
19 29 306
20 29 306
21 29 306
22 29 306
23 29 306
12 24 307
13 24 307
14 24 307
15 24 307
16 24 307
17 24 307
18 24 307
19 24 307
20 24 307
21 24 307
22 24 307
23 24 307
12 25 308
13 25 308
14 25 308
15 25 308
16 25 308
17 25 308
18 25 308
19 25 308
20 25 308
21 25 308
22 25 308
23 25 308
12 26 309
13 26 309
14 26 309
15 26 309
16 26 309
17 26 309
18 26 309
19 26 309
20 26 309
21 26 309
22 26 309
23 26 309
12 27 310
13 27 310
14 27 310
15 27 310
16 27 310
17 27 310
18 27 310
19 27 310
20 27 310
21 27 310
22 27 310
23 27 310
12 28 311
13 28 311
14 28 311
15 28 311
16 28 311
17 28 311
18 28 311
19 28 311
20 28 311
21 28 311
22 28 311
23 28 311
12 29 312
13 29 312
14 29 312
15 29 312
16 29 312
17 29 312
18 29 312
19 29 312
20 29 312
21 29 312
22 29 312
23 29 312
12 24 313
13 24 313
14 24 313
15 24 313
16 24 313
17 24 313
18 24 313
19 24 313
20 24 313
21 24 313
22 24 313
23 24 313
12 25 314
13 25 314
14 25 314
15 25 314
16 25 314
17 25 314
18 25 314
19 25 314
20 25 314
21 25 314
22 25 314
23 25 314
12 26 315
13 26 315
14 26 315
15 26 315
16 26 315
17 26 315
18 26 315
19 26 315
20 26 315
21 26 315
22 26 315
23 26 315
12 27 316
13 27 316
14 27 316
15 27 316
16 27 316
17 27 316
18 27 316
19 27 316
20 27 316
21 27 316
22 27 316
23 27 316
12 28 317
13 28 317
14 28 317
15 28 317
16 28 317
17 28 317
18 28 317
19 28 317
20 28 317
21 28 317
22 28 317
23 28 317
12 29 318
13 29 318
14 29 318
15 29 318
16 29 318
17 29 318
18 29 318
19 29 318
20 29 318
21 29 318
22 29 318
23 29 318
12 24 319
13 24 319
14 24 319
15 24 319
16 24 319
17 24 319
18 24 319
19 24 319
20 24 319
21 24 319
22 24 319
23 24 319
12 25 320
13 25 320
14 25 320
15 25 320
16 25 320
17 25 320
18 25 320
19 25 320
20 25 320
21 25 320
22 25 320
23 25 320
12 26 321
13 26 321
14 26 321
15 26 321
16 26 321
17 26 321
18 26 321
19 26 321
20 26 321
21 26 321
22 26 321
23 26 321
12 27 322
13 27 322
14 27 322
15 27 322
16 27 322
17 27 322
18 27 322
19 27 322
20 27 322
21 27 322
22 27 322
23 27 322
12 28 323
13 28 323
14 28 323
15 28 323
16 28 323
17 28 323
18 28 323
19 28 323
20 28 323
21 28 323
22 28 323
23 28 323
12 29 324
13 29 324
14 29 324
15 29 324
16 29 324
17 29 324
18 29 324
19 29 324
20 29 324
21 29 324
22 29 324
23 29 324
12 24 325
13 24 325
14 24 325
15 24 325
16 24 325
17 24 325
18 24 325
19 24 325
20 24 325
21 24 325
22 24 325
23 24 325
12 25 326
13 25 326
14 25 326
15 25 326
16 25 326
17 25 326
18 25 326
19 25 326
20 25 326
21 25 326
22 25 326
23 25 326
12 26 327
13 26 327
14 26 327
15 26 327
16 26 327
17 26 327
18 26 327
19 26 327
20 26 327
21 26 327
22 26 327
23 26 327
12 27 328
13 27 328
14 27 328
15 27 328
16 27 328
17 27 328
18 27 328
19 27 328
20 27 328
21 27 328
22 27 328
23 27 328
12 28 329
13 28 329
14 28 329
15 28 329
16 28 329
17 28 329
18 28 329
19 28 329
20 28 329
21 28 329
22 28 329
23 28 329
12 29 330
13 29 330
14 29 330
15 29 330
16 29 330
17 29 330
18 29 330
19 29 330
20 29 330
21 29 330
22 29 330
23 29 330
12 24 331
13 24 331
14 24 331
15 24 331
16 24 331
17 24 331
18 24 331
19 24 331
20 24 331
21 24 331
22 24 331
23 24 331
12 25 332
13 25 332
14 25 332
15 25 332
16 25 332
17 25 332
18 25 332
19 25 332
20 25 332
21 25 332
22 25 332
23 25 332
12 26 333
13 26 333
14 26 333
15 26 333
16 26 333
17 26 333
18 26 333
19 26 333
20 26 333
21 26 333
22 26 333
23 26 333
12 27 334
13 27 334
14 27 334
15 27 334
16 27 334
17 27 334
18 27 334
19 27 334
20 27 334
21 27 334
22 27 334
23 27 334
12 28 335
13 28 335
14 28 335
15 28 335
16 28 335
17 28 335
18 28 335
19 28 335
20 28 335
21 28 335
22 28 335
23 28 335
12 29 336
13 29 336
14 29 336
15 29 336
16 29 336
17 29 336
18 29 336
19 29 336
20 29 336
21 29 336
22 29 336
23 29 336
12 24 337
13 24 337
14 24 337
15 24 337
16 24 337
17 24 337
18 24 337
19 24 337
20 24 337
21 24 337
22 24 337
23 24 337
12 25 338
13 25 338
14 25 338
15 25 338
16 25 338
17 25 338
18 25 338
19 25 338
20 25 338
21 25 338
22 25 338
23 25 338
12 26 339
13 26 339
14 26 339
15 26 339
16 26 339
17 26 339
18 26 339
19 26 339
20 26 339
21 26 339
22 26 339
23 26 339
12 27 340
13 27 340
14 27 340
15 27 340
16 27 340
17 27 340
18 27 340
19 27 340
20 27 340
21 27 340
22 27 340
23 27 340
12 28 341
13 28 341
14 28 341
15 28 341
16 28 341
17 28 341
18 28 341
19 28 341
20 28 341
21 28 341
22 28 341
23 28 341
12 29 342
13 29 342
14 29 342
15 29 342
16 29 342
17 29 342
18 29 342
19 29 342
20 29 342
21 29 342
22 29 342
23 29 342
12 24 343
13 24 343
14 24 343
15 24 343
16 24 343
17 24 343
18 24 343
19 24 343
20 24 343
21 24 343
22 24 343
23 24 343
12 25 344
13 25 344
14 25 344
15 25 344
16 25 344
17 25 344
18 25 344
19 25 344
20 25 344
21 25 344
22 25 344
23 25 344
12 26 345
13 26 345
14 26 345
15 26 345
16 26 345
17 26 345
18 26 345
19 26 345
20 26 345
21 26 345
22 26 345
23 26 345
12 27 346
13 27 346
14 27 346
15 27 346
16 27 346
17 27 346
18 27 346
19 27 346
20 27 346
21 27 346
22 27 346
23 27 346
12 28 347
13 28 347
14 28 347
15 28 347
16 28 347
17 28 347
18 28 347
19 28 347
20 28 347
21 28 347
22 28 347
23 28 347
12 29 348
13 29 348
14 29 348
15 29 348
16 29 348
17 29 348
18 29 348
19 29 348
20 29 348
21 29 348
22 29 348
23 29 348
12 24 349
13 24 349
14 24 349
15 24 349
16 24 349
17 24 349
18 24 349
19 24 349
20 24 349
21 24 349
22 24 349
23 24 349
12 25 350
13 25 350
14 25 350
15 25 350
16 25 350
17 25 350
18 25 350
19 25 350
20 25 350
21 25 350
22 25 350
23 25 350
12 26 351
13 26 351
14 26 351
15 26 351
16 26 351
17 26 351
18 26 351
19 26 351
20 26 351
21 26 351
22 26 351
23 26 351
12 27 352
13 27 352
14 27 352
15 27 352
16 27 352
17 27 352
18 27 352
19 27 352
20 27 352
21 27 352
22 27 352
23 27 352
12 28 353
13 28 353
14 28 353
15 28 353
16 28 353
17 28 353
18 28 353
19 28 353
20 28 353
21 28 353
22 28 353
23 28 353
12 29 354
13 29 354
14 29 354
15 29 354
16 29 354
17 29 354
18 29 354
19 29 354
20 29 354
21 29 354
22 29 354
23 29 354
12 24 355
13 24 355
14 24 355
15 24 355
16 24 355
17 24 355
18 24 355
19 24 355
20 24 355
21 24 355
22 24 355
23 24 355
12 25 356
13 25 356
14 25 356
15 25 356
16 25 356
17 25 356
18 25 356
19 25 356
20 25 356
21 25 356
22 25 356
23 25 356
12 26 357
13 26 357
14 26 357
15 26 357
16 26 357
17 26 357
18 26 357
19 26 357
20 26 357
21 26 357
22 26 357
23 26 357
12 27 358
13 27 358
14 27 358
15 27 358
16 27 358
17 27 358
18 27 358
19 27 358
20 27 358
21 27 358
22 27 358
23 27 358
12 28 359
13 28 359
14 28 359
15 28 359
16 28 359
17 28 359
18 28 359
19 28 359
20 28 359
21 28 359
22 28 359
23 28 359
12 29 360
13 29 360
14 29 360
15 29 360
16 29 360
17 29 360
18 29 360
19 29 360
20 29 360
21 29 360
22 29 360
23 29 360
12 24 361
13 24 361
14 24 361
15 24 361
16 24 361
17 24 361
18 24 361
19 24 361
20 24 361
21 24 361
22 24 361
23 24 361
12 25 362
13 25 362
14 25 362
15 25 362
16 25 362
17 25 362
18 25 362
19 25 362
20 25 362
21 25 362
22 25 362
23 25 362
12 26 363
13 26 363
14 26 363
15 26 363
16 26 363
17 26 363
18 26 363
19 26 363
20 26 363
21 26 363
22 26 363
23 26 363
12 27 364
13 27 364
14 27 364
15 27 364
16 27 364
17 27 364
18 27 364
19 27 364
20 27 364
21 27 364
22 27 364
23 27 364
12 28 365
13 28 365
14 28 365
15 28 365
16 28 365
17 28 365
18 28 365
19 28 365
20 28 365
21 28 365
22 28 365
23 28 365
12 29 366
13 29 366
14 29 366
15 29 366
16 29 366
17 29 366
18 29 366
19 29 366
20 29 366
21 29 366
22 29 366
23 29 366
12 24 367
13 24 367
14 24 367
15 24 367
16 24 367
17 24 367
18 24 367
19 24 367
20 24 367
21 24 367
22 24 367
23 24 367
12 25 368
13 25 368
14 25 368
15 25 368
16 25 368
17 25 368
18 25 368
19 25 368
20 25 368
21 25 368
22 25 368
23 25 368
12 26 369
13 26 369
14 26 369
15 26 369
16 26 369
17 26 369
18 26 369
19 26 369
20 26 369
21 26 369
22 26 369
23 26 369
12 27 370
13 27 370
14 27 370
15 27 370
16 27 370
17 27 370
18 27 370
19 27 370
20 27 370
21 27 370
22 27 370
23 27 370
12 28 371
13 28 371
14 28 371
15 28 371
16 28 371
17 28 371
18 28 371
19 28 371
20 28 371
21 28 371
22 28 371
23 28 371
12 29 372
13 29 372
14 29 372
15 29 372
16 29 372
17 29 372
18 29 372
19 29 372
20 29 372
21 29 372
22 29 372
23 29 372
12 24 373
13 24 373
14 24 373
15 24 373
16 24 373
17 24 373
18 24 373
19 24 373
20 24 373
21 24 373
22 24 373
23 24 373
12 25 374
13 25 374
14 25 374
15 25 374
16 25 374
17 25 374
18 25 374
19 25 374
20 25 374
21 25 374
22 25 374
23 25 374
12 26 375
13 26 375
14 26 375
15 26 375
16 26 375
17 26 375
18 26 375
19 26 375
20 26 375
21 26 375
22 26 375
23 26 375
12 27 376
13 27 376
14 27 376
15 27 376
16 27 376
17 27 376
18 27 376
19 27 376
20 27 376
21 27 376
22 27 376
23 27 376
12 28 377
13 28 377
14 28 377
15 28 377
16 28 377
17 28 377
18 28 377
19 28 377
20 28 377
21 28 377
22 28 377
23 28 377
12 29 378
13 29 378
14 29 378
15 29 378
16 29 378
17 29 378
18 29 378
19 29 378
20 29 378
21 29 378
22 29 378
23 29 378
12 24 379
13 24 379
14 24 379
15 24 379
16 24 379
17 24 379
18 24 379
19 24 379
20 24 379
21 24 379
22 24 379
23 24 379
12 25 380
13 25 380
14 25 380
15 25 380
16 25 380
17 25 380
18 25 380
19 25 380
20 25 380
21 25 380
22 25 380
23 25 380
12 26 381
13 26 381
14 26 381
15 26 381
16 26 381
17 26 381
18 26 381
19 26 381
20 26 381
21 26 381
22 26 381
23 26 381
12 27 382
13 27 382
14 27 382
15 27 382
16 27 382
17 27 382
18 27 382
19 27 382
20 27 382
21 27 382
22 27 382
23 27 382
12 28 383
13 28 383
14 28 383
15 28 383
16 28 383
17 28 383
18 28 383
19 28 383
20 28 383
21 28 383
22 28 383
23 28 383
12 29 384
13 29 384
14 29 384
15 29 384
16 29 384
17 29 384
18 29 384
19 29 384
20 29 384
21 29 384
22 29 384
23 29 384
12 24 385
13 24 385
14 24 385
15 24 385
16 24 385
17 24 385
18 24 385
19 24 385
20 24 385
21 24 385
22 24 385
23 24 385
12 25 386
13 25 386
14 25 386
15 25 386
16 25 386
17 25 386
18 25 386
19 25 386
20 25 386
21 25 386
22 25 386
23 25 386
12 26 387
13 26 387
14 26 387
15 26 387
16 26 387
17 26 387
18 26 387
19 26 387
20 26 387
21 26 387
22 26 387
23 26 387
12 27 388
13 27 388
14 27 388
15 27 388
16 27 388
17 27 388
18 27 388
19 27 388
20 27 388
21 27 388
22 27 388
23 27 388
12 28 389
13 28 389
14 28 389
15 28 389
16 28 389
17 28 389
18 28 389
19 28 389
20 28 389
21 28 389
22 28 389
23 28 389
12 29 390
13 29 390
14 29 390
15 29 390
16 29 390
17 29 390
18 29 390
19 29 390
20 29 390
21 29 390
22 29 390
23 29 390
12 24 391
13 24 391
14 24 391
15 24 391
16 24 391
17 24 391
18 24 391
19 24 391
20 24 391
21 24 391
22 24 391
23 24 391
12 25 392
13 25 392
14 25 392
15 25 392
16 25 392
17 25 392
18 25 392
19 25 392
20 25 392
21 25 392
22 25 392
23 25 392
12 26 393
13 26 393
14 26 393
15 26 393
16 26 393
17 26 393
18 26 393
19 26 393
20 26 393
21 26 393
22 26 393
23 26 393
12 27 394
13 27 394
14 27 394
15 27 394
16 27 394
17 27 394
18 27 394
19 27 394
20 27 394
21 27 394
22 27 394
23 27 394
12 28 395
13 28 395
14 28 395
15 28 395
16 28 395
17 28 395
18 28 395
19 28 395
20 28 395
21 28 395
22 28 395
23 28 395
12 29 396
13 29 396
14 29 396
15 29 396
16 29 396
17 29 396
18 29 396
19 29 396
20 29 396
21 29 396
22 29 396
23 29 396
12 24 397
13 24 397
14 24 397
15 24 397
16 24 397
17 24 397
18 24 397
19 24 397
20 24 397
21 24 397
22 24 397
23 24 397
12 25 398
13 25 398
14 25 398
15 25 398
16 25 398
17 25 398
18 25 398
19 25 398
20 25 398
21 25 398
22 25 398
23 25 398
12 26 399
13 26 399
14 26 399
15 26 399
16 26 399
17 26 399
18 26 399
19 26 399
20 26 399
21 26 399
22 26 399
23 26 399
12 27 400
13 27 400
14 27 400
15 27 400
16 27 400
17 27 400
18 27 400
19 27 400
20 27 400
21 27 400
22 27 400
23 27 400
12 28 401
13 28 401
14 28 401
15 28 401
16 28 401
17 28 401
18 28 401
19 28 401
20 28 401
21 28 401
22 28 401
23 28 401
12 29 402
13 29 402
14 29 402
15 29 402
16 29 402
17 29 402
18 29 402
19 29 402
20 29 402
21 29 402
22 29 402
23 29 402
12 24 403
13 24 403
14 24 403
15 24 403
16 24 403
17 24 403
18 24 403
19 24 403
20 24 403
21 24 403
22 24 403
23 24 403
12 25 404
13 25 404
14 25 404
15 25 404
16 25 404
17 25 404
18 25 404
19 25 404
20 25 404
21 25 404
22 25 404
23 25 404
12 26 405
13 26 405
14 26 405
15 26 405
16 26 405
17 26 405
18 26 405
19 26 405
20 26 405
21 26 405
22 26 405
23 26 405
12 27 406
13 27 406
14 27 406
15 27 406
16 27 406
17 27 406
18 27 406
19 27 406
20 27 406
21 27 406
22 27 406
23 27 406
12 28 407
13 28 407
14 28 407
15 28 407
16 28 407
17 28 407
18 28 407
19 28 407
20 28 407
21 28 407
22 28 407
23 28 407
12 29 408
13 29 408
14 29 408
15 29 408
16 29 408
17 29 408
18 29 408
19 29 408
20 29 408
21 29 408
22 29 408
23 29 408
12 24 409
13 24 409
14 24 409
15 24 409
16 24 409
17 24 409
18 24 409
19 24 409
20 24 409
21 24 409
22 24 409
23 24 409
12 25 410
13 25 410
14 25 410
15 25 410
16 25 410
17 25 410
18 25 410
19 25 410
20 25 410
21 25 410
22 25 410
23 25 410
12 26 411
13 26 411
14 26 411
15 26 411
16 26 411
17 26 411
18 26 411
19 26 411
20 26 411
21 26 411
22 26 411
23 26 411
12 27 412
13 27 412
14 27 412
15 27 412
16 27 412
17 27 412
18 27 412
19 27 412
20 27 412
21 27 412
22 27 412
23 27 412
12 28 413
13 28 413
14 28 413
15 28 413
16 28 413
17 28 413
18 28 413
19 28 413
20 28 413
21 28 413
22 28 413
23 28 413
12 29 414
13 29 414
14 29 414
15 29 414
16 29 414
17 29 414
18 29 414
19 29 414
20 29 414
21 29 414
22 29 414
23 29 414
12 24 415
13 24 415
14 24 415
15 24 415
16 24 415
17 24 415
18 24 415
19 24 415
20 24 415
21 24 415
22 24 415
23 24 415
12 25 416
13 25 416
14 25 416
15 25 416
16 25 416
17 25 416
18 25 416
19 25 416
20 25 416
21 25 416
22 25 416
23 25 416
12 26 417
13 26 417
14 26 417
15 26 417
16 26 417
17 26 417
18 26 417
19 26 417
20 26 417
21 26 417
22 26 417
23 26 417
12 27 418
13 27 418
14 27 418
15 27 418
16 27 418
17 27 418
18 27 418
19 27 418
20 27 418
21 27 418
22 27 418
23 27 418
12 28 419
13 28 419
14 28 419
15 28 419
16 28 419
17 28 419
18 28 419
19 28 419
20 28 419
21 28 419
22 28 419
23 28 419
12 29 420
13 29 420
14 29 420
15 29 420
16 29 420
17 29 420
18 29 420
19 29 420
20 29 420
21 29 420
22 29 420
23 29 420
12 24 421
13 24 421
14 24 421
15 24 421
16 24 421
17 24 421
18 24 421
19 24 421
20 24 421
21 24 421
22 24 421
23 24 421
12 25 422
13 25 422
14 25 422
15 25 422
16 25 422
17 25 422
18 25 422
19 25 422
20 25 422
21 25 422
22 25 422
23 25 422
12 26 423
13 26 423
14 26 423
15 26 423
16 26 423
17 26 423
18 26 423
19 26 423
20 26 423
21 26 423
22 26 423
23 26 423
12 27 424
13 27 424
14 27 424
15 27 424
16 27 424
17 27 424
18 27 424
19 27 424
20 27 424
21 27 424
22 27 424
23 27 424
12 28 425
13 28 425
14 28 425
15 28 425
16 28 425
17 28 425
18 28 425
19 28 425
20 28 425
21 28 425
22 28 425
23 28 425
12 29 426
13 29 426
14 29 426
15 29 426
16 29 426
17 29 426
18 29 426
19 29 426
20 29 426
21 29 426
22 29 426
23 29 426
12 24 427
13 24 427
14 24 427
15 24 427
16 24 427
17 24 427
18 24 427
19 24 427
20 24 427
21 24 427
22 24 427
23 24 427
12 25 428
13 25 428
14 25 428
15 25 428
16 25 428
17 25 428
18 25 428
19 25 428
20 25 428
21 25 428
22 25 428
23 25 428
12 26 429
13 26 429
14 26 429
15 26 429
16 26 429
17 26 429
18 26 429
19 26 429
20 26 429
21 26 429
22 26 429
23 26 429
12 27 430
13 27 430
14 27 430
15 27 430
16 27 430
17 27 430
18 27 430
19 27 430
20 27 430
21 27 430
22 27 430
23 27 430
12 28 431
13 28 431
14 28 431
15 28 431
16 28 431
17 28 431
18 28 431
19 28 431
20 28 431
21 28 431
22 28 431
23 28 431
12 29 432
13 29 432
14 29 432
15 29 432
16 29 432
17 29 432
18 29 432
19 29 432
20 29 432
21 29 432
22 29 432
23 29 432
12 24 433
13 24 433
14 24 433
15 24 433
16 24 433
17 24 433
18 24 433
19 24 433
20 24 433
21 24 433
22 24 433
23 24 433
12 25 434
13 25 434
14 25 434
15 25 434
16 25 434
17 25 434
18 25 434
19 25 434
20 25 434
21 25 434
22 25 434
23 25 434
12 26 435
13 26 435
14 26 435
15 26 435
16 26 435
17 26 435
18 26 435
19 26 435
20 26 435
21 26 435
22 26 435
23 26 435
12 27 436
13 27 436
14 27 436
15 27 436
16 27 436
17 27 436
18 27 436
19 27 436
20 27 436
21 27 436
22 27 436
23 27 436
12 28 437
13 28 437
14 28 437
15 28 437
16 28 437
17 28 437
18 28 437
19 28 437
20 28 437
21 28 437
22 28 437
23 28 437
12 29 438
13 29 438
14 29 438
15 29 438
16 29 438
17 29 438
18 29 438
19 29 438
20 29 438
21 29 438
22 29 438
23 29 438
12 24 439
13 24 439
14 24 439
15 24 439
16 24 439
17 24 439
18 24 439
19 24 439
20 24 439
21 24 439
22 24 439
23 24 439
12 25 440
13 25 440
14 25 440
15 25 440
16 25 440
17 25 440
18 25 440
19 25 440
20 25 440
21 25 440
22 25 440
23 25 440
12 26 441
13 26 441
14 26 441
15 26 441
16 26 441
17 26 441
18 26 441
19 26 441
20 26 441
21 26 441
22 26 441
23 26 441
12 27 442
13 27 442
14 27 442
15 27 442
16 27 442
17 27 442
18 27 442
19 27 442
20 27 442
21 27 442
22 27 442
23 27 442
12 28 443
13 28 443
14 28 443
15 28 443
16 28 443
17 28 443
18 28 443
19 28 443
20 28 443
21 28 443
22 28 443
23 28 443
12 29 444
13 29 444
14 29 444
15 29 444
16 29 444
17 29 444
18 29 444
19 29 444
20 29 444
21 29 444
22 29 444
23 29 444
12 24 445
13 24 445
14 24 445
15 24 445
16 24 445
17 24 445
18 24 445
19 24 445
20 24 445
21 24 445
22 24 445
23 24 445
12 25 446
13 25 446
14 25 446
15 25 446
16 25 446
17 25 446
18 25 446
19 25 446
20 25 446
21 25 446
22 25 446
23 25 446
12 26 447
13 26 447
14 26 447
15 26 447
16 26 447
17 26 447
18 26 447
19 26 447
20 26 447
21 26 447
22 26 447
23 26 447
12 27 448
13 27 448
14 27 448
15 27 448
16 27 448
17 27 448
18 27 448
19 27 448
20 27 448
21 27 448
22 27 448
23 27 448
12 28 449
13 28 449
14 28 449
15 28 449
16 28 449
17 28 449
18 28 449
19 28 449
20 28 449
21 28 449
22 28 449
23 28 449
12 29 450
13 29 450
14 29 450
15 29 450
16 29 450
17 29 450
18 29 450
19 29 450
20 29 450
21 29 450
22 29 450
23 29 450
12 24 451
13 24 451
14 24 451
15 24 451
16 24 451
17 24 451
18 24 451
19 24 451
20 24 451
21 24 451
22 24 451
23 24 451
12 25 452
13 25 452
14 25 452
15 25 452
16 25 452
17 25 452
18 25 452
19 25 452
20 25 452
21 25 452
22 25 452
23 25 452
12 26 453
13 26 453
14 26 453
15 26 453
16 26 453
17 26 453
18 26 453
19 26 453
20 26 453
21 26 453
22 26 453
23 26 453
12 27 454
13 27 454
14 27 454
15 27 454
16 27 454
17 27 454
18 27 454
19 27 454
20 27 454
21 27 454
22 27 454
23 27 454
12 28 455
13 28 455
14 28 455
15 28 455
16 28 455
17 28 455
18 28 455
19 28 455
20 28 455
21 28 455
22 28 455
23 28 455
12 29 456
13 29 456
14 29 456
15 29 456
16 29 456
17 29 456
18 29 456
19 29 456
20 29 456
21 29 456
22 29 456
23 29 456
12 24 457
13 24 457
14 24 457
15 24 457
16 24 457
17 24 457
18 24 457
19 24 457
20 24 457
21 24 457
22 24 457
23 24 457
12 25 458
13 25 458
14 25 458
15 25 458
16 25 458
17 25 458
18 25 458
19 25 458
20 25 458
21 25 458
22 25 458
23 25 458
12 26 459
13 26 459
14 26 459
15 26 459
16 26 459
17 26 459
18 26 459
19 26 459
20 26 459
21 26 459
22 26 459
23 26 459
12 27 460
13 27 460
14 27 460
15 27 460
16 27 460
17 27 460
18 27 460
19 27 460
20 27 460
21 27 460
22 27 460
23 27 460
12 28 461
13 28 461
14 28 461
15 28 461
16 28 461
17 28 461
18 28 461
19 28 461
20 28 461
21 28 461
22 28 461
23 28 461
12 29 462
13 29 462
14 29 462
15 29 462
16 29 462
17 29 462
18 29 462
19 29 462
20 29 462
21 29 462
22 29 462
23 29 462
12 24 463
13 24 463
14 24 463
15 24 463
16 24 463
17 24 463
18 24 463
19 24 463
20 24 463
21 24 463
22 24 463
23 24 463
12 25 464
13 25 464
14 25 464
15 25 464
16 25 464
17 25 464
18 25 464
19 25 464
20 25 464
21 25 464
22 25 464
23 25 464
12 26 465
13 26 465
14 26 465
15 26 465
16 26 465
17 26 465
18 26 465
19 26 465
20 26 465
21 26 465
22 26 465
23 26 465
12 27 466
13 27 466
14 27 466
15 27 466
16 27 466
17 27 466
18 27 466
19 27 466
20 27 466
21 27 466
22 27 466
23 27 466
12 28 467
13 28 467
14 28 467
15 28 467
16 28 467
17 28 467
18 28 467
19 28 467
20 28 467
21 28 467
22 28 467
23 28 467
12 29 468
13 29 468
14 29 468
15 29 468
16 29 468
17 29 468
18 29 468
19 29 468
20 29 468
21 29 468
22 29 468
23 29 468
12 24 469
13 24 469
14 24 469
15 24 469
16 24 469
17 24 469
18 24 469
19 24 469
20 24 469
21 24 469
22 24 469
23 24 469
12 25 470
13 25 470
14 25 470
15 25 470
16 25 470
17 25 470
18 25 470
19 25 470
20 25 470
21 25 470
22 25 470
23 25 470
12 26 471
13 26 471
14 26 471
15 26 471
16 26 471
17 26 471
18 26 471
19 26 471
20 26 471
21 26 471
22 26 471
23 26 471
12 27 472
13 27 472
14 27 472
15 27 472
16 27 472
17 27 472
18 27 472
19 27 472
20 27 472
21 27 472
22 27 472
23 27 472
12 28 473
13 28 473
14 28 473
15 28 473
16 28 473
17 28 473
18 28 473
19 28 473
20 28 473
21 28 473
22 28 473
23 28 473
12 29 474
13 29 474
14 29 474
15 29 474
16 29 474
17 29 474
18 29 474
19 29 474
20 29 474
21 29 474
22 29 474
23 29 474
12 24 475
13 24 475
14 24 475
15 24 475
16 24 475
17 24 475
18 24 475
19 24 475
20 24 475
21 24 475
22 24 475
23 24 475
12 25 476
13 25 476
14 25 476
15 25 476
16 25 476
17 25 476
18 25 476
19 25 476
20 25 476
21 25 476
22 25 476
23 25 476
12 26 477
13 26 477
14 26 477
15 26 477
16 26 477
17 26 477
18 26 477
19 26 477
20 26 477
21 26 477
22 26 477
23 26 477
12 27 478
13 27 478
14 27 478
15 27 478
16 27 478
17 27 478
18 27 478
19 27 478
20 27 478
21 27 478
22 27 478
23 27 478
12 28 479
13 28 479
14 28 479
15 28 479
16 28 479
17 28 479
18 28 479
19 28 479
20 28 479
21 28 479
22 28 479
23 28 479
12 29 480
13 29 480
14 29 480
15 29 480
16 29 480
17 29 480
18 29 480
19 29 480
20 29 480
21 29 480
22 29 480
23 29 480
12 24 481
13 24 481
14 24 481
15 24 481
16 24 481
17 24 481
18 24 481
19 24 481
20 24 481
21 24 481
22 24 481
23 24 481
12 25 482
13 25 482
14 25 482
15 25 482
16 25 482
17 25 482
18 25 482
19 25 482
20 25 482
21 25 482
22 25 482
23 25 482
12 26 483
13 26 483
14 26 483
15 26 483
16 26 483
17 26 483
18 26 483
19 26 483
20 26 483
21 26 483
22 26 483
23 26 483
12 27 484
13 27 484
14 27 484
15 27 484
16 27 484
17 27 484
18 27 484
19 27 484
20 27 484
21 27 484
22 27 484
23 27 484
12 28 485
13 28 485
14 28 485
15 28 485
16 28 485
17 28 485
18 28 485
19 28 485
20 28 485
21 28 485
22 28 485
23 28 485
12 29 486
13 29 486
14 29 486
15 29 486
16 29 486
17 29 486
18 29 486
19 29 486
20 29 486
21 29 486
22 29 486
23 29 486
12 24 487
13 24 487
14 24 487
15 24 487
16 24 487
17 24 487
18 24 487
19 24 487
20 24 487
21 24 487
22 24 487
23 24 487
12 25 488
13 25 488
14 25 488
15 25 488
16 25 488
17 25 488
18 25 488
19 25 488
20 25 488
21 25 488
22 25 488
23 25 488
12 26 489
13 26 489
14 26 489
15 26 489
16 26 489
17 26 489
18 26 489
19 26 489
20 26 489
21 26 489
22 26 489
23 26 489
12 27 490
13 27 490
14 27 490
15 27 490
16 27 490
17 27 490
18 27 490
19 27 490
20 27 490
21 27 490
22 27 490
23 27 490
12 28 491
13 28 491
14 28 491
15 28 491
16 28 491
17 28 491
18 28 491
19 28 491
20 28 491
21 28 491
22 28 491
23 28 491
12 29 492
13 29 492
14 29 492
15 29 492
16 29 492
17 29 492
18 29 492
19 29 492
20 29 492
21 29 492
22 29 492
23 29 492
12 24 493
13 24 493
14 24 493
15 24 493
16 24 493
17 24 493
18 24 493
19 24 493
20 24 493
21 24 493
22 24 493
23 24 493
12 25 494
13 25 494
14 25 494
15 25 494
16 25 494
17 25 494
18 25 494
19 25 494
20 25 494
21 25 494
22 25 494
23 25 494
12 26 495
13 26 495
14 26 495
15 26 495
16 26 495
17 26 495
18 26 495
19 26 495
20 26 495
21 26 495
22 26 495
23 26 495
12 27 496
13 27 496
14 27 496
15 27 496
16 27 496
17 27 496
18 27 496
19 27 496
20 27 496
21 27 496
22 27 496
23 27 496
12 28 497
13 28 497
14 28 497
15 28 497
16 28 497
17 28 497
18 28 497
19 28 497
20 28 497
21 28 497
22 28 497
23 28 497
12 29 498
13 29 498
14 29 498
15 29 498
16 29 498
17 29 498
18 29 498
19 29 498
20 29 498
21 29 498
22 29 498
23 29 498
12 24 499
13 24 499
14 24 499
15 24 499
16 24 499
17 24 499
18 24 499
19 24 499
20 24 499
21 24 499
22 24 499
23 24 499
12 25 500
13 25 500
14 25 500
15 25 500
16 25 500
17 25 500
18 25 500
19 25 500
20 25 500
21 25 500
22 25 500
23 25 500
12 26 501
13 26 501
14 26 501
15 26 501
16 26 501
17 26 501
18 26 501
19 26 501
20 26 501
21 26 501
22 26 501
23 26 501
12 27 502
13 27 502
14 27 502
15 27 502
16 27 502
17 27 502
18 27 502
19 27 502
20 27 502
21 27 502
22 27 502
23 27 502
12 28 503
13 28 503
14 28 503
15 28 503
16 28 503
17 28 503
18 28 503
19 28 503
20 28 503
21 28 503
22 28 503
23 28 503
12 29 504
13 29 504
14 29 504
15 29 504
16 29 504
17 29 504
18 29 504
19 29 504
20 29 504
21 29 504
22 29 504
23 29 504
12 24 505
13 24 505
14 24 505
15 24 505
16 24 505
17 24 505
18 24 505
19 24 505
20 24 505
21 24 505
22 24 505
23 24 505
12 25 506
13 25 506
14 25 506
15 25 506
16 25 506
17 25 506
18 25 506
19 25 506
20 25 506
21 25 506
22 25 506
23 25 506
12 26 507
13 26 507
14 26 507
15 26 507
16 26 507
17 26 507
18 26 507
19 26 507
20 26 507
21 26 507
22 26 507
23 26 507
12 27 508
13 27 508
14 27 508
15 27 508
16 27 508
17 27 508
18 27 508
19 27 508
20 27 508
21 27 508
22 27 508
23 27 508
12 28 509
13 28 509
14 28 509
15 28 509
16 28 509
17 28 509
18 28 509
19 28 509
20 28 509
21 28 509
22 28 509
23 28 509
12 29 510
13 29 510
14 29 510
15 29 510
16 29 510
17 29 510
18 29 510
19 29 510
20 29 510
21 29 510
22 29 510
23 29 510
12 24 511
13 24 511
14 24 511
15 24 511
16 24 511
17 24 511
18 24 511
19 24 511
20 24 511
21 24 511
22 24 511
23 24 511
12 25 512
13 25 512
14 25 512
15 25 512
16 25 512
17 25 512
18 25 512
19 25 512
20 25 512
21 25 512
22 25 512
23 25 512
12 26 513
13 26 513
14 26 513
15 26 513
16 26 513
17 26 513
18 26 513
19 26 513
20 26 513
21 26 513
22 26 513
23 26 513
12 27 514
13 27 514
14 27 514
15 27 514
16 27 514
17 27 514
18 27 514
19 27 514
20 27 514
21 27 514
22 27 514
23 27 514
12 28 515
13 28 515
14 28 515
15 28 515
16 28 515
17 28 515
18 28 515
19 28 515
20 28 515
21 28 515
22 28 515
23 28 515
12 29 516
13 29 516
14 29 516
15 29 516
16 29 516
17 29 516
18 29 516
19 29 516
20 29 516
21 29 516
22 29 516
23 29 516
12 24 517
13 24 517
14 24 517
15 24 517
16 24 517
17 24 517
18 24 517
19 24 517
20 24 517
21 24 517
22 24 517
23 24 517
12 25 518
13 25 518
14 25 518
15 25 518
16 25 518
17 25 518
18 25 518
19 25 518
20 25 518
21 25 518
22 25 518
23 25 518
12 26 519
13 26 519
14 26 519
15 26 519
16 26 519
17 26 519
18 26 519
19 26 519
20 26 519
21 26 519
22 26 519
23 26 519
12 27 520
13 27 520
14 27 520
15 27 520
16 27 520
17 27 520
18 27 520
19 27 520
20 27 520
21 27 520
22 27 520
23 27 520
12 28 521
13 28 521
14 28 521
15 28 521
16 28 521
17 28 521
18 28 521
19 28 521
20 28 521
21 28 521
22 28 521
23 28 521
12 29 522
13 29 522
14 29 522
15 29 522
16 29 522
17 29 522
18 29 522
19 29 522
20 29 522
21 29 522
22 29 522
23 29 522
12 24 523
13 24 523
14 24 523
15 24 523
16 24 523
17 24 523
18 24 523
19 24 523
20 24 523
21 24 523
22 24 523
23 24 523
12 25 524
13 25 524
14 25 524
15 25 524
16 25 524
17 25 524
18 25 524
19 25 524
20 25 524
21 25 524
22 25 524
23 25 524
12 26 525
13 26 525
14 26 525
15 26 525
16 26 525
17 26 525
18 26 525
19 26 525
20 26 525
21 26 525
22 26 525
23 26 525
12 27 526
13 27 526
14 27 526
15 27 526
16 27 526
17 27 526
18 27 526
19 27 526
20 27 526
21 27 526
22 27 526
23 27 526
12 28 527
13 28 527
14 28 527
15 28 527
16 28 527
17 28 527
18 28 527
19 28 527
20 28 527
21 28 527
22 28 527
23 28 527
12 29 528
13 29 528
14 29 528
15 29 528
16 29 528
17 29 528
18 29 528
19 29 528
20 29 528
21 29 528
22 29 528
23 29 528
12 24 529
13 24 529
14 24 529
15 24 529
16 24 529
17 24 529
18 24 529
19 24 529
20 24 529
21 24 529
22 24 529
23 24 529
12 25 530
13 25 530
14 25 530
15 25 530
16 25 530
17 25 530
18 25 530
19 25 530
20 25 530
21 25 530
22 25 530
23 25 530
12 26 531
13 26 531
14 26 531
15 26 531
16 26 531
17 26 531
18 26 531
19 26 531
20 26 531
21 26 531
22 26 531
23 26 531
12 27 532
13 27 532
14 27 532
15 27 532
16 27 532
17 27 532
18 27 532
19 27 532
20 27 532
21 27 532
22 27 532
23 27 532
12 28 533
13 28 533
14 28 533
15 28 533
16 28 533
17 28 533
18 28 533
19 28 533
20 28 533
21 28 533
22 28 533
23 28 533
12 29 534
13 29 534
14 29 534
15 29 534
16 29 534
17 29 534
18 29 534
19 29 534
20 29 534
21 29 534
22 29 534
23 29 534
12 24 535
13 24 535
14 24 535
15 24 535
16 24 535
17 24 535
18 24 535
19 24 535
20 24 535
21 24 535
22 24 535
23 24 535
12 25 536
13 25 536
14 25 536
15 25 536
16 25 536
17 25 536
18 25 536
19 25 536
20 25 536
21 25 536
22 25 536
23 25 536
12 26 537
13 26 537
14 26 537
15 26 537
16 26 537
17 26 537
18 26 537
19 26 537
20 26 537
21 26 537
22 26 537
23 26 537
12 27 538
13 27 538
14 27 538
15 27 538
16 27 538
17 27 538
18 27 538
19 27 538
20 27 538
21 27 538
22 27 538
23 27 538
12 28 539
13 28 539
14 28 539
15 28 539
16 28 539
17 28 539
18 28 539
19 28 539
20 28 539
21 28 539
22 28 539
23 28 539
12 29 540
13 29 540
14 29 540
15 29 540
16 29 540
17 29 540
18 29 540
19 29 540
20 29 540
21 29 540
22 29 540
23 29 540
12 24 541
13 24 541
14 24 541
15 24 541
16 24 541
17 24 541
18 24 541
19 24 541
20 24 541
21 24 541
22 24 541
23 24 541
12 25 542
13 25 542
14 25 542
15 25 542
16 25 542
17 25 542
18 25 542
19 25 542
20 25 542
21 25 542
22 25 542
23 25 542
12 26 543
13 26 543
14 26 543
15 26 543
16 26 543
17 26 543
18 26 543
19 26 543
20 26 543
21 26 543
22 26 543
23 26 543
12 27 544
13 27 544
14 27 544
15 27 544
16 27 544
17 27 544
18 27 544
19 27 544
20 27 544
21 27 544
22 27 544
23 27 544
12 28 545
13 28 545
14 28 545
15 28 545
16 28 545
17 28 545
18 28 545
19 28 545
20 28 545
21 28 545
22 28 545
23 28 545
12 29 546
13 29 546
14 29 546
15 29 546
16 29 546
17 29 546
18 29 546
19 29 546
20 29 546
21 29 546
22 29 546
23 29 546
12 24 547
13 24 547
14 24 547
15 24 547
16 24 547
17 24 547
18 24 547
19 24 547
20 24 547
21 24 547
22 24 547
23 24 547
12 25 548
13 25 548
14 25 548
15 25 548
16 25 548
17 25 548
18 25 548
19 25 548
20 25 548
21 25 548
22 25 548
23 25 548
12 26 549
13 26 549
14 26 549
15 26 549
16 26 549
17 26 549
18 26 549
19 26 549
20 26 549
21 26 549
22 26 549
23 26 549
12 27 550
13 27 550
14 27 550
15 27 550
16 27 550
17 27 550
18 27 550
19 27 550
20 27 550
21 27 550
22 27 550
23 27 550
12 28 551
13 28 551
14 28 551
15 28 551
16 28 551
17 28 551
18 28 551
19 28 551
20 28 551
21 28 551
22 28 551
23 28 551
12 29 552
13 29 552
14 29 552
15 29 552
16 29 552
17 29 552
18 29 552
19 29 552
20 29 552
21 29 552
22 29 552
23 29 552
12 24 553
13 24 553
14 24 553
15 24 553
16 24 553
17 24 553
18 24 553
19 24 553
20 24 553
21 24 553
22 24 553
23 24 553
12 25 554
13 25 554
14 25 554
15 25 554
16 25 554
17 25 554
18 25 554
19 25 554
20 25 554
21 25 554
22 25 554
23 25 554
12 26 555
13 26 555
14 26 555
15 26 555
16 26 555
17 26 555
18 26 555
19 26 555
20 26 555
21 26 555
22 26 555
23 26 555
12 27 556
13 27 556
14 27 556
15 27 556
16 27 556
17 27 556
18 27 556
19 27 556
20 27 556
21 27 556
22 27 556
23 27 556
12 28 557
13 28 557
14 28 557
15 28 557
16 28 557
17 28 557
18 28 557
19 28 557
20 28 557
21 28 557
22 28 557
23 28 557
12 29 558
13 29 558
14 29 558
15 29 558
16 29 558
17 29 558
18 29 558
19 29 558
20 29 558
21 29 558
22 29 558
23 29 558
12 24 559
13 24 559
14 24 559
15 24 559
16 24 559
17 24 559
18 24 559
19 24 559
20 24 559
21 24 559
22 24 559
23 24 559
12 25 560
13 25 560
14 25 560
15 25 560
16 25 560
17 25 560
18 25 560
19 25 560
20 25 560
21 25 560
22 25 560
23 25 560
12 26 561
13 26 561
14 26 561
15 26 561
16 26 561
17 26 561
18 26 561
19 26 561
20 26 561
21 26 561
22 26 561
23 26 561
12 27 562
13 27 562
14 27 562
15 27 562
16 27 562
17 27 562
18 27 562
19 27 562
20 27 562
21 27 562
22 27 562
23 27 562
12 28 563
13 28 563
14 28 563
15 28 563
16 28 563
17 28 563
18 28 563
19 28 563
20 28 563
21 28 563
22 28 563
23 28 563
12 29 564
13 29 564
14 29 564
15 29 564
16 29 564
17 29 564
18 29 564
19 29 564
20 29 564
21 29 564
22 29 564
23 29 564
12 24 565
13 24 565
14 24 565
15 24 565
16 24 565
17 24 565
18 24 565
19 24 565
20 24 565
21 24 565
22 24 565
23 24 565
12 25 566
13 25 566
14 25 566
15 25 566
16 25 566
17 25 566
18 25 566
19 25 566
20 25 566
21 25 566
22 25 566
23 25 566
12 26 567
13 26 567
14 26 567
15 26 567
16 26 567
17 26 567
18 26 567
19 26 567
20 26 567
21 26 567
22 26 567
23 26 567
12 27 568
13 27 568
14 27 568
15 27 568
16 27 568
17 27 568
18 27 568
19 27 568
20 27 568
21 27 568
22 27 568
23 27 568
12 28 569
13 28 569
14 28 569
15 28 569
16 28 569
17 28 569
18 28 569
19 28 569
20 28 569
21 28 569
22 28 569
23 28 569
12 29 570
13 29 570
14 29 570
15 29 570
16 29 570
17 29 570
18 29 570
19 29 570
20 29 570
21 29 570
22 29 570
23 29 570
12 24 571
13 24 571
14 24 571
15 24 571
16 24 571
17 24 571
18 24 571
19 24 571
20 24 571
21 24 571
22 24 571
23 24 571
12 25 572
13 25 572
14 25 572
15 25 572
16 25 572
17 25 572
18 25 572
19 25 572
20 25 572
21 25 572
22 25 572
23 25 572
12 26 573
13 26 573
14 26 573
15 26 573
16 26 573
17 26 573
18 26 573
19 26 573
20 26 573
21 26 573
22 26 573
23 26 573
12 27 574
13 27 574
14 27 574
15 27 574
16 27 574
17 27 574
18 27 574
19 27 574
20 27 574
21 27 574
22 27 574
23 27 574
12 28 575
13 28 575
14 28 575
15 28 575
16 28 575
17 28 575
18 28 575
19 28 575
20 28 575
21 28 575
22 28 575
23 28 575
12 29 576
13 29 576
14 29 576
15 29 576
16 29 576
17 29 576
18 29 576
19 29 576
20 29 576
21 29 576
22 29 576
23 29 576
12 24 577
13 24 577
14 24 577
15 24 577
16 24 577
17 24 577
18 24 577
19 24 577
20 24 577
21 24 577
22 24 577
23 24 577
12 25 578
13 25 578
14 25 578
15 25 578
16 25 578
17 25 578
18 25 578
19 25 578
20 25 578
21 25 578
22 25 578
23 25 578
12 26 579
13 26 579
14 26 579
15 26 579
16 26 579
17 26 579
18 26 579
19 26 579
20 26 579
21 26 579
22 26 579
23 26 579
12 27 580
13 27 580
14 27 580
15 27 580
16 27 580
17 27 580
18 27 580
19 27 580
20 27 580
21 27 580
22 27 580
23 27 580
12 28 581
13 28 581
14 28 581
15 28 581
16 28 581
17 28 581
18 28 581
19 28 581
20 28 581
21 28 581
22 28 581
23 28 581
12 29 582
13 29 582
14 29 582
15 29 582
16 29 582
17 29 582
18 29 582
19 29 582
20 29 582
21 29 582
22 29 582
23 29 582
12 24 583
13 24 583
14 24 583
15 24 583
16 24 583
17 24 583
18 24 583
19 24 583
20 24 583
21 24 583
22 24 583
23 24 583
12 25 584
13 25 584
14 25 584
15 25 584
16 25 584
17 25 584
18 25 584
19 25 584
20 25 584
21 25 584
22 25 584
23 25 584
12 26 585
13 26 585
14 26 585
15 26 585
16 26 585
17 26 585
18 26 585
19 26 585
20 26 585
21 26 585
22 26 585
23 26 585
12 27 586
13 27 586
14 27 586
15 27 586
16 27 586
17 27 586
18 27 586
19 27 586
20 27 586
21 27 586
22 27 586
23 27 586
12 28 587
13 28 587
14 28 587
15 28 587
16 28 587
17 28 587
18 28 587
19 28 587
20 28 587
21 28 587
22 28 587
23 28 587
12 29 588
13 29 588
14 29 588
15 29 588
16 29 588
17 29 588
18 29 588
19 29 588
20 29 588
21 29 588
22 29 588
23 29 588
12 24 589
13 24 589
14 24 589
15 24 589
16 24 589
17 24 589
18 24 589
19 24 589
20 24 589
21 24 589
22 24 589
23 24 589
12 25 590
13 25 590
14 25 590
15 25 590
16 25 590
17 25 590
18 25 590
19 25 590
20 25 590
21 25 590
22 25 590
23 25 590
12 26 591
13 26 591
14 26 591
15 26 591
16 26 591
17 26 591
18 26 591
19 26 591
20 26 591
21 26 591
22 26 591
23 26 591
12 27 592
13 27 592
14 27 592
15 27 592
16 27 592
17 27 592
18 27 592
19 27 592
20 27 592
21 27 592
22 27 592
23 27 592
12 28 593
13 28 593
14 28 593
15 28 593
16 28 593
17 28 593
18 28 593
19 28 593
20 28 593
21 28 593
22 28 593
23 28 593
12 29 594
13 29 594
14 29 594
15 29 594
16 29 594
17 29 594
18 29 594
19 29 594
20 29 594
21 29 594
22 29 594
23 29 594
