1 2 2
1 2 4
1 2 6
1 2 8
1 2 10
1 2 12
1 2 14
1 2 16
1 2 18
1 2 20
1 2 22
1 2 24
1 2 26
1 2 28
1 2 30
1 2 32
1 2 34
1 2 36
1 2 38
1 2 40
1 2 42
1 2 44
1 2 46
1 2 48
1 2 50
1 2 52
1 2 54
1 2 56
1 2 58
1 2 60
1 2 62
1 2 64
1 2 66
1 2 68
1 2 70
1 2 72
1 2 74
1 2 76
1 2 78
1 2 80
1 2 82
1 2 84
1 2 86
1 2 88
1 2 90
1 2 92
1 2 94
1 2 96
1 2 98
1 2 100
1 2 102
1 2 104
1 2 106
1 2 108
1 2 110
1 2 112
1 2 114
1 2 116
1 2 118
1 2 120
1 2 122
1 2 124
1 2 126
1 2 128
1 2 130
1 2 132
1 2 134
1 2 136
1 2 138
1 2 140
1 2 142
1 2 144
1 2 146
1 2 148
1 2 150
1 2 152
1 2 154
1 2 156
1 2 158
1 2 160
1 2 162
1 2 164
1 2 166
1 2 168
1 2 170
1 2 172
1 2 174
1 2 176
1 2 178
1 2 180
1 2 182
1 2 184
1 2 186
1 2 188
1 2 190
1 2 192
1 2 194
1 2 196
1 2 198
1 2 200
1 2 202
1 2 204
1 2 206
1 2 208
1 2 210
1 2 212
1 2 214
1 2 216
1 2 218
1 2 220
1 2 222
1 2 224
1 2 226
1 2 228
1 2 230
1 2 232
1 2 234
1 2 236
1 2 238
1 2 240
1 2 242
1 2 244
1 2 246
1 2 248
1 2 250
1 2 252
1 2 254
1 2 256
