20 26 1
21 26 1
22 26 1
23 26 1
24 26 1
25 26 1
20 27 2
21 27 2
22 27 2
23 27 2
24 27 2
25 27 2
20 26 3
21 26 3
22 26 3
23 26 3
24 26 3
25 26 3
20 27 4
21 27 4
22 27 4
23 27 4
24 27 4
25 27 4
20 26 5
21 26 5
22 26 5
23 26 5
24 26 5
25 26 5
20 27 6
21 27 6
22 27 6
23 27 6
24 27 6
25 27 6
20 26 7
21 26 7
22 26 7
23 26 7
24 26 7
25 26 7
20 27 8
21 27 8
22 27 8
23 27 8
24 27 8
25 27 8
20 26 9
21 26 9
22 26 9
23 26 9
24 26 9
25 26 9
20 27 10
21 27 10
22 27 10
23 27 10
24 27 10
25 27 10
20 26 11
21 26 11
22 26 11
23 26 11
24 26 11
25 26 11
20 27 12
21 27 12
22 27 12
23 27 12
24 27 12
25 27 12
20 26 13
21 26 13
22 26 13
23 26 13
24 26 13
25 26 13
20 27 14
21 27 14
22 27 14
23 27 14
24 27 14
25 27 14
20 26 15
21 26 15
22 26 15
23 26 15
24 26 15
25 26 15
20 27 16
21 27 16
22 27 16
23 27 16
24 27 16
25 27 16
20 26 17
21 26 17
22 26 17
23 26 17
24 26 17
25 26 17
20 27 18
21 27 18
22 27 18
23 27 18
24 27 18
25 27 18
20 26 19
21 26 19
22 26 19
23 26 19
24 26 19
25 26 19
20 27 20
21 27 20
22 27 20
23 27 20
24 27 20
25 27 20
