2 8 1
3 8 1
4 8 1
5 8 1
6 8 1
7 8 1
2 9 2
3 9 2
4 9 2
5 9 2
6 9 2
7 9 2
2 8 3
3 8 3
4 8 3
5 8 3
6 8 3
7 8 3
2 9 4
3 9 4
4 9 4
5 9 4
6 9 4
7 9 4
2 8 5
3 8 5
4 8 5
5 8 5
6 8 5
7 8 5
2 9 6
3 9 6
4 9 6
5 9 6
6 9 6
7 9 6
2 8 7
3 8 7
4 8 7
5 8 7
6 8 7
7 8 7
2 9 8
3 9 8
4 9 8
5 9 8
6 9 8
7 9 8
2 8 9
3 8 9
4 8 9
5 8 9
6 8 9
7 8 9
2 9 10
3 9 10
4 9 10
5 9 10
6 9 10
7 9 10
2 8 11
3 8 11
4 8 11
5 8 11
6 8 11
7 8 11
2 9 12
3 9 12
4 9 12
5 9 12
6 9 12
7 9 12
2 8 13
3 8 13
4 8 13
5 8 13
6 8 13
7 8 13
2 9 14
3 9 14
4 9 14
5 9 14
6 9 14
7 9 14
2 8 15
3 8 15
4 8 15
5 8 15
6 8 15
7 8 15
2 9 16
3 9 16
4 9 16
5 9 16
6 9 16
7 9 16
2 8 17
3 8 17
4 8 17
5 8 17
6 8 17
7 8 17
2 9 18
3 9 18
4 9 18
5 9 18
6 9 18
7 9 18
2 8 19
3 8 19
4 8 19
5 8 19
6 8 19
7 8 19
2 9 20
3 9 20
4 9 20
5 9 20
6 9 20
7 9 20
