10 18 1
10 18 2
10 18 3
10 18 4
10 18 5
10 18 6
10 18 7
10 18 8
10 18 9
10 18 10
10 18 11
10 18 12
10 18 13
10 18 14
10 18 15
10 18 16
10 18 17
10 18 18
10 18 19
10 18 20
10 18 21
10 18 22
10 18 23
10 18 24
10 18 25
10 18 26
10 18 27
10 18 28
10 18 29
10 18 30
10 18 31
10 18 32
10 18 33
10 18 34
10 18 35
10 18 36
10 18 37
10 18 38
10 18 39
10 18 40
10 18 41
10 18 42
10 18 43
10 18 44
10 18 45
10 18 46
10 18 47
10 18 48
10 18 49
10 18 50
10 18 51
10 18 52
10 18 53
10 18 54
10 18 55
10 18 56
10 18 57
10 18 58
10 18 59
10 18 60
10 18 61
10 18 62
10 18 63
10 18 64
10 18 65
10 18 66
10 18 67
10 18 68
10 18 69
10 18 70
10 18 71
10 18 72
10 18 73
10 18 74
10 18 75
10 18 76
10 18 77
10 18 78
10 18 79
10 18 80
10 18 81
10 18 82
10 18 83
10 18 84
10 18 85
10 18 86
10 18 87
10 18 88
10 18 89
10 18 90
10 18 91
10 18 92
10 18 93
10 18 94
10 18 95
10 18 96
10 18 97
10 18 98
10 18 99
10 18 100
10 18 101
10 18 102
10 18 103
10 18 104
10 18 105
10 18 106
10 18 107
10 18 108
10 18 109
10 18 110
10 18 111
10 18 112
10 18 113
10 18 114
10 18 115
10 18 116
10 18 117
10 18 118
10 18 119
10 18 120
10 18 121
10 18 122
10 18 123
10 18 124
10 18 125
10 18 126
10 18 127
10 18 128
10 18 129
10 18 130
10 18 131
10 18 132
10 18 133
10 18 134
10 18 135
10 18 136
10 18 137
10 18 138
10 18 139
10 18 140
10 18 141
10 18 142
10 18 143
10 18 144
10 18 145
10 18 146
10 18 147
10 18 148
10 18 149
10 18 150
10 18 151
10 18 152
10 18 153
10 18 154
10 18 155
10 18 156
10 18 157
10 18 158
10 18 159
10 18 160
10 18 161
10 18 162
10 18 163
10 18 164
10 18 165
10 18 166
10 18 167
10 18 168
10 18 169
10 18 170
10 18 171
10 18 172
10 18 173
10 18 174
10 18 175
10 18 176
10 18 177
10 18 178
10 18 179
10 18 180
10 18 181
10 18 182
10 18 183
10 18 184
10 18 185
10 18 186
10 18 187
10 18 188
10 18 189
10 18 190
10 18 191
10 18 192
10 18 193
10 18 194
10 18 195
10 18 196
10 18 197
10 18 198
10 18 199
10 18 200
10 18 201
10 18 202
10 18 203
10 18 204
10 18 205
10 18 206
10 18 207
10 18 208
10 18 209
10 18 210
10 18 211
10 18 212
10 18 213
10 18 214
10 18 215
10 18 216
10 18 217
10 18 218
10 18 219
10 18 220
10 18 221
10 18 222
10 18 223
10 18 224
10 18 225
10 18 226
10 18 227
10 18 228
10 18 229
10 18 230
10 18 231
10 18 232
10 18 233
10 18 234
10 18 235
10 18 236
10 18 237
10 18 238
10 18 239
10 18 240
10 18 241
10 18 242
10 18 243
10 18 244
10 18 245
