18 9 1
18 9 2
18 9 3
18 9 4
18 9 5
18 9 6
18 9 7
18 9 8
18 9 9
18 9 10
18 9 11
18 9 12
18 9 13
18 9 14
18 9 15
18 9 16
18 9 17
18 9 18
18 9 19
18 9 20
18 9 21
18 9 22
18 9 23
18 9 24
18 9 25
18 9 26
18 9 27
18 9 28
18 9 29
18 9 30
18 9 31
18 9 32
18 9 33
18 9 34
18 9 35
18 9 36
18 9 37
18 9 38
18 9 39
18 9 40
18 9 41
18 9 42
18 9 43
18 9 44
18 9 45
18 9 46
18 9 47
18 9 48
18 9 49
18 9 50
18 9 51
18 9 52
18 9 53
18 9 54
18 9 55
18 9 56
18 9 57
18 9 58
18 9 59
18 9 60
18 9 61
18 9 62
18 9 63
18 9 64
18 9 65
18 9 66
18 9 67
18 9 68
18 9 69
18 9 70
18 9 71
18 9 72
18 9 73
18 9 74
18 9 75
18 9 76
18 9 77
18 9 78
18 9 79
18 9 80
18 9 81
18 9 82
18 9 83
18 9 84
18 9 85
18 9 86
18 9 87
18 9 88
18 9 89
18 9 90
18 9 91
18 9 92
18 9 93
18 9 94
18 9 95
18 9 96
18 9 97
18 9 98
18 9 99
18 9 100
18 9 101
18 9 102
18 9 103
18 9 104
18 9 105
18 9 106
18 9 107
18 9 108
18 9 109
18 9 110
18 9 111
18 9 112
18 9 113
18 9 114
18 9 115
18 9 116
18 9 117
18 9 118
18 9 119
18 9 120
18 9 121
18 9 122
18 9 123
18 9 124
18 9 125
18 9 126
18 9 127
18 9 128
18 9 129
18 9 130
18 9 131
18 9 132
18 9 133
18 9 134
18 9 135
18 9 136
18 9 137
18 9 138
18 9 139
18 9 140
18 9 141
18 9 142
18 9 143
18 9 144
18 9 145
18 9 146
18 9 147
18 9 148
18 9 149
18 9 150
18 9 151
18 9 152
18 9 153
18 9 154
18 9 155
18 9 156
18 9 157
18 9 158
18 9 159
18 9 160
18 9 161
18 9 162
18 9 163
18 9 164
18 9 165
18 9 166
18 9 167
18 9 168
18 9 169
18 9 170
18 9 171
18 9 172
18 9 173
18 9 174
18 9 175
18 9 176
18 9 177
18 9 178
18 9 179
18 9 180
18 9 181
18 9 182
18 9 183
18 9 184
18 9 185
18 9 186
18 9 187
18 9 188
18 9 189
18 9 190
18 9 191
18 9 192
18 9 193
18 9 194
18 9 195
18 9 196
18 9 197
18 9 198
18 9 199
18 9 200
18 9 201
18 9 202
18 9 203
18 9 204
18 9 205
18 9 206
18 9 207
18 9 208
18 9 209
18 9 210
18 9 211
18 9 212
18 9 213
18 9 214
18 9 215
18 9 216
18 9 217
18 9 218
18 9 219
18 9 220
18 9 221
18 9 222
18 9 223
18 9 224
18 9 225
18 9 226
18 9 227
18 9 228
18 9 229
18 9 230
18 9 231
18 9 232
18 9 233
18 9 234
18 9 235
18 9 236
18 9 237
18 9 238
18 9 239
18 9 240
18 9 241
18 9 242
18 9 243
18 9 244
18 9 245
