20 15 1
20 15 2
20 15 3
20 15 4
20 15 5
20 15 6
20 15 7
20 15 8
20 15 9
20 15 10
20 15 11
20 15 12
20 15 13
20 15 14
20 15 15
20 15 16
20 15 17
20 15 18
20 15 19
20 15 20
20 15 21
20 15 22
20 15 23
20 15 24
20 15 25
20 15 26
20 15 27
20 15 28
20 15 29
20 15 30
20 15 31
20 15 32
20 15 33
20 15 34
20 15 35
20 15 36
20 15 37
20 15 38
20 15 39
20 15 40
20 15 41
20 15 42
20 15 43
20 15 44
20 15 45
20 15 46
20 15 47
20 15 48
20 15 49
20 15 50
20 15 51
20 15 52
20 15 53
20 15 54
20 15 55
20 15 56
20 15 57
20 15 58
20 15 59
20 15 60
20 15 61
20 15 62
20 15 63
20 15 64
20 15 65
20 15 66
20 15 67
20 15 68
20 15 69
20 15 70
20 15 71
20 15 72
20 15 73
20 15 74
20 15 75
20 15 76
20 15 77
20 15 78
20 15 79
20 15 80
20 15 81
20 15 82
20 15 83
20 15 84
20 15 85
20 15 86
20 15 87
20 15 88
20 15 89
20 15 90
20 15 91
20 15 92
20 15 93
20 15 94
20 15 95
20 15 96
20 15 97
20 15 98
20 15 99
20 15 100
20 15 101
20 15 102
20 15 103
20 15 104
20 15 105
20 15 106
20 15 107
20 15 108
20 15 109
20 15 110
20 15 111
20 15 112
20 15 113
20 15 114
20 15 115
20 15 116
20 15 117
20 15 118
20 15 119
20 15 120
20 15 121
20 15 122
20 15 123
20 15 124
20 15 125
20 15 126
20 15 127
20 15 128
20 15 129
20 15 130
20 15 131
20 15 132
20 15 133
20 15 134
20 15 135
20 15 136
20 15 137
20 15 138
20 15 139
20 15 140
20 15 141
20 15 142
20 15 143
20 15 144
20 15 145
20 15 146
20 15 147
20 15 148
20 15 149
20 15 150
20 15 151
20 15 152
20 15 153
20 15 154
20 15 155
20 15 156
20 15 157
20 15 158
20 15 159
20 15 160
20 15 161
20 15 162
20 15 163
20 15 164
20 15 165
20 15 166
20 15 167
20 15 168
20 15 169
20 15 170
20 15 171
20 15 172
20 15 173
20 15 174
20 15 175
20 15 176
20 15 177
20 15 178
20 15 179
20 15 180
20 15 181
20 15 182
20 15 183
20 15 184
20 15 185
20 15 186
20 15 187
20 15 188
20 15 189
20 15 190
20 15 191
20 15 192
20 15 193
20 15 194
20 15 195
20 15 196
20 15 197
20 15 198
20 15 199
20 15 200
20 15 201
20 15 202
20 15 203
20 15 204
20 15 205
20 15 206
20 15 207
20 15 208
20 15 209
20 15 210
20 15 211
20 15 212
20 15 213
20 15 214
20 15 215
20 15 216
20 15 217
20 15 218
20 15 219
20 15 220
20 15 221
20 15 222
20 15 223
20 15 224
20 15 225
20 15 226
20 15 227
20 15 228
20 15 229
20 15 230
20 15 231
20 15 232
20 15 233
20 15 234
20 15 235
20 15 236
20 15 237
20 15 238
20 15 239
20 15 240
20 15 241
20 15 242
20 15 243
20 15 244
20 15 245
