8 18 1
8 18 2
8 18 3
8 18 4
8 18 5
8 18 6
8 18 7
8 18 8
8 18 9
8 18 10
8 18 11
8 18 12
8 18 13
8 18 14
8 18 15
8 18 16
8 18 17
8 18 18
8 18 19
8 18 20
8 18 21
8 18 22
8 18 23
8 18 24
8 18 25
8 18 26
8 18 27
8 18 28
8 18 29
8 18 30
8 18 31
8 18 32
8 18 33
8 18 34
8 18 35
8 18 36
8 18 37
8 18 38
8 18 39
8 18 40
8 18 41
8 18 42
8 18 43
8 18 44
8 18 45
8 18 46
8 18 47
8 18 48
8 18 49
8 18 50
8 18 51
8 18 52
8 18 53
8 18 54
8 18 55
8 18 56
8 18 57
8 18 58
8 18 59
8 18 60
8 18 61
8 18 62
8 18 63
8 18 64
8 18 65
8 18 66
8 18 67
8 18 68
8 18 69
8 18 70
8 18 71
8 18 72
8 18 73
8 18 74
8 18 75
8 18 76
8 18 77
8 18 78
8 18 79
8 18 80
8 18 81
8 18 82
8 18 83
8 18 84
8 18 85
8 18 86
8 18 87
8 18 88
8 18 89
8 18 90
8 18 91
8 18 92
8 18 93
8 18 94
8 18 95
8 18 96
8 18 97
8 18 98
8 18 99
8 18 100
8 18 101
8 18 102
8 18 103
8 18 104
8 18 105
8 18 106
8 18 107
8 18 108
8 18 109
8 18 110
8 18 111
8 18 112
8 18 113
8 18 114
8 18 115
8 18 116
8 18 117
8 18 118
8 18 119
8 18 120
8 18 121
8 18 122
8 18 123
8 18 124
8 18 125
8 18 126
8 18 127
8 18 128
8 18 129
8 18 130
8 18 131
8 18 132
8 18 133
8 18 134
8 18 135
8 18 136
8 18 137
8 18 138
8 18 139
8 18 140
8 18 141
8 18 142
8 18 143
8 18 144
8 18 145
8 18 146
8 18 147
8 18 148
8 18 149
8 18 150
8 18 151
8 18 152
8 18 153
8 18 154
8 18 155
8 18 156
8 18 157
8 18 158
8 18 159
8 18 160
8 18 161
8 18 162
8 18 163
8 18 164
8 18 165
8 18 166
8 18 167
8 18 168
8 18 169
8 18 170
8 18 171
8 18 172
8 18 173
8 18 174
8 18 175
8 18 176
8 18 177
8 18 178
8 18 179
8 18 180
8 18 181
8 18 182
8 18 183
8 18 184
8 18 185
8 18 186
8 18 187
8 18 188
8 18 189
8 18 190
8 18 191
8 18 192
8 18 193
8 18 194
8 18 195
8 18 196
8 18 197
8 18 198
8 18 199
8 18 200
8 18 201
8 18 202
8 18 203
8 18 204
8 18 205
8 18 206
8 18 207
8 18 208
8 18 209
8 18 210
8 18 211
8 18 212
8 18 213
8 18 214
8 18 215
8 18 216
8 18 217
8 18 218
8 18 219
8 18 220
8 18 221
8 18 222
8 18 223
8 18 224
8 18 225
8 18 226
8 18 227
8 18 228
8 18 229
8 18 230
8 18 231
8 18 232
8 18 233
8 18 234
8 18 235
8 18 236
8 18 237
8 18 238
8 18 239
8 18 240
8 18 241
8 18 242
8 18 243
8 18 244
8 18 245
