15 16 1
15 16 2
15 16 3
15 16 4
15 16 5
15 16 6
15 16 7
15 16 8
15 16 9
15 16 10
15 16 11
15 16 12
15 16 13
15 16 14
15 16 15
15 16 16
15 16 17
15 16 18
15 16 19
15 16 20
15 16 21
15 16 22
15 16 23
15 16 24
15 16 25
15 16 26
15 16 27
15 16 28
15 16 29
15 16 30
15 16 31
15 16 32
15 16 33
15 16 34
15 16 35
15 16 36
15 16 37
15 16 38
15 16 39
15 16 40
15 16 41
15 16 42
15 16 43
15 16 44
15 16 45
15 16 46
15 16 47
15 16 48
15 16 49
15 16 50
15 16 51
15 16 52
15 16 53
15 16 54
15 16 55
15 16 56
15 16 57
15 16 58
15 16 59
15 16 60
15 16 61
15 16 62
15 16 63
15 16 64
15 16 65
15 16 66
15 16 67
15 16 68
15 16 69
15 16 70
15 16 71
15 16 72
15 16 73
15 16 74
15 16 75
15 16 76
15 16 77
15 16 78
15 16 79
15 16 80
15 16 81
15 16 82
15 16 83
15 16 84
15 16 85
15 16 86
15 16 87
15 16 88
15 16 89
15 16 90
15 16 91
15 16 92
15 16 93
15 16 94
15 16 95
15 16 96
15 16 97
15 16 98
15 16 99
15 16 100
15 16 101
15 16 102
15 16 103
15 16 104
15 16 105
15 16 106
15 16 107
15 16 108
15 16 109
15 16 110
15 16 111
15 16 112
15 16 113
15 16 114
15 16 115
15 16 116
15 16 117
15 16 118
15 16 119
15 16 120
15 16 121
15 16 122
15 16 123
15 16 124
15 16 125
15 16 126
15 16 127
15 16 128
15 16 129
15 16 130
15 16 131
15 16 132
15 16 133
15 16 134
15 16 135
15 16 136
15 16 137
15 16 138
15 16 139
15 16 140
15 16 141
15 16 142
15 16 143
15 16 144
15 16 145
15 16 146
15 16 147
15 16 148
15 16 149
15 16 150
15 16 151
15 16 152
15 16 153
15 16 154
15 16 155
15 16 156
15 16 157
15 16 158
15 16 159
15 16 160
15 16 161
15 16 162
15 16 163
15 16 164
15 16 165
15 16 166
15 16 167
15 16 168
15 16 169
15 16 170
15 16 171
15 16 172
15 16 173
15 16 174
15 16 175
15 16 176
15 16 177
15 16 178
15 16 179
15 16 180
15 16 181
15 16 182
15 16 183
15 16 184
15 16 185
15 16 186
15 16 187
15 16 188
15 16 189
15 16 190
15 16 191
15 16 192
15 16 193
15 16 194
15 16 195
15 16 196
15 16 197
15 16 198
15 16 199
15 16 200
15 16 201
15 16 202
15 16 203
15 16 204
15 16 205
15 16 206
15 16 207
15 16 208
15 16 209
15 16 210
15 16 211
15 16 212
15 16 213
15 16 214
15 16 215
15 16 216
15 16 217
15 16 218
15 16 219
15 16 220
15 16 221
15 16 222
15 16 223
15 16 224
15 16 225
15 16 226
15 16 227
15 16 228
15 16 229
15 16 230
15 16 231
15 16 232
15 16 233
15 16 234
15 16 235
15 16 236
15 16 237
15 16 238
15 16 239
15 16 240
15 16 241
15 16 242
15 16 243
15 16 244
15 16 245
15 16 246
15 16 247
15 16 248
15 16 249
15 16 250
15 16 251
15 16 252
15 16 253
15 16 254
15 16 255
15 16 256
15 16 257
15 16 258
15 16 259
15 16 260
15 16 261
15 16 262
15 16 263
15 16 264
15 16 265
15 16 266
15 16 267
15 16 268
15 16 269
15 16 270
15 16 271
15 16 272
15 16 273
15 16 274
15 16 275
15 16 276
15 16 277
15 16 278
15 16 279
15 16 280
15 16 281
15 16 282
15 16 283
15 16 284
15 16 285
15 16 286
15 16 287
15 16 288
15 16 289
15 16 290
15 16 291
15 16 292
15 16 293
15 16 294
15 16 295
15 16 296
15 16 297
15 16 298
15 16 299
15 16 300
15 16 301
15 16 302
15 16 303
15 16 304
15 16 305
15 16 306
15 16 307
15 16 308
15 16 309
15 16 310
15 16 311
15 16 312
15 16 313
15 16 314
15 16 315
15 16 316
15 16 317
15 16 318
15 16 319
15 16 320
15 16 321
15 16 322
15 16 323
15 16 324
15 16 325
15 16 326
15 16 327
15 16 328
15 16 329
15 16 330
15 16 331
15 16 332
15 16 333
15 16 334
15 16 335
15 16 336
15 16 337
15 16 338
15 16 339
15 16 340
15 16 341
15 16 342
15 16 343
15 16 344
15 16 345
15 16 346
15 16 347
15 16 348
15 16 349
15 16 350
15 16 351
15 16 352
15 16 353
15 16 354
15 16 355
15 16 356
15 16 357
15 16 358
15 16 359
15 16 360
15 16 361
15 16 362
15 16 363
15 16 364
15 16 365
15 16 366
15 16 367
15 16 368
15 16 369
15 16 370
15 16 371
15 16 372
15 16 373
15 16 374
15 16 375
15 16 376
15 16 377
15 16 378
15 16 379
15 16 380
15 16 381
15 16 382
15 16 383
15 16 384
15 16 385
15 16 386
15 16 387
15 16 388
15 16 389
15 16 390
15 16 391
15 16 392
15 16 393
15 16 394
15 16 395
15 16 396
15 16 397
15 16 398
15 16 399
15 16 400
15 16 401
15 16 402
15 16 403
15 16 404
15 16 405
15 16 406
15 16 407
15 16 408
15 16 409
15 16 410
15 16 411
15 16 412
15 16 413
15 16 414
15 16 415
15 16 416
15 16 417
15 16 418
15 16 419
15 16 420
15 16 421
15 16 422
15 16 423
15 16 424
15 16 425
15 16 426
15 16 427
15 16 428
15 16 429
15 16 430
15 16 431
15 16 432
15 16 433
15 16 434
15 16 435
15 16 436
15 16 437
15 16 438
15 16 439
15 16 440
15 16 441
15 16 442
15 16 443
15 16 444
15 16 445
15 16 446
15 16 447
15 16 448
15 16 449
15 16 450
15 16 451
15 16 452
15 16 453
15 16 454
15 16 455
15 16 456
15 16 457
15 16 458
15 16 459
15 16 460
15 16 461
15 16 462
15 16 463
15 16 464
15 16 465
15 16 466
15 16 467
15 16 468
15 16 469
15 16 470
15 16 471
15 16 472
15 16 473
15 16 474
15 16 475
15 16 476
15 16 477
15 16 478
15 16 479
15 16 480
15 16 481
15 16 482
15 16 483
15 16 484
15 16 485
15 16 486
15 16 487
15 16 488
15 16 489
15 16 490
15 16 491
15 16 492
15 16 493
15 16 494
15 16 495
15 16 496
15 16 497
15 16 498
15 16 499
15 16 500
15 16 501
15 16 502
15 16 503
15 16 504
15 16 505
15 16 506
15 16 507
15 16 508
15 16 509
15 16 510
15 16 511
15 16 512
15 16 513
15 16 514
15 16 515
15 16 516
15 16 517
15 16 518
15 16 519
15 16 520
15 16 521
15 16 522
15 16 523
15 16 524
15 16 525
15 16 526
15 16 527
15 16 528
15 16 529
15 16 530
15 16 531
15 16 532
15 16 533
15 16 534
15 16 535
15 16 536
15 16 537
15 16 538
15 16 539
15 16 540
15 16 541
15 16 542
15 16 543
15 16 544
15 16 545
15 16 546
15 16 547
15 16 548
15 16 549
15 16 550
15 16 551
15 16 552
15 16 553
15 16 554
15 16 555
15 16 556
15 16 557
15 16 558
15 16 559
15 16 560
15 16 561
15 16 562
15 16 563
15 16 564
15 16 565
15 16 566
15 16 567
15 16 568
15 16 569
15 16 570
15 16 571
15 16 572
15 16 573
15 16 574
15 16 575
15 16 576
15 16 577
15 16 578
15 16 579
15 16 580
15 16 581
15 16 582
15 16 583
15 16 584
15 16 585
15 16 586
15 16 587
15 16 588
15 16 589
15 16 590
15 16 591
15 16 592
15 16 593
15 16 594
15 16 595
15 16 596
15 16 597
15 16 598
15 16 599
15 16 600
15 16 601
15 16 602
15 16 603
15 16 604
15 16 605
15 16 606
15 16 607
15 16 608
15 16 609
15 16 610
15 16 611
15 16 612
15 16 613
15 16 614
15 16 615
15 16 616
15 16 617
15 16 618
15 16 619
15 16 620
15 16 621
15 16 622
15 16 623
15 16 624
15 16 625
15 16 626
15 16 627
15 16 628
15 16 629
15 16 630
15 16 631
15 16 632
15 16 633
15 16 634
15 16 635
15 16 636
15 16 637
15 16 638
15 16 639
15 16 640
15 16 641
15 16 642
15 16 643
15 16 644
15 16 645
15 16 646
15 16 647
15 16 648
15 16 649
15 16 650
15 16 651
15 16 652
15 16 653
15 16 654
15 16 655
15 16 656
15 16 657
15 16 658
15 16 659
15 16 660
15 16 661
15 16 662
15 16 663
15 16 664
15 16 665
15 16 666
15 16 667
15 16 668
15 16 669
15 16 670
15 16 671
15 16 672
15 16 673
15 16 674
15 16 675
15 16 676
15 16 677
15 16 678
15 16 679
15 16 680
15 16 681
15 16 682
15 16 683
15 16 684
15 16 685
15 16 686
15 16 687
15 16 688
15 16 689
15 16 690
15 16 691
15 16 692
15 16 693
15 16 694
15 16 695
15 16 696
15 16 697
15 16 698
15 16 699
15 16 700
15 16 701
15 16 702
15 16 703
15 16 704
15 16 705
15 16 706
15 16 707
15 16 708
15 16 709
15 16 710
15 16 711
15 16 712
15 16 713
15 16 714
15 16 715
15 16 716
15 16 717
15 16 718
15 16 719
15 16 720
15 16 721
15 16 722
15 16 723
15 16 724
15 16 725
15 16 726
15 16 727
15 16 728
15 16 729
15 16 730
15 16 731
15 16 732
15 16 733
15 16 734
15 16 735
15 16 736
15 16 737
15 16 738
15 16 739
15 16 740
15 16 741
15 16 742
15 16 743
15 16 744
15 16 745
15 16 746
15 16 747
15 16 748
15 16 749
15 16 750
15 16 751
15 16 752
15 16 753
15 16 754
15 16 755
15 16 756
15 16 757
15 16 758
15 16 759
15 16 760
15 16 761
15 16 762
15 16 763
15 16 764
15 16 765
15 16 766
15 16 767
15 16 768
15 16 769
15 16 770
15 16 771
15 16 772
15 16 773
15 16 774
15 16 775
15 16 776
15 16 777
15 16 778
15 16 779
15 16 780
15 16 781
15 16 782
15 16 783
15 16 784
15 16 785
15 16 786
15 16 787
15 16 788
15 16 789
15 16 790
15 16 791
15 16 792
15 16 793
15 16 794
15 16 795
15 16 796
15 16 797
15 16 798
15 16 799
15 16 800
15 16 801
15 16 802
15 16 803
15 16 804
15 16 805
15 16 806
15 16 807
15 16 808
15 16 809
15 16 810
15 16 811
15 16 812
15 16 813
15 16 814
15 16 815
15 16 816
15 16 817
15 16 818
15 16 819
15 16 820
15 16 821
15 16 822
15 16 823
15 16 824
15 16 825
15 16 826
15 16 827
15 16 828
15 16 829
15 16 830
15 16 831
15 16 832
15 16 833
15 16 834
15 16 835
15 16 836
15 16 837
15 16 838
15 16 839
15 16 840
15 16 841
15 16 842
15 16 843
15 16 844
15 16 845
15 16 846
15 16 847
15 16 848
15 16 849
15 16 850
15 16 851
15 16 852
15 16 853
15 16 854
15 16 855
15 16 856
15 16 857
15 16 858
15 16 859
15 16 860
15 16 861
15 16 862
15 16 863
15 16 864
15 16 865
15 16 866
15 16 867
15 16 868
15 16 869
15 16 870
15 16 871
15 16 872
15 16 873
15 16 874
15 16 875
15 16 876
15 16 877
15 16 878
15 16 879
15 16 880
15 16 881
15 16 882
15 16 883
15 16 884
15 16 885
15 16 886
15 16 887
15 16 888
15 16 889
15 16 890
15 16 891
15 16 892
15 16 893
15 16 894
15 16 895
15 16 896
15 16 897
15 16 898
15 16 899
15 16 900
15 16 901
15 16 902
15 16 903
15 16 904
15 16 905
15 16 906
15 16 907
15 16 908
15 16 909
15 16 910
15 16 911
15 16 912
15 16 913
15 16 914
15 16 915
15 16 916
15 16 917
15 16 918
15 16 919
15 16 920
15 16 921
15 16 922
15 16 923
15 16 924
15 16 925
15 16 926
15 16 927
15 16 928
15 16 929
15 16 930
15 16 931
15 16 932
15 16 933
15 16 934
15 16 935
15 16 936
15 16 937
15 16 938
15 16 939
15 16 940
15 16 941
15 16 942
15 16 943
15 16 944
15 16 945
15 16 946
15 16 947
15 16 948
15 16 949
15 16 950
15 16 951
15 16 952
15 16 953
15 16 954
15 16 955
15 16 956
15 16 957
15 16 958
15 16 959
15 16 960
15 16 961
15 16 962
15 16 963
15 16 964
15 16 965
15 16 966
15 16 967
15 16 968
15 16 969
15 16 970
15 16 971
15 16 972
15 16 973
15 16 974
15 16 975
15 16 976
15 16 977
15 16 978
15 16 979
15 16 980
15 16 981
15 16 982
15 16 983
