18 12 1
18 12 2
18 12 3
18 12 4
18 12 5
18 12 6
18 12 7
18 12 8
18 12 9
18 12 10
18 12 11
18 12 12
18 12 13
18 12 14
18 12 15
18 12 16
18 12 17
18 12 18
18 12 19
18 12 20
18 12 21
18 12 22
18 12 23
18 12 24
18 12 25
18 12 26
18 12 27
18 12 28
18 12 29
18 12 30
18 12 31
18 12 32
18 12 33
18 12 34
18 12 35
18 12 36
18 12 37
18 12 38
18 12 39
18 12 40
18 12 41
18 12 42
18 12 43
18 12 44
18 12 45
18 12 46
18 12 47
18 12 48
18 12 49
18 12 50
18 12 51
18 12 52
18 12 53
18 12 54
18 12 55
18 12 56
18 12 57
18 12 58
18 12 59
18 12 60
18 12 61
18 12 62
18 12 63
18 12 64
18 12 65
18 12 66
18 12 67
18 12 68
18 12 69
18 12 70
18 12 71
18 12 72
18 12 73
18 12 74
18 12 75
18 12 76
18 12 77
18 12 78
18 12 79
18 12 80
18 12 81
18 12 82
18 12 83
18 12 84
18 12 85
18 12 86
18 12 87
18 12 88
18 12 89
18 12 90
18 12 91
18 12 92
18 12 93
18 12 94
18 12 95
18 12 96
18 12 97
18 12 98
18 12 99
18 12 100
18 12 101
18 12 102
18 12 103
18 12 104
18 12 105
18 12 106
18 12 107
18 12 108
18 12 109
18 12 110
18 12 111
18 12 112
18 12 113
18 12 114
18 12 115
18 12 116
18 12 117
18 12 118
18 12 119
18 12 120
18 12 121
18 12 122
18 12 123
18 12 124
18 12 125
18 12 126
18 12 127
18 12 128
18 12 129
18 12 130
18 12 131
18 12 132
18 12 133
18 12 134
18 12 135
18 12 136
18 12 137
18 12 138
18 12 139
18 12 140
18 12 141
18 12 142
18 12 143
18 12 144
18 12 145
18 12 146
18 12 147
18 12 148
18 12 149
18 12 150
18 12 151
18 12 152
18 12 153
18 12 154
18 12 155
18 12 156
18 12 157
18 12 158
18 12 159
18 12 160
18 12 161
18 12 162
18 12 163
18 12 164
18 12 165
18 12 166
18 12 167
18 12 168
18 12 169
18 12 170
18 12 171
18 12 172
18 12 173
18 12 174
18 12 175
18 12 176
18 12 177
18 12 178
18 12 179
18 12 180
18 12 181
18 12 182
18 12 183
18 12 184
18 12 185
18 12 186
18 12 187
18 12 188
18 12 189
18 12 190
18 12 191
18 12 192
18 12 193
18 12 194
18 12 195
18 12 196
18 12 197
18 12 198
18 12 199
18 12 200
18 12 201
18 12 202
18 12 203
18 12 204
18 12 205
18 12 206
18 12 207
18 12 208
18 12 209
18 12 210
18 12 211
18 12 212
18 12 213
18 12 214
18 12 215
18 12 216
18 12 217
18 12 218
18 12 219
18 12 220
18 12 221
18 12 222
18 12 223
18 12 224
18 12 225
18 12 226
18 12 227
18 12 228
18 12 229
18 12 230
18 12 231
18 12 232
18 12 233
18 12 234
18 12 235
18 12 236
18 12 237
18 12 238
18 12 239
18 12 240
18 12 241
18 12 242
18 12 243
18 12 244
18 12 245
