9 18 1
9 18 2
9 18 3
9 18 4
9 18 5
9 18 6
9 18 7
9 18 8
9 18 9
9 18 10
9 18 11
9 18 12
9 18 13
9 18 14
9 18 15
9 18 16
9 18 17
9 18 18
9 18 19
9 18 20
9 18 21
9 18 22
9 18 23
9 18 24
9 18 25
9 18 26
9 18 27
9 18 28
9 18 29
9 18 30
9 18 31
9 18 32
9 18 33
9 18 34
9 18 35
9 18 36
9 18 37
9 18 38
9 18 39
9 18 40
9 18 41
9 18 42
9 18 43
9 18 44
9 18 45
9 18 46
9 18 47
9 18 48
9 18 49
9 18 50
9 18 51
9 18 52
9 18 53
9 18 54
9 18 55
9 18 56
9 18 57
9 18 58
9 18 59
9 18 60
9 18 61
9 18 62
9 18 63
9 18 64
9 18 65
9 18 66
9 18 67
9 18 68
9 18 69
9 18 70
9 18 71
9 18 72
9 18 73
9 18 74
9 18 75
9 18 76
9 18 77
9 18 78
9 18 79
9 18 80
9 18 81
9 18 82
9 18 83
9 18 84
9 18 85
9 18 86
9 18 87
9 18 88
9 18 89
9 18 90
9 18 91
9 18 92
9 18 93
9 18 94
9 18 95
9 18 96
9 18 97
9 18 98
9 18 99
9 18 100
9 18 101
9 18 102
9 18 103
9 18 104
9 18 105
9 18 106
9 18 107
9 18 108
9 18 109
9 18 110
9 18 111
9 18 112
9 18 113
9 18 114
9 18 115
9 18 116
9 18 117
9 18 118
9 18 119
9 18 120
9 18 121
9 18 122
9 18 123
9 18 124
9 18 125
9 18 126
9 18 127
9 18 128
9 18 129
9 18 130
9 18 131
9 18 132
9 18 133
9 18 134
9 18 135
9 18 136
9 18 137
9 18 138
9 18 139
9 18 140
9 18 141
9 18 142
9 18 143
9 18 144
9 18 145
9 18 146
9 18 147
9 18 148
9 18 149
9 18 150
9 18 151
9 18 152
9 18 153
9 18 154
9 18 155
9 18 156
9 18 157
9 18 158
9 18 159
9 18 160
9 18 161
9 18 162
9 18 163
9 18 164
9 18 165
9 18 166
9 18 167
9 18 168
9 18 169
9 18 170
9 18 171
9 18 172
9 18 173
9 18 174
9 18 175
9 18 176
9 18 177
9 18 178
9 18 179
9 18 180
9 18 181
9 18 182
9 18 183
9 18 184
9 18 185
9 18 186
9 18 187
9 18 188
9 18 189
9 18 190
9 18 191
9 18 192
9 18 193
9 18 194
9 18 195
9 18 196
9 18 197
9 18 198
9 18 199
9 18 200
9 18 201
9 18 202
9 18 203
9 18 204
9 18 205
9 18 206
9 18 207
9 18 208
9 18 209
9 18 210
9 18 211
9 18 212
9 18 213
9 18 214
9 18 215
9 18 216
9 18 217
9 18 218
9 18 219
9 18 220
9 18 221
9 18 222
9 18 223
9 18 224
9 18 225
9 18 226
9 18 227
9 18 228
9 18 229
9 18 230
9 18 231
9 18 232
9 18 233
9 18 234
9 18 235
9 18 236
9 18 237
9 18 238
9 18 239
9 18 240
9 18 241
9 18 242
9 18 243
9 18 244
9 18 245
