20 7 1
20 7 2
20 7 3
20 7 4
20 7 5
20 7 6
20 7 7
20 7 8
20 7 9
20 7 10
20 7 11
20 7 12
20 7 13
20 7 14
20 7 15
20 7 16
20 7 17
20 7 18
20 7 19
20 7 20
20 7 21
20 7 22
20 7 23
20 7 24
20 7 25
20 7 26
20 7 27
20 7 28
20 7 29
20 7 30
20 7 31
20 7 32
20 7 33
20 7 34
20 7 35
20 7 36
20 7 37
20 7 38
20 7 39
20 7 40
20 7 41
20 7 42
20 7 43
20 7 44
20 7 45
20 7 46
20 7 47
20 7 48
20 7 49
20 7 50
20 7 51
20 7 52
20 7 53
20 7 54
20 7 55
20 7 56
20 7 57
20 7 58
20 7 59
20 7 60
20 7 61
20 7 62
20 7 63
20 7 64
20 7 65
20 7 66
20 7 67
20 7 68
20 7 69
20 7 70
20 7 71
20 7 72
20 7 73
20 7 74
20 7 75
20 7 76
20 7 77
20 7 78
20 7 79
20 7 80
20 7 81
20 7 82
20 7 83
20 7 84
20 7 85
20 7 86
20 7 87
20 7 88
20 7 89
20 7 90
20 7 91
20 7 92
20 7 93
20 7 94
20 7 95
20 7 96
20 7 97
20 7 98
20 7 99
20 7 100
20 7 101
20 7 102
20 7 103
20 7 104
20 7 105
20 7 106
20 7 107
20 7 108
20 7 109
20 7 110
20 7 111
20 7 112
20 7 113
20 7 114
20 7 115
20 7 116
20 7 117
20 7 118
20 7 119
20 7 120
20 7 121
20 7 122
20 7 123
20 7 124
20 7 125
20 7 126
20 7 127
20 7 128
20 7 129
20 7 130
20 7 131
20 7 132
20 7 133
20 7 134
20 7 135
20 7 136
20 7 137
20 7 138
20 7 139
20 7 140
20 7 141
20 7 142
20 7 143
20 7 144
20 7 145
20 7 146
20 7 147
20 7 148
20 7 149
20 7 150
20 7 151
20 7 152
20 7 153
20 7 154
20 7 155
20 7 156
20 7 157
20 7 158
20 7 159
20 7 160
20 7 161
20 7 162
20 7 163
20 7 164
20 7 165
20 7 166
20 7 167
20 7 168
20 7 169
20 7 170
20 7 171
20 7 172
20 7 173
20 7 174
20 7 175
20 7 176
20 7 177
20 7 178
20 7 179
20 7 180
20 7 181
20 7 182
20 7 183
20 7 184
20 7 185
20 7 186
20 7 187
20 7 188
20 7 189
20 7 190
20 7 191
20 7 192
20 7 193
20 7 194
20 7 195
20 7 196
20 7 197
20 7 198
20 7 199
20 7 200
20 7 201
20 7 202
20 7 203
20 7 204
20 7 205
20 7 206
20 7 207
20 7 208
20 7 209
20 7 210
20 7 211
20 7 212
20 7 213
20 7 214
20 7 215
20 7 216
20 7 217
20 7 218
20 7 219
20 7 220
20 7 221
20 7 222
20 7 223
20 7 224
20 7 225
20 7 226
20 7 227
20 7 228
20 7 229
20 7 230
20 7 231
20 7 232
20 7 233
20 7 234
20 7 235
20 7 236
20 7 237
20 7 238
20 7 239
20 7 240
20 7 241
20 7 242
20 7 243
20 7 244
20 7 245
