7 18 1
7 18 2
7 18 3
7 18 4
7 18 5
7 18 6
7 18 7
7 18 8
7 18 9
7 18 10
7 18 11
7 18 12
7 18 13
7 18 14
7 18 15
7 18 16
7 18 17
7 18 18
7 18 19
7 18 20
7 18 21
7 18 22
7 18 23
7 18 24
7 18 25
7 18 26
7 18 27
7 18 28
7 18 29
7 18 30
7 18 31
7 18 32
7 18 33
7 18 34
7 18 35
7 18 36
7 18 37
7 18 38
7 18 39
7 18 40
7 18 41
7 18 42
7 18 43
7 18 44
7 18 45
7 18 46
7 18 47
7 18 48
7 18 49
7 18 50
7 18 51
7 18 52
7 18 53
7 18 54
7 18 55
7 18 56
7 18 57
7 18 58
7 18 59
7 18 60
7 18 61
7 18 62
7 18 63
7 18 64
7 18 65
7 18 66
7 18 67
7 18 68
7 18 69
7 18 70
7 18 71
7 18 72
7 18 73
7 18 74
7 18 75
7 18 76
7 18 77
7 18 78
7 18 79
7 18 80
7 18 81
7 18 82
7 18 83
7 18 84
7 18 85
7 18 86
7 18 87
7 18 88
7 18 89
7 18 90
7 18 91
7 18 92
7 18 93
7 18 94
7 18 95
7 18 96
7 18 97
7 18 98
7 18 99
7 18 100
7 18 101
7 18 102
7 18 103
7 18 104
7 18 105
7 18 106
7 18 107
7 18 108
7 18 109
7 18 110
7 18 111
7 18 112
7 18 113
7 18 114
7 18 115
7 18 116
7 18 117
7 18 118
7 18 119
7 18 120
7 18 121
7 18 122
7 18 123
7 18 124
7 18 125
7 18 126
7 18 127
7 18 128
7 18 129
7 18 130
7 18 131
7 18 132
7 18 133
7 18 134
7 18 135
7 18 136
7 18 137
7 18 138
7 18 139
7 18 140
7 18 141
7 18 142
7 18 143
7 18 144
7 18 145
7 18 146
7 18 147
7 18 148
7 18 149
7 18 150
7 18 151
7 18 152
7 18 153
7 18 154
7 18 155
7 18 156
7 18 157
7 18 158
7 18 159
7 18 160
7 18 161
7 18 162
7 18 163
7 18 164
7 18 165
7 18 166
7 18 167
7 18 168
7 18 169
7 18 170
7 18 171
7 18 172
7 18 173
7 18 174
7 18 175
7 18 176
7 18 177
7 18 178
7 18 179
7 18 180
7 18 181
7 18 182
7 18 183
7 18 184
7 18 185
7 18 186
7 18 187
7 18 188
7 18 189
7 18 190
7 18 191
7 18 192
7 18 193
7 18 194
7 18 195
7 18 196
7 18 197
7 18 198
7 18 199
7 18 200
7 18 201
7 18 202
7 18 203
7 18 204
7 18 205
7 18 206
7 18 207
7 18 208
7 18 209
7 18 210
7 18 211
7 18 212
7 18 213
7 18 214
7 18 215
7 18 216
7 18 217
7 18 218
7 18 219
7 18 220
7 18 221
7 18 222
7 18 223
7 18 224
7 18 225
7 18 226
7 18 227
7 18 228
7 18 229
7 18 230
7 18 231
7 18 232
7 18 233
7 18 234
7 18 235
7 18 236
7 18 237
7 18 238
7 18 239
7 18 240
7 18 241
7 18 242
7 18 243
7 18 244
7 18 245
