20 3 1
20 3 2
20 3 3
20 3 4
20 3 5
20 3 6
20 3 7
20 3 8
20 3 9
20 3 10
20 3 11
20 3 12
20 3 13
20 3 14
20 3 15
20 3 16
20 3 17
20 3 18
20 3 19
20 3 20
20 3 21
20 3 22
20 3 23
20 3 24
20 3 25
20 3 26
20 3 27
20 3 28
20 3 29
20 3 30
20 3 31
20 3 32
20 3 33
20 3 34
20 3 35
20 3 36
20 3 37
20 3 38
20 3 39
20 3 40
20 3 41
20 3 42
20 3 43
20 3 44
20 3 45
20 3 46
20 3 47
20 3 48
20 3 49
20 3 50
20 3 51
20 3 52
20 3 53
20 3 54
20 3 55
20 3 56
20 3 57
20 3 58
20 3 59
20 3 60
20 3 61
20 3 62
20 3 63
20 3 64
20 3 65
20 3 66
20 3 67
20 3 68
20 3 69
20 3 70
20 3 71
20 3 72
20 3 73
20 3 74
20 3 75
20 3 76
20 3 77
20 3 78
20 3 79
20 3 80
20 3 81
20 3 82
20 3 83
20 3 84
20 3 85
20 3 86
20 3 87
20 3 88
20 3 89
20 3 90
20 3 91
20 3 92
20 3 93
20 3 94
20 3 95
20 3 96
20 3 97
20 3 98
20 3 99
20 3 100
20 3 101
20 3 102
20 3 103
20 3 104
20 3 105
20 3 106
20 3 107
20 3 108
20 3 109
20 3 110
20 3 111
20 3 112
20 3 113
20 3 114
20 3 115
20 3 116
20 3 117
20 3 118
20 3 119
20 3 120
20 3 121
20 3 122
20 3 123
20 3 124
20 3 125
20 3 126
20 3 127
20 3 128
20 3 129
20 3 130
20 3 131
20 3 132
20 3 133
20 3 134
20 3 135
20 3 136
20 3 137
20 3 138
20 3 139
20 3 140
20 3 141
20 3 142
20 3 143
20 3 144
20 3 145
20 3 146
20 3 147
20 3 148
20 3 149
20 3 150
20 3 151
20 3 152
20 3 153
20 3 154
20 3 155
20 3 156
20 3 157
20 3 158
20 3 159
20 3 160
20 3 161
20 3 162
20 3 163
20 3 164
20 3 165
20 3 166
20 3 167
20 3 168
20 3 169
20 3 170
20 3 171
20 3 172
20 3 173
20 3 174
20 3 175
20 3 176
20 3 177
20 3 178
20 3 179
20 3 180
20 3 181
20 3 182
20 3 183
20 3 184
20 3 185
20 3 186
20 3 187
20 3 188
20 3 189
20 3 190
20 3 191
20 3 192
20 3 193
20 3 194
20 3 195
20 3 196
20 3 197
20 3 198
20 3 199
20 3 200
20 3 201
20 3 202
20 3 203
20 3 204
20 3 205
20 3 206
20 3 207
20 3 208
20 3 209
20 3 210
20 3 211
20 3 212
20 3 213
20 3 214
20 3 215
20 3 216
20 3 217
20 3 218
20 3 219
20 3 220
20 3 221
20 3 222
20 3 223
20 3 224
20 3 225
20 3 226
20 3 227
20 3 228
20 3 229
20 3 230
20 3 231
20 3 232
20 3 233
20 3 234
20 3 235
20 3 236
20 3 237
20 3 238
20 3 239
20 3 240
20 3 241
20 3 242
20 3 243
20 3 244
20 3 245
