15 18 1
15 18 2
15 18 3
15 18 4
15 18 5
15 18 6
15 18 7
15 18 8
15 18 9
15 18 10
15 18 11
15 18 12
15 18 13
15 18 14
15 18 15
15 18 16
15 18 17
15 18 18
15 18 19
15 18 20
15 18 21
15 18 22
15 18 23
15 18 24
15 18 25
15 18 26
15 18 27
15 18 28
15 18 29
15 18 30
15 18 31
15 18 32
15 18 33
15 18 34
15 18 35
15 18 36
15 18 37
15 18 38
15 18 39
15 18 40
15 18 41
15 18 42
15 18 43
15 18 44
15 18 45
15 18 46
15 18 47
15 18 48
15 18 49
15 18 50
15 18 51
15 18 52
15 18 53
15 18 54
15 18 55
15 18 56
15 18 57
15 18 58
15 18 59
15 18 60
15 18 61
15 18 62
15 18 63
15 18 64
15 18 65
15 18 66
15 18 67
15 18 68
15 18 69
15 18 70
15 18 71
15 18 72
15 18 73
15 18 74
15 18 75
15 18 76
15 18 77
15 18 78
15 18 79
15 18 80
15 18 81
15 18 82
15 18 83
15 18 84
15 18 85
15 18 86
15 18 87
15 18 88
15 18 89
15 18 90
15 18 91
15 18 92
15 18 93
15 18 94
15 18 95
15 18 96
15 18 97
15 18 98
15 18 99
15 18 100
15 18 101
15 18 102
15 18 103
15 18 104
15 18 105
15 18 106
15 18 107
15 18 108
15 18 109
15 18 110
15 18 111
15 18 112
15 18 113
15 18 114
15 18 115
15 18 116
15 18 117
15 18 118
15 18 119
15 18 120
15 18 121
15 18 122
15 18 123
15 18 124
15 18 125
15 18 126
15 18 127
15 18 128
15 18 129
15 18 130
15 18 131
15 18 132
15 18 133
15 18 134
15 18 135
15 18 136
15 18 137
15 18 138
15 18 139
15 18 140
15 18 141
15 18 142
15 18 143
15 18 144
15 18 145
15 18 146
15 18 147
15 18 148
15 18 149
15 18 150
15 18 151
15 18 152
15 18 153
15 18 154
15 18 155
15 18 156
15 18 157
15 18 158
15 18 159
15 18 160
15 18 161
15 18 162
15 18 163
15 18 164
15 18 165
15 18 166
15 18 167
15 18 168
15 18 169
15 18 170
15 18 171
15 18 172
15 18 173
15 18 174
15 18 175
15 18 176
15 18 177
15 18 178
15 18 179
15 18 180
15 18 181
15 18 182
15 18 183
15 18 184
15 18 185
15 18 186
15 18 187
15 18 188
15 18 189
15 18 190
15 18 191
15 18 192
15 18 193
15 18 194
15 18 195
15 18 196
15 18 197
15 18 198
15 18 199
15 18 200
15 18 201
15 18 202
15 18 203
15 18 204
15 18 205
15 18 206
15 18 207
15 18 208
15 18 209
15 18 210
15 18 211
15 18 212
15 18 213
15 18 214
15 18 215
15 18 216
15 18 217
15 18 218
15 18 219
15 18 220
15 18 221
15 18 222
15 18 223
15 18 224
15 18 225
15 18 226
15 18 227
15 18 228
15 18 229
15 18 230
15 18 231
15 18 232
15 18 233
15 18 234
15 18 235
15 18 236
15 18 237
15 18 238
15 18 239
15 18 240
15 18 241
15 18 242
15 18 243
15 18 244
15 18 245
