18 10 1
18 10 2
18 10 3
18 10 4
18 10 5
18 10 6
18 10 7
18 10 8
18 10 9
18 10 10
18 10 11
18 10 12
18 10 13
18 10 14
18 10 15
18 10 16
18 10 17
18 10 18
18 10 19
18 10 20
18 10 21
18 10 22
18 10 23
18 10 24
18 10 25
18 10 26
18 10 27
18 10 28
18 10 29
18 10 30
18 10 31
18 10 32
18 10 33
18 10 34
18 10 35
18 10 36
18 10 37
18 10 38
18 10 39
18 10 40
18 10 41
18 10 42
18 10 43
18 10 44
18 10 45
18 10 46
18 10 47
18 10 48
18 10 49
18 10 50
18 10 51
18 10 52
18 10 53
18 10 54
18 10 55
18 10 56
18 10 57
18 10 58
18 10 59
18 10 60
18 10 61
18 10 62
18 10 63
18 10 64
18 10 65
18 10 66
18 10 67
18 10 68
18 10 69
18 10 70
18 10 71
18 10 72
18 10 73
18 10 74
18 10 75
18 10 76
18 10 77
18 10 78
18 10 79
18 10 80
18 10 81
18 10 82
18 10 83
18 10 84
18 10 85
18 10 86
18 10 87
18 10 88
18 10 89
18 10 90
18 10 91
18 10 92
18 10 93
18 10 94
18 10 95
18 10 96
18 10 97
18 10 98
18 10 99
18 10 100
18 10 101
18 10 102
18 10 103
18 10 104
18 10 105
18 10 106
18 10 107
18 10 108
18 10 109
18 10 110
18 10 111
18 10 112
18 10 113
18 10 114
18 10 115
18 10 116
18 10 117
18 10 118
18 10 119
18 10 120
18 10 121
18 10 122
18 10 123
18 10 124
18 10 125
18 10 126
18 10 127
18 10 128
18 10 129
18 10 130
18 10 131
18 10 132
18 10 133
18 10 134
18 10 135
18 10 136
18 10 137
18 10 138
18 10 139
18 10 140
18 10 141
18 10 142
18 10 143
18 10 144
18 10 145
18 10 146
18 10 147
18 10 148
18 10 149
18 10 150
18 10 151
18 10 152
18 10 153
18 10 154
18 10 155
18 10 156
18 10 157
18 10 158
18 10 159
18 10 160
18 10 161
18 10 162
18 10 163
18 10 164
18 10 165
18 10 166
18 10 167
18 10 168
18 10 169
18 10 170
18 10 171
18 10 172
18 10 173
18 10 174
18 10 175
18 10 176
18 10 177
18 10 178
18 10 179
18 10 180
18 10 181
18 10 182
18 10 183
18 10 184
18 10 185
18 10 186
18 10 187
18 10 188
18 10 189
18 10 190
18 10 191
18 10 192
18 10 193
18 10 194
18 10 195
18 10 196
18 10 197
18 10 198
18 10 199
18 10 200
18 10 201
18 10 202
18 10 203
18 10 204
18 10 205
18 10 206
18 10 207
18 10 208
18 10 209
18 10 210
18 10 211
18 10 212
18 10 213
18 10 214
18 10 215
18 10 216
18 10 217
18 10 218
18 10 219
18 10 220
18 10 221
18 10 222
18 10 223
18 10 224
18 10 225
18 10 226
18 10 227
18 10 228
18 10 229
18 10 230
18 10 231
18 10 232
18 10 233
18 10 234
18 10 235
18 10 236
18 10 237
18 10 238
18 10 239
18 10 240
18 10 241
18 10 242
18 10 243
18 10 244
18 10 245
