2 18 1
2 18 2
2 18 3
2 18 4
2 18 5
2 18 6
2 18 7
2 18 8
2 18 9
2 18 10
2 18 11
2 18 12
2 18 13
2 18 14
2 18 15
2 18 16
2 18 17
2 18 18
2 18 19
2 18 20
2 18 21
2 18 22
2 18 23
2 18 24
2 18 25
2 18 26
2 18 27
2 18 28
2 18 29
2 18 30
2 18 31
2 18 32
2 18 33
2 18 34
2 18 35
2 18 36
2 18 37
2 18 38
2 18 39
2 18 40
2 18 41
2 18 42
2 18 43
2 18 44
2 18 45
2 18 46
2 18 47
2 18 48
2 18 49
2 18 50
2 18 51
2 18 52
2 18 53
2 18 54
2 18 55
2 18 56
2 18 57
2 18 58
2 18 59
2 18 60
2 18 61
2 18 62
2 18 63
2 18 64
2 18 65
2 18 66
2 18 67
2 18 68
2 18 69
2 18 70
2 18 71
2 18 72
2 18 73
2 18 74
2 18 75
2 18 76
2 18 77
2 18 78
2 18 79
2 18 80
2 18 81
2 18 82
2 18 83
2 18 84
2 18 85
2 18 86
2 18 87
2 18 88
2 18 89
2 18 90
2 18 91
2 18 92
2 18 93
2 18 94
2 18 95
2 18 96
2 18 97
2 18 98
2 18 99
2 18 100
2 18 101
2 18 102
2 18 103
2 18 104
2 18 105
2 18 106
2 18 107
2 18 108
2 18 109
2 18 110
2 18 111
2 18 112
2 18 113
2 18 114
2 18 115
2 18 116
2 18 117
2 18 118
2 18 119
2 18 120
2 18 121
2 18 122
2 18 123
2 18 124
2 18 125
2 18 126
2 18 127
2 18 128
2 18 129
2 18 130
2 18 131
2 18 132
2 18 133
2 18 134
2 18 135
2 18 136
2 18 137
2 18 138
2 18 139
2 18 140
2 18 141
2 18 142
2 18 143
2 18 144
2 18 145
2 18 146
2 18 147
2 18 148
2 18 149
2 18 150
2 18 151
2 18 152
2 18 153
2 18 154
2 18 155
2 18 156
2 18 157
2 18 158
2 18 159
2 18 160
2 18 161
2 18 162
2 18 163
2 18 164
2 18 165
2 18 166
2 18 167
2 18 168
2 18 169
2 18 170
2 18 171
2 18 172
2 18 173
2 18 174
2 18 175
2 18 176
2 18 177
2 18 178
2 18 179
2 18 180
2 18 181
2 18 182
2 18 183
2 18 184
2 18 185
2 18 186
2 18 187
2 18 188
2 18 189
2 18 190
2 18 191
2 18 192
2 18 193
2 18 194
2 18 195
2 18 196
2 18 197
2 18 198
2 18 199
2 18 200
2 18 201
2 18 202
2 18 203
2 18 204
2 18 205
2 18 206
2 18 207
2 18 208
2 18 209
2 18 210
2 18 211
2 18 212
2 18 213
2 18 214
2 18 215
2 18 216
2 18 217
2 18 218
2 18 219
2 18 220
2 18 221
2 18 222
2 18 223
2 18 224
2 18 225
2 18 226
2 18 227
2 18 228
2 18 229
2 18 230
2 18 231
2 18 232
2 18 233
2 18 234
2 18 235
2 18 236
2 18 237
2 18 238
2 18 239
2 18 240
2 18 241
2 18 242
2 18 243
2 18 244
2 18 245
