16 18 1
16 18 2
16 18 3
16 18 4
16 18 5
16 18 6
16 18 7
16 18 8
16 18 9
16 18 10
16 18 11
16 18 12
16 18 13
16 18 14
16 18 15
16 18 16
16 18 17
16 18 18
16 18 19
16 18 20
16 18 21
16 18 22
16 18 23
16 18 24
16 18 25
16 18 26
16 18 27
16 18 28
16 18 29
16 18 30
16 18 31
16 18 32
16 18 33
16 18 34
16 18 35
16 18 36
16 18 37
16 18 38
16 18 39
16 18 40
16 18 41
16 18 42
16 18 43
16 18 44
16 18 45
16 18 46
16 18 47
16 18 48
16 18 49
16 18 50
16 18 51
16 18 52
16 18 53
16 18 54
16 18 55
16 18 56
16 18 57
16 18 58
16 18 59
16 18 60
16 18 61
16 18 62
16 18 63
16 18 64
16 18 65
16 18 66
16 18 67
16 18 68
16 18 69
16 18 70
16 18 71
16 18 72
16 18 73
16 18 74
16 18 75
16 18 76
16 18 77
16 18 78
16 18 79
16 18 80
16 18 81
16 18 82
16 18 83
16 18 84
16 18 85
16 18 86
16 18 87
16 18 88
16 18 89
16 18 90
16 18 91
16 18 92
16 18 93
16 18 94
16 18 95
16 18 96
16 18 97
16 18 98
16 18 99
16 18 100
16 18 101
16 18 102
16 18 103
16 18 104
16 18 105
16 18 106
16 18 107
16 18 108
16 18 109
16 18 110
16 18 111
16 18 112
16 18 113
16 18 114
16 18 115
16 18 116
16 18 117
16 18 118
16 18 119
16 18 120
16 18 121
16 18 122
16 18 123
16 18 124
16 18 125
16 18 126
16 18 127
16 18 128
16 18 129
16 18 130
16 18 131
16 18 132
16 18 133
16 18 134
16 18 135
16 18 136
16 18 137
16 18 138
16 18 139
16 18 140
16 18 141
16 18 142
16 18 143
16 18 144
16 18 145
16 18 146
16 18 147
16 18 148
16 18 149
16 18 150
16 18 151
16 18 152
16 18 153
16 18 154
16 18 155
16 18 156
16 18 157
16 18 158
16 18 159
16 18 160
16 18 161
16 18 162
16 18 163
16 18 164
16 18 165
16 18 166
16 18 167
16 18 168
16 18 169
16 18 170
16 18 171
16 18 172
16 18 173
16 18 174
16 18 175
16 18 176
16 18 177
16 18 178
16 18 179
16 18 180
16 18 181
16 18 182
16 18 183
16 18 184
16 18 185
16 18 186
16 18 187
16 18 188
16 18 189
16 18 190
16 18 191
16 18 192
16 18 193
16 18 194
16 18 195
16 18 196
16 18 197
16 18 198
16 18 199
16 18 200
16 18 201
16 18 202
16 18 203
16 18 204
16 18 205
16 18 206
16 18 207
16 18 208
16 18 209
16 18 210
16 18 211
16 18 212
16 18 213
16 18 214
16 18 215
16 18 216
16 18 217
16 18 218
16 18 219
16 18 220
16 18 221
16 18 222
16 18 223
16 18 224
16 18 225
16 18 226
16 18 227
16 18 228
16 18 229
16 18 230
16 18 231
16 18 232
16 18 233
16 18 234
16 18 235
16 18 236
16 18 237
16 18 238
16 18 239
16 18 240
16 18 241
16 18 242
16 18 243
16 18 244
16 18 245
