18 14 1
18 14 2
18 14 3
18 14 4
18 14 5
18 14 6
18 14 7
18 14 8
18 14 9
18 14 10
18 14 11
18 14 12
18 14 13
18 14 14
18 14 15
18 14 16
18 14 17
18 14 18
18 14 19
18 14 20
18 14 21
18 14 22
18 14 23
18 14 24
18 14 25
18 14 26
18 14 27
18 14 28
18 14 29
18 14 30
18 14 31
18 14 32
18 14 33
18 14 34
18 14 35
18 14 36
18 14 37
18 14 38
18 14 39
18 14 40
18 14 41
18 14 42
18 14 43
18 14 44
18 14 45
18 14 46
18 14 47
18 14 48
18 14 49
18 14 50
18 14 51
18 14 52
18 14 53
18 14 54
18 14 55
18 14 56
18 14 57
18 14 58
18 14 59
18 14 60
18 14 61
18 14 62
18 14 63
18 14 64
18 14 65
18 14 66
18 14 67
18 14 68
18 14 69
18 14 70
18 14 71
18 14 72
18 14 73
18 14 74
18 14 75
18 14 76
18 14 77
18 14 78
18 14 79
18 14 80
18 14 81
18 14 82
18 14 83
18 14 84
18 14 85
18 14 86
18 14 87
18 14 88
18 14 89
18 14 90
18 14 91
18 14 92
18 14 93
18 14 94
18 14 95
18 14 96
18 14 97
18 14 98
18 14 99
18 14 100
18 14 101
18 14 102
18 14 103
18 14 104
18 14 105
18 14 106
18 14 107
18 14 108
18 14 109
18 14 110
18 14 111
18 14 112
18 14 113
18 14 114
18 14 115
18 14 116
18 14 117
18 14 118
18 14 119
18 14 120
18 14 121
18 14 122
18 14 123
18 14 124
18 14 125
18 14 126
18 14 127
18 14 128
18 14 129
18 14 130
18 14 131
18 14 132
18 14 133
18 14 134
18 14 135
18 14 136
18 14 137
18 14 138
18 14 139
18 14 140
18 14 141
18 14 142
18 14 143
18 14 144
18 14 145
18 14 146
18 14 147
18 14 148
18 14 149
18 14 150
18 14 151
18 14 152
18 14 153
18 14 154
18 14 155
18 14 156
18 14 157
18 14 158
18 14 159
18 14 160
18 14 161
18 14 162
18 14 163
18 14 164
18 14 165
18 14 166
18 14 167
18 14 168
18 14 169
18 14 170
18 14 171
18 14 172
18 14 173
18 14 174
18 14 175
18 14 176
18 14 177
18 14 178
18 14 179
18 14 180
18 14 181
18 14 182
18 14 183
18 14 184
18 14 185
18 14 186
18 14 187
18 14 188
18 14 189
18 14 190
18 14 191
18 14 192
18 14 193
18 14 194
18 14 195
18 14 196
18 14 197
18 14 198
18 14 199
18 14 200
18 14 201
18 14 202
18 14 203
18 14 204
18 14 205
18 14 206
18 14 207
18 14 208
18 14 209
18 14 210
18 14 211
18 14 212
18 14 213
18 14 214
18 14 215
18 14 216
18 14 217
18 14 218
18 14 219
18 14 220
18 14 221
18 14 222
18 14 223
18 14 224
18 14 225
18 14 226
18 14 227
18 14 228
18 14 229
18 14 230
18 14 231
18 14 232
18 14 233
18 14 234
18 14 235
18 14 236
18 14 237
18 14 238
18 14 239
18 14 240
18 14 241
18 14 242
18 14 243
18 14 244
18 14 245
