20 1 1
20 1 2
20 1 3
20 1 4
20 1 5
20 1 6
20 1 7
20 1 8
20 1 9
20 1 10
20 1 11
20 1 12
20 1 13
20 1 14
20 1 15
20 1 16
20 1 17
20 1 18
20 1 19
20 1 20
20 1 21
20 1 22
20 1 23
20 1 24
20 1 25
20 1 26
20 1 27
20 1 28
20 1 29
20 1 30
20 1 31
20 1 32
20 1 33
20 1 34
20 1 35
20 1 36
20 1 37
20 1 38
20 1 39
20 1 40
20 1 41
20 1 42
20 1 43
20 1 44
20 1 45
20 1 46
20 1 47
20 1 48
20 1 49
20 1 50
20 1 51
20 1 52
20 1 53
20 1 54
20 1 55
20 1 56
20 1 57
20 1 58
20 1 59
20 1 60
20 1 61
20 1 62
20 1 63
20 1 64
20 1 65
20 1 66
20 1 67
20 1 68
20 1 69
20 1 70
20 1 71
20 1 72
20 1 73
20 1 74
20 1 75
20 1 76
20 1 77
20 1 78
20 1 79
20 1 80
20 1 81
20 1 82
20 1 83
20 1 84
20 1 85
20 1 86
20 1 87
20 1 88
20 1 89
20 1 90
20 1 91
20 1 92
20 1 93
20 1 94
20 1 95
20 1 96
20 1 97
20 1 98
20 1 99
20 1 100
20 1 101
20 1 102
20 1 103
20 1 104
20 1 105
20 1 106
20 1 107
20 1 108
20 1 109
20 1 110
20 1 111
20 1 112
20 1 113
20 1 114
20 1 115
20 1 116
20 1 117
20 1 118
20 1 119
20 1 120
20 1 121
20 1 122
20 1 123
20 1 124
20 1 125
20 1 126
20 1 127
20 1 128
20 1 129
20 1 130
20 1 131
20 1 132
20 1 133
20 1 134
20 1 135
20 1 136
20 1 137
20 1 138
20 1 139
20 1 140
20 1 141
20 1 142
20 1 143
20 1 144
20 1 145
20 1 146
20 1 147
20 1 148
20 1 149
20 1 150
20 1 151
20 1 152
20 1 153
20 1 154
20 1 155
20 1 156
20 1 157
20 1 158
20 1 159
20 1 160
20 1 161
20 1 162
20 1 163
20 1 164
20 1 165
20 1 166
20 1 167
20 1 168
20 1 169
20 1 170
20 1 171
20 1 172
20 1 173
20 1 174
20 1 175
20 1 176
20 1 177
20 1 178
20 1 179
20 1 180
20 1 181
20 1 182
20 1 183
20 1 184
20 1 185
20 1 186
20 1 187
20 1 188
20 1 189
20 1 190
20 1 191
20 1 192
20 1 193
20 1 194
20 1 195
20 1 196
20 1 197
20 1 198
20 1 199
20 1 200
20 1 201
20 1 202
20 1 203
20 1 204
20 1 205
20 1 206
20 1 207
20 1 208
20 1 209
20 1 210
20 1 211
20 1 212
20 1 213
20 1 214
20 1 215
20 1 216
20 1 217
20 1 218
20 1 219
20 1 220
20 1 221
20 1 222
20 1 223
20 1 224
20 1 225
20 1 226
20 1 227
20 1 228
20 1 229
20 1 230
20 1 231
20 1 232
20 1 233
20 1 234
20 1 235
20 1 236
20 1 237
20 1 238
20 1 239
20 1 240
20 1 241
20 1 242
20 1 243
20 1 244
20 1 245
