34 37 1
35 37 1
36 37 1
34 38 2
35 38 2
36 38 2
34 39 3
35 39 3
36 39 3
34 37 4
35 37 4
36 37 4
34 38 5
35 38 5
36 38 5
34 39 6
35 39 6
36 39 6
34 37 7
35 37 7
36 37 7
34 38 8
35 38 8
36 38 8
34 39 9
35 39 9
36 39 9
34 37 10
35 37 10
36 37 10
34 38 11
35 38 11
36 38 11
34 39 12
35 39 12
36 39 12
34 37 13
35 37 13
36 37 13
34 38 14
35 38 14
36 38 14
34 39 15
35 39 15
36 39 15
34 37 16
35 37 16
36 37 16
34 38 17
35 38 17
36 38 17
34 39 18
35 39 18
36 39 18
34 37 19
35 37 19
36 37 19
34 38 20
35 38 20
36 38 20
34 39 21
35 39 21
36 39 21
34 37 22
35 37 22
36 37 22
34 38 23
35 38 23
36 38 23
34 39 24
35 39 24
36 39 24
34 37 25
35 37 25
36 37 25
34 38 26
35 38 26
36 38 26
34 39 27
35 39 27
36 39 27
34 37 28
35 37 28
36 37 28
34 38 29
35 38 29
36 38 29
34 39 30
35 39 30
36 39 30
