0 24 1
1 24 1
2 24 1
3 24 1
4 24 1
5 24 1
6 24 1
7 24 1
8 24 1
9 24 1
10 24 1
11 24 1
12 24 1
13 24 1
14 24 1
15 24 1
16 24 1
17 24 1
18 24 1
19 24 1
20 24 1
21 24 1
22 24 1
23 24 1
0 25 2
1 25 2
2 25 2
3 25 2
4 25 2
5 25 2
6 25 2
7 25 2
8 25 2
9 25 2
10 25 2
11 25 2
12 25 2
13 25 2
14 25 2
15 25 2
16 25 2
17 25 2
18 25 2
19 25 2
20 25 2
21 25 2
22 25 2
23 25 2
0 26 3
1 26 3
2 26 3
3 26 3
4 26 3
5 26 3
6 26 3
7 26 3
8 26 3
9 26 3
10 26 3
11 26 3
12 26 3
13 26 3
14 26 3
15 26 3
16 26 3
17 26 3
18 26 3
19 26 3
20 26 3
21 26 3
22 26 3
23 26 3
0 27 4
1 27 4
2 27 4
3 27 4
4 27 4
5 27 4
6 27 4
7 27 4
8 27 4
9 27 4
10 27 4
11 27 4
12 27 4
13 27 4
14 27 4
15 27 4
16 27 4
17 27 4
18 27 4
19 27 4
20 27 4
21 27 4
22 27 4
23 27 4
0 28 5
1 28 5
2 28 5
3 28 5
4 28 5
5 28 5
6 28 5
7 28 5
8 28 5
9 28 5
10 28 5
11 28 5
12 28 5
13 28 5
14 28 5
15 28 5
16 28 5
17 28 5
18 28 5
19 28 5
20 28 5
21 28 5
22 28 5
23 28 5
0 29 6
1 29 6
2 29 6
3 29 6
4 29 6
5 29 6
6 29 6
7 29 6
8 29 6
9 29 6
10 29 6
11 29 6
12 29 6
13 29 6
14 29 6
15 29 6
16 29 6
17 29 6
18 29 6
19 29 6
20 29 6
21 29 6
22 29 6
23 29 6
0 30 7
1 30 7
2 30 7
3 30 7
4 30 7
5 30 7
6 30 7
7 30 7
8 30 7
9 30 7
10 30 7
11 30 7
12 30 7
13 30 7
14 30 7
15 30 7
16 30 7
17 30 7
18 30 7
19 30 7
20 30 7
21 30 7
22 30 7
23 30 7
0 31 8
1 31 8
2 31 8
3 31 8
4 31 8
5 31 8
6 31 8
7 31 8
8 31 8
9 31 8
10 31 8
11 31 8
12 31 8
13 31 8
14 31 8
15 31 8
16 31 8
17 31 8
18 31 8
19 31 8
20 31 8
21 31 8
22 31 8
23 31 8
0 32 9
1 32 9
2 32 9
3 32 9
4 32 9
5 32 9
6 32 9
7 32 9
8 32 9
9 32 9
10 32 9
11 32 9
12 32 9
13 32 9
14 32 9
15 32 9
16 32 9
17 32 9
18 32 9
19 32 9
20 32 9
21 32 9
22 32 9
23 32 9
0 33 10
1 33 10
2 33 10
3 33 10
4 33 10
5 33 10
6 33 10
7 33 10
8 33 10
9 33 10
10 33 10
11 33 10
12 33 10
13 33 10
14 33 10
15 33 10
16 33 10
17 33 10
18 33 10
19 33 10
20 33 10
21 33 10
22 33 10
23 33 10
0 34 11
1 34 11
2 34 11
3 34 11
4 34 11
5 34 11
6 34 11
7 34 11
8 34 11
9 34 11
10 34 11
11 34 11
12 34 11
13 34 11
14 34 11
15 34 11
16 34 11
17 34 11
18 34 11
19 34 11
20 34 11
21 34 11
22 34 11
23 34 11
0 35 12
1 35 12
2 35 12
3 35 12
4 35 12
5 35 12
6 35 12
7 35 12
8 35 12
9 35 12
10 35 12
11 35 12
12 35 12
13 35 12
14 35 12
15 35 12
16 35 12
17 35 12
18 35 12
19 35 12
20 35 12
21 35 12
22 35 12
23 35 12
0 36 13
1 36 13
2 36 13
3 36 13
4 36 13
5 36 13
6 36 13
7 36 13
8 36 13
9 36 13
10 36 13
11 36 13
12 36 13
13 36 13
14 36 13
15 36 13
16 36 13
17 36 13
18 36 13
19 36 13
20 36 13
21 36 13
22 36 13
23 36 13
0 37 14
1 37 14
2 37 14
3 37 14
4 37 14
5 37 14
6 37 14
7 37 14
8 37 14
9 37 14
10 37 14
11 37 14
12 37 14
13 37 14
14 37 14
15 37 14
16 37 14
17 37 14
18 37 14
19 37 14
20 37 14
21 37 14
22 37 14
23 37 14
0 38 15
1 38 15
2 38 15
3 38 15
4 38 15
5 38 15
6 38 15
7 38 15
8 38 15
9 38 15
10 38 15
11 38 15
12 38 15
13 38 15
14 38 15
15 38 15
16 38 15
17 38 15
18 38 15
19 38 15
20 38 15
21 38 15
22 38 15
23 38 15
0 39 16
1 39 16
2 39 16
3 39 16
4 39 16
5 39 16
6 39 16
7 39 16
8 39 16
9 39 16
10 39 16
11 39 16
12 39 16
13 39 16
14 39 16
15 39 16
16 39 16
17 39 16
18 39 16
19 39 16
20 39 16
21 39 16
22 39 16
23 39 16
0 40 17
1 40 17
2 40 17
3 40 17
4 40 17
5 40 17
6 40 17
7 40 17
8 40 17
9 40 17
10 40 17
11 40 17
12 40 17
13 40 17
14 40 17
15 40 17
16 40 17
17 40 17
18 40 17
19 40 17
20 40 17
21 40 17
22 40 17
23 40 17
0 41 18
1 41 18
2 41 18
3 41 18
4 41 18
5 41 18
6 41 18
7 41 18
8 41 18
9 41 18
10 41 18
11 41 18
12 41 18
13 41 18
14 41 18
15 41 18
16 41 18
17 41 18
18 41 18
19 41 18
20 41 18
21 41 18
22 41 18
23 41 18
0 24 19
1 24 19
2 24 19
3 24 19
4 24 19
5 24 19
6 24 19
7 24 19
8 24 19
9 24 19
10 24 19
11 24 19
12 24 19
13 24 19
14 24 19
15 24 19
16 24 19
17 24 19
18 24 19
19 24 19
20 24 19
21 24 19
22 24 19
23 24 19
0 25 20
1 25 20
2 25 20
3 25 20
4 25 20
5 25 20
6 25 20
7 25 20
8 25 20
9 25 20
10 25 20
11 25 20
12 25 20
13 25 20
14 25 20
15 25 20
16 25 20
17 25 20
18 25 20
19 25 20
20 25 20
21 25 20
22 25 20
23 25 20
0 26 21
1 26 21
2 26 21
3 26 21
4 26 21
5 26 21
6 26 21
7 26 21
8 26 21
9 26 21
10 26 21
11 26 21
12 26 21
13 26 21
14 26 21
15 26 21
16 26 21
17 26 21
18 26 21
19 26 21
20 26 21
21 26 21
22 26 21
23 26 21
0 27 22
1 27 22
2 27 22
3 27 22
4 27 22
5 27 22
6 27 22
7 27 22
8 27 22
9 27 22
10 27 22
11 27 22
12 27 22
13 27 22
14 27 22
15 27 22
16 27 22
17 27 22
18 27 22
19 27 22
20 27 22
21 27 22
22 27 22
23 27 22
0 28 23
1 28 23
2 28 23
3 28 23
4 28 23
5 28 23
6 28 23
7 28 23
8 28 23
9 28 23
10 28 23
11 28 23
12 28 23
13 28 23
14 28 23
15 28 23
16 28 23
17 28 23
18 28 23
19 28 23
20 28 23
21 28 23
22 28 23
23 28 23
0 29 24
1 29 24
2 29 24
3 29 24
4 29 24
5 29 24
6 29 24
7 29 24
8 29 24
9 29 24
10 29 24
11 29 24
12 29 24
13 29 24
14 29 24
15 29 24
16 29 24
17 29 24
18 29 24
19 29 24
20 29 24
21 29 24
22 29 24
23 29 24
0 30 25
1 30 25
2 30 25
3 30 25
4 30 25
5 30 25
6 30 25
7 30 25
8 30 25
9 30 25
10 30 25
11 30 25
12 30 25
13 30 25
14 30 25
15 30 25
16 30 25
17 30 25
18 30 25
19 30 25
20 30 25
21 30 25
22 30 25
23 30 25
0 31 26
1 31 26
2 31 26
3 31 26
4 31 26
5 31 26
6 31 26
7 31 26
8 31 26
9 31 26
10 31 26
11 31 26
12 31 26
13 31 26
14 31 26
15 31 26
16 31 26
17 31 26
18 31 26
19 31 26
20 31 26
21 31 26
22 31 26
23 31 26
0 32 27
1 32 27
2 32 27
3 32 27
4 32 27
5 32 27
6 32 27
7 32 27
8 32 27
9 32 27
10 32 27
11 32 27
12 32 27
13 32 27
14 32 27
15 32 27
16 32 27
17 32 27
18 32 27
19 32 27
20 32 27
21 32 27
22 32 27
23 32 27
0 33 28
1 33 28
2 33 28
3 33 28
4 33 28
5 33 28
6 33 28
7 33 28
8 33 28
9 33 28
10 33 28
11 33 28
12 33 28
13 33 28
14 33 28
15 33 28
16 33 28
17 33 28
18 33 28
19 33 28
20 33 28
21 33 28
22 33 28
23 33 28
0 34 29
1 34 29
2 34 29
3 34 29
4 34 29
5 34 29
6 34 29
7 34 29
8 34 29
9 34 29
10 34 29
11 34 29
12 34 29
13 34 29
14 34 29
15 34 29
16 34 29
17 34 29
18 34 29
19 34 29
20 34 29
21 34 29
22 34 29
23 34 29
0 35 30
1 35 30
2 35 30
3 35 30
4 35 30
5 35 30
6 35 30
7 35 30
8 35 30
9 35 30
10 35 30
11 35 30
12 35 30
13 35 30
14 35 30
15 35 30
16 35 30
17 35 30
18 35 30
19 35 30
20 35 30
21 35 30
22 35 30
23 35 30
0 36 31
1 36 31
2 36 31
3 36 31
4 36 31
5 36 31
6 36 31
7 36 31
8 36 31
9 36 31
10 36 31
11 36 31
12 36 31
13 36 31
14 36 31
15 36 31
16 36 31
17 36 31
18 36 31
19 36 31
20 36 31
21 36 31
22 36 31
23 36 31
0 37 32
1 37 32
2 37 32
3 37 32
4 37 32
5 37 32
6 37 32
7 37 32
8 37 32
9 37 32
10 37 32
11 37 32
12 37 32
13 37 32
14 37 32
15 37 32
16 37 32
17 37 32
18 37 32
19 37 32
20 37 32
21 37 32
22 37 32
23 37 32
0 38 33
1 38 33
2 38 33
3 38 33
4 38 33
5 38 33
6 38 33
7 38 33
8 38 33
9 38 33
10 38 33
11 38 33
12 38 33
13 38 33
14 38 33
15 38 33
16 38 33
17 38 33
18 38 33
19 38 33
20 38 33
21 38 33
22 38 33
23 38 33
0 39 34
1 39 34
2 39 34
3 39 34
4 39 34
5 39 34
6 39 34
7 39 34
8 39 34
9 39 34
10 39 34
11 39 34
12 39 34
13 39 34
14 39 34
15 39 34
16 39 34
17 39 34
18 39 34
19 39 34
20 39 34
21 39 34
22 39 34
23 39 34
0 40 35
1 40 35
2 40 35
3 40 35
4 40 35
5 40 35
6 40 35
7 40 35
8 40 35
9 40 35
10 40 35
11 40 35
12 40 35
13 40 35
14 40 35
15 40 35
16 40 35
17 40 35
18 40 35
19 40 35
20 40 35
21 40 35
22 40 35
23 40 35
0 41 36
1 41 36
2 41 36
3 41 36
4 41 36
5 41 36
6 41 36
7 41 36
8 41 36
9 41 36
10 41 36
11 41 36
12 41 36
13 41 36
14 41 36
15 41 36
16 41 36
17 41 36
18 41 36
19 41 36
20 41 36
21 41 36
22 41 36
23 41 36
0 24 37
1 24 37
2 24 37
3 24 37
4 24 37
5 24 37
6 24 37
7 24 37
8 24 37
9 24 37
10 24 37
11 24 37
12 24 37
13 24 37
14 24 37
15 24 37
16 24 37
17 24 37
18 24 37
19 24 37
20 24 37
21 24 37
22 24 37
23 24 37
0 25 38
1 25 38
2 25 38
3 25 38
4 25 38
5 25 38
6 25 38
7 25 38
8 25 38
9 25 38
10 25 38
11 25 38
12 25 38
13 25 38
14 25 38
15 25 38
16 25 38
17 25 38
18 25 38
19 25 38
20 25 38
21 25 38
22 25 38
23 25 38
0 26 39
1 26 39
2 26 39
3 26 39
4 26 39
5 26 39
6 26 39
7 26 39
8 26 39
9 26 39
10 26 39
11 26 39
12 26 39
13 26 39
14 26 39
15 26 39
16 26 39
17 26 39
18 26 39
19 26 39
20 26 39
21 26 39
22 26 39
23 26 39
0 27 40
1 27 40
2 27 40
3 27 40
4 27 40
5 27 40
6 27 40
7 27 40
8 27 40
9 27 40
10 27 40
11 27 40
12 27 40
13 27 40
14 27 40
15 27 40
16 27 40
17 27 40
18 27 40
19 27 40
20 27 40
21 27 40
22 27 40
23 27 40
0 28 41
1 28 41
2 28 41
3 28 41
4 28 41
5 28 41
6 28 41
7 28 41
8 28 41
9 28 41
10 28 41
11 28 41
12 28 41
13 28 41
14 28 41
15 28 41
16 28 41
17 28 41
18 28 41
19 28 41
20 28 41
21 28 41
22 28 41
23 28 41
0 29 42
1 29 42
2 29 42
3 29 42
4 29 42
5 29 42
6 29 42
7 29 42
8 29 42
9 29 42
10 29 42
11 29 42
12 29 42
13 29 42
14 29 42
15 29 42
16 29 42
17 29 42
18 29 42
19 29 42
20 29 42
21 29 42
22 29 42
23 29 42
0 30 43
1 30 43
2 30 43
3 30 43
4 30 43
5 30 43
6 30 43
7 30 43
8 30 43
9 30 43
10 30 43
11 30 43
12 30 43
13 30 43
14 30 43
15 30 43
16 30 43
17 30 43
18 30 43
19 30 43
20 30 43
21 30 43
22 30 43
23 30 43
0 31 44
1 31 44
2 31 44
3 31 44
4 31 44
5 31 44
6 31 44
7 31 44
8 31 44
9 31 44
10 31 44
11 31 44
12 31 44
13 31 44
14 31 44
15 31 44
16 31 44
17 31 44
18 31 44
19 31 44
20 31 44
21 31 44
22 31 44
23 31 44
0 32 45
1 32 45
2 32 45
3 32 45
4 32 45
5 32 45
6 32 45
7 32 45
8 32 45
9 32 45
10 32 45
11 32 45
12 32 45
13 32 45
14 32 45
15 32 45
16 32 45
17 32 45
18 32 45
19 32 45
20 32 45
21 32 45
22 32 45
23 32 45
0 33 46
1 33 46
2 33 46
3 33 46
4 33 46
5 33 46
6 33 46
7 33 46
8 33 46
9 33 46
10 33 46
11 33 46
12 33 46
13 33 46
14 33 46
15 33 46
16 33 46
17 33 46
18 33 46
19 33 46
20 33 46
21 33 46
22 33 46
23 33 46
0 34 47
1 34 47
2 34 47
3 34 47
4 34 47
5 34 47
6 34 47
7 34 47
8 34 47
9 34 47
10 34 47
11 34 47
12 34 47
13 34 47
14 34 47
15 34 47
16 34 47
17 34 47
18 34 47
19 34 47
20 34 47
21 34 47
22 34 47
23 34 47
0 35 48
1 35 48
2 35 48
3 35 48
4 35 48
5 35 48
6 35 48
7 35 48
8 35 48
9 35 48
10 35 48
11 35 48
12 35 48
13 35 48
14 35 48
15 35 48
16 35 48
17 35 48
18 35 48
19 35 48
20 35 48
21 35 48
22 35 48
23 35 48
0 36 49
1 36 49
2 36 49
3 36 49
4 36 49
5 36 49
6 36 49
7 36 49
8 36 49
9 36 49
10 36 49
11 36 49
12 36 49
13 36 49
14 36 49
15 36 49
16 36 49
17 36 49
18 36 49
19 36 49
20 36 49
21 36 49
22 36 49
23 36 49
0 37 50
1 37 50
2 37 50
3 37 50
4 37 50
5 37 50
6 37 50
7 37 50
8 37 50
9 37 50
10 37 50
11 37 50
12 37 50
13 37 50
14 37 50
15 37 50
16 37 50
17 37 50
18 37 50
19 37 50
20 37 50
21 37 50
22 37 50
23 37 50
0 38 51
1 38 51
2 38 51
3 38 51
4 38 51
5 38 51
6 38 51
7 38 51
8 38 51
9 38 51
10 38 51
11 38 51
12 38 51
13 38 51
14 38 51
15 38 51
16 38 51
17 38 51
18 38 51
19 38 51
20 38 51
21 38 51
22 38 51
23 38 51
0 39 52
1 39 52
2 39 52
3 39 52
4 39 52
5 39 52
6 39 52
7 39 52
8 39 52
9 39 52
10 39 52
11 39 52
12 39 52
13 39 52
14 39 52
15 39 52
16 39 52
17 39 52
18 39 52
19 39 52
20 39 52
21 39 52
22 39 52
23 39 52
0 40 53
1 40 53
2 40 53
3 40 53
4 40 53
5 40 53
6 40 53
7 40 53
8 40 53
9 40 53
10 40 53
11 40 53
12 40 53
13 40 53
14 40 53
15 40 53
16 40 53
17 40 53
18 40 53
19 40 53
20 40 53
21 40 53
22 40 53
23 40 53
0 41 54
1 41 54
2 41 54
3 41 54
4 41 54
5 41 54
6 41 54
7 41 54
8 41 54
9 41 54
10 41 54
11 41 54
12 41 54
13 41 54
14 41 54
15 41 54
16 41 54
17 41 54
18 41 54
19 41 54
20 41 54
21 41 54
22 41 54
23 41 54
0 24 55
1 24 55
2 24 55
3 24 55
4 24 55
5 24 55
6 24 55
7 24 55
8 24 55
9 24 55
10 24 55
11 24 55
12 24 55
13 24 55
14 24 55
15 24 55
16 24 55
17 24 55
18 24 55
19 24 55
20 24 55
21 24 55
22 24 55
23 24 55
0 25 56
1 25 56
2 25 56
3 25 56
4 25 56
5 25 56
6 25 56
7 25 56
8 25 56
9 25 56
10 25 56
11 25 56
12 25 56
13 25 56
14 25 56
15 25 56
16 25 56
17 25 56
18 25 56
19 25 56
20 25 56
21 25 56
22 25 56
23 25 56
0 26 57
1 26 57
2 26 57
3 26 57
4 26 57
5 26 57
6 26 57
7 26 57
8 26 57
9 26 57
10 26 57
11 26 57
12 26 57
13 26 57
14 26 57
15 26 57
16 26 57
17 26 57
18 26 57
19 26 57
20 26 57
21 26 57
22 26 57
23 26 57
0 27 58
1 27 58
2 27 58
3 27 58
4 27 58
5 27 58
6 27 58
7 27 58
8 27 58
9 27 58
10 27 58
11 27 58
12 27 58
13 27 58
14 27 58
15 27 58
16 27 58
17 27 58
18 27 58
19 27 58
20 27 58
21 27 58
22 27 58
23 27 58
0 28 59
1 28 59
2 28 59
3 28 59
4 28 59
5 28 59
6 28 59
7 28 59
8 28 59
9 28 59
10 28 59
11 28 59
12 28 59
13 28 59
14 28 59
15 28 59
16 28 59
17 28 59
18 28 59
19 28 59
20 28 59
21 28 59
22 28 59
23 28 59
0 29 60
1 29 60
2 29 60
3 29 60
4 29 60
5 29 60
6 29 60
7 29 60
8 29 60
9 29 60
10 29 60
11 29 60
12 29 60
13 29 60
14 29 60
15 29 60
16 29 60
17 29 60
18 29 60
19 29 60
20 29 60
21 29 60
22 29 60
23 29 60
0 30 61
1 30 61
2 30 61
3 30 61
4 30 61
5 30 61
6 30 61
7 30 61
8 30 61
9 30 61
10 30 61
11 30 61
12 30 61
13 30 61
14 30 61
15 30 61
16 30 61
17 30 61
18 30 61
19 30 61
20 30 61
21 30 61
22 30 61
23 30 61
0 31 62
1 31 62
2 31 62
3 31 62
4 31 62
5 31 62
6 31 62
7 31 62
8 31 62
9 31 62
10 31 62
11 31 62
12 31 62
13 31 62
14 31 62
15 31 62
16 31 62
17 31 62
18 31 62
19 31 62
20 31 62
21 31 62
22 31 62
23 31 62
0 32 63
1 32 63
2 32 63
3 32 63
4 32 63
5 32 63
6 32 63
7 32 63
8 32 63
9 32 63
10 32 63
11 32 63
12 32 63
13 32 63
14 32 63
15 32 63
16 32 63
17 32 63
18 32 63
19 32 63
20 32 63
21 32 63
22 32 63
23 32 63
0 33 64
1 33 64
2 33 64
3 33 64
4 33 64
5 33 64
6 33 64
7 33 64
8 33 64
9 33 64
10 33 64
11 33 64
12 33 64
13 33 64
14 33 64
15 33 64
16 33 64
17 33 64
18 33 64
19 33 64
20 33 64
21 33 64
22 33 64
23 33 64
0 34 65
1 34 65
2 34 65
3 34 65
4 34 65
5 34 65
6 34 65
7 34 65
8 34 65
9 34 65
10 34 65
11 34 65
12 34 65
13 34 65
14 34 65
15 34 65
16 34 65
17 34 65
18 34 65
19 34 65
20 34 65
21 34 65
22 34 65
23 34 65
0 35 66
1 35 66
2 35 66
3 35 66
4 35 66
5 35 66
6 35 66
7 35 66
8 35 66
9 35 66
10 35 66
11 35 66
12 35 66
13 35 66
14 35 66
15 35 66
16 35 66
17 35 66
18 35 66
19 35 66
20 35 66
21 35 66
22 35 66
23 35 66
0 36 67
1 36 67
2 36 67
3 36 67
4 36 67
5 36 67
6 36 67
7 36 67
8 36 67
9 36 67
10 36 67
11 36 67
12 36 67
13 36 67
14 36 67
15 36 67
16 36 67
17 36 67
18 36 67
19 36 67
20 36 67
21 36 67
22 36 67
23 36 67
0 37 68
1 37 68
2 37 68
3 37 68
4 37 68
5 37 68
6 37 68
7 37 68
8 37 68
9 37 68
10 37 68
11 37 68
12 37 68
13 37 68
14 37 68
15 37 68
16 37 68
17 37 68
18 37 68
19 37 68
20 37 68
21 37 68
22 37 68
23 37 68
0 38 69
1 38 69
2 38 69
3 38 69
4 38 69
5 38 69
6 38 69
7 38 69
8 38 69
9 38 69
10 38 69
11 38 69
12 38 69
13 38 69
14 38 69
15 38 69
16 38 69
17 38 69
18 38 69
19 38 69
20 38 69
21 38 69
22 38 69
23 38 69
0 39 70
1 39 70
2 39 70
3 39 70
4 39 70
5 39 70
6 39 70
7 39 70
8 39 70
9 39 70
10 39 70
11 39 70
12 39 70
13 39 70
14 39 70
15 39 70
16 39 70
17 39 70
18 39 70
19 39 70
20 39 70
21 39 70
22 39 70
23 39 70
0 40 71
1 40 71
2 40 71
3 40 71
4 40 71
5 40 71
6 40 71
7 40 71
8 40 71
9 40 71
10 40 71
11 40 71
12 40 71
13 40 71
14 40 71
15 40 71
16 40 71
17 40 71
18 40 71
19 40 71
20 40 71
21 40 71
22 40 71
23 40 71
0 41 72
1 41 72
2 41 72
3 41 72
4 41 72
5 41 72
6 41 72
7 41 72
8 41 72
9 41 72
10 41 72
11 41 72
12 41 72
13 41 72
14 41 72
15 41 72
16 41 72
17 41 72
18 41 72
19 41 72
20 41 72
21 41 72
22 41 72
23 41 72
0 24 73
1 24 73
2 24 73
3 24 73
4 24 73
5 24 73
6 24 73
7 24 73
8 24 73
9 24 73
10 24 73
11 24 73
12 24 73
13 24 73
14 24 73
15 24 73
16 24 73
17 24 73
18 24 73
19 24 73
20 24 73
21 24 73
22 24 73
23 24 73
0 25 74
1 25 74
2 25 74
3 25 74
4 25 74
5 25 74
6 25 74
7 25 74
8 25 74
9 25 74
10 25 74
11 25 74
12 25 74
13 25 74
14 25 74
15 25 74
16 25 74
17 25 74
18 25 74
19 25 74
20 25 74
21 25 74
22 25 74
23 25 74
0 26 75
1 26 75
2 26 75
3 26 75
4 26 75
5 26 75
6 26 75
7 26 75
8 26 75
9 26 75
10 26 75
11 26 75
12 26 75
13 26 75
14 26 75
15 26 75
16 26 75
17 26 75
18 26 75
19 26 75
20 26 75
21 26 75
22 26 75
23 26 75
0 27 76
1 27 76
2 27 76
3 27 76
4 27 76
5 27 76
6 27 76
7 27 76
8 27 76
9 27 76
10 27 76
11 27 76
12 27 76
13 27 76
14 27 76
15 27 76
16 27 76
17 27 76
18 27 76
19 27 76
20 27 76
21 27 76
22 27 76
23 27 76
0 28 77
1 28 77
2 28 77
3 28 77
4 28 77
5 28 77
6 28 77
7 28 77
8 28 77
9 28 77
10 28 77
11 28 77
12 28 77
13 28 77
14 28 77
15 28 77
16 28 77
17 28 77
18 28 77
19 28 77
20 28 77
21 28 77
22 28 77
23 28 77
0 29 78
1 29 78
2 29 78
3 29 78
4 29 78
5 29 78
6 29 78
7 29 78
8 29 78
9 29 78
10 29 78
11 29 78
12 29 78
13 29 78
14 29 78
15 29 78
16 29 78
17 29 78
18 29 78
19 29 78
20 29 78
21 29 78
22 29 78
23 29 78
0 30 79
1 30 79
2 30 79
3 30 79
4 30 79
5 30 79
6 30 79
7 30 79
8 30 79
9 30 79
10 30 79
11 30 79
12 30 79
13 30 79
14 30 79
15 30 79
16 30 79
17 30 79
18 30 79
19 30 79
20 30 79
21 30 79
22 30 79
23 30 79
0 31 80
1 31 80
2 31 80
3 31 80
4 31 80
5 31 80
6 31 80
7 31 80
8 31 80
9 31 80
10 31 80
11 31 80
12 31 80
13 31 80
14 31 80
15 31 80
16 31 80
17 31 80
18 31 80
19 31 80
20 31 80
21 31 80
22 31 80
23 31 80
0 32 81
1 32 81
2 32 81
3 32 81
4 32 81
5 32 81
6 32 81
7 32 81
8 32 81
9 32 81
10 32 81
11 32 81
12 32 81
13 32 81
14 32 81
15 32 81
16 32 81
17 32 81
18 32 81
19 32 81
20 32 81
21 32 81
22 32 81
23 32 81
0 33 82
1 33 82
2 33 82
3 33 82
4 33 82
5 33 82
6 33 82
7 33 82
8 33 82
9 33 82
10 33 82
11 33 82
12 33 82
13 33 82
14 33 82
15 33 82
16 33 82
17 33 82
18 33 82
19 33 82
20 33 82
21 33 82
22 33 82
23 33 82
0 34 83
1 34 83
2 34 83
3 34 83
4 34 83
5 34 83
6 34 83
7 34 83
8 34 83
9 34 83
10 34 83
11 34 83
12 34 83
13 34 83
14 34 83
15 34 83
16 34 83
17 34 83
18 34 83
19 34 83
20 34 83
21 34 83
22 34 83
23 34 83
0 35 84
1 35 84
2 35 84
3 35 84
4 35 84
5 35 84
6 35 84
7 35 84
8 35 84
9 35 84
10 35 84
11 35 84
12 35 84
13 35 84
14 35 84
15 35 84
16 35 84
17 35 84
18 35 84
19 35 84
20 35 84
21 35 84
22 35 84
23 35 84
0 36 85
1 36 85
2 36 85
3 36 85
4 36 85
5 36 85
6 36 85
7 36 85
8 36 85
9 36 85
10 36 85
11 36 85
12 36 85
13 36 85
14 36 85
15 36 85
16 36 85
17 36 85
18 36 85
19 36 85
20 36 85
21 36 85
22 36 85
23 36 85
0 37 86
1 37 86
2 37 86
3 37 86
4 37 86
5 37 86
6 37 86
7 37 86
8 37 86
9 37 86
10 37 86
11 37 86
12 37 86
13 37 86
14 37 86
15 37 86
16 37 86
17 37 86
18 37 86
19 37 86
20 37 86
21 37 86
22 37 86
23 37 86
0 38 87
1 38 87
2 38 87
3 38 87
4 38 87
5 38 87
6 38 87
7 38 87
8 38 87
9 38 87
10 38 87
11 38 87
12 38 87
13 38 87
14 38 87
15 38 87
16 38 87
17 38 87
18 38 87
19 38 87
20 38 87
21 38 87
22 38 87
23 38 87
0 39 88
1 39 88
2 39 88
3 39 88
4 39 88
5 39 88
6 39 88
7 39 88
8 39 88
9 39 88
10 39 88
11 39 88
12 39 88
13 39 88
14 39 88
15 39 88
16 39 88
17 39 88
18 39 88
19 39 88
20 39 88
21 39 88
22 39 88
23 39 88
0 40 89
1 40 89
2 40 89
3 40 89
4 40 89
5 40 89
6 40 89
7 40 89
8 40 89
9 40 89
10 40 89
11 40 89
12 40 89
13 40 89
14 40 89
15 40 89
16 40 89
17 40 89
18 40 89
19 40 89
20 40 89
21 40 89
22 40 89
23 40 89
0 41 90
1 41 90
2 41 90
3 41 90
4 41 90
5 41 90
6 41 90
7 41 90
8 41 90
9 41 90
10 41 90
11 41 90
12 41 90
13 41 90
14 41 90
15 41 90
16 41 90
17 41 90
18 41 90
19 41 90
20 41 90
21 41 90
22 41 90
23 41 90
0 24 91
1 24 91
2 24 91
3 24 91
4 24 91
5 24 91
6 24 91
7 24 91
8 24 91
9 24 91
10 24 91
11 24 91
12 24 91
13 24 91
14 24 91
15 24 91
16 24 91
17 24 91
18 24 91
19 24 91
20 24 91
21 24 91
22 24 91
23 24 91
0 25 92
1 25 92
2 25 92
3 25 92
4 25 92
5 25 92
6 25 92
7 25 92
8 25 92
9 25 92
10 25 92
11 25 92
12 25 92
13 25 92
14 25 92
15 25 92
16 25 92
17 25 92
18 25 92
19 25 92
20 25 92
21 25 92
22 25 92
23 25 92
0 26 93
1 26 93
2 26 93
3 26 93
4 26 93
5 26 93
6 26 93
7 26 93
8 26 93
9 26 93
10 26 93
11 26 93
12 26 93
13 26 93
14 26 93
15 26 93
16 26 93
17 26 93
18 26 93
19 26 93
20 26 93
21 26 93
22 26 93
23 26 93
0 27 94
1 27 94
2 27 94
3 27 94
4 27 94
5 27 94
6 27 94
7 27 94
8 27 94
9 27 94
10 27 94
11 27 94
12 27 94
13 27 94
14 27 94
15 27 94
16 27 94
17 27 94
18 27 94
19 27 94
20 27 94
21 27 94
22 27 94
23 27 94
0 28 95
1 28 95
2 28 95
3 28 95
4 28 95
5 28 95
6 28 95
7 28 95
8 28 95
9 28 95
10 28 95
11 28 95
12 28 95
13 28 95
14 28 95
15 28 95
16 28 95
17 28 95
18 28 95
19 28 95
20 28 95
21 28 95
22 28 95
23 28 95
0 29 96
1 29 96
2 29 96
3 29 96
4 29 96
5 29 96
6 29 96
7 29 96
8 29 96
9 29 96
10 29 96
11 29 96
12 29 96
13 29 96
14 29 96
15 29 96
16 29 96
17 29 96
18 29 96
19 29 96
20 29 96
21 29 96
22 29 96
23 29 96
0 30 97
1 30 97
2 30 97
3 30 97
4 30 97
5 30 97
6 30 97
7 30 97
8 30 97
9 30 97
10 30 97
11 30 97
12 30 97
13 30 97
14 30 97
15 30 97
16 30 97
17 30 97
18 30 97
19 30 97
20 30 97
21 30 97
22 30 97
23 30 97
0 31 98
1 31 98
2 31 98
3 31 98
4 31 98
5 31 98
6 31 98
7 31 98
8 31 98
9 31 98
10 31 98
11 31 98
12 31 98
13 31 98
14 31 98
15 31 98
16 31 98
17 31 98
18 31 98
19 31 98
20 31 98
21 31 98
22 31 98
23 31 98
0 32 99
1 32 99
2 32 99
3 32 99
4 32 99
5 32 99
6 32 99
7 32 99
8 32 99
9 32 99
10 32 99
11 32 99
12 32 99
13 32 99
14 32 99
15 32 99
16 32 99
17 32 99
18 32 99
19 32 99
20 32 99
21 32 99
22 32 99
23 32 99
0 33 100
1 33 100
2 33 100
3 33 100
4 33 100
5 33 100
6 33 100
7 33 100
8 33 100
9 33 100
10 33 100
11 33 100
12 33 100
13 33 100
14 33 100
15 33 100
16 33 100
17 33 100
18 33 100
19 33 100
20 33 100
21 33 100
22 33 100
23 33 100
0 34 101
1 34 101
2 34 101
3 34 101
4 34 101
5 34 101
6 34 101
7 34 101
8 34 101
9 34 101
10 34 101
11 34 101
12 34 101
13 34 101
14 34 101
15 34 101
16 34 101
17 34 101
18 34 101
19 34 101
20 34 101
21 34 101
22 34 101
23 34 101
0 35 102
1 35 102
2 35 102
3 35 102
4 35 102
5 35 102
6 35 102
7 35 102
8 35 102
9 35 102
10 35 102
11 35 102
12 35 102
13 35 102
14 35 102
15 35 102
16 35 102
17 35 102
18 35 102
19 35 102
20 35 102
21 35 102
22 35 102
23 35 102
0 36 103
1 36 103
2 36 103
3 36 103
4 36 103
5 36 103
6 36 103
7 36 103
8 36 103
9 36 103
10 36 103
11 36 103
12 36 103
13 36 103
14 36 103
15 36 103
16 36 103
17 36 103
18 36 103
19 36 103
20 36 103
21 36 103
22 36 103
23 36 103
0 37 104
1 37 104
2 37 104
3 37 104
4 37 104
5 37 104
6 37 104
7 37 104
8 37 104
9 37 104
10 37 104
11 37 104
12 37 104
13 37 104
14 37 104
15 37 104
16 37 104
17 37 104
18 37 104
19 37 104
20 37 104
21 37 104
22 37 104
23 37 104
0 38 105
1 38 105
2 38 105
3 38 105
4 38 105
5 38 105
6 38 105
7 38 105
8 38 105
9 38 105
10 38 105
11 38 105
12 38 105
13 38 105
14 38 105
15 38 105
16 38 105
17 38 105
18 38 105
19 38 105
20 38 105
21 38 105
22 38 105
23 38 105
0 39 106
1 39 106
2 39 106
3 39 106
4 39 106
5 39 106
6 39 106
7 39 106
8 39 106
9 39 106
10 39 106
11 39 106
12 39 106
13 39 106
14 39 106
15 39 106
16 39 106
17 39 106
18 39 106
19 39 106
20 39 106
21 39 106
22 39 106
23 39 106
0 40 107
1 40 107
2 40 107
3 40 107
4 40 107
5 40 107
6 40 107
7 40 107
8 40 107
9 40 107
10 40 107
11 40 107
12 40 107
13 40 107
14 40 107
15 40 107
16 40 107
17 40 107
18 40 107
19 40 107
20 40 107
21 40 107
22 40 107
23 40 107
0 41 108
1 41 108
2 41 108
3 41 108
4 41 108
5 41 108
6 41 108
7 41 108
8 41 108
9 41 108
10 41 108
11 41 108
12 41 108
13 41 108
14 41 108
15 41 108
16 41 108
17 41 108
18 41 108
19 41 108
20 41 108
21 41 108
22 41 108
23 41 108
0 24 109
1 24 109
2 24 109
3 24 109
4 24 109
5 24 109
6 24 109
7 24 109
8 24 109
9 24 109
10 24 109
11 24 109
12 24 109
13 24 109
14 24 109
15 24 109
16 24 109
17 24 109
18 24 109
19 24 109
20 24 109
21 24 109
22 24 109
23 24 109
0 25 110
1 25 110
2 25 110
3 25 110
4 25 110
5 25 110
6 25 110
7 25 110
8 25 110
9 25 110
10 25 110
11 25 110
12 25 110
13 25 110
14 25 110
15 25 110
16 25 110
17 25 110
18 25 110
19 25 110
20 25 110
21 25 110
22 25 110
23 25 110
0 26 111
1 26 111
2 26 111
3 26 111
4 26 111
5 26 111
6 26 111
7 26 111
8 26 111
9 26 111
10 26 111
11 26 111
12 26 111
13 26 111
14 26 111
15 26 111
16 26 111
17 26 111
18 26 111
19 26 111
20 26 111
21 26 111
22 26 111
23 26 111
0 27 112
1 27 112
2 27 112
3 27 112
4 27 112
5 27 112
6 27 112
7 27 112
8 27 112
9 27 112
10 27 112
11 27 112
12 27 112
13 27 112
14 27 112
15 27 112
16 27 112
17 27 112
18 27 112
19 27 112
20 27 112
21 27 112
22 27 112
23 27 112
0 28 113
1 28 113
2 28 113
3 28 113
4 28 113
5 28 113
6 28 113
7 28 113
8 28 113
9 28 113
10 28 113
11 28 113
12 28 113
13 28 113
14 28 113
15 28 113
16 28 113
17 28 113
18 28 113
19 28 113
20 28 113
21 28 113
22 28 113
23 28 113
0 29 114
1 29 114
2 29 114
3 29 114
4 29 114
5 29 114
6 29 114
7 29 114
8 29 114
9 29 114
10 29 114
11 29 114
12 29 114
13 29 114
14 29 114
15 29 114
16 29 114
17 29 114
18 29 114
19 29 114
20 29 114
21 29 114
22 29 114
23 29 114
0 30 115
1 30 115
2 30 115
3 30 115
4 30 115
5 30 115
6 30 115
7 30 115
8 30 115
9 30 115
10 30 115
11 30 115
12 30 115
13 30 115
14 30 115
15 30 115
16 30 115
17 30 115
18 30 115
19 30 115
20 30 115
21 30 115
22 30 115
23 30 115
0 31 116
1 31 116
2 31 116
3 31 116
4 31 116
5 31 116
6 31 116
7 31 116
8 31 116
9 31 116
10 31 116
11 31 116
12 31 116
13 31 116
14 31 116
15 31 116
16 31 116
17 31 116
18 31 116
19 31 116
20 31 116
21 31 116
22 31 116
23 31 116
0 32 117
1 32 117
2 32 117
3 32 117
4 32 117
5 32 117
6 32 117
7 32 117
8 32 117
9 32 117
10 32 117
11 32 117
12 32 117
13 32 117
14 32 117
15 32 117
16 32 117
17 32 117
18 32 117
19 32 117
20 32 117
21 32 117
22 32 117
23 32 117
0 33 118
1 33 118
2 33 118
3 33 118
4 33 118
5 33 118
6 33 118
7 33 118
8 33 118
9 33 118
10 33 118
11 33 118
12 33 118
13 33 118
14 33 118
15 33 118
16 33 118
17 33 118
18 33 118
19 33 118
20 33 118
21 33 118
22 33 118
23 33 118
0 34 119
1 34 119
2 34 119
3 34 119
4 34 119
5 34 119
6 34 119
7 34 119
8 34 119
9 34 119
10 34 119
11 34 119
12 34 119
13 34 119
14 34 119
15 34 119
16 34 119
17 34 119
18 34 119
19 34 119
20 34 119
21 34 119
22 34 119
23 34 119
0 35 120
1 35 120
2 35 120
3 35 120
4 35 120
5 35 120
6 35 120
7 35 120
8 35 120
9 35 120
10 35 120
11 35 120
12 35 120
13 35 120
14 35 120
15 35 120
16 35 120
17 35 120
18 35 120
19 35 120
20 35 120
21 35 120
22 35 120
23 35 120
0 36 121
1 36 121
2 36 121
3 36 121
4 36 121
5 36 121
6 36 121
7 36 121
8 36 121
9 36 121
10 36 121
11 36 121
12 36 121
13 36 121
14 36 121
15 36 121
16 36 121
17 36 121
18 36 121
19 36 121
20 36 121
21 36 121
22 36 121
23 36 121
0 37 122
1 37 122
2 37 122
3 37 122
4 37 122
5 37 122
6 37 122
7 37 122
8 37 122
9 37 122
10 37 122
11 37 122
12 37 122
13 37 122
14 37 122
15 37 122
16 37 122
17 37 122
18 37 122
19 37 122
20 37 122
21 37 122
22 37 122
23 37 122
0 38 123
1 38 123
2 38 123
3 38 123
4 38 123
5 38 123
6 38 123
7 38 123
8 38 123
9 38 123
10 38 123
11 38 123
12 38 123
13 38 123
14 38 123
15 38 123
16 38 123
17 38 123
18 38 123
19 38 123
20 38 123
21 38 123
22 38 123
23 38 123
0 39 124
1 39 124
2 39 124
3 39 124
4 39 124
5 39 124
6 39 124
7 39 124
8 39 124
9 39 124
10 39 124
11 39 124
12 39 124
13 39 124
14 39 124
15 39 124
16 39 124
17 39 124
18 39 124
19 39 124
20 39 124
21 39 124
22 39 124
23 39 124
0 40 125
1 40 125
2 40 125
3 40 125
4 40 125
5 40 125
6 40 125
7 40 125
8 40 125
9 40 125
10 40 125
11 40 125
12 40 125
13 40 125
14 40 125
15 40 125
16 40 125
17 40 125
18 40 125
19 40 125
20 40 125
21 40 125
22 40 125
23 40 125
0 41 126
1 41 126
2 41 126
3 41 126
4 41 126
5 41 126
6 41 126
7 41 126
8 41 126
9 41 126
10 41 126
11 41 126
12 41 126
13 41 126
14 41 126
15 41 126
16 41 126
17 41 126
18 41 126
19 41 126
20 41 126
21 41 126
22 41 126
23 41 126
0 24 127
1 24 127
2 24 127
3 24 127
4 24 127
5 24 127
6 24 127
7 24 127
8 24 127
9 24 127
10 24 127
11 24 127
12 24 127
13 24 127
14 24 127
15 24 127
16 24 127
17 24 127
18 24 127
19 24 127
20 24 127
21 24 127
22 24 127
23 24 127
0 25 128
1 25 128
2 25 128
3 25 128
4 25 128
5 25 128
6 25 128
7 25 128
8 25 128
9 25 128
10 25 128
11 25 128
12 25 128
13 25 128
14 25 128
15 25 128
16 25 128
17 25 128
18 25 128
19 25 128
20 25 128
21 25 128
22 25 128
23 25 128
0 26 129
1 26 129
2 26 129
3 26 129
4 26 129
5 26 129
6 26 129
7 26 129
8 26 129
9 26 129
10 26 129
11 26 129
12 26 129
13 26 129
14 26 129
15 26 129
16 26 129
17 26 129
18 26 129
19 26 129
20 26 129
21 26 129
22 26 129
23 26 129
0 27 130
1 27 130
2 27 130
3 27 130
4 27 130
5 27 130
6 27 130
7 27 130
8 27 130
9 27 130
10 27 130
11 27 130
12 27 130
13 27 130
14 27 130
15 27 130
16 27 130
17 27 130
18 27 130
19 27 130
20 27 130
21 27 130
22 27 130
23 27 130
0 28 131
1 28 131
2 28 131
3 28 131
4 28 131
5 28 131
6 28 131
7 28 131
8 28 131
9 28 131
10 28 131
11 28 131
12 28 131
13 28 131
14 28 131
15 28 131
16 28 131
17 28 131
18 28 131
19 28 131
20 28 131
21 28 131
22 28 131
23 28 131
0 29 132
1 29 132
2 29 132
3 29 132
4 29 132
5 29 132
6 29 132
7 29 132
8 29 132
9 29 132
10 29 132
11 29 132
12 29 132
13 29 132
14 29 132
15 29 132
16 29 132
17 29 132
18 29 132
19 29 132
20 29 132
21 29 132
22 29 132
23 29 132
0 30 133
1 30 133
2 30 133
3 30 133
4 30 133
5 30 133
6 30 133
7 30 133
8 30 133
9 30 133
10 30 133
11 30 133
12 30 133
13 30 133
14 30 133
15 30 133
16 30 133
17 30 133
18 30 133
19 30 133
20 30 133
21 30 133
22 30 133
23 30 133
0 31 134
1 31 134
2 31 134
3 31 134
4 31 134
5 31 134
6 31 134
7 31 134
8 31 134
9 31 134
10 31 134
11 31 134
12 31 134
13 31 134
14 31 134
15 31 134
16 31 134
17 31 134
18 31 134
19 31 134
20 31 134
21 31 134
22 31 134
23 31 134
0 32 135
1 32 135
2 32 135
3 32 135
4 32 135
5 32 135
6 32 135
7 32 135
8 32 135
9 32 135
10 32 135
11 32 135
12 32 135
13 32 135
14 32 135
15 32 135
16 32 135
17 32 135
18 32 135
19 32 135
20 32 135
21 32 135
22 32 135
23 32 135
0 33 136
1 33 136
2 33 136
3 33 136
4 33 136
5 33 136
6 33 136
7 33 136
8 33 136
9 33 136
10 33 136
11 33 136
12 33 136
13 33 136
14 33 136
15 33 136
16 33 136
17 33 136
18 33 136
19 33 136
20 33 136
21 33 136
22 33 136
23 33 136
0 34 137
1 34 137
2 34 137
3 34 137
4 34 137
5 34 137
6 34 137
7 34 137
8 34 137
9 34 137
10 34 137
11 34 137
12 34 137
13 34 137
14 34 137
15 34 137
16 34 137
17 34 137
18 34 137
19 34 137
20 34 137
21 34 137
22 34 137
23 34 137
0 35 138
1 35 138
2 35 138
3 35 138
4 35 138
5 35 138
6 35 138
7 35 138
8 35 138
9 35 138
10 35 138
11 35 138
12 35 138
13 35 138
14 35 138
15 35 138
16 35 138
17 35 138
18 35 138
19 35 138
20 35 138
21 35 138
22 35 138
23 35 138
0 36 139
1 36 139
2 36 139
3 36 139
4 36 139
5 36 139
6 36 139
7 36 139
8 36 139
9 36 139
10 36 139
11 36 139
12 36 139
13 36 139
14 36 139
15 36 139
16 36 139
17 36 139
18 36 139
19 36 139
20 36 139
21 36 139
22 36 139
23 36 139
0 37 140
1 37 140
2 37 140
3 37 140
4 37 140
5 37 140
6 37 140
7 37 140
8 37 140
9 37 140
10 37 140
11 37 140
12 37 140
13 37 140
14 37 140
15 37 140
16 37 140
17 37 140
18 37 140
19 37 140
20 37 140
21 37 140
22 37 140
23 37 140
0 38 141
1 38 141
2 38 141
3 38 141
4 38 141
5 38 141
6 38 141
7 38 141
8 38 141
9 38 141
10 38 141
11 38 141
12 38 141
13 38 141
14 38 141
15 38 141
16 38 141
17 38 141
18 38 141
19 38 141
20 38 141
21 38 141
22 38 141
23 38 141
0 39 142
1 39 142
2 39 142
3 39 142
4 39 142
5 39 142
6 39 142
7 39 142
8 39 142
9 39 142
10 39 142
11 39 142
12 39 142
13 39 142
14 39 142
15 39 142
16 39 142
17 39 142
18 39 142
19 39 142
20 39 142
21 39 142
22 39 142
23 39 142
0 40 143
1 40 143
2 40 143
3 40 143
4 40 143
5 40 143
6 40 143
7 40 143
8 40 143
9 40 143
10 40 143
11 40 143
12 40 143
13 40 143
14 40 143
15 40 143
16 40 143
17 40 143
18 40 143
19 40 143
20 40 143
21 40 143
22 40 143
23 40 143
0 41 144
1 41 144
2 41 144
3 41 144
4 41 144
5 41 144
6 41 144
7 41 144
8 41 144
9 41 144
10 41 144
11 41 144
12 41 144
13 41 144
14 41 144
15 41 144
16 41 144
17 41 144
18 41 144
19 41 144
20 41 144
21 41 144
22 41 144
23 41 144
0 24 145
1 24 145
2 24 145
3 24 145
4 24 145
5 24 145
6 24 145
7 24 145
8 24 145
9 24 145
10 24 145
11 24 145
12 24 145
13 24 145
14 24 145
15 24 145
16 24 145
17 24 145
18 24 145
19 24 145
20 24 145
21 24 145
22 24 145
23 24 145
0 25 146
1 25 146
2 25 146
3 25 146
4 25 146
5 25 146
6 25 146
7 25 146
8 25 146
9 25 146
10 25 146
11 25 146
12 25 146
13 25 146
14 25 146
15 25 146
16 25 146
17 25 146
18 25 146
19 25 146
20 25 146
21 25 146
22 25 146
23 25 146
0 26 147
1 26 147
2 26 147
3 26 147
4 26 147
5 26 147
6 26 147
7 26 147
8 26 147
9 26 147
10 26 147
11 26 147
12 26 147
13 26 147
14 26 147
15 26 147
16 26 147
17 26 147
18 26 147
19 26 147
20 26 147
21 26 147
22 26 147
23 26 147
0 27 148
1 27 148
2 27 148
3 27 148
4 27 148
5 27 148
6 27 148
7 27 148
8 27 148
9 27 148
10 27 148
11 27 148
12 27 148
13 27 148
14 27 148
15 27 148
16 27 148
17 27 148
18 27 148
19 27 148
20 27 148
21 27 148
22 27 148
23 27 148
0 28 149
1 28 149
2 28 149
3 28 149
4 28 149
5 28 149
6 28 149
7 28 149
8 28 149
9 28 149
10 28 149
11 28 149
12 28 149
13 28 149
14 28 149
15 28 149
16 28 149
17 28 149
18 28 149
19 28 149
20 28 149
21 28 149
22 28 149
23 28 149
0 29 150
1 29 150
2 29 150
3 29 150
4 29 150
5 29 150
6 29 150
7 29 150
8 29 150
9 29 150
10 29 150
11 29 150
12 29 150
13 29 150
14 29 150
15 29 150
16 29 150
17 29 150
18 29 150
19 29 150
20 29 150
21 29 150
22 29 150
23 29 150
0 30 151
1 30 151
2 30 151
3 30 151
4 30 151
5 30 151
6 30 151
7 30 151
8 30 151
9 30 151
10 30 151
11 30 151
12 30 151
13 30 151
14 30 151
15 30 151
16 30 151
17 30 151
18 30 151
19 30 151
20 30 151
21 30 151
22 30 151
23 30 151
0 31 152
1 31 152
2 31 152
3 31 152
4 31 152
5 31 152
6 31 152
7 31 152
8 31 152
9 31 152
10 31 152
11 31 152
12 31 152
13 31 152
14 31 152
15 31 152
16 31 152
17 31 152
18 31 152
19 31 152
20 31 152
21 31 152
22 31 152
23 31 152
0 32 153
1 32 153
2 32 153
3 32 153
4 32 153
5 32 153
6 32 153
7 32 153
8 32 153
9 32 153
10 32 153
11 32 153
12 32 153
13 32 153
14 32 153
15 32 153
16 32 153
17 32 153
18 32 153
19 32 153
20 32 153
21 32 153
22 32 153
23 32 153
0 33 154
1 33 154
2 33 154
3 33 154
4 33 154
5 33 154
6 33 154
7 33 154
8 33 154
9 33 154
10 33 154
11 33 154
12 33 154
13 33 154
14 33 154
15 33 154
16 33 154
17 33 154
18 33 154
19 33 154
20 33 154
21 33 154
22 33 154
23 33 154
0 34 155
1 34 155
2 34 155
3 34 155
4 34 155
5 34 155
6 34 155
7 34 155
8 34 155
9 34 155
10 34 155
11 34 155
12 34 155
13 34 155
14 34 155
15 34 155
16 34 155
17 34 155
18 34 155
19 34 155
20 34 155
21 34 155
22 34 155
23 34 155
0 35 156
1 35 156
2 35 156
3 35 156
4 35 156
5 35 156
6 35 156
7 35 156
8 35 156
9 35 156
10 35 156
11 35 156
12 35 156
13 35 156
14 35 156
15 35 156
16 35 156
17 35 156
18 35 156
19 35 156
20 35 156
21 35 156
22 35 156
23 35 156
0 36 157
1 36 157
2 36 157
3 36 157
4 36 157
5 36 157
6 36 157
7 36 157
8 36 157
9 36 157
10 36 157
11 36 157
12 36 157
13 36 157
14 36 157
15 36 157
16 36 157
17 36 157
18 36 157
19 36 157
20 36 157
21 36 157
22 36 157
23 36 157
0 37 158
1 37 158
2 37 158
3 37 158
4 37 158
5 37 158
6 37 158
7 37 158
8 37 158
9 37 158
10 37 158
11 37 158
12 37 158
13 37 158
14 37 158
15 37 158
16 37 158
17 37 158
18 37 158
19 37 158
20 37 158
21 37 158
22 37 158
23 37 158
0 38 159
1 38 159
2 38 159
3 38 159
4 38 159
5 38 159
6 38 159
7 38 159
8 38 159
9 38 159
10 38 159
11 38 159
12 38 159
13 38 159
14 38 159
15 38 159
16 38 159
17 38 159
18 38 159
19 38 159
20 38 159
21 38 159
22 38 159
23 38 159
0 39 160
1 39 160
2 39 160
3 39 160
4 39 160
5 39 160
6 39 160
7 39 160
8 39 160
9 39 160
10 39 160
11 39 160
12 39 160
13 39 160
14 39 160
15 39 160
16 39 160
17 39 160
18 39 160
19 39 160
20 39 160
21 39 160
22 39 160
23 39 160
0 40 161
1 40 161
2 40 161
3 40 161
4 40 161
5 40 161
6 40 161
7 40 161
8 40 161
9 40 161
10 40 161
11 40 161
12 40 161
13 40 161
14 40 161
15 40 161
16 40 161
17 40 161
18 40 161
19 40 161
20 40 161
21 40 161
22 40 161
23 40 161
0 41 162
1 41 162
2 41 162
3 41 162
4 41 162
5 41 162
6 41 162
7 41 162
8 41 162
9 41 162
10 41 162
11 41 162
12 41 162
13 41 162
14 41 162
15 41 162
16 41 162
17 41 162
18 41 162
19 41 162
20 41 162
21 41 162
22 41 162
23 41 162
0 24 163
1 24 163
2 24 163
3 24 163
4 24 163
5 24 163
6 24 163
7 24 163
8 24 163
9 24 163
10 24 163
11 24 163
12 24 163
13 24 163
14 24 163
15 24 163
16 24 163
17 24 163
18 24 163
19 24 163
20 24 163
21 24 163
22 24 163
23 24 163
0 25 164
1 25 164
2 25 164
3 25 164
4 25 164
5 25 164
6 25 164
7 25 164
8 25 164
9 25 164
10 25 164
11 25 164
12 25 164
13 25 164
14 25 164
15 25 164
16 25 164
17 25 164
18 25 164
19 25 164
20 25 164
21 25 164
22 25 164
23 25 164
0 26 165
1 26 165
2 26 165
3 26 165
4 26 165
5 26 165
6 26 165
7 26 165
8 26 165
9 26 165
10 26 165
11 26 165
12 26 165
13 26 165
14 26 165
15 26 165
16 26 165
17 26 165
18 26 165
19 26 165
20 26 165
21 26 165
22 26 165
23 26 165
0 27 166
1 27 166
2 27 166
3 27 166
4 27 166
5 27 166
6 27 166
7 27 166
8 27 166
9 27 166
10 27 166
11 27 166
12 27 166
13 27 166
14 27 166
15 27 166
16 27 166
17 27 166
18 27 166
19 27 166
20 27 166
21 27 166
22 27 166
23 27 166
0 28 167
1 28 167
2 28 167
3 28 167
4 28 167
5 28 167
6 28 167
7 28 167
8 28 167
9 28 167
10 28 167
11 28 167
12 28 167
13 28 167
14 28 167
15 28 167
16 28 167
17 28 167
18 28 167
19 28 167
20 28 167
21 28 167
22 28 167
23 28 167
0 29 168
1 29 168
2 29 168
3 29 168
4 29 168
5 29 168
6 29 168
7 29 168
8 29 168
9 29 168
10 29 168
11 29 168
12 29 168
13 29 168
14 29 168
15 29 168
16 29 168
17 29 168
18 29 168
19 29 168
20 29 168
21 29 168
22 29 168
23 29 168
0 30 169
1 30 169
2 30 169
3 30 169
4 30 169
5 30 169
6 30 169
7 30 169
8 30 169
9 30 169
10 30 169
11 30 169
12 30 169
13 30 169
14 30 169
15 30 169
16 30 169
17 30 169
18 30 169
19 30 169
20 30 169
21 30 169
22 30 169
23 30 169
0 31 170
1 31 170
2 31 170
3 31 170
4 31 170
5 31 170
6 31 170
7 31 170
8 31 170
9 31 170
10 31 170
11 31 170
12 31 170
13 31 170
14 31 170
15 31 170
16 31 170
17 31 170
18 31 170
19 31 170
20 31 170
21 31 170
22 31 170
23 31 170
0 32 171
1 32 171
2 32 171
3 32 171
4 32 171
5 32 171
6 32 171
7 32 171
8 32 171
9 32 171
10 32 171
11 32 171
12 32 171
13 32 171
14 32 171
15 32 171
16 32 171
17 32 171
18 32 171
19 32 171
20 32 171
21 32 171
22 32 171
23 32 171
0 33 172
1 33 172
2 33 172
3 33 172
4 33 172
5 33 172
6 33 172
7 33 172
8 33 172
9 33 172
10 33 172
11 33 172
12 33 172
13 33 172
14 33 172
15 33 172
16 33 172
17 33 172
18 33 172
19 33 172
20 33 172
21 33 172
22 33 172
23 33 172
0 34 173
1 34 173
2 34 173
3 34 173
4 34 173
5 34 173
6 34 173
7 34 173
8 34 173
9 34 173
10 34 173
11 34 173
12 34 173
13 34 173
14 34 173
15 34 173
16 34 173
17 34 173
18 34 173
19 34 173
20 34 173
21 34 173
22 34 173
23 34 173
0 35 174
1 35 174
2 35 174
3 35 174
4 35 174
5 35 174
6 35 174
7 35 174
8 35 174
9 35 174
10 35 174
11 35 174
12 35 174
13 35 174
14 35 174
15 35 174
16 35 174
17 35 174
18 35 174
19 35 174
20 35 174
21 35 174
22 35 174
23 35 174
0 36 175
1 36 175
2 36 175
3 36 175
4 36 175
5 36 175
6 36 175
7 36 175
8 36 175
9 36 175
10 36 175
11 36 175
12 36 175
13 36 175
14 36 175
15 36 175
16 36 175
17 36 175
18 36 175
19 36 175
20 36 175
21 36 175
22 36 175
23 36 175
0 37 176
1 37 176
2 37 176
3 37 176
4 37 176
5 37 176
6 37 176
7 37 176
8 37 176
9 37 176
10 37 176
11 37 176
12 37 176
13 37 176
14 37 176
15 37 176
16 37 176
17 37 176
18 37 176
19 37 176
20 37 176
21 37 176
22 37 176
23 37 176
0 38 177
1 38 177
2 38 177
3 38 177
4 38 177
5 38 177
6 38 177
7 38 177
8 38 177
9 38 177
10 38 177
11 38 177
12 38 177
13 38 177
14 38 177
15 38 177
16 38 177
17 38 177
18 38 177
19 38 177
20 38 177
21 38 177
22 38 177
23 38 177
0 39 178
1 39 178
2 39 178
3 39 178
4 39 178
5 39 178
6 39 178
7 39 178
8 39 178
9 39 178
10 39 178
11 39 178
12 39 178
13 39 178
14 39 178
15 39 178
16 39 178
17 39 178
18 39 178
19 39 178
20 39 178
21 39 178
22 39 178
23 39 178
0 40 179
1 40 179
2 40 179
3 40 179
4 40 179
5 40 179
6 40 179
7 40 179
8 40 179
9 40 179
10 40 179
11 40 179
12 40 179
13 40 179
14 40 179
15 40 179
16 40 179
17 40 179
18 40 179
19 40 179
20 40 179
21 40 179
22 40 179
23 40 179
0 41 180
1 41 180
2 41 180
3 41 180
4 41 180
5 41 180
6 41 180
7 41 180
8 41 180
9 41 180
10 41 180
11 41 180
12 41 180
13 41 180
14 41 180
15 41 180
16 41 180
17 41 180
18 41 180
19 41 180
20 41 180
21 41 180
22 41 180
23 41 180
