24 36 1
25 36 1
26 36 1
27 36 1
28 36 1
29 36 1
30 36 1
31 36 1
32 36 1
33 36 1
34 36 1
35 36 1
24 37 2
25 37 2
26 37 2
27 37 2
28 37 2
29 37 2
30 37 2
31 37 2
32 37 2
33 37 2
34 37 2
35 37 2
24 38 3
25 38 3
26 38 3
27 38 3
28 38 3
29 38 3
30 38 3
31 38 3
32 38 3
33 38 3
34 38 3
35 38 3
24 39 4
25 39 4
26 39 4
27 39 4
28 39 4
29 39 4
30 39 4
31 39 4
32 39 4
33 39 4
34 39 4
35 39 4
24 40 5
25 40 5
26 40 5
27 40 5
28 40 5
29 40 5
30 40 5
31 40 5
32 40 5
33 40 5
34 40 5
35 40 5
24 41 6
25 41 6
26 41 6
27 41 6
28 41 6
29 41 6
30 41 6
31 41 6
32 41 6
33 41 6
34 41 6
35 41 6
24 36 7
25 36 7
26 36 7
27 36 7
28 36 7
29 36 7
30 36 7
31 36 7
32 36 7
33 36 7
34 36 7
35 36 7
24 37 8
25 37 8
26 37 8
27 37 8
28 37 8
29 37 8
30 37 8
31 37 8
32 37 8
33 37 8
34 37 8
35 37 8
24 38 9
25 38 9
26 38 9
27 38 9
28 38 9
29 38 9
30 38 9
31 38 9
32 38 9
33 38 9
34 38 9
35 38 9
24 39 10
25 39 10
26 39 10
27 39 10
28 39 10
29 39 10
30 39 10
31 39 10
32 39 10
33 39 10
34 39 10
35 39 10
24 40 11
25 40 11
26 40 11
27 40 11
28 40 11
29 40 11
30 40 11
31 40 11
32 40 11
33 40 11
34 40 11
35 40 11
24 41 12
25 41 12
26 41 12
27 41 12
28 41 12
29 41 12
30 41 12
31 41 12
32 41 12
33 41 12
34 41 12
35 41 12
24 36 13
25 36 13
26 36 13
27 36 13
28 36 13
29 36 13
30 36 13
31 36 13
32 36 13
33 36 13
34 36 13
35 36 13
24 37 14
25 37 14
26 37 14
27 37 14
28 37 14
29 37 14
30 37 14
31 37 14
32 37 14
33 37 14
34 37 14
35 37 14
24 38 15
25 38 15
26 38 15
27 38 15
28 38 15
29 38 15
30 38 15
31 38 15
32 38 15
33 38 15
34 38 15
35 38 15
24 39 16
25 39 16
26 39 16
27 39 16
28 39 16
29 39 16
30 39 16
31 39 16
32 39 16
33 39 16
34 39 16
35 39 16
24 40 17
25 40 17
26 40 17
27 40 17
28 40 17
29 40 17
30 40 17
31 40 17
32 40 17
33 40 17
34 40 17
35 40 17
24 41 18
25 41 18
26 41 18
27 41 18
28 41 18
29 41 18
30 41 18
31 41 18
32 41 18
33 41 18
34 41 18
35 41 18
24 36 19
25 36 19
26 36 19
27 36 19
28 36 19
29 36 19
30 36 19
31 36 19
32 36 19
33 36 19
34 36 19
35 36 19
24 37 20
25 37 20
26 37 20
27 37 20
28 37 20
29 37 20
30 37 20
31 37 20
32 37 20
33 37 20
34 37 20
35 37 20
24 38 21
25 38 21
26 38 21
27 38 21
28 38 21
29 38 21
30 38 21
31 38 21
32 38 21
33 38 21
34 38 21
35 38 21
24 39 22
25 39 22
26 39 22
27 39 22
28 39 22
29 39 22
30 39 22
31 39 22
32 39 22
33 39 22
34 39 22
35 39 22
24 40 23
25 40 23
26 40 23
27 40 23
28 40 23
29 40 23
30 40 23
31 40 23
32 40 23
33 40 23
34 40 23
35 40 23
24 41 24
25 41 24
26 41 24
27 41 24
28 41 24
29 41 24
30 41 24
31 41 24
32 41 24
33 41 24
34 41 24
35 41 24
24 36 25
25 36 25
26 36 25
27 36 25
28 36 25
29 36 25
30 36 25
31 36 25
32 36 25
33 36 25
34 36 25
35 36 25
24 37 26
25 37 26
26 37 26
27 37 26
28 37 26
29 37 26
30 37 26
31 37 26
32 37 26
33 37 26
34 37 26
35 37 26
24 38 27
25 38 27
26 38 27
27 38 27
28 38 27
29 38 27
30 38 27
31 38 27
32 38 27
33 38 27
34 38 27
35 38 27
24 39 28
25 39 28
26 39 28
27 39 28
28 39 28
29 39 28
30 39 28
31 39 28
32 39 28
33 39 28
34 39 28
35 39 28
24 40 29
25 40 29
26 40 29
27 40 29
28 40 29
29 40 29
30 40 29
31 40 29
32 40 29
33 40 29
34 40 29
35 40 29
24 41 30
25 41 30
26 41 30
27 41 30
28 41 30
29 41 30
30 41 30
31 41 30
32 41 30
33 41 30
34 41 30
35 41 30
24 36 31
25 36 31
26 36 31
27 36 31
28 36 31
29 36 31
30 36 31
31 36 31
32 36 31
33 36 31
34 36 31
35 36 31
24 37 32
25 37 32
26 37 32
27 37 32
28 37 32
29 37 32
30 37 32
31 37 32
32 37 32
33 37 32
34 37 32
35 37 32
24 38 33
25 38 33
26 38 33
27 38 33
28 38 33
29 38 33
30 38 33
31 38 33
32 38 33
33 38 33
34 38 33
35 38 33
24 39 34
25 39 34
26 39 34
27 39 34
28 39 34
29 39 34
30 39 34
31 39 34
32 39 34
33 39 34
34 39 34
35 39 34
24 40 35
25 40 35
26 40 35
27 40 35
28 40 35
29 40 35
30 40 35
31 40 35
32 40 35
33 40 35
34 40 35
35 40 35
24 41 36
25 41 36
26 41 36
27 41 36
28 41 36
29 41 36
30 41 36
31 41 36
32 41 36
33 41 36
34 41 36
35 41 36
24 36 37
25 36 37
26 36 37
27 36 37
28 36 37
29 36 37
30 36 37
31 36 37
32 36 37
33 36 37
34 36 37
35 36 37
24 37 38
25 37 38
26 37 38
27 37 38
28 37 38
29 37 38
30 37 38
31 37 38
32 37 38
33 37 38
34 37 38
35 37 38
24 38 39
25 38 39
26 38 39
27 38 39
28 38 39
29 38 39
30 38 39
31 38 39
32 38 39
33 38 39
34 38 39
35 38 39
24 39 40
25 39 40
26 39 40
27 39 40
28 39 40
29 39 40
30 39 40
31 39 40
32 39 40
33 39 40
34 39 40
35 39 40
24 40 41
25 40 41
26 40 41
27 40 41
28 40 41
29 40 41
30 40 41
31 40 41
32 40 41
33 40 41
34 40 41
35 40 41
24 41 42
25 41 42
26 41 42
27 41 42
28 41 42
29 41 42
30 41 42
31 41 42
32 41 42
33 41 42
34 41 42
35 41 42
24 36 43
25 36 43
26 36 43
27 36 43
28 36 43
29 36 43
30 36 43
31 36 43
32 36 43
33 36 43
34 36 43
35 36 43
24 37 44
25 37 44
26 37 44
27 37 44
28 37 44
29 37 44
30 37 44
31 37 44
32 37 44
33 37 44
34 37 44
35 37 44
24 38 45
25 38 45
26 38 45
27 38 45
28 38 45
29 38 45
30 38 45
31 38 45
32 38 45
33 38 45
34 38 45
35 38 45
24 39 46
25 39 46
26 39 46
27 39 46
28 39 46
29 39 46
30 39 46
31 39 46
32 39 46
33 39 46
34 39 46
35 39 46
24 40 47
25 40 47
26 40 47
27 40 47
28 40 47
29 40 47
30 40 47
31 40 47
32 40 47
33 40 47
34 40 47
35 40 47
24 41 48
25 41 48
26 41 48
27 41 48
28 41 48
29 41 48
30 41 48
31 41 48
32 41 48
33 41 48
34 41 48
35 41 48
24 36 49
25 36 49
26 36 49
27 36 49
28 36 49
29 36 49
30 36 49
31 36 49
32 36 49
33 36 49
34 36 49
35 36 49
24 37 50
25 37 50
26 37 50
27 37 50
28 37 50
29 37 50
30 37 50
31 37 50
32 37 50
33 37 50
34 37 50
35 37 50
24 38 51
25 38 51
26 38 51
27 38 51
28 38 51
29 38 51
30 38 51
31 38 51
32 38 51
33 38 51
34 38 51
35 38 51
24 39 52
25 39 52
26 39 52
27 39 52
28 39 52
29 39 52
30 39 52
31 39 52
32 39 52
33 39 52
34 39 52
35 39 52
24 40 53
25 40 53
26 40 53
27 40 53
28 40 53
29 40 53
30 40 53
31 40 53
32 40 53
33 40 53
34 40 53
35 40 53
24 41 54
25 41 54
26 41 54
27 41 54
28 41 54
29 41 54
30 41 54
31 41 54
32 41 54
33 41 54
34 41 54
35 41 54
24 36 55
25 36 55
26 36 55
27 36 55
28 36 55
29 36 55
30 36 55
31 36 55
32 36 55
33 36 55
34 36 55
35 36 55
24 37 56
25 37 56
26 37 56
27 37 56
28 37 56
29 37 56
30 37 56
31 37 56
32 37 56
33 37 56
34 37 56
35 37 56
24 38 57
25 38 57
26 38 57
27 38 57
28 38 57
29 38 57
30 38 57
31 38 57
32 38 57
33 38 57
34 38 57
35 38 57
24 39 58
25 39 58
26 39 58
27 39 58
28 39 58
29 39 58
30 39 58
31 39 58
32 39 58
33 39 58
34 39 58
35 39 58
24 40 59
25 40 59
26 40 59
27 40 59
28 40 59
29 40 59
30 40 59
31 40 59
32 40 59
33 40 59
34 40 59
35 40 59
24 41 60
25 41 60
26 41 60
27 41 60
28 41 60
29 41 60
30 41 60
31 41 60
32 41 60
33 41 60
34 41 60
35 41 60
24 36 61
25 36 61
26 36 61
27 36 61
28 36 61
29 36 61
30 36 61
31 36 61
32 36 61
33 36 61
34 36 61
35 36 61
24 37 62
25 37 62
26 37 62
27 37 62
28 37 62
29 37 62
30 37 62
31 37 62
32 37 62
33 37 62
34 37 62
35 37 62
24 38 63
25 38 63
26 38 63
27 38 63
28 38 63
29 38 63
30 38 63
31 38 63
32 38 63
33 38 63
34 38 63
35 38 63
24 39 64
25 39 64
26 39 64
27 39 64
28 39 64
29 39 64
30 39 64
31 39 64
32 39 64
33 39 64
34 39 64
35 39 64
24 40 65
25 40 65
26 40 65
27 40 65
28 40 65
29 40 65
30 40 65
31 40 65
32 40 65
33 40 65
34 40 65
35 40 65
24 41 66
25 41 66
26 41 66
27 41 66
28 41 66
29 41 66
30 41 66
31 41 66
32 41 66
33 41 66
34 41 66
35 41 66
24 36 67
25 36 67
26 36 67
27 36 67
28 36 67
29 36 67
30 36 67
31 36 67
32 36 67
33 36 67
34 36 67
35 36 67
24 37 68
25 37 68
26 37 68
27 37 68
28 37 68
29 37 68
30 37 68
31 37 68
32 37 68
33 37 68
34 37 68
35 37 68
24 38 69
25 38 69
26 38 69
27 38 69
28 38 69
29 38 69
30 38 69
31 38 69
32 38 69
33 38 69
34 38 69
35 38 69
24 39 70
25 39 70
26 39 70
27 39 70
28 39 70
29 39 70
30 39 70
31 39 70
32 39 70
33 39 70
34 39 70
35 39 70
24 40 71
25 40 71
26 40 71
27 40 71
28 40 71
29 40 71
30 40 71
31 40 71
32 40 71
33 40 71
34 40 71
35 40 71
24 41 72
25 41 72
26 41 72
27 41 72
28 41 72
29 41 72
30 41 72
31 41 72
32 41 72
33 41 72
34 41 72
35 41 72
24 36 73
25 36 73
26 36 73
27 36 73
28 36 73
29 36 73
30 36 73
31 36 73
32 36 73
33 36 73
34 36 73
35 36 73
24 37 74
25 37 74
26 37 74
27 37 74
28 37 74
29 37 74
30 37 74
31 37 74
32 37 74
33 37 74
34 37 74
35 37 74
24 38 75
25 38 75
26 38 75
27 38 75
28 38 75
29 38 75
30 38 75
31 38 75
32 38 75
33 38 75
34 38 75
35 38 75
24 39 76
25 39 76
26 39 76
27 39 76
28 39 76
29 39 76
30 39 76
31 39 76
32 39 76
33 39 76
34 39 76
35 39 76
24 40 77
25 40 77
26 40 77
27 40 77
28 40 77
29 40 77
30 40 77
31 40 77
32 40 77
33 40 77
34 40 77
35 40 77
24 41 78
25 41 78
26 41 78
27 41 78
28 41 78
29 41 78
30 41 78
31 41 78
32 41 78
33 41 78
34 41 78
35 41 78
24 36 79
25 36 79
26 36 79
27 36 79
28 36 79
29 36 79
30 36 79
31 36 79
32 36 79
33 36 79
34 36 79
35 36 79
24 37 80
25 37 80
26 37 80
27 37 80
28 37 80
29 37 80
30 37 80
31 37 80
32 37 80
33 37 80
34 37 80
35 37 80
24 38 81
25 38 81
26 38 81
27 38 81
28 38 81
29 38 81
30 38 81
31 38 81
32 38 81
33 38 81
34 38 81
35 38 81
24 39 82
25 39 82
26 39 82
27 39 82
28 39 82
29 39 82
30 39 82
31 39 82
32 39 82
33 39 82
34 39 82
35 39 82
24 40 83
25 40 83
26 40 83
27 40 83
28 40 83
29 40 83
30 40 83
31 40 83
32 40 83
33 40 83
34 40 83
35 40 83
24 41 84
25 41 84
26 41 84
27 41 84
28 41 84
29 41 84
30 41 84
31 41 84
32 41 84
33 41 84
34 41 84
35 41 84
24 36 85
25 36 85
26 36 85
27 36 85
28 36 85
29 36 85
30 36 85
31 36 85
32 36 85
33 36 85
34 36 85
35 36 85
24 37 86
25 37 86
26 37 86
27 37 86
28 37 86
29 37 86
30 37 86
31 37 86
32 37 86
33 37 86
34 37 86
35 37 86
24 38 87
25 38 87
26 38 87
27 38 87
28 38 87
29 38 87
30 38 87
31 38 87
32 38 87
33 38 87
34 38 87
35 38 87
24 39 88
25 39 88
26 39 88
27 39 88
28 39 88
29 39 88
30 39 88
31 39 88
32 39 88
33 39 88
34 39 88
35 39 88
24 40 89
25 40 89
26 40 89
27 40 89
28 40 89
29 40 89
30 40 89
31 40 89
32 40 89
33 40 89
34 40 89
35 40 89
24 41 90
25 41 90
26 41 90
27 41 90
28 41 90
29 41 90
30 41 90
31 41 90
32 41 90
33 41 90
34 41 90
35 41 90
24 36 91
25 36 91
26 36 91
27 36 91
28 36 91
29 36 91
30 36 91
31 36 91
32 36 91
33 36 91
34 36 91
35 36 91
24 37 92
25 37 92
26 37 92
27 37 92
28 37 92
29 37 92
30 37 92
31 37 92
32 37 92
33 37 92
34 37 92
35 37 92
24 38 93
25 38 93
26 38 93
27 38 93
28 38 93
29 38 93
30 38 93
31 38 93
32 38 93
33 38 93
34 38 93
35 38 93
24 39 94
25 39 94
26 39 94
27 39 94
28 39 94
29 39 94
30 39 94
31 39 94
32 39 94
33 39 94
34 39 94
35 39 94
24 40 95
25 40 95
26 40 95
27 40 95
28 40 95
29 40 95
30 40 95
31 40 95
32 40 95
33 40 95
34 40 95
35 40 95
24 41 96
25 41 96
26 41 96
27 41 96
28 41 96
29 41 96
30 41 96
31 41 96
32 41 96
33 41 96
34 41 96
35 41 96
24 36 97
25 36 97
26 36 97
27 36 97
28 36 97
29 36 97
30 36 97
31 36 97
32 36 97
33 36 97
34 36 97
35 36 97
24 37 98
25 37 98
26 37 98
27 37 98
28 37 98
29 37 98
30 37 98
31 37 98
32 37 98
33 37 98
34 37 98
35 37 98
24 38 99
25 38 99
26 38 99
27 38 99
28 38 99
29 38 99
30 38 99
31 38 99
32 38 99
33 38 99
34 38 99
35 38 99
24 39 100
25 39 100
26 39 100
27 39 100
28 39 100
29 39 100
30 39 100
31 39 100
32 39 100
33 39 100
34 39 100
35 39 100
24 40 101
25 40 101
26 40 101
27 40 101
28 40 101
29 40 101
30 40 101
31 40 101
32 40 101
33 40 101
34 40 101
35 40 101
24 41 102
25 41 102
26 41 102
27 41 102
28 41 102
29 41 102
30 41 102
31 41 102
32 41 102
33 41 102
34 41 102
35 41 102
24 36 103
25 36 103
26 36 103
27 36 103
28 36 103
29 36 103
30 36 103
31 36 103
32 36 103
33 36 103
34 36 103
35 36 103
24 37 104
25 37 104
26 37 104
27 37 104
28 37 104
29 37 104
30 37 104
31 37 104
32 37 104
33 37 104
34 37 104
35 37 104
24 38 105
25 38 105
26 38 105
27 38 105
28 38 105
29 38 105
30 38 105
31 38 105
32 38 105
33 38 105
34 38 105
35 38 105
24 39 106
25 39 106
26 39 106
27 39 106
28 39 106
29 39 106
30 39 106
31 39 106
32 39 106
33 39 106
34 39 106
35 39 106
24 40 107
25 40 107
26 40 107
27 40 107
28 40 107
29 40 107
30 40 107
31 40 107
32 40 107
33 40 107
34 40 107
35 40 107
24 41 108
25 41 108
26 41 108
27 41 108
28 41 108
29 41 108
30 41 108
31 41 108
32 41 108
33 41 108
34 41 108
35 41 108
24 36 109
25 36 109
26 36 109
27 36 109
28 36 109
29 36 109
30 36 109
31 36 109
32 36 109
33 36 109
34 36 109
35 36 109
24 37 110
25 37 110
26 37 110
27 37 110
28 37 110
29 37 110
30 37 110
31 37 110
32 37 110
33 37 110
34 37 110
35 37 110
24 38 111
25 38 111
26 38 111
27 38 111
28 38 111
29 38 111
30 38 111
31 38 111
32 38 111
33 38 111
34 38 111
35 38 111
24 39 112
25 39 112
26 39 112
27 39 112
28 39 112
29 39 112
30 39 112
31 39 112
32 39 112
33 39 112
34 39 112
35 39 112
24 40 113
25 40 113
26 40 113
27 40 113
28 40 113
29 40 113
30 40 113
31 40 113
32 40 113
33 40 113
34 40 113
35 40 113
24 41 114
25 41 114
26 41 114
27 41 114
28 41 114
29 41 114
30 41 114
31 41 114
32 41 114
33 41 114
34 41 114
35 41 114
24 36 115
25 36 115
26 36 115
27 36 115
28 36 115
29 36 115
30 36 115
31 36 115
32 36 115
33 36 115
34 36 115
35 36 115
24 37 116
25 37 116
26 37 116
27 37 116
28 37 116
29 37 116
30 37 116
31 37 116
32 37 116
33 37 116
34 37 116
35 37 116
24 38 117
25 38 117
26 38 117
27 38 117
28 38 117
29 38 117
30 38 117
31 38 117
32 38 117
33 38 117
34 38 117
35 38 117
24 39 118
25 39 118
26 39 118
27 39 118
28 39 118
29 39 118
30 39 118
31 39 118
32 39 118
33 39 118
34 39 118
35 39 118
24 40 119
25 40 119
26 40 119
27 40 119
28 40 119
29 40 119
30 40 119
31 40 119
32 40 119
33 40 119
34 40 119
35 40 119
24 41 120
25 41 120
26 41 120
27 41 120
28 41 120
29 41 120
30 41 120
31 41 120
32 41 120
33 41 120
34 41 120
35 41 120
24 36 121
25 36 121
26 36 121
27 36 121
28 36 121
29 36 121
30 36 121
31 36 121
32 36 121
33 36 121
34 36 121
35 36 121
24 37 122
25 37 122
26 37 122
27 37 122
28 37 122
29 37 122
30 37 122
31 37 122
32 37 122
33 37 122
34 37 122
35 37 122
24 38 123
25 38 123
26 38 123
27 38 123
28 38 123
29 38 123
30 38 123
31 38 123
32 38 123
33 38 123
34 38 123
35 38 123
24 39 124
25 39 124
26 39 124
27 39 124
28 39 124
29 39 124
30 39 124
31 39 124
32 39 124
33 39 124
34 39 124
35 39 124
24 40 125
25 40 125
26 40 125
27 40 125
28 40 125
29 40 125
30 40 125
31 40 125
32 40 125
33 40 125
34 40 125
35 40 125
24 41 126
25 41 126
26 41 126
27 41 126
28 41 126
29 41 126
30 41 126
31 41 126
32 41 126
33 41 126
34 41 126
35 41 126
24 36 127
25 36 127
26 36 127
27 36 127
28 36 127
29 36 127
30 36 127
31 36 127
32 36 127
33 36 127
34 36 127
35 36 127
24 37 128
25 37 128
26 37 128
27 37 128
28 37 128
29 37 128
30 37 128
31 37 128
32 37 128
33 37 128
34 37 128
35 37 128
24 38 129
25 38 129
26 38 129
27 38 129
28 38 129
29 38 129
30 38 129
31 38 129
32 38 129
33 38 129
34 38 129
35 38 129
24 39 130
25 39 130
26 39 130
27 39 130
28 39 130
29 39 130
30 39 130
31 39 130
32 39 130
33 39 130
34 39 130
35 39 130
24 40 131
25 40 131
26 40 131
27 40 131
28 40 131
29 40 131
30 40 131
31 40 131
32 40 131
33 40 131
34 40 131
35 40 131
24 41 132
25 41 132
26 41 132
27 41 132
28 41 132
29 41 132
30 41 132
31 41 132
32 41 132
33 41 132
34 41 132
35 41 132
24 36 133
25 36 133
26 36 133
27 36 133
28 36 133
29 36 133
30 36 133
31 36 133
32 36 133
33 36 133
34 36 133
35 36 133
24 37 134
25 37 134
26 37 134
27 37 134
28 37 134
29 37 134
30 37 134
31 37 134
32 37 134
33 37 134
34 37 134
35 37 134
24 38 135
25 38 135
26 38 135
27 38 135
28 38 135
29 38 135
30 38 135
31 38 135
32 38 135
33 38 135
34 38 135
35 38 135
24 39 136
25 39 136
26 39 136
27 39 136
28 39 136
29 39 136
30 39 136
31 39 136
32 39 136
33 39 136
34 39 136
35 39 136
24 40 137
25 40 137
26 40 137
27 40 137
28 40 137
29 40 137
30 40 137
31 40 137
32 40 137
33 40 137
34 40 137
35 40 137
24 41 138
25 41 138
26 41 138
27 41 138
28 41 138
29 41 138
30 41 138
31 41 138
32 41 138
33 41 138
34 41 138
35 41 138
24 36 139
25 36 139
26 36 139
27 36 139
28 36 139
29 36 139
30 36 139
31 36 139
32 36 139
33 36 139
34 36 139
35 36 139
24 37 140
25 37 140
26 37 140
27 37 140
28 37 140
29 37 140
30 37 140
31 37 140
32 37 140
33 37 140
34 37 140
35 37 140
24 38 141
25 38 141
26 38 141
27 38 141
28 38 141
29 38 141
30 38 141
31 38 141
32 38 141
33 38 141
34 38 141
35 38 141
24 39 142
25 39 142
26 39 142
27 39 142
28 39 142
29 39 142
30 39 142
31 39 142
32 39 142
33 39 142
34 39 142
35 39 142
24 40 143
25 40 143
26 40 143
27 40 143
28 40 143
29 40 143
30 40 143
31 40 143
32 40 143
33 40 143
34 40 143
35 40 143
24 41 144
25 41 144
26 41 144
27 41 144
28 41 144
29 41 144
30 41 144
31 41 144
32 41 144
33 41 144
34 41 144
35 41 144
24 36 145
25 36 145
26 36 145
27 36 145
28 36 145
29 36 145
30 36 145
31 36 145
32 36 145
33 36 145
34 36 145
35 36 145
24 37 146
25 37 146
26 37 146
27 37 146
28 37 146
29 37 146
30 37 146
31 37 146
32 37 146
33 37 146
34 37 146
35 37 146
24 38 147
25 38 147
26 38 147
27 38 147
28 38 147
29 38 147
30 38 147
31 38 147
32 38 147
33 38 147
34 38 147
35 38 147
24 39 148
25 39 148
26 39 148
27 39 148
28 39 148
29 39 148
30 39 148
31 39 148
32 39 148
33 39 148
34 39 148
35 39 148
24 40 149
25 40 149
26 40 149
27 40 149
28 40 149
29 40 149
30 40 149
31 40 149
32 40 149
33 40 149
34 40 149
35 40 149
24 41 150
25 41 150
26 41 150
27 41 150
28 41 150
29 41 150
30 41 150
31 41 150
32 41 150
33 41 150
34 41 150
35 41 150
24 36 151
25 36 151
26 36 151
27 36 151
28 36 151
29 36 151
30 36 151
31 36 151
32 36 151
33 36 151
34 36 151
35 36 151
24 37 152
25 37 152
26 37 152
27 37 152
28 37 152
29 37 152
30 37 152
31 37 152
32 37 152
33 37 152
34 37 152
35 37 152
24 38 153
25 38 153
26 38 153
27 38 153
28 38 153
29 38 153
30 38 153
31 38 153
32 38 153
33 38 153
34 38 153
35 38 153
24 39 154
25 39 154
26 39 154
27 39 154
28 39 154
29 39 154
30 39 154
31 39 154
32 39 154
33 39 154
34 39 154
35 39 154
24 40 155
25 40 155
26 40 155
27 40 155
28 40 155
29 40 155
30 40 155
31 40 155
32 40 155
33 40 155
34 40 155
35 40 155
24 41 156
25 41 156
26 41 156
27 41 156
28 41 156
29 41 156
30 41 156
31 41 156
32 41 156
33 41 156
34 41 156
35 41 156
24 36 157
25 36 157
26 36 157
27 36 157
28 36 157
29 36 157
30 36 157
31 36 157
32 36 157
33 36 157
34 36 157
35 36 157
24 37 158
25 37 158
26 37 158
27 37 158
28 37 158
29 37 158
30 37 158
31 37 158
32 37 158
33 37 158
34 37 158
35 37 158
24 38 159
25 38 159
26 38 159
27 38 159
28 38 159
29 38 159
30 38 159
31 38 159
32 38 159
33 38 159
34 38 159
35 38 159
24 39 160
25 39 160
26 39 160
27 39 160
28 39 160
29 39 160
30 39 160
31 39 160
32 39 160
33 39 160
34 39 160
35 39 160
24 40 161
25 40 161
26 40 161
27 40 161
28 40 161
29 40 161
30 40 161
31 40 161
32 40 161
33 40 161
34 40 161
35 40 161
24 41 162
25 41 162
26 41 162
27 41 162
28 41 162
29 41 162
30 41 162
31 41 162
32 41 162
33 41 162
34 41 162
35 41 162
24 36 163
25 36 163
26 36 163
27 36 163
28 36 163
29 36 163
30 36 163
31 36 163
32 36 163
33 36 163
34 36 163
35 36 163
24 37 164
25 37 164
26 37 164
27 37 164
28 37 164
29 37 164
30 37 164
31 37 164
32 37 164
33 37 164
34 37 164
35 37 164
24 38 165
25 38 165
26 38 165
27 38 165
28 38 165
29 38 165
30 38 165
31 38 165
32 38 165
33 38 165
34 38 165
35 38 165
24 39 166
25 39 166
26 39 166
27 39 166
28 39 166
29 39 166
30 39 166
31 39 166
32 39 166
33 39 166
34 39 166
35 39 166
24 40 167
25 40 167
26 40 167
27 40 167
28 40 167
29 40 167
30 40 167
31 40 167
32 40 167
33 40 167
34 40 167
35 40 167
24 41 168
25 41 168
26 41 168
27 41 168
28 41 168
29 41 168
30 41 168
31 41 168
32 41 168
33 41 168
34 41 168
35 41 168
24 36 169
25 36 169
26 36 169
27 36 169
28 36 169
29 36 169
30 36 169
31 36 169
32 36 169
33 36 169
34 36 169
35 36 169
24 37 170
25 37 170
26 37 170
27 37 170
28 37 170
29 37 170
30 37 170
31 37 170
32 37 170
33 37 170
34 37 170
35 37 170
24 38 171
25 38 171
26 38 171
27 38 171
28 38 171
29 38 171
30 38 171
31 38 171
32 38 171
33 38 171
34 38 171
35 38 171
24 39 172
25 39 172
26 39 172
27 39 172
28 39 172
29 39 172
30 39 172
31 39 172
32 39 172
33 39 172
34 39 172
35 39 172
24 40 173
25 40 173
26 40 173
27 40 173
28 40 173
29 40 173
30 40 173
31 40 173
32 40 173
33 40 173
34 40 173
35 40 173
24 41 174
25 41 174
26 41 174
27 41 174
28 41 174
29 41 174
30 41 174
31 41 174
32 41 174
33 41 174
34 41 174
35 41 174
24 36 175
25 36 175
26 36 175
27 36 175
28 36 175
29 36 175
30 36 175
31 36 175
32 36 175
33 36 175
34 36 175
35 36 175
24 37 176
25 37 176
26 37 176
27 37 176
28 37 176
29 37 176
30 37 176
31 37 176
32 37 176
33 37 176
34 37 176
35 37 176
24 38 177
25 38 177
26 38 177
27 38 177
28 38 177
29 38 177
30 38 177
31 38 177
32 38 177
33 38 177
34 38 177
35 38 177
24 39 178
25 39 178
26 39 178
27 39 178
28 39 178
29 39 178
30 39 178
31 39 178
32 39 178
33 39 178
34 39 178
35 39 178
24 40 179
25 40 179
26 40 179
27 40 179
28 40 179
29 40 179
30 40 179
31 40 179
32 40 179
33 40 179
34 40 179
35 40 179
24 41 180
25 41 180
26 41 180
27 41 180
28 41 180
29 41 180
30 41 180
31 41 180
32 41 180
33 41 180
34 41 180
35 41 180
24 36 181
25 36 181
26 36 181
27 36 181
28 36 181
29 36 181
30 36 181
31 36 181
32 36 181
33 36 181
34 36 181
35 36 181
24 37 182
25 37 182
26 37 182
27 37 182
28 37 182
29 37 182
30 37 182
31 37 182
32 37 182
33 37 182
34 37 182
35 37 182
24 38 183
25 38 183
26 38 183
27 38 183
28 38 183
29 38 183
30 38 183
31 38 183
32 38 183
33 38 183
34 38 183
35 38 183
24 39 184
25 39 184
26 39 184
27 39 184
28 39 184
29 39 184
30 39 184
31 39 184
32 39 184
33 39 184
34 39 184
35 39 184
24 40 185
25 40 185
26 40 185
27 40 185
28 40 185
29 40 185
30 40 185
31 40 185
32 40 185
33 40 185
34 40 185
35 40 185
24 41 186
25 41 186
26 41 186
27 41 186
28 41 186
29 41 186
30 41 186
31 41 186
32 41 186
33 41 186
34 41 186
35 41 186
24 36 187
25 36 187
26 36 187
27 36 187
28 36 187
29 36 187
30 36 187
31 36 187
32 36 187
33 36 187
34 36 187
35 36 187
24 37 188
25 37 188
26 37 188
27 37 188
28 37 188
29 37 188
30 37 188
31 37 188
32 37 188
33 37 188
34 37 188
35 37 188
24 38 189
25 38 189
26 38 189
27 38 189
28 38 189
29 38 189
30 38 189
31 38 189
32 38 189
33 38 189
34 38 189
35 38 189
24 39 190
25 39 190
26 39 190
27 39 190
28 39 190
29 39 190
30 39 190
31 39 190
32 39 190
33 39 190
34 39 190
35 39 190
24 40 191
25 40 191
26 40 191
27 40 191
28 40 191
29 40 191
30 40 191
31 40 191
32 40 191
33 40 191
34 40 191
35 40 191
24 41 192
25 41 192
26 41 192
27 41 192
28 41 192
29 41 192
30 41 192
31 41 192
32 41 192
33 41 192
34 41 192
35 41 192
24 36 193
25 36 193
26 36 193
27 36 193
28 36 193
29 36 193
30 36 193
31 36 193
32 36 193
33 36 193
34 36 193
35 36 193
24 37 194
25 37 194
26 37 194
27 37 194
28 37 194
29 37 194
30 37 194
31 37 194
32 37 194
33 37 194
34 37 194
35 37 194
24 38 195
25 38 195
26 38 195
27 38 195
28 38 195
29 38 195
30 38 195
31 38 195
32 38 195
33 38 195
34 38 195
35 38 195
24 39 196
25 39 196
26 39 196
27 39 196
28 39 196
29 39 196
30 39 196
31 39 196
32 39 196
33 39 196
34 39 196
35 39 196
24 40 197
25 40 197
26 40 197
27 40 197
28 40 197
29 40 197
30 40 197
31 40 197
32 40 197
33 40 197
34 40 197
35 40 197
24 41 198
25 41 198
26 41 198
27 41 198
28 41 198
29 41 198
30 41 198
31 41 198
32 41 198
33 41 198
34 41 198
35 41 198
24 36 199
25 36 199
26 36 199
27 36 199
28 36 199
29 36 199
30 36 199
31 36 199
32 36 199
33 36 199
34 36 199
35 36 199
24 37 200
25 37 200
26 37 200
27 37 200
28 37 200
29 37 200
30 37 200
31 37 200
32 37 200
33 37 200
34 37 200
35 37 200
24 38 201
25 38 201
26 38 201
27 38 201
28 38 201
29 38 201
30 38 201
31 38 201
32 38 201
33 38 201
34 38 201
35 38 201
24 39 202
25 39 202
26 39 202
27 39 202
28 39 202
29 39 202
30 39 202
31 39 202
32 39 202
33 39 202
34 39 202
35 39 202
24 40 203
25 40 203
26 40 203
27 40 203
28 40 203
29 40 203
30 40 203
31 40 203
32 40 203
33 40 203
34 40 203
35 40 203
24 41 204
25 41 204
26 41 204
27 41 204
28 41 204
29 41 204
30 41 204
31 41 204
32 41 204
33 41 204
34 41 204
35 41 204
24 36 205
25 36 205
26 36 205
27 36 205
28 36 205
29 36 205
30 36 205
31 36 205
32 36 205
33 36 205
34 36 205
35 36 205
24 37 206
25 37 206
26 37 206
27 37 206
28 37 206
29 37 206
30 37 206
31 37 206
32 37 206
33 37 206
34 37 206
35 37 206
24 38 207
25 38 207
26 38 207
27 38 207
28 38 207
29 38 207
30 38 207
31 38 207
32 38 207
33 38 207
34 38 207
35 38 207
24 39 208
25 39 208
26 39 208
27 39 208
28 39 208
29 39 208
30 39 208
31 39 208
32 39 208
33 39 208
34 39 208
35 39 208
24 40 209
25 40 209
26 40 209
27 40 209
28 40 209
29 40 209
30 40 209
31 40 209
32 40 209
33 40 209
34 40 209
35 40 209
24 41 210
25 41 210
26 41 210
27 41 210
28 41 210
29 41 210
30 41 210
31 41 210
32 41 210
33 41 210
34 41 210
35 41 210
24 36 211
25 36 211
26 36 211
27 36 211
28 36 211
29 36 211
30 36 211
31 36 211
32 36 211
33 36 211
34 36 211
35 36 211
24 37 212
25 37 212
26 37 212
27 37 212
28 37 212
29 37 212
30 37 212
31 37 212
32 37 212
33 37 212
34 37 212
35 37 212
24 38 213
25 38 213
26 38 213
27 38 213
28 38 213
29 38 213
30 38 213
31 38 213
32 38 213
33 38 213
34 38 213
35 38 213
24 39 214
25 39 214
26 39 214
27 39 214
28 39 214
29 39 214
30 39 214
31 39 214
32 39 214
33 39 214
34 39 214
35 39 214
24 40 215
25 40 215
26 40 215
27 40 215
28 40 215
29 40 215
30 40 215
31 40 215
32 40 215
33 40 215
34 40 215
35 40 215
24 41 216
25 41 216
26 41 216
27 41 216
28 41 216
29 41 216
30 41 216
31 41 216
32 41 216
33 41 216
34 41 216
35 41 216
24 36 217
25 36 217
26 36 217
27 36 217
28 36 217
29 36 217
30 36 217
31 36 217
32 36 217
33 36 217
34 36 217
35 36 217
24 37 218
25 37 218
26 37 218
27 37 218
28 37 218
29 37 218
30 37 218
31 37 218
32 37 218
33 37 218
34 37 218
35 37 218
24 38 219
25 38 219
26 38 219
27 38 219
28 38 219
29 38 219
30 38 219
31 38 219
32 38 219
33 38 219
34 38 219
35 38 219
24 39 220
25 39 220
26 39 220
27 39 220
28 39 220
29 39 220
30 39 220
31 39 220
32 39 220
33 39 220
34 39 220
35 39 220
24 40 221
25 40 221
26 40 221
27 40 221
28 40 221
29 40 221
30 40 221
31 40 221
32 40 221
33 40 221
34 40 221
35 40 221
24 41 222
25 41 222
26 41 222
27 41 222
28 41 222
29 41 222
30 41 222
31 41 222
32 41 222
33 41 222
34 41 222
35 41 222
24 36 223
25 36 223
26 36 223
27 36 223
28 36 223
29 36 223
30 36 223
31 36 223
32 36 223
33 36 223
34 36 223
35 36 223
24 37 224
25 37 224
26 37 224
27 37 224
28 37 224
29 37 224
30 37 224
31 37 224
32 37 224
33 37 224
34 37 224
35 37 224
24 38 225
25 38 225
26 38 225
27 38 225
28 38 225
29 38 225
30 38 225
31 38 225
32 38 225
33 38 225
34 38 225
35 38 225
24 39 226
25 39 226
26 39 226
27 39 226
28 39 226
29 39 226
30 39 226
31 39 226
32 39 226
33 39 226
34 39 226
35 39 226
24 40 227
25 40 227
26 40 227
27 40 227
28 40 227
29 40 227
30 40 227
31 40 227
32 40 227
33 40 227
34 40 227
35 40 227
24 41 228
25 41 228
26 41 228
27 41 228
28 41 228
29 41 228
30 41 228
31 41 228
32 41 228
33 41 228
34 41 228
35 41 228
24 36 229
25 36 229
26 36 229
27 36 229
28 36 229
29 36 229
30 36 229
31 36 229
32 36 229
33 36 229
34 36 229
35 36 229
24 37 230
25 37 230
26 37 230
27 37 230
28 37 230
29 37 230
30 37 230
31 37 230
32 37 230
33 37 230
34 37 230
35 37 230
24 38 231
25 38 231
26 38 231
27 38 231
28 38 231
29 38 231
30 38 231
31 38 231
32 38 231
33 38 231
34 38 231
35 38 231
24 39 232
25 39 232
26 39 232
27 39 232
28 39 232
29 39 232
30 39 232
31 39 232
32 39 232
33 39 232
34 39 232
35 39 232
24 40 233
25 40 233
26 40 233
27 40 233
28 40 233
29 40 233
30 40 233
31 40 233
32 40 233
33 40 233
34 40 233
35 40 233
24 41 234
25 41 234
26 41 234
27 41 234
28 41 234
29 41 234
30 41 234
31 41 234
32 41 234
33 41 234
34 41 234
35 41 234
24 36 235
25 36 235
26 36 235
27 36 235
28 36 235
29 36 235
30 36 235
31 36 235
32 36 235
33 36 235
34 36 235
35 36 235
24 37 236
25 37 236
26 37 236
27 37 236
28 37 236
29 37 236
30 37 236
31 37 236
32 37 236
33 37 236
34 37 236
35 37 236
24 38 237
25 38 237
26 38 237
27 38 237
28 38 237
29 38 237
30 38 237
31 38 237
32 38 237
33 38 237
34 38 237
35 38 237
24 39 238
25 39 238
26 39 238
27 39 238
28 39 238
29 39 238
30 39 238
31 39 238
32 39 238
33 39 238
34 39 238
35 39 238
24 40 239
25 40 239
26 40 239
27 40 239
28 40 239
29 40 239
30 40 239
31 40 239
32 40 239
33 40 239
34 40 239
35 40 239
24 41 240
25 41 240
26 41 240
27 41 240
28 41 240
29 41 240
30 41 240
31 41 240
32 41 240
33 41 240
34 41 240
35 41 240
24 36 241
25 36 241
26 36 241
27 36 241
28 36 241
29 36 241
30 36 241
31 36 241
32 36 241
33 36 241
34 36 241
35 36 241
24 37 242
25 37 242
26 37 242
27 37 242
28 37 242
29 37 242
30 37 242
31 37 242
32 37 242
33 37 242
34 37 242
35 37 242
24 38 243
25 38 243
26 38 243
27 38 243
28 38 243
29 38 243
30 38 243
31 38 243
32 38 243
33 38 243
34 38 243
35 38 243
24 39 244
25 39 244
26 39 244
27 39 244
28 39 244
29 39 244
30 39 244
31 39 244
32 39 244
33 39 244
34 39 244
35 39 244
24 40 245
25 40 245
26 40 245
27 40 245
28 40 245
29 40 245
30 40 245
31 40 245
32 40 245
33 40 245
34 40 245
35 40 245
24 41 246
25 41 246
26 41 246
27 41 246
28 41 246
29 41 246
30 41 246
31 41 246
32 41 246
33 41 246
34 41 246
35 41 246
24 36 247
25 36 247
26 36 247
27 36 247
28 36 247
29 36 247
30 36 247
31 36 247
32 36 247
33 36 247
34 36 247
35 36 247
24 37 248
25 37 248
26 37 248
27 37 248
28 37 248
29 37 248
30 37 248
31 37 248
32 37 248
33 37 248
34 37 248
35 37 248
24 38 249
25 38 249
26 38 249
27 38 249
28 38 249
29 38 249
30 38 249
31 38 249
32 38 249
33 38 249
34 38 249
35 38 249
24 39 250
25 39 250
26 39 250
27 39 250
28 39 250
29 39 250
30 39 250
31 39 250
32 39 250
33 39 250
34 39 250
35 39 250
24 40 251
25 40 251
26 40 251
27 40 251
28 40 251
29 40 251
30 40 251
31 40 251
32 40 251
33 40 251
34 40 251
35 40 251
24 41 252
25 41 252
26 41 252
27 41 252
28 41 252
29 41 252
30 41 252
31 41 252
32 41 252
33 41 252
34 41 252
35 41 252
24 36 253
25 36 253
26 36 253
27 36 253
28 36 253
29 36 253
30 36 253
31 36 253
32 36 253
33 36 253
34 36 253
35 36 253
24 37 254
25 37 254
26 37 254
27 37 254
28 37 254
29 37 254
30 37 254
31 37 254
32 37 254
33 37 254
34 37 254
35 37 254
24 38 255
25 38 255
26 38 255
27 38 255
28 38 255
29 38 255
30 38 255
31 38 255
32 38 255
33 38 255
34 38 255
35 38 255
24 39 256
25 39 256
26 39 256
27 39 256
28 39 256
29 39 256
30 39 256
31 39 256
32 39 256
33 39 256
34 39 256
35 39 256
24 40 257
25 40 257
26 40 257
27 40 257
28 40 257
29 40 257
30 40 257
31 40 257
32 40 257
33 40 257
34 40 257
35 40 257
24 41 258
25 41 258
26 41 258
27 41 258
28 41 258
29 41 258
30 41 258
31 41 258
32 41 258
33 41 258
34 41 258
35 41 258
24 36 259
25 36 259
26 36 259
27 36 259
28 36 259
29 36 259
30 36 259
31 36 259
32 36 259
33 36 259
34 36 259
35 36 259
24 37 260
25 37 260
26 37 260
27 37 260
28 37 260
29 37 260
30 37 260
31 37 260
32 37 260
33 37 260
34 37 260
35 37 260
24 38 261
25 38 261
26 38 261
27 38 261
28 38 261
29 38 261
30 38 261
31 38 261
32 38 261
33 38 261
34 38 261
35 38 261
24 39 262
25 39 262
26 39 262
27 39 262
28 39 262
29 39 262
30 39 262
31 39 262
32 39 262
33 39 262
34 39 262
35 39 262
24 40 263
25 40 263
26 40 263
27 40 263
28 40 263
29 40 263
30 40 263
31 40 263
32 40 263
33 40 263
34 40 263
35 40 263
24 41 264
25 41 264
26 41 264
27 41 264
28 41 264
29 41 264
30 41 264
31 41 264
32 41 264
33 41 264
34 41 264
35 41 264
24 36 265
25 36 265
26 36 265
27 36 265
28 36 265
29 36 265
30 36 265
31 36 265
32 36 265
33 36 265
34 36 265
35 36 265
24 37 266
25 37 266
26 37 266
27 37 266
28 37 266
29 37 266
30 37 266
31 37 266
32 37 266
33 37 266
34 37 266
35 37 266
24 38 267
25 38 267
26 38 267
27 38 267
28 38 267
29 38 267
30 38 267
31 38 267
32 38 267
33 38 267
34 38 267
35 38 267
24 39 268
25 39 268
26 39 268
27 39 268
28 39 268
29 39 268
30 39 268
31 39 268
32 39 268
33 39 268
34 39 268
35 39 268
24 40 269
25 40 269
26 40 269
27 40 269
28 40 269
29 40 269
30 40 269
31 40 269
32 40 269
33 40 269
34 40 269
35 40 269
24 41 270
25 41 270
26 41 270
27 41 270
28 41 270
29 41 270
30 41 270
31 41 270
32 41 270
33 41 270
34 41 270
35 41 270
24 36 271
25 36 271
26 36 271
27 36 271
28 36 271
29 36 271
30 36 271
31 36 271
32 36 271
33 36 271
34 36 271
35 36 271
24 37 272
25 37 272
26 37 272
27 37 272
28 37 272
29 37 272
30 37 272
31 37 272
32 37 272
33 37 272
34 37 272
35 37 272
24 38 273
25 38 273
26 38 273
27 38 273
28 38 273
29 38 273
30 38 273
31 38 273
32 38 273
33 38 273
34 38 273
35 38 273
24 39 274
25 39 274
26 39 274
27 39 274
28 39 274
29 39 274
30 39 274
31 39 274
32 39 274
33 39 274
34 39 274
35 39 274
24 40 275
25 40 275
26 40 275
27 40 275
28 40 275
29 40 275
30 40 275
31 40 275
32 40 275
33 40 275
34 40 275
35 40 275
24 41 276
25 41 276
26 41 276
27 41 276
28 41 276
29 41 276
30 41 276
31 41 276
32 41 276
33 41 276
34 41 276
35 41 276
24 36 277
25 36 277
26 36 277
27 36 277
28 36 277
29 36 277
30 36 277
31 36 277
32 36 277
33 36 277
34 36 277
35 36 277
24 37 278
25 37 278
26 37 278
27 37 278
28 37 278
29 37 278
30 37 278
31 37 278
32 37 278
33 37 278
34 37 278
35 37 278
24 38 279
25 38 279
26 38 279
27 38 279
28 38 279
29 38 279
30 38 279
31 38 279
32 38 279
33 38 279
34 38 279
35 38 279
24 39 280
25 39 280
26 39 280
27 39 280
28 39 280
29 39 280
30 39 280
31 39 280
32 39 280
33 39 280
34 39 280
35 39 280
24 40 281
25 40 281
26 40 281
27 40 281
28 40 281
29 40 281
30 40 281
31 40 281
32 40 281
33 40 281
34 40 281
35 40 281
24 41 282
25 41 282
26 41 282
27 41 282
28 41 282
29 41 282
30 41 282
31 41 282
32 41 282
33 41 282
34 41 282
35 41 282
24 36 283
25 36 283
26 36 283
27 36 283
28 36 283
29 36 283
30 36 283
31 36 283
32 36 283
33 36 283
34 36 283
35 36 283
24 37 284
25 37 284
26 37 284
27 37 284
28 37 284
29 37 284
30 37 284
31 37 284
32 37 284
33 37 284
34 37 284
35 37 284
24 38 285
25 38 285
26 38 285
27 38 285
28 38 285
29 38 285
30 38 285
31 38 285
32 38 285
33 38 285
34 38 285
35 38 285
24 39 286
25 39 286
26 39 286
27 39 286
28 39 286
29 39 286
30 39 286
31 39 286
32 39 286
33 39 286
34 39 286
35 39 286
24 40 287
25 40 287
26 40 287
27 40 287
28 40 287
29 40 287
30 40 287
31 40 287
32 40 287
33 40 287
34 40 287
35 40 287
24 41 288
25 41 288
26 41 288
27 41 288
28 41 288
29 41 288
30 41 288
31 41 288
32 41 288
33 41 288
34 41 288
35 41 288
24 36 289
25 36 289
26 36 289
27 36 289
28 36 289
29 36 289
30 36 289
31 36 289
32 36 289
33 36 289
34 36 289
35 36 289
24 37 290
25 37 290
26 37 290
27 37 290
28 37 290
29 37 290
30 37 290
31 37 290
32 37 290
33 37 290
34 37 290
35 37 290
24 38 291
25 38 291
26 38 291
27 38 291
28 38 291
29 38 291
30 38 291
31 38 291
32 38 291
33 38 291
34 38 291
35 38 291
24 39 292
25 39 292
26 39 292
27 39 292
28 39 292
29 39 292
30 39 292
31 39 292
32 39 292
33 39 292
34 39 292
35 39 292
24 40 293
25 40 293
26 40 293
27 40 293
28 40 293
29 40 293
30 40 293
31 40 293
32 40 293
33 40 293
34 40 293
35 40 293
24 41 294
25 41 294
26 41 294
27 41 294
28 41 294
29 41 294
30 41 294
31 41 294
32 41 294
33 41 294
34 41 294
35 41 294
24 36 295
25 36 295
26 36 295
27 36 295
28 36 295
29 36 295
30 36 295
31 36 295
32 36 295
33 36 295
34 36 295
35 36 295
24 37 296
25 37 296
26 37 296
27 37 296
28 37 296
29 37 296
30 37 296
31 37 296
32 37 296
33 37 296
34 37 296
35 37 296
24 38 297
25 38 297
26 38 297
27 38 297
28 38 297
29 38 297
30 38 297
31 38 297
32 38 297
33 38 297
34 38 297
35 38 297
24 39 298
25 39 298
26 39 298
27 39 298
28 39 298
29 39 298
30 39 298
31 39 298
32 39 298
33 39 298
34 39 298
35 39 298
24 40 299
25 40 299
26 40 299
27 40 299
28 40 299
29 40 299
30 40 299
31 40 299
32 40 299
33 40 299
34 40 299
35 40 299
24 41 300
25 41 300
26 41 300
27 41 300
28 41 300
29 41 300
30 41 300
31 41 300
32 41 300
33 41 300
34 41 300
35 41 300
24 36 301
25 36 301
26 36 301
27 36 301
28 36 301
29 36 301
30 36 301
31 36 301
32 36 301
33 36 301
34 36 301
35 36 301
24 37 302
25 37 302
26 37 302
27 37 302
28 37 302
29 37 302
30 37 302
31 37 302
32 37 302
33 37 302
34 37 302
35 37 302
24 38 303
25 38 303
26 38 303
27 38 303
28 38 303
29 38 303
30 38 303
31 38 303
32 38 303
33 38 303
34 38 303
35 38 303
24 39 304
25 39 304
26 39 304
27 39 304
28 39 304
29 39 304
30 39 304
31 39 304
32 39 304
33 39 304
34 39 304
35 39 304
24 40 305
25 40 305
26 40 305
27 40 305
28 40 305
29 40 305
30 40 305
31 40 305
32 40 305
33 40 305
34 40 305
35 40 305
24 41 306
25 41 306
26 41 306
27 41 306
28 41 306
29 41 306
30 41 306
31 41 306
32 41 306
33 41 306
34 41 306
35 41 306
24 36 307
25 36 307
26 36 307
27 36 307
28 36 307
29 36 307
30 36 307
31 36 307
32 36 307
33 36 307
34 36 307
35 36 307
24 37 308
25 37 308
26 37 308
27 37 308
28 37 308
29 37 308
30 37 308
31 37 308
32 37 308
33 37 308
34 37 308
35 37 308
24 38 309
25 38 309
26 38 309
27 38 309
28 38 309
29 38 309
30 38 309
31 38 309
32 38 309
33 38 309
34 38 309
35 38 309
24 39 310
25 39 310
26 39 310
27 39 310
28 39 310
29 39 310
30 39 310
31 39 310
32 39 310
33 39 310
34 39 310
35 39 310
24 40 311
25 40 311
26 40 311
27 40 311
28 40 311
29 40 311
30 40 311
31 40 311
32 40 311
33 40 311
34 40 311
35 40 311
24 41 312
25 41 312
26 41 312
27 41 312
28 41 312
29 41 312
30 41 312
31 41 312
32 41 312
33 41 312
34 41 312
35 41 312
24 36 313
25 36 313
26 36 313
27 36 313
28 36 313
29 36 313
30 36 313
31 36 313
32 36 313
33 36 313
34 36 313
35 36 313
24 37 314
25 37 314
26 37 314
27 37 314
28 37 314
29 37 314
30 37 314
31 37 314
32 37 314
33 37 314
34 37 314
35 37 314
24 38 315
25 38 315
26 38 315
27 38 315
28 38 315
29 38 315
30 38 315
31 38 315
32 38 315
33 38 315
34 38 315
35 38 315
24 39 316
25 39 316
26 39 316
27 39 316
28 39 316
29 39 316
30 39 316
31 39 316
32 39 316
33 39 316
34 39 316
35 39 316
24 40 317
25 40 317
26 40 317
27 40 317
28 40 317
29 40 317
30 40 317
31 40 317
32 40 317
33 40 317
34 40 317
35 40 317
24 41 318
25 41 318
26 41 318
27 41 318
28 41 318
29 41 318
30 41 318
31 41 318
32 41 318
33 41 318
34 41 318
35 41 318
24 36 319
25 36 319
26 36 319
27 36 319
28 36 319
29 36 319
30 36 319
31 36 319
32 36 319
33 36 319
34 36 319
35 36 319
24 37 320
25 37 320
26 37 320
27 37 320
28 37 320
29 37 320
30 37 320
31 37 320
32 37 320
33 37 320
34 37 320
35 37 320
24 38 321
25 38 321
26 38 321
27 38 321
28 38 321
29 38 321
30 38 321
31 38 321
32 38 321
33 38 321
34 38 321
35 38 321
24 39 322
25 39 322
26 39 322
27 39 322
28 39 322
29 39 322
30 39 322
31 39 322
32 39 322
33 39 322
34 39 322
35 39 322
24 40 323
25 40 323
26 40 323
27 40 323
28 40 323
29 40 323
30 40 323
31 40 323
32 40 323
33 40 323
34 40 323
35 40 323
24 41 324
25 41 324
26 41 324
27 41 324
28 41 324
29 41 324
30 41 324
31 41 324
32 41 324
33 41 324
34 41 324
35 41 324
24 36 325
25 36 325
26 36 325
27 36 325
28 36 325
29 36 325
30 36 325
31 36 325
32 36 325
33 36 325
34 36 325
35 36 325
24 37 326
25 37 326
26 37 326
27 37 326
28 37 326
29 37 326
30 37 326
31 37 326
32 37 326
33 37 326
34 37 326
35 37 326
24 38 327
25 38 327
26 38 327
27 38 327
28 38 327
29 38 327
30 38 327
31 38 327
32 38 327
33 38 327
34 38 327
35 38 327
24 39 328
25 39 328
26 39 328
27 39 328
28 39 328
29 39 328
30 39 328
31 39 328
32 39 328
33 39 328
34 39 328
35 39 328
24 40 329
25 40 329
26 40 329
27 40 329
28 40 329
29 40 329
30 40 329
31 40 329
32 40 329
33 40 329
34 40 329
35 40 329
24 41 330
25 41 330
26 41 330
27 41 330
28 41 330
29 41 330
30 41 330
31 41 330
32 41 330
33 41 330
34 41 330
35 41 330
24 36 331
25 36 331
26 36 331
27 36 331
28 36 331
29 36 331
30 36 331
31 36 331
32 36 331
33 36 331
34 36 331
35 36 331
24 37 332
25 37 332
26 37 332
27 37 332
28 37 332
29 37 332
30 37 332
31 37 332
32 37 332
33 37 332
34 37 332
35 37 332
24 38 333
25 38 333
26 38 333
27 38 333
28 38 333
29 38 333
30 38 333
31 38 333
32 38 333
33 38 333
34 38 333
35 38 333
24 39 334
25 39 334
26 39 334
27 39 334
28 39 334
29 39 334
30 39 334
31 39 334
32 39 334
33 39 334
34 39 334
35 39 334
24 40 335
25 40 335
26 40 335
27 40 335
28 40 335
29 40 335
30 40 335
31 40 335
32 40 335
33 40 335
34 40 335
35 40 335
24 41 336
25 41 336
26 41 336
27 41 336
28 41 336
29 41 336
30 41 336
31 41 336
32 41 336
33 41 336
34 41 336
35 41 336
24 36 337
25 36 337
26 36 337
27 36 337
28 36 337
29 36 337
30 36 337
31 36 337
32 36 337
33 36 337
34 36 337
35 36 337
24 37 338
25 37 338
26 37 338
27 37 338
28 37 338
29 37 338
30 37 338
31 37 338
32 37 338
33 37 338
34 37 338
35 37 338
24 38 339
25 38 339
26 38 339
27 38 339
28 38 339
29 38 339
30 38 339
31 38 339
32 38 339
33 38 339
34 38 339
35 38 339
24 39 340
25 39 340
26 39 340
27 39 340
28 39 340
29 39 340
30 39 340
31 39 340
32 39 340
33 39 340
34 39 340
35 39 340
24 40 341
25 40 341
26 40 341
27 40 341
28 40 341
29 40 341
30 40 341
31 40 341
32 40 341
33 40 341
34 40 341
35 40 341
24 41 342
25 41 342
26 41 342
27 41 342
28 41 342
29 41 342
30 41 342
31 41 342
32 41 342
33 41 342
34 41 342
35 41 342
24 36 343
25 36 343
26 36 343
27 36 343
28 36 343
29 36 343
30 36 343
31 36 343
32 36 343
33 36 343
34 36 343
35 36 343
24 37 344
25 37 344
26 37 344
27 37 344
28 37 344
29 37 344
30 37 344
31 37 344
32 37 344
33 37 344
34 37 344
35 37 344
24 38 345
25 38 345
26 38 345
27 38 345
28 38 345
29 38 345
30 38 345
31 38 345
32 38 345
33 38 345
34 38 345
35 38 345
24 39 346
25 39 346
26 39 346
27 39 346
28 39 346
29 39 346
30 39 346
31 39 346
32 39 346
33 39 346
34 39 346
35 39 346
24 40 347
25 40 347
26 40 347
27 40 347
28 40 347
29 40 347
30 40 347
31 40 347
32 40 347
33 40 347
34 40 347
35 40 347
24 41 348
25 41 348
26 41 348
27 41 348
28 41 348
29 41 348
30 41 348
31 41 348
32 41 348
33 41 348
34 41 348
35 41 348
24 36 349
25 36 349
26 36 349
27 36 349
28 36 349
29 36 349
30 36 349
31 36 349
32 36 349
33 36 349
34 36 349
35 36 349
24 37 350
25 37 350
26 37 350
27 37 350
28 37 350
29 37 350
30 37 350
31 37 350
32 37 350
33 37 350
34 37 350
35 37 350
24 38 351
25 38 351
26 38 351
27 38 351
28 38 351
29 38 351
30 38 351
31 38 351
32 38 351
33 38 351
34 38 351
35 38 351
24 39 352
25 39 352
26 39 352
27 39 352
28 39 352
29 39 352
30 39 352
31 39 352
32 39 352
33 39 352
34 39 352
35 39 352
24 40 353
25 40 353
26 40 353
27 40 353
28 40 353
29 40 353
30 40 353
31 40 353
32 40 353
33 40 353
34 40 353
35 40 353
24 41 354
25 41 354
26 41 354
27 41 354
28 41 354
29 41 354
30 41 354
31 41 354
32 41 354
33 41 354
34 41 354
35 41 354
24 36 355
25 36 355
26 36 355
27 36 355
28 36 355
29 36 355
30 36 355
31 36 355
32 36 355
33 36 355
34 36 355
35 36 355
24 37 356
25 37 356
26 37 356
27 37 356
28 37 356
29 37 356
30 37 356
31 37 356
32 37 356
33 37 356
34 37 356
35 37 356
24 38 357
25 38 357
26 38 357
27 38 357
28 38 357
29 38 357
30 38 357
31 38 357
32 38 357
33 38 357
34 38 357
35 38 357
24 39 358
25 39 358
26 39 358
27 39 358
28 39 358
29 39 358
30 39 358
31 39 358
32 39 358
33 39 358
34 39 358
35 39 358
24 40 359
25 40 359
26 40 359
27 40 359
28 40 359
29 40 359
30 40 359
31 40 359
32 40 359
33 40 359
34 40 359
35 40 359
24 41 360
25 41 360
26 41 360
27 41 360
28 41 360
29 41 360
30 41 360
31 41 360
32 41 360
33 41 360
34 41 360
35 41 360
24 36 361
25 36 361
26 36 361
27 36 361
28 36 361
29 36 361
30 36 361
31 36 361
32 36 361
33 36 361
34 36 361
35 36 361
24 37 362
25 37 362
26 37 362
27 37 362
28 37 362
29 37 362
30 37 362
31 37 362
32 37 362
33 37 362
34 37 362
35 37 362
24 38 363
25 38 363
26 38 363
27 38 363
28 38 363
29 38 363
30 38 363
31 38 363
32 38 363
33 38 363
34 38 363
35 38 363
24 39 364
25 39 364
26 39 364
27 39 364
28 39 364
29 39 364
30 39 364
31 39 364
32 39 364
33 39 364
34 39 364
35 39 364
24 40 365
25 40 365
26 40 365
27 40 365
28 40 365
29 40 365
30 40 365
31 40 365
32 40 365
33 40 365
34 40 365
35 40 365
24 41 366
25 41 366
26 41 366
27 41 366
28 41 366
29 41 366
30 41 366
31 41 366
32 41 366
33 41 366
34 41 366
35 41 366
24 36 367
25 36 367
26 36 367
27 36 367
28 36 367
29 36 367
30 36 367
31 36 367
32 36 367
33 36 367
34 36 367
35 36 367
24 37 368
25 37 368
26 37 368
27 37 368
28 37 368
29 37 368
30 37 368
31 37 368
32 37 368
33 37 368
34 37 368
35 37 368
24 38 369
25 38 369
26 38 369
27 38 369
28 38 369
29 38 369
30 38 369
31 38 369
32 38 369
33 38 369
34 38 369
35 38 369
24 39 370
25 39 370
26 39 370
27 39 370
28 39 370
29 39 370
30 39 370
31 39 370
32 39 370
33 39 370
34 39 370
35 39 370
24 40 371
25 40 371
26 40 371
27 40 371
28 40 371
29 40 371
30 40 371
31 40 371
32 40 371
33 40 371
34 40 371
35 40 371
24 41 372
25 41 372
26 41 372
27 41 372
28 41 372
29 41 372
30 41 372
31 41 372
32 41 372
33 41 372
34 41 372
35 41 372
24 36 373
25 36 373
26 36 373
27 36 373
28 36 373
29 36 373
30 36 373
31 36 373
32 36 373
33 36 373
34 36 373
35 36 373
24 37 374
25 37 374
26 37 374
27 37 374
28 37 374
29 37 374
30 37 374
31 37 374
32 37 374
33 37 374
34 37 374
35 37 374
24 38 375
25 38 375
26 38 375
27 38 375
28 38 375
29 38 375
30 38 375
31 38 375
32 38 375
33 38 375
34 38 375
35 38 375
24 39 376
25 39 376
26 39 376
27 39 376
28 39 376
29 39 376
30 39 376
31 39 376
32 39 376
33 39 376
34 39 376
35 39 376
24 40 377
25 40 377
26 40 377
27 40 377
28 40 377
29 40 377
30 40 377
31 40 377
32 40 377
33 40 377
34 40 377
35 40 377
24 41 378
25 41 378
26 41 378
27 41 378
28 41 378
29 41 378
30 41 378
31 41 378
32 41 378
33 41 378
34 41 378
35 41 378
24 36 379
25 36 379
26 36 379
27 36 379
28 36 379
29 36 379
30 36 379
31 36 379
32 36 379
33 36 379
34 36 379
35 36 379
24 37 380
25 37 380
26 37 380
27 37 380
28 37 380
29 37 380
30 37 380
31 37 380
32 37 380
33 37 380
34 37 380
35 37 380
24 38 381
25 38 381
26 38 381
27 38 381
28 38 381
29 38 381
30 38 381
31 38 381
32 38 381
33 38 381
34 38 381
35 38 381
24 39 382
25 39 382
26 39 382
27 39 382
28 39 382
29 39 382
30 39 382
31 39 382
32 39 382
33 39 382
34 39 382
35 39 382
24 40 383
25 40 383
26 40 383
27 40 383
28 40 383
29 40 383
30 40 383
31 40 383
32 40 383
33 40 383
34 40 383
35 40 383
24 41 384
25 41 384
26 41 384
27 41 384
28 41 384
29 41 384
30 41 384
31 41 384
32 41 384
33 41 384
34 41 384
35 41 384
24 36 385
25 36 385
26 36 385
27 36 385
28 36 385
29 36 385
30 36 385
31 36 385
32 36 385
33 36 385
34 36 385
35 36 385
24 37 386
25 37 386
26 37 386
27 37 386
28 37 386
29 37 386
30 37 386
31 37 386
32 37 386
33 37 386
34 37 386
35 37 386
24 38 387
25 38 387
26 38 387
27 38 387
28 38 387
29 38 387
30 38 387
31 38 387
32 38 387
33 38 387
34 38 387
35 38 387
24 39 388
25 39 388
26 39 388
27 39 388
28 39 388
29 39 388
30 39 388
31 39 388
32 39 388
33 39 388
34 39 388
35 39 388
24 40 389
25 40 389
26 40 389
27 40 389
28 40 389
29 40 389
30 40 389
31 40 389
32 40 389
33 40 389
34 40 389
35 40 389
24 41 390
25 41 390
26 41 390
27 41 390
28 41 390
29 41 390
30 41 390
31 41 390
32 41 390
33 41 390
34 41 390
35 41 390
24 36 391
25 36 391
26 36 391
27 36 391
28 36 391
29 36 391
30 36 391
31 36 391
32 36 391
33 36 391
34 36 391
35 36 391
24 37 392
25 37 392
26 37 392
27 37 392
28 37 392
29 37 392
30 37 392
31 37 392
32 37 392
33 37 392
34 37 392
35 37 392
24 38 393
25 38 393
26 38 393
27 38 393
28 38 393
29 38 393
30 38 393
31 38 393
32 38 393
33 38 393
34 38 393
35 38 393
24 39 394
25 39 394
26 39 394
27 39 394
28 39 394
29 39 394
30 39 394
31 39 394
32 39 394
33 39 394
34 39 394
35 39 394
24 40 395
25 40 395
26 40 395
27 40 395
28 40 395
29 40 395
30 40 395
31 40 395
32 40 395
33 40 395
34 40 395
35 40 395
24 41 396
25 41 396
26 41 396
27 41 396
28 41 396
29 41 396
30 41 396
31 41 396
32 41 396
33 41 396
34 41 396
35 41 396
24 36 397
25 36 397
26 36 397
27 36 397
28 36 397
29 36 397
30 36 397
31 36 397
32 36 397
33 36 397
34 36 397
35 36 397
24 37 398
25 37 398
26 37 398
27 37 398
28 37 398
29 37 398
30 37 398
31 37 398
32 37 398
33 37 398
34 37 398
35 37 398
24 38 399
25 38 399
26 38 399
27 38 399
28 38 399
29 38 399
30 38 399
31 38 399
32 38 399
33 38 399
34 38 399
35 38 399
24 39 400
25 39 400
26 39 400
27 39 400
28 39 400
29 39 400
30 39 400
31 39 400
32 39 400
33 39 400
34 39 400
35 39 400
24 40 401
25 40 401
26 40 401
27 40 401
28 40 401
29 40 401
30 40 401
31 40 401
32 40 401
33 40 401
34 40 401
35 40 401
24 41 402
25 41 402
26 41 402
27 41 402
28 41 402
29 41 402
30 41 402
31 41 402
32 41 402
33 41 402
34 41 402
35 41 402
24 36 403
25 36 403
26 36 403
27 36 403
28 36 403
29 36 403
30 36 403
31 36 403
32 36 403
33 36 403
34 36 403
35 36 403
24 37 404
25 37 404
26 37 404
27 37 404
28 37 404
29 37 404
30 37 404
31 37 404
32 37 404
33 37 404
34 37 404
35 37 404
24 38 405
25 38 405
26 38 405
27 38 405
28 38 405
29 38 405
30 38 405
31 38 405
32 38 405
33 38 405
34 38 405
35 38 405
24 39 406
25 39 406
26 39 406
27 39 406
28 39 406
29 39 406
30 39 406
31 39 406
32 39 406
33 39 406
34 39 406
35 39 406
24 40 407
25 40 407
26 40 407
27 40 407
28 40 407
29 40 407
30 40 407
31 40 407
32 40 407
33 40 407
34 40 407
35 40 407
24 41 408
25 41 408
26 41 408
27 41 408
28 41 408
29 41 408
30 41 408
31 41 408
32 41 408
33 41 408
34 41 408
35 41 408
24 36 409
25 36 409
26 36 409
27 36 409
28 36 409
29 36 409
30 36 409
31 36 409
32 36 409
33 36 409
34 36 409
35 36 409
24 37 410
25 37 410
26 37 410
27 37 410
28 37 410
29 37 410
30 37 410
31 37 410
32 37 410
33 37 410
34 37 410
35 37 410
24 38 411
25 38 411
26 38 411
27 38 411
28 38 411
29 38 411
30 38 411
31 38 411
32 38 411
33 38 411
34 38 411
35 38 411
24 39 412
25 39 412
26 39 412
27 39 412
28 39 412
29 39 412
30 39 412
31 39 412
32 39 412
33 39 412
34 39 412
35 39 412
24 40 413
25 40 413
26 40 413
27 40 413
28 40 413
29 40 413
30 40 413
31 40 413
32 40 413
33 40 413
34 40 413
35 40 413
24 41 414
25 41 414
26 41 414
27 41 414
28 41 414
29 41 414
30 41 414
31 41 414
32 41 414
33 41 414
34 41 414
35 41 414
24 36 415
25 36 415
26 36 415
27 36 415
28 36 415
29 36 415
30 36 415
31 36 415
32 36 415
33 36 415
34 36 415
35 36 415
24 37 416
25 37 416
26 37 416
27 37 416
28 37 416
29 37 416
30 37 416
31 37 416
32 37 416
33 37 416
34 37 416
35 37 416
24 38 417
25 38 417
26 38 417
27 38 417
28 38 417
29 38 417
30 38 417
31 38 417
32 38 417
33 38 417
34 38 417
35 38 417
24 39 418
25 39 418
26 39 418
27 39 418
28 39 418
29 39 418
30 39 418
31 39 418
32 39 418
33 39 418
34 39 418
35 39 418
24 40 419
25 40 419
26 40 419
27 40 419
28 40 419
29 40 419
30 40 419
31 40 419
32 40 419
33 40 419
34 40 419
35 40 419
24 41 420
25 41 420
26 41 420
27 41 420
28 41 420
29 41 420
30 41 420
31 41 420
32 41 420
33 41 420
34 41 420
35 41 420
24 36 421
25 36 421
26 36 421
27 36 421
28 36 421
29 36 421
30 36 421
31 36 421
32 36 421
33 36 421
34 36 421
35 36 421
24 37 422
25 37 422
26 37 422
27 37 422
28 37 422
29 37 422
30 37 422
31 37 422
32 37 422
33 37 422
34 37 422
35 37 422
24 38 423
25 38 423
26 38 423
27 38 423
28 38 423
29 38 423
30 38 423
31 38 423
32 38 423
33 38 423
34 38 423
35 38 423
24 39 424
25 39 424
26 39 424
27 39 424
28 39 424
29 39 424
30 39 424
31 39 424
32 39 424
33 39 424
34 39 424
35 39 424
24 40 425
25 40 425
26 40 425
27 40 425
28 40 425
29 40 425
30 40 425
31 40 425
32 40 425
33 40 425
34 40 425
35 40 425
24 41 426
25 41 426
26 41 426
27 41 426
28 41 426
29 41 426
30 41 426
31 41 426
32 41 426
33 41 426
34 41 426
35 41 426
24 36 427
25 36 427
26 36 427
27 36 427
28 36 427
29 36 427
30 36 427
31 36 427
32 36 427
33 36 427
34 36 427
35 36 427
24 37 428
25 37 428
26 37 428
27 37 428
28 37 428
29 37 428
30 37 428
31 37 428
32 37 428
33 37 428
34 37 428
35 37 428
24 38 429
25 38 429
26 38 429
27 38 429
28 38 429
29 38 429
30 38 429
31 38 429
32 38 429
33 38 429
34 38 429
35 38 429
24 39 430
25 39 430
26 39 430
27 39 430
28 39 430
29 39 430
30 39 430
31 39 430
32 39 430
33 39 430
34 39 430
35 39 430
24 40 431
25 40 431
26 40 431
27 40 431
28 40 431
29 40 431
30 40 431
31 40 431
32 40 431
33 40 431
34 40 431
35 40 431
24 41 432
25 41 432
26 41 432
27 41 432
28 41 432
29 41 432
30 41 432
31 41 432
32 41 432
33 41 432
34 41 432
35 41 432
24 36 433
25 36 433
26 36 433
27 36 433
28 36 433
29 36 433
30 36 433
31 36 433
32 36 433
33 36 433
34 36 433
35 36 433
24 37 434
25 37 434
26 37 434
27 37 434
28 37 434
29 37 434
30 37 434
31 37 434
32 37 434
33 37 434
34 37 434
35 37 434
24 38 435
25 38 435
26 38 435
27 38 435
28 38 435
29 38 435
30 38 435
31 38 435
32 38 435
33 38 435
34 38 435
35 38 435
24 39 436
25 39 436
26 39 436
27 39 436
28 39 436
29 39 436
30 39 436
31 39 436
32 39 436
33 39 436
34 39 436
35 39 436
24 40 437
25 40 437
26 40 437
27 40 437
28 40 437
29 40 437
30 40 437
31 40 437
32 40 437
33 40 437
34 40 437
35 40 437
24 41 438
25 41 438
26 41 438
27 41 438
28 41 438
29 41 438
30 41 438
31 41 438
32 41 438
33 41 438
34 41 438
35 41 438
24 36 439
25 36 439
26 36 439
27 36 439
28 36 439
29 36 439
30 36 439
31 36 439
32 36 439
33 36 439
34 36 439
35 36 439
24 37 440
25 37 440
26 37 440
27 37 440
28 37 440
29 37 440
30 37 440
31 37 440
32 37 440
33 37 440
34 37 440
35 37 440
24 38 441
25 38 441
26 38 441
27 38 441
28 38 441
29 38 441
30 38 441
31 38 441
32 38 441
33 38 441
34 38 441
35 38 441
24 39 442
25 39 442
26 39 442
27 39 442
28 39 442
29 39 442
30 39 442
31 39 442
32 39 442
33 39 442
34 39 442
35 39 442
24 40 443
25 40 443
26 40 443
27 40 443
28 40 443
29 40 443
30 40 443
31 40 443
32 40 443
33 40 443
34 40 443
35 40 443
24 41 444
25 41 444
26 41 444
27 41 444
28 41 444
29 41 444
30 41 444
31 41 444
32 41 444
33 41 444
34 41 444
35 41 444
24 36 445
25 36 445
26 36 445
27 36 445
28 36 445
29 36 445
30 36 445
31 36 445
32 36 445
33 36 445
34 36 445
35 36 445
24 37 446
25 37 446
26 37 446
27 37 446
28 37 446
29 37 446
30 37 446
31 37 446
32 37 446
33 37 446
34 37 446
35 37 446
24 38 447
25 38 447
26 38 447
27 38 447
28 38 447
29 38 447
30 38 447
31 38 447
32 38 447
33 38 447
34 38 447
35 38 447
24 39 448
25 39 448
26 39 448
27 39 448
28 39 448
29 39 448
30 39 448
31 39 448
32 39 448
33 39 448
34 39 448
35 39 448
24 40 449
25 40 449
26 40 449
27 40 449
28 40 449
29 40 449
30 40 449
31 40 449
32 40 449
33 40 449
34 40 449
35 40 449
24 41 450
25 41 450
26 41 450
27 41 450
28 41 450
29 41 450
30 41 450
31 41 450
32 41 450
33 41 450
34 41 450
35 41 450
24 36 451
25 36 451
26 36 451
27 36 451
28 36 451
29 36 451
30 36 451
31 36 451
32 36 451
33 36 451
34 36 451
35 36 451
24 37 452
25 37 452
26 37 452
27 37 452
28 37 452
29 37 452
30 37 452
31 37 452
32 37 452
33 37 452
34 37 452
35 37 452
24 38 453
25 38 453
26 38 453
27 38 453
28 38 453
29 38 453
30 38 453
31 38 453
32 38 453
33 38 453
34 38 453
35 38 453
24 39 454
25 39 454
26 39 454
27 39 454
28 39 454
29 39 454
30 39 454
31 39 454
32 39 454
33 39 454
34 39 454
35 39 454
24 40 455
25 40 455
26 40 455
27 40 455
28 40 455
29 40 455
30 40 455
31 40 455
32 40 455
33 40 455
34 40 455
35 40 455
24 41 456
25 41 456
26 41 456
27 41 456
28 41 456
29 41 456
30 41 456
31 41 456
32 41 456
33 41 456
34 41 456
35 41 456
24 36 457
25 36 457
26 36 457
27 36 457
28 36 457
29 36 457
30 36 457
31 36 457
32 36 457
33 36 457
34 36 457
35 36 457
24 37 458
25 37 458
26 37 458
27 37 458
28 37 458
29 37 458
30 37 458
31 37 458
32 37 458
33 37 458
34 37 458
35 37 458
24 38 459
25 38 459
26 38 459
27 38 459
28 38 459
29 38 459
30 38 459
31 38 459
32 38 459
33 38 459
34 38 459
35 38 459
24 39 460
25 39 460
26 39 460
27 39 460
28 39 460
29 39 460
30 39 460
31 39 460
32 39 460
33 39 460
34 39 460
35 39 460
24 40 461
25 40 461
26 40 461
27 40 461
28 40 461
29 40 461
30 40 461
31 40 461
32 40 461
33 40 461
34 40 461
35 40 461
24 41 462
25 41 462
26 41 462
27 41 462
28 41 462
29 41 462
30 41 462
31 41 462
32 41 462
33 41 462
34 41 462
35 41 462
24 36 463
25 36 463
26 36 463
27 36 463
28 36 463
29 36 463
30 36 463
31 36 463
32 36 463
33 36 463
34 36 463
35 36 463
24 37 464
25 37 464
26 37 464
27 37 464
28 37 464
29 37 464
30 37 464
31 37 464
32 37 464
33 37 464
34 37 464
35 37 464
24 38 465
25 38 465
26 38 465
27 38 465
28 38 465
29 38 465
30 38 465
31 38 465
32 38 465
33 38 465
34 38 465
35 38 465
24 39 466
25 39 466
26 39 466
27 39 466
28 39 466
29 39 466
30 39 466
31 39 466
32 39 466
33 39 466
34 39 466
35 39 466
24 40 467
25 40 467
26 40 467
27 40 467
28 40 467
29 40 467
30 40 467
31 40 467
32 40 467
33 40 467
34 40 467
35 40 467
24 41 468
25 41 468
26 41 468
27 41 468
28 41 468
29 41 468
30 41 468
31 41 468
32 41 468
33 41 468
34 41 468
35 41 468
24 36 469
25 36 469
26 36 469
27 36 469
28 36 469
29 36 469
30 36 469
31 36 469
32 36 469
33 36 469
34 36 469
35 36 469
24 37 470
25 37 470
26 37 470
27 37 470
28 37 470
29 37 470
30 37 470
31 37 470
32 37 470
33 37 470
34 37 470
35 37 470
24 38 471
25 38 471
26 38 471
27 38 471
28 38 471
29 38 471
30 38 471
31 38 471
32 38 471
33 38 471
34 38 471
35 38 471
24 39 472
25 39 472
26 39 472
27 39 472
28 39 472
29 39 472
30 39 472
31 39 472
32 39 472
33 39 472
34 39 472
35 39 472
24 40 473
25 40 473
26 40 473
27 40 473
28 40 473
29 40 473
30 40 473
31 40 473
32 40 473
33 40 473
34 40 473
35 40 473
24 41 474
25 41 474
26 41 474
27 41 474
28 41 474
29 41 474
30 41 474
31 41 474
32 41 474
33 41 474
34 41 474
35 41 474
24 36 475
25 36 475
26 36 475
27 36 475
28 36 475
29 36 475
30 36 475
31 36 475
32 36 475
33 36 475
34 36 475
35 36 475
24 37 476
25 37 476
26 37 476
27 37 476
28 37 476
29 37 476
30 37 476
31 37 476
32 37 476
33 37 476
34 37 476
35 37 476
24 38 477
25 38 477
26 38 477
27 38 477
28 38 477
29 38 477
30 38 477
31 38 477
32 38 477
33 38 477
34 38 477
35 38 477
24 39 478
25 39 478
26 39 478
27 39 478
28 39 478
29 39 478
30 39 478
31 39 478
32 39 478
33 39 478
34 39 478
35 39 478
24 40 479
25 40 479
26 40 479
27 40 479
28 40 479
29 40 479
30 40 479
31 40 479
32 40 479
33 40 479
34 40 479
35 40 479
24 41 480
25 41 480
26 41 480
27 41 480
28 41 480
29 41 480
30 41 480
31 41 480
32 41 480
33 41 480
34 41 480
35 41 480
24 36 481
25 36 481
26 36 481
27 36 481
28 36 481
29 36 481
30 36 481
31 36 481
32 36 481
33 36 481
34 36 481
35 36 481
24 37 482
25 37 482
26 37 482
27 37 482
28 37 482
29 37 482
30 37 482
31 37 482
32 37 482
33 37 482
34 37 482
35 37 482
24 38 483
25 38 483
26 38 483
27 38 483
28 38 483
29 38 483
30 38 483
31 38 483
32 38 483
33 38 483
34 38 483
35 38 483
24 39 484
25 39 484
26 39 484
27 39 484
28 39 484
29 39 484
30 39 484
31 39 484
32 39 484
33 39 484
34 39 484
35 39 484
24 40 485
25 40 485
26 40 485
27 40 485
28 40 485
29 40 485
30 40 485
31 40 485
32 40 485
33 40 485
34 40 485
35 40 485
24 41 486
25 41 486
26 41 486
27 41 486
28 41 486
29 41 486
30 41 486
31 41 486
32 41 486
33 41 486
34 41 486
35 41 486
24 36 487
25 36 487
26 36 487
27 36 487
28 36 487
29 36 487
30 36 487
31 36 487
32 36 487
33 36 487
34 36 487
35 36 487
24 37 488
25 37 488
26 37 488
27 37 488
28 37 488
29 37 488
30 37 488
31 37 488
32 37 488
33 37 488
34 37 488
35 37 488
24 38 489
25 38 489
26 38 489
27 38 489
28 38 489
29 38 489
30 38 489
31 38 489
32 38 489
33 38 489
34 38 489
35 38 489
24 39 490
25 39 490
26 39 490
27 39 490
28 39 490
29 39 490
30 39 490
31 39 490
32 39 490
33 39 490
34 39 490
35 39 490
24 40 491
25 40 491
26 40 491
27 40 491
28 40 491
29 40 491
30 40 491
31 40 491
32 40 491
33 40 491
34 40 491
35 40 491
24 41 492
25 41 492
26 41 492
27 41 492
28 41 492
29 41 492
30 41 492
31 41 492
32 41 492
33 41 492
34 41 492
35 41 492
24 36 493
25 36 493
26 36 493
27 36 493
28 36 493
29 36 493
30 36 493
31 36 493
32 36 493
33 36 493
34 36 493
35 36 493
24 37 494
25 37 494
26 37 494
27 37 494
28 37 494
29 37 494
30 37 494
31 37 494
32 37 494
33 37 494
34 37 494
35 37 494
24 38 495
25 38 495
26 38 495
27 38 495
28 38 495
29 38 495
30 38 495
31 38 495
32 38 495
33 38 495
34 38 495
35 38 495
24 39 496
25 39 496
26 39 496
27 39 496
28 39 496
29 39 496
30 39 496
31 39 496
32 39 496
33 39 496
34 39 496
35 39 496
24 40 497
25 40 497
26 40 497
27 40 497
28 40 497
29 40 497
30 40 497
31 40 497
32 40 497
33 40 497
34 40 497
35 40 497
24 41 498
25 41 498
26 41 498
27 41 498
28 41 498
29 41 498
30 41 498
31 41 498
32 41 498
33 41 498
34 41 498
35 41 498
24 36 499
25 36 499
26 36 499
27 36 499
28 36 499
29 36 499
30 36 499
31 36 499
32 36 499
33 36 499
34 36 499
35 36 499
24 37 500
25 37 500
26 37 500
27 37 500
28 37 500
29 37 500
30 37 500
31 37 500
32 37 500
33 37 500
34 37 500
35 37 500
24 38 501
25 38 501
26 38 501
27 38 501
28 38 501
29 38 501
30 38 501
31 38 501
32 38 501
33 38 501
34 38 501
35 38 501
24 39 502
25 39 502
26 39 502
27 39 502
28 39 502
29 39 502
30 39 502
31 39 502
32 39 502
33 39 502
34 39 502
35 39 502
24 40 503
25 40 503
26 40 503
27 40 503
28 40 503
29 40 503
30 40 503
31 40 503
32 40 503
33 40 503
34 40 503
35 40 503
24 41 504
25 41 504
26 41 504
27 41 504
28 41 504
29 41 504
30 41 504
31 41 504
32 41 504
33 41 504
34 41 504
35 41 504
24 36 505
25 36 505
26 36 505
27 36 505
28 36 505
29 36 505
30 36 505
31 36 505
32 36 505
33 36 505
34 36 505
35 36 505
24 37 506
25 37 506
26 37 506
27 37 506
28 37 506
29 37 506
30 37 506
31 37 506
32 37 506
33 37 506
34 37 506
35 37 506
24 38 507
25 38 507
26 38 507
27 38 507
28 38 507
29 38 507
30 38 507
31 38 507
32 38 507
33 38 507
34 38 507
35 38 507
24 39 508
25 39 508
26 39 508
27 39 508
28 39 508
29 39 508
30 39 508
31 39 508
32 39 508
33 39 508
34 39 508
35 39 508
24 40 509
25 40 509
26 40 509
27 40 509
28 40 509
29 40 509
30 40 509
31 40 509
32 40 509
33 40 509
34 40 509
35 40 509
24 41 510
25 41 510
26 41 510
27 41 510
28 41 510
29 41 510
30 41 510
31 41 510
32 41 510
33 41 510
34 41 510
35 41 510
24 36 511
25 36 511
26 36 511
27 36 511
28 36 511
29 36 511
30 36 511
31 36 511
32 36 511
33 36 511
34 36 511
35 36 511
24 37 512
25 37 512
26 37 512
27 37 512
28 37 512
29 37 512
30 37 512
31 37 512
32 37 512
33 37 512
34 37 512
35 37 512
24 38 513
25 38 513
26 38 513
27 38 513
28 38 513
29 38 513
30 38 513
31 38 513
32 38 513
33 38 513
34 38 513
35 38 513
24 39 514
25 39 514
26 39 514
27 39 514
28 39 514
29 39 514
30 39 514
31 39 514
32 39 514
33 39 514
34 39 514
35 39 514
24 40 515
25 40 515
26 40 515
27 40 515
28 40 515
29 40 515
30 40 515
31 40 515
32 40 515
33 40 515
34 40 515
35 40 515
24 41 516
25 41 516
26 41 516
27 41 516
28 41 516
29 41 516
30 41 516
31 41 516
32 41 516
33 41 516
34 41 516
35 41 516
24 36 517
25 36 517
26 36 517
27 36 517
28 36 517
29 36 517
30 36 517
31 36 517
32 36 517
33 36 517
34 36 517
35 36 517
24 37 518
25 37 518
26 37 518
27 37 518
28 37 518
29 37 518
30 37 518
31 37 518
32 37 518
33 37 518
34 37 518
35 37 518
24 38 519
25 38 519
26 38 519
27 38 519
28 38 519
29 38 519
30 38 519
31 38 519
32 38 519
33 38 519
34 38 519
35 38 519
24 39 520
25 39 520
26 39 520
27 39 520
28 39 520
29 39 520
30 39 520
31 39 520
32 39 520
33 39 520
34 39 520
35 39 520
24 40 521
25 40 521
26 40 521
27 40 521
28 40 521
29 40 521
30 40 521
31 40 521
32 40 521
33 40 521
34 40 521
35 40 521
24 41 522
25 41 522
26 41 522
27 41 522
28 41 522
29 41 522
30 41 522
31 41 522
32 41 522
33 41 522
34 41 522
35 41 522
24 36 523
25 36 523
26 36 523
27 36 523
28 36 523
29 36 523
30 36 523
31 36 523
32 36 523
33 36 523
34 36 523
35 36 523
24 37 524
25 37 524
26 37 524
27 37 524
28 37 524
29 37 524
30 37 524
31 37 524
32 37 524
33 37 524
34 37 524
35 37 524
24 38 525
25 38 525
26 38 525
27 38 525
28 38 525
29 38 525
30 38 525
31 38 525
32 38 525
33 38 525
34 38 525
35 38 525
24 39 526
25 39 526
26 39 526
27 39 526
28 39 526
29 39 526
30 39 526
31 39 526
32 39 526
33 39 526
34 39 526
35 39 526
24 40 527
25 40 527
26 40 527
27 40 527
28 40 527
29 40 527
30 40 527
31 40 527
32 40 527
33 40 527
34 40 527
35 40 527
24 41 528
25 41 528
26 41 528
27 41 528
28 41 528
29 41 528
30 41 528
31 41 528
32 41 528
33 41 528
34 41 528
35 41 528
24 36 529
25 36 529
26 36 529
27 36 529
28 36 529
29 36 529
30 36 529
31 36 529
32 36 529
33 36 529
34 36 529
35 36 529
24 37 530
25 37 530
26 37 530
27 37 530
28 37 530
29 37 530
30 37 530
31 37 530
32 37 530
33 37 530
34 37 530
35 37 530
24 38 531
25 38 531
26 38 531
27 38 531
28 38 531
29 38 531
30 38 531
31 38 531
32 38 531
33 38 531
34 38 531
35 38 531
24 39 532
25 39 532
26 39 532
27 39 532
28 39 532
29 39 532
30 39 532
31 39 532
32 39 532
33 39 532
34 39 532
35 39 532
24 40 533
25 40 533
26 40 533
27 40 533
28 40 533
29 40 533
30 40 533
31 40 533
32 40 533
33 40 533
34 40 533
35 40 533
24 41 534
25 41 534
26 41 534
27 41 534
28 41 534
29 41 534
30 41 534
31 41 534
32 41 534
33 41 534
34 41 534
35 41 534
24 36 535
25 36 535
26 36 535
27 36 535
28 36 535
29 36 535
30 36 535
31 36 535
32 36 535
33 36 535
34 36 535
35 36 535
24 37 536
25 37 536
26 37 536
27 37 536
28 37 536
29 37 536
30 37 536
31 37 536
32 37 536
33 37 536
34 37 536
35 37 536
24 38 537
25 38 537
26 38 537
27 38 537
28 38 537
29 38 537
30 38 537
31 38 537
32 38 537
33 38 537
34 38 537
35 38 537
24 39 538
25 39 538
26 39 538
27 39 538
28 39 538
29 39 538
30 39 538
31 39 538
32 39 538
33 39 538
34 39 538
35 39 538
24 40 539
25 40 539
26 40 539
27 40 539
28 40 539
29 40 539
30 40 539
31 40 539
32 40 539
33 40 539
34 40 539
35 40 539
24 41 540
25 41 540
26 41 540
27 41 540
28 41 540
29 41 540
30 41 540
31 41 540
32 41 540
33 41 540
34 41 540
35 41 540
24 36 541
25 36 541
26 36 541
27 36 541
28 36 541
29 36 541
30 36 541
31 36 541
32 36 541
33 36 541
34 36 541
35 36 541
24 37 542
25 37 542
26 37 542
27 37 542
28 37 542
29 37 542
30 37 542
31 37 542
32 37 542
33 37 542
34 37 542
35 37 542
24 38 543
25 38 543
26 38 543
27 38 543
28 38 543
29 38 543
30 38 543
31 38 543
32 38 543
33 38 543
34 38 543
35 38 543
24 39 544
25 39 544
26 39 544
27 39 544
28 39 544
29 39 544
30 39 544
31 39 544
32 39 544
33 39 544
34 39 544
35 39 544
24 40 545
25 40 545
26 40 545
27 40 545
28 40 545
29 40 545
30 40 545
31 40 545
32 40 545
33 40 545
34 40 545
35 40 545
24 41 546
25 41 546
26 41 546
27 41 546
28 41 546
29 41 546
30 41 546
31 41 546
32 41 546
33 41 546
34 41 546
35 41 546
24 36 547
25 36 547
26 36 547
27 36 547
28 36 547
29 36 547
30 36 547
31 36 547
32 36 547
33 36 547
34 36 547
35 36 547
24 37 548
25 37 548
26 37 548
27 37 548
28 37 548
29 37 548
30 37 548
31 37 548
32 37 548
33 37 548
34 37 548
35 37 548
24 38 549
25 38 549
26 38 549
27 38 549
28 38 549
29 38 549
30 38 549
31 38 549
32 38 549
33 38 549
34 38 549
35 38 549
24 39 550
25 39 550
26 39 550
27 39 550
28 39 550
29 39 550
30 39 550
31 39 550
32 39 550
33 39 550
34 39 550
35 39 550
24 40 551
25 40 551
26 40 551
27 40 551
28 40 551
29 40 551
30 40 551
31 40 551
32 40 551
33 40 551
34 40 551
35 40 551
24 41 552
25 41 552
26 41 552
27 41 552
28 41 552
29 41 552
30 41 552
31 41 552
32 41 552
33 41 552
34 41 552
35 41 552
24 36 553
25 36 553
26 36 553
27 36 553
28 36 553
29 36 553
30 36 553
31 36 553
32 36 553
33 36 553
34 36 553
35 36 553
24 37 554
25 37 554
26 37 554
27 37 554
28 37 554
29 37 554
30 37 554
31 37 554
32 37 554
33 37 554
34 37 554
35 37 554
24 38 555
25 38 555
26 38 555
27 38 555
28 38 555
29 38 555
30 38 555
31 38 555
32 38 555
33 38 555
34 38 555
35 38 555
24 39 556
25 39 556
26 39 556
27 39 556
28 39 556
29 39 556
30 39 556
31 39 556
32 39 556
33 39 556
34 39 556
35 39 556
24 40 557
25 40 557
26 40 557
27 40 557
28 40 557
29 40 557
30 40 557
31 40 557
32 40 557
33 40 557
34 40 557
35 40 557
24 41 558
25 41 558
26 41 558
27 41 558
28 41 558
29 41 558
30 41 558
31 41 558
32 41 558
33 41 558
34 41 558
35 41 558
24 36 559
25 36 559
26 36 559
27 36 559
28 36 559
29 36 559
30 36 559
31 36 559
32 36 559
33 36 559
34 36 559
35 36 559
24 37 560
25 37 560
26 37 560
27 37 560
28 37 560
29 37 560
30 37 560
31 37 560
32 37 560
33 37 560
34 37 560
35 37 560
24 38 561
25 38 561
26 38 561
27 38 561
28 38 561
29 38 561
30 38 561
31 38 561
32 38 561
33 38 561
34 38 561
35 38 561
24 39 562
25 39 562
26 39 562
27 39 562
28 39 562
29 39 562
30 39 562
31 39 562
32 39 562
33 39 562
34 39 562
35 39 562
24 40 563
25 40 563
26 40 563
27 40 563
28 40 563
29 40 563
30 40 563
31 40 563
32 40 563
33 40 563
34 40 563
35 40 563
24 41 564
25 41 564
26 41 564
27 41 564
28 41 564
29 41 564
30 41 564
31 41 564
32 41 564
33 41 564
34 41 564
35 41 564
24 36 565
25 36 565
26 36 565
27 36 565
28 36 565
29 36 565
30 36 565
31 36 565
32 36 565
33 36 565
34 36 565
35 36 565
24 37 566
25 37 566
26 37 566
27 37 566
28 37 566
29 37 566
30 37 566
31 37 566
32 37 566
33 37 566
34 37 566
35 37 566
24 38 567
25 38 567
26 38 567
27 38 567
28 38 567
29 38 567
30 38 567
31 38 567
32 38 567
33 38 567
34 38 567
35 38 567
24 39 568
25 39 568
26 39 568
27 39 568
28 39 568
29 39 568
30 39 568
31 39 568
32 39 568
33 39 568
34 39 568
35 39 568
24 40 569
25 40 569
26 40 569
27 40 569
28 40 569
29 40 569
30 40 569
31 40 569
32 40 569
33 40 569
34 40 569
35 40 569
24 41 570
25 41 570
26 41 570
27 41 570
28 41 570
29 41 570
30 41 570
31 41 570
32 41 570
33 41 570
34 41 570
35 41 570
24 36 571
25 36 571
26 36 571
27 36 571
28 36 571
29 36 571
30 36 571
31 36 571
32 36 571
33 36 571
34 36 571
35 36 571
24 37 572
25 37 572
26 37 572
27 37 572
28 37 572
29 37 572
30 37 572
31 37 572
32 37 572
33 37 572
34 37 572
35 37 572
24 38 573
25 38 573
26 38 573
27 38 573
28 38 573
29 38 573
30 38 573
31 38 573
32 38 573
33 38 573
34 38 573
35 38 573
24 39 574
25 39 574
26 39 574
27 39 574
28 39 574
29 39 574
30 39 574
31 39 574
32 39 574
33 39 574
34 39 574
35 39 574
24 40 575
25 40 575
26 40 575
27 40 575
28 40 575
29 40 575
30 40 575
31 40 575
32 40 575
33 40 575
34 40 575
35 40 575
24 41 576
25 41 576
26 41 576
27 41 576
28 41 576
29 41 576
30 41 576
31 41 576
32 41 576
33 41 576
34 41 576
35 41 576
24 36 577
25 36 577
26 36 577
27 36 577
28 36 577
29 36 577
30 36 577
31 36 577
32 36 577
33 36 577
34 36 577
35 36 577
24 37 578
25 37 578
26 37 578
27 37 578
28 37 578
29 37 578
30 37 578
31 37 578
32 37 578
33 37 578
34 37 578
35 37 578
24 38 579
25 38 579
26 38 579
27 38 579
28 38 579
29 38 579
30 38 579
31 38 579
32 38 579
33 38 579
34 38 579
35 38 579
24 39 580
25 39 580
26 39 580
27 39 580
28 39 580
29 39 580
30 39 580
31 39 580
32 39 580
33 39 580
34 39 580
35 39 580
24 40 581
25 40 581
26 40 581
27 40 581
28 40 581
29 40 581
30 40 581
31 40 581
32 40 581
33 40 581
34 40 581
35 40 581
24 41 582
25 41 582
26 41 582
27 41 582
28 41 582
29 41 582
30 41 582
31 41 582
32 41 582
33 41 582
34 41 582
35 41 582
24 36 583
25 36 583
26 36 583
27 36 583
28 36 583
29 36 583
30 36 583
31 36 583
32 36 583
33 36 583
34 36 583
35 36 583
24 37 584
25 37 584
26 37 584
27 37 584
28 37 584
29 37 584
30 37 584
31 37 584
32 37 584
33 37 584
34 37 584
35 37 584
24 38 585
25 38 585
26 38 585
27 38 585
28 38 585
29 38 585
30 38 585
31 38 585
32 38 585
33 38 585
34 38 585
35 38 585
24 39 586
25 39 586
26 39 586
27 39 586
28 39 586
29 39 586
30 39 586
31 39 586
32 39 586
33 39 586
34 39 586
35 39 586
24 40 587
25 40 587
26 40 587
27 40 587
28 40 587
29 40 587
30 40 587
31 40 587
32 40 587
33 40 587
34 40 587
35 40 587
24 41 588
25 41 588
26 41 588
27 41 588
28 41 588
29 41 588
30 41 588
31 41 588
32 41 588
33 41 588
34 41 588
35 41 588
24 36 589
25 36 589
26 36 589
27 36 589
28 36 589
29 36 589
30 36 589
31 36 589
32 36 589
33 36 589
34 36 589
35 36 589
24 37 590
25 37 590
26 37 590
27 37 590
28 37 590
29 37 590
30 37 590
31 37 590
32 37 590
33 37 590
34 37 590
35 37 590
24 38 591
25 38 591
26 38 591
27 38 591
28 38 591
29 38 591
30 38 591
31 38 591
32 38 591
33 38 591
34 38 591
35 38 591
24 39 592
25 39 592
26 39 592
27 39 592
28 39 592
29 39 592
30 39 592
31 39 592
32 39 592
33 39 592
34 39 592
35 39 592
24 40 593
25 40 593
26 40 593
27 40 593
28 40 593
29 40 593
30 40 593
31 40 593
32 40 593
33 40 593
34 40 593
35 40 593
24 41 594
25 41 594
26 41 594
27 41 594
28 41 594
29 41 594
30 41 594
31 41 594
32 41 594
33 41 594
34 41 594
35 41 594
