44 49 1
45 49 1
46 49 1
47 49 1
48 49 1
44 50 2
45 50 2
46 50 2
47 50 2
48 50 2
44 51 3
45 51 3
46 51 3
47 51 3
48 51 3
44 52 4
45 52 4
46 52 4
47 52 4
48 52 4
44 53 5
45 53 5
46 53 5
47 53 5
48 53 5
44 49 6
45 49 6
46 49 6
47 49 6
48 49 6
44 50 7
45 50 7
46 50 7
47 50 7
48 50 7
44 51 8
45 51 8
46 51 8
47 51 8
48 51 8
44 52 9
45 52 9
46 52 9
47 52 9
48 52 9
44 53 10
45 53 10
46 53 10
47 53 10
48 53 10
44 49 11
45 49 11
46 49 11
47 49 11
48 49 11
44 50 12
45 50 12
46 50 12
47 50 12
48 50 12
44 51 13
45 51 13
46 51 13
47 51 13
48 51 13
44 52 14
45 52 14
46 52 14
47 52 14
48 52 14
44 53 15
45 53 15
46 53 15
47 53 15
48 53 15
