314 319 1
315 319 1
316 319 1
317 319 1
318 319 1
314 320 2
315 320 2
316 320 2
317 320 2
318 320 2
314 321 3
315 321 3
316 321 3
317 321 3
318 321 3
314 322 4
315 322 4
316 322 4
317 322 4
318 322 4
314 323 5
315 323 5
316 323 5
317 323 5
318 323 5
314 319 6
315 319 6
316 319 6
317 319 6
318 319 6
314 320 7
315 320 7
316 320 7
317 320 7
318 320 7
314 321 8
315 321 8
316 321 8
317 321 8
318 321 8
314 322 9
315 322 9
316 322 9
317 322 9
318 322 9
314 323 10
315 323 10
316 323 10
317 323 10
318 323 10
314 319 11
315 319 11
316 319 11
317 319 11
318 319 11
314 320 12
315 320 12
316 320 12
317 320 12
318 320 12
314 321 13
315 321 13
316 321 13
317 321 13
318 321 13
314 322 14
315 322 14
316 322 14
317 322 14
318 322 14
314 323 15
315 323 15
316 323 15
317 323 15
318 323 15
