206 211 1
207 211 1
208 211 1
209 211 1
210 211 1
206 212 2
207 212 2
208 212 2
209 212 2
210 212 2
206 213 3
207 213 3
208 213 3
209 213 3
210 213 3
206 214 4
207 214 4
208 214 4
209 214 4
210 214 4
206 215 5
207 215 5
208 215 5
209 215 5
210 215 5
206 211 6
207 211 6
208 211 6
209 211 6
210 211 6
206 212 7
207 212 7
208 212 7
209 212 7
210 212 7
206 213 8
207 213 8
208 213 8
209 213 8
210 213 8
206 214 9
207 214 9
208 214 9
209 214 9
210 214 9
206 215 10
207 215 10
208 215 10
209 215 10
210 215 10
206 211 11
207 211 11
208 211 11
209 211 11
210 211 11
206 212 12
207 212 12
208 212 12
209 212 12
210 212 12
206 213 13
207 213 13
208 213 13
209 213 13
210 213 13
206 214 14
207 214 14
208 214 14
209 214 14
210 214 14
206 215 15
207 215 15
208 215 15
209 215 15
210 215 15
