8 13 1
9 13 1
10 13 1
11 13 1
12 13 1
8 14 2
9 14 2
10 14 2
11 14 2
12 14 2
8 15 3
9 15 3
10 15 3
11 15 3
12 15 3
8 16 4
9 16 4
10 16 4
11 16 4
12 16 4
8 17 5
9 17 5
10 17 5
11 17 5
12 17 5
8 13 6
9 13 6
10 13 6
11 13 6
12 13 6
8 14 7
9 14 7
10 14 7
11 14 7
12 14 7
8 15 8
9 15 8
10 15 8
11 15 8
12 15 8
8 16 9
9 16 9
10 16 9
11 16 9
12 16 9
8 17 10
9 17 10
10 17 10
11 17 10
12 17 10
8 13 11
9 13 11
10 13 11
11 13 11
12 13 11
8 14 12
9 14 12
10 14 12
11 14 12
12 14 12
8 15 13
9 15 13
10 15 13
11 15 13
12 15 13
8 16 14
9 16 14
10 16 14
11 16 14
12 16 14
8 17 15
9 17 15
10 17 15
11 17 15
12 17 15
