258 263 1
259 263 1
260 263 1
261 263 1
262 263 1
258 264 2
259 264 2
260 264 2
261 264 2
262 264 2
258 265 3
259 265 3
260 265 3
261 265 3
262 265 3
258 266 4
259 266 4
260 266 4
261 266 4
262 266 4
258 267 5
259 267 5
260 267 5
261 267 5
262 267 5
258 263 6
259 263 6
260 263 6
261 263 6
262 263 6
258 264 7
259 264 7
260 264 7
261 264 7
262 264 7
258 265 8
259 265 8
260 265 8
261 265 8
262 265 8
258 266 9
259 266 9
260 266 9
261 266 9
262 266 9
258 267 10
259 267 10
260 267 10
261 267 10
262 267 10
258 263 11
259 263 11
260 263 11
261 263 11
262 263 11
258 264 12
259 264 12
260 264 12
261 264 12
262 264 12
258 265 13
259 265 13
260 265 13
261 265 13
262 265 13
258 266 14
259 266 14
260 266 14
261 266 14
262 266 14
258 267 15
259 267 15
260 267 15
261 267 15
262 267 15
