342 347 1
343 347 1
344 347 1
345 347 1
346 347 1
342 348 2
343 348 2
344 348 2
345 348 2
346 348 2
342 349 3
343 349 3
344 349 3
345 349 3
346 349 3
342 350 4
343 350 4
344 350 4
345 350 4
346 350 4
342 351 5
343 351 5
344 351 5
345 351 5
346 351 5
342 347 6
343 347 6
344 347 6
345 347 6
346 347 6
342 348 7
343 348 7
344 348 7
345 348 7
346 348 7
342 349 8
343 349 8
344 349 8
345 349 8
346 349 8
342 350 9
343 350 9
344 350 9
345 350 9
346 350 9
342 351 10
343 351 10
344 351 10
345 351 10
346 351 10
342 347 11
343 347 11
344 347 11
345 347 11
346 347 11
342 348 12
343 348 12
344 348 12
345 348 12
346 348 12
342 349 13
343 349 13
344 349 13
345 349 13
346 349 13
342 350 14
343 350 14
344 350 14
345 350 14
346 350 14
342 351 15
343 351 15
344 351 15
345 351 15
346 351 15
