272 277 1
273 277 1
274 277 1
275 277 1
276 277 1
272 278 2
273 278 2
274 278 2
275 278 2
276 278 2
272 279 3
273 279 3
274 279 3
275 279 3
276 279 3
272 280 4
273 280 4
274 280 4
275 280 4
276 280 4
272 281 5
273 281 5
274 281 5
275 281 5
276 281 5
272 277 6
273 277 6
274 277 6
275 277 6
276 277 6
272 278 7
273 278 7
274 278 7
275 278 7
276 278 7
272 279 8
273 279 8
274 279 8
275 279 8
276 279 8
272 280 9
273 280 9
274 280 9
275 280 9
276 280 9
272 281 10
273 281 10
274 281 10
275 281 10
276 281 10
272 277 11
273 277 11
274 277 11
275 277 11
276 277 11
272 278 12
273 278 12
274 278 12
275 278 12
276 278 12
272 279 13
273 279 13
274 279 13
275 279 13
276 279 13
272 280 14
273 280 14
274 280 14
275 280 14
276 280 14
272 281 15
273 281 15
274 281 15
275 281 15
276 281 15
