286 291 1
287 291 1
288 291 1
289 291 1
290 291 1
286 292 2
287 292 2
288 292 2
289 292 2
290 292 2
286 293 3
287 293 3
288 293 3
289 293 3
290 293 3
286 294 4
287 294 4
288 294 4
289 294 4
290 294 4
286 295 5
287 295 5
288 295 5
289 295 5
290 295 5
286 291 6
287 291 6
288 291 6
289 291 6
290 291 6
286 292 7
287 292 7
288 292 7
289 292 7
290 292 7
286 293 8
287 293 8
288 293 8
289 293 8
290 293 8
286 294 9
287 294 9
288 294 9
289 294 9
290 294 9
286 295 10
287 295 10
288 295 10
289 295 10
290 295 10
286 291 11
287 291 11
288 291 11
289 291 11
290 291 11
286 292 12
287 292 12
288 292 12
289 292 12
290 292 12
286 293 13
287 293 13
288 293 13
289 293 13
290 293 13
286 294 14
287 294 14
288 294 14
289 294 14
290 294 14
286 295 15
287 295 15
288 295 15
289 295 15
290 295 15
