300 305 1
301 305 1
302 305 1
303 305 1
304 305 1
300 306 2
301 306 2
302 306 2
303 306 2
304 306 2
300 307 3
301 307 3
302 307 3
303 307 3
304 307 3
300 308 4
301 308 4
302 308 4
303 308 4
304 308 4
300 309 5
301 309 5
302 309 5
303 309 5
304 309 5
300 305 6
301 305 6
302 305 6
303 305 6
304 305 6
300 306 7
301 306 7
302 306 7
303 306 7
304 306 7
300 307 8
301 307 8
302 307 8
303 307 8
304 307 8
300 308 9
301 308 9
302 308 9
303 308 9
304 308 9
300 309 10
301 309 10
302 309 10
303 309 10
304 309 10
300 305 11
301 305 11
302 305 11
303 305 11
304 305 11
300 306 12
301 306 12
302 306 12
303 306 12
304 306 12
300 307 13
301 307 13
302 307 13
303 307 13
304 307 13
300 308 14
301 308 14
302 308 14
303 308 14
304 308 14
300 309 15
301 309 15
302 309 15
303 309 15
304 309 15
