188 193 1
189 193 1
190 193 1
191 193 1
192 193 1
188 194 2
189 194 2
190 194 2
191 194 2
192 194 2
188 195 3
189 195 3
190 195 3
191 195 3
192 195 3
188 196 4
189 196 4
190 196 4
191 196 4
192 196 4
188 197 5
189 197 5
190 197 5
191 197 5
192 197 5
188 193 6
189 193 6
190 193 6
191 193 6
192 193 6
188 194 7
189 194 7
190 194 7
191 194 7
192 194 7
188 195 8
189 195 8
190 195 8
191 195 8
192 195 8
188 196 9
189 196 9
190 196 9
191 196 9
192 196 9
188 197 10
189 197 10
190 197 10
191 197 10
192 197 10
188 193 11
189 193 11
190 193 11
191 193 11
192 193 11
188 194 12
189 194 12
190 194 12
191 194 12
192 194 12
188 195 13
189 195 13
190 195 13
191 195 13
192 195 13
188 196 14
189 196 14
190 196 14
191 196 14
192 196 14
188 197 15
189 197 15
190 197 15
191 197 15
192 197 15
