370 375 1
371 375 1
372 375 1
373 375 1
374 375 1
370 376 2
371 376 2
372 376 2
373 376 2
374 376 2
370 377 3
371 377 3
372 377 3
373 377 3
374 377 3
370 378 4
371 378 4
372 378 4
373 378 4
374 378 4
370 379 5
371 379 5
372 379 5
373 379 5
374 379 5
370 375 6
371 375 6
372 375 6
373 375 6
374 375 6
370 376 7
371 376 7
372 376 7
373 376 7
374 376 7
370 377 8
371 377 8
372 377 8
373 377 8
374 377 8
370 378 9
371 378 9
372 378 9
373 378 9
374 378 9
370 379 10
371 379 10
372 379 10
373 379 10
374 379 10
370 375 11
371 375 11
372 375 11
373 375 11
374 375 11
370 376 12
371 376 12
372 376 12
373 376 12
374 376 12
370 377 13
371 377 13
372 377 13
373 377 13
374 377 13
370 378 14
371 378 14
372 378 14
373 378 14
374 378 14
370 379 15
371 379 15
372 379 15
373 379 15
374 379 15
