30 42 1
31 42 1
32 42 1
33 42 1
34 42 1
35 42 1
36 42 1
37 42 1
38 42 1
39 42 1
40 42 1
41 42 1
30 43 2
31 43 2
32 43 2
33 43 2
34 43 2
35 43 2
36 43 2
37 43 2
38 43 2
39 43 2
40 43 2
41 43 2
30 44 3
31 44 3
32 44 3
33 44 3
34 44 3
35 44 3
36 44 3
37 44 3
38 44 3
39 44 3
40 44 3
41 44 3
30 45 4
31 45 4
32 45 4
33 45 4
34 45 4
35 45 4
36 45 4
37 45 4
38 45 4
39 45 4
40 45 4
41 45 4
30 46 5
31 46 5
32 46 5
33 46 5
34 46 5
35 46 5
36 46 5
37 46 5
38 46 5
39 46 5
40 46 5
41 46 5
30 47 6
31 47 6
32 47 6
33 47 6
34 47 6
35 47 6
36 47 6
37 47 6
38 47 6
39 47 6
40 47 6
41 47 6
30 42 7
31 42 7
32 42 7
33 42 7
34 42 7
35 42 7
36 42 7
37 42 7
38 42 7
39 42 7
40 42 7
41 42 7
30 43 8
31 43 8
32 43 8
33 43 8
34 43 8
35 43 8
36 43 8
37 43 8
38 43 8
39 43 8
40 43 8
41 43 8
30 44 9
31 44 9
32 44 9
33 44 9
34 44 9
35 44 9
36 44 9
37 44 9
38 44 9
39 44 9
40 44 9
41 44 9
30 45 10
31 45 10
32 45 10
33 45 10
34 45 10
35 45 10
36 45 10
37 45 10
38 45 10
39 45 10
40 45 10
41 45 10
30 46 11
31 46 11
32 46 11
33 46 11
34 46 11
35 46 11
36 46 11
37 46 11
38 46 11
39 46 11
40 46 11
41 46 11
30 47 12
31 47 12
32 47 12
33 47 12
34 47 12
35 47 12
36 47 12
37 47 12
38 47 12
39 47 12
40 47 12
41 47 12
30 42 13
31 42 13
32 42 13
33 42 13
34 42 13
35 42 13
36 42 13
37 42 13
38 42 13
39 42 13
40 42 13
41 42 13
30 43 14
31 43 14
32 43 14
33 43 14
34 43 14
35 43 14
36 43 14
37 43 14
38 43 14
39 43 14
40 43 14
41 43 14
30 44 15
31 44 15
32 44 15
33 44 15
34 44 15
35 44 15
36 44 15
37 44 15
38 44 15
39 44 15
40 44 15
41 44 15
30 45 16
31 45 16
32 45 16
33 45 16
34 45 16
35 45 16
36 45 16
37 45 16
38 45 16
39 45 16
40 45 16
41 45 16
30 46 17
31 46 17
32 46 17
33 46 17
34 46 17
35 46 17
36 46 17
37 46 17
38 46 17
39 46 17
40 46 17
41 46 17
30 47 18
31 47 18
32 47 18
33 47 18
34 47 18
35 47 18
36 47 18
37 47 18
38 47 18
39 47 18
40 47 18
41 47 18
30 42 19
31 42 19
32 42 19
33 42 19
34 42 19
35 42 19
36 42 19
37 42 19
38 42 19
39 42 19
40 42 19
41 42 19
30 43 20
31 43 20
32 43 20
33 43 20
34 43 20
35 43 20
36 43 20
37 43 20
38 43 20
39 43 20
40 43 20
41 43 20
30 44 21
31 44 21
32 44 21
33 44 21
34 44 21
35 44 21
36 44 21
37 44 21
38 44 21
39 44 21
40 44 21
41 44 21
30 45 22
31 45 22
32 45 22
33 45 22
34 45 22
35 45 22
36 45 22
37 45 22
38 45 22
39 45 22
40 45 22
41 45 22
30 46 23
31 46 23
32 46 23
33 46 23
34 46 23
35 46 23
36 46 23
37 46 23
38 46 23
39 46 23
40 46 23
41 46 23
30 47 24
31 47 24
32 47 24
33 47 24
34 47 24
35 47 24
36 47 24
37 47 24
38 47 24
39 47 24
40 47 24
41 47 24
30 42 25
31 42 25
32 42 25
33 42 25
34 42 25
35 42 25
36 42 25
37 42 25
38 42 25
39 42 25
40 42 25
41 42 25
30 43 26
31 43 26
32 43 26
33 43 26
34 43 26
35 43 26
36 43 26
37 43 26
38 43 26
39 43 26
40 43 26
41 43 26
30 44 27
31 44 27
32 44 27
33 44 27
34 44 27
35 44 27
36 44 27
37 44 27
38 44 27
39 44 27
40 44 27
41 44 27
30 45 28
31 45 28
32 45 28
33 45 28
34 45 28
35 45 28
36 45 28
37 45 28
38 45 28
39 45 28
40 45 28
41 45 28
30 46 29
31 46 29
32 46 29
33 46 29
34 46 29
35 46 29
36 46 29
37 46 29
38 46 29
39 46 29
40 46 29
41 46 29
30 47 30
31 47 30
32 47 30
33 47 30
34 47 30
35 47 30
36 47 30
37 47 30
38 47 30
39 47 30
40 47 30
41 47 30
30 42 31
31 42 31
32 42 31
33 42 31
34 42 31
35 42 31
36 42 31
37 42 31
38 42 31
39 42 31
40 42 31
41 42 31
30 43 32
31 43 32
32 43 32
33 43 32
34 43 32
35 43 32
36 43 32
37 43 32
38 43 32
39 43 32
40 43 32
41 43 32
30 44 33
31 44 33
32 44 33
33 44 33
34 44 33
35 44 33
36 44 33
37 44 33
38 44 33
39 44 33
40 44 33
41 44 33
30 45 34
31 45 34
32 45 34
33 45 34
34 45 34
35 45 34
36 45 34
37 45 34
38 45 34
39 45 34
40 45 34
41 45 34
30 46 35
31 46 35
32 46 35
33 46 35
34 46 35
35 46 35
36 46 35
37 46 35
38 46 35
39 46 35
40 46 35
41 46 35
30 47 36
31 47 36
32 47 36
33 47 36
34 47 36
35 47 36
36 47 36
37 47 36
38 47 36
39 47 36
40 47 36
41 47 36
30 42 37
31 42 37
32 42 37
33 42 37
34 42 37
35 42 37
36 42 37
37 42 37
38 42 37
39 42 37
40 42 37
41 42 37
30 43 38
31 43 38
32 43 38
33 43 38
34 43 38
35 43 38
36 43 38
37 43 38
38 43 38
39 43 38
40 43 38
41 43 38
30 44 39
31 44 39
32 44 39
33 44 39
34 44 39
35 44 39
36 44 39
37 44 39
38 44 39
39 44 39
40 44 39
41 44 39
30 45 40
31 45 40
32 45 40
33 45 40
34 45 40
35 45 40
36 45 40
37 45 40
38 45 40
39 45 40
40 45 40
41 45 40
30 46 41
31 46 41
32 46 41
33 46 41
34 46 41
35 46 41
36 46 41
37 46 41
38 46 41
39 46 41
40 46 41
41 46 41
30 47 42
31 47 42
32 47 42
33 47 42
34 47 42
35 47 42
36 47 42
37 47 42
38 47 42
39 47 42
40 47 42
41 47 42
30 42 43
31 42 43
32 42 43
33 42 43
34 42 43
35 42 43
36 42 43
37 42 43
38 42 43
39 42 43
40 42 43
41 42 43
30 43 44
31 43 44
32 43 44
33 43 44
34 43 44
35 43 44
36 43 44
37 43 44
38 43 44
39 43 44
40 43 44
41 43 44
30 44 45
31 44 45
32 44 45
33 44 45
34 44 45
35 44 45
36 44 45
37 44 45
38 44 45
39 44 45
40 44 45
41 44 45
30 45 46
31 45 46
32 45 46
33 45 46
34 45 46
35 45 46
36 45 46
37 45 46
38 45 46
39 45 46
40 45 46
41 45 46
30 46 47
31 46 47
32 46 47
33 46 47
34 46 47
35 46 47
36 46 47
37 46 47
38 46 47
39 46 47
40 46 47
41 46 47
30 47 48
31 47 48
32 47 48
33 47 48
34 47 48
35 47 48
36 47 48
37 47 48
38 47 48
39 47 48
40 47 48
41 47 48
30 42 49
31 42 49
32 42 49
33 42 49
34 42 49
35 42 49
36 42 49
37 42 49
38 42 49
39 42 49
40 42 49
41 42 49
30 43 50
31 43 50
32 43 50
33 43 50
34 43 50
35 43 50
36 43 50
37 43 50
38 43 50
39 43 50
40 43 50
41 43 50
30 44 51
31 44 51
32 44 51
33 44 51
34 44 51
35 44 51
36 44 51
37 44 51
38 44 51
39 44 51
40 44 51
41 44 51
30 45 52
31 45 52
32 45 52
33 45 52
34 45 52
35 45 52
36 45 52
37 45 52
38 45 52
39 45 52
40 45 52
41 45 52
30 46 53
31 46 53
32 46 53
33 46 53
34 46 53
35 46 53
36 46 53
37 46 53
38 46 53
39 46 53
40 46 53
41 46 53
30 47 54
31 47 54
32 47 54
33 47 54
34 47 54
35 47 54
36 47 54
37 47 54
38 47 54
39 47 54
40 47 54
41 47 54
30 42 55
31 42 55
32 42 55
33 42 55
34 42 55
35 42 55
36 42 55
37 42 55
38 42 55
39 42 55
40 42 55
41 42 55
30 43 56
31 43 56
32 43 56
33 43 56
34 43 56
35 43 56
36 43 56
37 43 56
38 43 56
39 43 56
40 43 56
41 43 56
30 44 57
31 44 57
32 44 57
33 44 57
34 44 57
35 44 57
36 44 57
37 44 57
38 44 57
39 44 57
40 44 57
41 44 57
30 45 58
31 45 58
32 45 58
33 45 58
34 45 58
35 45 58
36 45 58
37 45 58
38 45 58
39 45 58
40 45 58
41 45 58
30 46 59
31 46 59
32 46 59
33 46 59
34 46 59
35 46 59
36 46 59
37 46 59
38 46 59
39 46 59
40 46 59
41 46 59
30 47 60
31 47 60
32 47 60
33 47 60
34 47 60
35 47 60
36 47 60
37 47 60
38 47 60
39 47 60
40 47 60
41 47 60
30 42 61
31 42 61
32 42 61
33 42 61
34 42 61
35 42 61
36 42 61
37 42 61
38 42 61
39 42 61
40 42 61
41 42 61
30 43 62
31 43 62
32 43 62
33 43 62
34 43 62
35 43 62
36 43 62
37 43 62
38 43 62
39 43 62
40 43 62
41 43 62
30 44 63
31 44 63
32 44 63
33 44 63
34 44 63
35 44 63
36 44 63
37 44 63
38 44 63
39 44 63
40 44 63
41 44 63
30 45 64
31 45 64
32 45 64
33 45 64
34 45 64
35 45 64
36 45 64
37 45 64
38 45 64
39 45 64
40 45 64
41 45 64
30 46 65
31 46 65
32 46 65
33 46 65
34 46 65
35 46 65
36 46 65
37 46 65
38 46 65
39 46 65
40 46 65
41 46 65
30 47 66
31 47 66
32 47 66
33 47 66
34 47 66
35 47 66
36 47 66
37 47 66
38 47 66
39 47 66
40 47 66
41 47 66
30 42 67
31 42 67
32 42 67
33 42 67
34 42 67
35 42 67
36 42 67
37 42 67
38 42 67
39 42 67
40 42 67
41 42 67
30 43 68
31 43 68
32 43 68
33 43 68
34 43 68
35 43 68
36 43 68
37 43 68
38 43 68
39 43 68
40 43 68
41 43 68
30 44 69
31 44 69
32 44 69
33 44 69
34 44 69
35 44 69
36 44 69
37 44 69
38 44 69
39 44 69
40 44 69
41 44 69
30 45 70
31 45 70
32 45 70
33 45 70
34 45 70
35 45 70
36 45 70
37 45 70
38 45 70
39 45 70
40 45 70
41 45 70
30 46 71
31 46 71
32 46 71
33 46 71
34 46 71
35 46 71
36 46 71
37 46 71
38 46 71
39 46 71
40 46 71
41 46 71
30 47 72
31 47 72
32 47 72
33 47 72
34 47 72
35 47 72
36 47 72
37 47 72
38 47 72
39 47 72
40 47 72
41 47 72
30 42 73
31 42 73
32 42 73
33 42 73
34 42 73
35 42 73
36 42 73
37 42 73
38 42 73
39 42 73
40 42 73
41 42 73
30 43 74
31 43 74
32 43 74
33 43 74
34 43 74
35 43 74
36 43 74
37 43 74
38 43 74
39 43 74
40 43 74
41 43 74
30 44 75
31 44 75
32 44 75
33 44 75
34 44 75
35 44 75
36 44 75
37 44 75
38 44 75
39 44 75
40 44 75
41 44 75
30 45 76
31 45 76
32 45 76
33 45 76
34 45 76
35 45 76
36 45 76
37 45 76
38 45 76
39 45 76
40 45 76
41 45 76
30 46 77
31 46 77
32 46 77
33 46 77
34 46 77
35 46 77
36 46 77
37 46 77
38 46 77
39 46 77
40 46 77
41 46 77
30 47 78
31 47 78
32 47 78
33 47 78
34 47 78
35 47 78
36 47 78
37 47 78
38 47 78
39 47 78
40 47 78
41 47 78
30 42 79
31 42 79
32 42 79
33 42 79
34 42 79
35 42 79
36 42 79
37 42 79
38 42 79
39 42 79
40 42 79
41 42 79
30 43 80
31 43 80
32 43 80
33 43 80
34 43 80
35 43 80
36 43 80
37 43 80
38 43 80
39 43 80
40 43 80
41 43 80
30 44 81
31 44 81
32 44 81
33 44 81
34 44 81
35 44 81
36 44 81
37 44 81
38 44 81
39 44 81
40 44 81
41 44 81
30 45 82
31 45 82
32 45 82
33 45 82
34 45 82
35 45 82
36 45 82
37 45 82
38 45 82
39 45 82
40 45 82
41 45 82
30 46 83
31 46 83
32 46 83
33 46 83
34 46 83
35 46 83
36 46 83
37 46 83
38 46 83
39 46 83
40 46 83
41 46 83
30 47 84
31 47 84
32 47 84
33 47 84
34 47 84
35 47 84
36 47 84
37 47 84
38 47 84
39 47 84
40 47 84
41 47 84
30 42 85
31 42 85
32 42 85
33 42 85
34 42 85
35 42 85
36 42 85
37 42 85
38 42 85
39 42 85
40 42 85
41 42 85
30 43 86
31 43 86
32 43 86
33 43 86
34 43 86
35 43 86
36 43 86
37 43 86
38 43 86
39 43 86
40 43 86
41 43 86
30 44 87
31 44 87
32 44 87
33 44 87
34 44 87
35 44 87
36 44 87
37 44 87
38 44 87
39 44 87
40 44 87
41 44 87
30 45 88
31 45 88
32 45 88
33 45 88
34 45 88
35 45 88
36 45 88
37 45 88
38 45 88
39 45 88
40 45 88
41 45 88
30 46 89
31 46 89
32 46 89
33 46 89
34 46 89
35 46 89
36 46 89
37 46 89
38 46 89
39 46 89
40 46 89
41 46 89
30 47 90
31 47 90
32 47 90
33 47 90
34 47 90
35 47 90
36 47 90
37 47 90
38 47 90
39 47 90
40 47 90
41 47 90
30 42 91
31 42 91
32 42 91
33 42 91
34 42 91
35 42 91
36 42 91
37 42 91
38 42 91
39 42 91
40 42 91
41 42 91
30 43 92
31 43 92
32 43 92
33 43 92
34 43 92
35 43 92
36 43 92
37 43 92
38 43 92
39 43 92
40 43 92
41 43 92
30 44 93
31 44 93
32 44 93
33 44 93
34 44 93
35 44 93
36 44 93
37 44 93
38 44 93
39 44 93
40 44 93
41 44 93
30 45 94
31 45 94
32 45 94
33 45 94
34 45 94
35 45 94
36 45 94
37 45 94
38 45 94
39 45 94
40 45 94
41 45 94
30 46 95
31 46 95
32 46 95
33 46 95
34 46 95
35 46 95
36 46 95
37 46 95
38 46 95
39 46 95
40 46 95
41 46 95
30 47 96
31 47 96
32 47 96
33 47 96
34 47 96
35 47 96
36 47 96
37 47 96
38 47 96
39 47 96
40 47 96
41 47 96
30 42 97
31 42 97
32 42 97
33 42 97
34 42 97
35 42 97
36 42 97
37 42 97
38 42 97
39 42 97
40 42 97
41 42 97
30 43 98
31 43 98
32 43 98
33 43 98
34 43 98
35 43 98
36 43 98
37 43 98
38 43 98
39 43 98
40 43 98
41 43 98
30 44 99
31 44 99
32 44 99
33 44 99
34 44 99
35 44 99
36 44 99
37 44 99
38 44 99
39 44 99
40 44 99
41 44 99
30 45 100
31 45 100
32 45 100
33 45 100
34 45 100
35 45 100
36 45 100
37 45 100
38 45 100
39 45 100
40 45 100
41 45 100
30 46 101
31 46 101
32 46 101
33 46 101
34 46 101
35 46 101
36 46 101
37 46 101
38 46 101
39 46 101
40 46 101
41 46 101
30 47 102
31 47 102
32 47 102
33 47 102
34 47 102
35 47 102
36 47 102
37 47 102
38 47 102
39 47 102
40 47 102
41 47 102
30 42 103
31 42 103
32 42 103
33 42 103
34 42 103
35 42 103
36 42 103
37 42 103
38 42 103
39 42 103
40 42 103
41 42 103
30 43 104
31 43 104
32 43 104
33 43 104
34 43 104
35 43 104
36 43 104
37 43 104
38 43 104
39 43 104
40 43 104
41 43 104
30 44 105
31 44 105
32 44 105
33 44 105
34 44 105
35 44 105
36 44 105
37 44 105
38 44 105
39 44 105
40 44 105
41 44 105
30 45 106
31 45 106
32 45 106
33 45 106
34 45 106
35 45 106
36 45 106
37 45 106
38 45 106
39 45 106
40 45 106
41 45 106
30 46 107
31 46 107
32 46 107
33 46 107
34 46 107
35 46 107
36 46 107
37 46 107
38 46 107
39 46 107
40 46 107
41 46 107
30 47 108
31 47 108
32 47 108
33 47 108
34 47 108
35 47 108
36 47 108
37 47 108
38 47 108
39 47 108
40 47 108
41 47 108
30 42 109
31 42 109
32 42 109
33 42 109
34 42 109
35 42 109
36 42 109
37 42 109
38 42 109
39 42 109
40 42 109
41 42 109
30 43 110
31 43 110
32 43 110
33 43 110
34 43 110
35 43 110
36 43 110
37 43 110
38 43 110
39 43 110
40 43 110
41 43 110
30 44 111
31 44 111
32 44 111
33 44 111
34 44 111
35 44 111
36 44 111
37 44 111
38 44 111
39 44 111
40 44 111
41 44 111
30 45 112
31 45 112
32 45 112
33 45 112
34 45 112
35 45 112
36 45 112
37 45 112
38 45 112
39 45 112
40 45 112
41 45 112
30 46 113
31 46 113
32 46 113
33 46 113
34 46 113
35 46 113
36 46 113
37 46 113
38 46 113
39 46 113
40 46 113
41 46 113
30 47 114
31 47 114
32 47 114
33 47 114
34 47 114
35 47 114
36 47 114
37 47 114
38 47 114
39 47 114
40 47 114
41 47 114
30 42 115
31 42 115
32 42 115
33 42 115
34 42 115
35 42 115
36 42 115
37 42 115
38 42 115
39 42 115
40 42 115
41 42 115
30 43 116
31 43 116
32 43 116
33 43 116
34 43 116
35 43 116
36 43 116
37 43 116
38 43 116
39 43 116
40 43 116
41 43 116
30 44 117
31 44 117
32 44 117
33 44 117
34 44 117
35 44 117
36 44 117
37 44 117
38 44 117
39 44 117
40 44 117
41 44 117
30 45 118
31 45 118
32 45 118
33 45 118
34 45 118
35 45 118
36 45 118
37 45 118
38 45 118
39 45 118
40 45 118
41 45 118
30 46 119
31 46 119
32 46 119
33 46 119
34 46 119
35 46 119
36 46 119
37 46 119
38 46 119
39 46 119
40 46 119
41 46 119
30 47 120
31 47 120
32 47 120
33 47 120
34 47 120
35 47 120
36 47 120
37 47 120
38 47 120
39 47 120
40 47 120
41 47 120
30 42 121
31 42 121
32 42 121
33 42 121
34 42 121
35 42 121
36 42 121
37 42 121
38 42 121
39 42 121
40 42 121
41 42 121
30 43 122
31 43 122
32 43 122
33 43 122
34 43 122
35 43 122
36 43 122
37 43 122
38 43 122
39 43 122
40 43 122
41 43 122
30 44 123
31 44 123
32 44 123
33 44 123
34 44 123
35 44 123
36 44 123
37 44 123
38 44 123
39 44 123
40 44 123
41 44 123
30 45 124
31 45 124
32 45 124
33 45 124
34 45 124
35 45 124
36 45 124
37 45 124
38 45 124
39 45 124
40 45 124
41 45 124
30 46 125
31 46 125
32 46 125
33 46 125
34 46 125
35 46 125
36 46 125
37 46 125
38 46 125
39 46 125
40 46 125
41 46 125
30 47 126
31 47 126
32 47 126
33 47 126
34 47 126
35 47 126
36 47 126
37 47 126
38 47 126
39 47 126
40 47 126
41 47 126
30 42 127
31 42 127
32 42 127
33 42 127
34 42 127
35 42 127
36 42 127
37 42 127
38 42 127
39 42 127
40 42 127
41 42 127
30 43 128
31 43 128
32 43 128
33 43 128
34 43 128
35 43 128
36 43 128
37 43 128
38 43 128
39 43 128
40 43 128
41 43 128
30 44 129
31 44 129
32 44 129
33 44 129
34 44 129
35 44 129
36 44 129
37 44 129
38 44 129
39 44 129
40 44 129
41 44 129
30 45 130
31 45 130
32 45 130
33 45 130
34 45 130
35 45 130
36 45 130
37 45 130
38 45 130
39 45 130
40 45 130
41 45 130
30 46 131
31 46 131
32 46 131
33 46 131
34 46 131
35 46 131
36 46 131
37 46 131
38 46 131
39 46 131
40 46 131
41 46 131
30 47 132
31 47 132
32 47 132
33 47 132
34 47 132
35 47 132
36 47 132
37 47 132
38 47 132
39 47 132
40 47 132
41 47 132
30 42 133
31 42 133
32 42 133
33 42 133
34 42 133
35 42 133
36 42 133
37 42 133
38 42 133
39 42 133
40 42 133
41 42 133
30 43 134
31 43 134
32 43 134
33 43 134
34 43 134
35 43 134
36 43 134
37 43 134
38 43 134
39 43 134
40 43 134
41 43 134
30 44 135
31 44 135
32 44 135
33 44 135
34 44 135
35 44 135
36 44 135
37 44 135
38 44 135
39 44 135
40 44 135
41 44 135
30 45 136
31 45 136
32 45 136
33 45 136
34 45 136
35 45 136
36 45 136
37 45 136
38 45 136
39 45 136
40 45 136
41 45 136
30 46 137
31 46 137
32 46 137
33 46 137
34 46 137
35 46 137
36 46 137
37 46 137
38 46 137
39 46 137
40 46 137
41 46 137
30 47 138
31 47 138
32 47 138
33 47 138
34 47 138
35 47 138
36 47 138
37 47 138
38 47 138
39 47 138
40 47 138
41 47 138
30 42 139
31 42 139
32 42 139
33 42 139
34 42 139
35 42 139
36 42 139
37 42 139
38 42 139
39 42 139
40 42 139
41 42 139
30 43 140
31 43 140
32 43 140
33 43 140
34 43 140
35 43 140
36 43 140
37 43 140
38 43 140
39 43 140
40 43 140
41 43 140
30 44 141
31 44 141
32 44 141
33 44 141
34 44 141
35 44 141
36 44 141
37 44 141
38 44 141
39 44 141
40 44 141
41 44 141
30 45 142
31 45 142
32 45 142
33 45 142
34 45 142
35 45 142
36 45 142
37 45 142
38 45 142
39 45 142
40 45 142
41 45 142
30 46 143
31 46 143
32 46 143
33 46 143
34 46 143
35 46 143
36 46 143
37 46 143
38 46 143
39 46 143
40 46 143
41 46 143
30 47 144
31 47 144
32 47 144
33 47 144
34 47 144
35 47 144
36 47 144
37 47 144
38 47 144
39 47 144
40 47 144
41 47 144
30 42 145
31 42 145
32 42 145
33 42 145
34 42 145
35 42 145
36 42 145
37 42 145
38 42 145
39 42 145
40 42 145
41 42 145
30 43 146
31 43 146
32 43 146
33 43 146
34 43 146
35 43 146
36 43 146
37 43 146
38 43 146
39 43 146
40 43 146
41 43 146
30 44 147
31 44 147
32 44 147
33 44 147
34 44 147
35 44 147
36 44 147
37 44 147
38 44 147
39 44 147
40 44 147
41 44 147
30 45 148
31 45 148
32 45 148
33 45 148
34 45 148
35 45 148
36 45 148
37 45 148
38 45 148
39 45 148
40 45 148
41 45 148
30 46 149
31 46 149
32 46 149
33 46 149
34 46 149
35 46 149
36 46 149
37 46 149
38 46 149
39 46 149
40 46 149
41 46 149
30 47 150
31 47 150
32 47 150
33 47 150
34 47 150
35 47 150
36 47 150
37 47 150
38 47 150
39 47 150
40 47 150
41 47 150
30 42 151
31 42 151
32 42 151
33 42 151
34 42 151
35 42 151
36 42 151
37 42 151
38 42 151
39 42 151
40 42 151
41 42 151
30 43 152
31 43 152
32 43 152
33 43 152
34 43 152
35 43 152
36 43 152
37 43 152
38 43 152
39 43 152
40 43 152
41 43 152
30 44 153
31 44 153
32 44 153
33 44 153
34 44 153
35 44 153
36 44 153
37 44 153
38 44 153
39 44 153
40 44 153
41 44 153
30 45 154
31 45 154
32 45 154
33 45 154
34 45 154
35 45 154
36 45 154
37 45 154
38 45 154
39 45 154
40 45 154
41 45 154
30 46 155
31 46 155
32 46 155
33 46 155
34 46 155
35 46 155
36 46 155
37 46 155
38 46 155
39 46 155
40 46 155
41 46 155
30 47 156
31 47 156
32 47 156
33 47 156
34 47 156
35 47 156
36 47 156
37 47 156
38 47 156
39 47 156
40 47 156
41 47 156
30 42 157
31 42 157
32 42 157
33 42 157
34 42 157
35 42 157
36 42 157
37 42 157
38 42 157
39 42 157
40 42 157
41 42 157
30 43 158
31 43 158
32 43 158
33 43 158
34 43 158
35 43 158
36 43 158
37 43 158
38 43 158
39 43 158
40 43 158
41 43 158
30 44 159
31 44 159
32 44 159
33 44 159
34 44 159
35 44 159
36 44 159
37 44 159
38 44 159
39 44 159
40 44 159
41 44 159
30 45 160
31 45 160
32 45 160
33 45 160
34 45 160
35 45 160
36 45 160
37 45 160
38 45 160
39 45 160
40 45 160
41 45 160
30 46 161
31 46 161
32 46 161
33 46 161
34 46 161
35 46 161
36 46 161
37 46 161
38 46 161
39 46 161
40 46 161
41 46 161
30 47 162
31 47 162
32 47 162
33 47 162
34 47 162
35 47 162
36 47 162
37 47 162
38 47 162
39 47 162
40 47 162
41 47 162
30 42 163
31 42 163
32 42 163
33 42 163
34 42 163
35 42 163
36 42 163
37 42 163
38 42 163
39 42 163
40 42 163
41 42 163
30 43 164
31 43 164
32 43 164
33 43 164
34 43 164
35 43 164
36 43 164
37 43 164
38 43 164
39 43 164
40 43 164
41 43 164
30 44 165
31 44 165
32 44 165
33 44 165
34 44 165
35 44 165
36 44 165
37 44 165
38 44 165
39 44 165
40 44 165
41 44 165
30 45 166
31 45 166
32 45 166
33 45 166
34 45 166
35 45 166
36 45 166
37 45 166
38 45 166
39 45 166
40 45 166
41 45 166
30 46 167
31 46 167
32 46 167
33 46 167
34 46 167
35 46 167
36 46 167
37 46 167
38 46 167
39 46 167
40 46 167
41 46 167
30 47 168
31 47 168
32 47 168
33 47 168
34 47 168
35 47 168
36 47 168
37 47 168
38 47 168
39 47 168
40 47 168
41 47 168
30 42 169
31 42 169
32 42 169
33 42 169
34 42 169
35 42 169
36 42 169
37 42 169
38 42 169
39 42 169
40 42 169
41 42 169
30 43 170
31 43 170
32 43 170
33 43 170
34 43 170
35 43 170
36 43 170
37 43 170
38 43 170
39 43 170
40 43 170
41 43 170
30 44 171
31 44 171
32 44 171
33 44 171
34 44 171
35 44 171
36 44 171
37 44 171
38 44 171
39 44 171
40 44 171
41 44 171
30 45 172
31 45 172
32 45 172
33 45 172
34 45 172
35 45 172
36 45 172
37 45 172
38 45 172
39 45 172
40 45 172
41 45 172
30 46 173
31 46 173
32 46 173
33 46 173
34 46 173
35 46 173
36 46 173
37 46 173
38 46 173
39 46 173
40 46 173
41 46 173
30 47 174
31 47 174
32 47 174
33 47 174
34 47 174
35 47 174
36 47 174
37 47 174
38 47 174
39 47 174
40 47 174
41 47 174
30 42 175
31 42 175
32 42 175
33 42 175
34 42 175
35 42 175
36 42 175
37 42 175
38 42 175
39 42 175
40 42 175
41 42 175
30 43 176
31 43 176
32 43 176
33 43 176
34 43 176
35 43 176
36 43 176
37 43 176
38 43 176
39 43 176
40 43 176
41 43 176
30 44 177
31 44 177
32 44 177
33 44 177
34 44 177
35 44 177
36 44 177
37 44 177
38 44 177
39 44 177
40 44 177
41 44 177
30 45 178
31 45 178
32 45 178
33 45 178
34 45 178
35 45 178
36 45 178
37 45 178
38 45 178
39 45 178
40 45 178
41 45 178
30 46 179
31 46 179
32 46 179
33 46 179
34 46 179
35 46 179
36 46 179
37 46 179
38 46 179
39 46 179
40 46 179
41 46 179
30 47 180
31 47 180
32 47 180
33 47 180
34 47 180
35 47 180
36 47 180
37 47 180
38 47 180
39 47 180
40 47 180
41 47 180
30 42 181
31 42 181
32 42 181
33 42 181
34 42 181
35 42 181
36 42 181
37 42 181
38 42 181
39 42 181
40 42 181
41 42 181
30 43 182
31 43 182
32 43 182
33 43 182
34 43 182
35 43 182
36 43 182
37 43 182
38 43 182
39 43 182
40 43 182
41 43 182
30 44 183
31 44 183
32 44 183
33 44 183
34 44 183
35 44 183
36 44 183
37 44 183
38 44 183
39 44 183
40 44 183
41 44 183
30 45 184
31 45 184
32 45 184
33 45 184
34 45 184
35 45 184
36 45 184
37 45 184
38 45 184
39 45 184
40 45 184
41 45 184
30 46 185
31 46 185
32 46 185
33 46 185
34 46 185
35 46 185
36 46 185
37 46 185
38 46 185
39 46 185
40 46 185
41 46 185
30 47 186
31 47 186
32 47 186
33 47 186
34 47 186
35 47 186
36 47 186
37 47 186
38 47 186
39 47 186
40 47 186
41 47 186
30 42 187
31 42 187
32 42 187
33 42 187
34 42 187
35 42 187
36 42 187
37 42 187
38 42 187
39 42 187
40 42 187
41 42 187
30 43 188
31 43 188
32 43 188
33 43 188
34 43 188
35 43 188
36 43 188
37 43 188
38 43 188
39 43 188
40 43 188
41 43 188
30 44 189
31 44 189
32 44 189
33 44 189
34 44 189
35 44 189
36 44 189
37 44 189
38 44 189
39 44 189
40 44 189
41 44 189
30 45 190
31 45 190
32 45 190
33 45 190
34 45 190
35 45 190
36 45 190
37 45 190
38 45 190
39 45 190
40 45 190
41 45 190
30 46 191
31 46 191
32 46 191
33 46 191
34 46 191
35 46 191
36 46 191
37 46 191
38 46 191
39 46 191
40 46 191
41 46 191
30 47 192
31 47 192
32 47 192
33 47 192
34 47 192
35 47 192
36 47 192
37 47 192
38 47 192
39 47 192
40 47 192
41 47 192
30 42 193
31 42 193
32 42 193
33 42 193
34 42 193
35 42 193
36 42 193
37 42 193
38 42 193
39 42 193
40 42 193
41 42 193
30 43 194
31 43 194
32 43 194
33 43 194
34 43 194
35 43 194
36 43 194
37 43 194
38 43 194
39 43 194
40 43 194
41 43 194
30 44 195
31 44 195
32 44 195
33 44 195
34 44 195
35 44 195
36 44 195
37 44 195
38 44 195
39 44 195
40 44 195
41 44 195
30 45 196
31 45 196
32 45 196
33 45 196
34 45 196
35 45 196
36 45 196
37 45 196
38 45 196
39 45 196
40 45 196
41 45 196
30 46 197
31 46 197
32 46 197
33 46 197
34 46 197
35 46 197
36 46 197
37 46 197
38 46 197
39 46 197
40 46 197
41 46 197
30 47 198
31 47 198
32 47 198
33 47 198
34 47 198
35 47 198
36 47 198
37 47 198
38 47 198
39 47 198
40 47 198
41 47 198
30 42 199
31 42 199
32 42 199
33 42 199
34 42 199
35 42 199
36 42 199
37 42 199
38 42 199
39 42 199
40 42 199
41 42 199
30 43 200
31 43 200
32 43 200
33 43 200
34 43 200
35 43 200
36 43 200
37 43 200
38 43 200
39 43 200
40 43 200
41 43 200
30 44 201
31 44 201
32 44 201
33 44 201
34 44 201
35 44 201
36 44 201
37 44 201
38 44 201
39 44 201
40 44 201
41 44 201
30 45 202
31 45 202
32 45 202
33 45 202
34 45 202
35 45 202
36 45 202
37 45 202
38 45 202
39 45 202
40 45 202
41 45 202
30 46 203
31 46 203
32 46 203
33 46 203
34 46 203
35 46 203
36 46 203
37 46 203
38 46 203
39 46 203
40 46 203
41 46 203
30 47 204
31 47 204
32 47 204
33 47 204
34 47 204
35 47 204
36 47 204
37 47 204
38 47 204
39 47 204
40 47 204
41 47 204
30 42 205
31 42 205
32 42 205
33 42 205
34 42 205
35 42 205
36 42 205
37 42 205
38 42 205
39 42 205
40 42 205
41 42 205
30 43 206
31 43 206
32 43 206
33 43 206
34 43 206
35 43 206
36 43 206
37 43 206
38 43 206
39 43 206
40 43 206
41 43 206
30 44 207
31 44 207
32 44 207
33 44 207
34 44 207
35 44 207
36 44 207
37 44 207
38 44 207
39 44 207
40 44 207
41 44 207
30 45 208
31 45 208
32 45 208
33 45 208
34 45 208
35 45 208
36 45 208
37 45 208
38 45 208
39 45 208
40 45 208
41 45 208
30 46 209
31 46 209
32 46 209
33 46 209
34 46 209
35 46 209
36 46 209
37 46 209
38 46 209
39 46 209
40 46 209
41 46 209
30 47 210
31 47 210
32 47 210
33 47 210
34 47 210
35 47 210
36 47 210
37 47 210
38 47 210
39 47 210
40 47 210
41 47 210
30 42 211
31 42 211
32 42 211
33 42 211
34 42 211
35 42 211
36 42 211
37 42 211
38 42 211
39 42 211
40 42 211
41 42 211
30 43 212
31 43 212
32 43 212
33 43 212
34 43 212
35 43 212
36 43 212
37 43 212
38 43 212
39 43 212
40 43 212
41 43 212
30 44 213
31 44 213
32 44 213
33 44 213
34 44 213
35 44 213
36 44 213
37 44 213
38 44 213
39 44 213
40 44 213
41 44 213
30 45 214
31 45 214
32 45 214
33 45 214
34 45 214
35 45 214
36 45 214
37 45 214
38 45 214
39 45 214
40 45 214
41 45 214
30 46 215
31 46 215
32 46 215
33 46 215
34 46 215
35 46 215
36 46 215
37 46 215
38 46 215
39 46 215
40 46 215
41 46 215
30 47 216
31 47 216
32 47 216
33 47 216
34 47 216
35 47 216
36 47 216
37 47 216
38 47 216
39 47 216
40 47 216
41 47 216
30 42 217
31 42 217
32 42 217
33 42 217
34 42 217
35 42 217
36 42 217
37 42 217
38 42 217
39 42 217
40 42 217
41 42 217
30 43 218
31 43 218
32 43 218
33 43 218
34 43 218
35 43 218
36 43 218
37 43 218
38 43 218
39 43 218
40 43 218
41 43 218
30 44 219
31 44 219
32 44 219
33 44 219
34 44 219
35 44 219
36 44 219
37 44 219
38 44 219
39 44 219
40 44 219
41 44 219
30 45 220
31 45 220
32 45 220
33 45 220
34 45 220
35 45 220
36 45 220
37 45 220
38 45 220
39 45 220
40 45 220
41 45 220
30 46 221
31 46 221
32 46 221
33 46 221
34 46 221
35 46 221
36 46 221
37 46 221
38 46 221
39 46 221
40 46 221
41 46 221
30 47 222
31 47 222
32 47 222
33 47 222
34 47 222
35 47 222
36 47 222
37 47 222
38 47 222
39 47 222
40 47 222
41 47 222
30 42 223
31 42 223
32 42 223
33 42 223
34 42 223
35 42 223
36 42 223
37 42 223
38 42 223
39 42 223
40 42 223
41 42 223
30 43 224
31 43 224
32 43 224
33 43 224
34 43 224
35 43 224
36 43 224
37 43 224
38 43 224
39 43 224
40 43 224
41 43 224
30 44 225
31 44 225
32 44 225
33 44 225
34 44 225
35 44 225
36 44 225
37 44 225
38 44 225
39 44 225
40 44 225
41 44 225
30 45 226
31 45 226
32 45 226
33 45 226
34 45 226
35 45 226
36 45 226
37 45 226
38 45 226
39 45 226
40 45 226
41 45 226
30 46 227
31 46 227
32 46 227
33 46 227
34 46 227
35 46 227
36 46 227
37 46 227
38 46 227
39 46 227
40 46 227
41 46 227
30 47 228
31 47 228
32 47 228
33 47 228
34 47 228
35 47 228
36 47 228
37 47 228
38 47 228
39 47 228
40 47 228
41 47 228
30 42 229
31 42 229
32 42 229
33 42 229
34 42 229
35 42 229
36 42 229
37 42 229
38 42 229
39 42 229
40 42 229
41 42 229
30 43 230
31 43 230
32 43 230
33 43 230
34 43 230
35 43 230
36 43 230
37 43 230
38 43 230
39 43 230
40 43 230
41 43 230
30 44 231
31 44 231
32 44 231
33 44 231
34 44 231
35 44 231
36 44 231
37 44 231
38 44 231
39 44 231
40 44 231
41 44 231
30 45 232
31 45 232
32 45 232
33 45 232
34 45 232
35 45 232
36 45 232
37 45 232
38 45 232
39 45 232
40 45 232
41 45 232
30 46 233
31 46 233
32 46 233
33 46 233
34 46 233
35 46 233
36 46 233
37 46 233
38 46 233
39 46 233
40 46 233
41 46 233
30 47 234
31 47 234
32 47 234
33 47 234
34 47 234
35 47 234
36 47 234
37 47 234
38 47 234
39 47 234
40 47 234
41 47 234
30 42 235
31 42 235
32 42 235
33 42 235
34 42 235
35 42 235
36 42 235
37 42 235
38 42 235
39 42 235
40 42 235
41 42 235
30 43 236
31 43 236
32 43 236
33 43 236
34 43 236
35 43 236
36 43 236
37 43 236
38 43 236
39 43 236
40 43 236
41 43 236
30 44 237
31 44 237
32 44 237
33 44 237
34 44 237
35 44 237
36 44 237
37 44 237
38 44 237
39 44 237
40 44 237
41 44 237
30 45 238
31 45 238
32 45 238
33 45 238
34 45 238
35 45 238
36 45 238
37 45 238
38 45 238
39 45 238
40 45 238
41 45 238
30 46 239
31 46 239
32 46 239
33 46 239
34 46 239
35 46 239
36 46 239
37 46 239
38 46 239
39 46 239
40 46 239
41 46 239
30 47 240
31 47 240
32 47 240
33 47 240
34 47 240
35 47 240
36 47 240
37 47 240
38 47 240
39 47 240
40 47 240
41 47 240
30 42 241
31 42 241
32 42 241
33 42 241
34 42 241
35 42 241
36 42 241
37 42 241
38 42 241
39 42 241
40 42 241
41 42 241
30 43 242
31 43 242
32 43 242
33 43 242
34 43 242
35 43 242
36 43 242
37 43 242
38 43 242
39 43 242
40 43 242
41 43 242
30 44 243
31 44 243
32 44 243
33 44 243
34 44 243
35 44 243
36 44 243
37 44 243
38 44 243
39 44 243
40 44 243
41 44 243
30 45 244
31 45 244
32 45 244
33 45 244
34 45 244
35 45 244
36 45 244
37 45 244
38 45 244
39 45 244
40 45 244
41 45 244
30 46 245
31 46 245
32 46 245
33 46 245
34 46 245
35 46 245
36 46 245
37 46 245
38 46 245
39 46 245
40 46 245
41 46 245
30 47 246
31 47 246
32 47 246
33 47 246
34 47 246
35 47 246
36 47 246
37 47 246
38 47 246
39 47 246
40 47 246
41 47 246
30 42 247
31 42 247
32 42 247
33 42 247
34 42 247
35 42 247
36 42 247
37 42 247
38 42 247
39 42 247
40 42 247
41 42 247
30 43 248
31 43 248
32 43 248
33 43 248
34 43 248
35 43 248
36 43 248
37 43 248
38 43 248
39 43 248
40 43 248
41 43 248
30 44 249
31 44 249
32 44 249
33 44 249
34 44 249
35 44 249
36 44 249
37 44 249
38 44 249
39 44 249
40 44 249
41 44 249
30 45 250
31 45 250
32 45 250
33 45 250
34 45 250
35 45 250
36 45 250
37 45 250
38 45 250
39 45 250
40 45 250
41 45 250
30 46 251
31 46 251
32 46 251
33 46 251
34 46 251
35 46 251
36 46 251
37 46 251
38 46 251
39 46 251
40 46 251
41 46 251
30 47 252
31 47 252
32 47 252
33 47 252
34 47 252
35 47 252
36 47 252
37 47 252
38 47 252
39 47 252
40 47 252
41 47 252
30 42 253
31 42 253
32 42 253
33 42 253
34 42 253
35 42 253
36 42 253
37 42 253
38 42 253
39 42 253
40 42 253
41 42 253
30 43 254
31 43 254
32 43 254
33 43 254
34 43 254
35 43 254
36 43 254
37 43 254
38 43 254
39 43 254
40 43 254
41 43 254
30 44 255
31 44 255
32 44 255
33 44 255
34 44 255
35 44 255
36 44 255
37 44 255
38 44 255
39 44 255
40 44 255
41 44 255
30 45 256
31 45 256
32 45 256
33 45 256
34 45 256
35 45 256
36 45 256
37 45 256
38 45 256
39 45 256
40 45 256
41 45 256
30 46 257
31 46 257
32 46 257
33 46 257
34 46 257
35 46 257
36 46 257
37 46 257
38 46 257
39 46 257
40 46 257
41 46 257
30 47 258
31 47 258
32 47 258
33 47 258
34 47 258
35 47 258
36 47 258
37 47 258
38 47 258
39 47 258
40 47 258
41 47 258
30 42 259
31 42 259
32 42 259
33 42 259
34 42 259
35 42 259
36 42 259
37 42 259
38 42 259
39 42 259
40 42 259
41 42 259
30 43 260
31 43 260
32 43 260
33 43 260
34 43 260
35 43 260
36 43 260
37 43 260
38 43 260
39 43 260
40 43 260
41 43 260
30 44 261
31 44 261
32 44 261
33 44 261
34 44 261
35 44 261
36 44 261
37 44 261
38 44 261
39 44 261
40 44 261
41 44 261
30 45 262
31 45 262
32 45 262
33 45 262
34 45 262
35 45 262
36 45 262
37 45 262
38 45 262
39 45 262
40 45 262
41 45 262
30 46 263
31 46 263
32 46 263
33 46 263
34 46 263
35 46 263
36 46 263
37 46 263
38 46 263
39 46 263
40 46 263
41 46 263
30 47 264
31 47 264
32 47 264
33 47 264
34 47 264
35 47 264
36 47 264
37 47 264
38 47 264
39 47 264
40 47 264
41 47 264
30 42 265
31 42 265
32 42 265
33 42 265
34 42 265
35 42 265
36 42 265
37 42 265
38 42 265
39 42 265
40 42 265
41 42 265
30 43 266
31 43 266
32 43 266
33 43 266
34 43 266
35 43 266
36 43 266
37 43 266
38 43 266
39 43 266
40 43 266
41 43 266
30 44 267
31 44 267
32 44 267
33 44 267
34 44 267
35 44 267
36 44 267
37 44 267
38 44 267
39 44 267
40 44 267
41 44 267
30 45 268
31 45 268
32 45 268
33 45 268
34 45 268
35 45 268
36 45 268
37 45 268
38 45 268
39 45 268
40 45 268
41 45 268
30 46 269
31 46 269
32 46 269
33 46 269
34 46 269
35 46 269
36 46 269
37 46 269
38 46 269
39 46 269
40 46 269
41 46 269
30 47 270
31 47 270
32 47 270
33 47 270
34 47 270
35 47 270
36 47 270
37 47 270
38 47 270
39 47 270
40 47 270
41 47 270
30 42 271
31 42 271
32 42 271
33 42 271
34 42 271
35 42 271
36 42 271
37 42 271
38 42 271
39 42 271
40 42 271
41 42 271
30 43 272
31 43 272
32 43 272
33 43 272
34 43 272
35 43 272
36 43 272
37 43 272
38 43 272
39 43 272
40 43 272
41 43 272
30 44 273
31 44 273
32 44 273
33 44 273
34 44 273
35 44 273
36 44 273
37 44 273
38 44 273
39 44 273
40 44 273
41 44 273
30 45 274
31 45 274
32 45 274
33 45 274
34 45 274
35 45 274
36 45 274
37 45 274
38 45 274
39 45 274
40 45 274
41 45 274
30 46 275
31 46 275
32 46 275
33 46 275
34 46 275
35 46 275
36 46 275
37 46 275
38 46 275
39 46 275
40 46 275
41 46 275
30 47 276
31 47 276
32 47 276
33 47 276
34 47 276
35 47 276
36 47 276
37 47 276
38 47 276
39 47 276
40 47 276
41 47 276
30 42 277
31 42 277
32 42 277
33 42 277
34 42 277
35 42 277
36 42 277
37 42 277
38 42 277
39 42 277
40 42 277
41 42 277
30 43 278
31 43 278
32 43 278
33 43 278
34 43 278
35 43 278
36 43 278
37 43 278
38 43 278
39 43 278
40 43 278
41 43 278
30 44 279
31 44 279
32 44 279
33 44 279
34 44 279
35 44 279
36 44 279
37 44 279
38 44 279
39 44 279
40 44 279
41 44 279
30 45 280
31 45 280
32 45 280
33 45 280
34 45 280
35 45 280
36 45 280
37 45 280
38 45 280
39 45 280
40 45 280
41 45 280
30 46 281
31 46 281
32 46 281
33 46 281
34 46 281
35 46 281
36 46 281
37 46 281
38 46 281
39 46 281
40 46 281
41 46 281
30 47 282
31 47 282
32 47 282
33 47 282
34 47 282
35 47 282
36 47 282
37 47 282
38 47 282
39 47 282
40 47 282
41 47 282
30 42 283
31 42 283
32 42 283
33 42 283
34 42 283
35 42 283
36 42 283
37 42 283
38 42 283
39 42 283
40 42 283
41 42 283
30 43 284
31 43 284
32 43 284
33 43 284
34 43 284
35 43 284
36 43 284
37 43 284
38 43 284
39 43 284
40 43 284
41 43 284
30 44 285
31 44 285
32 44 285
33 44 285
34 44 285
35 44 285
36 44 285
37 44 285
38 44 285
39 44 285
40 44 285
41 44 285
30 45 286
31 45 286
32 45 286
33 45 286
34 45 286
35 45 286
36 45 286
37 45 286
38 45 286
39 45 286
40 45 286
41 45 286
30 46 287
31 46 287
32 46 287
33 46 287
34 46 287
35 46 287
36 46 287
37 46 287
38 46 287
39 46 287
40 46 287
41 46 287
30 47 288
31 47 288
32 47 288
33 47 288
34 47 288
35 47 288
36 47 288
37 47 288
38 47 288
39 47 288
40 47 288
41 47 288
30 42 289
31 42 289
32 42 289
33 42 289
34 42 289
35 42 289
36 42 289
37 42 289
38 42 289
39 42 289
40 42 289
41 42 289
30 43 290
31 43 290
32 43 290
33 43 290
34 43 290
35 43 290
36 43 290
37 43 290
38 43 290
39 43 290
40 43 290
41 43 290
30 44 291
31 44 291
32 44 291
33 44 291
34 44 291
35 44 291
36 44 291
37 44 291
38 44 291
39 44 291
40 44 291
41 44 291
30 45 292
31 45 292
32 45 292
33 45 292
34 45 292
35 45 292
36 45 292
37 45 292
38 45 292
39 45 292
40 45 292
41 45 292
30 46 293
31 46 293
32 46 293
33 46 293
34 46 293
35 46 293
36 46 293
37 46 293
38 46 293
39 46 293
40 46 293
41 46 293
30 47 294
31 47 294
32 47 294
33 47 294
34 47 294
35 47 294
36 47 294
37 47 294
38 47 294
39 47 294
40 47 294
41 47 294
30 42 295
31 42 295
32 42 295
33 42 295
34 42 295
35 42 295
36 42 295
37 42 295
38 42 295
39 42 295
40 42 295
41 42 295
30 43 296
31 43 296
32 43 296
33 43 296
34 43 296
35 43 296
36 43 296
37 43 296
38 43 296
39 43 296
40 43 296
41 43 296
30 44 297
31 44 297
32 44 297
33 44 297
34 44 297
35 44 297
36 44 297
37 44 297
38 44 297
39 44 297
40 44 297
41 44 297
30 45 298
31 45 298
32 45 298
33 45 298
34 45 298
35 45 298
36 45 298
37 45 298
38 45 298
39 45 298
40 45 298
41 45 298
30 46 299
31 46 299
32 46 299
33 46 299
34 46 299
35 46 299
36 46 299
37 46 299
38 46 299
39 46 299
40 46 299
41 46 299
30 47 300
31 47 300
32 47 300
33 47 300
34 47 300
35 47 300
36 47 300
37 47 300
38 47 300
39 47 300
40 47 300
41 47 300
30 42 301
31 42 301
32 42 301
33 42 301
34 42 301
35 42 301
36 42 301
37 42 301
38 42 301
39 42 301
40 42 301
41 42 301
30 43 302
31 43 302
32 43 302
33 43 302
34 43 302
35 43 302
36 43 302
37 43 302
38 43 302
39 43 302
40 43 302
41 43 302
30 44 303
31 44 303
32 44 303
33 44 303
34 44 303
35 44 303
36 44 303
37 44 303
38 44 303
39 44 303
40 44 303
41 44 303
30 45 304
31 45 304
32 45 304
33 45 304
34 45 304
35 45 304
36 45 304
37 45 304
38 45 304
39 45 304
40 45 304
41 45 304
30 46 305
31 46 305
32 46 305
33 46 305
34 46 305
35 46 305
36 46 305
37 46 305
38 46 305
39 46 305
40 46 305
41 46 305
30 47 306
31 47 306
32 47 306
33 47 306
34 47 306
35 47 306
36 47 306
37 47 306
38 47 306
39 47 306
40 47 306
41 47 306
30 42 307
31 42 307
32 42 307
33 42 307
34 42 307
35 42 307
36 42 307
37 42 307
38 42 307
39 42 307
40 42 307
41 42 307
30 43 308
31 43 308
32 43 308
33 43 308
34 43 308
35 43 308
36 43 308
37 43 308
38 43 308
39 43 308
40 43 308
41 43 308
30 44 309
31 44 309
32 44 309
33 44 309
34 44 309
35 44 309
36 44 309
37 44 309
38 44 309
39 44 309
40 44 309
41 44 309
30 45 310
31 45 310
32 45 310
33 45 310
34 45 310
35 45 310
36 45 310
37 45 310
38 45 310
39 45 310
40 45 310
41 45 310
30 46 311
31 46 311
32 46 311
33 46 311
34 46 311
35 46 311
36 46 311
37 46 311
38 46 311
39 46 311
40 46 311
41 46 311
30 47 312
31 47 312
32 47 312
33 47 312
34 47 312
35 47 312
36 47 312
37 47 312
38 47 312
39 47 312
40 47 312
41 47 312
30 42 313
31 42 313
32 42 313
33 42 313
34 42 313
35 42 313
36 42 313
37 42 313
38 42 313
39 42 313
40 42 313
41 42 313
30 43 314
31 43 314
32 43 314
33 43 314
34 43 314
35 43 314
36 43 314
37 43 314
38 43 314
39 43 314
40 43 314
41 43 314
30 44 315
31 44 315
32 44 315
33 44 315
34 44 315
35 44 315
36 44 315
37 44 315
38 44 315
39 44 315
40 44 315
41 44 315
30 45 316
31 45 316
32 45 316
33 45 316
34 45 316
35 45 316
36 45 316
37 45 316
38 45 316
39 45 316
40 45 316
41 45 316
30 46 317
31 46 317
32 46 317
33 46 317
34 46 317
35 46 317
36 46 317
37 46 317
38 46 317
39 46 317
40 46 317
41 46 317
30 47 318
31 47 318
32 47 318
33 47 318
34 47 318
35 47 318
36 47 318
37 47 318
38 47 318
39 47 318
40 47 318
41 47 318
30 42 319
31 42 319
32 42 319
33 42 319
34 42 319
35 42 319
36 42 319
37 42 319
38 42 319
39 42 319
40 42 319
41 42 319
30 43 320
31 43 320
32 43 320
33 43 320
34 43 320
35 43 320
36 43 320
37 43 320
38 43 320
39 43 320
40 43 320
41 43 320
30 44 321
31 44 321
32 44 321
33 44 321
34 44 321
35 44 321
36 44 321
37 44 321
38 44 321
39 44 321
40 44 321
41 44 321
30 45 322
31 45 322
32 45 322
33 45 322
34 45 322
35 45 322
36 45 322
37 45 322
38 45 322
39 45 322
40 45 322
41 45 322
30 46 323
31 46 323
32 46 323
33 46 323
34 46 323
35 46 323
36 46 323
37 46 323
38 46 323
39 46 323
40 46 323
41 46 323
30 47 324
31 47 324
32 47 324
33 47 324
34 47 324
35 47 324
36 47 324
37 47 324
38 47 324
39 47 324
40 47 324
41 47 324
30 42 325
31 42 325
32 42 325
33 42 325
34 42 325
35 42 325
36 42 325
37 42 325
38 42 325
39 42 325
40 42 325
41 42 325
30 43 326
31 43 326
32 43 326
33 43 326
34 43 326
35 43 326
36 43 326
37 43 326
38 43 326
39 43 326
40 43 326
41 43 326
30 44 327
31 44 327
32 44 327
33 44 327
34 44 327
35 44 327
36 44 327
37 44 327
38 44 327
39 44 327
40 44 327
41 44 327
30 45 328
31 45 328
32 45 328
33 45 328
34 45 328
35 45 328
36 45 328
37 45 328
38 45 328
39 45 328
40 45 328
41 45 328
30 46 329
31 46 329
32 46 329
33 46 329
34 46 329
35 46 329
36 46 329
37 46 329
38 46 329
39 46 329
40 46 329
41 46 329
30 47 330
31 47 330
32 47 330
33 47 330
34 47 330
35 47 330
36 47 330
37 47 330
38 47 330
39 47 330
40 47 330
41 47 330
30 42 331
31 42 331
32 42 331
33 42 331
34 42 331
35 42 331
36 42 331
37 42 331
38 42 331
39 42 331
40 42 331
41 42 331
30 43 332
31 43 332
32 43 332
33 43 332
34 43 332
35 43 332
36 43 332
37 43 332
38 43 332
39 43 332
40 43 332
41 43 332
30 44 333
31 44 333
32 44 333
33 44 333
34 44 333
35 44 333
36 44 333
37 44 333
38 44 333
39 44 333
40 44 333
41 44 333
30 45 334
31 45 334
32 45 334
33 45 334
34 45 334
35 45 334
36 45 334
37 45 334
38 45 334
39 45 334
40 45 334
41 45 334
30 46 335
31 46 335
32 46 335
33 46 335
34 46 335
35 46 335
36 46 335
37 46 335
38 46 335
39 46 335
40 46 335
41 46 335
30 47 336
31 47 336
32 47 336
33 47 336
34 47 336
35 47 336
36 47 336
37 47 336
38 47 336
39 47 336
40 47 336
41 47 336
30 42 337
31 42 337
32 42 337
33 42 337
34 42 337
35 42 337
36 42 337
37 42 337
38 42 337
39 42 337
40 42 337
41 42 337
30 43 338
31 43 338
32 43 338
33 43 338
34 43 338
35 43 338
36 43 338
37 43 338
38 43 338
39 43 338
40 43 338
41 43 338
30 44 339
31 44 339
32 44 339
33 44 339
34 44 339
35 44 339
36 44 339
37 44 339
38 44 339
39 44 339
40 44 339
41 44 339
30 45 340
31 45 340
32 45 340
33 45 340
34 45 340
35 45 340
36 45 340
37 45 340
38 45 340
39 45 340
40 45 340
41 45 340
30 46 341
31 46 341
32 46 341
33 46 341
34 46 341
35 46 341
36 46 341
37 46 341
38 46 341
39 46 341
40 46 341
41 46 341
30 47 342
31 47 342
32 47 342
33 47 342
34 47 342
35 47 342
36 47 342
37 47 342
38 47 342
39 47 342
40 47 342
41 47 342
30 42 343
31 42 343
32 42 343
33 42 343
34 42 343
35 42 343
36 42 343
37 42 343
38 42 343
39 42 343
40 42 343
41 42 343
30 43 344
31 43 344
32 43 344
33 43 344
34 43 344
35 43 344
36 43 344
37 43 344
38 43 344
39 43 344
40 43 344
41 43 344
30 44 345
31 44 345
32 44 345
33 44 345
34 44 345
35 44 345
36 44 345
37 44 345
38 44 345
39 44 345
40 44 345
41 44 345
30 45 346
31 45 346
32 45 346
33 45 346
34 45 346
35 45 346
36 45 346
37 45 346
38 45 346
39 45 346
40 45 346
41 45 346
30 46 347
31 46 347
32 46 347
33 46 347
34 46 347
35 46 347
36 46 347
37 46 347
38 46 347
39 46 347
40 46 347
41 46 347
30 47 348
31 47 348
32 47 348
33 47 348
34 47 348
35 47 348
36 47 348
37 47 348
38 47 348
39 47 348
40 47 348
41 47 348
30 42 349
31 42 349
32 42 349
33 42 349
34 42 349
35 42 349
36 42 349
37 42 349
38 42 349
39 42 349
40 42 349
41 42 349
30 43 350
31 43 350
32 43 350
33 43 350
34 43 350
35 43 350
36 43 350
37 43 350
38 43 350
39 43 350
40 43 350
41 43 350
30 44 351
31 44 351
32 44 351
33 44 351
34 44 351
35 44 351
36 44 351
37 44 351
38 44 351
39 44 351
40 44 351
41 44 351
30 45 352
31 45 352
32 45 352
33 45 352
34 45 352
35 45 352
36 45 352
37 45 352
38 45 352
39 45 352
40 45 352
41 45 352
30 46 353
31 46 353
32 46 353
33 46 353
34 46 353
35 46 353
36 46 353
37 46 353
38 46 353
39 46 353
40 46 353
41 46 353
30 47 354
31 47 354
32 47 354
33 47 354
34 47 354
35 47 354
36 47 354
37 47 354
38 47 354
39 47 354
40 47 354
41 47 354
30 42 355
31 42 355
32 42 355
33 42 355
34 42 355
35 42 355
36 42 355
37 42 355
38 42 355
39 42 355
40 42 355
41 42 355
30 43 356
31 43 356
32 43 356
33 43 356
34 43 356
35 43 356
36 43 356
37 43 356
38 43 356
39 43 356
40 43 356
41 43 356
30 44 357
31 44 357
32 44 357
33 44 357
34 44 357
35 44 357
36 44 357
37 44 357
38 44 357
39 44 357
40 44 357
41 44 357
30 45 358
31 45 358
32 45 358
33 45 358
34 45 358
35 45 358
36 45 358
37 45 358
38 45 358
39 45 358
40 45 358
41 45 358
30 46 359
31 46 359
32 46 359
33 46 359
34 46 359
35 46 359
36 46 359
37 46 359
38 46 359
39 46 359
40 46 359
41 46 359
30 47 360
31 47 360
32 47 360
33 47 360
34 47 360
35 47 360
36 47 360
37 47 360
38 47 360
39 47 360
40 47 360
41 47 360
30 42 361
31 42 361
32 42 361
33 42 361
34 42 361
35 42 361
36 42 361
37 42 361
38 42 361
39 42 361
40 42 361
41 42 361
30 43 362
31 43 362
32 43 362
33 43 362
34 43 362
35 43 362
36 43 362
37 43 362
38 43 362
39 43 362
40 43 362
41 43 362
30 44 363
31 44 363
32 44 363
33 44 363
34 44 363
35 44 363
36 44 363
37 44 363
38 44 363
39 44 363
40 44 363
41 44 363
30 45 364
31 45 364
32 45 364
33 45 364
34 45 364
35 45 364
36 45 364
37 45 364
38 45 364
39 45 364
40 45 364
41 45 364
30 46 365
31 46 365
32 46 365
33 46 365
34 46 365
35 46 365
36 46 365
37 46 365
38 46 365
39 46 365
40 46 365
41 46 365
30 47 366
31 47 366
32 47 366
33 47 366
34 47 366
35 47 366
36 47 366
37 47 366
38 47 366
39 47 366
40 47 366
41 47 366
30 42 367
31 42 367
32 42 367
33 42 367
34 42 367
35 42 367
36 42 367
37 42 367
38 42 367
39 42 367
40 42 367
41 42 367
30 43 368
31 43 368
32 43 368
33 43 368
34 43 368
35 43 368
36 43 368
37 43 368
38 43 368
39 43 368
40 43 368
41 43 368
30 44 369
31 44 369
32 44 369
33 44 369
34 44 369
35 44 369
36 44 369
37 44 369
38 44 369
39 44 369
40 44 369
41 44 369
30 45 370
31 45 370
32 45 370
33 45 370
34 45 370
35 45 370
36 45 370
37 45 370
38 45 370
39 45 370
40 45 370
41 45 370
30 46 371
31 46 371
32 46 371
33 46 371
34 46 371
35 46 371
36 46 371
37 46 371
38 46 371
39 46 371
40 46 371
41 46 371
30 47 372
31 47 372
32 47 372
33 47 372
34 47 372
35 47 372
36 47 372
37 47 372
38 47 372
39 47 372
40 47 372
41 47 372
30 42 373
31 42 373
32 42 373
33 42 373
34 42 373
35 42 373
36 42 373
37 42 373
38 42 373
39 42 373
40 42 373
41 42 373
30 43 374
31 43 374
32 43 374
33 43 374
34 43 374
35 43 374
36 43 374
37 43 374
38 43 374
39 43 374
40 43 374
41 43 374
30 44 375
31 44 375
32 44 375
33 44 375
34 44 375
35 44 375
36 44 375
37 44 375
38 44 375
39 44 375
40 44 375
41 44 375
30 45 376
31 45 376
32 45 376
33 45 376
34 45 376
35 45 376
36 45 376
37 45 376
38 45 376
39 45 376
40 45 376
41 45 376
30 46 377
31 46 377
32 46 377
33 46 377
34 46 377
35 46 377
36 46 377
37 46 377
38 46 377
39 46 377
40 46 377
41 46 377
30 47 378
31 47 378
32 47 378
33 47 378
34 47 378
35 47 378
36 47 378
37 47 378
38 47 378
39 47 378
40 47 378
41 47 378
30 42 379
31 42 379
32 42 379
33 42 379
34 42 379
35 42 379
36 42 379
37 42 379
38 42 379
39 42 379
40 42 379
41 42 379
30 43 380
31 43 380
32 43 380
33 43 380
34 43 380
35 43 380
36 43 380
37 43 380
38 43 380
39 43 380
40 43 380
41 43 380
30 44 381
31 44 381
32 44 381
33 44 381
34 44 381
35 44 381
36 44 381
37 44 381
38 44 381
39 44 381
40 44 381
41 44 381
30 45 382
31 45 382
32 45 382
33 45 382
34 45 382
35 45 382
36 45 382
37 45 382
38 45 382
39 45 382
40 45 382
41 45 382
30 46 383
31 46 383
32 46 383
33 46 383
34 46 383
35 46 383
36 46 383
37 46 383
38 46 383
39 46 383
40 46 383
41 46 383
30 47 384
31 47 384
32 47 384
33 47 384
34 47 384
35 47 384
36 47 384
37 47 384
38 47 384
39 47 384
40 47 384
41 47 384
30 42 385
31 42 385
32 42 385
33 42 385
34 42 385
35 42 385
36 42 385
37 42 385
38 42 385
39 42 385
40 42 385
41 42 385
30 43 386
31 43 386
32 43 386
33 43 386
34 43 386
35 43 386
36 43 386
37 43 386
38 43 386
39 43 386
40 43 386
41 43 386
30 44 387
31 44 387
32 44 387
33 44 387
34 44 387
35 44 387
36 44 387
37 44 387
38 44 387
39 44 387
40 44 387
41 44 387
30 45 388
31 45 388
32 45 388
33 45 388
34 45 388
35 45 388
36 45 388
37 45 388
38 45 388
39 45 388
40 45 388
41 45 388
30 46 389
31 46 389
32 46 389
33 46 389
34 46 389
35 46 389
36 46 389
37 46 389
38 46 389
39 46 389
40 46 389
41 46 389
30 47 390
31 47 390
32 47 390
33 47 390
34 47 390
35 47 390
36 47 390
37 47 390
38 47 390
39 47 390
40 47 390
41 47 390
30 42 391
31 42 391
32 42 391
33 42 391
34 42 391
35 42 391
36 42 391
37 42 391
38 42 391
39 42 391
40 42 391
41 42 391
30 43 392
31 43 392
32 43 392
33 43 392
34 43 392
35 43 392
36 43 392
37 43 392
38 43 392
39 43 392
40 43 392
41 43 392
30 44 393
31 44 393
32 44 393
33 44 393
34 44 393
35 44 393
36 44 393
37 44 393
38 44 393
39 44 393
40 44 393
41 44 393
30 45 394
31 45 394
32 45 394
33 45 394
34 45 394
35 45 394
36 45 394
37 45 394
38 45 394
39 45 394
40 45 394
41 45 394
30 46 395
31 46 395
32 46 395
33 46 395
34 46 395
35 46 395
36 46 395
37 46 395
38 46 395
39 46 395
40 46 395
41 46 395
30 47 396
31 47 396
32 47 396
33 47 396
34 47 396
35 47 396
36 47 396
37 47 396
38 47 396
39 47 396
40 47 396
41 47 396
30 42 397
31 42 397
32 42 397
33 42 397
34 42 397
35 42 397
36 42 397
37 42 397
38 42 397
39 42 397
40 42 397
41 42 397
30 43 398
31 43 398
32 43 398
33 43 398
34 43 398
35 43 398
36 43 398
37 43 398
38 43 398
39 43 398
40 43 398
41 43 398
30 44 399
31 44 399
32 44 399
33 44 399
34 44 399
35 44 399
36 44 399
37 44 399
38 44 399
39 44 399
40 44 399
41 44 399
30 45 400
31 45 400
32 45 400
33 45 400
34 45 400
35 45 400
36 45 400
37 45 400
38 45 400
39 45 400
40 45 400
41 45 400
30 46 401
31 46 401
32 46 401
33 46 401
34 46 401
35 46 401
36 46 401
37 46 401
38 46 401
39 46 401
40 46 401
41 46 401
30 47 402
31 47 402
32 47 402
33 47 402
34 47 402
35 47 402
36 47 402
37 47 402
38 47 402
39 47 402
40 47 402
41 47 402
30 42 403
31 42 403
32 42 403
33 42 403
34 42 403
35 42 403
36 42 403
37 42 403
38 42 403
39 42 403
40 42 403
41 42 403
30 43 404
31 43 404
32 43 404
33 43 404
34 43 404
35 43 404
36 43 404
37 43 404
38 43 404
39 43 404
40 43 404
41 43 404
30 44 405
31 44 405
32 44 405
33 44 405
34 44 405
35 44 405
36 44 405
37 44 405
38 44 405
39 44 405
40 44 405
41 44 405
30 45 406
31 45 406
32 45 406
33 45 406
34 45 406
35 45 406
36 45 406
37 45 406
38 45 406
39 45 406
40 45 406
41 45 406
30 46 407
31 46 407
32 46 407
33 46 407
34 46 407
35 46 407
36 46 407
37 46 407
38 46 407
39 46 407
40 46 407
41 46 407
30 47 408
31 47 408
32 47 408
33 47 408
34 47 408
35 47 408
36 47 408
37 47 408
38 47 408
39 47 408
40 47 408
41 47 408
30 42 409
31 42 409
32 42 409
33 42 409
34 42 409
35 42 409
36 42 409
37 42 409
38 42 409
39 42 409
40 42 409
41 42 409
30 43 410
31 43 410
32 43 410
33 43 410
34 43 410
35 43 410
36 43 410
37 43 410
38 43 410
39 43 410
40 43 410
41 43 410
30 44 411
31 44 411
32 44 411
33 44 411
34 44 411
35 44 411
36 44 411
37 44 411
38 44 411
39 44 411
40 44 411
41 44 411
30 45 412
31 45 412
32 45 412
33 45 412
34 45 412
35 45 412
36 45 412
37 45 412
38 45 412
39 45 412
40 45 412
41 45 412
30 46 413
31 46 413
32 46 413
33 46 413
34 46 413
35 46 413
36 46 413
37 46 413
38 46 413
39 46 413
40 46 413
41 46 413
30 47 414
31 47 414
32 47 414
33 47 414
34 47 414
35 47 414
36 47 414
37 47 414
38 47 414
39 47 414
40 47 414
41 47 414
30 42 415
31 42 415
32 42 415
33 42 415
34 42 415
35 42 415
36 42 415
37 42 415
38 42 415
39 42 415
40 42 415
41 42 415
30 43 416
31 43 416
32 43 416
33 43 416
34 43 416
35 43 416
36 43 416
37 43 416
38 43 416
39 43 416
40 43 416
41 43 416
30 44 417
31 44 417
32 44 417
33 44 417
34 44 417
35 44 417
36 44 417
37 44 417
38 44 417
39 44 417
40 44 417
41 44 417
30 45 418
31 45 418
32 45 418
33 45 418
34 45 418
35 45 418
36 45 418
37 45 418
38 45 418
39 45 418
40 45 418
41 45 418
30 46 419
31 46 419
32 46 419
33 46 419
34 46 419
35 46 419
36 46 419
37 46 419
38 46 419
39 46 419
40 46 419
41 46 419
30 47 420
31 47 420
32 47 420
33 47 420
34 47 420
35 47 420
36 47 420
37 47 420
38 47 420
39 47 420
40 47 420
41 47 420
30 42 421
31 42 421
32 42 421
33 42 421
34 42 421
35 42 421
36 42 421
37 42 421
38 42 421
39 42 421
40 42 421
41 42 421
30 43 422
31 43 422
32 43 422
33 43 422
34 43 422
35 43 422
36 43 422
37 43 422
38 43 422
39 43 422
40 43 422
41 43 422
30 44 423
31 44 423
32 44 423
33 44 423
34 44 423
35 44 423
36 44 423
37 44 423
38 44 423
39 44 423
40 44 423
41 44 423
30 45 424
31 45 424
32 45 424
33 45 424
34 45 424
35 45 424
36 45 424
37 45 424
38 45 424
39 45 424
40 45 424
41 45 424
30 46 425
31 46 425
32 46 425
33 46 425
34 46 425
35 46 425
36 46 425
37 46 425
38 46 425
39 46 425
40 46 425
41 46 425
30 47 426
31 47 426
32 47 426
33 47 426
34 47 426
35 47 426
36 47 426
37 47 426
38 47 426
39 47 426
40 47 426
41 47 426
30 42 427
31 42 427
32 42 427
33 42 427
34 42 427
35 42 427
36 42 427
37 42 427
38 42 427
39 42 427
40 42 427
41 42 427
30 43 428
31 43 428
32 43 428
33 43 428
34 43 428
35 43 428
36 43 428
37 43 428
38 43 428
39 43 428
40 43 428
41 43 428
30 44 429
31 44 429
32 44 429
33 44 429
34 44 429
35 44 429
36 44 429
37 44 429
38 44 429
39 44 429
40 44 429
41 44 429
30 45 430
31 45 430
32 45 430
33 45 430
34 45 430
35 45 430
36 45 430
37 45 430
38 45 430
39 45 430
40 45 430
41 45 430
30 46 431
31 46 431
32 46 431
33 46 431
34 46 431
35 46 431
36 46 431
37 46 431
38 46 431
39 46 431
40 46 431
41 46 431
30 47 432
31 47 432
32 47 432
33 47 432
34 47 432
35 47 432
36 47 432
37 47 432
38 47 432
39 47 432
40 47 432
41 47 432
30 42 433
31 42 433
32 42 433
33 42 433
34 42 433
35 42 433
36 42 433
37 42 433
38 42 433
39 42 433
40 42 433
41 42 433
30 43 434
31 43 434
32 43 434
33 43 434
34 43 434
35 43 434
36 43 434
37 43 434
38 43 434
39 43 434
40 43 434
41 43 434
30 44 435
31 44 435
32 44 435
33 44 435
34 44 435
35 44 435
36 44 435
37 44 435
38 44 435
39 44 435
40 44 435
41 44 435
30 45 436
31 45 436
32 45 436
33 45 436
34 45 436
35 45 436
36 45 436
37 45 436
38 45 436
39 45 436
40 45 436
41 45 436
30 46 437
31 46 437
32 46 437
33 46 437
34 46 437
35 46 437
36 46 437
37 46 437
38 46 437
39 46 437
40 46 437
41 46 437
30 47 438
31 47 438
32 47 438
33 47 438
34 47 438
35 47 438
36 47 438
37 47 438
38 47 438
39 47 438
40 47 438
41 47 438
30 42 439
31 42 439
32 42 439
33 42 439
34 42 439
35 42 439
36 42 439
37 42 439
38 42 439
39 42 439
40 42 439
41 42 439
30 43 440
31 43 440
32 43 440
33 43 440
34 43 440
35 43 440
36 43 440
37 43 440
38 43 440
39 43 440
40 43 440
41 43 440
30 44 441
31 44 441
32 44 441
33 44 441
34 44 441
35 44 441
36 44 441
37 44 441
38 44 441
39 44 441
40 44 441
41 44 441
30 45 442
31 45 442
32 45 442
33 45 442
34 45 442
35 45 442
36 45 442
37 45 442
38 45 442
39 45 442
40 45 442
41 45 442
30 46 443
31 46 443
32 46 443
33 46 443
34 46 443
35 46 443
36 46 443
37 46 443
38 46 443
39 46 443
40 46 443
41 46 443
30 47 444
31 47 444
32 47 444
33 47 444
34 47 444
35 47 444
36 47 444
37 47 444
38 47 444
39 47 444
40 47 444
41 47 444
30 42 445
31 42 445
32 42 445
33 42 445
34 42 445
35 42 445
36 42 445
37 42 445
38 42 445
39 42 445
40 42 445
41 42 445
30 43 446
31 43 446
32 43 446
33 43 446
34 43 446
35 43 446
36 43 446
37 43 446
38 43 446
39 43 446
40 43 446
41 43 446
30 44 447
31 44 447
32 44 447
33 44 447
34 44 447
35 44 447
36 44 447
37 44 447
38 44 447
39 44 447
40 44 447
41 44 447
30 45 448
31 45 448
32 45 448
33 45 448
34 45 448
35 45 448
36 45 448
37 45 448
38 45 448
39 45 448
40 45 448
41 45 448
30 46 449
31 46 449
32 46 449
33 46 449
34 46 449
35 46 449
36 46 449
37 46 449
38 46 449
39 46 449
40 46 449
41 46 449
30 47 450
31 47 450
32 47 450
33 47 450
34 47 450
35 47 450
36 47 450
37 47 450
38 47 450
39 47 450
40 47 450
41 47 450
30 42 451
31 42 451
32 42 451
33 42 451
34 42 451
35 42 451
36 42 451
37 42 451
38 42 451
39 42 451
40 42 451
41 42 451
30 43 452
31 43 452
32 43 452
33 43 452
34 43 452
35 43 452
36 43 452
37 43 452
38 43 452
39 43 452
40 43 452
41 43 452
30 44 453
31 44 453
32 44 453
33 44 453
34 44 453
35 44 453
36 44 453
37 44 453
38 44 453
39 44 453
40 44 453
41 44 453
30 45 454
31 45 454
32 45 454
33 45 454
34 45 454
35 45 454
36 45 454
37 45 454
38 45 454
39 45 454
40 45 454
41 45 454
30 46 455
31 46 455
32 46 455
33 46 455
34 46 455
35 46 455
36 46 455
37 46 455
38 46 455
39 46 455
40 46 455
41 46 455
30 47 456
31 47 456
32 47 456
33 47 456
34 47 456
35 47 456
36 47 456
37 47 456
38 47 456
39 47 456
40 47 456
41 47 456
30 42 457
31 42 457
32 42 457
33 42 457
34 42 457
35 42 457
36 42 457
37 42 457
38 42 457
39 42 457
40 42 457
41 42 457
30 43 458
31 43 458
32 43 458
33 43 458
34 43 458
35 43 458
36 43 458
37 43 458
38 43 458
39 43 458
40 43 458
41 43 458
30 44 459
31 44 459
32 44 459
33 44 459
34 44 459
35 44 459
36 44 459
37 44 459
38 44 459
39 44 459
40 44 459
41 44 459
30 45 460
31 45 460
32 45 460
33 45 460
34 45 460
35 45 460
36 45 460
37 45 460
38 45 460
39 45 460
40 45 460
41 45 460
30 46 461
31 46 461
32 46 461
33 46 461
34 46 461
35 46 461
36 46 461
37 46 461
38 46 461
39 46 461
40 46 461
41 46 461
30 47 462
31 47 462
32 47 462
33 47 462
34 47 462
35 47 462
36 47 462
37 47 462
38 47 462
39 47 462
40 47 462
41 47 462
30 42 463
31 42 463
32 42 463
33 42 463
34 42 463
35 42 463
36 42 463
37 42 463
38 42 463
39 42 463
40 42 463
41 42 463
30 43 464
31 43 464
32 43 464
33 43 464
34 43 464
35 43 464
36 43 464
37 43 464
38 43 464
39 43 464
40 43 464
41 43 464
30 44 465
31 44 465
32 44 465
33 44 465
34 44 465
35 44 465
36 44 465
37 44 465
38 44 465
39 44 465
40 44 465
41 44 465
30 45 466
31 45 466
32 45 466
33 45 466
34 45 466
35 45 466
36 45 466
37 45 466
38 45 466
39 45 466
40 45 466
41 45 466
30 46 467
31 46 467
32 46 467
33 46 467
34 46 467
35 46 467
36 46 467
37 46 467
38 46 467
39 46 467
40 46 467
41 46 467
30 47 468
31 47 468
32 47 468
33 47 468
34 47 468
35 47 468
36 47 468
37 47 468
38 47 468
39 47 468
40 47 468
41 47 468
30 42 469
31 42 469
32 42 469
33 42 469
34 42 469
35 42 469
36 42 469
37 42 469
38 42 469
39 42 469
40 42 469
41 42 469
30 43 470
31 43 470
32 43 470
33 43 470
34 43 470
35 43 470
36 43 470
37 43 470
38 43 470
39 43 470
40 43 470
41 43 470
30 44 471
31 44 471
32 44 471
33 44 471
34 44 471
35 44 471
36 44 471
37 44 471
38 44 471
39 44 471
40 44 471
41 44 471
30 45 472
31 45 472
32 45 472
33 45 472
34 45 472
35 45 472
36 45 472
37 45 472
38 45 472
39 45 472
40 45 472
41 45 472
30 46 473
31 46 473
32 46 473
33 46 473
34 46 473
35 46 473
36 46 473
37 46 473
38 46 473
39 46 473
40 46 473
41 46 473
30 47 474
31 47 474
32 47 474
33 47 474
34 47 474
35 47 474
36 47 474
37 47 474
38 47 474
39 47 474
40 47 474
41 47 474
30 42 475
31 42 475
32 42 475
33 42 475
34 42 475
35 42 475
36 42 475
37 42 475
38 42 475
39 42 475
40 42 475
41 42 475
30 43 476
31 43 476
32 43 476
33 43 476
34 43 476
35 43 476
36 43 476
37 43 476
38 43 476
39 43 476
40 43 476
41 43 476
30 44 477
31 44 477
32 44 477
33 44 477
34 44 477
35 44 477
36 44 477
37 44 477
38 44 477
39 44 477
40 44 477
41 44 477
30 45 478
31 45 478
32 45 478
33 45 478
34 45 478
35 45 478
36 45 478
37 45 478
38 45 478
39 45 478
40 45 478
41 45 478
30 46 479
31 46 479
32 46 479
33 46 479
34 46 479
35 46 479
36 46 479
37 46 479
38 46 479
39 46 479
40 46 479
41 46 479
30 47 480
31 47 480
32 47 480
33 47 480
34 47 480
35 47 480
36 47 480
37 47 480
38 47 480
39 47 480
40 47 480
41 47 480
30 42 481
31 42 481
32 42 481
33 42 481
34 42 481
35 42 481
36 42 481
37 42 481
38 42 481
39 42 481
40 42 481
41 42 481
30 43 482
31 43 482
32 43 482
33 43 482
34 43 482
35 43 482
36 43 482
37 43 482
38 43 482
39 43 482
40 43 482
41 43 482
30 44 483
31 44 483
32 44 483
33 44 483
34 44 483
35 44 483
36 44 483
37 44 483
38 44 483
39 44 483
40 44 483
41 44 483
30 45 484
31 45 484
32 45 484
33 45 484
34 45 484
35 45 484
36 45 484
37 45 484
38 45 484
39 45 484
40 45 484
41 45 484
30 46 485
31 46 485
32 46 485
33 46 485
34 46 485
35 46 485
36 46 485
37 46 485
38 46 485
39 46 485
40 46 485
41 46 485
30 47 486
31 47 486
32 47 486
33 47 486
34 47 486
35 47 486
36 47 486
37 47 486
38 47 486
39 47 486
40 47 486
41 47 486
30 42 487
31 42 487
32 42 487
33 42 487
34 42 487
35 42 487
36 42 487
37 42 487
38 42 487
39 42 487
40 42 487
41 42 487
30 43 488
31 43 488
32 43 488
33 43 488
34 43 488
35 43 488
36 43 488
37 43 488
38 43 488
39 43 488
40 43 488
41 43 488
30 44 489
31 44 489
32 44 489
33 44 489
34 44 489
35 44 489
36 44 489
37 44 489
38 44 489
39 44 489
40 44 489
41 44 489
30 45 490
31 45 490
32 45 490
33 45 490
34 45 490
35 45 490
36 45 490
37 45 490
38 45 490
39 45 490
40 45 490
41 45 490
30 46 491
31 46 491
32 46 491
33 46 491
34 46 491
35 46 491
36 46 491
37 46 491
38 46 491
39 46 491
40 46 491
41 46 491
30 47 492
31 47 492
32 47 492
33 47 492
34 47 492
35 47 492
36 47 492
37 47 492
38 47 492
39 47 492
40 47 492
41 47 492
30 42 493
31 42 493
32 42 493
33 42 493
34 42 493
35 42 493
36 42 493
37 42 493
38 42 493
39 42 493
40 42 493
41 42 493
30 43 494
31 43 494
32 43 494
33 43 494
34 43 494
35 43 494
36 43 494
37 43 494
38 43 494
39 43 494
40 43 494
41 43 494
30 44 495
31 44 495
32 44 495
33 44 495
34 44 495
35 44 495
36 44 495
37 44 495
38 44 495
39 44 495
40 44 495
41 44 495
30 45 496
31 45 496
32 45 496
33 45 496
34 45 496
35 45 496
36 45 496
37 45 496
38 45 496
39 45 496
40 45 496
41 45 496
30 46 497
31 46 497
32 46 497
33 46 497
34 46 497
35 46 497
36 46 497
37 46 497
38 46 497
39 46 497
40 46 497
41 46 497
30 47 498
31 47 498
32 47 498
33 47 498
34 47 498
35 47 498
36 47 498
37 47 498
38 47 498
39 47 498
40 47 498
41 47 498
30 42 499
31 42 499
32 42 499
33 42 499
34 42 499
35 42 499
36 42 499
37 42 499
38 42 499
39 42 499
40 42 499
41 42 499
30 43 500
31 43 500
32 43 500
33 43 500
34 43 500
35 43 500
36 43 500
37 43 500
38 43 500
39 43 500
40 43 500
41 43 500
30 44 501
31 44 501
32 44 501
33 44 501
34 44 501
35 44 501
36 44 501
37 44 501
38 44 501
39 44 501
40 44 501
41 44 501
30 45 502
31 45 502
32 45 502
33 45 502
34 45 502
35 45 502
36 45 502
37 45 502
38 45 502
39 45 502
40 45 502
41 45 502
30 46 503
31 46 503
32 46 503
33 46 503
34 46 503
35 46 503
36 46 503
37 46 503
38 46 503
39 46 503
40 46 503
41 46 503
30 47 504
31 47 504
32 47 504
33 47 504
34 47 504
35 47 504
36 47 504
37 47 504
38 47 504
39 47 504
40 47 504
41 47 504
30 42 505
31 42 505
32 42 505
33 42 505
34 42 505
35 42 505
36 42 505
37 42 505
38 42 505
39 42 505
40 42 505
41 42 505
30 43 506
31 43 506
32 43 506
33 43 506
34 43 506
35 43 506
36 43 506
37 43 506
38 43 506
39 43 506
40 43 506
41 43 506
30 44 507
31 44 507
32 44 507
33 44 507
34 44 507
35 44 507
36 44 507
37 44 507
38 44 507
39 44 507
40 44 507
41 44 507
30 45 508
31 45 508
32 45 508
33 45 508
34 45 508
35 45 508
36 45 508
37 45 508
38 45 508
39 45 508
40 45 508
41 45 508
30 46 509
31 46 509
32 46 509
33 46 509
34 46 509
35 46 509
36 46 509
37 46 509
38 46 509
39 46 509
40 46 509
41 46 509
30 47 510
31 47 510
32 47 510
33 47 510
34 47 510
35 47 510
36 47 510
37 47 510
38 47 510
39 47 510
40 47 510
41 47 510
30 42 511
31 42 511
32 42 511
33 42 511
34 42 511
35 42 511
36 42 511
37 42 511
38 42 511
39 42 511
40 42 511
41 42 511
30 43 512
31 43 512
32 43 512
33 43 512
34 43 512
35 43 512
36 43 512
37 43 512
38 43 512
39 43 512
40 43 512
41 43 512
30 44 513
31 44 513
32 44 513
33 44 513
34 44 513
35 44 513
36 44 513
37 44 513
38 44 513
39 44 513
40 44 513
41 44 513
30 45 514
31 45 514
32 45 514
33 45 514
34 45 514
35 45 514
36 45 514
37 45 514
38 45 514
39 45 514
40 45 514
41 45 514
30 46 515
31 46 515
32 46 515
33 46 515
34 46 515
35 46 515
36 46 515
37 46 515
38 46 515
39 46 515
40 46 515
41 46 515
30 47 516
31 47 516
32 47 516
33 47 516
34 47 516
35 47 516
36 47 516
37 47 516
38 47 516
39 47 516
40 47 516
41 47 516
30 42 517
31 42 517
32 42 517
33 42 517
34 42 517
35 42 517
36 42 517
37 42 517
38 42 517
39 42 517
40 42 517
41 42 517
30 43 518
31 43 518
32 43 518
33 43 518
34 43 518
35 43 518
36 43 518
37 43 518
38 43 518
39 43 518
40 43 518
41 43 518
30 44 519
31 44 519
32 44 519
33 44 519
34 44 519
35 44 519
36 44 519
37 44 519
38 44 519
39 44 519
40 44 519
41 44 519
30 45 520
31 45 520
32 45 520
33 45 520
34 45 520
35 45 520
36 45 520
37 45 520
38 45 520
39 45 520
40 45 520
41 45 520
30 46 521
31 46 521
32 46 521
33 46 521
34 46 521
35 46 521
36 46 521
37 46 521
38 46 521
39 46 521
40 46 521
41 46 521
30 47 522
31 47 522
32 47 522
33 47 522
34 47 522
35 47 522
36 47 522
37 47 522
38 47 522
39 47 522
40 47 522
41 47 522
30 42 523
31 42 523
32 42 523
33 42 523
34 42 523
35 42 523
36 42 523
37 42 523
38 42 523
39 42 523
40 42 523
41 42 523
30 43 524
31 43 524
32 43 524
33 43 524
34 43 524
35 43 524
36 43 524
37 43 524
38 43 524
39 43 524
40 43 524
41 43 524
30 44 525
31 44 525
32 44 525
33 44 525
34 44 525
35 44 525
36 44 525
37 44 525
38 44 525
39 44 525
40 44 525
41 44 525
30 45 526
31 45 526
32 45 526
33 45 526
34 45 526
35 45 526
36 45 526
37 45 526
38 45 526
39 45 526
40 45 526
41 45 526
30 46 527
31 46 527
32 46 527
33 46 527
34 46 527
35 46 527
36 46 527
37 46 527
38 46 527
39 46 527
40 46 527
41 46 527
30 47 528
31 47 528
32 47 528
33 47 528
34 47 528
35 47 528
36 47 528
37 47 528
38 47 528
39 47 528
40 47 528
41 47 528
30 42 529
31 42 529
32 42 529
33 42 529
34 42 529
35 42 529
36 42 529
37 42 529
38 42 529
39 42 529
40 42 529
41 42 529
30 43 530
31 43 530
32 43 530
33 43 530
34 43 530
35 43 530
36 43 530
37 43 530
38 43 530
39 43 530
40 43 530
41 43 530
30 44 531
31 44 531
32 44 531
33 44 531
34 44 531
35 44 531
36 44 531
37 44 531
38 44 531
39 44 531
40 44 531
41 44 531
30 45 532
31 45 532
32 45 532
33 45 532
34 45 532
35 45 532
36 45 532
37 45 532
38 45 532
39 45 532
40 45 532
41 45 532
30 46 533
31 46 533
32 46 533
33 46 533
34 46 533
35 46 533
36 46 533
37 46 533
38 46 533
39 46 533
40 46 533
41 46 533
30 47 534
31 47 534
32 47 534
33 47 534
34 47 534
35 47 534
36 47 534
37 47 534
38 47 534
39 47 534
40 47 534
41 47 534
30 42 535
31 42 535
32 42 535
33 42 535
34 42 535
35 42 535
36 42 535
37 42 535
38 42 535
39 42 535
40 42 535
41 42 535
30 43 536
31 43 536
32 43 536
33 43 536
34 43 536
35 43 536
36 43 536
37 43 536
38 43 536
39 43 536
40 43 536
41 43 536
30 44 537
31 44 537
32 44 537
33 44 537
34 44 537
35 44 537
36 44 537
37 44 537
38 44 537
39 44 537
40 44 537
41 44 537
30 45 538
31 45 538
32 45 538
33 45 538
34 45 538
35 45 538
36 45 538
37 45 538
38 45 538
39 45 538
40 45 538
41 45 538
30 46 539
31 46 539
32 46 539
33 46 539
34 46 539
35 46 539
36 46 539
37 46 539
38 46 539
39 46 539
40 46 539
41 46 539
30 47 540
31 47 540
32 47 540
33 47 540
34 47 540
35 47 540
36 47 540
37 47 540
38 47 540
39 47 540
40 47 540
41 47 540
30 42 541
31 42 541
32 42 541
33 42 541
34 42 541
35 42 541
36 42 541
37 42 541
38 42 541
39 42 541
40 42 541
41 42 541
30 43 542
31 43 542
32 43 542
33 43 542
34 43 542
35 43 542
36 43 542
37 43 542
38 43 542
39 43 542
40 43 542
41 43 542
30 44 543
31 44 543
32 44 543
33 44 543
34 44 543
35 44 543
36 44 543
37 44 543
38 44 543
39 44 543
40 44 543
41 44 543
30 45 544
31 45 544
32 45 544
33 45 544
34 45 544
35 45 544
36 45 544
37 45 544
38 45 544
39 45 544
40 45 544
41 45 544
30 46 545
31 46 545
32 46 545
33 46 545
34 46 545
35 46 545
36 46 545
37 46 545
38 46 545
39 46 545
40 46 545
41 46 545
30 47 546
31 47 546
32 47 546
33 47 546
34 47 546
35 47 546
36 47 546
37 47 546
38 47 546
39 47 546
40 47 546
41 47 546
30 42 547
31 42 547
32 42 547
33 42 547
34 42 547
35 42 547
36 42 547
37 42 547
38 42 547
39 42 547
40 42 547
41 42 547
30 43 548
31 43 548
32 43 548
33 43 548
34 43 548
35 43 548
36 43 548
37 43 548
38 43 548
39 43 548
40 43 548
41 43 548
30 44 549
31 44 549
32 44 549
33 44 549
34 44 549
35 44 549
36 44 549
37 44 549
38 44 549
39 44 549
40 44 549
41 44 549
30 45 550
31 45 550
32 45 550
33 45 550
34 45 550
35 45 550
36 45 550
37 45 550
38 45 550
39 45 550
40 45 550
41 45 550
30 46 551
31 46 551
32 46 551
33 46 551
34 46 551
35 46 551
36 46 551
37 46 551
38 46 551
39 46 551
40 46 551
41 46 551
30 47 552
31 47 552
32 47 552
33 47 552
34 47 552
35 47 552
36 47 552
37 47 552
38 47 552
39 47 552
40 47 552
41 47 552
30 42 553
31 42 553
32 42 553
33 42 553
34 42 553
35 42 553
36 42 553
37 42 553
38 42 553
39 42 553
40 42 553
41 42 553
30 43 554
31 43 554
32 43 554
33 43 554
34 43 554
35 43 554
36 43 554
37 43 554
38 43 554
39 43 554
40 43 554
41 43 554
30 44 555
31 44 555
32 44 555
33 44 555
34 44 555
35 44 555
36 44 555
37 44 555
38 44 555
39 44 555
40 44 555
41 44 555
30 45 556
31 45 556
32 45 556
33 45 556
34 45 556
35 45 556
36 45 556
37 45 556
38 45 556
39 45 556
40 45 556
41 45 556
30 46 557
31 46 557
32 46 557
33 46 557
34 46 557
35 46 557
36 46 557
37 46 557
38 46 557
39 46 557
40 46 557
41 46 557
30 47 558
31 47 558
32 47 558
33 47 558
34 47 558
35 47 558
36 47 558
37 47 558
38 47 558
39 47 558
40 47 558
41 47 558
30 42 559
31 42 559
32 42 559
33 42 559
34 42 559
35 42 559
36 42 559
37 42 559
38 42 559
39 42 559
40 42 559
41 42 559
30 43 560
31 43 560
32 43 560
33 43 560
34 43 560
35 43 560
36 43 560
37 43 560
38 43 560
39 43 560
40 43 560
41 43 560
30 44 561
31 44 561
32 44 561
33 44 561
34 44 561
35 44 561
36 44 561
37 44 561
38 44 561
39 44 561
40 44 561
41 44 561
30 45 562
31 45 562
32 45 562
33 45 562
34 45 562
35 45 562
36 45 562
37 45 562
38 45 562
39 45 562
40 45 562
41 45 562
30 46 563
31 46 563
32 46 563
33 46 563
34 46 563
35 46 563
36 46 563
37 46 563
38 46 563
39 46 563
40 46 563
41 46 563
30 47 564
31 47 564
32 47 564
33 47 564
34 47 564
35 47 564
36 47 564
37 47 564
38 47 564
39 47 564
40 47 564
41 47 564
30 42 565
31 42 565
32 42 565
33 42 565
34 42 565
35 42 565
36 42 565
37 42 565
38 42 565
39 42 565
40 42 565
41 42 565
30 43 566
31 43 566
32 43 566
33 43 566
34 43 566
35 43 566
36 43 566
37 43 566
38 43 566
39 43 566
40 43 566
41 43 566
30 44 567
31 44 567
32 44 567
33 44 567
34 44 567
35 44 567
36 44 567
37 44 567
38 44 567
39 44 567
40 44 567
41 44 567
30 45 568
31 45 568
32 45 568
33 45 568
34 45 568
35 45 568
36 45 568
37 45 568
38 45 568
39 45 568
40 45 568
41 45 568
30 46 569
31 46 569
32 46 569
33 46 569
34 46 569
35 46 569
36 46 569
37 46 569
38 46 569
39 46 569
40 46 569
41 46 569
30 47 570
31 47 570
32 47 570
33 47 570
34 47 570
35 47 570
36 47 570
37 47 570
38 47 570
39 47 570
40 47 570
41 47 570
30 42 571
31 42 571
32 42 571
33 42 571
34 42 571
35 42 571
36 42 571
37 42 571
38 42 571
39 42 571
40 42 571
41 42 571
30 43 572
31 43 572
32 43 572
33 43 572
34 43 572
35 43 572
36 43 572
37 43 572
38 43 572
39 43 572
40 43 572
41 43 572
30 44 573
31 44 573
32 44 573
33 44 573
34 44 573
35 44 573
36 44 573
37 44 573
38 44 573
39 44 573
40 44 573
41 44 573
30 45 574
31 45 574
32 45 574
33 45 574
34 45 574
35 45 574
36 45 574
37 45 574
38 45 574
39 45 574
40 45 574
41 45 574
30 46 575
31 46 575
32 46 575
33 46 575
34 46 575
35 46 575
36 46 575
37 46 575
38 46 575
39 46 575
40 46 575
41 46 575
30 47 576
31 47 576
32 47 576
33 47 576
34 47 576
35 47 576
36 47 576
37 47 576
38 47 576
39 47 576
40 47 576
41 47 576
30 42 577
31 42 577
32 42 577
33 42 577
34 42 577
35 42 577
36 42 577
37 42 577
38 42 577
39 42 577
40 42 577
41 42 577
30 43 578
31 43 578
32 43 578
33 43 578
34 43 578
35 43 578
36 43 578
37 43 578
38 43 578
39 43 578
40 43 578
41 43 578
30 44 579
31 44 579
32 44 579
33 44 579
34 44 579
35 44 579
36 44 579
37 44 579
38 44 579
39 44 579
40 44 579
41 44 579
30 45 580
31 45 580
32 45 580
33 45 580
34 45 580
35 45 580
36 45 580
37 45 580
38 45 580
39 45 580
40 45 580
41 45 580
30 46 581
31 46 581
32 46 581
33 46 581
34 46 581
35 46 581
36 46 581
37 46 581
38 46 581
39 46 581
40 46 581
41 46 581
30 47 582
31 47 582
32 47 582
33 47 582
34 47 582
35 47 582
36 47 582
37 47 582
38 47 582
39 47 582
40 47 582
41 47 582
30 42 583
31 42 583
32 42 583
33 42 583
34 42 583
35 42 583
36 42 583
37 42 583
38 42 583
39 42 583
40 42 583
41 42 583
30 43 584
31 43 584
32 43 584
33 43 584
34 43 584
35 43 584
36 43 584
37 43 584
38 43 584
39 43 584
40 43 584
41 43 584
30 44 585
31 44 585
32 44 585
33 44 585
34 44 585
35 44 585
36 44 585
37 44 585
38 44 585
39 44 585
40 44 585
41 44 585
30 45 586
31 45 586
32 45 586
33 45 586
34 45 586
35 45 586
36 45 586
37 45 586
38 45 586
39 45 586
40 45 586
41 45 586
30 46 587
31 46 587
32 46 587
33 46 587
34 46 587
35 46 587
36 46 587
37 46 587
38 46 587
39 46 587
40 46 587
41 46 587
30 47 588
31 47 588
32 47 588
33 47 588
34 47 588
35 47 588
36 47 588
37 47 588
38 47 588
39 47 588
40 47 588
41 47 588
30 42 589
31 42 589
32 42 589
33 42 589
34 42 589
35 42 589
36 42 589
37 42 589
38 42 589
39 42 589
40 42 589
41 42 589
30 43 590
31 43 590
32 43 590
33 43 590
34 43 590
35 43 590
36 43 590
37 43 590
38 43 590
39 43 590
40 43 590
41 43 590
30 44 591
31 44 591
32 44 591
33 44 591
34 44 591
35 44 591
36 44 591
37 44 591
38 44 591
39 44 591
40 44 591
41 44 591
30 45 592
31 45 592
32 45 592
33 45 592
34 45 592
35 45 592
36 45 592
37 45 592
38 45 592
39 45 592
40 45 592
41 45 592
30 46 593
31 46 593
32 46 593
33 46 593
34 46 593
35 46 593
36 46 593
37 46 593
38 46 593
39 46 593
40 46 593
41 46 593
30 47 594
31 47 594
32 47 594
33 47 594
34 47 594
35 47 594
36 47 594
37 47 594
38 47 594
39 47 594
40 47 594
41 47 594
