36 38 1
37 38 1
36 39 2
37 39 2
36 38 3
37 38 3
36 39 4
37 39 4
36 38 5
37 38 5
36 39 6
37 39 6
36 38 7
37 38 7
36 39 8
37 39 8
36 38 9
37 38 9
36 39 10
37 39 10
36 38 11
37 38 11
36 39 12
37 39 12
36 38 13
37 38 13
36 39 14
37 39 14
36 38 15
37 38 15
36 39 16
37 39 16
36 38 17
37 38 17
36 39 18
37 39 18
36 38 19
37 38 19
36 39 20
37 39 20
36 38 21
37 38 21
36 39 22
37 39 22
36 38 23
37 38 23
36 39 24
37 39 24
36 38 25
37 38 25
36 39 26
37 39 26
36 38 27
37 38 27
36 39 28
37 39 28
36 38 29
37 38 29
36 39 30
37 39 30
36 38 31
37 38 31
36 39 32
37 39 32
36 38 33
37 38 33
36 39 34
37 39 34
36 38 35
37 38 35
36 39 36
37 39 36
36 38 37
37 38 37
36 39 38
37 39 38
36 38 39
37 38 39
36 39 40
37 39 40
36 38 41
37 38 41
36 39 42
37 39 42
36 38 43
37 38 43
36 39 44
37 39 44
36 38 45
37 38 45
36 39 46
37 39 46
36 38 47
37 38 47
36 39 48
37 39 48
